1600 4500
2 454
2 383
2 104
2 160
1 373
2 425
2 566
1 624
1 585
1 687
1 432
1 17
2 358
2 31
2 587
1 679
2 20
1 398
2 183
2 423
1 2
2 431
2 150
1 354
1 668
1 309
1 92
1 789
1 700
2 291
1 693
1 238
2 689
1 705
1 502
1 184
1 526
2 699
2 102
2 433
2 724
1 346
1 91
1 547
2 145
2 312
1 283
2 614
2 396
2 588
1 703
1 614
1 695
2 628
2 103
2 196
2 785
2 4
1 403
2 762
2 595
1 467
2 522
2 285
2 370
1 189
2 149
2 263
1 460
2 589
1 261
1 21
2 260
2 665
2 21
2 478
2 386
2 110
1 694
2 629
2 84
2 277
2 274
2 710
1 592
1 164
2 214
1 638
1 226
1 571
1 707
2 656
1 140
1 675
1 776
2 494
2 765
2 489
2 101
1 204
2 346
1 737
2 143
1 491
2 408
2 86
2 495
1 461
2 563
1 218
1 339
2 520
2 445
2 186
2 420
2 56
2 788
1 588
2 96
2 586
1 738
1 673
1 580
2 363
2 165
2 257
1 37
1 275
2 550
2 534
1 81
2 714
1 280
1 411
1 448
1 335
2 418
1 386
1 569
1 36
2 660
2 620
1 469
2 210
1 385
1 463
2 465
1 65
2 723
2 680
2 462
2 345
2 184
2 287
2 209
1 33
2 377
1 734
1 114
2 576
1 581
1 200
1 230
2 721
2 2
1 334
2 370
1 364
1 362
1 44
1 271
2 135
2 88
1 688
1 59
2 541
1 756
2 566
2 168
1 340
2 426
1 745
1 207
1 591
1 74
1 582
1 441
2 630
2 222
2 602
2 639
2 65
1 126
1 631
1 768
2 331
2 241
2 447
2 791
1 145
2 22
1 42
1 682
2 448
2 319
1 118
2 597
2 615
1 544
2 351
1 153
2 518
2 663
2 447
2 83
2 195
1 11
2 538
2 475
2 641
1 34
2 586
1 24
1 233
1 536
1 76
2 37
1 28
2 382
2 790
1 512
2 189
1 338
2 69
1 3
2 570
1 513
2 380
2 129
1 315
1 653
2 633
1 486
1 473
2 612
2 649
2 529
2 578
2 519
1 266
2 23
2 103
2 796
2 460
1 722
1 254
1 484
2 388
2 541
2 227
1 77
2 209
2 262
1 742
1 228
1 781
2 421
1 537
2 257
1 401
2 181
1 677
2 188
1 713
2 527
1 717
2 601
2 468
1 500
2 461
1 790
2 709
2 157
2 757
1 769
1 204
1 416
2 67
2 290
2 528
1 187
1 793
2 348
1 166
1 799
1 211
2 126
1 302
2 623
1 404
2 372
1 622
1 690
1 476
2 780
1 674
2 648
1 453
1 533
1 190
2 478
1 17
2 45
1 251
1 161
1 741
1 345
2 590
2 372
2 333
2 219
2 391
1 487
2 326
1 546
1 701
1 122
1 446
1 52
2 169
1 360
1 670
2 109
1 380
2 121
1 667
1 68
2 313
2 8
1 739
1 399
1 561
1 654
1 119
1 202
1 51
2 443
2 293
1 96
2 725
1 727
2 493
2 743
2 160
2 89
2 702
1 592
1 675
2 442
1 527
2 594
2 328
1 288
1 304
1 469
2 487
1 710
2 454
2 551
2 133
2 52
1 355
2 647
2 373
2 6
2 546
2 627
1 323
1 466
2 518
1 192
2 464
2 201
1 392
1 272
2 774
1 740
1 558
1 545
1 422
1 226
2 782
2 414
1 223
2 761
1 510
1 350
1 616
1 559
2 305
2 777
1 725
2 794
1 751
2 486
1 361
2 379
2 285
2 557
1 284
2 642
1 289
2 379
1 124
1 178
1 270
1 59
2 202
2 324
1 7
2 402
1 549
1 409
1 483
1 789
2 560
1 441
2 704
2 251
1 253
1 612
1 16
1 466
2 292
1 215
2 384
2 640
2 651
2 436
1 85
2 312
2 281
1 452
2 753
1 519
1 651
1 309
1 144
2 252
2 600
1 736
2 425
2 284
1 499
1 18
2 703
1 213
2 766
2 644
2 23
2 440
2 46
1 356
2 762
1 87
1 48
2 755
1 473
2 662
1 89
1 716
1 708
1 611
2 720
1 407
2 362
2 554
1 157
2 480
1 136
1 14
2 240
2 504
1 665
2 162
2 403
2 9
1 625
1 298
1 71
1 655
2 695
1 182
2 299
2 576
2 378
1 186
2 282
2 113
2 692
1 141
2 440
2 417
2 682
1 106
2 40
1 100
2 22
2 683
2 69
1 597
2 352
2 203
1 601
1 578
1 110
2 533
1 770
1 105
1 394
1 788
1 606
2 182
1 90
1 174
2 235
1 712
2 187
2 252
2 797
2 241
2 239
2 786
1 676
1 589
1 316
2 212
1 577
1 381
1 146
2 377
1 412
1 622
1 308
1 613
2 57
2 158
1 723
1 14
1 266
1 235
1 165
1 1
2 212
1 501
1 544
2 193
2 555
2 194
2 353
2 271
1 699
2 128
1 316
2 172
1 29
2 60
2 221
2 90
2 517
1 708
1 571
1 526
2 472
2 511
1 300
1 94
2 485
2 80
2 58
1 618
2 513
1 548
1 783
1 132
1 492
2 504
2 686
2 653
1 79
1 54
2 603
1 568
1 664
2 146
2 634
2 112
2 51
2 136
1 296
2 509
2 27
1 381
2 529
2 465
2 590
2 267
1 596
2 732
2 216
1 43
1 295
1 643
2 5
2 199
1 382
2 208
2 128
1 135
1 502
1 183
2 594
1 292
1 53
2 389
2 254
2 791
2 281
1 573
2 796
1 494
1 24
2 325
1 233
2 41
1 75
2 750
1 781
2 672
2 369
2 294
2 488
1 607
2 792
2 127
1 19
1 351
1 515
1 31
2 117
1 280
1 549
1 260
1 130
2 333
2 144
2 245
1 399
2 15
2 123
2 242
2 443
2 537
1 470
2 322
1 506
2 116
2 637
2 32
1 678
2 244
2 1
1 645
2 593
1 318
1 706
2 33
2 171
2 352
2 753
2 371
1 647
2 180
2 42
1 773
1 412
1 12
1 147
2 600
2 570
2 435
1 644
2 415
2 689
2 214
2 547
1 659
2 321
1 786
1 437
1 30
2 580
2 617
2 572
1 430
1 672
2 311
1 314
1 357
2 255
1 583
1 749
1 78
2 479
1 114
1 595
2 111
2 93
2 709
1 203
1 317
2 148
1 398
2 531
2 374
1 459
2 62
1 582
1 130
1 383
1 247
1 470
1 700
1 337
2 16
2 95
1 278
1 593
1 568
2 553
1 168
2 528
1 468
1 169
2 657
1 596
2 483
1 452
1 336
2 604
2 66
2 320
2 728
1 652
2 655
2 256
2 438
2 356
1 458
2 711
2 170
1 159
2 759
1 80
1 684
2 661
1 259
1 56
1 560
1 632
2 102
2 797
2 9
2 27
2 609
1 193
1 515
1 564
2 237
2 432
2 390
1 405
1 658
1 531
1 706
1 322
1 30
1 76
2 18
2 40
2 238
1 122
2 354
1 239
1 8
1 95
1 598
2 58
2 368
2 155
2 140
2 229
1 134
1 222
2 584
2 396
1 159
1 283
1 734
1 530
1 424
1 385
1 787
1 119
2 793
1 428
1 256
1 731
2 534
1 310
2 359
2 265
2 629
2 512
2 38
2 268
2 253
1 784
2 654
2 268
2 375
2 664
1 649
2 175
1 516
1 224
1 305
1 610
2 724
2 179
1 657
2 559
1 621
1 246
2 295
2 435
2 35
2 752
1 771
1 510
2 779
2 496
1 430
1 107
1 355
1 623
2 231
1 670
2 100
2 152
1 406
1 758
1 63
1 738
2 772
1 493
2 314
2 771
1 676
1 170
1 439
1 121
2 743
2 368
2 727
2 198
1 234
1 337
2 449
2 666
1 669
1 748
1 177
2 392
2 5
1 163
2 137
1 49
2 82
2 115
2 745
2 490
2 297
1 419
2 223
2 343
1 517
2 453
1 336
1 85
2 81
1 574
1 434
1 206
1 416
2 539
1 366
2 307
2 474
2 112
2 522
1 698
1 395
1 624
2 782
1 733
2 715
2 507
2 113
2 778
2 621
1 190
2 671
1 520
1 626
2 207
1 341
2 185
2 296
1 38
1 282
2 429
1 61
1 774
1 606
1 49
1 726
1 599
2 584
1 273
1 525
2 575
1 397
1 246
1 579
2 608
1 712
1 349
2 674
1 141
2 413
2 359
2 456
1 77
1 673
1 329
1 720
1 666
1 542
2 63
1 697
1 739
2 508
1 99
1 72
1 523
1 607
2 457
1 424
2 236
1 618
1 306
1 220
1 652
2 688
2 175
1 800
2 779
2 767
2 599
1 552
1 663
2 668
1 562
2 463
1 563
2 474
2 542
1 47
2 660
1 495
2 367
2 116
2 171
2 400
2 602
1 685
2 632
2 671
2 94
1 191
1 154
2 78
1 349
2 643
1 795
1 530
1 678
2 224
2 787
2 72
2 229
1 331
2 471
1 717
1 376
2 488
1 153
2 244
1 439
1 760
1 800
2 741
1 509
2 683
1 73
2 338
1 521
2 523
2 263
1 10
1 20
1 604
1 692
1 565
2 289
2 418
1 197
2 109
1 13
1 151
1 732
2 503
1 583
1 427
2 716
2 342
2 155
2 221
1 721
2 105
2 740
2 773
1 628
1 19
2 41
2 279
2 249
2 410
2 194
1 400
2 497
2 481
1 455
2 524
2 247
1 7
2 318
2 535
1 633
1 481
2 410
1 390
2 446
2 764
1 353
2 151
2 276
2 638
2 68
2 343
1 371
1 795
2 768
2 64
2 766
1 619
2 167
1 648
2 428
1 501
2 401
2 225
1 264
1 395
1 444
2 744
2 216
2 567
1 492
2 475
1 270
2 36
2 480
1 108
1 661
2 218
2 300
2 464
2 393
1 646
2 775
2 139
2 347
2 231
1 505
1 548
1 286
1 92
1 330
1 164
2 227
1 389
1 29
1 332
1 154
1 97
1 761
2 240
2 431
1 288
1 129
1 3
1 180
2 84
2 139
2 500
1 605
2 581
1 681
2 364
2 719
1 750
1 299
2 178
2 150
2 196
2 340
1 503
2 684
2 101
2 640
2 677
1 535
1 279
2 691
2 82
2 62
2 620
2 635
1 635
1 608
1 228
2 538
1 511
1 258
2 552
1 694
1 718
2 294
1 131
1 64
2 704
2 34
2 637
1 32
1 444
1 172
2 54
1 46
2 749
2 108
2 243
2 636
2 269
2 70
1 667
2 445
2 476
1 722
2 131
1 737
1 242
2 426
1 765
2 201
2 625
1 43
2 579
1 794
2 308
2 303
1 347
1 702
2 540
1 120
2 177
1 48
1 748
2 215
2 567
2 13
2 719
2 327
1 323
1 585
1 376
2 262
1 67
1 75
1 98
1 484
2 685
1 730
2 645
1 730
1 491
1 83
1 587
1 543
1 127
1 543
2 319
2 293
2 205
2 792
2 659
1 245
2 91
1 199
2 156
2 394
2 763
1 777
2 88
2 539
1 87
2 626
1 237
2 442
2 679
1 191
1 498
1 406
1 524
2 163
1 757
2 179
2 339
1 613
1 742
1 50
2 747
1 321
2 438
2 198
2 451
1 799
2 267
2 205
1 61
2 158
1 248
2 137
2 344
2 71
1 138
1 735
2 66
2 70
1 423
2 545
2 505
2 615
2 315
2 507
2 174
2 798
2 540
1 726
1 211
2 213
1 6
2 330
2 409
1 456
1 35
2 650
2 405
1 192
2 691
2 457
1 772
2 250
2 696
2 429
2 485
1 185
1 631
1 532
2 574
2 609
2 467
2 138
1 15
1 361
2 611
1 206
2 471
1 785
1 516
1 763
1 148
2 711
2 26
2 302
2 273
2 124
1 434
1 118
1 557
2 274
2 751
2 686
2 770
2 728
2 55
1 532
2 367
2 328
1 365
1 698
2 556
1 421
1 658
2 767
1 350
1 363
1 450
1 744
1 610
1 553
2 334
2 402
1 232
2 776
1 746
1 243
1 324
1 225
1 514
2 565
1 554
1 10
2 605
1 697
2 391
2 756
2 764
1 123
2 303
2 25
2 755
1 79
1 298
2 25
1 220
1 397
2 746
1 536
1 250
1 11
2 286
1 104
2 729
1 107
1 306
1 310
2 636
1 558
1 436
2 387
1 747
2 508
2 47
2 278
2 365
1 451
2 301
1 276
1 525
1 701
2 230
2 759
1 573
1 106
2 693
1 26
1 760
2 639
2 28
2 317
1 572
2 714
1 422
1 603
2 731
2 387
2 420
2 690
2 780
2 564
1 50
2 630
2 497
2 499
2 60
2 591
2 687
2 758
2 498
1 73
1 249
1 117
2 413
2 729
2 449
2 669
1 598
2 74
2 152
1 142
1 167
1 111
1 115
2 798
2 650
2 348
2 555
2 304
2 617
1 616
2 125
1 133
2 166
1 521
1 97
1 142
1 264
1 93
1 311
1 477
2 53
1 369
2 39
1 662
2 156
1 455
2 641
1 277
1 173
2 634
1 577
2 417
1 261
1 556
1 99
2 134
2 419
1 327
2 342
1 458
2 642
2 783
1 162
1 769
2 627
1 411
1 125
1 234
2 404
2 736
1 477
1 287
1 450
1 291
1 39
1 550
1 415
2 388
1 45
2 775
1 313
1 12
2 176
2 147
1 297
1 320
2 57
1 275
1 366
1 259
2 551
2 754
1 4
1 496
2 575
1 290
2 255
1 718
1 407
1 143
2 784
1 681
1 459
1 482
2 344
1 489
1 329
2 427
2 656
2 325
2 269
1 569
1 326
2 479
2 120
2 132
2 98
2 378
1 161
1 619
1 208
1 506
2 374
2 197
1 707
2 176
2 210
1 733
1 360
1 248
1 490
1 414
2 301
2 44
2 696
1 735
1 393
1 358
1 375
2 408
2 713
1 472
1 236
1 149
1 217
2 188
1 680
2 562
2 754
2 258
1 217
2 514
2 219
2 357
2 462
2 307
1 778
1 433
1 715
2 195
1 335
2 232
1 705
1 561
1 200
2 341
1 86
2 437
1 55
2 384
2 265
1 332
1 181
2 173
2 752
1 646
2 272
1 482
