1600 2500
2 797
1 81
1 374
2 429
1 775
1 504
2 264
2 566
1 123
2 600
1 437
2 256
2 72
1 347
2 651
2 745
2 138
1 575
1 131
2 498
1 441
1 184
1 703
2 493
1 620
2 688
1 734
2 187
1 300
2 75
1 569
1 43
2 152
1 551
2 270
2 571
2 682
1 389
1 715
1 165
2 566
2 36
2 51
1 732
2 535
2 486
1 534
2 463
2 413
1 29
2 784
1 291
1 754
1 684
2 326
2 546
2 151
1 25
1 304
2 193
1 86
1 27
2 674
1 373
2 611
2 343
2 682
1 381
1 64
2 383
2 768
1 777
2 118
2 474
1 71
1 610
2 224
2 592
1 7
2 41
2 292
2 754
2 603
2 69
2 584
1 139
1 705
1 513
1 210
1 696
1 366
2 395
2 268
1 164
1 393
2 662
2 16
1 285
1 769
1 31
1 468
2 254
1 136
2 285
2 781
2 673
2 521
1 161
1 664
2 428
1 19
1 9
2 387
2 563
2 762
1 91
2 553
2 24
2 186
2 563
1 252
2 714
1 1
1 665
2 560
1 491
1 232
1 207
1 287
1 539
1 448
1 39
1 416
2 511
2 683
1 689
2 591
2 402
1 541
2 10
1 320
1 709
2 470
2 281
2 167
1 380
2 775
2 465
1 169
2 593
1 686
2 338
1 174
2 540
1 671
2 462
1 23
2 137
2 463
2 149
1 443
1 101
1 733
1 517
1 673
1 512
2 95
1 462
2 495
2 70
2 460
1 444
2 678
1 748
2 360
2 782
2 82
1 230
2 417
2 198
2 166
2 687
1 125
2 785
1 488
2 430
1 136
1 102
2 579
2 625
1 741
2 190
2 565
1 151
1 588
2 725
1 779
2 457
1 491
2 111
2 31
2 573
2 393
1 777
1 455
1 732
2 115
1 694
1 431
2 375
1 114
2 506
2 567
2 96
1 26
2 426
2 607
1 64
1 642
1 525
1 48
1 616
1 668
1 767
2 622
1 117
1 63
1 349
1 154
2 238
1 636
2 298
2 231
2 205
1 783
2 772
2 266
2 763
2 389
2 377
1 155
2 745
1 601
1 683
2 62
1 357
1 481
2 713
2 595
1 79
2 349
2 307
2 260
1 637
1 660
2 243
2 346
1 492
1 573
2 134
2 800
1 58
1 365
1 489
1 208
2 442
2 447
1 182
2 523
1 70
2 28
1 74
1 497
1 414
2 597
1 388
1 400
2 165
2 81
2 414
2 110
1 319
2 733
1 583
2 346
2 555
2 399
2 761
1 20
1 188
2 487
1 296
1 210
2 503
2 418
1 430
2 758
2 453
1 14
2 206
1 61
1 279
2 774
2 635
2 52
2 798
2 746
2 67
2 789
2 570
1 186
1 396
1 436
1 547
2 709
1 37
2 14
2 652
2 428
1 370
1 735
2 332
2 33
1 55
2 394
2 624
1 359
1 543
2 233
1 649
2 222
2 508
2 318
1 605
1 226
2 238
2 156
1 484
1 92
1 717
1 681
1 302
2 730
1 13
2 600
2 498
1 634
2 713
2 112
1 702
1 760
1 91
2 359
2 34
1 32
1 197
1 213
2 647
2 255
1 138
1 123
2 704
2 354
2 684
1 675
1 587
2 577
2 590
2 609
2 765
2 327
2 135
2 540
2 153
1 505
2 594
1 456
2 560
2 100
1 604
1 376
1 677
1 68
1 334
2 652
1 331
2 171
2 121
2 478
2 335
2 708
2 665
1 295
2 776
2 66
2 27
1 54
2 568
2 747
2 478
2 434
1 163
2 275
1 590
1 666
2 451
2 108
2 270
2 218
2 209
1 715
1 229
1 361
1 467
2 674
1 67
2 286
1 761
1 641
2 83
2 388
2 5
1 701
2 154
1 56
2 280
1 459
1 450
2 559
2 9
1 429
2 244
1 382
2 246
1 661
2 458
2 796
1 620
1 432
1 554
2 242
1 221
1 692
1 212
1 669
1 640
2 108
1 276
2 551
2 401
2 479
2 696
1 757
2 610
2 282
2 372
2 365
1 427
2 194
2 140
1 368
2 97
2 425
1 500
2 424
1 159
1 148
2 593
2 788
1 631
2 294
1 240
1 383
2 211
1 201
1 529
2 599
2 78
1 5
2 619
2 675
2 627
1 68
1 278
1 699
1 736
2 177
1 602
2 520
1 253
2 711
2 53
1 289
2 459
1 265
2 725
1 35
2 427
1 716
1 625
1 339
1 107
1 565
1 613
1 62
1 54
1 559
2 597
2 392
1 321
2 481
2 394
1 779
1 161
2 649
1 142
2 586
1 295
2 482
1 483
1 689
2 320
2 766
1 287
2 245
1 744
2 273
2 146
1 505
2 469
1 549
2 562
1 724
1 163
2 6
1 538
2 449
2 411
2 162
2 247
1 46
2 370
2 400
1 793
2 499
2 184
1 588
1 344
1 282
1 510
1 608
2 213
1 548
1 76
1 727
2 386
2 632
2 109
2 128
1 409
2 642
1 687
2 284
1 390
2 701
2 63
2 694
1 140
2 103
1 147
2 752
1 228
2 10
2 351
2 595
2 464
2 458
1 262
1 77
1 586
1 771
1 261
1 785
2 352
1 781
2 142
2 189
1 232
2 46
1 369
2 553
2 183
2 192
1 96
1 152
1 106
1 1
2 244
2 638
1 712
1 364
2 395
1 692
2 577
2 614
2 545
2 711
2 476
1 415
2 654
1 561
1 272
1 45
1 33
1 490
1 212
1 322
2 776
1 47
1 635
2 104
2 787
2 765
1 731
1 131
1 404
2 83
2 443
1 773
1 150
2 487
2 217
1 697
1 196
1 240
2 515
1 722
2 650
2 247
1 533
2 248
1 749
1 4
2 432
2 284
1 215
2 494
2 686
2 218
1 738
1 43
1 535
1 533
1 160
1 409
1 129
1 360
1 718
2 799
2 425
2 518
2 794
2 580
1 201
1 310
2 49
1 398
1 18
2 704
2 18
1 227
2 629
2 369
1 230
1 616
1 309
2 799
2 403
2 790
2 85
2 170
2 29
1 685
1 206
1 155
2 40
2 141
1 492
2 160
1 195
2 656
2 134
1 452
2 311
2 2
2 372
2 583
2 512
1 755
1 418
2 347
1 730
1 391
1 269
1 589
2 612
2 216
2 419
2 710
2 145
1 663
1 690
2 174
2 8
1 179
2 281
1 397
2 737
1 641
1 146
1 644
1 234
2 538
2 115
1 457
2 456
1 185
2 199
2 124
1 199
1 36
2 147
2 519
2 518
2 41
2 422
1 150
1 657
1 312
2 203
1 460
2 149
2 516
2 744
1 297
2 423
1 241
2 627
1 529
1 139
1 475
2 311
1 574
1 534
1 315
2 578
1 203
1 23
2 628
1 202
2 466
1 170
1 792
1 544
2 562
2 103
2 342
1 453
1 7
1 623
2 629
2 289
1 622
2 454
2 225
2 50
1 729
2 236
2 544
2 671
1 117
1 239
1 354
1 556
1 58
1 306
1 759
1 373
2 659
1 480
1 421
2 488
2 778
2 316
1 496
2 113
2 251
1 75
1 200
1 693
2 698
1 241
2 415
1 254
1 539
2 532
2 702
2 791
1 397
1 94
1 166
1 99
2 191
1 379
1 362
2 734
1 323
1 141
2 173
1 547
1 205
1 497
2 317
1 477
2 466
1 384
1 524
1 55
2 786
2 135
2 558
1 324
2 770
2 412
2 417
2 719
1 95
1 229
1 472
1 419
2 516
2 106
1 751
2 288
2 353
1 37
1 550
2 324
1 751
1 667
2 490
1 92
1 494
1 57
2 271
2 228
2 614
2 404
2 293
2 613
1 35
2 180
1 710
1 200
2 506
2 94
2 171
2 509
1 337
1 271
2 630
2 17
1 275
2 757
2 351
2 576
2 666
1 476
1 795
1 313
2 542
2 73
2 532
2 190
2 308
1 226
2 473
2 188
2 323
2 363
2 536
2 567
2 280
2 626
1 381
1 602
2 489
2 45
1 691
1 398
1 509
2 402
2 309
2 705
1 333
1 647
2 482
1 408
1 50
2 367
1 127
2 328
2 378
2 796
1 653
2 735
2 617
1 76
1 688
2 606
1 304
1 30
2 615
2 328
2 708
1 358
1 564
2 274
1 793
2 121
2 380
2 371
2 204
2 423
2 16
2 243
2 731
2 231
2 655
1 268
2 396
2 656
2 624
2 420
2 15
1 679
2 413
2 15
2 632
2 658
1 348
1 598
1 193
2 455
1 768
2 336
2 545
1 669
1 65
2 317
1 89
1 130
1 767
1 93
2 385
2 265
2 313
1 267
2 633
2 479
1 483
1 266
1 176
1 461
2 680
2 348
2 716
1 434
1 660
1 605
1 65
2 714
2 169
2 264
1 634
1 250
2 126
2 571
2 148
2 11
1 439
2 639
1 436
1 771
2 162
1 315
2 258
2 345
1 116
1 557
2 379
1 646
1 568
1 124
2 778
1 204
1 651
2 794
2 643
2 484
1 695
1 88
2 570
1 236
2 747
2 550
2 663
1 211
2 721
1 554
2 128
2 548
2 335
1 97
1 57
1 537
2 111
2 749
1 721
1 762
2 579
2 305
2 306
1 74
2 440
2 405
2 786
2 331
1 514
1 222
1 316
1 355
2 788
2 168
2 274
1 59
1 543
1 21
1 49
2 603
1 440
1 728
2 168
2 26
1 510
2 72
1 517
1 789
2 153
2 366
1 327
2 350
2 80
1 426
1 527
2 523
1 371
1 662
2 44
1 214
2 742
1 288
1 164
2 183
1 740
1 572
1 780
2 60
1 699
2 399
1 618
2 743
2 263
2 116
2 8
2 659
1 112
2 508
2 643
2 723
2 177
1 13
2 178
2 192
2 176
1 182
1 703
2 585
2 198
1 303
2 465
2 105
1 549
1 706
2 158
1 78
2 617
2 303
1 385
2 561
1 259
2 485
2 129
1 531
1 407
1 336
1 773
1 337
1 557
2 61
1 239
2 750
1 173
2 257
2 608
1 12
2 750
1 655
2 623
2 763
1 502
2 217
1 301
1 746
1 661
2 66
2 59
1 179
2 637
1 258
2 451
1 486
2 501
2 542
1 290
1 255
1 90
2 569
1 759
1 524
2 530
1 764
2 500
2 325
2 606
2 598
1 11
2 80
2 546
1 356
1 69
1 93
1 158
1 670
2 253
2 25
2 679
2 584
1 219
2 697
2 690
2 653
1 71
1 469
2 574
2 143
1 633
1 375
2 219
2 783
1 756
2 578
1 758
2 52
1 307
2 726
1 21
1 376
1 448
2 787
2 609
2 654
1 110
1 263
1 248
2 471
1 100
2 341
1 4
1 278
1 511
2 297
1 527
2 737
2 474
2 717
1 294
2 382
2 531
2 575
2 343
1 132
1 53
1 341
1 792
2 587
2 446
2 782
2 795
1 449
2 132
2 202
2 612
1 73
2 729
2 558
1 227
2 740
2 668
2 626
1 40
2 700
2 753
2 342
1 507
1 493
2 756
1 408
1 374
2 753
2 352
2 706
1 237
1 20
2 599
1 187
1 525
1 250
2 208
2 325
1 355
1 445
1 302
1 214
2 764
1 467
1 645
2 739
2 104
1 437
2 585
1 305
2 334
2 298
2 596
2 178
2 431
2 644
1 310
2 384
2 350
1 144
1 137
1 257
2 300
2 581
1 237
1 581
2 195
2 631
1 77
2 12
1 628
1 34
1 515
2 2
2 726
2 90
2 98
2 47
2 680
1 283
1 48
2 87
2 22
2 223
2 127
2 501
1 156
2 648
1 172
1 321
1 269
2 770
2 364
2 357
2 685
1 99
1 296
2 410
2 273
2 262
2 367
2 267
1 118
2 601
1 526
2 85
2 314
1 741
2 6
2 28
2 105
1 276
1 454
1 249
2 537
2 301
2 607
2 438
1 332
1 464
1 798
1 790
1 411
1 368
1 576
2 452
2 42
1 672
2 604
2 564
1 3
1 363
1 377
1 772
1 88
2 87
1 119
2 89
2 125
2 724
1 416
2 514
2 618
2 621
2 774
1 468
1 555
1 503
2 326
1 344
2 191
2 120
2 167
1 698
1 752
2 640
1 51
2 322
1 329
1 235
2 114
2 695
1 499
1 338
1 291
2 329
2 44
1 340
1 541
1 748
2 648
1 356
2 442
1 720
2 403
2 691
2 261
2 353
1 504
1 181
2 318
1 678
2 406
1 446
1 513
2 122
1 299
2 471
1 277
2 234
2 144
2 107
1 225
2 526
2 742
2 84
2 646
2 444
2 424
2 485
1 712
2 719
1 760
2 433
2 723
2 461
2 362
2 277
2 707
1 120
1 718
2 720
1 84
2 594
1 272
1 727
2 507
2 220
2 621
2 102
2 596
1 676
1 619
2 439
1 180
1 378
1 582
1 401
1 86
1 477
2 79
1 145
2 522
2 520
1 246
2 528
2 223
2 672
2 445
1 109
1 308
2 122
2 700
1 60
1 755
2 220
2 784
1 133
2 42
2 224
1 32
2 22
2 664
1 591
2 412
1 630
1 743
1 330
2 38
1 519
2 592
2 693
1 251
1 39
1 441
1 293
1 194
1 143
2 24
2 589
1 17
2 650
1 473
2 175
2 407
2 345
2 283
2 435
1 391
1 472
1 197
2 435
1 728
1 207
2 677
1 235
2 552
1 580
2 736
1 450
1 502
2 260
2 119
2 420
2 390
2 722
2 330
1 528
2 181
2 172
2 552
2 480
2 256
2 638
2 615
2 56
2 233
2 252
1 361
1 387
2 157
2 159
2 582
1 670
2 780
2 19
2 667
2 30
1 475
2 495
1 422
2 113
2 175
1 339
2 209
2 189
1 286
1 249
1 292
2 340
2 221
1 196
1 386
2 766
1 769
1 433
2 536
1 319
2 279
2 299
1 406
1 530
2 242
2 611
1 556
2 98
1 130
2 333
2 421
1 738
2 245
2 636
2 3
2 707
2 800
2 157
2 82
2 101
2 410
2 185
2 438
1 358
1 314
2 522
1 38
2 126
1 215
2 259
1 470
1 797
2 645
2 791
1 676
1 658
1 290
1 639
2 572
1 312
1 681
2 657
2 216
1 739
2 521
1 133
2 447
1 392
1 405
1 496
