1100 1500
1 79
2 249
1 129
1 117
2 420
1 298
2 236
2 154
2 302
1 533
2 103
1 367
1 327
2 68
1 292
2 290
2 132
2 48
2 58
1 70
1 311
2 407
2 266
2 154
1 368
2 290
1 325
1 350
2 28
1 463
1 546
1 5
2 536
2 220
2 49
1 419
1 22
1 462
2 30
1 81
2 478
1 202
1 189
2 475
1 215
1 418
2 25
2 487
2 23
1 164
1 160
1 126
1 275
2 516
2 213
2 183
2 127
1 58
1 164
1 231
1 468
1 250
2 14
2 253
2 257
1 9
2 346
2 389
1 22
1 469
1 156
1 244
1 532
1 507
1 85
2 70
1 392
2 12
2 163
1 102
1 210
2 170
1 549
2 252
1 355
1 445
2 186
1 466
2 141
1 427
2 77
2 245
2 230
2 285
1 492
2 408
1 249
2 88
1 110
2 542
2 222
2 66
2 12
2 409
1 396
1 550
2 400
1 52
2 189
2 495
2 229
2 390
1 111
2 478
2 297
2 161
1 273
2 101
1 78
1 102
1 130
1 387
2 429
2 127
1 300
1 376
2 527
1 10
1 233
2 42
2 173
2 223
1 150
2 547
2 17
2 218
2 126
2 121
1 125
2 113
1 412
1 515
1 491
2 470
2 430
1 341
1 331
2 25
2 440
1 284
1 421
1 444
2 418
2 18
1 500
1 82
2 133
2 304
2 404
2 24
1 228
2 61
1 314
2 523
2 423
1 241
1 330
1 260
2 360
2 437
1 315
2 402
2 471
2 53
2 267
2 175
1 409
1 396
1 261
2 181
2 408
1 370
2 228
2 138
1 225
2 90
1 166
1 119
1 143
1 208
1 287
1 452
1 377
2 163
1 321
2 65
2 221
2 528
1 60
2 202
1 137
1 26
1 426
2 400
1 434
1 360
2 345
2 512
2 120
1 411
1 450
1 416
2 320
2 142
2 218
1 505
2 204
2 200
1 97
2 391
2 198
1 293
2 256
1 380
2 75
1 283
1 272
2 410
1 59
2 206
2 270
1 324
1 519
1 374
1 1
2 393
1 482
1 485
2 23
1 315
1 385
2 305
2 122
1 485
1 312
2 252
1 316
2 33
1 281
2 444
2 343
2 465
1 382
2 362
1 426
1 506
2 472
2 29
1 95
2 105
2 195
1 61
1 349
1 520
1 301
1 216
2 419
1 191
2 279
2 112
1 337
2 80
2 465
1 11
2 454
1 340
1 162
1 193
1 136
1 165
2 167
2 371
1 300
1 544
1 174
2 247
2 438
2 345
1 504
1 486
1 89
2 402
2 264
2 328
1 203
1 387
2 253
1 273
2 152
2 294
1 488
2 204
1 194
1 178
1 3
1 262
2 350
1 157
2 144
1 239
1 508
2 101
2 518
1 362
2 511
1 417
1 487
1 313
2 74
1 359
1 532
2 76
2 136
2 263
1 56
2 401
1 67
2 526
2 351
1 69
2 217
1 336
1 57
1 429
1 437
2 302
2 93
2 41
2 398
1 32
2 5
2 424
1 395
1 501
1 211
1 317
2 77
1 455
1 8
1 380
1 361
1 149
2 86
2 98
2 83
2 364
1 493
2 297
2 172
2 328
1 506
2 242
1 365
2 308
2 62
1 169
1 50
1 115
2 399
2 493
2 147
2 382
1 548
1 185
2 15
2 130
2 305
2 425
2 90
2 280
2 162
1 388
2 498
1 540
2 351
2 535
2 527
2 176
1 483
2 237
1 35
2 113
2 460
1 104
1 155
2 369
2 543
1 201
1 33
1 7
1 394
2 451
2 183
2 187
2 65
2 213
2 96
1 152
2 274
2 513
2 447
2 416
2 435
1 298
1 288
2 501
2 265
2 17
1 467
1 389
2 379
2 98
1 67
2 539
2 212
1 500
2 348
1 443
1 176
1 397
1 85
1 39
1 234
2 486
2 180
1 421
2 240
2 356
2 366
2 357
2 531
2 438
1 431
2 277
1 284
2 292
1 237
2 93
2 459
1 488
1 268
2 307
2 407
2 174
1 21
1 299
1 398
2 15
1 431
1 222
2 333
1 259
2 270
1 214
2 254
2 37
1 499
2 522
2 335
2 59
1 338
1 200
2 393
1 278
2 373
1 448
1 182
2 285
1 250
2 111
2 94
1 276
1 49
1 427
1 28
1 129
2 529
1 87
2 469
1 436
2 278
2 411
1 326
2 181
1 490
1 64
2 289
1 121
2 265
1 36
1 376
1 193
2 361
1 118
2 395
2 51
2 436
2 329
2 536
1 24
1 439
1 359
2 394
2 303
1 195
2 267
2 43
2 91
1 272
2 50
1 539
1 100
1 238
1 358
1 348
1 263
2 535
2 159
1 175
2 442
2 330
1 73
1 215
1 287
2 210
1 251
2 441
1 296
1 481
2 203
2 232
2 401
2 528
2 161
1 271
1 457
1 353
1 341
1 505
1 35
1 514
2 440
2 109
2 306
2 544
1 264
2 205
2 369
2 352
1 355
1 118
1 449
2 529
2 446
2 321
1 199
1 456
1 72
1 490
1 134
2 178
2 44
1 51
2 304
2 6
1 48
2 53
2 397
1 91
2 319
2 2
1 205
1 29
1 547
2 94
1 417
1 107
1 457
1 289
1 354
1 64
1 122
2 281
2 405
2 219
2 86
1 153
1 182
1 155
2 314
2 509
2 258
2 377
2 196
2 259
1 76
1 346
1 73
2 378
1 20
1 241
2 461
2 40
1 422
1 11
1 517
1 331
2 229
1 168
2 143
1 43
2 137
2 190
1 406
1 223
2 456
2 192
1 138
1 548
2 320
2 461
1 8
1 433
1 4
2 95
2 38
2 34
1 226
1 21
2 170
1 464
2 45
2 526
2 513
2 235
2 38
1 277
2 116
1 428
1 221
2 521
1 432
2 2
2 484
2 20
2 453
2 27
2 523
2 459
2 262
2 307
2 342
2 522
1 166
2 10
2 422
1 80
2 470
1 312
1 499
2 106
2 60
1 410
2 82
1 434
1 358
1 212
2 282
1 188
1 432
2 57
1 340
2 543
1 413
2 510
1 72
2 172
1 385
2 81
2 184
2 549
2 309
2 319
1 148
1 384
1 123
2 540
2 150
1 231
1 47
2 524
1 240
2 483
2 133
1 84
2 104
1 372
1 99
1 338
2 383
1 124
2 266
2 18
2 255
1 30
2 147
1 405
1 244
1 100
1 6
1 286
1 475
2 295
1 467
2 403
1 381
1 251
2 110
2 106
2 384
1 484
1 498
2 83
2 246
1 227
2 41
1 295
2 128
2 482
1 403
2 514
1 366
1 335
1 42
2 516
1 45
2 160
1 151
1 439
1 219
2 198
1 537
1 451
1 177
2 530
2 489
2 322
1 114
2 123
1 468
1 186
2 412
1 347
2 242
1 103
2 509
1 450
1 209
2 269
2 187
1 353
1 194
1 336
2 26
2 508
1 180
1 430
1 207
1 423
1 224
2 55
1 230
1 258
1 124
1 534
2 79
1 120
1 332
2 16
1 145
1 329
1 188
1 433
1 420
2 415
2 339
1 139
1 428
2 446
2 151
2 502
2 453
2 301
2 337
2 88
1 169
2 316
1 179
1 208
2 269
1 128
1 40
1 538
2 511
2 310
2 537
1 510
1 78
2 105
1 367
1 375
1 474
2 473
1 472
2 368
1 443
2 311
1 117
2 391
1 322
1 217
1 13
1 1
1 541
1 471
1 546
2 279
1 296
1 84
2 191
2 131
1 415
1 462
2 255
1 197
2 413
2 254
1 354
2 63
2 54
1 464
2 334
2 476
1 494
1 233
2 165
2 156
2 131
2 286
2 206
1 480
2 243
2 310
1 374
1 37
1 386
1 62
1 97
1 473
2 211
2 344
2 132
1 125
1 52
2 74
1 497
1 46
2 525
2 107
2 134
1 542
2 326
2 449
2 452
2 235
1 531
1 108
2 268
1 144
2 71
1 246
1 383
1 481
1 466
1 342
1 381
2 332
1 404
2 424
2 386
2 142
2 414
2 63
1 324
1 44
2 512
2 201
1 115
2 497
1 392
2 303
1 480
1 504
2 502
2 454
1 146
1 108
1 477
2 524
2 54
1 352
2 313
2 325
2 445
1 27
2 236
1 291
1 261
2 323
2 520
1 494
1 545
1 489
2 541
2 3
2 158
1 245
2 521
1 13
1 372
2 224
2 19
2 47
2 309
2 159
2 545
1 323
1 260
2 148
2 31
1 533
1 112
1 492
1 14
2 153
2 214
2 293
1 507
1 388
2 491
1 288
1 308
1 225
2 66
2 146
1 232
2 16
1 299
2 318
2 184
1 460
2 31
1 364
1 318
1 109
1 425
2 275
2 379
2 356
1 371
2 503
2 458
2 291
2 234
2 248
1 185
1 479
1 140
2 455
2 317
2 530
1 363
2 149
1 239
2 39
2 503
1 344
2 135
2 550
2 294
1 114
1 55
2 197
1 406
2 171
2 306
1 135
1 496
1 247
1 280
1 477
2 238
1 399
1 87
2 140
1 334
2 343
2 139
2 157
1 390
1 99
2 199
1 257
2 448
1 75
1 363
2 276
1 46
2 89
1 7
1 518
1 248
1 517
1 458
2 441
2 226
1 71
1 4
1 515
1 158
1 333
1 256
1 375
2 227
2 192
2 216
2 414
1 476
1 190
2 519
1 243
1 173
1 196
1 349
2 463
1 34
2 378
1 534
2 209
1 220
2 96
2 538
1 145
1 36
1 68
2 207
1 495
1 357
1 365
2 92
1 339
1 479
1 283
2 171
1 373
1 327
1 177
2 19
1 347
2 32
1 69
2 525
1 442
1 496
1 92
2 119
1 271
1 447
1 370
1 282
1 9
2 435
1 168
2 116
1 274
2 474
1 179
2 56
1 141
1 167
