1100 5500
2 219
2 252
2 179
1 474
2 364
2 518
2 476
2 109
1 420
2 36
1 235
2 314
2 118
1 138
2 2
2 265
1 299
2 377
2 129
2 78
2 348
1 303
2 472
2 362
1 135
1 84
2 239
1 433
1 131
2 192
1 501
1 544
1 100
2 539
1 232
2 174
2 550
1 350
2 508
2 438
2 137
2 261
2 17
1 500
1 118
2 407
2 353
1 270
2 377
2 414
1 504
1 80
2 428
1 418
1 347
1 526
2 425
1 133
1 319
2 382
1 378
1 446
1 171
1 233
1 512
1 262
1 77
1 179
1 91
1 305
2 106
2 230
1 12
1 2
1 416
2 468
2 359
2 94
1 152
1 180
2 278
2 34
1 271
2 326
1 161
1 412
1 150
2 90
1 264
2 229
2 202
1 105
2 20
1 104
2 165
2 237
1 205
1 190
1 439
2 114
2 547
1 76
1 225
1 339
2 412
1 272
1 25
1 206
1 321
1 200
2 502
1 142
2 313
1 485
1 341
2 212
2 191
1 430
2 198
2 306
1 265
1 343
2 413
1 374
1 185
1 292
2 338
1 254
2 368
2 103
2 402
2 16
1 197
1 507
2 486
1 456
1 549
2 247
1 286
1 50
1 291
2 234
1 501
1 279
1 349
2 394
2 451
1 487
2 218
2 207
1 385
1 214
1 514
1 516
1 317
2 458
2 333
2 397
2 9
1 388
1 189
2 550
1 361
1 435
1 77
2 65
1 130
1 71
1 497
1 363
1 30
2 471
2 388
1 529
2 439
1 230
2 409
1 209
1 393
2 34
1 319
1 178
1 331
1 87
1 469
2 13
1 9
1 510
1 288
2 233
1 543
1 287
1 471
1 213
1 390
1 187
2 523
1 308
2 202
1 373
2 472
1 503
1 237
1 345
1 282
1 496
2 392
1 511
2 6
1 152
2 389
2 269
2 320
1 250
2 490
2 357
2 304
2 224
1 193
2 86
2 459
1 181
1 225
1 49
2 190
1 117
2 146
1 391
2 176
2 72
2 322
1 138
2 108
2 370
1 332
1 8
1 443
2 35
2 31
1 257
1 86
1 360
1 119
1 141
2 392
1 263
2 59
2 434
1 462
1 115
2 220
2 440
2 135
1 194
1 429
2 292
2 398
1 249
2 141
2 380
1 309
1 327
1 421
2 517
1 147
2 339
1 305
2 149
1 487
1 46
1 25
1 281
1 238
1 499
2 295
1 340
2 351
2 337
2 60
1 348
2 221
1 431
2 123
1 488
1 444
2 321
2 156
1 376
2 373
1 101
1 268
1 155
1 99
2 107
1 191
2 360
1 459
1 101
2 467
1 437
1 41
1 102
1 31
2 426
2 98
1 532
1 344
1 8
1 80
2 159
1 164
1 480
1 394
2 495
1 465
1 299
2 169
1 92
1 279
2 537
1 11
2 446
2 243
2 105
2 522
2 81
1 54
1 365
1 280
2 64
1 546
1 5
1 123
2 183
2 4
1 509
1 521
2 223
2 329
1 482
2 69
1 62
2 506
1 35
1 30
1 222
1 273
2 114
1 258
1 523
1 528
2 406
1 48
1 385
1 338
2 70
2 88
2 449
2 15
2 398
2 297
2 257
2 283
2 293
2 474
1 294
2 97
1 463
2 172
1 479
1 334
2 522
2 75
2 110
1 369
2 163
1 52
1 298
2 124
1 451
2 395
1 427
1 375
1 50
1 167
2 19
1 494
2 470
1 97
2 395
2 18
2 270
2 300
2 168
2 500
2 543
1 340
1 518
2 312
2 37
2 111
2 228
2 358
2 544
2 422
2 33
2 201
2 429
2 184
1 70
2 326
1 533
1 457
2 144
1 12
2 196
2 203
1 387
1 455
1 199
2 288
2 72
2 302
1 11
1 509
1 308
1 421
2 232
1 496
1 372
2 464
2 330
2 517
1 458
1 74
1 132
2 301
1 119
2 403
2 445
2 177
2 526
2 51
1 43
1 489
2 303
1 245
2 391
1 43
1 143
2 407
2 428
1 217
1 159
1 229
1 150
1 276
2 98
1 129
1 409
2 396
1 542
2 109
2 536
1 132
1 84
1 285
2 358
2 122
1 513
2 481
1 401
2 10
1 220
1 180
1 286
1 23
2 41
1 74
1 359
1 440
2 534
1 477
2 212
1 163
2 134
2 38
2 266
1 503
2 478
1 442
2 178
1 366
1 47
2 136
1 45
2 156
1 253
2 362
2 38
2 452
2 73
2 154
2 489
2 324
2 174
2 117
1 510
1 29
2 244
2 539
1 435
1 475
1 53
1 182
1 106
1 33
2 44
1 116
1 488
1 323
1 322
2 344
1 375
2 381
1 81
2 227
1 331
1 219
1 304
1 22
2 162
2 136
1 15
2 354
1 168
2 247
1 215
2 14
1 175
1 521
1 1
1 464
1 530
2 240
2 185
2 258
2 79
2 403
1 461
2 384
2 310
1 528
1 271
1 408
2 85
2 327
1 170
1 374
2 213
1 424
1 55
2 275
2 61
1 337
2 413
2 251
2 426
2 416
2 484
2 389
1 293
2 173
2 470
1 437
2 121
1 465
1 379
1 10
2 71
1 329
1 296
1 89
2 241
1 95
1 298
2 364
1 13
1 245
1 343
2 259
1 256
1 170
2 538
2 37
1 350
1 441
2 157
2 268
2 249
1 171
2 235
2 215
1 211
2 29
1 40
2 313
2 88
1 369
1 415
1 188
1 452
2 512
1 32
2 318
1 259
2 290
1 275
1 253
1 78
1 284
2 254
2 143
1 315
1 82
1 272
2 328
2 441
2 515
1 242
2 104
2 153
1 461
2 460
2 278
1 486
1 273
2 187
1 290
2 146
1 59
2 383
2 405
1 17
2 285
2 204
2 184
2 453
2 434
2 83
2 296
2 425
1 466
1 158
2 534
2 336
1 252
2 527
1 46
2 387
2 153
1 371
2 468
2 67
1 120
2 481
2 351
1 145
1 14
2 353
2 7
1 379
2 16
2 533
1 82
1 438
1 260
1 443
2 349
1 139
1 355
2 281
1 93
2 177
1 131
1 87
1 515
1 431
1 91
2 430
1 380
2 535
1 287
1 307
1 508
1 529
2 404
2 66
2 536
1 112
1 231
1 148
2 410
2 483
2 325
1 548
2 158
1 537
2 21
1 208
1 324
2 448
2 393
1 524
2 320
1 376
1 133
2 172
1 309
2 3
1 411
1 480
2 186
2 519
2 406
1 126
2 32
1 301
1 211
2 467
2 76
1 311
1 198
2 345
2 400
2 160
1 478
1 96
1 382
2 27
1 142
2 419
1 300
2 378
1 274
1 280
1 236
2 284
2 411
2 217
1 246
1 137
1 266
1 420
1 542
1 318
1 69
2 20
2 469
1 283
1 540
1 127
1 112
2 546
1 316
2 42
2 204
2 188
1 291
1 332
2 111
1 505
1 151
1 221
1 218
1 276
2 49
2 4
2 120
2 169
1 226
2 460
1 231
1 540
2 352
2 530
2 68
1 45
2 67
1 492
2 447
2 511
1 386
1 214
1 399
1 62
2 57
2 538
1 242
2 432
2 525
1 195
1 147
2 450
2 456
2 121
1 246
1 199
1 267
1 549
1 548
1 532
1 333
1 224
1 151
1 248
1 547
2 366
2 371
1 56
2 100
1 93
1 267
2 419
2 506
1 83
2 312
2 445
1 189
1 63
2 356
1 128
1 108
2 47
2 325
2 27
1 477
1 346
1 390
1 466
1 53
2 166
2 507
1 424
1 307
1 28
1 367
2 450
1 236
2 505
2 347
2 263
1 42
1 497
2 400
2 491
2 381
1 39
2 386
1 436
2 228
2 314
1 423
2 476
2 454
1 216
2 36
1 23
2 525
2 164
1 341
2 26
2 58
1 73
2 160
2 545
2 21
2 514
1 356
1 335
2 442
1 248
1 531
2 240
1 39
1 491
2 56
2 444
1 334
1 414
1 94
2 447
1 127
1 75
2 484
1 206
1 226
1 498
1 207
2 18
2 173
1 66
2 289
1 384
1 90
2 473
1 462
2 531
1 328
2 193
2 330
1 110
1 40
2 336
2 68
1 113
1 401
2 504
2 541
1 200
2 205
2 22
1 175
2 64
2 176
1 485
1 58
1 243
1 495
1 494
2 463
2 317
2 432
2 255
1 310
2 44
1 261
1 140
2 161
1 260
1 227
2 277
2 239
2 6
2 223
1 251
1 483
2 162
2 482
1 196
1 355
2 140
2 166
1 149
2 408
1 354
2 383
1 126
2 397
2 417
2 145
1 372
2 125
1 107
2 134
2 274
2 289
2 209
1 65
1 234
2 48
2 113
1 520
2 357
2 399
2 479
1 1
2 201
1 57
1 315
1 222
2 493
2 368
1 195
2 63
2 545
1 302
2 448
1 96
2 342
1 316
1 306
2 186
2 493
1 241
1 194
1 410
1 19
2 427
2 55
2 157
1 541
2 255
2 238
2 115
2 365
1 244
2 352
1 363
1 89
2 182
1 54
2 256
1 402
1 519
2 139
2 154
2 203
1 103
1 99
1 453
1 165
2 473
1 155
2 5
2 455
2 148
2 370
1 144
2 24
1 181
1 367
2 51
2 405
2 535
2 498
1 396
2 423
2 122
2 277
2 197
2 262
1 415
2 404
1 28
2 294
2 102
2 499
2 52
1 311
1 210
1 361
1 527
1 490
2 436
2 433
1 297
2 7
2 183
1 417
2 192
1 295
2 449
2 95
1 85
1 92
1 422
1 492
2 346
1 128
1 342
1 475
2 516
2 250
1 208
2 116
2 264
2 167
2 24
2 454
1 79
1 26
2 502
2 61
1 513
2 457
1 520
1 282
1 269
1 125
1 124
2 335
1 418
2 323
1 210
2 524
2 60
1 216
1 3
1 130
