1600 3000
2 23
1 50
2 503
1 697
1 71
2 107
1 716
1 250
1 167
1 534
2 689
2 35
2 639
2 73
1 2
1 694
1 216
2 177
1 594
2 619
2 745
2 736
1 311
2 473
2 145
2 472
1 592
1 283
1 650
2 221
2 182
2 528
1 443
1 653
2 513
1 102
2 793
1 518
2 316
1 124
2 7
1 211
1 669
1 603
1 414
1 61
2 8
1 281
2 408
1 1
1 108
2 576
1 472
1 720
2 324
1 226
1 113
2 346
1 787
2 786
2 295
2 658
1 11
2 300
1 434
2 755
1 598
2 384
2 3
1 471
2 719
2 643
1 479
1 95
1 693
2 630
1 447
2 786
2 461
1 762
2 400
1 312
2 228
2 520
1 57
2 761
1 258
2 572
1 132
2 136
1 568
2 23
1 47
2 481
2 365
1 458
2 791
1 528
2 795
1 635
1 208
2 69
1 428
1 113
1 87
1 701
1 51
2 613
1 365
2 723
1 258
1 40
2 552
1 539
1 512
2 432
1 273
1 187
2 410
2 547
1 741
1 53
2 180
2 652
2 194
1 279
2 632
1 582
1 123
2 171
2 241
1 188
1 513
1 21
2 35
1 796
2 725
2 672
2 556
1 296
1 135
2 195
2 394
1 746
1 714
2 294
2 138
2 596
2 166
1 197
1 430
2 322
1 539
2 654
1 350
2 740
1 761
1 728
2 348
1 225
1 484
2 324
2 69
1 293
1 473
2 437
2 137
2 91
1 377
1 395
1 508
1 466
1 510
2 767
2 128
1 626
1 603
2 252
2 485
2 126
1 5
2 318
2 563
1 204
2 37
2 356
2 404
2 790
1 800
1 252
1 423
2 633
1 21
2 292
1 551
2 714
1 713
1 731
2 90
1 797
2 772
1 169
2 686
2 475
1 566
2 352
1 419
1 655
1 375
1 349
2 784
2 699
2 707
1 143
1 287
1 121
1 742
2 491
1 168
1 298
1 263
1 41
2 721
1 92
2 470
2 700
2 139
2 177
2 303
2 557
1 48
1 344
1 42
1 640
1 796
1 373
2 453
1 290
1 648
2 240
2 789
2 44
1 493
2 750
2 162
2 597
2 724
1 97
2 556
2 264
2 749
2 522
1 463
2 751
2 281
2 550
1 134
2 292
1 275
2 731
2 730
1 200
2 678
2 781
1 193
1 658
2 548
2 507
1 329
1 517
1 500
2 34
2 425
2 387
1 286
2 664
1 65
1 424
2 94
2 700
1 189
2 745
2 163
2 306
1 735
1 185
1 364
1 694
2 363
1 590
2 489
1 651
1 565
2 363
1 779
1 248
2 392
1 533
1 366
1 303
2 785
1 373
2 3
2 99
2 55
1 399
1 594
2 605
2 413
1 525
1 638
2 434
2 159
2 560
2 757
1 689
1 285
2 159
1 332
1 727
1 39
1 459
2 538
1 146
2 141
1 163
1 232
1 371
2 588
2 28
1 440
1 641
1 369
2 483
2 317
2 156
2 722
1 83
2 696
1 14
2 165
1 500
1 246
2 24
2 384
1 400
1 424
2 26
1 681
1 698
2 319
1 67
2 415
2 800
2 493
2 108
2 764
2 370
2 530
2 74
2 179
1 27
1 725
1 181
1 417
2 231
1 766
1 562
2 24
1 192
1 495
1 659
2 390
1 396
1 158
1 10
2 623
2 70
2 775
2 146
1 710
1 680
1 277
2 214
1 376
2 66
2 635
2 20
1 105
2 80
1 699
2 451
1 79
1 602
1 52
1 256
1 112
2 334
2 686
2 268
1 442
2 197
1 345
1 38
2 372
1 265
2 103
1 756
1 643
2 398
1 332
1 13
2 445
2 438
2 581
1 218
1 368
2 31
1 75
2 284
1 402
1 636
2 152
2 309
1 168
2 148
2 58
1 261
1 62
1 583
2 184
1 106
2 507
2 785
2 9
2 586
1 315
1 521
1 717
1 368
1 157
2 567
2 433
2 687
2 462
1 65
1 60
2 243
2 170
1 608
1 766
2 484
1 25
1 671
1 236
1 711
1 173
1 321
1 82
2 129
2 299
1 51
1 752
2 665
2 762
1 645
1 16
2 501
2 511
2 680
1 402
1 585
1 233
1 433
1 22
1 374
1 103
1 615
2 646
1 536
2 430
1 358
2 653
2 302
2 391
2 649
1 93
2 490
2 514
2 87
1 509
1 681
2 546
1 337
2 129
2 260
1 436
1 529
1 78
1 11
2 118
1 372
1 47
2 679
1 412
1 174
1 325
1 119
1 186
2 418
2 474
2 353
2 10
2 763
2 510
2 591
2 220
1 751
1 552
2 104
2 784
1 453
1 432
1 32
1 499
1 748
2 634
2 388
1 330
1 750
1 77
2 607
2 76
2 760
2 623
1 672
2 542
2 293
2 297
1 734
1 554
1 206
1 420
1 464
2 53
2 489
1 125
1 455
1 264
2 175
1 385
1 267
2 508
1 157
1 376
1 435
1 391
2 618
1 682
1 590
2 799
1 703
1 520
2 607
1 39
2 407
1 612
1 580
2 323
1 703
1 367
1 133
1 403
1 102
2 746
1 614
1 447
2 309
1 294
1 207
1 716
2 431
2 203
1 399
1 85
2 649
2 426
1 492
2 721
2 81
2 496
1 342
2 712
2 743
1 663
2 676
1 379
2 768
2 561
1 431
1 456
1 695
2 684
1 754
1 605
2 147
2 443
2 563
2 360
2 164
2 413
1 637
1 354
1 452
2 393
1 667
1 437
1 154
2 243
2 504
1 559
2 232
2 599
1 88
1 671
2 553
1 780
2 789
2 481
1 238
2 282
2 466
1 282
2 441
1 409
1 740
2 191
1 410
1 460
2 494
2 237
1 577
1 119
2 499
2 160
2 357
2 392
1 748
1 187
1 449
1 558
2 696
1 275
2 774
1 609
2 483
1 404
1 377
2 668
1 795
1 387
2 549
1 95
2 25
1 389
2 142
2 765
1 78
2 770
1 411
1 444
1 313
2 775
2 634
1 733
1 178
2 674
2 685
1 259
2 516
2 744
2 388
1 769
2 110
2 759
2 239
2 139
1 327
2 588
2 415
1 30
2 18
2 393
1 234
1 656
1 215
2 339
2 336
1 347
2 127
1 321
2 676
1 564
2 83
1 754
1 490
1 280
1 320
2 670
1 200
1 328
2 33
1 270
1 587
2 494
2 137
1 666
2 486
1 236
1 267
1 247
2 730
1 109
1 602
1 485
1 467
1 554
1 497
1 474
2 147
1 109
1 488
2 63
2 371
1 495
1 209
2 367
2 792
1 477
1 454
2 181
1 527
1 378
1 517
1 184
2 295
2 724
1 214
1 347
2 116
1 755
1 537
1 349
2 98
1 595
1 541
1 441
1 630
2 549
2 172
2 131
1 463
2 22
2 43
1 98
2 712
2 151
2 702
2 705
2 771
1 407
2 644
1 705
2 450
2 121
1 465
1 180
2 670
2 760
2 706
1 156
1 204
1 768
2 271
2 502
1 104
1 423
2 777
1 545
2 645
2 189
2 149
2 446
1 674
1 476
2 320
1 624
1 26
2 749
2 742
2 678
1 344
2 253
1 677
2 351
1 521
2 43
2 428
1 355
1 301
2 29
2 522
2 205
2 223
2 207
2 136
1 49
2 152
2 675
2 720
1 210
2 306
2 216
2 272
1 223
2 151
1 673
1 342
2 547
2 677
2 610
1 773
1 718
2 606
2 233
2 15
2 708
2 194
2 586
2 617
2 219
2 691
2 706
1 130
1 389
1 660
2 537
2 346
2 198
2 229
2 708
2 771
2 74
1 538
2 540
2 134
2 135
2 487
2 572
2 798
2 261
2 688
2 668
1 566
1 583
1 93
1 657
2 597
2 339
1 565
1 202
2 587
1 277
2 429
2 526
2 205
2 227
1 665
1 286
1 618
1 799
2 296
2 164
1 374
2 604
1 625
2 36
2 654
2 530
2 455
1 401
2 155
2 759
1 335
2 562
1 114
2 756
2 254
2 262
1 140
2 314
1 228
2 544
2 379
1 523
1 395
1 101
2 340
2 195
1 326
1 100
1 435
2 733
1 106
2 19
2 63
1 319
1 794
2 297
1 288
1 141
1 739
2 625
2 732
2 70
2 555
2 729
1 617
2 452
1 715
1 578
2 574
2 224
2 390
2 729
1 64
2 144
1 68
1 28
2 776
2 619
1 505
2 569
2 512
1 627
1 278
2 470
1 747
1 217
1 385
1 188
2 221
1 220
2 86
1 535
1 289
1 664
2 111
1 458
2 361
1 613
1 604
1 148
2 545
1 758
2 242
1 171
1 235
1 82
1 89
1 327
2 234
1 436
1 462
1 738
1 478
2 210
1 506
1 519
1 77
2 615
2 18
2 300
2 448
1 61
1 355
1 559
1 692
1 659
2 298
2 99
1 262
1 737
1 585
1 737
2 426
2 482
2 640
1 268
1 383
1 798
1 145
1 642
2 589
2 348
1 752
2 304
1 357
2 116
1 544
1 722
1 791
2 274
2 213
2 638
2 231
1 338
1 582
1 94
2 40
1 110
2 723
1 212
2 663
1 568
2 257
1 122
2 366
1 747
2 772
1 627
1 551
2 251
1 461
1 421
2 305
1 536
2 19
1 727
2 173
2 370
1 620
1 579
2 691
2 201
2 160
1 56
1 593
1 360
2 198
1 454
1 257
1 578
1 788
2 114
1 46
1 531
1 787
1 711
1 523
1 259
2 265
2 631
2 272
1 636
1 633
2 792
2 100
1 312
2 776
1 170
2 79
2 763
2 4
2 353
2 378
2 571
2 427
1 54
1 323
2 728
1 17
2 418
1 477
1 211
2 190
1 667
2 758
1 92
1 345
2 581
2 526
2 288
2 66
2 329
1 622
2 476
2 174
1 515
1 421
2 308
1 247
1 406
1 498
1 479
1 158
2 573
2 380
2 144
2 133
2 574
2 115
1 362
2 341
2 704
2 767
1 182
1 16
2 684
2 548
2 81
1 558
1 646
2 318
1 105
2 647
2 314
2 246
1 9
1 427
1 269
1 143
2 753
2 707
2 241
2 629
2 576
1 230
2 8
1 337
1 44
2 509
2 115
2 584
1 386
1 732
1 307
1 351
1 398
1 783
2 279
2 199
1 661
2 45
1 397
2 550
1 193
1 669
1 783
1 212
1 285
1 584
1 245
1 208
2 446
2 420
1 764
1 743
1 167
1 225
1 534
1 790
1 535
1 683
2 117
1 769
1 50
2 244
2 350
1 467
1 289
2 130
1 408
1 213
2 779
2 577
1 375
1 209
2 632
2 199
2 778
2 709
2 96
2 153
2 425
1 438
1 527
1 611
2 218
1 596
2 124
1 72
1 782
2 519
1 80
2 338
1 4
1 409
2 569
2 266
2 459
1 650
2 20
2 302
1 240
2 448
1 608
2 557
1 248
1 73
2 606
2 622
1 161
1 5
1 34
2 781
2 515
1 464
1 36
2 396
1 150
1 128
2 738
1 238
1 580
2 6
1 709
2 224
1 403
2 525
1 451
1 641
1 487
1 331
2 553
2 628
2 291
1 179
2 49
2 45
1 256
1 217
1 89
1 394
2 333
2 532
1 118
1 652
2 695
2 33
2 56
1 656
2 736
2 661
2 601
1 333
1 15
1 59
2 12
1 595
1 362
1 276
2 140
1 75
2 250
1 153
1 313
2 502
1 564
2 127
2 524
1 201
2 439
1 227
1 235
2 693
1 91
1 429
1 469
2 713
2 59
2 501
1 405
2 126
2 190
1 482
2 697
1 624
1 276
2 284
1 14
1 660
1 255
2 647
1 540
1 685
2 717
2 29
1 356
2 278
2 196
1 765
1 237
1 621
1 419
1 222
1 417
1 422
2 560
1 317
1 172
2 315
1 601
1 85
1 245
1 753
2 38
1 662
2 589
2 343
1 120
1 54
2 541
2 331
1 183
2 794
2 456
2 249
1 401
1 414
1 335
1 176
2 260
2 316
1 469
2 567
2 176
2 117
1 154
1 304
2 382
1 555
2 382
2 741
1 416
1 666
1 616
2 178
2 230
2 702
2 2
1 531
2 1
2 322
1 612
2 575
1 226
1 150
1 687
1 486
1 84
1 505
1 475
2 598
1 125
2 107
2 183
2 688
2 439
2 497
2 206
1 192
2 611
2 498
2 64
2 132
1 542
1 122
2 381
2 72
1 503
2 52
2 642
2 690
1 715
2 283
2 449
2 13
1 491
1 682
2 343
2 573
1 757
1 639
1 579
1 460
1 291
1 788
1 326
1 330
1 62
1 644
2 239
2 290
1 196
1 600
1 215
1 381
2 305
1 626
2 397
2 301
2 149
1 533
2 90
1 770
1 310
2 27
1 30
2 675
1 506
1 592
2 683
2 570
1 369
2 406
1 679
1 86
1 280
2 673
1 480
1 628
1 629
1 311
2 774
2 529
1 614
2 359
2 37
2 185
1 543
2 17
1 621
1 308
2 6
2 698
1 336
2 46
2 616
2 488
2 457
1 120
1 266
2 735
2 468
2 478
2 570
1 67
2 655
1 41
1 546
2 444
2 773
2 271
2 202
2 524
2 511
1 253
1 637
2 341
1 726
1 307
1 138
1 287
2 169
1 229
2 155
1 352
2 249
1 450
1 777
1 328
1 690
2 255
2 340
2 55
1 610
1 726
2 445
2 514
1 516
1 219
2 31
2 778
1 222
2 76
2 166
2 58
1 782
2 57
1 704
2 242
2 701
2 191
1 161
1 88
1 593
2 710
1 620
2 364
1 543
1 662
2 609
1 465
2 532
2 657
2 299
2 165
1 101
2 457
2 631
1 739
2 591
2 251
2 273
2 162
1 358
1 263
1 97
2 32
2 386
2 719
1 68
1 310
2 571
1 442
2 793
2 12
2 411
2 203
2 7
2 504
2 48
2 600
1 480
1 383
1 744
2 334
2 254
2 648
2 131
1 71
2 244
1 422
1 354
2 440
1 96
1 416
2 575
2 325
1 60
2 561
2 518
2 84
1 692
2 175
1 718
1 471
1 186
2 734
1 468
1 405
1 496
1 780
2 412
2 112
2 599
1 651
2 797
1 269
1 270
2 123
2 380
1 361
1 111
2 359
1 492
1 42
2 142
1 274
