1100 3000
1 422
1 51
1 211
2 81
2 144
2 19
2 190
1 98
1 198
2 285
2 57
1 436
1 401
1 360
2 502
1 207
2 202
2 182
2 417
2 347
1 176
1 106
1 234
1 122
2 24
2 164
1 403
1 151
2 304
2 62
1 64
2 39
1 222
1 470
1 2
1 488
2 237
2 212
1 431
2 12
2 107
2 302
1 291
2 376
2 419
2 412
2 398
2 77
1 96
2 303
1 446
2 417
2 413
2 387
2 487
1 472
1 374
1 30
2 52
2 264
1 270
1 28
2 519
1 512
2 139
1 103
1 463
1 175
1 194
2 110
2 78
1 121
1 373
1 135
1 176
2 298
2 204
2 453
1 297
1 42
2 502
1 266
2 323
1 279
2 374
1 509
1 292
1 272
1 4
1 56
1 123
2 226
2 507
2 416
1 131
1 147
2 40
2 91
1 317
1 481
2 372
1 46
2 491
2 58
1 11
1 217
2 486
1 27
2 507
2 542
1 10
2 474
2 324
2 27
2 20
1 331
2 55
2 145
1 359
2 209
1 510
2 50
2 130
2 526
2 31
1 63
1 79
1 20
1 21
1 248
1 263
1 464
1 53
2 219
2 162
2 372
2 43
2 301
1 217
2 396
2 436
2 112
1 120
1 550
2 112
2 93
1 183
1 363
2 142
2 191
1 467
1 117
1 14
1 110
1 284
2 255
1 225
1 515
2 495
1 22
2 98
2 247
1 248
1 411
2 287
2 394
2 294
2 346
2 3
1 74
1 540
2 377
2 154
1 530
1 362
1 389
1 492
1 235
1 81
2 125
1 300
2 399
1 311
1 262
1 82
2 391
1 205
1 371
2 528
2 77
1 473
1 13
2 450
2 87
2 296
2 18
2 273
2 405
2 240
1 133
1 184
2 510
2 342
1 300
1 210
2 250
2 99
1 480
2 318
1 498
2 194
1 415
2 468
1 498
2 341
1 407
2 398
1 149
1 549
1 189
1 152
1 151
1 261
1 173
2 441
2 473
1 277
1 41
2 247
1 35
1 379
2 468
2 129
1 313
1 240
2 405
1 202
1 437
1 349
1 520
2 60
2 102
1 304
2 161
1 494
2 485
2 126
2 273
2 453
2 1
1 303
1 310
2 68
1 535
2 69
1 460
1 158
1 213
2 32
2 16
2 493
2 343
1 62
1 443
1 340
2 523
2 440
2 221
2 166
1 172
1 109
2 375
1 536
2 521
2 338
1 89
1 364
1 476
1 400
1 455
1 103
1 418
2 548
2 281
1 397
1 266
1 537
1 531
2 384
2 497
2 332
2 456
2 220
1 35
1 54
2 458
1 435
2 441
1 445
2 484
1 251
2 305
1 80
1 242
2 366
2 119
2 289
1 59
1 200
2 424
1 219
2 197
2 245
2 10
1 381
1 343
1 117
1 406
2 280
2 230
1 141
2 543
1 56
2 278
1 420
1 400
2 505
1 360
1 25
2 274
1 457
2 258
1 521
1 235
2 373
2 49
2 120
2 451
1 485
1 392
1 471
2 428
2 59
1 87
1 180
2 293
1 201
2 227
1 397
2 529
2 376
1 282
1 245
2 313
2 327
2 75
2 394
1 147
2 51
2 118
2 254
1 256
1 466
2 370
2 145
2 30
1 337
1 236
2 509
1 457
2 461
1 408
2 65
1 9
2 377
1 545
1 433
1 54
1 154
2 216
1 395
1 428
2 280
1 114
2 511
1 86
1 518
2 86
1 196
1 399
1 226
1 159
1 387
1 411
1 201
1 293
2 538
1 53
1 547
2 354
2 135
2 344
1 104
2 153
1 321
2 152
2 13
1 516
1 328
2 299
2 88
2 354
1 172
2 203
1 329
1 494
1 364
1 282
1 516
1 318
2 460
2 157
1 181
2 127
1 224
1 448
1 284
1 71
2 79
2 478
2 335
1 295
1 243
1 365
1 143
1 328
2 214
1 260
1 99
1 259
2 289
1 95
1 444
2 505
1 150
1 326
1 115
1 380
1 177
2 65
2 309
2 296
1 155
2 55
2 162
2 438
2 37
1 122
2 355
1 312
1 379
2 445
1 312
2 168
1 138
1 178
1 58
1 211
1 169
2 123
2 109
2 92
1 126
2 503
2 88
2 237
2 21
1 111
1 239
1 150
2 418
1 72
2 244
1 70
2 187
2 353
1 442
1 334
2 255
1 250
2 465
2 221
1 75
1 66
2 263
2 546
2 550
1 367
2 107
2 269
1 534
2 45
1 171
2 267
2 357
1 391
2 378
2 538
2 307
1 540
2 439
1 227
2 393
1 522
2 94
1 73
2 440
2 529
1 229
1 228
1 371
2 292
1 230
2 254
1 34
2 8
1 97
2 536
2 513
1 164
1 484
1 233
2 136
2 258
1 89
2 44
1 414
1 146
2 541
1 61
1 500
2 347
2 11
2 434
1 95
1 528
2 434
2 361
1 170
1 64
2 2
2 183
1 285
1 320
2 196
1 275
2 167
1 533
2 480
2 514
2 84
1 513
1 140
1 212
1 545
1 380
2 350
2 336
1 416
2 504
2 268
1 477
2 140
2 336
2 467
2 92
2 116
1 344
2 233
2 382
2 104
2 426
2 174
2 28
1 113
1 403
2 514
2 192
2 137
1 524
1 238
1 426
2 281
2 78
2 319
1 472
2 330
1 544
2 333
1 383
2 178
2 224
2 29
1 100
2 257
2 19
2 124
2 153
2 298
1 80
1 121
2 459
1 278
2 25
1 67
2 496
2 165
1 316
2 12
1 488
2 253
2 483
1 36
1 339
1 218
2 195
2 408
2 539
1 193
1 61
1 492
1 288
1 511
2 17
1 18
1 71
1 143
2 156
1 119
1 475
1 32
1 477
2 508
2 486
1 101
2 517
2 57
2 132
1 207
1 326
1 386
1 195
2 496
1 52
1 26
1 402
1 439
2 315
2 512
2 518
2 106
2 220
1 291
1 491
1 462
2 404
1 49
1 215
2 322
2 523
2 199
1 102
2 479
1 163
1 410
1 306
2 341
2 390
2 532
2 363
1 192
2 316
2 231
2 43
2 329
1 137
2 476
1 389
2 115
1 356
1 442
2 370
2 410
2 23
1 348
2 133
1 452
1 203
1 14
1 191
2 72
1 6
2 184
2 100
1 15
1 189
2 482
1 449
2 188
1 83
1 169
1 425
1 69
1 177
1 33
1 358
1 155
1 352
2 7
1 276
2 85
2 163
2 16
2 392
1 381
2 82
1 532
1 167
1 204
2 495
2 148
1 414
1 242
2 286
1 149
1 421
2 544
2 101
1 549
2 63
1 156
2 279
1 213
2 206
2 128
2 317
2 302
1 190
1 283
1 165
1 170
1 429
1 422
2 132
2 34
2 84
1 331
1 451
1 111
2 482
2 268
2 157
2 251
1 385
1 537
1 332
2 45
1 171
2 503
2 5
2 487
1 393
1 185
2 456
1 497
2 223
1 130
1 93
1 383
1 330
2 113
2 90
1 409
2 267
1 90
1 543
2 351
2 216
2 464
1 307
1 311
1 526
2 180
1 44
1 76
1 308
2 338
2 471
1 193
2 228
2 241
2 294
1 197
1 474
1 346
1 198
1 105
2 108
1 469
1 541
2 315
1 264
2 447
1 462
1 375
2 68
1 449
1 244
2 47
2 404
1 200
2 519
1 419
2 525
1 186
1 368
2 409
1 39
2 310
1 283
1 446
2 114
1 142
2 148
1 358
2 458
1 437
2 382
2 489
1 469
2 508
1 96
1 321
1 256
1 139
1 42
2 239
1 141
1 425
1 48
2 243
1 67
2 232
1 105
2 7
1 246
1 275
2 423
2 188
2 448
2 520
1 465
1 4
1 295
1 355
2 522
2 276
1 365
1 413
1 168
1 362
2 158
1 174
2 31
1 478
1 127
1 144
1 118
2 349
1 527
2 23
2 340
2 73
1 260
1 459
1 429
2 252
1 222
2 499
2 17
1 388
1 506
1 367
2 38
1 128
1 205
2 322
1 452
2 444
2 97
1 277
2 146
2 306
1 431
1 265
1 124
1 396
2 50
1 301
2 74
1 252
2 454
1 134
1 342
2 209
2 386
2 138
2 48
2 501
1 415
1 319
2 249
1 430
2 8
1 500
1 378
2 424
2 334
1 534
1 470
2 368
1 159
1 70
2 351
1 208
1 401
1 320
2 210
2 323
1 535
2 241
1 489
2 265
1 517
2 60
1 506
2 261
1 46
1 325
1 271
2 270
1 83
1 432
2 475
1 369
1 185
1 66
2 435
2 493
1 490
2 542
1 361
1 308
2 91
1 406
1 390
1 38
1 327
2 199
1 324
2 388
2 36
2 290
2 246
2 483
2 531
1 272
1 269
1 335
2 547
1 182
2 481
2 179
2 76
1 350
2 9
1 37
1 131
1 527
1 463
2 309
2 455
1 129
1 314
1 454
2 271
1 238
2 225
2 40
2 24
1 15
1 1
1 160
1 136
2 499
1 450
1 253
2 430
2 215
1 231
2 85
1 187
1 427
1 447
1 259
1 5
2 501
2 433
2 525
1 179
1 288
2 384
1 548
2 348
2 47
2 41
1 438
1 530
1 356
2 305
2 395
2 412
2 345
2 29
1 461
1 33
2 369
2 108
1 22
1 421
2 345
1 515
1 173
2 218
2 546
2 94
2 166
2 214
2 206
2 339
1 223
2 427
2 186
2 333
2 236
2 325
1 337
1 366
2 286
1 287
1 357
1 175
1 249
1 257
1 420
1 443
2 160
1 6
2 229
1 466
2 3
2 262
1 533
1 539
1 290
1 26
1 181
2 299
2 161
2 432
1 479
2 359
2 297
1 352
2 524
2 232
1 423
1 490
1 353
2 407
2 234
1 314
2 125
1 274
1 385
1 402
2 208
1 504
1 134
2 116
