1600 2000
1 39
1 61
1 519
2 157
2 711
1 397
1 499
1 373
1 221
2 392
2 659
1 387
1 339
2 629
2 707
2 500
2 624
1 71
1 644
1 728
1 136
2 460
1 709
1 735
2 631
2 522
2 302
1 633
2 735
1 33
1 26
1 634
1 297
2 134
2 798
2 146
1 121
1 134
2 583
1 666
1 397
2 461
1 718
2 270
2 395
2 265
1 194
2 629
2 482
2 423
2 622
1 175
2 730
2 162
2 232
2 288
1 454
2 516
2 396
1 207
2 192
1 635
1 254
2 193
2 65
1 626
1 433
2 667
2 417
1 527
2 172
2 501
1 606
2 368
1 543
1 23
2 558
1 269
2 651
2 151
2 565
2 706
1 5
2 516
2 24
1 94
1 605
2 441
1 140
2 547
2 685
1 202
2 563
2 347
2 246
1 389
1 556
2 118
1 795
2 224
2 174
2 4
2 395
2 782
1 634
1 204
2 196
2 174
2 564
1 87
1 201
2 593
2 68
2 155
2 730
2 316
1 70
2 41
1 663
2 400
1 153
1 295
1 222
1 654
1 539
1 467
2 766
1 196
1 168
2 716
1 616
1 126
2 168
1 163
2 699
2 660
2 473
2 111
2 572
2 447
1 242
1 594
1 579
2 103
2 23
2 620
2 277
1 194
2 110
1 54
2 712
2 464
2 716
2 498
2 409
2 646
1 31
2 341
1 324
1 77
2 319
1 442
2 49
2 369
2 437
1 37
2 189
2 304
2 271
2 125
1 408
2 393
1 554
2 783
1 99
1 756
2 214
2 731
2 425
2 36
2 459
1 729
1 606
1 225
1 56
1 496
1 746
2 227
2 237
1 579
2 218
2 136
1 6
1 399
2 578
2 535
1 424
2 763
2 156
1 614
1 58
1 546
2 195
2 526
2 345
2 358
1 86
1 116
1 670
1 474
1 714
2 463
2 675
1 480
2 8
1 227
2 108
1 394
2 154
1 279
1 472
1 166
1 382
1 574
1 67
2 314
1 343
1 710
1 78
1 322
2 436
2 387
1 768
1 669
2 82
2 673
1 617
1 552
1 167
1 612
1 787
1 740
1 689
1 374
1 745
1 308
2 69
2 682
1 475
2 505
2 503
2 327
2 137
1 205
1 88
2 581
2 20
1 286
1 737
1 132
2 402
1 648
1 368
2 641
2 724
1 686
2 36
1 341
2 25
1 478
2 787
1 587
2 97
1 435
2 628
1 150
1 789
2 265
1 212
1 120
2 361
1 505
1 533
1 604
1 685
1 117
1 386
1 724
2 681
2 618
1 85
1 83
1 451
2 217
2 50
1 510
1 178
1 141
1 418
1 772
2 93
1 73
2 284
1 66
1 559
2 721
2 400
2 165
2 104
2 391
1 214
1 719
1 479
1 337
2 379
1 438
1 609
1 366
1 769
1 709
2 178
2 524
2 147
2 333
2 279
2 240
2 210
2 114
2 454
1 144
2 557
1 394
1 223
2 274
1 626
1 215
2 161
2 779
2 573
1 270
1 738
1 301
2 132
2 697
2 84
2 449
1 689
1 658
2 159
2 263
2 596
2 391
2 766
2 407
1 548
1 519
1 89
2 439
2 208
1 277
2 476
2 17
1 667
1 662
1 439
2 694
1 577
1 349
2 764
1 514
1 340
2 652
1 469
1 794
1 245
1 471
1 432
2 243
2 692
2 713
2 530
1 311
2 357
2 233
1 98
1 513
1 608
1 734
2 558
2 163
1 630
1 62
1 34
2 300
2 246
1 234
2 492
2 303
2 8
1 603
1 615
1 481
2 200
1 528
1 399
2 493
1 338
1 106
1 184
2 133
1 534
2 128
2 332
2 349
2 695
1 761
2 532
2 180
2 130
1 700
2 416
1 504
1 58
1 40
2 599
2 515
2 12
2 512
2 354
2 50
2 417
1 467
1 511
2 536
2 19
1 796
1 471
2 440
2 654
2 596
1 131
1 27
2 354
2 15
1 203
1 39
1 429
1 585
1 765
2 421
1 602
1 355
2 44
2 237
2 190
2 176
1 618
1 356
2 26
1 105
2 336
2 445
1 447
2 495
1 759
1 641
2 598
1 203
1 705
1 199
2 262
1 456
2 160
2 571
1 378
2 37
1 684
1 9
1 600
1 77
2 488
1 28
2 275
1 255
2 687
2 251
2 433
1 726
1 411
1 434
1 41
2 479
1 729
2 45
1 377
1 688
2 254
2 179
2 509
1 222
2 280
1 445
2 701
1 3
1 115
2 381
2 665
2 384
2 765
1 600
1 640
2 177
2 404
2 699
1 156
2 346
1 538
1 200
1 527
2 158
2 513
1 491
1 35
2 396
2 74
2 749
1 720
2 450
1 639
2 679
1 761
1 434
1 710
1 137
2 757
2 384
1 114
2 623
1 98
1 348
1 576
2 508
2 448
1 587
2 13
2 718
2 362
2 308
2 339
1 598
1 460
1 677
1 226
1 630
2 117
2 250
2 767
1 498
2 307
2 486
2 83
2 298
1 781
1 124
1 5
2 638
1 426
1 750
2 764
2 105
1 524
2 173
2 262
1 569
2 363
1 457
2 27
1 99
1 661
1 389
2 260
1 450
2 229
2 668
2 97
2 230
2 35
1 774
2 207
1 451
1 636
1 704
2 555
2 328
2 714
1 298
1 352
1 466
1 191
1 551
1 725
1 12
1 633
1 494
1 292
1 728
1 408
2 158
2 122
1 774
1 412
2 625
2 112
2 104
1 167
1 4
1 72
1 593
2 495
2 164
1 375
2 293
2 590
1 40
2 157
2 769
2 775
1 406
2 355
2 601
1 100
1 731
1 322
1 144
1 215
2 282
2 169
2 738
1 514
2 401
1 240
1 677
1 286
2 359
2 140
2 676
2 669
1 743
1 261
1 696
1 119
1 757
1 642
1 800
1 318
2 589
1 365
1 278
2 34
2 372
2 319
1 608
1 592
2 594
1 588
1 100
1 490
2 170
2 581
1 540
1 320
1 160
1 643
1 671
2 775
2 740
2 679
2 84
2 464
2 101
2 235
2 572
1 148
1 183
2 621
1 129
2 79
1 472
2 236
2 276
1 793
2 68
1 595
2 759
1 351
1 778
1 90
2 473
2 38
2 601
2 455
2 258
1 525
2 556
2 555
2 89
1 350
1 241
1 340
2 307
1 191
1 75
1 741
1 785
1 302
2 650
1 231
2 353
2 644
1 533
2 281
2 347
1 169
1 657
1 282
2 248
1 312
1 161
2 63
1 3
2 675
2 209
2 702
1 198
1 353
2 291
1 484
1 565
1 713
2 11
1 78
1 522
1 101
2 693
1 701
2 243
2 245
1 632
1 255
1 91
2 283
1 333
2 628
1 682
2 185
1 63
1 189
2 228
2 428
2 515
1 413
2 591
1 506
1 638
2 690
1 482
2 544
2 301
1 663
1 267
2 541
1 683
2 268
1 655
2 480
1 81
1 303
1 294
2 202
2 164
1 611
1 244
2 112
1 788
2 43
2 139
1 288
2 318
1 771
2 751
1 559
1 632
2 488
2 71
1 14
2 568
2 38
1 116
2 31
2 681
1 426
2 370
2 741
2 247
1 762
2 96
2 785
2 378
2 258
2 29
2 226
2 534
1 320
1 727
2 335
1 42
2 664
2 296
2 779
2 792
2 432
1 59
2 219
2 48
2 566
2 253
1 220
1 331
1 427
2 567
1 69
1 584
1 657
2 518
2 691
2 703
2 551
2 576
2 512
1 249
2 109
2 271
1 442
2 22
2 177
1 143
1 325
2 135
2 317
2 727
1 249
2 750
2 310
2 478
2 778
2 792
1 561
1 418
1 520
1 525
2 610
2 487
2 744
1 166
1 496
2 229
1 206
2 746
2 248
1 696
1 542
2 103
1 723
1 388
1 607
2 477
2 276
2 739
2 452
2 181
2 43
2 781
2 733
2 323
1 321
1 60
2 155
2 352
2 405
1 325
1 549
1 76
1 379
1 416
1 300
2 159
2 475
2 639
1 790
2 640
2 131
2 584
2 406
1 209
2 448
1 414
1 386
1 124
1 768
2 113
2 127
2 715
1 149
2 659
2 299
2 51
2 653
1 192
2 92
1 385
1 90
1 359
1 453
1 57
2 21
2 656
2 250
2 242
2 707
2 763
1 310
2 562
1 95
2 93
1 130
1 42
2 107
2 208
2 304
2 415
2 257
2 702
1 55
1 171
2 537
1 537
1 658
1 582
1 791
1 623
1 755
1 526
2 327
1 444
1 17
2 173
2 642
2 306
2 216
1 643
2 256
2 452
1 233
2 620
2 152
2 428
2 510
2 570
1 403
2 342
1 497
2 95
1 403
1 470
2 204
2 770
2 87
2 122
2 295
2 627
1 287
1 199
1 60
1 627
1 235
2 760
1 424
2 336
2 597
2 752
2 449
1 110
2 291
1 580
1 788
2 645
2 111
2 74
2 569
1 32
2 697
1 107
1 485
2 195
1 152
1 758
1 57
2 29
1 380
2 330
2 462
2 348
1 393
2 15
2 575
2 747
1 21
2 383
2 607
1 612
1 259
1 321
2 109
2 760
1 73
2 636
1 213
2 670
2 743
1 85
1 239
1 278
2 179
1 678
2 119
2 268
2 81
1 206
1 149
2 82
2 313
2 30
2 708
2 32
2 676
1 284
2 120
1 193
1 554
2 121
1 356
2 129
2 380
1 264
2 414
1 64
2 53
2 742
1 1
2 645
2 438
2 186
1 611
2 126
2 337
1 247
2 597
1 366
1 385
2 377
1 273
1 590
1 664
2 725
1 404
2 269
2 578
1 672
2 613
2 732
2 239
2 296
1 520
1 457
2 188
1 67
2 59
1 230
2 535
1 22
2 335
1 466
2 102
2 536
2 47
1 776
1 186
2 20
1 752
2 692
1 13
1 238
2 678
1 680
1 171
2 123
1 197
1 373
2 733
2 468
1 550
2 529
1 720
2 705
1 455
2 289
1 797
1 592
1 690
1 503
2 469
2 46
1 776
1 567
1 44
1 314
2 398
1 170
2 364
2 647
2 698
2 421
1 360
1 128
2 431
2 376
2 410
1 367
1 7
2 648
1 228
1 780
1 231
1 631
1 306
1 550
1 141
2 285
1 500
2 273
2 294
2 80
1 446
2 372
2 553
2 187
2 290
2 292
2 91
1 747
2 143
2 501
2 484
2 375
1 695
2 531
1 619
2 693
1 583
1 147
2 423
2 783
2 138
2 18
2 142
2 381
1 236
2 108
2 541
1 238
2 518
1 190
2 754
1 436
1 655
1 224
2 529
2 358
2 48
2 407
1 374
1 563
2 139
1 256
2 786
1 736
1 272
2 422
2 361
2 437
1 175
1 172
1 700
2 614
2 595
1 780
1 182
1 197
2 75
2 264
1 19
1 221
2 415
1 367
1 251
2 586
2 52
2 266
1 773
2 419
2 401
1 748
2 326
2 800
1 570
1 459
2 362
2 504
2 637
2 334
2 717
2 252
2 316
2 266
1 133
2 253
2 573
2 521
2 188
1 719
1 688
2 666
2 485
1 444
2 758
2 125
2 363
2 148
2 244
2 315
2 507
1 704
2 45
2 622
1 287
2 201
2 651
2 150
2 508
2 55
1 53
2 470
2 429
1 753
2 64
2 113
2 624
2 211
2 530
1 52
1 198
1 16
2 326
1 446
1 684
2 62
1 540
1 323
1 625
2 16
2 80
1 683
1 721
1 309
2 369
2 293
2 49
1 561
2 796
1 56
2 11
2 722
2 334
2 744
1 604
1 552
1 656
1 420
2 621
2 798
1 771
1 313
2 329
2 154
2 491
2 610
1 553
2 722
1 443
1 388
1 650
1 118
1 419
2 411
1 435
2 344
1 135
2 509
1 10
1 586
1 502
2 410
1 748
1 562
1 784
2 797
2 357
2 538
1 523
2 65
1 615
2 30
2 6
2 165
2 511
1 94
1 7
2 187
1 723
2 252
2 794
1 61
1 603
1 619
1 153
2 777
1 494
2 180
1 531
1 345
1 786
2 490
2 261
1 371
2 46
2 142
2 762
2 330
2 299
1 392
1 542
1 560
1 662
1 10
1 184
1 66
2 430
2 564
1 145
1 267
1 591
1 127
2 212
1 409
1 756
2 754
2 672
2 412
1 726
1 674
2 370
1 474
1 183
1 497
2 431
1 54
1 613
2 33
2 351
1 420
2 493
2 751
2 674
1 422
1 476
1 547
1 732
2 734
2 28
2 486
1 649
1 329
1 185
2 115
2 523
1 309
1 217
2 390
2 443
2 773
1 468
2 223
1 305
2 24
2 544
2 257
2 225
2 477
1 548
1 602
1 637
1 736
1 715
1 791
2 241
2 211
1 315
2 483
1 289
2 425
1 492
2 589
1 181
1 706
1 328
1 687
1 272
1 138
1 585
1 517
2 507
1 145
2 749
1 342
2 789
2 1
2 344
2 487
2 176
1 453
2 582
2 146
1 96
2 220
2 2
1 305
2 76
2 311
2 398
2 281
1 210
1 742
1 793
1 770
2 382
2 371
1 92
1 219
2 653
1 297
1 549
1 717
2 234
1 360
1 456
2 703
2 502
2 218
1 216
1 47
2 605
1 376
1 346
2 712
2 652
2 673
1 489
1 461
1 390
1 162
1 755
2 532
2 545
1 577
1 427
1 799
1 517
1 481
1 102
1 574
2 463
1 499
1 465
1 772
2 560
2 280
1 580
1 106
2 413
1 799
2 545
1 14
2 9
1 566
2 649
2 777
1 324
1 635
1 312
2 283
2 767
1 647
2 25
1 691
2 465
1 568
1 458
2 338
2 88
2 506
2 521
2 383
2 694
2 753
1 686
2 290
1 285
2 665
1 557
2 668
2 784
2 661
1 441
2 260
1 739
1 263
2 151
2 213
1 332
1 275
2 364
1 259
1 543
1 539
1 343
1 205
2 365
2 440
1 575
1 2
1 79
2 680
2 790
1 350
2 483
2 402
2 86
1 430
1 462
1 708
1 711
1 599
2 51
2 646
2 317
2 617
1 18
2 745
1 331
2 660
2 571
1 616
1 274
1 232
2 489
2 405
1 528
1 795
1 458
1 72
1 671
1 609
1 70
2 123
2 546
1 698
1 782
2 182
2 588
1 737
