1600 1500
2 461
2 357
2 333
2 494
1 312
2 514
1 378
2 746
1 760
2 733
1 472
2 659
2 39
2 42
2 191
1 615
2 26
2 398
1 618
2 254
1 280
1 498
2 436
2 539
2 633
1 670
2 606
1 465
1 484
2 2
2 629
2 562
1 30
1 509
1 676
1 405
2 619
1 692
2 562
1 25
2 785
2 246
2 788
2 45
2 231
2 491
2 305
1 712
1 778
2 22
1 337
2 180
1 134
1 255
2 396
1 4
1 656
2 672
1 396
2 128
2 8
2 269
1 57
2 26
1 367
1 585
1 678
1 34
2 58
2 143
2 538
1 86
2 749
1 342
2 261
1 541
1 777
2 362
1 537
2 313
2 787
2 625
1 725
1 469
2 513
1 69
2 215
2 98
2 198
1 287
1 735
2 146
1 776
1 13
1 208
2 557
1 792
1 790
1 683
2 294
2 98
2 408
1 759
2 789
2 464
2 384
2 376
1 268
2 259
1 17
2 785
1 463
1 317
1 207
1 77
2 688
2 735
2 293
2 15
2 29
2 456
1 738
1 161
2 50
1 476
1 445
1 162
1 588
2 602
1 204
1 697
2 224
2 56
2 708
1 377
1 119
2 351
2 275
1 239
1 73
1 424
2 348
2 235
1 599
1 363
2 251
1 655
1 360
2 330
1 380
1 83
2 440
2 44
2 442
2 690
2 397
2 458
1 448
1 437
2 57
2 681
2 380
2 715
1 697
1 163
1 718
1 1
2 328
2 298
2 256
1 186
2 167
1 230
2 163
1 548
2 218
1 67
2 793
1 486
1 155
1 258
2 493
2 356
2 84
1 510
1 102
2 90
2 620
1 527
2 594
1 667
2 25
2 604
2 696
2 65
2 536
1 173
1 564
1 620
1 479
2 54
1 651
1 129
2 705
2 486
2 549
1 8
1 568
1 483
2 474
1 290
2 591
1 122
1 111
1 184
1 627
1 67
1 657
1 545
2 481
1 21
1 168
2 260
1 719
2 615
1 95
1 472
1 461
2 743
2 543
1 385
2 79
2 118
1 651
1 470
1 630
2 432
1 272
2 321
1 501
1 755
2 112
1 495
2 729
2 135
1 665
2 477
2 677
1 541
1 130
1 404
2 714
1 501
2 522
1 708
2 646
1 196
2 221
2 347
1 49
1 301
1 593
1 633
1 745
1 140
1 796
1 720
2 354
2 467
1 49
1 614
2 642
2 181
2 522
1 53
2 707
1 794
1 326
2 189
1 731
2 256
2 515
2 607
1 18
2 457
2 37
2 612
1 248
2 331
2 265
2 728
1 422
2 192
1 732
2 575
2 534
1 698
1 765
2 761
2 43
2 673
2 752
1 374
1 264
2 305
2 107
2 616
1 601
2 446
2 410
1 273
2 250
2 720
1 262
1 327
1 243
1 755
2 627
1 603
2 191
2 778
2 307
2 87
1 492
1 742
1 388
2 791
1 779
2 114
1 411
2 469
1 172
1 545
1 551
1 440
2 494
2 764
1 141
1 274
1 175
1 766
2 40
2 395
1 458
1 569
1 160
1 712
1 32
1 116
1 582
1 480
2 211
2 236
2 721
1 673
1 668
2 592
1 464
1 503
2 426
1 87
1 648
1 734
1 97
1 419
1 167
2 240
2 183
1 412
1 556
1 222
2 104
1 74
2 332
1 60
2 154
1 117
1 269
1 741
2 136
2 192
1 769
2 750
1 162
1 93
1 726
2 300
1 59
2 558
1 694
2 767
1 499
2 750
1 369
1 505
2 111
1 289
1 157
2 653
2 287
1 528
2 263
1 63
1 21
1 58
2 9
1 427
2 275
1 410
1 7
1 770
1 51
2 7
1 740
1 444
2 533
2 642
1 641
2 12
1 654
2 226
2 365
2 370
2 428
1 131
2 373
1 91
2 504
2 23
2 757
1 400
1 273
1 617
2 280
1 722
2 526
2 577
2 463
1 310
2 632
2 324
1 430
1 542
1 590
1 546
2 212
2 701
1 309
1 645
2 480
1 780
2 780
2 325
1 71
2 728
1 290
2 228
2 391
1 702
1 85
2 108
1 222
2 487
1 471
2 719
2 297
2 700
2 233
1 784
2 164
2 591
2 183
1 610
1 554
1 212
1 489
1 659
2 179
1 631
1 229
2 127
1 130
2 759
2 109
1 150
2 227
2 298
1 415
2 434
2 395
2 55
2 782
1 1
2 171
1 608
2 205
1 302
1 338
1 411
2 17
2 669
1 496
2 733
2 390
1 80
2 292
1 550
1 154
2 193
1 47
1 283
2 282
1 500
2 229
1 431
1 446
2 171
1 423
2 360
2 178
1 559
2 356
2 182
2 496
2 779
1 636
1 210
1 89
1 434
1 352
2 665
1 320
2 766
2 650
2 610
2 508
1 137
2 422
1 42
2 398
2 713
1 352
1 145
1 232
1 468
1 373
1 772
2 378
1 332
2 682
1 791
1 548
2 61
1 794
1 387
2 260
1 37
1 155
2 723
1 565
1 535
2 165
2 349
1 698
2 367
1 775
2 466
1 549
1 217
1 596
1 574
2 193
2 209
2 92
2 709
2 270
1 369
1 234
1 409
2 297
2 432
1 69
2 41
2 405
2 311
2 679
2 5
2 567
2 95
1 598
1 637
1 10
2 92
2 415
2 43
1 534
1 363
2 636
1 46
1 416
2 74
2 777
2 492
1 586
2 52
2 689
2 62
1 544
2 339
2 249
1 649
2 322
1 132
2 186
2 335
1 170
1 621
1 418
1 335
2 324
1 221
2 644
2 763
2 78
1 716
1 83
2 30
2 717
1 71
1 78
2 101
1 504
1 449
1 103
2 419
2 399
1 267
2 374
1 245
1 325
2 414
1 203
1 345
1 745
1 699
1 160
2 22
1 623
2 585
2 453
1 144
1 474
1 346
2 358
1 516
2 199
1 727
2 605
2 254
1 10
2 516
1 462
1 165
1 758
2 371
1 194
2 596
1 65
2 181
1 589
1 215
1 483
2 124
1 6
2 420
1 612
1 699
2 267
1 484
2 644
1 80
2 769
2 257
1 48
1 441
2 170
2 218
1 201
1 387
1 710
2 330
2 702
2 407
2 751
1 519
2 208
1 444
2 73
1 595
2 773
1 772
1 521
1 121
2 94
2 382
2 454
1 525
2 713
2 76
2 727
1 531
2 219
1 319
2 663
1 578
1 182
1 276
2 149
2 511
2 140
2 320
2 655
2 703
1 329
1 800
1 523
2 790
2 116
2 587
2 482
1 588
2 743
1 648
1 473
2 180
1 497
1 188
2 370
2 28
2 523
1 506
2 251
2 413
2 598
2 710
1 691
1 52
1 115
2 628
2 64
2 59
2 279
1 546
2 306
2 685
2 36
1 771
2 652
1 121
2 714
1 510
1 621
1 782
2 538
2 731
2 353
2 272
1 624
2 259
2 618
1 409
2 635
1 199
2 485
2 491
1 205
2 707
2 747
2 33
2 61
1 307
1 774
1 28
2 412
2 382
1 433
2 406
1 390
2 716
1 453
1 62
2 416
1 108
1 476
2 771
1 715
1 775
1 611
1 441
2 288
2 126
1 787
1 211
1 177
2 547
2 79
2 517
1 781
2 649
1 278
1 101
1 148
2 460
2 628
2 786
2 173
1 394
2 270
2 736
1 392
2 308
1 427
2 513
2 661
1 758
1 518
1 14
2 196
2 358
2 761
2 676
2 580
1 236
1 85
2 258
2 613
2 737
2 274
1 214
1 9
2 690
1 291
1 386
2 75
2 136
1 543
2 478
2 110
2 341
1 669
1 38
1 48
1 123
2 114
2 213
2 786
2 159
1 242
2 757
1 288
2 151
1 601
1 289
2 202
1 517
1 187
2 355
2 605
1 685
1 553
1 206
2 677
2 580
1 105
1 216
2 667
1 381
2 540
1 12
2 271
1 781
1 257
2 726
2 359
2 123
1 213
2 70
1 611
2 113
2 552
1 6
2 524
2 666
1 475
2 60
2 643
2 33
1 663
1 349
1 379
1 384
2 691
2 695
2 29
1 329
2 701
2 732
1 705
1 694
1 115
1 172
2 520
1 184
2 178
2 152
2 683
2 56
2 19
1 294
1 266
2 319
1 76
2 210
1 556
1 536
1 344
2 41
2 532
1 230
2 722
2 737
2 119
2 452
2 729
1 252
1 400
1 639
1 573
1 622
1 66
1 672
1 308
1 704
2 138
2 103
2 357
1 296
1 18
1 563
1 94
1 214
2 351
1 459
1 744
2 662
1 16
1 138
1 361
2 425
1 799
1 276
1 217
1 470
1 392
2 686
1 375
2 397
2 792
2 592
2 537
1 774
2 174
2 166
2 711
1 488
2 161
2 675
2 303
1 304
2 482
1 635
2 570
2 532
1 520
2 231
1 104
2 748
2 344
2 752
1 36
1 531
2 248
2 233
2 16
1 581
1 223
2 237
1 105
2 762
2 459
1 594
2 383
2 547
1 739
2 27
1 336
1 401
2 495
1 366
2 97
1 179
1 20
1 220
2 35
2 350
1 195
1 521
2 381
1 497
1 188
1 660
2 5
1 379
1 364
2 285
2 709
1 247
2 403
2 704
1 417
1 560
2 106
2 388
1 201
1 134
1 435
1 286
1 563
2 366
2 660
1 765
1 442
1 264
1 798
2 278
2 145
1 460
1 668
2 579
2 738
1 695
2 619
2 431
1 455
2 376
1 593
1 23
2 364
2 402
1 658
1 389
1 157
2 334
2 561
2 456
2 739
2 266
1 321
1 724
1 338
2 572
1 490
2 568
2 634
2 31
1 795
2 133
1 81
1 515
1 418
1 225
2 581
2 299
1 54
2 295
2 751
1 762
1 420
2 220
2 327
2 238
2 452
2 706
2 127
2 600
1 417
2 721
2 368
2 526
2 82
1 341
1 24
1 706
2 589
2 647
2 227
1 151
1 219
1 555
2 643
2 632
1 407
1 631
1 488
2 197
1 746
1 530
1 120
2 24
1 285
1 730
2 579
1 599
1 46
1 389
1 507
2 622
1 96
1 177
2 429
1 671
2 462
2 512
1 487
2 741
1 393
1 166
1 602
1 148
2 15
2 478
2 666
2 293
1 244
2 13
1 763
1 202
2 240
1 323
2 295
1 770
2 207
1 753
1 68
2 368
1 102
2 511
1 661
1 413
1 265
1 403
2 343
1 479
2 323
1 429
2 557
2 139
1 122
2 740
1 646
2 528
1 652
2 132
2 455
2 575
2 674
2 535
2 609
1 443
1 473
2 117
1 753
2 551
1 47
1 573
2 468
1 525
2 328
2 313
2 607
1 91
2 414
2 277
2 645
2 39
2 799
1 678
2 583
1 34
2 96
1 333
1 512
2 680
2 129
2 241
1 303
2 616
1 11
2 466
1 226
2 630
2 189
1 336
1 35
1 582
2 587
2 529
2 113
1 239
1 302
2 224
2 448
2 109
1 640
2 428
2 342
1 228
2 142
2 734
1 100
1 754
2 505
1 638
1 4
1 508
2 53
1 153
2 664
1 296
2 271
2 530
2 375
2 626
2 209
1 309
2 614
2 156
1 223
1 502
2 404
2 658
2 72
2 744
1 784
1 247
2 318
2 570
2 253
2 110
1 100
2 348
1 595
2 146
2 216
2 641
1 38
2 185
1 640
2 277
1 797
1 437
1 509
2 32
1 316
2 693
1 686
1 158
1 72
2 421
2 467
1 485
1 597
1 200
1 439
1 51
1 693
1 235
2 194
1 82
2 800
1 723
2 756
2 423
1 675
1 560
2 489
1 326
2 604
2 143
2 304
1 700
1 40
2 141
2 682
2 430
2 609
1 238
1 355
2 383
1 711
2 450
1 798
2 571
1 164
1 345
1 574
1 133
1 502
1 169
2 195
1 571
2 559
2 301
1 245
1 503
1 68
1 449
2 93
1 70
1 312
1 566
2 359
1 583
1 567
1 249
2 27
1 457
2 518
1 613
2 185
1 450
2 77
2 353
1 662
1 540
2 14
1 558
2 50
2 767
2 158
1 724
2 187
2 19
2 206
1 680
1 519
2 377
1 147
1 176
1 66
1 654
2 629
1 316
2 647
2 577
1 340
2 261
2 689
1 331
2 255
1 45
1 152
1 773
2 671
1 107
1 465
1 788
1 99
2 438
1 279
2 498
2 768
2 760
1 241
2 527
2 451
1 347
1 684
2 156
2 684
1 385
2 561
1 500
1 204
2 623
2 175
1 768
1 687
1 764
2 754
1 793
2 362
2 634
1 639
1 159
2 176
1 168
1 555
2 625
2 572
2 564
2 250
2 292
2 749
2 150
2 653
2 435
1 142
2 284
1 590
2 406
2 2
2 477
1 524
2 203
2 576
2 688
2 246
2 421
1 725
1 63
1 346
2 656
2 514
2 318
1 291
1 454
1 372
1 244
1 253
2 438
2 128
2 742
1 3
2 306
2 322
2 481
2 674
1 339
1 401
2 361
2 608
1 149
2 439
1 569
1 433
1 756
1 81
2 343
1 637
1 44
1 664
2 55
2 544
2 447
1 436
2 139
2 234
2 391
2 638
2 703
2 314
2 584
2 399
2 576
2 99
2 31
1 692
1 789
2 282
1 340
2 600
1 783
1 135
2 283
2 315
1 3
1 747
1 586
2 626
2 198
1 200
1 237
2 371
2 225
1 284
2 506
1 606
1 11
2 334
2 696
2 112
1 242
2 310
1 445
2 670
1 118
1 174
1 533
2 447
2 603
1 624
1 262
1 584
2 539
2 365
1 84
1 529
1 169
2 88
1 75
1 268
2 314
2 475
2 263
2 507
1 337
2 402
1 372
2 317
1 90
1 542
1 311
1 89
1 553
2 408
2 354
2 126
2 597
2 137
2 783
2 776
2 471
1 232
1 550
1 681
1 425
2 144
2 88
1 657
1 286
1 717
2 426
1 679
1 300
1 424
2 578
1 493
2 153
2 350
1 190
1 281
1 554
2 393
2 125
1 190
2 64
1 124
2 386
1 125
1 687
2 106
1 736
1 131
1 718
1 617
2 796
1 86
1 443
2 499
2 120
2 147
1 394
2 730
1 20
2 566
2 490
2 243
1 451
2 748
2 281
2 565
1 299
2 797
2 252
1 315
1 552
2 650
2 795
2 197
