1100 7500
1 100
2 374
2 386
2 546
2 218
1 513
1 413
2 524
2 278
1 298
2 13
2 408
2 203
2 424
1 90
2 545
1 274
1 297
2 379
2 317
2 356
2 159
1 352
2 242
2 537
2 318
2 221
2 399
1 503
1 225
1 194
1 355
1 521
1 161
1 275
1 89
1 377
1 262
2 124
2 95
2 445
2 132
1 17
2 6
1 448
2 179
1 65
1 80
2 38
1 456
2 208
1 173
2 282
1 382
1 332
1 81
1 305
1 299
1 21
1 320
2 72
1 407
2 368
2 487
2 444
1 388
1 127
1 182
1 414
1 288
1 62
2 126
1 258
2 180
1 13
1 199
2 169
2 341
2 252
2 31
1 456
2 436
2 326
1 232
1 50
2 211
1 531
1 514
1 1
1 293
2 301
1 455
2 315
2 526
2 269
1 77
2 411
1 28
1 295
2 101
1 348
2 311
1 239
1 304
2 486
2 220
1 425
1 392
2 171
1 341
2 413
1 233
2 368
1 187
2 118
1 505
1 172
2 43
1 52
1 44
2 108
1 404
2 474
1 463
2 143
1 430
2 408
1 404
1 548
1 261
1 292
1 150
2 478
2 290
1 529
2 307
2 169
1 219
1 210
1 447
2 305
1 502
2 263
2 80
1 302
2 447
1 198
2 159
2 296
1 65
2 276
2 118
1 469
1 493
2 315
1 439
2 266
2 201
1 134
1 289
1 547
2 292
2 153
2 116
1 540
2 490
2 520
1 246
1 56
1 429
2 75
1 190
1 281
2 131
1 239
2 509
1 525
2 516
2 505
1 372
1 333
1 531
2 424
2 99
1 207
1 313
2 498
2 217
1 542
1 417
2 338
1 83
1 367
1 78
2 284
2 411
1 167
2 431
2 18
1 84
1 420
1 192
1 150
1 25
2 529
2 530
1 10
2 262
1 310
2 316
2 3
1 471
2 406
1 114
1 277
1 494
1 461
1 128
1 108
2 321
2 244
2 495
2 125
1 203
1 151
2 231
1 371
1 60
2 97
2 4
1 319
2 58
2 176
2 477
2 503
1 185
1 499
1 490
2 322
2 168
1 68
2 54
2 403
1 46
1 88
2 22
2 323
2 517
1 325
2 280
1 480
1 374
1 517
2 264
1 200
1 141
2 339
2 329
2 181
2 362
1 251
2 544
1 233
1 30
2 346
2 362
2 98
1 132
2 143
2 479
2 37
1 88
1 350
1 497
1 364
1 136
1 437
1 71
2 47
2 277
1 257
2 58
2 345
2 280
2 140
2 527
1 364
1 474
1 343
1 166
2 508
2 268
2 470
1 225
1 346
2 178
2 162
1 51
2 304
1 135
2 191
1 256
1 122
2 187
1 387
2 177
2 353
2 33
2 375
2 396
2 477
2 139
2 391
1 329
1 351
2 350
1 316
1 205
1 332
2 67
2 19
1 165
1 407
1 313
2 430
2 217
2 342
2 457
2 238
1 525
1 184
1 199
2 449
1 170
2 34
2 441
1 475
1 269
1 418
1 208
1 195
1 427
2 412
1 545
1 166
2 81
2 369
2 57
1 311
2 260
2 180
1 536
2 390
1 442
2 151
2 29
1 480
2 130
1 380
1 384
1 363
2 104
2 454
1 496
1 34
2 129
2 133
2 506
1 64
2 144
2 334
1 90
2 344
2 549
2 538
1 256
2 472
1 112
2 259
1 173
1 157
1 422
1 68
1 462
1 245
1 157
2 115
2 340
2 1
1 395
1 450
1 359
2 270
1 164
1 357
2 113
1 463
1 86
1 109
2 263
2 228
2 439
2 419
1 309
1 482
1 336
2 459
1 366
1 355
2 510
1 61
2 193
2 421
1 328
2 284
2 105
1 4
1 464
2 66
1 435
2 32
1 334
2 167
2 483
1 36
2 453
1 288
2 396
2 191
1 314
2 272
2 115
1 138
1 243
2 471
1 293
1 321
1 337
1 365
1 500
2 40
1 133
1 254
2 541
1 190
2 282
1 71
2 85
1 528
1 476
1 95
2 541
2 357
1 274
1 248
2 291
1 16
1 373
2 417
2 212
2 514
2 486
1 419
1 96
2 268
1 338
2 156
1 226
1 47
2 287
1 432
1 39
2 247
1 46
2 369
1 41
1 502
2 56
1 49
2 397
1 317
2 532
1 17
1 105
1 235
2 400
1 349
1 24
2 380
2 62
1 377
1 426
1 359
2 134
1 189
2 342
1 300
1 82
1 148
1 484
1 215
1 229
2 534
1 360
1 465
2 234
1 205
1 119
2 237
1 273
2 335
2 422
2 467
2 465
2 436
2 381
1 366
2 87
2 365
1 163
2 69
2 51
1 103
2 197
1 35
1 183
1 222
1 53
1 271
1 102
2 336
1 487
2 519
2 491
2 258
1 15
2 49
1 40
1 210
1 347
1 196
2 37
2 492
1 433
2 43
1 14
1 64
2 363
2 255
1 7
1 257
2 543
1 506
1 410
2 473
2 19
2 170
1 74
1 178
2 402
1 147
1 5
1 278
1 127
2 244
1 415
1 228
1 501
1 174
1 254
1 538
2 428
2 386
2 194
1 221
1 445
2 26
1 149
2 330
1 279
2 78
1 295
2 283
1 227
2 516
2 508
1 399
1 29
1 227
1 507
2 331
2 192
2 84
1 450
2 324
1 250
1 379
1 286
1 193
2 446
1 168
1 11
1 290
1 300
1 489
2 511
1 451
2 214
2 398
1 448
1 451
1 504
1 384
1 475
1 276
1 499
2 402
2 318
2 45
2 121
1 245
2 452
1 533
2 128
2 389
2 83
2 226
1 144
1 327
2 468
1 421
2 63
1 249
1 110
2 536
1 186
2 238
1 165
2 138
1 135
1 251
1 32
2 307
1 60
2 188
2 391
1 113
1 237
1 540
1 91
2 137
1 198
2 394
1 533
2 12
1 142
2 537
1 264
1 387
2 285
2 129
1 91
2 171
1 425
2 172
1 145
2 202
2 438
2 549
2 265
1 393
1 148
2 250
1 137
1 398
1 326
1 458
1 36
2 93
1 472
1 235
2 236
2 54
1 409
2 211
1 18
2 87
1 303
2 297
1 185
1 42
1 491
2 378
1 253
1 158
1 434
2 494
2 348
2 61
2 294
1 535
2 452
1 69
1 266
2 112
1 215
1 328
1 345
1 291
1 370
2 106
1 212
2 390
1 197
2 3
2 55
2 511
1 247
1 261
2 22
1 544
1 497
1 431
1 267
1 401
2 270
1 335
2 405
1 361
2 240
2 395
1 27
1 418
2 117
2 382
1 492
2 358
2 378
2 339
2 94
1 188
1 214
1 383
2 136
2 229
1 548
1 301
1 121
2 312
1 234
1 73
1 75
1 466
2 358
1 485
2 441
2 124
1 455
2 242
2 116
2 74
2 330
2 224
2 314
2 248
2 543
1 141
1 163
2 272
2 142
2 454
1 146
2 310
2 101
1 296
2 209
2 526
1 510
1 400
1 224
2 325
2 423
1 449
1 59
1 92
1 483
2 2
2 20
2 162
1 30
2 308
1 183
2 340
2 360
1 2
2 201
2 496
1 473
2 416
1 222
1 464
1 89
1 371
2 532
1 23
1 182
1 512
2 515
1 406
1 440
1 39
1 50
1 523
1 286
1 550
2 443
2 509
2 518
1 241
1 85
1 414
2 281
2 11
1 8
1 230
1 550
1 9
2 123
2 252
1 343
2 481
1 179
2 96
2 20
1 35
1 70
2 458
1 298
2 160
1 337
2 523
2 433
2 260
1 253
2 279
2 41
1 209
2 246
2 385
1 354
1 352
2 524
1 397
2 376
1 306
2 265
2 106
2 161
1 534
2 76
1 175
1 519
1 308
1 21
2 72
2 349
1 218
2 460
1 10
2 160
2 275
2 495
2 213
1 152
1 186
2 31
1 202
1 176
2 97
1 428
1 535
2 5
2 462
1 273
1 259
2 255
1 131
2 86
1 434
2 353
2 92
1 15
1 527
2 333
1 322
2 512
1 126
1 303
1 232
2 100
2 103
1 437
1 426
1 539
1 479
2 93
1 469
2 289
1 139
1 351
1 147
2 249
1 45
1 416
2 9
1 109
1 476
2 542
2 236
1 230
1 478
1 453
1 409
1 389
2 155
1 219
2 59
1 381
1 493
1 287
2 99
1 42
1 470
2 388
1 267
2 117
1 500
1 98
2 67
2 216
2 153
2 482
1 94
2 33
1 38
2 184
2 130
2 53
2 216
2 327
1 111
1 107
2 461
1 444
2 231
1 177
2 55
2 438
2 123
2 306
2 70
1 155
1 504
1 466
2 373
2 427
2 522
2 539
1 120
2 223
2 299
2 319
2 110
2 309
2 206
1 8
2 521
2 102
1 356
2 76
1 546
2 207
2 372
2 302
2 410
2 204
1 220
1 120
2 204
2 460
1 223
1 468
2 415
1 175
2 122
2 467
1 401
2 195
2 48
1 181
1 485
2 383
2 241
2 7
2 442
2 27
2 457
1 429
2 423
2 73
2 213
2 488
2 518
2 370
1 145
2 385
2 522
2 111
1 393
2 66
1 515
2 14
1 79
1 156
1 440
1 77
2 57
1 501
2 283
2 28
2 547
1 174
2 489
1 44
1 412
1 12
2 354
2 26
2 446
2 394
1 107
1 420
2 320
2 152
1 432
2 206
1 114
1 79
2 119
1 125
1 6
2 392
1 403
1 154
1 82
1 530
2 435
1 164
2 484
1 507
2 149
1 146
1 25
2 16
2 140
2 488
1 376
2 324
2 52
2 189
2 104
2 271
2 361
1 347
2 481
1 323
1 520
2 24
2 48
1 528
1 367
2 312
1 285
2 405
2 243
2 200
1 331
2 158
2 23
1 344
2 443
1 240
2 498
2 375
2 513
1 196
2 459
1 63
2 294
2 154
