1600 5500
2 488
1 262
1 700
2 21
1 567
1 248
2 206
1 791
1 545
2 777
1 169
1 250
1 192
1 323
1 596
1 365
2 611
2 705
1 78
1 650
1 31
1 429
1 230
1 22
1 413
2 530
2 125
1 106
2 380
2 736
1 707
2 321
2 318
1 63
1 404
1 158
2 157
1 740
2 552
2 40
2 524
1 686
2 361
2 632
2 101
1 199
2 577
1 654
2 686
2 489
2 19
1 305
2 310
2 83
2 427
2 783
1 298
2 780
2 369
2 694
2 246
1 316
2 16
1 468
1 516
1 35
2 761
1 599
1 450
1 258
1 391
2 306
1 34
2 78
1 390
1 136
2 344
2 5
1 458
1 584
1 352
2 191
2 742
2 483
1 691
1 3
1 428
1 687
1 598
1 568
1 366
2 704
1 748
2 426
1 50
2 398
2 717
2 532
2 229
1 137
1 91
1 18
2 797
1 568
2 716
2 438
1 248
2 779
2 588
1 478
1 153
2 45
1 30
1 474
2 162
1 519
2 127
1 674
1 259
1 606
1 688
2 741
2 452
2 287
2 537
1 278
1 462
1 507
1 726
2 642
2 11
2 315
2 256
2 203
2 10
2 236
1 214
1 386
2 300
1 522
1 652
1 353
2 127
1 777
2 197
1 644
1 164
1 244
2 183
2 186
2 399
1 646
1 414
2 743
2 283
2 739
1 379
1 259
1 314
1 710
1 324
2 628
2 407
2 140
2 381
1 633
2 666
2 205
1 709
2 743
2 104
2 490
2 193
1 766
2 750
1 538
1 313
1 677
2 630
1 155
2 505
2 650
1 84
2 119
2 234
2 510
2 405
1 202
2 418
2 147
1 587
2 507
1 779
1 459
2 135
1 144
1 665
2 293
2 577
1 138
2 61
2 29
2 692
2 437
2 551
2 341
1 126
1 295
2 251
1 200
1 27
2 701
1 272
1 493
1 392
1 270
2 634
1 699
1 11
1 528
1 790
2 279
1 421
2 281
1 7
2 677
2 537
1 310
1 150
1 684
2 627
2 515
1 468
1 655
1 649
2 527
2 35
1 532
2 287
2 717
2 266
1 40
1 148
2 24
1 663
2 315
2 232
2 171
2 92
1 574
2 473
2 529
2 600
1 634
1 378
2 369
1 5
1 385
1 415
2 387
1 668
1 277
1 778
2 531
2 745
1 414
2 471
2 54
2 763
2 359
1 247
1 272
2 436
2 15
2 702
1 170
1 671
2 219
1 353
2 291
1 322
1 778
2 382
1 429
1 473
2 288
1 28
1 653
1 282
2 408
2 235
1 775
2 794
1 603
2 562
2 47
2 253
2 336
1 347
2 85
1 117
2 1
2 80
2 621
1 360
2 362
2 72
1 561
2 639
2 225
1 699
2 111
2 351
1 642
1 327
2 723
2 114
1 360
2 448
1 525
2 600
2 100
1 661
2 26
1 619
1 114
1 263
2 622
2 120
1 95
1 494
1 49
1 580
1 297
2 601
2 768
2 515
2 420
1 374
2 422
2 643
2 397
1 682
2 75
1 783
2 86
2 491
2 543
2 345
1 337
1 475
2 486
1 227
1 58
1 96
1 322
2 590
1 234
1 585
2 82
1 690
1 364
2 267
2 578
1 492
2 444
2 252
1 639
2 108
1 610
1 215
2 755
1 8
1 662
1 793
1 15
1 196
2 52
2 432
1 533
2 460
1 764
1 423
1 185
2 64
1 683
1 624
1 769
1 158
2 97
1 162
2 656
1 17
1 180
2 36
1 576
1 340
2 262
1 786
1 299
2 571
1 659
2 796
2 715
2 149
1 153
1 174
2 355
2 216
2 260
2 498
2 599
2 279
2 667
1 607
1 160
1 514
1 703
1 77
2 346
2 785
1 58
1 110
1 400
1 388
2 274
1 715
2 724
1 45
2 246
1 616
2 469
2 208
1 395
2 399
1 559
2 269
1 172
1 37
2 28
1 311
2 128
1 357
1 412
1 517
1 416
1 29
2 476
2 129
1 205
1 304
1 548
2 497
2 69
1 756
2 115
1 597
1 145
1 4
1 730
2 478
2 592
1 106
1 628
1 94
1 622
1 570
1 112
1 422
2 781
2 193
1 489
2 133
2 226
2 103
2 263
2 85
1 326
1 128
2 539
2 552
2 421
2 152
2 358
2 256
1 501
2 18
1 747
1 464
1 270
2 307
1 371
1 788
2 384
2 317
2 738
2 146
1 367
1 76
1 610
1 220
2 506
1 538
2 154
1 502
1 737
1 347
2 178
2 120
1 194
2 281
1 513
2 676
1 687
2 789
1 543
2 208
2 356
1 249
1 672
2 772
2 424
1 130
2 217
1 696
1 213
1 372
2 741
2 157
2 483
2 618
2 670
1 666
2 228
1 492
1 695
2 419
2 273
1 296
2 134
1 257
1 202
1 742
2 331
1 141
2 407
2 242
1 487
1 210
2 508
1 563
2 335
1 566
1 401
2 187
1 332
1 400
1 472
2 231
2 724
1 89
1 574
1 480
2 545
1 602
1 296
2 390
2 9
2 216
2 179
1 712
2 173
2 124
2 235
2 328
1 435
1 378
1 440
2 466
1 444
2 384
1 598
1 222
1 766
2 201
2 464
2 112
1 619
1 198
1 81
1 582
2 713
2 562
1 767
2 499
1 697
1 271
1 387
1 214
1 792
1 375
1 52
1 557
1 609
1 167
1 275
2 508
1 572
1 113
2 640
1 175
1 260
2 268
1 449
1 798
2 117
2 122
1 486
2 50
2 203
2 121
1 469
1 579
2 268
1 726
2 540
1 434
2 225
2 223
2 261
1 382
1 800
1 305
1 137
2 580
2 385
2 74
1 475
1 525
2 176
2 289
2 703
2 452
1 136
2 59
1 51
2 42
1 308
2 705
2 320
2 581
1 328
1 221
2 431
1 763
2 551
2 179
1 430
1 780
1 633
2 496
1 67
1 23
1 488
2 442
1 257
2 302
2 350
2 710
2 212
2 613
1 41
2 504
2 781
1 451
2 665
2 490
2 293
1 163
2 528
2 143
1 116
2 356
1 181
2 159
2 412
1 361
1 698
1 174
1 711
1 586
1 343
1 671
2 745
2 396
2 594
1 393
2 655
2 799
2 348
2 207
1 530
1 25
2 418
1 453
2 26
1 284
1 241
1 342
1 738
1 267
2 389
1 516
1 443
2 616
2 547
2 105
2 365
1 142
2 43
1 771
1 770
2 740
1 613
1 392
2 182
2 433
2 518
1 555
1 759
1 297
1 79
1 218
2 635
1 675
1 567
1 749
1 603
1 303
2 631
1 99
2 67
1 587
1 172
1 678
2 53
2 465
1 243
1 460
1 346
2 123
2 330
1 3
1 261
2 166
1 704
2 595
2 527
2 641
1 425
1 756
2 536
1 732
1 290
2 618
2 139
2 662
1 187
1 93
1 721
2 134
1 533
1 109
1 51
1 210
1 20
1 8
1 718
1 470
1 237
1 388
1 510
2 122
1 10
1 60
1 561
1 467
1 614
2 459
2 564
1 227
2 104
1 690
2 161
2 800
1 339
2 439
2 626
1 204
2 673
1 12
2 376
1 470
1 165
2 135
1 658
1 565
1 394
1 466
2 178
2 733
1 544
2 228
2 321
1 113
2 75
2 578
2 497
1 583
2 333
2 290
1 372
1 285
1 14
2 549
1 102
2 231
2 76
1 33
2 713
2 491
1 98
1 451
1 752
2 641
2 325
2 769
1 265
2 239
2 644
2 608
2 626
1 96
1 70
1 141
1 68
2 39
1 734
2 245
1 358
2 242
1 747
2 449
2 190
1 654
1 218
2 505
1 645
1 692
2 670
2 176
2 410
2 415
2 736
2 82
1 571
1 154
1 401
2 594
2 66
1 73
2 199
2 175
1 685
2 265
2 664
2 237
1 795
2 684
2 794
2 796
2 611
1 233
2 761
2 441
2 53
2 620
2 676
2 732
1 762
1 757
1 123
2 625
1 514
1 591
2 151
1 345
1 406
1 728
2 398
1 24
1 195
2 467
2 215
1 790
2 541
2 787
2 370
1 498
1 374
2 292
2 597
1 156
2 623
2 420
2 569
2 447
2 636
2 332
2 280
1 661
2 19
2 689
2 348
2 42
1 753
2 663
1 329
2 454
1 719
1 518
1 161
2 522
1 773
1 220
1 609
2 647
2 32
2 252
2 155
2 233
1 583
1 433
1 575
2 288
2 206
2 255
2 108
1 660
1 425
1 784
1 271
2 485
1 630
1 765
2 89
2 589
2 653
2 163
1 70
1 591
2 249
1 453
2 12
2 98
2 588
2 494
2 301
2 484
1 86
2 432
2 38
1 448
2 645
2 240
1 102
1 556
2 317
2 413
2 450
2 131
1 204
2 558
2 446
1 513
2 167
1 14
1 109
2 607
1 350
2 169
2 197
1 517
1 584
2 445
2 638
1 785
1 739
2 501
1 685
2 556
1 364
2 714
1 789
2 326
2 56
1 276
2 139
2 504
2 142
2 604
2 751
1 88
2 359
1 294
2 722
2 37
1 1
2 601
1 180
1 39
1 119
2 80
1 308
1 184
1 344
2 722
1 708
1 536
1 423
2 648
2 458
1 529
2 71
1 506
2 277
2 675
2 446
1 95
1 669
1 116
1 758
1 302
1 393
2 329
1 226
1 403
1 586
2 461
1 437
2 23
2 683
2 6
2 521
2 20
2 63
2 753
1 509
1 254
1 318
2 539
1 351
2 760
1 301
1 614
1 757
2 617
1 682
1 97
2 7
1 696
2 69
2 165
2 706
2 94
2 362
2 754
1 6
1 419
2 408
1 565
1 768
2 145
1 503
2 625
2 767
2 615
2 557
1 748
2 368
1 629
2 377
1 612
2 68
1 596
1 306
2 253
1 572
1 334
2 92
1 678
2 512
2 620
2 593
1 477
2 295
2 283
2 631
2 355
2 291
1 90
1 313
2 232
2 62
2 787
2 546
1 150
1 224
2 143
2 472
1 103
2 118
1 700
2 64
1 689
1 589
2 342
2 44
1 759
2 456
2 793
1 286
2 300
1 744
2 573
2 479
2 688
2 352
1 309
1 188
2 461
1 752
2 244
1 395
2 595
2 720
2 251
1 185
2 664
1 331
1 502
1 151
1 540
2 36
1 111
2 646
1 674
1 33
2 282
2 693
1 307
2 471
1 309
2 729
1 712
1 455
2 325
2 673
1 563
2 200
2 605
2 720
1 312
1 192
2 786
2 201
2 131
2 428
1 443
1 164
2 549
1 550
2 629
2 765
2 612
1 652
1 762
1 774
2 391
1 550
1 31
1 667
1 373
2 770
2 184
1 637
1 284
2 292
2 411
1 544
1 57
2 181
1 615
2 772
2 509
2 435
1 48
2 764
1 66
2 314
1 503
1 716
1 585
1 224
1 718
2 523
1 373
1 465
1 303
1 243
2 735
1 731
2 403
1 558
1 698
1 701
1 648
2 375
2 394
2 776
1 447
2 457
2 559
1 441
1 61
2 555
2 751
2 189
2 579
1 72
1 105
1 535
2 46
2 209
1 434
1 90
2 327
1 531
2 87
2 474
1 542
1 241
1 217
2 680
2 354
2 219
2 349
1 115
2 159
1 755
2 660
1 189
1 729
2 118
1 512
2 424
1 25
2 456
2 719
2 564
1 110
1 349
1 311
1 691
2 21
2 439
2 750
1 605
1 592
2 569
2 523
1 149
2 132
2 737
2 209
1 125
2 247
1 171
2 132
1 541
1 438
1 463
1 784
2 194
2 182
2 264
2 760
2 436
1 337
1 383
2 396
2 221
1 481
1 476
2 177
1 213
1 148
2 379
1 9
2 581
2 275
1 746
1 799
1 651
2 129
1 417
2 47
1 406
2 13
1 566
2 681
1 430
2 495
1 791
2 91
1 731
2 380
1 526
1 330
1 144
1 43
1 211
1 65
2 647
1 535
1 239
1 746
2 659
2 71
1 542
2 298
1 680
1 627
2 553
2 30
1 524
2 431
2 121
2 371
1 681
1 77
1 255
2 482
2 146
2 702
1 273
1 16
1 186
1 87
1 500
2 107
2 320
2 632
1 34
2 546
2 416
1 160
2 723
2 229
1 754
1 258
1 254
1 147
2 44
1 782
2 454
1 411
1 57
1 668
1 13
1 774
2 269
2 534
1 49
2 397
2 366
2 560
1 520
2 479
1 495
1 32
2 319
2 266
2 776
1 487
1 38
2 341
2 455
1 386
2 657
2 238
2 289
1 602
1 236
2 100
2 728
2 65
2 477
2 99
1 274
2 280
1 383
2 17
1 608
1 190
2 463
1 404
1 499
1 606
1 381
2 409
1 635
1 2
2 55
2 376
1 402
2 222
2 377
1 173
1 389
2 593
1 88
1 725
2 27
2 493
2 526
1 547
1 177
1 484
1 2
2 733
2 357
1 582
2 367
2 196
1 402
1 133
2 240
2 191
2 480
2 195
1 59
1 679
1 417
2 570
2 304
2 324
1 335
1 640
1 333
1 285
1 657
2 651
2 727
1 643
2 338
2 22
1 339
2 636
2 93
1 370
1 168
2 427
2 276
1 409
1 368
1 575
1 649
2 496
1 101
2 211
2 264
2 669
1 354
1 340
2 485
1 553
1 60
2 706
2 725
1 83
2 788
1 56
1 140
2 323
1 126
2 734
1 758
2 336
2 714
1 405
1 573
1 621
1 426
2 749
2 81
2 124
2 166
1 554
1 55
2 457
1 617
2 440
1 771
2 795
1 695
1 188
1 107
1 84
2 170
2 156
2 41
1 152
1 183
1 623
1 343
2 560
2 624
2 212
1 312
1 250
2 500
1 168
1 773
1 792
1 73
2 519
1 299
2 727
2 782
2 694
1 797
2 294
2 693
2 511
1 798
2 708
2 48
1 520
1 590
1 4
1 697
2 316
1 462
2 730
2 230
1 638
2 54
2 604
1 319
2 62
2 138
2 286
2 511
2 711
2 442
2 46
2 482
1 637
2 278
1 672
2 338
1 744
1 79
1 721
2 198
2 707
2 658
2 207
1 245
2 521
1 445
1 576
1 410
1 534
2 709
1 548
1 130
2 775
2 656
1 735
2 679
2 334
1 238
1 363
2 554
1 74
2 223
1 481
2 363
