1100 6000
1 302
1 296
1 94
1 333
2 516
2 340
2 214
1 84
2 290
1 370
2 178
2 276
1 271
1 158
1 506
1 141
1 278
1 98
1 543
1 34
1 384
2 113
1 442
2 215
1 120
2 249
2 289
1 481
1 409
2 429
1 481
2 173
2 244
2 546
2 234
1 231
1 517
2 241
1 396
2 548
1 57
2 356
2 515
2 474
1 74
2 76
2 317
1 465
1 446
2 454
1 20
1 256
2 45
2 443
2 288
2 164
2 21
2 27
1 406
1 201
1 473
1 371
2 540
2 56
1 435
1 508
1 31
2 148
1 425
1 452
1 459
1 223
2 143
2 524
1 307
2 155
1 411
2 30
1 169
2 244
1 271
1 393
2 352
1 289
1 39
1 463
2 62
1 117
2 177
1 188
2 167
1 496
2 242
2 436
1 312
2 186
2 1
2 472
1 148
1 541
1 192
2 90
1 91
2 282
1 130
1 284
2 37
1 399
2 495
1 475
1 5
2 4
1 484
2 74
2 467
1 415
2 233
1 59
1 78
1 412
2 213
2 260
1 391
2 263
2 448
2 199
1 137
2 430
2 363
1 164
2 80
2 104
2 26
1 168
2 338
2 398
2 41
1 436
2 126
1 462
1 437
2 205
2 441
2 8
1 440
1 11
1 445
2 346
2 92
2 238
2 85
2 250
1 536
2 138
2 9
1 468
2 545
1 391
2 55
2 64
1 177
2 73
2 107
1 460
2 385
2 492
2 61
2 113
2 509
1 144
2 351
2 63
2 370
2 343
2 346
2 82
1 282
1 68
2 424
1 195
2 350
1 365
2 28
2 60
1 443
1 330
2 281
2 115
2 357
2 324
1 354
1 59
1 510
2 254
1 157
2 336
1 439
1 175
2 262
1 450
2 181
2 62
2 509
1 280
1 239
2 235
1 315
2 410
1 100
1 348
1 503
1 451
1 397
1 335
2 504
1 114
1 89
1 180
2 91
1 150
1 357
2 486
2 226
2 220
1 402
1 537
1 387
2 246
2 73
2 27
2 329
2 514
2 294
1 322
2 161
1 78
1 202
2 485
1 333
2 287
2 264
2 175
1 57
2 424
1 477
2 239
2 203
2 131
1 53
1 198
1 274
2 437
2 325
1 137
1 5
2 306
1 410
1 147
2 365
2 304
1 472
1 109
2 455
1 208
2 335
1 449
1 542
1 131
1 128
2 303
2 354
1 139
1 7
2 197
1 299
1 501
1 345
1 367
1 378
1 309
2 502
1 26
1 198
2 442
2 154
1 348
2 117
1 294
2 492
2 61
2 189
1 418
1 337
1 433
2 127
2 267
2 500
2 90
1 226
1 425
1 152
2 259
2 328
1 125
1 361
2 537
2 130
2 124
1 528
2 467
2 187
1 114
2 106
2 67
1 222
2 386
1 77
1 386
2 308
2 364
1 184
2 381
1 256
1 304
2 52
2 93
2 262
1 288
1 361
1 194
1 542
2 227
2 209
1 210
2 152
2 84
2 478
2 359
2 197
2 550
1 302
2 350
2 116
2 449
2 107
1 105
2 421
2 249
2 253
2 546
1 208
2 440
1 99
2 217
2 344
1 514
1 1
1 485
2 522
2 219
2 404
2 14
2 46
1 310
1 423
2 237
2 543
1 43
1 63
2 111
1 257
2 469
1 102
2 138
1 228
1 207
2 18
2 332
1 366
1 548
2 379
1 70
1 351
2 413
1 159
1 547
2 541
1 193
1 300
1 404
1 358
1 36
2 123
1 274
2 88
1 383
2 459
1 25
1 381
1 229
2 315
1 16
1 224
2 189
2 223
2 519
2 8
2 225
2 399
1 222
1 403
1 176
1 334
1 19
1 65
2 534
2 167
1 52
1 153
2 455
2 75
2 46
1 512
2 394
1 280
2 431
1 483
2 375
2 196
1 285
1 468
1 479
1 337
2 324
2 43
1 389
2 240
2 141
2 538
1 250
2 504
2 483
2 358
1 230
1 232
1 29
1 251
1 140
2 216
2 23
2 7
2 416
1 285
1 392
2 190
1 495
2 149
2 426
1 397
2 231
2 206
1 296
2 426
1 539
2 276
1 254
2 160
1 97
2 522
2 146
1 311
2 268
2 326
2 67
1 461
1 513
2 179
2 374
1 499
2 439
1 345
1 246
1 311
2 532
2 3
2 369
1 435
1 87
1 544
2 24
1 219
2 252
2 184
2 272
1 65
1 109
2 72
2 135
2 126
1 49
1 447
2 110
2 182
2 352
1 299
2 293
2 284
2 23
1 81
1 529
1 200
2 33
1 471
2 474
1 19
2 498
2 392
2 101
2 527
1 313
1 327
1 339
2 290
2 473
1 76
1 86
1 259
2 47
2 482
1 134
2 217
1 6
1 367
2 396
2 318
2 176
1 145
2 66
2 422
2 210
2 260
1 221
2 390
1 520
2 96
2 409
2 50
2 145
2 525
1 362
2 508
2 139
1 3
2 494
1 525
1 415
2 15
1 119
1 248
2 319
2 493
2 22
2 505
1 475
1 95
1 298
1 293
2 407
2 353
1 79
1 31
2 456
1 277
2 136
2 418
2 133
2 170
1 85
2 94
1 45
1 497
2 414
1 325
2 512
2 70
1 321
1 364
2 372
1 419
2 153
1 305
1 72
2 2
2 464
1 241
2 58
2 163
1 420
1 347
1 255
2 341
2 549
1 403
2 157
2 205
1 44
1 317
2 382
1 190
2 323
2 526
1 75
1 56
2 451
1 372
1 13
1 428
2 103
1 269
1 87
1 405
1 135
2 422
1 266
2 432
2 233
2 162
1 151
2 494
1 28
2 318
1 129
1 108
1 4
2 331
1 283
1 479
1 160
1 470
2 36
1 368
2 417
1 374
2 34
1 20
1 385
1 186
2 316
1 421
2 12
1 359
2 98
2 16
1 279
2 484
1 521
2 366
2 457
1 122
2 353
2 191
1 200
1 394
2 378
2 313
2 387
1 493
2 2
2 112
1 491
2 185
1 286
2 428
1 128
2 331
2 507
2 257
1 506
1 83
2 482
2 363
2 32
2 507
2 243
2 187
2 161
2 368
2 33
2 349
1 430
2 156
2 369
2 371
1 292
1 453
1 122
2 169
1 22
2 97
1 212
1 66
2 549
1 427
1 17
2 144
1 306
1 517
2 373
1 309
1 412
1 37
1 9
1 140
1 540
1 513
2 32
1 166
1 118
2 405
1 460
1 88
1 42
1 427
1 83
1 211
1 445
2 466
1 100
1 376
1 360
1 332
1 55
2 71
1 261
2 40
1 453
2 441
2 301
2 323
1 214
1 510
1 342
2 194
2 486
2 212
1 490
2 347
2 487
2 480
1 355
2 281
1 181
1 24
2 362
2 316
1 229
1 221
1 480
2 269
1 146
2 270
2 258
2 203
1 390
2 79
2 534
2 64
2 416
1 448
2 180
2 118
2 243
2 68
1 400
2 207
2 338
2 498
2 321
1 82
1 401
1 102
2 178
2 218
1 133
2 202
1 224
1 531
2 58
2 447
2 533
2 388
2 220
1 263
2 261
1 539
1 477
1 245
1 476
2 116
2 407
1 487
1 183
1 529
1 550
2 38
1 206
2 523
2 218
1 446
2 340
1 101
1 500
1 527
2 499
2 18
2 237
1 336
2 253
1 283
2 123
2 11
1 247
2 417
2 54
2 236
2 344
2 121
1 142
1 265
1 13
1 515
1 215
1 155
1 431
1 14
2 466
1 432
1 266
2 478
2 235
2 530
1 373
2 376
1 314
2 471
1 489
2 438
2 476
1 86
1 95
2 50
1 51
2 108
2 170
2 488
1 15
2 384
2 196
2 172
1 420
2 42
2 520
1 25
2 314
1 38
1 149
1 518
2 166
1 526
1 195
2 491
2 168
1 51
1 151
1 322
1 273
2 201
1 411
2 377
2 292
1 328
1 124
1 456
1 408
1 183
2 54
2 165
1 105
1 469
1 143
1 388
2 120
2 115
2 17
1 301
1 132
2 49
1 502
2 129
1 275
1 77
2 310
2 69
1 423
1 300
1 106
1 326
1 110
2 264
2 488
2 185
1 532
2 533
1 119
2 172
2 35
1 297
1 40
2 438
2 291
2 238
2 329
1 457
1 393
1 503
1 295
2 47
1 295
2 252
1 450
2 174
2 535
2 464
2 462
2 291
1 342
1 10
2 147
2 382
2 489
2 204
1 89
1 179
2 174
1 523
2 125
1 216
1 531
1 41
2 305
2 303
2 470
2 171
1 272
1 530
2 158
1 521
1 136
2 12
1 60
1 228
1 245
1 341
1 134
2 355
2 104
1 193
2 511
1 360
1 379
2 496
2 277
1 150
2 44
1 458
1 268
2 401
1 251
2 400
2 419
1 461
2 402
2 395
1 444
2 270
2 258
1 334
2 511
2 319
1 103
2 209
1 339
1 275
2 111
2 524
1 199
1 112
2 35
1 48
1 536
1 312
1 213
1 204
2 380
1 287
1 307
1 30
1 516
2 395
1 163
1 93
1 29
1 154
1 53
1 320
2 434
1 454
2 406
2 10
2 191
2 165
2 535
1 232
2 240
1 39
1 519
1 429
2 92
2 188
2 242
1 380
2 501
2 96
1 6
2 71
1 273
2 408
2 490
1 433
2 267
2 389
1 173
1 211
2 171
1 505
1 48
2 545
1 414
2 279
1 225
2 80
1 142
1 458
2 343
1 81
2 227
1 236
1 192
2 327
2 375
1 278
2 547
1 69
1 132
1 497
1 298
2 162
2 159
1 413
2 434
2 528
2 444
1 463
2 21
2 255
1 121
1 156
1 248
1 452
1 398
1 330
1 377
1 247
2 230
1 518
1 465
2 320
1 308
2 265
2 182
1 297
1 127
1 383
1 356
1 538
1 544
1 286
1 234
2 99
1 349
