1600 7000
2 385
1 219
2 397
1 542
2 377
2 218
1 63
1 693
1 337
1 435
2 726
1 784
2 768
2 294
1 613
2 675
1 374
1 584
2 592
1 63
1 133
1 453
1 107
2 425
2 619
1 389
1 119
2 576
2 317
2 634
2 738
2 307
1 81
1 88
2 532
1 376
2 602
1 421
1 342
1 718
2 267
2 672
1 73
2 68
1 43
1 644
2 417
2 648
1 561
1 396
2 278
2 390
2 312
1 737
1 595
1 773
2 780
1 305
2 217
2 252
2 191
1 281
1 653
1 290
2 102
2 439
1 362
1 685
2 486
1 515
2 797
2 371
2 676
2 139
2 254
1 423
2 455
2 583
1 285
1 733
2 114
1 500
2 130
1 347
2 777
1 430
1 151
1 655
2 193
2 604
1 582
2 62
1 207
2 58
1 259
2 39
2 263
1 242
2 751
1 83
1 296
2 417
2 706
1 620
2 262
2 536
2 649
2 248
1 698
2 722
2 221
1 167
1 514
1 242
2 454
1 762
2 756
1 353
2 759
2 179
2 425
2 324
2 97
1 226
1 481
2 334
1 513
1 576
2 580
1 672
2 414
2 362
1 618
2 79
1 279
1 483
2 412
1 609
2 139
2 10
1 327
1 688
2 740
2 401
2 291
1 473
1 701
1 227
2 577
1 713
1 725
2 100
1 130
2 349
2 636
2 320
1 263
2 786
2 100
2 230
1 321
2 719
2 746
1 552
1 13
2 323
2 703
2 82
2 600
2 387
2 22
1 447
1 39
2 12
1 776
1 606
1 579
2 37
2 384
2 436
2 559
2 65
2 800
1 723
2 717
2 557
2 193
2 186
2 488
2 712
2 410
2 799
1 502
1 27
1 728
1 308
2 597
2 471
2 202
2 738
2 713
1 251
1 748
2 764
1 665
2 791
1 575
1 380
1 694
2 69
2 234
1 370
2 48
2 670
1 664
1 359
1 681
1 531
2 782
2 615
1 93
1 93
1 486
1 247
1 442
2 6
1 549
2 574
2 286
2 591
1 134
2 681
2 22
2 144
2 313
1 154
2 246
1 149
2 522
1 390
2 562
2 133
2 305
1 475
1 778
1 733
2 717
2 702
1 488
1 235
1 135
1 625
2 793
1 309
1 175
1 217
1 328
1 799
2 129
2 72
1 152
2 153
2 756
2 382
1 554
1 20
1 507
2 785
1 624
1 64
1 304
2 167
2 596
2 51
1 113
1 659
2 704
1 520
2 162
1 483
2 114
2 496
2 742
2 585
1 788
2 508
1 493
2 33
1 199
1 447
1 661
2 364
1 87
1 274
1 597
2 245
2 467
2 485
2 107
1 110
2 646
1 223
1 244
2 258
2 760
1 237
2 727
2 304
1 686
2 451
1 123
2 458
1 235
2 449
2 241
1 369
2 228
2 433
2 138
1 342
1 536
2 735
2 122
1 721
2 551
2 722
1 203
2 772
2 368
1 702
1 395
2 156
1 340
2 381
2 103
1 158
1 661
2 622
1 673
1 294
1 268
2 695
2 420
2 201
1 530
2 338
1 487
2 33
2 502
1 272
1 534
2 737
1 461
1 754
1 298
2 440
1 172
1 419
2 360
1 105
1 199
1 434
1 725
1 94
1 643
2 578
2 198
2 277
1 346
1 311
2 268
2 796
2 741
2 654
2 75
1 365
1 358
2 548
1 164
1 520
1 27
1 197
1 239
1 261
2 298
2 476
1 359
2 161
2 736
2 218
2 118
1 627
2 376
2 754
2 324
1 585
1 757
2 152
1 353
2 149
2 177
1 682
2 160
1 709
1 32
2 129
2 540
2 532
2 3
2 231
2 341
1 771
1 340
1 56
1 173
1 715
1 171
2 51
2 295
1 4
2 231
2 595
2 474
2 591
1 633
2 590
1 205
2 729
2 34
1 446
1 629
2 519
1 772
2 379
1 115
2 200
1 184
2 743
2 773
1 113
2 666
1 194
2 559
1 700
2 565
1 751
1 429
2 711
2 539
2 429
2 357
2 668
2 705
1 579
2 266
2 264
1 375
2 757
1 103
2 77
2 176
1 347
2 90
1 457
1 593
1 333
1 791
2 469
1 37
1 627
1 564
2 628
2 375
2 169
2 371
1 403
1 602
2 8
2 749
2 393
1 734
2 763
1 678
1 605
2 525
2 625
1 356
2 251
2 620
2 316
2 656
1 66
2 789
2 503
1 187
2 755
2 550
1 660
2 614
2 554
1 465
2 470
2 690
2 170
2 758
1 24
1 45
2 696
1 701
1 663
1 38
1 542
2 183
2 190
1 270
2 598
2 457
2 372
2 106
1 433
2 443
2 718
2 544
2 431
1 255
1 495
2 739
2 679
1 32
2 631
1 708
2 788
1 71
1 525
2 207
1 587
1 424
2 709
2 787
1 11
2 491
2 716
2 10
2 635
2 241
1 687
1 633
1 352
2 200
1 529
2 30
2 223
2 603
2 301
2 766
2 77
1 480
1 178
1 125
2 518
1 315
1 677
1 464
1 363
2 126
1 509
2 240
1 655
2 521
1 104
2 586
2 599
2 391
2 246
1 623
1 600
1 638
2 779
1 53
2 535
1 121
2 501
1 769
1 489
1 607
1 428
1 789
1 74
2 696
1 24
2 136
1 348
1 365
1 373
2 319
2 568
1 506
1 505
1 546
2 183
2 499
2 330
1 452
1 656
2 467
1 45
1 556
2 444
2 408
2 201
1 721
2 116
2 587
1 374
1 300
1 569
2 21
1 42
1 783
1 618
1 615
2 351
1 511
2 141
2 678
2 31
2 646
2 156
2 204
2 262
1 275
1 222
1 555
2 512
2 755
1 478
2 499
1 17
1 616
2 392
2 794
2 303
2 95
2 740
2 674
2 92
1 436
1 283
1 212
2 209
1 120
1 639
2 41
1 284
2 62
1 516
1 677
1 18
1 332
2 399
2 798
1 608
1 742
2 456
1 175
1 47
2 16
1 775
2 744
1 318
1 490
2 767
1 192
2 516
2 761
2 143
1 703
2 449
2 747
2 621
2 538
1 695
2 247
2 36
2 441
1 534
1 648
2 72
2 571
1 616
2 182
1 782
2 399
1 605
1 127
2 79
1 303
2 404
2 225
1 686
1 250
2 239
1 778
1 537
2 146
2 432
1 560
2 54
2 459
1 344
2 307
1 165
1 593
1 357
2 185
1 168
1 132
1 227
1 150
2 329
2 572
2 541
2 189
2 171
1 437
2 698
1 121
1 490
1 758
2 482
2 474
2 385
1 645
1 404
2 469
2 95
2 366
2 669
1 330
2 74
1 86
1 546
2 553
2 477
1 154
2 640
1 608
2 667
1 98
1 767
2 492
1 674
1 405
2 335
1 464
1 76
1 260
2 632
2 402
2 229
1 463
2 427
1 336
2 349
1 25
1 271
2 462
1 5
1 59
2 23
1 750
2 562
2 185
2 73
1 322
1 83
1 596
2 138
1 484
2 649
2 97
2 26
1 750
2 108
1 150
1 603
2 26
2 736
1 187
1 492
2 229
2 558
2 338
2 460
1 323
1 17
1 706
2 64
2 220
1 339
2 65
2 660
1 155
1 463
2 418
1 318
1 363
1 456
1 388
2 378
2 331
1 547
1 406
2 551
2 66
1 56
2 147
1 283
1 487
1 373
1 553
1 783
2 537
1 157
2 611
1 230
2 8
1 391
2 226
2 189
2 573
1 115
1 366
1 109
1 137
1 134
1 104
1 716
1 286
1 274
2 55
2 676
1 394
2 689
2 652
2 673
2 276
1 699
1 281
1 526
1 293
2 196
2 543
1 310
1 253
1 594
1 626
2 34
1 352
1 78
1 638
1 214
2 598
2 81
2 601
1 762
2 92
2 650
2 610
1 296
2 50
2 414
1 504
1 69
1 478
1 287
2 683
1 84
2 234
2 645
2 382
1 354
2 409
1 313
1 671
1 57
2 87
2 639
2 297
1 418
2 388
2 426
2 1
2 317
2 389
1 552
2 356
1 348
1 779
1 563
1 435
2 671
1 468
2 493
2 707
2 524
2 49
2 108
2 572
2 122
1 216
2 40
1 582
2 415
2 642
1 460
1 647
1 314
1 472
2 368
2 70
1 694
2 611
1 278
2 260
1 704
1 748
1 80
1 212
1 566
1 282
2 112
2 351
2 777
2 14
2 401
2 228
2 480
1 61
2 279
2 700
2 776
2 88
2 43
1 629
2 745
1 422
1 186
1 604
2 571
1 407
1 148
2 724
2 619
1 747
2 355
1 628
1 795
2 420
2 312
1 142
2 214
1 90
2 540
1 205
2 233
2 387
2 292
2 215
2 13
1 744
2 60
2 441
1 514
1 384
2 511
1 220
1 549
1 636
1 528
1 128
2 367
2 614
1 192
1 9
2 52
2 683
2 125
1 31
2 176
2 785
1 588
2 282
2 105
2 485
2 640
2 339
1 557
1 232
2 85
1 35
2 224
2 168
2 25
1 455
2 333
1 221
1 547
1 80
2 29
1 658
1 46
2 479
2 289
1 699
2 794
2 529
1 71
1 369
2 521
2 491
1 397
2 519
2 116
2 2
1 110
1 54
2 131
2 578
1 378
1 774
1 249
1 163
1 257
2 761
1 206
2 531
1 468
2 85
1 710
2 60
2 381
1 422
2 637
1 732
2 208
2 61
1 360
1 383
1 445
1 20
2 44
2 277
2 248
1 144
1 38
2 445
1 29
1 753
2 606
1 209
1 666
2 96
2 775
1 132
2 452
1 23
2 555
2 325
1 790
2 254
1 527
2 157
2 462
2 504
2 556
2 669
2 151
2 270
2 662
1 714
2 503
2 644
1 424
1 684
1 512
1 392
1 355
1 475
2 774
2 44
1 617
1 300
1 566
2 580
1 570
2 472
1 470
1 240
1 498
2 454
2 42
1 427
1 734
2 370
2 410
2 14
1 729
2 173
2 458
2 386
2 685
1 28
1 284
1 55
1 89
1 610
2 693
2 180
1 432
2 124
2 570
2 667
2 253
2 482
2 753
2 444
1 21
1 406
2 35
1 513
2 697
1 16
2 735
2 6
1 764
1 118
1 166
2 267
1 715
2 311
1 505
2 522
1 258
2 345
1 179
2 28
2 407
2 586
1 181
1 75
1 630
1 265
2 210
1 607
1 127
2 558
1 459
1 769
2 299
2 288
1 518
1 124
1 276
1 141
2 652
1 236
1 256
1 272
2 49
1 334
2 497
1 160
1 255
2 36
2 726
2 675
2 508
1 403
2 337
1 544
1 515
2 665
1 641
2 210
1 624
1 626
1 345
2 112
1 565
2 766
2 796
2 2
2 583
2 380
2 67
1 117
2 545
1 269
1 567
1 780
1 350
1 195
2 280
1 623
2 510
1 528
1 687
2 741
1 211
1 99
1 650
2 238
1 89
2 612
1 434
2 256
2 527
2 720
1 720
2 568
1 321
1 561
1 358
2 498
2 545
2 250
2 275
2 634
1 177
2 541
1 219
1 1
1 448
2 523
2 211
2 289
2 662
2 440
2 771
2 800
2 166
1 316
2 461
1 400
2 128
2 564
2 510
1 98
1 3
2 137
1 500
1 126
1 635
2 306
2 451
2 539
1 719
1 423
2 30
2 768
2 273
2 682
1 535
1 450
1 328
2 111
1 336
1 497
1 301
2 19
2 191
1 169
1 135
2 728
2 41
1 651
2 402
2 285
2 259
1 569
2 109
1 196
2 613
1 7
1 161
1 48
2 784
2 732
2 310
2 759
1 533
1 238
2 643
2 577
1 165
1 195
1 563
1 477
2 198
2 792
1 11
2 350
1 793
2 265
1 730
1 730
2 159
2 691
2 581
2 792
1 668
1 322
2 40
2 140
1 82
2 530
2 790
1 106
2 136
2 797
2 320
2 489
2 99
1 57
2 494
1 550
2 302
2 295
1 680
2 148
2 379
2 471
2 245
2 573
2 180
1 411
1 707
1 142
2 346
2 476
2 162
1 18
2 367
1 9
2 442
1 590
1 617
2 400
2 621
2 188
2 46
1 609
1 723
1 325
1 224
1 343
2 164
1 437
2 631
2 509
1 439
2 786
2 412
1 592
1 450
1 361
2 326
1 507
2 306
2 159
2 405
1 763
2 120
1 654
1 479
2 787
2 712
2 692
2 466
2 594
1 184
1 438
1 724
1 58
2 252
2 533
1 443
2 131
2 197
2 612
1 770
1 319
1 67
2 188
1 101
2 155
1 291
2 408
1 213
1 501
1 684
2 781
2 642
1 438
2 309
1 326
2 329
2 288
1 581
2 101
2 560
1 688
1 584
1 280
2 765
1 394
2 158
1 659
2 332
1 15
1 409
1 413
2 506
2 297
2 398
2 599
1 548
1 781
1 705
2 637
2 575
2 146
1 526
2 765
2 364
1 622
2 473
1 308
2 19
1 271
2 574
1 94
1 204
1 111
2 524
1 641
1 314
1 651
2 430
2 481
2 290
2 393
1 760
1 743
2 147
2 293
2 215
1 7
1 143
1 5
2 377
1 692
2 117
1 96
1 344
1 383
2 731
2 632
2 15
1 86
2 538
1 123
1 222
1 261
1 174
2 495
2 243
2 664
1 50
2 413
2 415
2 653
2 416
1 243
2 411
1 249
1 426
1 523
1 745
1 145
2 91
1 163
2 237
2 208
2 752
2 91
1 145
1 236
2 465
2 680
2 343
2 266
2 181
1 172
1 4
2 68
2 657
2 47
2 749
2 431
1 711
2 299
2 331
2 102
1 233
2 690
2 78
1 588
2 153
2 496
2 292
2 446
1 466
2 770
1 269
1 354
1 395
1 206
1 731
2 70
2 84
1 752
1 386
1 372
2 170
2 232
2 335
2 589
1 59
2 448
1 746
1 589
2 287
2 182
2 658
2 119
1 601
2 257
2 341
1 670
2 396
1 264
2 398
2 140
1 194
2 419
1 710
2 416
1 273
2 484
1 12
2 244
1 657
2 428
1 52
1 691
1 714
1 76
2 202
1 798
1 630
1 203
2 327
2 689
2 216
1 53
2 647
1 190
1 178
2 225
1 421
2 453
2 663
2 727
2 174
2 302
2 213
2 315
1 567
1 679
1 494
2 517
2 708
1 361
2 543
2 517
2 739
2 697
2 795
