1600 4000
1 178
2 22
2 229
2 487
2 747
2 771
2 380
2 298
1 150
1 666
1 766
2 34
2 172
1 234
2 256
1 188
1 559
2 11
2 4
1 110
1 258
1 583
1 784
1 310
2 668
1 626
2 326
2 171
2 473
2 737
2 552
1 566
1 511
2 259
2 187
2 80
2 699
1 20
1 592
1 619
2 355
1 353
2 717
1 128
1 476
2 599
1 62
2 666
1 554
1 144
1 456
2 390
1 348
1 267
1 317
1 99
2 29
2 377
1 770
1 123
1 388
2 105
1 582
1 165
2 438
1 550
2 730
1 661
2 199
2 296
1 375
2 332
1 268
1 5
2 104
1 353
2 426
2 679
1 672
1 184
1 623
1 489
2 493
1 604
1 350
2 135
2 630
1 45
2 725
1 778
1 715
2 540
2 483
1 149
2 285
2 342
2 602
2 221
2 799
2 607
2 241
2 191
1 510
2 626
2 416
2 305
1 320
2 400
1 452
1 385
2 577
2 96
1 534
2 472
1 728
2 158
2 618
1 329
2 747
2 47
2 479
2 201
1 795
1 424
1 65
2 506
2 229
1 606
2 455
1 515
1 163
1 697
1 258
2 561
2 116
2 635
1 333
1 684
1 349
1 765
2 430
1 138
2 82
1 623
1 289
2 235
2 394
1 209
1 779
2 441
1 363
1 746
1 605
2 180
2 663
1 526
2 237
1 265
1 723
2 569
2 701
2 280
1 680
1 249
1 600
2 710
1 491
2 244
2 139
2 542
2 89
1 359
1 603
2 535
2 389
1 605
2 118
1 371
1 58
2 349
2 659
2 167
1 634
1 97
1 298
2 9
2 202
2 271
2 342
2 24
2 360
1 276
1 619
2 247
2 210
1 591
1 482
2 352
2 31
1 679
2 343
2 608
2 603
1 157
1 94
2 163
2 43
2 763
1 458
2 44
2 504
2 52
1 246
1 338
1 154
2 113
1 779
2 770
1 694
2 690
2 315
1 259
2 288
1 655
2 704
2 327
1 121
2 236
2 686
1 70
1 674
2 556
2 364
2 96
2 215
1 55
1 409
1 614
1 307
2 783
1 412
2 635
1 203
1 488
2 517
2 212
2 533
2 500
1 786
1 356
2 64
1 786
2 85
2 512
2 439
2 482
1 729
2 754
2 131
2 523
2 799
1 275
2 662
2 109
1 475
1 446
1 360
2 765
1 616
2 102
1 423
1 185
2 15
2 443
1 132
1 57
1 91
1 746
1 735
2 634
2 81
1 198
1 250
2 257
1 749
1 631
2 685
2 710
1 489
1 322
2 374
1 314
1 536
2 662
1 191
2 390
1 51
1 120
1 188
1 467
1 160
2 311
1 545
1 573
1 687
1 796
2 480
1 531
2 230
2 632
1 631
2 14
2 496
2 470
2 578
1 552
1 463
1 386
1 558
2 373
2 364
2 739
2 354
1 660
2 397
2 597
1 267
2 308
1 293
2 335
2 410
1 170
2 517
1 204
2 347
1 696
1 590
2 75
1 753
1 356
1 442
2 615
1 647
1 220
2 682
2 432
2 24
2 71
1 532
1 641
1 437
1 392
2 627
2 582
1 64
2 227
1 177
2 671
1 718
1 471
1 429
2 160
1 105
2 166
2 92
1 645
1 485
2 484
1 102
2 638
2 106
2 296
2 462
2 455
2 417
1 254
2 340
1 358
2 18
2 70
2 9
2 702
2 522
2 439
2 399
1 508
1 42
2 358
2 749
1 798
1 207
2 519
1 507
1 622
2 787
1 764
2 182
1 613
1 632
1 371
2 344
2 452
1 528
2 530
1 85
2 143
2 40
2 130
1 161
1 8
1 459
2 606
2 367
2 251
2 39
1 693
2 225
2 584
1 433
1 328
2 122
1 387
1 718
2 491
2 114
2 745
1 1
2 92
1 431
1 502
1 585
1 142
2 414
1 394
2 306
2 124
1 562
1 723
1 451
1 303
2 533
1 518
1 719
1 228
2 119
2 299
2 791
2 543
1 777
1 68
2 792
1 260
2 129
2 23
2 787
2 725
1 510
1 722
1 140
1 790
1 130
2 737
1 200
2 121
1 222
1 361
1 49
2 154
2 388
2 200
2 309
1 51
2 101
1 279
2 72
2 692
2 503
1 708
1 642
2 392
2 219
1 478
2 270
2 509
2 474
2 577
2 134
1 393
1 29
2 214
1 62
2 380
1 499
1 115
2 601
2 702
2 785
1 216
1 94
2 309
2 571
2 408
2 318
1 173
2 726
2 59
2 151
1 82
2 107
2 310
2 384
1 796
1 703
1 108
2 553
2 361
1 595
1 112
2 142
1 745
2 232
2 300
1 79
1 731
1 164
1 375
2 640
2 423
1 716
1 780
2 430
1 134
2 66
1 607
2 727
1 598
1 520
2 379
1 795
1 245
2 339
1 383
2 351
1 12
1 418
1 137
2 297
1 124
1 139
1 435
2 751
2 529
2 609
2 652
1 212
1 244
2 217
1 313
2 334
1 724
2 461
1 591
2 411
2 325
1 1
2 83
2 483
1 240
2 586
1 35
1 46
2 153
2 333
2 283
1 434
1 727
2 331
2 673
2 150
2 720
2 228
2 3
2 49
2 189
1 654
1 484
1 412
2 63
1 252
1 149
2 538
1 91
2 418
1 544
2 743
1 368
2 38
2 518
1 56
2 120
2 25
1 217
1 318
2 576
1 445
2 269
2 305
2 421
2 703
1 742
2 729
2 667
1 336
2 53
2 350
1 445
1 328
2 162
1 771
1 145
2 44
1 713
1 398
2 286
2 397
2 424
1 292
2 381
1 565
2 604
2 391
1 579
1 762
1 712
2 622
2 699
2 274
1 594
1 355
2 232
1 153
2 448
1 694
1 3
1 111
1 535
1 756
1 523
1 443
2 643
1 63
2 763
1 700
2 664
2 793
1 221
2 395
2 669
1 597
1 282
1 357
1 744
2 637
1 789
2 230
1 732
2 303
1 295
1 648
1 362
1 111
2 125
1 213
2 719
1 751
1 752
2 580
1 698
2 77
1 641
2 331
1 99
2 600
2 738
1 195
1 782
1 494
2 733
2 77
2 658
2 334
1 175
2 37
1 189
1 506
1 797
1 239
1 545
1 525
1 108
1 255
1 144
1 759
2 193
1 177
1 159
2 528
2 447
2 213
1 301
2 205
2 245
2 199
1 382
1 312
1 362
2 45
2 579
2 624
2 432
1 224
2 413
2 97
1 495
2 675
2 277
1 629
1 239
1 785
1 376
2 685
2 572
2 231
2 697
2 233
2 481
2 54
2 536
1 707
1 182
1 797
1 208
2 509
1 264
2 742
2 442
1 721
1 527
1 56
1 369
1 630
1 711
1 19
1 288
2 472
1 53
1 345
1 689
1 151
1 624
1 561
1 414
2 618
2 493
2 755
1 168
2 608
1 629
2 226
2 240
2 458
2 23
2 264
1 485
1 612
1 241
1 435
2 627
2 237
2 39
1 403
2 187
1 615
1 73
1 562
2 282
2 588
1 695
1 159
1 216
1 306
2 769
1 406
2 593
2 382
2 625
2 286
2 179
2 428
2 774
1 190
2 550
1 201
1 114
1 266
1 236
1 757
1 507
2 736
2 774
1 505
1 628
1 413
2 46
1 686
2 256
1 30
1 195
2 636
1 777
2 530
1 86
2 339
1 220
2 376
2 13
2 587
1 734
2 123
1 613
2 300
1 753
1 211
1 546
2 365
1 461
2 313
1 131
1 43
2 406
2 563
1 281
1 202
2 451
1 715
2 611
2 612
1 278
1 524
1 271
2 453
1 407
2 84
1 654
2 471
1 272
2 649
2 196
2 684
1 444
2 78
2 477
2 405
2 181
1 36
2 696
2 34
2 651
2 326
1 31
1 617
1 800
1 698
1 127
1 740
2 667
1 186
1 759
1 13
1 26
2 16
2 113
1 586
1 468
1 341
2 379
2 28
2 41
1 133
1 614
2 194
2 671
2 791
2 735
2 284
2 246
1 208
1 268
1 17
2 173
1 468
1 503
2 391
1 407
1 585
2 322
2 772
2 398
1 218
1 60
1 481
2 532
2 5
2 146
2 343
2 22
1 152
2 359
1 692
2 27
1 789
2 316
2 17
1 775
1 42
1 421
2 548
1 449
1 192
2 598
2 261
2 337
1 226
1 35
2 633
1 157
1 403
2 378
1 119
2 18
2 743
2 611
1 87
2 366
2 593
1 470
2 252
1 325
2 760
2 50
1 122
2 415
1 716
1 655
1 263
2 616
1 750
2 652
2 557
1 775
1 762
1 301
2 781
2 754
2 181
1 553
1 498
2 790
1 568
1 370
1 560
1 649
2 420
2 592
2 381
1 574
1 504
2 88
2 492
2 210
2 93
2 425
1 214
2 469
2 676
2 126
1 152
1 497
1 302
1 346
2 293
1 683
2 428
1 164
2 475
1 431
2 323
1 253
1 6
1 724
2 161
2 756
1 731
1 555
1 402
1 462
1 477
2 66
2 335
2 490
1 490
1 425
1 454
1 722
2 141
1 109
2 498
1 103
2 750
2 566
1 794
2 514
1 184
1 378
1 89
1 740
1 497
1 269
1 304
2 486
2 321
1 713
2 410
2 277
1 794
2 717
1 224
1 197
2 171
1 405
1 180
2 642
2 247
1 473
2 456
1 409
1 422
1 783
1 766
1 706
1 233
2 539
1 336
1 680
1 72
1 450
1 621
1 33
1 294
1 12
2 4
1 116
2 434
2 741
2 155
1 396
1 156
2 691
1 143
2 467
2 193
2 793
2 681
2 601
2 520
2 329
2 279
1 98
1 712
2 261
1 636
1 404
2 291
1 60
2 275
2 126
2 457
1 688
1 757
1 2
2 357
2 441
1 106
1 748
1 638
1 570
2 207
2 531
2 278
1 559
1 758
2 112
1 255
1 67
1 274
2 118
1 669
2 495
1 440
2 708
1 429
1 10
1 25
1 384
1 596
2 411
2 444
1 440
1 557
2 449
2 363
2 251
1 537
1 223
1 486
2 580
1 11
1 501
2 665
2 706
1 513
1 653
1 678
1 231
1 496
1 780
2 646
2 689
2 658
1 8
1 100
1 569
2 433
1 760
1 48
2 98
2 736
1 711
2 628
2 744
1 260
2 291
1 543
1 681
2 427
1 734
1 610
1 132
2 324
2 67
2 174
1 178
2 283
1 285
2 219
2 534
1 521
2 419
2 515
2 93
1 596
2 581
2 541
1 372
2 549
2 768
2 387
2 402
2 572
1 587
2 169
1 168
2 69
1 26
1 788
1 351
2 659
1 314
1 393
2 183
2 58
2 374
2 156
2 705
1 37
1 554
1 656
2 179
1 19
2 609
1 408
1 602
2 772
1 101
1 682
2 776
1 370
2 476
2 639
1 499
1 739
1 148
2 176
2 426
2 599
1 521
2 7
2 90
2 539
2 396
2 218
2 695
1 664
2 728
2 714
1 465
2 399
2 330
2 16
2 103
2 668
1 575
2 324
2 416
2 767
2 138
2 647
1 773
1 714
2 272
1 788
1 227
2 61
1 674
2 639
2 30
1 555
1 174
2 417
2 95
1 312
2 110
1 166
1 74
1 752
2 542
1 478
2 683
1 454
2 38
2 764
2 32
2 295
2 558
2 512
1 383
2 645
2 170
1 40
2 567
2 385
2 7
1 276
2 564
1 427
1 494
1 537
1 341
1 516
1 125
2 128
2 448
1 299
2 185
1 508
1 464
1 41
2 307
1 86
2 265
2 311
1 347
1 175
1 263
1 500
2 206
2 529
1 194
2 10
1 617
2 769
1 21
1 782
1 297
2 519
2 55
1 354
2 262
2 367
2 800
2 524
1 648
2 465
1 238
1 687
1 661
2 47
1 317
2 610
1 761
2 513
1 419
1 248
1 620
1 690
2 625
1 730
1 372
1 373
1 287
1 348
2 205
1 704
2 83
1 620
1 741
1 546
1 637
1 395
1 675
2 650
1 87
2 653
1 330
1 273
1 560
1 249
1 366
2 505
1 487
2 527
2 133
1 48
2 294
1 732
1 551
2 337
2 665
2 225
1 162
1 576
1 544
1 377
2 672
1 656
1 677
2 453
1 15
1 556
1 257
2 776
1 460
2 135
2 369
1 400
1 346
1 61
1 20
1 292
2 95
1 540
1 447
2 147
2 726
2 549
1 551
1 436
1 516
1 574
2 198
2 204
2 266
2 50
1 78
1 321
2 104
1 522
1 657
1 2
1 69
2 733
1 650
1 589
1 183
1 145
1 332
2 738
2 169
2 65
1 71
2 137
2 192
1 784
2 761
2 81
1 670
2 525
2 677
1 436
1 88
1 250
2 172
2 570
1 243
2 401
2 14
2 215
2 538
2 206
2 701
2 547
1 781
1 27
2 502
2 127
2 422
2 633
2 643
2 688
2 248
2 547
2 209
1 158
1 308
2 474
1 469
1 136
2 273
1 211
1 578
2 663
2 136
2 140
1 368
2 401
2 243
1 79
1 707
2 242
2 581
2 290
1 68
2 386
2 588
1 571
2 798
2 404
2 147
2 501
1 6
1 75
1 340
1 234
2 197
1 644
1 526
1 148
1 463
2 76
1 792
2 767
1 514
1 644
1 254
2 590
2 670
1 141
2 33
2 673
2 415
1 573
1 76
2 657
2 262
1 438
1 437
2 32
1 594
1 651
1 203
2 165
1 646
2 541
1 167
1 352
2 196
1 74
2 84
1 466
2 480
1 676
2 567
1 319
2 80
1 280
1 584
2 709
2 420
1 565
2 190
1 281
2 479
2 595
1 721
2 678
2 466
2 720
2 320
2 253
1 446
1 700
1 389
2 316
2 270
2 100
1 115
2 660
2 748
1 459
1 691
1 323
2 176
1 155
2 693
1 621
1 235
2 28
1 344
1 563
2 107
2 511
1 223
1 146
1 129
2 186
1 315
1 36
1 242
2 705
2 564
1 778
2 589
1 773
1 755
2 548
2 52
2 59
1 284
1 450
2 460
1 758
2 290
1 117
1 709
2 338
2 57
1 21
1 73
1 365
1 575
2 304
2 568
2 222
1 457
2 327
1 319
1 345
2 640
1 117
1 492
1 464
1 90
2 238
2 287
2 54
2 488
1 768
2 302
2 289
2 583
