1600 1000
1 78
1 617
1 392
2 594
1 170
1 118
2 298
1 377
2 7
2 655
1 151
2 618
2 259
2 763
1 281
2 293
2 530
1 709
1 393
2 471
2 83
1 590
1 137
2 153
1 615
1 686
2 20
2 203
1 700
2 133
1 496
1 204
2 661
1 70
2 60
1 728
2 49
2 305
2 159
2 431
2 187
1 244
2 146
2 744
2 138
1 221
2 639
2 799
2 17
1 545
1 114
2 778
2 381
2 758
2 407
1 286
1 772
2 527
2 506
1 347
2 57
2 665
1 273
2 326
2 187
2 292
2 297
1 631
2 755
2 681
1 34
2 369
1 720
2 537
2 713
2 106
2 174
1 87
1 430
2 20
2 124
1 470
2 220
2 121
2 448
1 632
1 93
2 230
2 300
1 54
2 722
2 227
1 120
1 265
1 69
1 719
1 315
1 259
2 596
1 676
1 472
1 781
1 364
1 417
2 548
1 198
2 123
2 493
1 623
2 355
1 663
2 92
2 577
2 756
1 255
2 85
2 436
1 492
1 139
2 585
2 482
2 729
2 334
2 104
2 635
1 786
1 743
1 772
2 140
2 231
1 587
2 185
1 739
2 44
1 251
2 707
2 53
1 113
2 466
1 59
2 160
2 446
2 218
2 453
2 542
1 635
1 6
2 666
1 411
1 295
1 210
2 38
1 619
1 75
2 569
1 760
1 547
2 762
1 502
2 126
1 23
1 521
1 545
1 182
2 245
1 23
2 748
1 415
1 98
1 15
2 752
2 523
1 174
1 682
2 759
1 750
1 80
1 226
1 341
1 761
1 521
2 302
1 722
2 380
2 616
1 459
2 631
2 306
1 688
1 208
2 512
1 547
1 718
1 99
1 768
1 136
2 649
1 557
1 595
2 143
2 352
2 177
1 378
1 457
1 632
2 361
2 299
2 328
1 543
1 435
1 526
1 628
2 621
1 524
1 128
2 400
2 559
1 504
1 546
2 798
2 794
1 471
2 609
1 5
1 509
1 40
1 604
1 176
1 113
2 457
2 427
1 611
1 620
1 47
1 52
2 184
1 587
2 671
1 292
1 510
2 46
1 642
1 196
1 33
1 148
1 31
1 636
1 799
1 730
2 359
2 646
1 50
2 215
2 613
2 103
1 738
1 542
1 16
2 162
1 282
1 767
2 775
2 188
1 307
2 27
2 2
1 286
1 325
2 515
2 493
1 636
2 102
2 29
1 438
1 546
2 426
1 119
2 203
2 229
2 147
2 121
1 429
1 691
1 623
2 648
2 157
2 479
2 514
2 449
1 729
1 240
2 192
1 361
2 385
2 549
1 719
1 336
1 77
2 403
2 643
2 61
2 759
1 69
1 301
2 95
2 725
2 443
1 274
2 64
1 747
2 394
2 663
1 126
1 477
1 566
2 488
2 285
1 312
2 727
1 423
2 741
1 620
1 678
2 401
1 349
1 89
1 263
1 583
1 61
2 159
1 505
1 137
2 513
2 395
1 755
2 411
1 535
2 675
2 279
1 567
2 564
2 72
2 316
1 44
1 9
2 243
2 797
2 450
2 659
2 300
2 749
1 711
1 306
1 751
1 240
2 155
1 165
2 445
1 388
2 684
2 248
2 785
1 4
1 234
2 82
2 551
1 645
1 81
1 724
1 410
1 782
1 303
1 619
2 586
1 214
2 345
2 261
1 439
1 673
1 452
1 180
1 142
2 433
1 123
2 689
2 195
2 147
1 460
1 473
2 63
1 197
1 726
1 390
1 105
1 699
2 786
1 608
2 434
2 39
1 444
1 329
2 621
2 754
1 736
1 391
1 63
1 115
1 475
1 85
1 116
2 132
2 272
2 585
1 489
2 186
1 766
2 6
1 565
2 783
2 253
1 726
1 68
1 373
1 590
1 269
2 712
1 572
1 695
2 391
1 224
2 108
1 74
2 379
1 696
2 728
1 622
1 237
1 223
2 222
2 247
1 317
1 588
2 305
2 564
1 343
2 73
1 425
2 714
1 446
2 637
1 213
1 548
2 634
1 37
1 420
1 522
1 416
1 591
1 468
2 307
2 653
2 412
1 178
1 523
2 249
2 76
1 84
1 10
2 371
1 705
1 71
1 135
1 622
1 346
1 475
2 283
2 12
2 658
1 100
1 304
2 746
2 163
1 399
1 213
1 502
1 81
2 233
1 125
2 86
2 131
2 716
2 654
2 168
2 765
2 574
1 32
2 610
2 210
2 10
2 108
1 323
1 304
1 431
1 156
2 615
1 432
2 440
1 216
1 43
1 28
1 588
1 200
1 467
1 787
1 276
2 553
2 705
1 288
2 324
1 487
2 529
1 508
2 603
1 181
1 550
1 480
2 560
1 365
2 694
2 177
2 370
2 408
1 250
2 602
1 226
1 375
2 583
1 627
1 256
2 27
2 26
2 713
1 472
2 409
2 496
1 733
1 314
1 589
1 647
2 165
1 149
2 484
1 715
1 551
1 649
2 60
2 749
1 520
2 784
2 67
1 244
2 764
2 769
2 753
2 332
2 538
2 335
2 251
1 629
2 26
2 2
1 522
2 497
2 91
2 540
1 171
2 235
1 734
2 519
2 249
2 376
2 252
1 158
2 312
1 445
1 740
1 763
2 193
2 22
2 94
2 752
1 554
2 360
1 692
2 500
2 697
1 593
2 766
2 706
2 421
2 289
2 153
1 284
2 367
2 532
2 742
2 208
1 597
2 775
1 697
1 461
2 569
2 434
2 480
1 652
2 682
1 536
1 479
1 498
2 288
1 630
2 87
1 701
1 419
1 556
1 410
2 291
1 209
1 404
1 533
1 490
1 322
1 206
1 369
2 127
2 500
1 584
1 73
2 518
1 254
2 319
1 375
1 255
1 776
2 146
1 704
1 381
1 421
1 651
1 53
2 62
2 9
1 318
2 509
1 791
1 543
2 24
1 332
2 134
2 133
1 575
1 136
2 573
2 11
2 420
2 528
1 373
1 701
2 499
1 35
1 289
1 461
1 525
2 417
1 638
1 313
1 209
2 211
1 158
2 68
2 530
1 422
2 771
1 703
1 266
2 744
2 672
2 641
1 531
2 469
1 692
1 617
2 740
1 216
1 41
1 662
2 793
1 680
1 258
2 607
1 601
1 214
1 364
1 225
2 687
1 383
2 566
1 42
1 272
2 396
1 666
1 407
1 164
1 736
2 58
1 534
2 257
2 295
2 172
2 570
1 157
2 7
1 351
1 319
2 520
2 301
1 340
1 18
1 277
1 382
1 738
2 311
1 75
2 114
2 699
1 109
1 94
2 624
1 747
1 497
2 779
1 278
2 274
2 207
2 555
2 711
2 48
1 362
2 130
2 732
2 242
2 483
2 50
2 627
2 441
1 267
1 714
1 386
2 190
2 117
2 559
1 33
1 19
1 321
2 761
2 534
2 287
1 32
2 782
2 442
2 186
1 368
1 55
2 336
2 51
2 344
1 59
1 552
2 402
2 299
2 606
2 768
2 52
2 442
1 275
1 173
2 163
1 447
2 533
2 90
1 276
2 683
1 552
2 3
2 225
1 429
1 198
2 603
2 592
2 784
1 654
1 681
1 241
1 491
1 331
1 630
1 489
1 217
2 464
2 658
1 734
1 706
1 330
2 182
2 644
1 526
2 474
2 518
1 413
1 626
1 180
1 647
2 567
2 308
1 655
2 751
2 519
1 296
1 671
2 505
1 539
2 574
1 183
1 506
1 702
2 258
1 731
2 237
1 501
2 483
1 389
1 753
2 466
2 350
1 486
1 56
1 14
2 285
2 435
1 665
2 385
1 406
2 715
1 580
1 25
1 363
2 579
2 56
1 693
2 683
2 599
1 366
1 323
2 667
2 88
2 239
2 129
1 433
1 796
2 609
2 685
2 122
2 491
2 709
1 503
2 550
1 558
2 485
2 372
2 702
2 467
1 102
2 8
1 394
1 723
1 800
2 393
1 246
1 230
2 463
1 579
2 366
1 592
1 221
2 66
2 414
2 640
2 745
2 430
2 642
2 149
2 95
1 15
1 98
1 605
2 338
2 685
1 628
2 773
2 109
2 335
2 65
2 473
1 360
2 795
2 154
1 458
1 386
2 78
1 11
1 612
1 677
2 703
2 462
2 356
1 212
1 261
1 584
1 290
1 142
2 189
2 331
1 317
2 529
2 444
2 570
1 359
2 397
2 82
2 130
2 737
1 12
1 197
2 398
2 195
1 531
2 643
2 262
1 384
1 578
1 17
2 279
1 737
1 757
1 4
2 613
1 382
2 101
1 558
1 708
2 528
2 333
1 236
1 777
1 129
1 756
2 408
1 111
2 780
1 100
2 646
2 708
2 374
1 605
2 481
1 721
1 357
2 220
1 718
2 562
1 568
1 115
2 55
1 368
1 190
1 438
2 144
2 238
2 717
2 608
1 402
2 54
2 504
2 206
1 378
1 760
1 275
2 320
2 348
1 14
1 578
1 155
2 134
2 145
2 333
1 39
1 324
1 688
2 47
2 148
2 337
2 540
2 308
2 568
2 449
2 48
1 79
1 637
1 86
1 527
2 797
1 675
1 281
1 343
1 541
1 657
1 661
2 633
1 171
1 789
2 776
2 199
1 338
2 794
1 349
2 484
1 88
1 353
2 310
2 13
2 451
1 507
1 788
1 465
1 517
1 19
1 28
2 733
1 511
1 512
2 439
1 517
1 456
1 412
2 563
1 231
2 780
1 537
2 131
1 614
1 405
1 144
1 562
2 625
2 492
2 132
1 65
1 555
1 309
2 297
1 193
1 1
1 45
1 594
1 358
2 97
2 482
1 150
2 748
2 268
2 347
1 296
1 97
1 71
1 398
1 224
1 787
1 184
1 118
2 293
2 243
1 328
2 676
1 379
2 600
2 176
1 222
2 684
2 626
1 652
2 792
2 668
2 453
2 284
2 90
2 168
2 74
2 539
2 107
2 693
2 785
2 57
1 395
1 515
2 601
1 687
2 141
2 754
1 236
2 765
1 194
2 771
2 185
2 396
1 762
1 454
1 670
1 321
1 679
2 598
2 263
2 634
1 342
1 462
2 494
2 233
1 644
2 234
2 553
1 374
1 397
1 160
1 415
1 51
2 239
2 686
1 167
1 29
1 458
2 698
1 494
1 138
2 541
2 238
1 370
1 127
1 139
2 327
1 464
2 508
2 507
2 560
2 593
1 167
1 773
2 287
2 265
2 46
1 606
1 388
2 152
2 732
2 151
1 710
1 70
2 577
2 611
2 143
2 117
1 696
2 212
1 92
2 723
2 399
2 256
1 80
2 478
1 499
1 660
2 124
2 41
2 30
1 358
2 247
2 400
1 199
2 283
2 575
2 680
1 618
1 478
2 536
1 246
2 742
2 487
2 232
1 758
2 309
1 735
1 377
2 582
1 270
2 267
1 371
2 419
1 770
1 695
1 329
1 437
1 565
2 384
2 791
1 426
1 662
2 311
2 465
1 470
1 392
2 576
2 266
1 511
1 37
2 277
1 383
2 659
1 84
2 790
2 669
2 264
1 544
1 36
1 164
1 339
2 535
1 169
1 610
1 22
2 418
2 490
1 581
2 476
1 140
2 202
1 104
2 24
2 653
1 363
1 191
2 779
2 789
1 485
2 189
2 677
2 639
2 573
1 476
1 271
1 638
2 327
1 721
2 463
2 656
2 83
2 516
2 120
1 600
2 689
2 700
1 425
2 294
1 290
1 468
1 717
1 451
2 549
2 604
1 339
2 406
1 320
1 322
2 112
2 110
1 389
1 228
2 175
1 241
2 650
1 424
1 77
2 326
1 346
2 376
2 245
1 591
1 269
2 154
1 340
2 318
1 351
1 450
2 524
1 735
1 25
1 503
2 218
1 488
2 443
1 725
2 316
2 310
2 629
2 514
1 215
1 227
2 76
1 432
2 427
1 112
1 418
1 178
1 712
2 741
2 387
1 205
1 271
2 161
1 344
2 624
1 194
1 746
2 401
2 796
2 436
1 716
1 778
1 257
2 405
2 262
2 448
1 66
1 291
2 303
1 223
2 678
1 334
1 452
2 774
1 486
1 35
2 219
2 62
2 750
1 254
1 352
1 43
1 790
1 783
2 260
1 202
1 356
2 640
1 669
2 72
1 8
2 664
1 353
1 764
1 315
1 204
1 743
2 260
2 21
2 96
1 280
1 720
1 409
2 707
2 280
1 40
2 495
2 456
2 348
2 169
1 691
1 342
1 440
1 460
1 727
2 767
1 341
2 532
2 219
2 651
1 664
1 365
2 469
2 441
1 561
1 200
1 724
2 414
1 561
2 5
2 79
1 544
1 192
2 314
1 135
2 660
2 538
1 253
2 607
2 698
1 422
2 498
1 91
1 103
1 455
1 597
1 781
2 93
2 516
2 30
2 345
2 3
2 424
1 770
2 380
2 390
1 330
1 196
2 302
1 49
2 107
1 110
1 273
1 413
1 31
1 731
1 207
1 798
2 105
1 111
2 625
1 572
2 795
1 774
2 125
2 34
1 495
1 582
2 598
2 648
2 367
2 106
1 354
1 250
1 589
1 205
2 416
1 455
2 166
2 674
1 235
2 481
2 404
1 325
2 777
2 21
1 13
2 248
1 710
2 150
2 679
1 183
2 268
1 428
2 571
1 217
2 278
1 64
2 282
1 459
1 270
1 599
2 670
2 372
2 45
2 294
2 602
1 229
1 18
1 36
2 181
2 101
1 355
1 557
2 454
2 42
2 581
1 437
1 99
2 173
1 337
2 201
1 128
1 141
1 16
2 793
2 172
2 614
2 152
2 211
1 403
2 166
2 633
1 645
2 769
2 252
2 313
2 510
2 58
2 362
1 690
1 667
2 89
1 350
2 122
2 67
2 447
1 191
1 242
2 612
2 525
2 554
2 298
1 672
2 576
2 694
2 474
2 228
2 595
1 175
2 428
2 788
1 641
1 38
2 745
1 656
2 170
2 477
2 387
2 179
2 657
2 423
1 792
1 119
2 161
1 673
2 580
1 1
1 757
2 264
1 556
2 563
2 156
2 96
2 201
2 730
2 116
1 674
1 354
2 357
2 513
1 179
2 800
1 162
2 690
2 571
1 232
2 586
2 501
1 188
2 145
1 739
2 596
1 650
2 616
1 704
2 668
