1600 7500
2 487
1 238
2 668
2 527
2 159
2 433
2 453
1 505
2 261
2 492
2 653
2 314
2 590
2 23
1 709
2 791
2 285
1 753
1 269
2 45
1 590
1 702
2 648
2 729
1 699
1 163
1 375
2 556
1 432
1 705
2 17
1 305
1 293
1 1
1 263
1 616
2 355
1 102
1 693
2 618
1 515
2 369
2 450
1 30
1 105
1 722
1 501
2 290
2 677
1 272
1 211
2 129
1 694
2 98
1 587
1 544
1 175
1 189
2 180
2 181
2 756
2 325
1 495
2 500
1 456
2 738
1 764
2 724
1 611
1 752
2 155
2 339
1 704
2 641
2 629
2 503
1 213
2 735
2 420
2 182
1 22
2 750
1 321
2 591
2 639
1 75
2 782
2 588
1 372
2 348
1 287
1 378
2 187
1 621
2 654
1 216
2 449
1 182
2 49
1 443
1 220
2 464
1 439
1 784
1 91
1 68
1 275
2 358
1 507
1 316
2 155
1 688
1 262
2 244
2 292
1 572
1 396
2 647
1 33
2 493
1 532
2 164
2 711
1 576
1 31
1 729
1 124
2 380
1 658
2 298
1 43
1 191
1 594
2 197
2 14
2 799
1 765
2 428
2 323
1 197
1 367
2 411
2 158
2 237
2 273
2 597
1 589
1 164
2 168
1 464
2 56
2 217
1 610
2 22
1 195
2 177
2 163
1 236
1 332
2 277
2 527
1 324
2 546
1 371
2 3
2 622
2 721
1 573
2 388
2 470
1 269
1 11
2 188
2 439
2 644
2 46
2 218
1 786
2 722
1 382
2 311
1 606
2 259
2 250
1 10
2 202
1 291
1 550
1 780
1 312
2 702
1 24
1 241
1 543
2 672
1 626
1 771
2 539
1 133
1 224
1 326
1 436
2 336
2 127
1 524
2 458
1 389
1 215
1 544
1 18
1 66
2 631
2 256
1 393
2 542
2 99
2 461
1 331
1 452
2 586
2 188
1 434
2 32
2 149
1 274
1 264
1 211
2 482
1 10
2 714
2 662
1 416
1 708
1 741
2 130
1 408
2 201
2 571
2 247
1 15
1 371
2 293
1 345
2 710
1 478
1 698
1 145
1 714
1 745
2 552
2 707
2 502
1 687
2 629
2 364
2 152
1 429
1 704
1 675
1 651
1 467
2 96
2 667
1 57
1 96
2 449
2 713
2 141
2 39
1 474
1 204
1 736
1 574
2 73
1 691
1 615
1 775
2 261
1 19
1 401
1 679
2 144
1 340
1 596
1 286
2 131
2 186
2 365
1 120
2 271
2 410
1 633
1 334
2 125
2 71
2 317
2 758
1 66
2 222
2 508
2 287
2 460
1 143
1 572
2 504
2 98
1 627
1 252
1 459
1 25
2 282
2 395
1 568
1 570
2 231
2 306
2 76
1 357
2 214
1 343
2 437
2 568
1 519
1 715
2 520
2 224
2 139
1 283
1 474
2 376
1 330
1 198
1 336
1 223
1 692
2 610
2 228
1 490
1 725
1 706
2 762
1 407
2 354
1 612
2 567
1 315
2 674
1 499
2 586
2 414
2 109
1 58
2 353
2 7
1 412
1 732
2 498
1 55
2 413
1 392
2 167
2 79
2 149
1 784
2 232
1 596
2 77
2 633
2 773
1 21
1 684
2 564
1 347
2 639
2 536
1 491
2 344
2 82
2 533
2 785
1 337
1 191
1 470
1 3
1 594
2 406
1 712
1 347
2 71
1 366
1 78
2 377
1 348
1 185
1 303
2 107
2 767
2 154
2 486
1 245
2 243
1 387
2 160
2 782
1 37
2 626
2 208
1 679
2 796
2 607
2 228
2 469
2 193
2 465
2 752
1 769
2 538
1 631
1 598
2 725
2 697
2 108
2 460
1 507
2 373
2 311
1 349
2 38
2 682
2 12
1 252
1 760
2 454
1 444
1 201
2 267
1 86
1 390
2 74
1 88
2 779
2 326
2 190
1 9
1 367
1 290
1 97
2 262
1 671
2 783
1 426
1 230
2 440
2 250
1 105
1 352
1 147
1 46
1 183
1 363
2 589
2 113
1 169
2 218
1 42
2 682
1 534
1 401
1 421
1 496
1 407
1 672
1 522
1 566
2 557
2 517
2 603
2 746
2 240
1 195
2 70
2 677
1 664
2 643
2 705
1 92
2 476
1 553
1 686
1 126
1 90
2 335
2 166
2 399
2 36
1 603
2 60
1 31
2 759
2 242
2 11
2 380
1 516
1 72
2 308
1 469
2 280
2 627
2 727
2 251
2 368
2 788
1 483
2 510
2 157
2 659
1 772
1 153
1 735
1 763
1 227
1 314
2 369
2 299
1 650
2 500
2 273
1 538
2 600
2 599
2 121
2 748
1 678
1 713
1 87
1 755
1 778
1 58
1 649
2 553
1 455
2 138
2 609
2 788
1 83
1 181
2 665
2 142
1 87
1 374
1 476
1 493
1 352
1 651
1 52
1 796
2 119
2 642
1 471
2 47
2 324
2 700
1 416
1 526
2 368
1 763
2 766
1 669
1 734
1 554
2 516
1 745
2 322
2 794
1 768
1 635
2 60
2 471
1 28
2 391
2 454
2 467
1 313
1 430
1 781
1 27
1 59
2 2
2 62
1 485
1 754
1 525
2 447
2 340
1 427
2 44
2 9
1 327
2 441
2 20
1 185
2 344
1 562
1 54
1 489
1 620
1 477
2 600
1 483
2 403
1 274
1 4
2 179
1 517
2 653
1 731
1 405
2 417
1 717
1 123
1 318
2 697
1 546
2 254
2 488
1 581
2 683
2 294
2 599
2 437
2 666
1 219
2 35
1 484
2 663
2 65
2 223
1 289
2 41
1 397
1 360
1 761
1 389
2 623
2 435
1 451
2 443
1 662
2 178
2 642
1 646
2 329
1 229
2 790
1 720
1 430
1 523
2 497
1 257
1 17
1 249
2 617
1 383
2 747
2 646
1 286
2 668
1 717
1 80
1 362
2 278
1 684
2 518
2 319
1 768
2 359
1 564
1 180
1 781
1 575
1 295
2 386
1 45
1 541
1 329
1 453
2 59
2 166
1 150
2 137
2 137
2 172
2 92
1 379
2 630
1 231
1 95
1 636
1 370
2 785
2 472
1 663
2 462
1 624
1 244
2 560
2 792
2 721
2 385
1 739
1 411
1 489
2 655
2 173
1 29
2 174
2 396
2 531
1 184
2 215
1 128
1 622
1 708
2 566
2 173
2 715
2 479
1 178
2 548
1 402
1 577
1 47
2 375
1 382
1 239
1 246
1 661
1 16
1 236
2 319
1 412
2 86
1 120
2 310
2 26
2 698
2 343
1 176
2 643
1 528
2 652
1 418
2 374
2 289
1 584
1 520
1 68
1 681
2 744
1 769
1 486
1 366
2 153
1 78
1 440
1 74
1 426
1 588
2 753
2 551
2 310
1 694
2 394
2 465
2 448
1 297
1 53
1 139
2 495
1 724
1 466
2 94
2 391
2 595
1 140
1 333
2 448
2 656
1 258
1 118
2 216
2 122
1 410
1 644
1 593
2 296
1 159
1 710
1 300
1 503
1 530
1 158
2 378
2 335
2 161
2 171
1 254
1 723
2 637
1 789
2 706
2 549
2 658
1 415
2 288
1 793
1 122
1 125
1 514
2 671
1 569
2 700
1 797
1 241
1 442
2 609
2 645
2 529
2 611
1 146
1 309
1 624
1 263
2 268
2 93
2 317
2 794
2 101
2 156
2 632
2 728
1 288
2 731
1 187
2 295
1 640
2 106
1 194
1 746
2 522
1 762
2 792
2 280
1 144
1 20
2 473
1 281
2 548
1 303
2 711
2 276
1 128
2 148
1 349
2 121
2 279
2 619
2 151
2 21
1 135
2 204
2 462
2 404
2 186
1 526
2 661
1 787
2 689
2 304
2 309
2 613
2 484
2 674
2 775
1 260
2 247
2 226
2 370
1 431
1 89
2 6
1 110
2 408
2 425
2 638
2 353
2 481
2 284
2 541
2 398
2 7
2 32
1 511
1 584
1 111
1 333
2 283
2 136
1 237
2 346
2 764
1 189
1 294
2 521
2 260
2 307
1 26
1 169
2 281
1 376
2 108
1 488
2 515
1 420
1 345
2 640
2 103
1 217
1 198
1 162
1 751
2 754
2 719
1 532
1 741
2 482
2 634
1 654
1 800
2 730
1 214
2 203
2 147
2 97
1 318
1 669
1 225
1 422
1 19
2 358
1 18
1 736
1 364
1 284
1 205
2 641
1 124
1 528
2 680
1 179
1 719
1 341
1 601
2 341
2 579
1 491
1 301
2 578
2 524
2 131
2 670
1 302
1 248
2 99
1 555
1 415
2 585
2 278
1 504
1 107
2 499
1 177
1 739
2 664
2 28
2 117
2 565
2 404
1 720
1 424
1 328
2 93
1 535
1 65
2 265
2 168
1 143
1 592
1 115
2 425
1 33
2 337
1 506
1 543
1 212
2 417
2 463
2 150
1 134
1 502
2 691
1 628
2 89
2 509
2 466
1 356
2 305
1 592
1 607
1 84
2 475
1 43
1 373
2 777
2 100
1 134
1 55
1 790
2 392
1 4
2 703
1 461
2 152
2 723
1 554
2 655
2 300
1 606
2 200
2 258
2 540
2 23
2 315
1 795
1 456
1 390
2 485
2 547
1 497
1 605
2 306
1 221
2 113
1 154
2 51
1 48
1 737
2 557
1 490
1 49
1 545
1 450
1 748
1 539
1 701
1 271
1 780
2 83
2 616
1 13
1 351
2 132
1 798
1 767
2 570
2 357
2 405
2 199
1 556
2 678
2 547
1 657
1 377
2 63
2 659
1 433
2 696
1 320
1 104
1 170
2 576
1 791
1 403
1 39
1 54
2 689
1 362
1 438
1 400
1 518
2 90
2 438
2 199
2 104
1 256
1 776
1 506
1 239
1 429
2 686
2 270
2 135
1 398
1 126
2 800
1 386
1 40
2 419
2 5
1 422
1 612
1 322
2 56
2 419
1 313
1 276
2 521
2 296
1 69
1 772
1 707
2 342
1 621
2 569
2 112
2 145
1 537
1 648
2 30
2 581
1 259
2 102
1 755
1 165
1 418
2 206
2 91
1 571
1 291
2 238
1 749
2 542
2 272
1 253
2 598
2 220
1 267
1 593
2 138
2 301
1 402
2 24
2 40
2 751
1 558
2 298
1 536
2 388
2 85
1 726
1 558
2 728
1 346
1 194
2 660
2 580
1 468
2 647
2 384
1 436
1 123
2 196
1 304
2 51
2 338
2 431
1 630
2 683
2 614
1 109
1 587
2 559
1 645
2 183
1 574
2 563
1 716
1 423
1 444
2 602
2 235
1 690
1 743
2 330
2 246
1 136
1 385
1 778
2 726
1 459
1 266
2 133
2 140
1 604
2 743
2 339
2 451
2 760
2 397
2 127
1 555
2 146
1 14
2 749
1 608
1 161
1 770
1 142
1 279
1 132
2 446
1 656
2 383
2 156
1 94
2 321
2 409
1 233
1 605
2 381
1 690
2 114
1 84
1 37
2 737
2 119
1 210
1 331
1 227
1 34
2 513
1 774
1 342
2 771
2 650
1 567
2 617
1 602
1 395
1 477
2 673
2 685
2 479
2 435
1 770
1 761
2 372
1 64
1 81
1 625
2 70
1 72
1 29
1 649
1 519
2 636
2 733
1 338
2 229
2 774
2 48
2 101
1 277
2 675
2 61
1 167
1 582
1 208
1 221
2 106
1 196
2 799
2 110
2 213
2 67
1 225
2 141
2 116
2 635
2 234
2 350
2 730
2 361
1 409
2 6
1 738
1 81
2 608
2 257
1 716
2 16
2 268
2 171
2 282
2 100
1 665
1 222
2 445
1 579
1 363
2 613
1 226
2 604
1 8
2 733
1 530
1 202
1 41
1 413
2 455
1 740
1 637
1 759
2 400
2 297
2 243
1 512
2 540
1 676
1 219
1 157
2 562
1 255
1 209
1 734
1 210
2 82
2 12
1 549
2 130
1 114
1 42
2 266
2 676
2 50
2 525
1 446
2 112
2 175
2 203
2 240
1 25
2 387
1 207
2 406
2 275
2 615
2 550
1 57
1 498
1 447
1 432
1 625
2 727
1 116
1 384
2 509
2 2
1 200
2 534
2 580
1 307
2 583
2 685
1 251
1 299
2 230
2 797
1 473
1 235
1 463
1 512
2 205
1 423
2 494
1 206
2 111
2 501
1 192
1 245
2 1
2 523
2 732
2 494
2 712
1 248
1 786
2 129
2 545
2 316
1 789
1 233
1 441
2 308
1 255
2 508
1 38
2 5
2 27
1 184
2 292
2 95
2 614
1 511
1 354
1 36
2 634
2 480
2 776
2 103
2 421
1 747
2 472
2 750
2 76
2 64
2 638
1 50
2 350
2 583
1 323
1 703
2 779
1 360
1 53
2 234
1 666
2 487
1 193
1 505
1 249
1 577
2 718
1 578
1 582
1 442
2 756
2 787
1 687
2 757
2 481
2 365
2 77
2 620
2 795
2 618
1 265
1 13
2 151
2 63
1 359
1 170
1 595
1 628
1 242
1 165
2 192
1 328
1 117
2 793
1 44
2 798
2 457
2 428
1 718
1 777
2 699
1 693
2 424
2 591
1 783
2 559
1 327
2 312
1 468
1 85
1 427
1 452
1 379
2 673
2 652
1 285
2 253
1 361
1 660
1 632
2 560
1 457
1 701
2 475
1 531
2 681
2 514
2 513
2 69
1 458
1 174
2 270
1 414
1 61
1 52
2 445
2 758
1 561
2 176
1 394
2 172
1 320
1 742
1 399
2 744
2 79
1 551
1 118
1 73
2 34
1 67
1 325
2 773
2 563
2 115
2 480
1 565
2 434
2 601
2 573
2 709
2 765
2 190
2 529
1 533
1 688
1 8
1 80
1 209
2 88
2 623
2 393
1 62
2 355
1 160
2 478
1 510
1 207
2 381
2 692
1 696
1 302
2 212
1 695
2 667
2 332
1 535
2 35
1 496
2 619
2 351
1 742
2 757
2 597
2 657
1 740
2 575
1 585
1 561
1 75
1 492
2 695
2 670
2 356
1 680
1 766
2 15
2 148
2 264
2 162
2 537
1 334
1 552
1 232
