1100 3500
2 546
1 305
1 214
2 327
1 212
1 513
2 509
1 387
2 443
2 111
1 293
2 302
1 325
2 436
1 415
1 547
1 449
2 266
1 13
2 364
1 349
2 521
2 35
2 300
2 96
2 85
1 448
2 380
1 392
2 272
2 526
1 64
2 444
2 420
1 474
2 165
2 260
1 115
2 521
1 143
1 55
1 34
2 115
1 214
1 11
1 469
2 174
1 476
2 243
1 426
1 315
1 509
1 172
2 407
2 325
1 237
2 72
2 397
2 134
2 539
2 312
2 489
1 356
2 321
1 393
1 359
2 363
2 539
1 409
2 486
2 43
2 523
2 80
1 269
2 358
2 199
1 188
1 282
1 485
1 478
2 452
1 385
2 428
1 522
2 3
2 465
2 276
1 454
1 533
2 64
2 174
2 192
2 253
2 129
2 488
1 291
1 520
2 346
2 142
2 139
1 463
1 270
2 83
2 175
1 339
2 103
2 293
1 277
1 252
2 492
1 34
1 128
1 261
2 25
1 434
1 15
2 273
2 272
1 30
2 220
1 289
1 119
1 53
2 180
1 373
2 101
2 124
2 118
1 354
1 327
2 274
2 142
2 164
1 455
2 159
1 153
2 169
1 23
1 316
1 549
2 109
2 371
1 87
1 151
1 44
1 150
1 257
1 94
1 322
2 412
1 405
1 246
2 201
1 209
1 489
2 381
2 97
2 503
2 506
1 236
2 431
2 221
1 233
2 369
2 519
1 140
1 171
1 490
2 386
2 256
1 335
2 235
2 503
1 15
2 254
1 470
2 384
2 362
2 310
1 247
1 376
1 466
1 123
1 182
2 452
2 138
1 219
2 528
1 61
2 550
2 120
1 499
1 495
2 28
2 223
1 404
1 482
2 262
1 314
1 178
2 89
2 298
1 378
2 383
2 178
2 94
1 255
2 222
2 403
1 502
2 348
2 422
2 297
2 149
1 70
1 106
2 306
2 473
2 52
1 537
2 285
1 484
2 404
2 477
2 347
2 136
2 177
2 157
2 334
1 292
1 3
2 432
2 258
1 450
1 352
2 196
2 479
1 460
1 33
2 202
2 264
2 2
1 316
1 97
1 319
2 438
1 236
1 390
1 166
1 1
2 368
1 459
2 462
2 162
2 414
2 82
1 303
1 148
2 463
2 213
2 422
2 243
1 67
2 107
1 192
1 155
2 164
1 117
1 230
1 180
2 472
1 427
2 438
2 145
1 397
2 318
2 183
1 108
2 532
2 74
2 110
2 126
2 530
1 231
2 195
2 4
1 538
2 159
1 62
1 403
1 19
2 548
1 201
2 57
1 271
2 502
1 86
1 433
2 317
1 10
1 406
2 379
2 359
1 500
1 270
2 356
2 114
1 114
2 493
2 137
1 304
1 535
1 187
1 136
1 538
1 105
2 323
2 305
2 383
2 109
2 56
2 368
1 510
2 226
2 531
2 483
2 5
1 35
1 401
2 102
1 59
1 42
1 110
1 89
2 122
2 67
1 19
1 78
1 445
2 48
1 456
2 43
1 41
2 386
2 524
1 222
2 402
2 70
2 310
2 284
2 27
2 391
1 155
2 264
2 176
2 131
1 369
2 540
2 95
1 500
2 225
2 413
1 173
2 210
1 218
2 441
2 349
1 491
1 501
2 375
1 454
2 533
1 45
2 448
1 331
2 194
2 106
1 370
2 491
1 379
2 160
2 187
1 398
2 39
2 88
2 361
1 256
1 242
1 4
1 425
2 58
1 508
2 40
2 179
1 294
1 102
2 148
1 186
1 51
2 220
2 78
2 206
1 516
2 145
2 363
1 420
1 124
1 309
1 248
2 385
2 18
1 475
2 6
2 175
1 468
2 25
2 322
1 486
1 337
1 348
2 55
1 126
2 32
1 75
2 375
2 282
1 242
1 301
1 71
2 209
2 177
1 31
2 288
1 132
1 545
2 353
1 477
1 380
1 341
2 288
2 408
1 96
2 265
2 494
2 41
1 432
1 329
1 485
1 231
2 193
1 211
2 508
1 245
2 291
1 465
2 65
2 146
1 156
1 217
1 191
2 6
1 90
2 451
2 172
2 413
2 394
1 506
1 125
2 346
1 299
1 395
2 143
2 301
1 442
2 437
2 529
1 507
1 99
2 333
1 68
1 466
1 156
2 458
2 163
1 407
2 65
1 141
1 450
2 223
1 504
1 415
2 146
1 160
1 326
1 84
1 304
2 487
1 462
2 520
2 248
1 429
1 36
1 365
1 482
2 46
1 221
1 344
1 173
2 514
1 179
1 176
2 281
1 294
2 113
1 111
2 129
2 26
2 57
2 416
1 116
1 273
1 330
2 39
1 483
1 76
2 481
2 467
1 158
1 194
2 285
2 244
2 367
1 191
1 311
1 210
1 525
1 91
2 332
2 258
1 122
1 137
1 487
1 445
2 53
1 399
2 9
1 435
2 396
2 479
1 252
2 527
1 351
2 418
2 405
2 531
1 525
2 284
1 121
2 246
1 524
1 37
1 50
1 323
2 522
1 309
2 104
1 439
2 412
1 98
2 133
2 74
2 430
2 336
2 139
1 548
2 104
1 135
2 410
1 365
1 255
2 8
2 185
1 400
1 40
2 389
1 14
2 63
1 202
1 314
2 71
1 307
2 24
1 518
2 330
1 470
1 234
2 280
2 290
2 47
2 161
1 60
1 444
1 99
1 204
2 36
1 263
2 226
2 428
2 259
1 468
1 534
2 395
2 16
1 68
1 32
2 442
1 388
1 347
2 543
2 101
1 396
1 361
1 461
1 492
2 467
1 367
2 268
2 332
2 390
2 267
1 92
1 2
2 112
2 38
2 446
1 510
2 268
2 239
2 456
1 295
1 541
2 414
2 190
1 100
1 545
1 391
2 313
2 286
2 357
1 424
1 318
2 292
1 147
2 251
2 515
1 400
2 224
1 435
2 417
1 227
2 157
2 311
1 480
1 233
2 457
2 227
2 286
1 75
1 358
2 48
2 475
2 80
1 181
1 207
1 257
2 51
2 410
2 417
1 537
2 320
1 215
1 151
2 343
1 517
1 26
2 69
2 265
1 107
2 79
2 355
1 103
1 418
1 263
1 321
1 182
1 337
1 49
2 384
1 168
1 240
2 425
2 91
2 197
2 401
2 446
1 183
1 211
2 167
2 169
2 476
1 319
2 47
2 7
2 28
2 85
1 287
2 440
1 543
2 461
1 430
1 481
1 154
2 165
1 377
1 200
2 315
1 546
1 398
1 119
1 105
2 469
1 499
1 459
2 60
1 113
1 207
2 228
2 381
1 199
1 127
2 237
2 132
1 478
2 544
1 429
1 488
2 77
2 239
2 287
1 495
1 351
1 511
2 12
1 250
2 189
2 529
1 76
1 370
1 421
1 441
1 515
2 373
2 112
1 130
2 13
1 163
1 512
2 399
2 377
2 189
1 440
1 193
1 260
1 16
2 14
2 250
2 50
2 100
2 336
1 10
2 360
2 266
1 229
2 306
1 244
2 374
1 152
2 198
2 130
2 279
1 24
2 138
2 141
1 402
2 498
1 200
1 320
1 516
2 283
1 317
2 66
2 131
2 197
2 21
1 161
2 280
1 360
2 271
2 289
2 345
1 443
1 72
2 535
1 229
1 455
2 245
1 434
1 95
1 389
1 549
1 528
2 22
1 249
1 238
1 344
1 186
2 79
2 121
1 153
2 77
1 56
2 505
1 188
1 254
2 241
1 59
1 451
1 352
2 276
2 154
1 536
1 93
1 523
2 447
2 184
1 274
2 63
2 308
1 526
2 230
2 217
1 251
2 457
2 354
2 296
1 329
1 511
1 69
2 18
1 84
2 518
2 269
2 61
2 300
2 49
1 117
2 544
1 5
1 376
1 339
1 267
1 81
1 140
1 449
2 324
1 216
2 278
2 259
2 421
1 225
1 228
2 519
2 62
2 208
2 58
1 281
2 507
1 409
2 540
1 158
1 303
2 542
2 406
1 423
2 504
2 493
2 378
1 37
1 90
1 30
2 419
1 108
1 196
1 473
2 342
1 536
2 279
1 382
2 240
1 54
1 496
1 298
2 312
1 275
2 394
2 45
1 416
1 147
1 333
2 530
2 527
2 313
1 150
2 458
2 453
2 335
1 505
2 21
1 144
2 128
2 277
1 203
2 436
2 514
1 234
1 120
2 480
2 208
1 393
1 31
2 247
2 342
2 152
2 29
2 54
2 426
2 427
1 541
2 205
2 484
2 341
1 87
2 205
1 1
2 11
1 232
2 497
2 423
2 204
2 372
2 362
2 218
1 86
2 331
1 382
1 517
2 73
1 212
2 12
2 216
1 343
1 498
1 144
2 73
2 232
2 295
2 125
1 9
1 171
2 411
2 38
1 334
2 497
2 326
1 534
1 170
2 42
1 372
2 464
2 290
2 355
1 195
2 419
2 447
1 203
1 17
1 27
1 66
2 283
1 433
2 387
2 22
1 550
2 357
1 275
1 532
2 206
1 166
1 20
2 198
1 472
2 307
2 512
2 7
1 494
2 411
1 439
1 350
1 366
1 431
2 168
2 44
1 184
1 249
1 116
1 98
2 33
2 501
2 224
1 474
1 437
2 496
2 278
2 513
1 241
1 471
2 149
1 82
1 296
2 81
2 424
2 371
1 338
1 118
2 238
1 219
1 181
1 170
1 167
1 340
2 134
2 297
1 8
1 162
1 29
1 253
2 345
2 364
1 453
2 123
1 23
1 46
2 190
2 490
1 261
2 366
2 88
1 338
2 235
1 353
1 460
1 471
2 350
2 328
2 135
2 408
1 324
2 374
2 215
1 185
2 92
1 127
1 464
1 388
2 340
1 20
2 308
1 547
1 17
2 213
1 302
1 392
2 328
1 299
1 93
1 52
2 262
1 133
2 542
1 83
