1100 4000
1 21
2 128
2 439
2 129
2 209
2 140
2 11
1 183
1 210
2 354
2 370
2 532
2 184
2 111
2 401
1 75
2 385
1 469
2 315
1 214
2 424
1 33
1 361
2 173
2 297
1 436
1 376
1 477
1 336
2 422
2 67
1 106
1 505
1 351
2 23
2 490
1 299
2 379
2 230
1 381
2 483
1 504
1 456
2 263
2 147
1 186
2 230
1 416
2 495
2 229
2 320
2 62
1 81
1 247
1 442
1 490
1 390
1 90
1 410
2 138
1 370
2 46
2 276
2 525
2 464
1 478
2 83
1 437
2 28
2 189
2 314
1 2
1 430
1 232
1 395
1 5
1 85
1 157
2 255
2 460
2 19
1 471
2 406
2 264
2 97
2 378
1 461
2 545
2 71
1 427
1 95
1 339
2 403
2 274
2 3
1 485
1 279
1 306
1 518
2 234
2 20
1 393
1 528
2 163
1 550
2 535
1 164
2 367
2 229
1 144
2 392
1 102
2 293
1 5
2 290
1 49
2 219
2 30
1 126
2 105
1 254
2 427
2 198
2 137
1 112
1 53
1 190
1 413
1 164
1 548
1 340
2 457
2 258
2 114
1 410
2 222
2 532
1 318
1 537
1 343
1 538
1 440
1 326
1 89
2 141
1 353
2 223
2 133
2 195
1 287
2 465
2 270
1 115
2 332
2 253
1 391
1 386
1 406
1 88
2 160
2 317
2 305
1 269
1 389
1 248
1 2
2 513
2 368
1 123
1 364
1 199
2 46
1 107
1 97
2 225
2 480
1 342
2 244
1 73
2 107
2 70
2 55
1 78
1 546
1 433
1 149
2 56
1 249
2 453
1 155
1 395
2 243
2 286
2 384
1 350
2 421
1 220
1 171
1 417
2 39
2 118
1 145
1 398
1 310
2 174
2 152
2 179
1 418
1 341
1 71
2 282
2 272
2 113
1 332
1 298
1 42
1 503
2 237
2 293
1 222
1 119
1 505
2 24
1 497
1 377
1 227
1 30
1 325
1 333
1 402
1 329
1 72
1 305
2 79
2 227
2 539
2 146
1 468
1 29
1 486
2 420
1 407
2 448
1 475
1 347
1 188
1 403
1 397
1 242
1 37
1 296
2 319
1 450
1 172
1 37
1 213
1 400
1 65
1 270
2 116
1 63
2 534
1 19
2 93
1 408
2 492
2 273
2 325
1 409
1 43
1 94
2 207
1 205
2 242
1 513
1 354
2 250
1 31
2 112
2 359
1 219
2 169
1 511
1 477
2 56
2 438
2 489
2 48
1 274
2 94
2 65
2 479
2 324
1 482
1 15
1 148
2 88
2 175
2 4
2 453
1 328
1 156
1 27
1 280
1 491
2 393
2 429
1 121
2 374
2 117
1 447
2 296
2 459
1 252
1 206
2 183
2 1
2 373
2 478
2 217
2 289
2 549
1 241
1 541
2 153
2 243
2 415
2 75
1 13
2 542
1 91
2 422
1 151
1 224
1 44
1 383
1 493
1 538
2 180
1 275
1 495
2 181
2 387
1 521
1 171
1 405
2 257
2 218
1 369
2 307
2 438
2 267
1 124
1 423
2 434
1 481
1 90
1 193
1 154
2 466
2 499
2 292
1 330
1 205
1 244
2 364
1 146
2 287
2 143
2 178
1 34
1 456
1 469
2 346
2 382
1 58
1 548
1 38
1 124
1 486
1 327
2 168
1 70
2 179
2 136
1 516
1 436
1 306
1 239
2 530
1 473
1 387
2 455
1 301
2 311
2 341
1 308
1 61
2 319
1 98
1 62
1 501
1 344
1 440
2 82
1 100
2 72
2 176
2 178
1 50
1 251
1 86
1 452
2 509
1 316
2 467
1 212
1 281
1 119
2 345
1 484
2 278
2 245
1 334
2 6
2 442
1 320
2 360
2 150
1 288
1 546
2 369
1 130
2 349
2 12
1 396
2 32
1 15
1 10
2 41
1 197
1 99
1 541
2 87
1 261
1 378
1 77
2 128
1 101
2 263
1 426
1 389
1 35
1 16
1 129
2 512
1 57
1 407
2 451
1 126
1 3
1 534
2 238
1 338
1 324
1 9
1 458
1 13
1 462
2 186
2 476
1 64
2 313
1 134
2 216
1 194
2 380
1 396
2 38
1 515
1 524
2 423
2 435
2 550
2 527
1 533
2 193
2 493
2 48
2 211
2 309
2 34
2 498
2 522
1 497
2 373
1 189
1 518
2 185
1 356
2 511
1 516
1 300
1 168
2 425
1 225
2 83
2 117
1 175
2 197
1 108
1 259
1 547
1 514
1 262
2 277
2 549
2 510
2 181
2 421
1 303
1 235
2 202
1 463
2 521
1 268
1 265
2 375
2 271
1 333
1 145
1 347
1 430
2 245
1 203
1 525
2 228
1 362
2 349
2 388
1 212
2 204
2 127
1 7
1 35
2 494
1 417
1 196
2 449
2 372
1 134
1 343
1 159
2 443
2 155
1 8
2 102
1 109
1 295
1 307
2 173
1 165
2 17
1 22
2 399
2 402
2 135
2 461
2 335
2 198
1 377
1 273
2 78
1 484
1 170
2 503
1 487
2 18
2 291
2 400
2 312
2 106
2 9
2 445
2 233
1 221
1 507
2 496
2 135
1 459
1 331
2 50
1 167
1 460
2 330
2 279
1 142
1 12
2 232
2 394
1 502
2 47
1 191
1 200
1 231
1 291
1 489
1 517
2 162
1 334
1 414
2 405
2 301
2 420
2 74
2 103
2 156
1 519
2 414
2 159
2 86
2 234
2 151
2 404
1 110
2 429
1 391
2 491
1 208
2 519
2 80
1 64
2 482
2 236
2 285
2 166
2 103
2 509
2 515
1 401
1 247
1 337
1 51
1 52
1 543
2 84
2 474
2 182
1 191
2 187
2 84
1 529
1 455
2 161
1 475
2 408
1 177
2 194
1 4
2 339
2 58
1 488
2 260
2 297
2 104
1 18
1 246
1 360
2 206
2 366
1 262
1 93
1 54
2 141
2 132
1 240
1 540
1 158
1 467
2 322
1 249
2 143
1 336
2 463
1 308
1 121
1 310
1 472
2 203
1 118
1 211
2 220
2 28
1 337
2 66
1 127
1 529
1 105
2 202
2 394
2 454
1 130
1 36
2 388
2 158
2 412
1 355
2 528
1 358
2 514
2 125
2 284
2 95
1 24
1 10
2 16
2 98
1 162
1 311
1 499
1 355
1 500
2 259
2 464
1 411
2 69
2 199
2 261
1 180
2 424
1 434
1 231
1 160
1 523
2 209
1 256
1 265
2 379
1 383
2 418
2 32
2 522
1 169
1 328
2 131
2 248
2 404
1 386
1 26
1 154
2 280
1 142
2 437
1 481
1 539
1 110
1 348
1 322
1 57
1 254
1 285
1 100
2 215
2 472
1 92
1 60
2 120
1 316
2 174
2 223
1 192
1 27
2 99
1 61
1 323
1 385
2 226
2 40
1 131
1 21
2 474
2 115
1 485
2 471
1 500
1 89
1 139
1 196
2 465
1 81
2 68
2 375
1 165
1 298
1 506
1 496
2 36
2 51
2 431
1 140
1 302
2 114
2 466
1 327
2 398
1 272
1 286
1 504
1 44
2 166
2 299
1 351
2 462
1 69
2 213
1 458
2 536
1 53
1 8
2 444
2 508
2 217
2 323
2 148
1 108
1 447
1 313
2 523
2 188
2 278
1 201
1 152
1 358
2 120
2 192
1 344
1 14
2 446
1 348
1 357
1 357
2 384
2 236
2 457
1 303
2 33
2 257
1 368
2 163
2 527
2 267
1 510
1 318
2 531
2 132
2 376
2 390
1 450
1 361
1 441
2 226
1 380
1 480
2 284
2 137
1 17
2 479
2 96
2 526
2 52
2 468
1 520
2 314
2 153
2 441
2 161
1 256
1 23
2 433
1 363
2 540
2 352
1 517
2 42
2 292
2 144
2 31
2 258
1 362
1 443
2 109
1 295
1 454
1 147
1 435
2 530
1 255
1 524
1 246
1 352
1 353
1 416
2 216
1 289
1 208
2 340
2 428
2 374
2 133
1 419
1 6
1 87
2 177
2 266
1 63
1 66
1 221
1 315
1 116
1 25
1 253
1 185
1 409
1 335
1 512
1 47
2 448
1 45
1 321
2 187
2 446
1 67
1 288
1 59
1 494
2 449
1 372
1 241
1 470
2 238
2 544
1 22
2 277
1 235
2 96
1 49
2 542
2 170
1 536
1 76
1 252
1 92
2 210
1 365
2 470
1 260
1 233
2 80
1 1
2 302
2 452
2 228
2 326
2 363
1 425
2 544
2 426
1 282
2 356
1 214
2 149
2 371
1 338
1 365
1 268
2 184
1 45
2 317
2 79
2 371
1 204
2 520
1 502
1 283
1 55
2 397
1 68
2 492
2 150
1 264
2 125
2 7
2 91
1 176
1 294
1 77
2 428
1 431
2 157
2 304
2 276
1 526
2 251
1 111
1 321
1 20
1 136
1 54
1 104
2 122
2 304
2 40
1 101
2 411
1 309
1 382
1 240
1 392
1 215
2 329
2 543
2 239
2 488
1 487
1 445
1 531
2 507
2 60
1 26
2 399
2 508
1 172
2 432
1 312
1 535
1 201
1 432
1 82
1 122
1 444
1 11
2 138
1 76
2 350
1 359
1 294
1 533
2 283
1 271
1 275
2 537
1 300
2 290
2 498
2 41
2 139
2 269
2 473
1 451
2 25
1 195
1 167
1 73
2 415
1 547
1 545
2 224
2 39
2 476
1 483
1 113
2 190
2 413
1 237
1 74
2 506
2 346
2 501
1 200
2 381
1 59
2 29
1 367
1 207
1 266
1 419
2 43
1 281
2 218
2 85
1 366
1 342
1 123
1 182
1 412
1 250
2 439
1 14
2 345
2 331
