1600 3500
2 107
1 647
1 234
1 359
1 73
2 183
2 757
1 385
2 529
1 298
1 240
1 216
1 448
2 389
1 146
2 221
1 540
1 741
2 418
2 678
2 332
2 436
2 236
1 620
2 467
2 651
1 648
1 791
2 627
2 356
1 105
1 697
1 487
1 347
1 486
2 160
2 793
2 110
2 464
1 703
2 461
2 390
1 259
1 677
1 276
1 245
1 519
1 36
2 745
2 625
1 285
1 370
2 493
1 341
2 752
1 178
2 603
1 179
2 228
2 275
1 9
2 744
2 364
2 213
2 326
2 747
1 57
2 4
2 173
2 388
1 194
2 158
1 593
2 379
1 478
1 489
1 770
2 427
1 621
1 95
1 475
1 691
2 474
1 386
2 181
1 583
1 509
2 401
1 713
2 373
1 640
1 317
2 476
2 141
1 201
1 547
1 518
1 95
2 432
1 100
1 522
1 383
1 260
1 756
1 621
2 102
1 209
1 355
1 561
1 511
1 226
1 370
2 765
2 167
2 666
1 531
2 126
2 61
2 711
1 60
1 278
1 514
1 420
1 776
2 780
1 75
1 367
2 257
2 660
1 248
2 222
1 249
2 450
1 56
2 178
1 213
1 628
1 266
1 335
1 62
2 548
2 732
2 783
1 598
2 672
1 14
1 638
1 127
1 529
2 521
2 253
2 773
2 65
1 331
1 456
1 650
1 685
2 113
2 43
2 668
1 380
2 392
1 329
2 139
1 328
2 523
2 90
2 633
1 576
2 389
2 45
2 237
1 8
1 536
2 26
2 286
1 304
1 42
1 706
1 498
2 47
2 451
2 88
1 393
1 369
2 346
2 301
2 643
2 340
1 578
1 757
1 115
1 193
1 723
1 296
2 674
2 558
2 198
1 579
2 295
2 293
2 150
2 506
2 500
1 787
2 65
2 789
1 135
2 691
2 184
1 613
2 138
2 391
2 661
1 742
1 186
1 272
1 238
1 101
2 746
2 551
2 404
2 378
2 52
1 185
2 56
2 142
2 132
2 67
1 518
1 76
1 249
2 89
1 792
1 212
2 555
1 428
1 83
1 635
1 647
1 68
1 35
1 382
2 328
1 189
2 577
2 799
2 693
1 595
1 552
1 30
1 730
2 274
2 320
2 221
2 3
2 460
1 772
1 156
2 619
2 185
2 147
2 125
1 600
2 243
1 533
1 88
2 363
1 340
2 198
2 248
2 794
1 72
1 550
2 157
1 690
2 589
2 626
2 601
1 522
1 205
1 755
2 205
2 639
1 61
2 142
1 799
1 549
2 617
2 53
2 542
2 188
1 744
2 627
2 624
1 263
2 459
1 671
1 679
1 244
2 216
1 622
2 358
1 692
1 696
1 260
1 497
2 424
1 164
1 2
2 291
1 119
1 558
2 435
2 400
1 242
1 697
1 634
1 196
1 139
2 335
1 493
2 44
1 506
1 474
1 93
1 630
1 616
2 187
2 585
2 535
2 374
2 715
2 562
2 19
2 484
1 281
1 173
1 761
1 281
2 34
2 652
1 414
2 196
2 296
2 294
1 107
1 120
1 722
1 354
1 2
2 720
1 665
2 50
1 46
1 612
2 85
1 297
1 653
1 719
2 220
2 503
2 437
1 655
2 442
2 759
1 652
2 748
1 743
1 554
2 436
2 224
2 350
1 140
1 64
2 96
2 777
2 318
2 344
2 688
1 708
1 441
1 308
2 283
2 289
1 330
2 611
1 402
1 324
2 421
1 682
1 283
1 231
1 466
1 243
2 86
2 212
2 765
2 416
2 550
1 546
1 409
1 463
2 5
1 762
2 517
2 573
1 677
1 223
2 4
1 235
1 784
1 561
1 431
1 719
1 671
2 361
1 73
1 250
2 481
1 727
2 501
2 91
1 695
1 582
1 305
2 312
1 344
2 587
2 571
2 700
2 85
1 646
2 743
2 784
2 787
2 660
2 718
2 287
1 224
2 22
1 293
1 734
1 702
1 188
1 137
2 77
1 292
1 184
2 247
2 82
1 457
2 303
1 434
2 573
2 197
2 707
2 15
1 618
1 40
2 729
1 294
2 549
2 423
2 537
1 780
1 472
2 341
1 96
2 377
2 553
2 137
1 426
2 27
1 776
1 692
1 513
2 585
1 455
2 204
2 492
1 37
2 641
1 239
1 262
2 746
1 227
1 713
1 541
2 106
1 279
1 642
1 384
2 793
2 608
1 590
1 319
1 723
1 492
2 390
1 114
2 548
2 770
1 667
1 209
2 422
2 732
1 226
1 795
2 557
1 79
2 94
2 597
2 98
1 482
1 206
1 648
1 309
2 649
2 408
2 388
1 303
2 505
1 192
1 750
1 369
1 365
2 17
1 747
2 18
1 175
2 258
1 66
1 396
2 152
1 535
1 200
1 166
2 514
1 144
1 596
1 721
2 500
2 715
2 99
1 396
2 361
1 159
2 716
1 783
1 124
2 446
2 766
1 651
1 130
2 310
2 332
1 507
1 667
2 761
1 376
2 716
1 494
1 232
1 277
1 458
1 378
1 34
2 175
2 199
1 111
2 551
1 707
1 67
2 754
1 245
2 365
2 599
2 663
1 407
1 725
2 729
2 669
2 104
2 114
1 788
2 508
2 190
2 29
1 111
2 786
1 254
1 55
2 552
2 310
2 795
2 265
1 595
2 49
2 349
2 572
1 314
2 236
2 113
2 724
1 387
1 300
1 334
2 547
2 605
1 210
2 678
2 214
2 417
2 128
2 786
2 545
2 623
1 315
2 607
1 109
2 204
1 564
1 395
1 50
1 513
2 38
1 92
2 433
2 464
2 631
2 183
1 442
2 273
1 134
1 372
1 525
1 422
2 149
1 694
1 433
1 375
2 752
2 325
1 151
2 394
1 353
1 465
2 327
1 29
1 246
1 86
2 158
2 498
2 100
2 798
2 336
1 155
2 526
1 496
1 30
2 241
1 571
1 133
1 480
2 80
2 575
2 718
1 581
1 112
2 359
1 593
2 269
1 387
1 229
2 608
1 458
1 800
2 25
1 789
2 774
1 653
2 644
2 775
2 189
1 345
1 288
2 698
1 316
1 546
2 400
1 195
2 297
1 437
2 286
1 410
1 507
1 753
2 304
1 337
2 528
2 270
2 345
2 728
1 82
1 306
1 265
1 579
1 562
1 479
2 317
1 266
1 614
2 191
1 215
2 84
1 202
1 171
1 570
1 785
1 197
2 427
1 782
2 482
2 20
1 329
1 348
1 454
2 536
1 247
2 129
1 161
1 385
2 709
2 772
1 398
2 634
2 745
1 42
2 58
1 9
1 469
1 681
1 37
2 471
2 516
1 423
2 592
2 154
2 753
1 268
2 684
2 26
2 532
1 447
1 337
1 457
1 311
2 162
1 764
1 292
2 685
2 327
2 89
2 508
1 425
2 244
1 637
1 790
2 669
2 767
1 438
1 405
1 117
2 24
2 798
1 445
2 679
2 242
1 48
2 717
1 790
1 408
1 241
2 636
1 256
2 779
1 485
1 219
1 778
1 739
2 148
1 409
1 699
2 645
1 171
2 565
1 237
1 537
1 609
2 43
1 10
2 491
1 543
1 377
2 604
2 453
2 654
1 701
1 569
1 626
2 321
2 563
1 411
1 217
1 176
1 174
1 706
2 98
1 1
2 602
1 318
1 122
2 755
2 143
2 540
2 613
2 87
1 440
2 769
1 202
2 681
1 673
2 159
1 731
1 670
1 123
2 604
2 80
1 762
2 74
2 153
1 355
2 586
2 290
2 334
2 527
1 161
1 259
2 407
1 211
1 531
2 300
2 683
1 566
2 512
2 371
1 351
2 471
2 71
1 473
1 420
1 64
1 165
2 781
2 412
1 654
2 120
1 7
2 638
1 428
1 5
1 470
2 231
2 63
2 574
2 418
2 342
1 749
1 162
1 312
1 515
2 735
1 565
1 262
1 20
1 721
1 362
1 366
2 578
2 28
2 314
2 255
1 623
1 712
1 277
1 306
1 77
2 192
1 443
2 381
2 431
1 123
1 429
2 384
2 430
2 656
1 414
1 686
1 554
2 325
1 13
1 352
1 734
2 722
1 756
2 322
1 219
2 397
2 136
2 701
2 687
1 60
1 333
2 280
2 594
1 461
2 517
1 751
1 662
1 124
2 395
2 169
1 527
1 81
1 19
2 670
1 402
2 151
1 632
2 288
1 353
1 655
2 232
1 301
2 239
2 33
1 497
2 684
1 181
1 434
2 612
2 349
1 572
2 499
1 68
1 545
1 429
2 263
1 468
1 125
2 133
1 760
1 495
1 134
1 620
2 606
1 704
2 444
2 330
1 605
1 23
1 11
1 411
1 445
2 360
2 234
1 526
1 172
2 382
1 289
2 15
1 397
2 682
2 129
1 758
1 282
1 354
2 516
2 368
2 567
1 363
2 567
1 251
1 406
2 630
1 261
1 225
1 659
1 319
1 383
1 368
2 725
2 117
2 503
1 617
1 737
1 632
1 6
1 343
1 683
2 252
2 25
1 203
2 166
2 207
2 106
1 348
1 594
1 712
1 703
1 459
1 39
2 360
2 496
2 687
1 611
1 412
2 601
2 170
1 41
1 577
2 164
1 32
2 785
1 17
1 424
2 509
2 636
1 740
2 258
1 588
1 187
2 480
1 307
1 505
2 403
2 338
1 75
2 485
1 131
1 698
2 152
1 659
2 40
1 144
2 676
1 637
1 127
1 771
1 275
2 264
2 528
2 489
1 580
1 672
1 18
1 203
1 290
1 177
1 556
2 193
1 454
1 524
2 726
1 227
1 313
1 645
1 176
2 624
1 740
2 99
1 643
1 559
1 186
2 455
2 338
1 607
2 235
1 520
2 279
1 543
2 609
2 145
2 468
2 662
2 391
2 8
2 751
1 564
1 405
2 182
2 510
1 351
1 208
2 618
1 597
2 230
1 28
2 53
1 36
2 339
2 160
2 556
2 675
1 686
2 717
1 376
2 584
1 413
2 394
1 167
1 467
1 599
2 108
1 642
1 380
2 323
1 538
1 463
1 285
2 146
2 38
2 168
1 779
2 272
1 339
1 610
2 413
2 596
1 739
1 439
2 777
1 539
2 69
2 768
2 702
1 559
1 358
2 323
2 724
1 208
2 738
2 587
2 538
1 322
1 190
2 794
2 352
2 541
1 182
2 350
1 110
2 530
2 63
1 206
2 154
2 311
1 62
2 47
2 555
2 639
2 450
1 774
2 763
1 269
2 14
2 473
1 563
2 511
2 180
1 416
2 143
1 425
1 465
2 610
2 343
1 195
2 720
1 453
1 560
1 51
2 116
1 135
2 615
2 252
1 284
2 650
1 466
2 406
2 169
1 440
1 797
1 257
1 625
1 97
2 398
1 180
2 302
1 797
2 130
2 778
1 250
2 589
2 633
2 371
1 66
1 59
2 163
2 109
2 710
1 401
1 714
2 403
2 392
2 220
2 727
2 118
1 534
2 253
2 70
2 452
1 13
1 560
1 415
1 532
1 271
2 215
2 520
1 1
1 736
2 737
1 583
1 174
2 771
2 261
1 102
2 487
1 417
2 194
2 264
1 575
2 210
2 372
2 238
1 460
2 118
2 568
2 10
1 291
2 141
1 57
1 695
2 200
1 767
1 742
2 255
2 69
2 222
2 179
1 665
2 419
2 591
1 83
1 512
2 399
2 501
1 119
1 766
1 155
2 773
2 619
2 748
2 305
1 600
2 782
2 72
1 295
2 656
2 760
1 714
2 54
2 326
2 233
2 462
2 233
1 628
2 172
2 278
1 796
2 157
1 568
2 694
2 70
1 35
1 55
1 664
2 333
1 726
1 640
1 356
1 287
1 218
2 462
1 419
2 379
1 177
1 469
1 539
1 591
2 31
1 145
1 658
2 218
2 399
1 769
1 140
1 444
1 472
2 688
1 41
2 710
1 267
2 105
2 711
2 510
2 592
1 51
2 136
2 364
1 168
2 557
2 320
2 81
1 452
1 58
1 676
2 479
1 12
2 488
1 373
1 251
1 149
1 276
1 316
1 733
2 170
2 649
2 704
2 483
1 775
2 302
2 456
2 689
1 490
1 534
1 476
1 211
2 299
1 441
2 421
1 490
1 705
1 646
1 415
2 544
1 477
1 728
1 24
2 268
2 207
2 448
1 191
1 16
2 576
2 246
1 603
2 446
2 598
2 76
2 521
2 128
2 375
1 709
1 569
1 588
1 225
2 530
2 614
2 502
1 733
2 631
2 280
1 74
2 477
2 148
2 23
2 449
2 121
2 273
1 357
2 763
1 570
1 342
2 622
2 54
1 49
2 590
2 533
2 307
2 27
2 138
2 284
1 44
2 201
2 696
2 3
2 270
1 230
1 122
2 131
1 229
2 615
1 443
1 791
1 661
2 240
1 438
1 764
1 629
1 321
2 690
2 228
1 524
1 483
1 6
2 21
1 223
2 674
2 357
2 101
2 439
2 267
1 93
1 680
2 504
2 750
1 495
1 668
2 32
2 165
1 346
1 92
2 48
2 16
1 581
2 79
1 641
2 644
1 673
1 606
1 39
1 635
1 736
2 768
2 758
2 147
2 754
2 657
1 282
2 759
2 432
1 430
1 475
1 675
1 749
2 90
1 735
2 78
2 788
2 214
1 523
2 629
2 103
1 199
1 254
1 91
2 367
1 324
2 386
2 663
1 97
2 71
1 94
1 680
1 658
2 792
2 393
1 410
2 705
2 426
1 163
1 566
2 103
1 519
1 494
2 451
1 586
1 45
2 115
2 108
2 515
2 299
1 309
1 22
2 381
1 313
1 544
1 447
1 741
1 491
1 699
2 153
2 700
2 298
1 435
1 33
1 104
1 274
1 150
2 256
2 112
2 52
2 7
2 582
2 738
1 499
2 584
2 693
2 374
2 59
1 347
1 31
2 366
1 689
1 404
1 542
1 481
2 553
2 11
1 488
2 331
1 666
2 502
2 21
2 484
2 271
1 315
2 731
1 336
1 616
2 602
2 486
2 12
2 664
1 217
2 78
1 800
2 132
2 781
2 308
1 87
1 126
1 580
2 708
1 156
1 478
2 121
1 470
2 525
2 730
1 46
1 362
1 449
2 504
2 796
1 116
1 657
2 84
1 574
