1600 5000
2 568
1 400
1 11
1 456
1 202
2 497
1 754
2 412
1 26
2 729
1 634
1 184
2 772
2 248
2 64
1 259
2 434
1 420
1 342
1 138
2 559
2 543
2 80
2 650
1 684
1 572
1 463
2 670
2 635
2 521
2 58
2 642
1 552
1 599
1 523
2 326
2 78
2 684
1 432
1 72
1 270
2 598
2 203
2 112
2 656
2 426
2 193
1 549
1 63
1 93
2 33
1 337
2 524
2 68
2 608
1 215
2 626
2 230
2 145
1 573
2 603
1 309
2 636
1 799
1 122
1 544
2 369
1 104
2 749
2 500
1 117
1 628
1 149
1 436
1 191
1 520
2 66
2 707
2 116
1 501
1 368
2 459
2 39
1 480
2 294
2 768
2 141
2 163
2 373
2 738
1 99
1 276
1 142
2 163
1 151
1 725
1 753
1 491
2 461
2 164
1 780
2 289
1 368
2 371
2 220
1 792
1 2
2 605
2 193
1 143
1 614
2 362
1 573
2 709
2 423
2 482
1 788
1 77
2 476
2 114
2 195
1 294
2 75
1 180
1 739
2 643
1 546
2 388
2 312
1 274
1 336
1 55
1 349
2 786
2 153
1 320
2 612
2 228
2 287
1 222
2 730
2 501
2 747
1 586
2 28
2 591
1 53
1 30
1 90
1 491
2 79
1 478
1 271
2 243
2 382
1 78
2 162
1 345
2 644
2 166
1 644
2 583
1 347
1 777
2 515
1 668
2 268
1 752
1 578
1 425
2 704
2 532
1 691
1 510
1 112
1 712
2 723
1 557
2 52
2 554
2 284
1 506
1 530
2 551
2 719
2 499
2 69
1 637
1 309
2 497
1 472
2 481
1 31
1 35
2 232
1 70
2 706
1 702
2 392
2 100
2 106
2 596
2 409
2 609
2 96
1 209
1 155
2 695
2 267
2 425
1 786
2 650
1 98
1 343
2 343
2 466
1 784
1 141
2 358
1 201
2 621
2 656
1 266
1 214
2 43
1 168
2 133
1 172
1 244
2 308
1 756
2 29
1 662
1 355
1 280
1 580
2 469
2 377
1 790
2 223
2 285
2 492
1 574
1 130
2 390
2 540
1 253
2 597
2 751
1 685
2 274
2 667
1 211
2 270
1 477
2 227
1 237
2 127
1 453
2 533
1 454
2 417
2 771
2 305
1 441
1 298
1 784
1 175
2 502
1 192
2 694
1 669
1 592
2 691
1 170
1 428
1 513
1 231
2 593
1 123
1 173
2 760
2 138
2 7
2 516
2 12
1 522
1 115
2 536
1 124
1 169
2 704
2 199
1 623
2 440
1 106
1 255
1 623
2 558
1 422
2 721
1 454
1 545
1 241
2 167
2 62
2 47
1 147
1 666
2 165
1 379
1 353
1 337
1 336
2 264
2 724
1 469
2 242
2 14
1 668
1 576
2 534
2 303
2 152
1 742
1 494
1 545
1 65
2 564
2 322
2 129
2 714
2 633
1 447
2 221
2 717
1 744
1 759
1 184
1 625
2 176
2 648
1 484
1 299
1 738
1 564
2 474
2 585
1 570
1 136
2 107
1 341
1 429
1 347
2 413
1 94
2 154
2 647
1 168
1 346
2 321
1 591
1 554
2 218
1 560
1 332
1 108
1 385
2 58
1 678
1 732
1 705
1 563
2 403
1 663
1 680
2 587
2 118
1 589
1 156
1 397
2 268
1 764
1 149
2 96
1 144
1 747
1 439
2 306
2 672
1 379
2 488
1 588
2 577
1 142
1 359
1 109
1 457
2 727
2 410
1 546
2 120
2 334
2 744
1 226
2 363
1 18
2 443
1 292
1 576
2 638
2 5
1 40
1 696
2 188
2 7
2 330
2 725
1 699
2 785
2 635
2 664
2 789
2 331
1 526
1 632
2 552
2 794
2 504
1 715
1 654
1 188
2 427
1 748
2 25
1 330
1 630
2 675
1 598
2 689
2 100
2 210
1 318
1 212
2 728
1 146
2 594
1 132
2 649
1 351
1 658
1 700
1 117
2 183
2 97
2 525
2 481
2 40
2 716
1 375
2 581
2 617
2 61
1 769
1 781
2 15
1 520
2 48
1 415
1 647
1 614
2 449
1 205
1 655
2 489
1 46
1 186
1 3
1 693
1 8
1 563
2 508
2 740
1 414
2 458
2 722
1 391
1 517
1 41
1 569
1 224
2 214
1 45
2 620
1 421
1 146
2 610
1 313
1 709
2 122
1 185
1 479
1 403
1 766
1 111
1 325
2 692
2 177
2 692
2 396
2 621
2 281
2 527
1 398
1 402
1 510
1 360
2 732
1 128
2 161
2 395
1 47
1 673
1 726
2 254
2 547
1 405
1 754
1 380
2 640
2 24
2 344
2 694
2 250
2 374
1 746
2 54
1 144
2 605
2 524
1 588
2 181
1 446
2 431
1 23
2 404
1 148
1 57
2 20
2 579
2 707
2 476
1 550
1 245
1 254
1 46
2 420
1 194
1 477
2 737
1 359
1 393
2 769
2 626
1 619
2 196
1 36
1 553
2 767
2 578
1 263
2 113
2 739
2 65
2 216
1 376
2 446
2 14
1 622
2 147
2 671
2 793
2 748
1 778
2 395
1 351
2 196
2 271
1 301
1 174
2 487
2 131
2 378
1 696
2 799
2 509
1 60
2 606
2 542
1 721
1 577
1 781
2 755
2 624
1 198
1 172
2 456
2 286
1 733
1 370
2 595
2 423
2 71
2 448
1 181
2 561
1 166
2 608
1 511
1 531
2 233
1 386
2 352
1 249
1 761
1 139
1 443
2 376
2 472
2 590
2 535
1 358
2 273
1 735
2 159
2 189
2 665
2 222
1 597
2 603
2 604
2 670
2 325
1 522
1 464
2 367
2 416
1 174
1 316
2 484
1 10
1 600
1 493
1 94
2 367
1 657
2 207
1 412
1 246
1 265
2 43
1 171
1 218
1 536
2 584
2 415
1 295
2 275
1 11
1 355
2 297
2 384
1 424
1 37
1 283
1 231
1 206
2 21
1 238
2 430
1 348
2 548
2 211
1 457
1 57
2 579
2 763
1 547
2 737
2 241
1 657
1 2
1 475
1 110
1 464
1 528
1 288
2 180
2 197
1 220
2 340
1 145
1 566
1 305
2 87
1 775
2 659
2 279
1 479
2 467
2 84
1 791
1 466
2 681
2 533
1 664
2 252
1 768
1 602
2 315
1 27
1 451
2 688
1 701
2 157
1 365
2 495
1 736
2 255
1 69
2 726
1 101
1 8
2 523
2 534
2 496
1 327
2 711
2 225
2 683
1 150
2 637
1 559
2 800
1 324
2 387
1 760
2 645
1 187
2 475
2 519
2 779
2 342
1 283
1 610
1 611
2 701
2 411
1 314
1 35
2 278
2 133
1 590
2 418
1 67
1 677
1 312
2 23
1 582
1 648
1 267
1 269
1 202
2 735
1 9
1 539
2 687
1 56
1 326
2 30
2 761
2 507
2 686
1 301
2 67
2 170
1 32
1 310
1 414
1 609
1 31
1 449
2 424
1 346
2 272
1 442
1 81
1 731
2 620
2 111
1 103
2 441
2 713
1 594
1 194
2 774
2 518
1 29
2 375
1 246
2 21
1 239
2 350
1 417
2 109
2 245
2 204
1 470
1 431
2 499
1 394
1 676
1 662
2 797
1 282
2 798
2 238
2 794
1 766
2 703
2 265
2 236
1 440
2 462
1 191
2 293
1 140
2 13
2 439
1 437
2 667
2 70
1 80
1 713
1 655
2 173
2 273
2 448
2 349
1 399
2 195
2 20
1 54
1 700
1 264
1 394
1 604
1 490
2 607
2 34
2 186
2 659
2 724
2 234
1 567
1 137
1 783
1 279
2 773
2 535
1 555
1 219
2 55
1 560
1 363
1 490
2 126
1 209
2 234
1 538
1 746
2 93
2 646
2 83
1 339
2 488
1 759
1 323
1 237
2 764
1 665
1 503
2 654
1 289
1 344
2 135
2 682
1 307
2 235
2 252
2 25
1 167
1 388
1 130
1 90
1 129
2 505
2 516
2 675
2 640
1 723
2 338
2 297
2 244
2 354
2 599
2 162
1 99
1 758
2 197
2 28
2 480
2 788
2 770
2 357
2 404
1 353
1 183
1 585
2 770
1 639
2 601
2 544
2 199
1 537
2 302
1 259
2 389
2 32
1 494
2 463
1 631
1 495
1 213
1 316
1 798
2 68
2 800
1 643
2 400
2 742
1 329
2 651
1 6
2 549
2 328
2 256
2 660
2 486
1 306
2 97
2 543
1 108
1 333
2 335
2 321
2 88
1 17
2 458
2 720
1 593
1 89
1 143
1 369
2 79
1 613
2 660
1 468
1 615
1 702
2 161
2 502
1 433
2 148
1 177
1 15
2 207
2 139
1 61
2 320
2 444
1 113
2 778
1 471
2 548
1 120
1 437
2 10
1 160
2 354
2 601
2 291
2 362
1 114
1 49
2 115
2 203
1 430
2 602
1 91
1 486
1 134
1 474
2 532
2 622
2 287
1 435
2 179
2 482
2 384
2 16
1 42
2 483
2 731
1 629
2 269
2 258
1 192
1 9
1 103
1 53
1 678
2 750
1 699
2 757
1 366
2 785
2 135
1 773
2 95
2 661
1 676
2 455
2 187
2 307
1 397
1 651
1 745
1 793
1 529
2 690
2 428
2 74
1 260
2 88
1 418
1 140
1 215
2 92
1 706
1 59
1 711
2 317
2 319
2 372
1 360
2 98
2 530
2 217
2 525
1 646
2 473
2 740
2 318
1 76
1 71
2 127
1 45
1 317
1 107
1 416
2 595
2 500
1 345
2 102
2 553
1 718
2 18
2 60
1 182
2 155
1 661
2 462
2 527
1 776
1 373
2 182
2 300
2 300
1 171
1 378
2 12
2 483
1 236
1 164
1 56
2 629
1 569
1 612
2 190
1 392
1 85
1 50
2 302
2 291
1 615
2 280
2 24
2 402
1 105
2 118
1 515
2 589
1 592
2 542
1 361
2 63
2 455
1 308
2 581
2 407
1 658
1 618
1 514
2 247
2 296
1 178
1 422
1 683
1 348
2 638
1 74
1 492
1 685
2 123
2 763
1 461
2 36
2 405
2 557
1 627
2 383
2 311
1 223
2 512
2 514
1 695
1 632
2 687
1 201
2 669
2 511
2 555
2 565
2 652
2 421
1 37
1 506
2 232
1 652
2 1
1 690
2 41
2 465
2 299
1 42
1 261
1 210
2 411
1 277
2 304
2 333
1 419
2 774
2 364
2 570
1 618
1 485
2 51
2 406
1 385
2 85
2 460
1 110
2 334
2 121
1 239
1 165
1 286
1 672
1 121
2 795
1 5
1 679
2 550
1 64
1 796
1 686
2 125
1 136
2 275
1 762
1 295
1 224
1 229
2 253
2 371
1 519
2 229
1 571
1 189
1 698
2 290
1 642
1 743
2 169
2 722
1 750
1 727
1 204
2 175
2 518
1 206
1 75
2 674
1 240
1 277
2 364
2 73
2 693
1 119
1 242
2 531
2 775
2 426
1 105
2 219
2 485
1 372
1 719
1 84
1 95
2 567
1 666
2 541
1 128
1 568
1 507
2 783
1 408
2 663
2 328
1 487
1 227
2 758
1 83
1 131
2 393
1 541
1 772
1 453
1 627
1 762
1 489
2 288
1 575
1 789
2 714
1 329
2 157
2 92
2 710
2 44
1 409
2 730
1 540
2 636
1 263
2 262
2 240
2 741
2 734
2 473
2 221
1 350
2 791
2 787
2 132
1 262
2 600
1 653
1 419
2 382
2 134
2 293
2 82
1 513
2 399
2 125
1 266
1 62
2 450
2 137
1 1
2 779
2 357
1 708
2 331
2 176
2 66
1 76
2 324
2 782
2 151
2 3
2 319
1 261
2 572
2 311
1 160
2 44
2 728
2 776
2 630
1 468
1 539
2 561
2 243
2 521
1 86
1 205
2 104
1 787
2 200
2 562
1 407
2 200
2 427
2 235
2 408
2 251
1 460
2 634
2 249
1 795
2 633
1 606
1 697
1 86
1 562
1 39
2 565
2 179
1 537
1 433
1 673
1 435
2 613
1 33
2 116
1 575
1 517
1 304
2 332
1 313
1 619
2 451
1 574
2 616
1 677
1 401
1 251
1 338
1 689
1 797
2 276
1 217
1 470
1 389
2 617
1 712
2 698
1 551
2 190
2 89
1 508
2 452
1 681
2 81
1 377
2 401
1 757
1 323
2 452
2 756
2 398
1 178
1 260
2 256
1 4
2 410
2 512
2 611
1 374
2 296
2 716
1 467
1 119
1 556
1 767
2 339
2 438
1 782
2 471
2 282
1 493
2 27
1 248
1 653
1 213
1 697
2 442
1 432
1 22
1 749
2 526
2 340
2 736
1 717
2 498
1 429
2 459
1 292
2 16
1 765
1 780
2 34
1 566
1 49
1 154
2 509
1 386
2 281
1 322
2 150
1 247
1 381
2 718
1 671
1 596
1 583
1 356
1 792
2 584
1 752
1 396
1 250
1 387
2 152
1 156
1 52
1 26
2 445
1 257
2 361
1 257
1 72
1 616
1 381
2 370
1 715
2 413
2 587
1 607
1 447
1 158
2 504
1 641
1 198
2 571
2 185
1 101
1 528
2 352
1 226
2 383
2 406
2 703
2 314
1 444
2 625
1 258
2 708
1 649
1 4
1 82
2 126
1 87
1 790
1 365
1 48
1 624
1 720
1 272
1 315
1 38
2 753
2 91
2 628
1 645
1 212
1 582
1 438
2 341
1 445
2 741
1 434
2 796
1 529
1 450
1 503
1 310
1 38
1 233
1 496
2 22
2 674
1 356
2 50
1 729
2 631
2 124
2 390
1 498
2 225
2 580
2 391
1 680
1 285
1 710
2 228
1 688
2 743
1 639
1 216
1 284
2 558
1 73
1 436
2 230
2 734
2 153
2 208
1 505
1 19
1 465
1 327
1 290
1 771
2 6
1 556
1 478
2 641
1 705
2 538
1 158
2 777
2 682
1 51
2 745
2 159
2 278
1 77
1 298
1 102
2 13
1 751
1 586
1 335
2 765
1 208
1 679
1 17
1 303
2 733
1 19
1 366
1 59
2 755
2 380
