1100 7000
2 145
2 169
1 371
1 307
1 451
2 1
2 4
2 231
1 203
2 92
1 351
2 13
1 131
2 256
1 222
2 465
1 489
2 405
1 459
1 379
2 431
1 368
1 508
2 317
2 239
2 482
1 11
1 534
2 369
2 42
1 281
1 402
1 415
2 282
2 215
1 319
1 306
1 488
2 30
2 143
1 34
2 15
2 29
1 374
2 95
2 38
1 137
2 51
2 50
1 181
1 133
1 179
1 10
2 110
2 416
2 77
1 119
2 389
1 275
1 287
2 519
2 43
2 245
1 284
2 407
1 267
2 286
1 243
2 5
2 217
2 50
1 72
2 321
2 387
1 469
1 224
1 483
1 271
2 205
1 10
1 222
1 406
1 303
2 79
2 430
1 288
2 413
2 195
2 442
1 74
2 103
1 323
1 491
1 340
1 411
1 82
2 311
1 428
1 218
2 489
1 485
2 513
1 447
1 52
1 8
2 344
1 215
2 412
1 437
1 84
2 550
2 537
1 237
2 312
2 27
1 541
1 299
1 124
1 504
2 58
2 218
1 111
2 94
1 328
1 485
2 348
2 333
1 512
1 44
1 229
1 528
1 88
1 237
1 484
2 308
1 186
1 276
1 101
2 318
1 146
1 297
2 422
1 525
1 240
2 495
1 59
2 118
2 358
2 472
1 25
2 133
2 144
1 109
2 68
1 520
2 517
2 115
2 41
1 383
1 414
1 339
1 134
1 277
2 289
2 353
2 356
1 168
2 233
1 118
1 233
2 547
2 74
1 522
2 59
1 60
2 161
1 448
2 530
1 214
1 185
2 162
1 493
2 289
2 316
2 95
2 488
1 112
1 130
1 82
1 381
2 330
1 54
1 257
1 313
2 210
1 413
1 361
2 227
2 258
1 67
1 411
1 416
2 192
1 457
2 268
2 431
1 44
1 455
2 467
1 191
1 145
1 456
2 424
1 144
2 251
2 151
1 526
2 404
2 375
1 107
2 360
2 420
1 140
1 188
1 362
2 450
2 337
2 446
2 522
1 316
1 392
2 515
1 453
2 98
1 103
1 150
1 378
1 390
2 113
1 438
1 434
1 542
2 479
2 359
1 445
2 73
1 543
1 236
1 24
1 117
2 170
2 494
2 213
2 549
1 474
2 410
2 523
1 37
2 80
1 182
2 472
2 2
2 377
2 452
2 198
2 272
2 499
1 341
1 250
1 194
2 370
2 33
1 346
2 420
1 225
2 276
2 418
2 45
1 24
1 336
2 177
1 363
2 154
2 155
2 320
2 510
1 397
1 235
1 188
1 68
1 212
2 366
2 211
2 530
2 445
2 319
2 361
1 190
1 375
1 394
1 308
1 187
1 291
2 71
2 326
1 254
2 253
1 39
1 524
1 72
2 246
1 527
2 190
2 235
1 139
1 505
1 192
2 436
1 173
1 462
2 57
2 171
1 385
1 63
2 16
2 208
2 487
1 364
1 343
1 454
1 466
2 529
1 357
2 160
2 440
1 172
1 396
2 390
1 338
2 468
1 277
1 87
1 14
1 135
1 19
1 327
1 547
2 141
1 406
2 549
2 501
1 18
1 388
2 156
2 544
2 128
2 284
1 114
2 362
2 463
2 506
1 184
1 263
1 202
2 513
2 287
2 288
1 194
1 19
1 290
1 497
1 443
1 278
1 419
2 13
2 478
2 260
2 393
1 510
2 208
2 315
2 505
1 29
2 106
2 129
1 468
1 104
1 245
1 279
2 481
1 242
1 172
2 355
1 102
1 380
1 64
2 57
1 544
2 465
1 54
1 32
2 163
2 531
2 61
2 239
1 314
1 457
1 179
1 219
1 516
2 305
1 337
1 234
1 75
2 85
1 354
1 34
2 114
1 49
2 87
2 486
1 35
1 433
1 356
2 253
2 534
2 32
2 67
2 197
2 111
2 81
1 178
2 58
1 210
1 209
1 500
2 15
1 433
1 12
1 97
2 425
1 200
2 168
1 270
2 238
1 27
1 255
1 205
1 429
2 134
1 267
1 329
1 132
1 2
1 400
2 256
2 93
1 83
2 191
2 90
1 49
2 526
2 206
2 345
1 417
1 372
2 231
1 327
1 360
2 221
2 39
2 269
2 132
1 261
1 18
2 31
2 546
2 84
1 209
1 31
2 426
2 492
1 459
1 170
2 20
1 223
2 25
2 377
2 306
1 509
2 336
2 156
1 176
1 452
1 296
1 86
1 232
1 247
1 462
1 230
2 478
2 539
2 295
1 408
1 296
2 291
2 473
1 537
2 470
2 229
1 443
2 399
1 254
2 281
2 107
1 550
1 278
2 129
2 539
2 285
2 374
2 535
1 153
1 395
2 398
1 94
2 90
1 274
1 333
1 270
2 421
1 77
1 98
1 271
1 280
2 470
1 183
1 128
1 369
1 328
1 99
2 461
2 318
1 391
1 282
1 1
2 285
2 435
2 331
2 301
2 545
1 36
1 305
2 147
1 379
1 339
2 366
1 529
1 517
1 300
1 116
2 381
1 138
1 139
1 212
2 116
1 35
2 241
1 48
1 120
1 322
1 298
1 512
1 102
1 528
2 503
2 424
2 112
1 216
2 397
2 376
1 313
2 482
1 149
1 108
1 299
2 324
1 63
2 515
1 477
2 453
1 272
1 165
2 55
2 314
2 255
1 181
1 349
2 500
1 240
1 193
1 477
1 350
2 535
2 325
1 136
1 110
2 244
1 91
1 317
1 162
1 66
1 323
2 367
1 55
1 219
2 332
1 202
2 393
2 123
2 142
2 490
1 421
1 241
1 14
2 466
1 524
1 302
1 283
1 260
2 418
1 96
2 135
2 148
2 334
1 121
2 232
1 249
1 28
1 40
1 56
2 523
1 480
1 236
1 435
1 380
2 310
1 273
1 533
2 538
1 509
2 507
2 127
2 152
1 532
1 262
1 184
2 372
1 444
2 53
2 187
2 261
1 508
2 403
2 130
1 9
1 404
1 167
1 61
2 21
2 122
2 476
1 430
2 66
2 312
1 454
2 527
1 518
2 93
2 451
2 521
1 220
2 280
1 100
1 100
1 121
2 9
2 401
2 247
2 398
2 432
2 78
1 449
2 540
2 7
1 518
1 311
2 41
2 514
1 109
1 493
2 348
1 275
2 391
2 503
1 383
1 384
2 80
2 541
2 447
2 546
1 22
2 309
2 444
2 268
1 491
1 123
1 351
2 127
1 198
2 6
1 201
1 166
2 159
1 4
1 373
2 178
1 152
2 540
1 173
2 126
1 392
1 26
1 251
2 532
2 373
1 20
2 506
1 402
2 69
2 28
2 81
1 300
2 419
2 45
2 364
1 199
2 226
2 108
1 43
2 175
2 115
2 78
2 429
2 183
1 104
1 531
2 243
1 428
1 30
2 542
1 412
1 521
1 163
2 423
1 17
2 196
2 498
1 388
2 161
2 51
1 332
1 196
2 499
2 473
1 376
2 405
1 497
1 519
1 365
1 545
2 458
1 250
1 228
1 65
2 230
2 189
2 437
1 99
2 225
2 131
1 290
1 185
1 21
1 171
2 548
1 175
1 138
1 266
1 330
1 214
1 324
2 265
1 62
1 401
2 186
2 164
1 88
1 423
2 449
1 157
2 501
2 358
2 474
1 520
2 36
1 448
1 434
1 461
1 180
2 438
1 204
2 471
1 293
2 105
1 73
2 326
2 269
1 155
2 516
1 475
2 266
1 415
1 494
1 386
2 450
2 409
2 511
2 410
1 227
1 279
1 354
1 294
2 60
1 164
2 425
2 325
1 422
1 221
2 201
1 182
1 341
1 286
2 346
2 65
1 264
2 486
2 46
2 440
1 432
1 11
1 223
1 338
1 496
2 490
2 228
1 213
1 96
1 249
2 146
2 48
2 137
2 385
1 242
1 189
2 329
1 252
2 143
1 119
2 216
1 193
2 441
2 38
2 220
2 303
2 342
1 536
2 371
1 86
2 274
1 141
1 265
2 395
1 414
1 382
2 17
1 475
1 176
1 85
1 252
1 238
1 166
1 16
2 75
1 263
2 97
1 165
2 153
2 334
2 136
2 147
1 79
2 92
1 154
1 481
1 206
2 504
1 23
2 514
1 105
2 180
2 498
2 226
2 352
2 125
2 426
1 322
2 47
1 169
1 347
2 293
2 259
2 353
2 533
2 47
1 283
2 174
1 439
2 22
2 125
1 417
2 309
1 403
2 439
2 234
1 292
2 456
1 273
1 197
2 83
2 455
2 407
2 343
1 62
1 46
1 207
1 496
1 464
2 525
2 217
2 151
1 480
1 264
1 53
2 64
1 352
1 467
2 292
2 195
1 149
1 479
2 400
1 211
1 158
1 204
2 248
2 12
1 42
2 106
1 101
1 157
1 347
2 258
1 224
1 37
2 158
1 295
1 370
1 244
1 70
2 345
2 160
1 399
2 484
2 203
1 315
2 487
1 511
1 150
1 302
1 8
1 436
2 117
1 389
2 384
2 469
1 122
1 76
2 355
1 71
1 378
2 259
2 495
1 367
1 394
1 307
2 142
1 507
1 200
2 5
1 396
2 89
1 33
2 298
2 349
2 386
1 56
2 124
2 368
1 320
2 502
1 120
2 502
1 365
2 294
2 174
2 301
1 492
2 357
2 140
1 458
2 262
1 408
2 446
2 199
1 126
1 297
1 442
1 248
1 148
1 321
1 382
2 167
1 304
2 335
2 304
1 536
2 441
2 548
1 483
1 340
2 387
1 335
1 350
1 257
2 7
1 113
1 331
2 342
1 427
1 3
2 76
2 463
2 460
2 207
2 6
2 464
1 427
1 246
2 52
2 409
2 460
2 359
1 3
2 89
2 26
2 476
1 538
1 177
2 310
2 159
1 23
1 471
2 363
1 70
1 91
1 543
2 69
2 344
1 40
