1600 6500
2 772
2 553
2 284
1 391
1 687
2 420
1 741
1 394
1 490
2 138
2 255
1 226
1 379
1 132
1 574
1 503
1 221
1 277
2 458
1 648
2 473
2 347
1 266
1 132
2 578
1 303
2 290
1 63
1 475
2 460
2 94
1 442
2 304
1 30
2 529
2 745
2 750
1 161
1 438
1 283
1 407
2 468
1 398
1 549
1 221
2 734
1 766
2 517
1 540
1 189
1 710
1 259
1 310
2 181
1 515
2 75
2 241
1 470
2 361
1 472
1 33
1 478
2 290
1 780
2 463
1 318
2 507
2 348
1 278
2 432
2 773
2 434
2 52
1 177
2 577
2 748
1 202
2 456
2 270
2 229
1 183
1 256
2 656
1 640
1 402
1 78
2 426
1 560
2 203
1 62
2 753
2 322
1 149
2 730
1 380
2 60
2 521
2 476
1 434
1 44
1 788
1 592
2 617
1 67
2 291
2 209
2 273
2 95
1 319
1 63
1 125
2 758
2 229
2 725
2 90
1 85
2 253
1 308
2 145
2 635
2 576
1 598
1 222
2 307
1 498
2 548
1 346
2 745
2 287
2 408
2 17
2 363
2 767
1 382
1 732
2 101
1 706
2 483
1 675
2 164
1 651
1 707
2 787
2 712
2 104
2 518
2 581
2 435
2 431
2 83
1 613
2 480
1 31
1 739
2 242
1 487
1 134
2 354
2 759
1 453
2 543
1 676
1 547
2 282
1 485
1 726
1 222
1 396
1 602
1 467
1 412
2 524
2 626
1 146
1 713
1 271
1 252
2 169
1 204
2 53
2 375
1 679
2 555
1 36
1 589
2 70
1 479
2 38
1 738
1 740
1 467
2 395
2 189
2 10
2 444
2 454
2 751
1 723
1 621
1 631
2 336
2 297
1 474
1 251
1 790
1 68
1 494
2 312
1 419
2 508
2 758
2 29
1 58
1 481
2 759
2 537
2 461
1 663
2 54
2 256
1 744
2 607
2 730
1 332
2 287
2 176
1 627
2 366
2 662
2 25
1 436
1 244
2 697
2 756
1 521
2 411
2 469
1 752
1 545
1 306
2 137
2 523
2 126
2 87
1 220
2 670
1 448
2 381
1 710
1 488
2 495
2 364
2 754
2 14
2 280
2 215
1 677
1 187
1 417
1 703
2 643
1 257
2 580
2 210
1 453
2 389
2 71
1 366
1 647
1 66
1 402
2 325
1 269
1 156
2 437
1 279
1 198
2 370
2 588
1 68
2 605
1 73
1 695
1 1
1 409
1 773
2 81
2 225
1 174
1 760
1 305
1 527
2 497
1 678
1 23
2 510
1 517
1 672
2 576
1 709
2 731
2 71
1 175
1 217
1 494
1 768
2 264
1 174
2 669
1 12
2 423
2 552
2 523
1 21
2 539
1 99
2 668
2 440
2 200
2 170
1 634
1 621
2 794
2 677
1 422
1 322
2 326
2 35
1 379
1 559
1 151
2 328
1 110
2 638
1 113
2 173
1 407
1 371
1 720
2 436
1 166
1 331
1 159
2 509
1 127
2 600
2 441
1 224
1 65
1 337
1 629
1 722
1 590
1 579
2 665
1 573
2 591
2 719
2 619
2 152
2 345
1 564
2 321
1 349
1 327
2 737
2 723
2 106
1 387
2 79
1 746
1 734
1 485
2 645
1 518
1 429
2 593
1 516
2 532
1 1
2 502
2 156
1 117
1 270
2 16
2 314
1 345
1 372
2 613
2 118
2 753
1 776
1 253
1 424
2 505
1 274
2 16
2 199
1 571
1 504
1 212
2 311
1 343
1 799
1 555
2 628
1 59
2 114
2 121
2 491
2 7
2 144
1 299
2 658
1 313
1 292
2 130
1 476
1 400
2 273
2 246
2 155
2 673
2 192
2 797
1 145
2 34
1 658
1 2
1 249
2 315
1 708
1 54
1 342
2 644
2 693
2 712
2 632
2 155
2 327
1 774
2 541
1 459
2 179
2 296
1 243
2 452
1 504
2 405
2 602
1 336
2 787
1 666
1 211
2 568
1 543
2 371
2 777
2 791
1 515
2 604
1 446
2 381
1 334
1 361
2 664
1 793
2 13
2 153
1 50
2 583
2 40
2 782
1 656
1 686
2 355
1 115
1 628
1 317
1 738
1 120
1 685
1 492
1 19
2 28
1 630
1 161
1 783
2 762
2 152
1 300
2 12
2 280
2 650
2 56
1 742
1 425
1 757
1 615
2 439
1 761
2 421
2 228
2 90
2 350
2 762
2 185
2 394
2 580
2 625
2 75
2 100
2 142
2 642
1 551
1 76
1 172
2 10
1 414
2 139
1 136
1 236
1 471
2 285
2 333
2 767
1 392
1 297
2 546
1 667
2 768
1 774
2 275
2 359
2 28
1 582
2 531
2 365
2 180
1 66
1 611
1 749
1 375
2 765
2 112
2 11
1 714
1 761
1 201
2 697
2 330
2 493
2 129
1 260
2 608
2 268
1 535
1 563
1 672
2 655
2 442
1 550
2 4
2 625
2 691
1 616
2 134
1 289
2 770
1 142
2 627
1 778
1 159
2 80
1 151
2 386
1 415
1 404
2 324
2 433
1 316
1 252
1 108
1 709
1 97
1 102
1 122
1 259
1 657
2 207
1 533
2 352
1 214
2 203
1 18
2 430
1 447
1 368
2 411
2 216
2 607
2 748
1 228
2 343
2 37
2 309
2 729
1 653
1 344
1 638
1 484
1 547
2 661
1 403
1 302
1 519
1 401
1 378
2 206
2 784
2 569
1 137
1 304
1 291
1 168
2 619
1 630
1 622
2 281
1 94
2 157
1 351
1 223
1 558
2 641
1 720
1 27
2 42
1 571
2 187
1 500
1 451
1 493
1 51
1 705
1 335
1 451
2 527
2 537
1 750
1 477
1 265
1 312
2 471
1 324
1 320
1 448
2 489
2 492
1 449
2 160
2 775
1 243
1 283
1 296
2 248
2 776
1 43
1 558
2 490
2 153
2 143
2 340
1 553
2 331
2 212
2 351
2 272
2 534
2 238
2 135
2 574
1 91
1 154
2 670
2 536
1 671
2 620
2 446
2 53
2 636
2 616
1 747
2 91
1 450
1 33
1 234
1 587
1 475
1 665
1 23
2 139
2 743
2 692
1 130
2 454
1 5
1 689
1 719
1 293
2 311
2 200
2 437
2 694
2 285
2 690
2 73
1 179
1 624
1 329
1 659
2 414
2 441
1 261
2 612
2 533
2 512
1 395
2 34
1 260
1 123
2 495
1 618
2 635
2 455
2 58
1 544
1 383
2 344
1 300
2 431
2 258
2 25
2 445
1 465
1 303
1 240
1 208
2 258
2 617
2 749
2 262
1 519
1 76
1 180
1 364
2 798
2 682
1 220
2 178
2 279
1 98
2 341
1 127
1 237
1 294
1 579
1 784
1 376
1 779
1 755
1 791
2 780
2 266
2 269
2 234
1 570
1 542
2 406
2 177
2 526
1 688
1 352
2 8
1 147
2 639
2 652
1 146
1 50
1 369
2 247
1 298
2 292
1 708
1 716
1 41
2 610
1 763
1 286
2 418
2 509
2 46
1 158
2 725
2 78
2 197
1 718
2 541
1 629
1 416
1 540
1 713
1 338
2 569
1 595
1 298
1 409
2 604
2 636
2 196
2 45
2 47
1 365
2 40
2 696
2 27
1 289
2 420
2 676
1 664
1 293
2 561
2 32
2 396
2 597
2 733
2 522
1 307
2 450
2 592
1 388
1 704
2 717
1 711
2 124
2 373
2 728
2 416
2 248
2 459
2 104
1 715
1 800
2 740
1 689
2 128
2 715
1 74
2 684
2 466
2 211
2 474
2 35
1 399
2 754
2 426
2 413
1 778
1 82
2 350
1 654
1 684
1 26
2 795
1 614
1 239
2 756
1 736
1 183
2 567
2 444
1 168
2 514
1 536
1 383
2 43
1 232
1 433
1 586
1 349
1 458
1 421
1 743
1 255
1 542
1 308
2 583
2 528
2 770
1 261
2 84
1 9
1 530
2 185
1 457
2 116
2 277
2 525
2 633
2 217
1 578
2 698
1 447
1 662
2 39
1 362
2 731
2 199
2 57
1 620
2 597
1 631
1 116
2 413
1 175
1 330
2 167
1 55
2 637
2 432
1 141
2 622
2 373
2 92
2 683
1 173
1 305
1 22
2 52
1 718
2 20
2 614
2 452
2 163
1 460
1 148
1 400
2 93
1 294
2 5
1 477
1 700
1 397
2 567
2 60
2 412
1 360
1 736
1 479
1 11
2 184
1 781
1 165
2 135
1 724
2 788
1 378
1 37
2 218
2 599
1 680
2 265
2 109
1 799
1 14
1 733
2 511
2 500
1 594
2 133
1 721
1 727
1 505
2 355
2 410
1 275
2 356
2 274
2 404
2 575
2 391
2 6
2 466
1 191
2 681
1 594
2 4
2 682
1 56
1 554
1 19
2 358
2 93
1 562
2 789
1 77
1 263
1 692
2 81
2 21
1 595
2 605
1 29
2 732
1 439
2 113
1 45
1 512
1 704
1 577
2 24
1 231
1 310
1 596
2 641
2 449
2 242
1 42
1 398
2 162
1 386
1 87
2 329
2 32
2 462
1 170
2 687
1 741
1 699
2 671
2 150
1 55
1 764
1 674
2 524
2 703
2 30
1 722
2 382
1 178
1 106
2 587
1 760
2 639
2 575
1 686
2 268
2 469
2 755
1 464
2 326
1 316
2 126
1 334
1 783
1 796
2 20
2 144
1 49
1 8
2 506
1 347
2 800
2 637
2 370
2 701
1 557
2 119
2 57
2 513
1 15
1 651
2 362
2 123
1 272
1 443
1 380
1 367
1 84
2 422
1 601
2 435
1 171
2 245
1 793
1 393
1 193
2 610
2 226
1 107
2 525
1 72
2 424
2 231
2 143
2 369
2 6
2 115
2 496
2 615
2 410
2 385
1 507
1 154
1 764
1 201
1 215
2 348
2 405
1 133
1 634
1 488
1 314
2 556
1 659
1 108
2 688
1 338
2 88
2 520
1 121
1 646
2 74
1 511
2 46
1 489
2 357
1 339
2 696
1 388
1 794
2 599
2 769
1 663
2 70
1 702
2 377
2 353
1 546
2 586
2 775
1 522
2 660
2 264
1 538
2 165
2 227
2 17
2 559
1 609
2 245
2 235
2 64
1 415
1 683
2 694
1 503
1 205
2 548
1 510
1 118
2 612
2 79
1 22
1 609
1 171
1 320
2 528
1 236
2 737
2 129
2 181
2 654
1 182
1 251
2 86
1 496
2 445
2 797
2 560
2 562
1 499
2 798
2 443
2 213
2 679
1 591
1 198
2 554
2 44
1 368
2 645
1 660
1 419
2 59
2 717
1 590
2 191
1 210
1 13
2 486
2 701
1 36
1 742
1 785
1 714
1 468
1 286
2 779
2 69
2 262
2 149
2 282
2 238
2 83
2 598
2 190
2 317
1 539
1 295
1 122
1 360
1 281
2 100
2 254
2 186
2 430
1 782
2 480
2 7
2 110
1 661
1 508
1 193
1 721
1 572
2 169
2 786
2 483
1 384
1 557
2 502
2 284
1 584
1 726
2 96
2 552
1 478
2 549
1 428
1 601
2 516
2 337
1 680
1 623
1 158
2 254
1 470
1 499
2 563
1 438
1 363
1 582
2 96
2 15
2 82
1 678
2 131
1 589
1 461
1 573
2 668
1 339
1 584
1 167
2 792
1 111
2 184
2 309
1 325
1 109
1 162
2 462
1 88
2 18
1 61
1 250
1 581
1 346
2 9
2 666
2 246
1 566
1 390
2 119
2 393
1 333
1 423
1 301
1 603
2 276
1 644
2 97
2 700
2 501
1 556
1 230
1 399
2 566
1 288
1 377
1 417
2 608
2 374
2 288
2 276
2 545
1 653
1 792
1 218
1 235
2 241
1 367
1 49
1 164
2 47
2 208
2 182
1 520
1 674
1 202
2 611
1 172
1 606
1 739
2 693
2 649
1 340
1 80
1 318
1 188
2 497
2 117
2 295
2 67
1 237
1 99
1 529
2 727
1 328
2 440
1 148
2 706
1 408
2 757
2 357
2 233
2 593
2 323
2 39
1 724
1 418
2 473
1 765
2 642
2 41
2 77
1 728
2 532
2 669
2 160
1 227
1 213
1 224
1 390
2 772
2 735
1 538
1 206
1 789
2 403
1 267
2 225
1 491
2 2
2 667
1 190
2 551
2 771
1 26
1 207
2 335
1 643
2 166
2 51
1 795
2 131
2 192
1 781
2 48
1 301
1 585
1 263
1 568
1 233
1 244
2 747
2 64
2 456
1 188
2 531
1 427
2 771
2 751
1 136
1 482
2 565
1 223
2 655
2 112
2 31
1 157
1 623
2 356
1 232
1 777
2 209
2 455
1 786
2 384
1 214
2 319
1 48
1 695
1 752
2 506
1 3
1 194
1 101
2 196
1 385
1 102
2 124
2 465
1 128
1 429
2 769
2 514
1 796
1 486
2 600
1 482
2 105
2 428
2 647
1 790
2 698
2 711
2 69
1 374
1 389
1 565
1 85
2 323
1 766
1 685
2 387
1 114
1 302
1 353
2 219
2 585
2 216
2 147
2 464
1 530
2 624
2 746
2 92
1 707
1 603
1 675
2 457
2 401
2 618
1 98
1 257
1 358
2 332
2 195
1 341
1 313
2 648
2 111
1 354
1 681
2 107
1 606
1 103
1 633
1 526
1 95
2 197
2 702
1 65
1 513
1 397
2 691
1 86
2 406
1 140
1 250
2 650
1 120
1 699
1 544
1 194
1 105
2 249
1 487
1 176
1 785
2 315
1 267
2 72
2 247
1 481
1 690
2 427
1 61
2 673
2 103
2 299
2 463
2 62
1 729
1 652
1 89
1 204
1 342
2 535
1 572
2 744
2 564
1 321
2 484
1 163
2 640
1 716
2 472
2 138
1 219
1 763
1 596
1 3
1 205
2 271
2 195
1 498
1 141
2 24
2 372
1 425
1 550
2 125
1 534
1 392
2 561
1 89
1 657
1 588
2 306
2 376
2 649
1 150
1 230
2 626
1 359
1 140
1 278
2 38
1 570
1 632
1 501
2 705
2 186
1 735
1 646
2 239
2 240
