1600 6000
1 491
1 665
2 693
2 207
2 686
1 340
2 314
2 773
2 223
1 18
2 77
1 616
1 553
1 156
2 476
1 136
1 4
1 115
1 198
2 664
1 655
1 294
2 7
2 421
2 658
1 315
1 2
1 672
1 447
2 283
2 631
1 606
2 207
1 259
2 439
1 102
1 520
1 354
1 598
2 162
2 97
2 86
2 786
2 31
2 607
2 487
2 350
2 137
2 233
1 91
1 457
1 277
2 241
2 176
2 399
2 679
2 605
1 506
2 455
2 491
1 695
1 318
1 371
2 524
2 361
1 243
1 701
1 252
1 246
1 715
1 548
1 333
2 45
2 183
2 355
1 3
2 240
1 764
1 584
1 462
1 186
1 703
2 101
2 233
2 527
2 382
2 709
2 511
1 228
2 682
2 279
1 305
2 362
1 776
1 731
2 158
2 295
2 280
1 750
1 163
2 166
2 323
2 486
2 692
2 50
2 328
2 358
2 585
1 404
2 462
1 129
1 747
2 570
1 645
2 720
1 237
2 561
2 693
1 640
1 670
2 422
2 377
1 732
1 626
2 795
2 275
1 565
1 456
2 577
1 729
2 486
2 643
2 619
1 717
1 99
1 60
2 668
2 376
1 190
2 800
2 714
2 530
2 340
1 114
2 423
1 402
1 448
1 64
2 169
2 601
2 188
2 458
1 728
1 247
1 552
2 489
2 52
2 281
1 265
1 540
2 74
2 285
2 663
2 148
2 245
2 633
2 387
2 446
2 65
2 425
2 566
2 28
2 488
1 775
2 789
2 735
1 78
1 452
1 675
1 332
2 551
2 685
2 351
2 165
1 13
1 363
1 358
2 698
1 746
2 121
2 724
1 347
2 9
2 113
2 641
2 428
1 138
1 526
1 765
1 32
2 464
1 541
2 401
2 313
2 116
1 72
1 503
1 557
2 390
1 110
1 330
1 262
2 636
2 322
2 39
2 8
1 15
1 438
2 1
1 18
1 108
1 768
1 612
2 710
1 196
1 405
1 22
1 527
2 181
2 534
1 634
2 546
2 518
2 262
2 259
1 522
1 187
1 536
2 687
2 168
2 666
2 380
2 621
2 327
1 525
2 677
1 388
2 744
1 523
1 449
1 172
2 61
2 565
2 350
2 288
2 544
2 186
1 68
1 539
2 250
2 85
2 19
2 311
2 712
1 36
1 411
2 378
1 115
1 286
1 603
1 404
1 503
1 11
1 209
2 655
1 638
2 748
2 719
2 684
1 398
2 391
2 177
1 74
2 163
1 348
1 168
2 55
1 319
1 76
2 796
1 201
2 592
1 254
1 361
1 180
1 547
1 442
2 752
2 291
1 278
1 217
2 741
1 573
2 128
1 781
2 407
2 201
2 246
2 797
1 364
2 785
1 104
2 744
1 342
1 138
1 112
2 787
2 762
1 426
2 298
1 90
2 470
2 522
1 329
2 150
1 208
1 514
1 355
2 769
2 515
1 511
1 694
1 172
2 326
2 429
1 103
2 627
1 260
1 784
1 574
1 239
1 417
2 311
1 523
1 81
2 139
1 579
2 211
1 354
2 428
1 653
2 690
1 608
1 66
1 75
2 657
2 709
2 195
2 545
1 707
1 301
1 434
1 481
1 193
1 47
2 766
2 309
2 577
2 635
1 648
2 255
1 532
1 107
1 299
2 112
2 444
2 648
2 255
2 239
2 591
1 44
1 776
2 451
1 700
2 309
2 46
1 242
2 406
1 450
1 745
1 248
2 482
2 245
2 770
1 615
1 82
2 755
1 103
1 448
2 238
2 32
2 75
2 185
1 244
2 777
2 240
2 135
2 517
1 247
1 270
2 795
1 108
2 710
1 445
1 34
1 287
1 756
1 794
1 323
2 157
1 58
2 651
2 433
1 275
2 232
2 410
1 394
2 477
2 199
1 750
2 195
1 19
1 466
1 367
1 320
1 673
2 291
2 295
1 249
1 360
2 349
1 16
1 599
1 630
1 81
1 375
2 57
1 547
1 631
2 743
1 476
1 221
1 413
2 25
2 555
1 14
1 779
1 336
2 143
2 420
2 67
1 436
1 272
1 501
2 264
2 473
1 780
1 656
1 641
1 505
2 267
1 133
1 485
1 740
2 334
1 596
2 399
1 230
2 622
2 30
2 141
2 463
2 288
1 396
2 116
2 44
1 508
2 430
1 400
2 209
2 293
1 271
1 753
2 405
1 793
2 235
2 537
2 204
1 778
2 397
2 409
1 316
2 133
1 236
2 528
2 373
2 193
2 325
1 178
1 669
1 677
1 646
2 218
2 414
1 781
2 331
2 576
1 120
2 611
2 704
2 494
2 283
1 564
1 343
1 618
2 784
2 496
2 383
1 660
2 205
1 751
2 689
1 91
2 575
2 574
1 555
2 154
1 118
2 569
1 798
2 505
2 437
2 679
2 64
1 341
2 459
2 286
2 51
2 581
1 10
1 444
1 171
2 762
1 153
1 231
2 369
1 450
1 761
1 366
2 438
1 205
1 669
1 572
2 723
1 263
2 379
2 273
1 304
1 374
1 659
2 126
2 3
2 280
1 730
2 608
2 610
1 674
2 519
1 152
2 733
1 512
1 718
2 508
1 414
2 791
1 663
1 383
1 778
2 14
1 716
1 697
2 682
2 308
2 587
1 686
1 549
1 215
2 650
1 369
2 466
2 121
2 591
1 7
2 386
1 718
2 294
2 274
1 181
1 632
1 528
1 173
2 502
2 338
1 671
1 284
1 676
2 760
1 392
1 432
1 269
2 625
1 775
1 339
1 179
2 716
1 192
2 39
2 317
2 23
1 56
1 768
2 554
2 388
2 797
1 550
1 97
1 529
1 482
2 360
1 799
1 761
2 700
1 684
2 585
2 66
2 408
1 568
2 531
1 540
1 504
1 59
1 158
1 533
2 29
1 227
1 151
2 80
1 702
1 24
2 389
2 437
2 435
1 400
2 512
2 538
1 22
2 42
1 656
2 132
2 647
2 89
1 318
1 197
2 353
2 165
2 144
1 678
1 408
1 732
2 614
1 586
1 443
1 117
1 300
2 20
1 628
2 303
2 31
2 312
1 88
1 90
2 223
1 251
2 140
2 701
1 703
2 346
2 278
2 507
2 571
1 27
2 273
2 71
1 43
1 260
2 635
1 427
2 500
2 253
1 756
2 435
1 661
2 282
2 100
1 390
2 210
2 132
1 402
1 721
2 680
2 645
1 37
2 284
1 271
1 749
2 261
2 376
1 484
2 727
2 35
2 227
1 788
2 109
1 643
2 214
1 661
2 711
1 790
1 713
2 265
1 772
2 23
2 131
2 274
1 200
1 794
2 633
2 83
1 566
2 304
2 695
2 15
2 471
1 198
2 53
2 325
1 480
2 178
2 442
2 766
1 93
1 92
2 281
1 611
2 397
1 745
1 717
1 594
2 642
2 458
2 739
2 569
2 365
2 257
1 63
1 406
2 423
1 620
2 446
1 723
2 467
2 256
1 299
2 230
1 167
1 312
2 83
2 622
1 644
2 105
1 146
2 352
2 155
1 225
1 468
1 56
1 506
1 337
2 30
1 359
1 266
1 17
2 660
1 320
1 147
2 587
1 602
2 40
1 130
1 479
2 698
1 113
2 351
2 615
2 322
2 510
1 16
1 189
2 737
2 41
1 416
1 504
2 292
2 222
2 384
2 235
1 726
1 599
2 160
1 218
2 356
1 579
1 600
2 461
1 117
2 335
1 61
1 185
2 232
2 122
2 82
1 111
2 302
1 48
2 316
1 86
2 513
1 170
1 151
1 667
2 668
1 47
1 40
1 129
1 719
2 597
2 53
2 510
1 467
1 392
1 203
1 771
2 270
2 191
1 420
2 595
1 580
2 431
2 674
1 516
1 398
2 276
2 120
1 413
1 252
1 699
1 217
2 182
2 302
2 396
1 219
1 395
1 783
1 433
2 100
1 711
2 560
1 282
2 524
2 118
1 11
1 161
1 58
2 564
2 180
1 142
2 279
2 109
1 110
2 93
2 443
2 484
2 297
1 728
1 424
1 432
2 452
1 412
1 617
1 177
1 649
2 536
1 98
2 454
2 327
1 41
2 21
2 749
1 2
1 229
2 136
1 119
2 46
2 634
2 51
2 38
1 292
2 139
2 525
1 567
2 409
2 704
1 654
1 174
1 77
2 783
1 263
2 498
1 490
1 598
2 582
1 659
2 546
2 707
1 567
2 5
2 426
2 391
1 576
1 733
2 721
1 758
2 166
2 43
1 225
1 50
2 76
2 644
2 301
1 71
1 743
1 150
1 800
1 123
2 752
1 264
2 393
2 788
2 494
2 639
1 363
2 543
2 430
2 38
1 348
1 774
2 500
1 213
1 370
1 665
2 332
2 614
2 705
2 465
2 796
2 102
2 488
1 238
2 454
2 588
2 159
1 194
1 562
1 4
2 517
1 632
1 212
2 431
1 200
1 106
2 562
1 767
2 250
2 760
1 671
2 244
2 290
1 629
1 601
1 48
1 493
1 440
2 202
2 474
2 403
1 610
1 375
2 26
2 770
2 84
2 373
2 647
1 738
1 266
2 572
2 344
2 366
2 621
1 21
1 356
1 192
2 62
2 757
2 551
1 234
1 60
1 492
2 473
2 149
2 73
1 754
1 596
1 127
1 592
1 119
1 754
1 159
2 636
2 597
1 156
2 623
1 251
2 792
2 558
1 79
2 190
2 708
2 469
2 471
1 214
1 272
2 480
1 666
1 470
2 589
2 483
2 174
2 678
1 495
1 342
2 63
1 70
1 602
1 303
1 509
1 179
1 606
2 362
1 308
2 17
2 529
1 194
2 365
1 746
2 445
2 427
1 25
1 128
1 640
2 651
2 184
1 411
1 206
1 33
2 55
1 624
1 418
2 618
1 626
2 691
1 313
1 748
1 451
2 229
1 652
2 556
2 215
1 199
1 146
2 726
2 357
2 221
1 256
1 333
2 604
2 552
2 59
1 782
1 170
1 54
1 124
1 439
2 338
2 403
1 126
2 556
1 558
2 258
2 78
2 539
2 613
2 475
1 581
2 764
1 346
1 134
1 696
2 220
2 605
1 544
2 453
1 497
1 742
1 69
1 477
2 73
2 24
2 123
2 415
2 387
1 559
2 331
1 94
1 321
1 542
1 657
2 519
2 10
2 609
2 487
2 543
1 620
2 588
1 359
1 650
2 681
2 364
2 767
1 612
2 673
1 67
1 475
1 483
2 216
1 652
1 418
1 495
1 759
1 28
2 785
1 502
1 164
2 736
2 638
2 419
2 619
2 699
1 780
1 243
2 697
2 649
2 742
1 124
2 329
2 34
2 722
2 410
2 616
1 515
1 182
2 87
1 549
2 189
2 54
2 478
1 148
2 779
2 514
1 419
1 96
2 604
1 287
1 607
1 737
1 385
2 289
2 541
1 357
1 153
2 319
2 216
2 533
1 26
2 226
2 739
1 307
1 692
1 145
2 583
1 561
1 571
2 345
2 702
1 530
1 531
1 628
1 105
2 314
1 395
2 378
1 29
1 586
1 80
1 683
2 501
2 344
1 176
1 379
1 421
2 690
2 114
2 675
1 267
1 624
2 478
2 662
1 111
1 297
1 532
2 324
1 296
2 472
1 5
1 42
2 557
1 57
2 85
1 730
1 499
2 380
2 422
2 600
2 627
2 727
2 49
2 759
1 734
2 88
2 789
1 513
2 688
1 35
2 37
1 202
2 696
1 6
2 593
2 769
1 507
1 334
1 751
2 518
2 747
2 381
1 353
1 509
1 691
1 412
1 254
1 798
1 222
2 637
2 394
1 603
1 89
2 389
2 535
1 374
2 9
2 538
2 130
1 276
2 485
2 441
1 490
1 268
1 787
1 474
2 45
2 300
2 763
1 720
1 107
2 164
2 377
1 184
1 459
1 12
1 694
2 261
2 637
2 582
1 489
2 516
1 335
2 713
2 142
2 162
1 384
1 27
2 706
1 241
1 371
2 593
1 127
1 535
2 310
1 736
1 773
2 224
1 211
2 367
2 87
2 609
2 537
2 653
2 472
1 417
2 96
1 393
2 672
1 237
2 590
1 368
1 234
2 493
2 79
1 563
2 463
1 161
1 72
2 689
2 231
1 629
1 337
1 141
1 49
1 20
2 196
2 257
1 106
2 204
2 125
2 613
2 169
1 175
1 236
1 460
1 33
2 242
2 560
1 782
1 735
1 639
2 382
1 213
2 92
2 573
2 453
1 8
1 545
1 623
2 175
2 705
2 461
1 13
1 226
1 349
1 147
2 578
1 550
1 578
1 122
1 584
2 36
1 324
2 664
2 687
2 386
1 554
2 771
2 94
2 563
1 69
1 496
2 296
1 68
1 479
2 642
2 440
1 157
2 434
1 790
2 137
2 706
2 658
2 188
2 330
2 725
1 680
2 203
2 688
2 143
1 580
2 799
2 725
1 589
2 191
2 144
1 425
1 372
2 385
2 416
2 134
2 521
2 772
2 469
1 154
2 306
1 104
2 731
2 712
1 328
2 187
1 424
2 6
2 171
1 753
2 681
2 347
2 553
1 617
2 667
2 715
2 499
1 152
1 155
2 352
1 341
2 792
2 224
2 436
2 268
2 729
2 793
2 765
2 758
1 465
2 457
2 345
2 441
2 305
2 249
2 99
1 307
2 135
2 568
2 468
2 559
1 306
1 708
2 368
2 738
2 497
1 381
1 786
2 526
1 173
1 407
2 683
2 183
2 95
1 208
2 210
1 62
1 140
2 285
2 521
2 321
1 253
2 293
2 429
1 763
2 654
1 310
1 258
1 131
1 734
1 65
2 456
1 722
1 101
2 791
2 646
2 534
1 741
1 269
1 149
1 98
2 197
1 724
1 370
1 464
1 455
2 145
2 757
2 372
2 290
1 336
1 685
2 248
1 594
2 343
2 317
1 595
1 520
2 401
1 84
1 449
1 548
1 498
1 777
1 630
2 625
2 481
2 570
1 447
2 583
2 740
1 289
1 315
1 662
2 326
2 212
2 206
2 95
1 220
2 277
1 590
1 415
2 676
2 492
2 298
2 714
1 774
2 670
2 1
2 755
1 167
2 160
2 12
1 339
2 219
2 460
1 52
1 228
1 125
2 542
1 575
2 70
