1100 6500
1 76
2 544
2 294
2 206
2 510
1 24
1 195
1 456
1 349
1 357
1 4
2 504
1 69
1 538
1 399
2 447
2 495
1 409
2 202
1 97
1 217
1 448
1 279
2 115
1 169
2 29
1 26
1 96
2 507
2 487
1 101
1 261
1 516
1 133
1 313
1 164
1 152
2 488
2 490
1 465
2 56
1 38
2 135
2 213
1 28
1 329
2 524
2 490
2 18
2 546
2 320
2 478
1 412
2 547
2 202
1 67
1 73
2 486
2 181
1 369
1 225
2 81
2 185
1 189
1 22
1 518
1 53
2 470
1 486
2 11
1 17
1 36
1 239
2 449
2 401
1 545
2 396
1 103
2 70
1 529
2 164
1 340
2 89
2 537
2 20
1 414
1 263
1 334
2 295
2 179
2 388
1 308
1 263
2 142
2 47
1 10
2 448
2 218
1 335
1 462
1 72
1 46
1 180
1 159
1 432
1 1
2 321
2 233
1 344
1 438
1 43
1 356
2 390
2 251
2 231
2 511
1 398
1 404
1 177
1 138
2 375
1 451
2 460
1 461
2 232
2 277
1 313
1 517
1 134
2 405
2 332
1 372
1 519
1 32
1 355
2 301
1 150
1 170
2 65
2 509
1 188
1 127
2 407
2 394
2 543
2 207
1 531
1 168
1 135
1 458
1 372
1 50
2 383
1 186
2 113
1 528
1 497
1 227
2 378
2 374
2 43
2 336
2 361
1 376
1 212
1 470
1 86
1 191
1 478
1 533
1 371
1 76
1 285
2 210
2 245
1 430
1 122
1 57
2 196
2 413
1 475
2 8
2 464
2 417
1 411
1 125
2 154
1 399
1 345
1 221
2 425
1 449
2 549
2 306
1 145
1 288
1 480
2 244
1 196
1 418
2 282
1 512
1 136
2 359
2 330
1 138
1 115
1 44
2 90
1 416
1 447
2 497
2 326
1 395
1 253
2 467
2 232
1 123
2 521
1 309
1 351
2 237
1 356
2 178
1 362
1 348
1 406
2 107
1 284
1 359
2 510
1 380
2 479
1 504
2 328
1 467
1 410
2 452
1 173
1 352
1 136
1 163
2 345
1 255
2 23
2 220
1 387
1 272
1 445
1 281
2 302
2 281
2 141
2 550
2 240
2 105
1 222
1 349
1 117
1 187
1 500
1 42
1 291
2 132
1 165
1 501
2 378
2 406
2 66
1 85
1 14
1 341
1 102
1 63
1 235
1 148
1 474
1 397
1 444
2 42
1 360
1 283
2 45
2 106
2 7
1 40
2 393
2 226
1 476
2 246
1 181
2 172
1 444
1 52
1 182
2 203
2 471
2 531
2 269
2 267
2 357
2 334
2 481
1 337
2 109
1 469
1 528
2 496
2 68
1 339
2 74
2 237
2 39
2 61
1 234
2 502
2 211
2 245
2 461
2 234
1 14
1 238
2 429
1 167
1 278
2 101
2 303
2 369
1 287
2 388
2 183
2 239
1 269
2 219
1 535
2 6
1 104
1 56
2 160
1 51
2 205
2 250
1 148
2 248
2 194
1 231
2 400
1 93
1 158
1 491
1 123
1 69
1 469
1 347
2 270
2 137
1 533
2 273
1 49
1 63
1 140
1 105
2 58
1 238
2 312
2 324
2 366
1 265
1 264
1 94
2 206
1 354
1 153
1 13
2 429
2 459
2 258
1 296
1 4
1 143
2 225
1 256
1 381
2 200
2 312
1 476
1 64
1 209
2 325
1 132
1 32
2 259
1 360
2 240
2 110
2 99
2 174
2 426
1 477
2 163
1 401
2 259
1 489
2 222
2 216
2 83
2 532
1 426
2 392
2 208
2 152
1 512
2 423
1 353
1 247
2 536
1 466
2 340
1 23
2 367
1 463
1 542
2 10
2 262
2 472
2 88
1 344
1 400
2 91
1 275
2 445
2 176
2 271
2 192
1 540
1 287
2 387
1 179
1 282
2 523
1 149
2 18
2 15
1 77
1 338
1 315
2 442
2 527
2 308
1 119
2 523
2 31
1 412
1 526
2 192
1 505
2 266
1 499
2 389
1 462
1 278
2 502
1 514
2 27
2 147
2 20
2 216
1 62
2 530
2 254
2 244
1 421
2 172
2 513
2 427
2 417
1 34
1 161
1 416
2 125
1 499
1 97
2 118
1 493
1 431
1 214
1 261
1 158
1 58
1 455
2 450
2 434
1 494
2 390
1 424
1 258
2 82
2 355
2 221
2 325
2 26
1 402
2 454
2 169
1 186
1 422
1 193
1 503
1 205
2 365
1 333
2 439
1 481
1 262
2 526
1 270
1 492
2 92
1 126
2 410
2 392
2 224
2 549
2 87
2 167
1 303
1 548
1 176
1 184
2 241
1 79
2 489
2 130
2 157
1 314
1 37
2 264
2 317
2 139
1 260
2 122
1 342
1 377
2 268
1 92
2 111
1 323
2 440
2 1
1 146
1 128
2 414
2 48
2 75
1 286
1 143
2 217
1 193
2 13
2 147
1 21
1 236
1 27
2 415
2 198
2 111
1 364
2 428
1 246
1 248
2 403
1 5
2 443
2 48
1 228
2 547
2 465
1 53
2 322
2 493
1 131
2 330
1 129
2 430
1 145
1 104
2 285
2 446
2 175
2 59
1 180
1 275
2 288
2 280
1 36
2 354
2 194
2 487
1 435
2 535
1 227
2 170
2 55
2 250
1 427
1 386
1 316
1 322
2 249
2 35
2 545
2 408
1 409
2 350
2 183
2 418
2 2
2 304
2 425
1 87
2 131
1 86
2 302
1 146
2 41
2 459
1 300
2 117
1 41
2 40
2 80
1 421
2 361
1 428
1 389
2 99
1 474
2 537
1 64
1 525
1 380
1 541
2 220
2 157
2 463
2 298
1 506
2 522
2 293
2 319
2 432
1 343
1 271
1 160
1 116
1 46
2 141
2 233
1 273
2 16
2 257
1 197
1 326
1 195
2 277
1 518
2 509
2 407
1 368
2 435
1 201
2 57
2 471
1 191
2 31
2 218
2 319
1 19
2 286
2 276
1 352
2 534
2 517
2 458
1 293
1 466
2 441
1 375
1 468
2 79
2 124
1 422
2 128
1 513
2 211
1 199
2 37
2 71
2 541
2 66
1 12
2 95
1 168
1 457
2 311
1 255
2 453
1 519
1 78
2 482
2 423
2 437
1 317
1 243
1 103
2 229
1 144
2 515
2 188
2 74
2 291
1 346
2 208
1 522
1 460
2 21
1 171
1 332
2 29
2 182
2 60
1 546
2 230
1 139
1 483
1 505
2 159
2 142
2 35
1 184
2 384
2 33
1 33
1 311
1 118
1 51
2 59
2 485
1 484
2 113
2 331
2 253
2 305
1 362
1 247
2 84
2 241
2 8
2 391
2 121
2 162
1 383
2 292
2 511
2 190
1 420
2 473
2 243
2 156
2 539
2 77
2 450
1 385
1 155
1 310
1 107
2 327
1 539
2 161
1 149
2 98
1 479
1 524
1 55
1 368
2 224
1 112
1 318
2 457
1 203
2 384
1 165
2 424
2 314
2 482
2 501
1 7
1 374
1 155
1 544
2 485
2 351
2 442
1 110
1 415
2 83
2 296
1 316
1 200
2 283
1 268
1 114
1 402
1 548
1 121
2 212
2 367
1 379
2 532
1 321
1 370
2 492
2 151
1 347
2 52
1 364
2 453
1 373
1 90
2 438
1 242
2 67
2 3
1 289
1 75
2 108
2 343
2 22
2 494
1 475
2 483
2 124
2 197
2 60
1 19
1 54
1 480
1 498
2 358
2 441
2 452
2 508
1 333
1 298
2 272
2 84
2 393
1 472
2 102
1 451
1 335
2 464
1 266
1 50
2 190
2 189
2 315
2 411
2 477
2 82
2 95
1 210
1 62
1 198
1 305
2 5
2 213
2 204
2 290
1 484
2 436
2 381
2 73
1 338
2 34
1 81
1 310
2 223
2 342
2 230
1 534
2 9
2 419
2 274
1 358
2 405
1 140
1 468
1 226
1 363
2 404
1 371
1 396
1 336
1 540
2 304
1 229
1 284
1 386
2 331
2 437
2 434
2 433
1 153
2 100
2 300
1 299
1 6
2 382
2 276
1 204
1 45
2 25
2 323
1 550
1 256
2 39
2 98
2 30
1 228
1 94
1 363
2 223
2 215
1 133
1 219
2 292
1 297
2 80
2 443
1 78
2 175
2 249
1 177
1 320
2 178
2 9
1 72
2 455
2 382
1 15
1 529
2 289
2 307
2 280
1 199
2 137
2 112
2 498
2 265
1 376
2 514
1 106
2 318
1 508
1 267
1 301
1 25
1 93
1 536
2 307
1 420
2 171
1 134
1 114
1 260
2 49
2 295
2 12
2 439
1 346
2 373
1 68
2 130
1 491
1 538
2 398
1 154
2 543
1 306
1 456
1 542
2 309
1 257
1 108
1 88
2 174
1 236
2 54
1 395
1 71
1 242
2 17
2 89
2 109
1 279
2 201
2 353
2 252
1 96
1 100
1 379
1 235
2 521
1 370
1 214
2 120
1 28
2 91
2 151
2 327
2 24
2 328
1 3
2 350
1 251
2 294
1 252
1 120
2 495
1 525
2 215
2 38
2 365
2 377
1 2
2 397
2 187
1 166
2 527
1 173
2 144
2 339
2 44
1 348
2 408
2 119
2 431
1 419
1 433
2 70
1 150
1 290
2 166
2 85
2 394
2 329
1 454
1 500
2 324
2 530
2 209
2 47
2 516
2 185
1 385
2 16
1 129
2 162
1 440
1 274
2 520
2 254
1 127
2 61
2 30
2 337
1 341
2 436
2 126
1 520
1 366
2 446
2 297
1 413
2 65
1 11
2 207
2 391
1 506
2 473
2 116
2 496
2 515
1 299
2 403
1 503
1 156
2 488
2 507
