1100 5000
1 468
2 330
2 74
2 302
2 165
2 460
2 550
1 412
2 42
1 58
2 203
2 163
2 229
1 539
1 60
1 374
2 144
1 19
1 140
1 218
1 303
2 137
1 156
2 273
2 414
1 488
1 282
1 424
1 110
1 429
1 525
1 408
2 129
2 391
2 390
1 229
1 276
2 424
2 361
1 441
2 76
1 211
1 489
2 544
2 466
1 178
2 276
2 169
2 537
2 372
1 164
1 392
2 438
2 309
2 302
1 8
2 147
1 158
1 35
1 225
2 14
1 423
1 519
2 200
2 226
1 85
2 352
2 77
1 520
2 63
1 183
1 172
1 367
2 74
2 452
2 33
1 547
1 459
1 465
1 201
2 197
2 482
2 278
2 239
2 204
2 389
2 363
1 150
2 216
1 56
1 135
1 132
2 508
2 420
1 329
2 36
1 286
1 379
1 247
1 367
1 145
1 50
1 131
2 340
2 405
1 102
1 26
2 274
1 341
1 270
2 223
2 189
1 449
1 421
1 350
1 499
2 524
2 184
2 328
2 408
2 412
1 317
2 421
1 115
2 71
1 227
2 432
2 81
2 221
1 213
2 398
1 404
2 231
2 129
1 479
2 390
1 232
2 440
2 202
2 27
2 453
2 230
1 457
2 21
2 113
1 529
2 158
2 101
2 460
1 393
1 163
2 318
1 80
1 339
2 291
1 284
2 208
1 46
2 434
2 456
2 73
1 155
1 233
1 154
1 419
1 369
1 9
1 485
1 148
2 317
2 299
2 521
1 398
1 481
2 143
1 134
1 396
2 112
2 417
2 550
2 245
1 444
2 471
2 338
2 196
2 17
2 513
1 508
2 218
1 477
1 323
1 325
1 430
2 114
2 365
2 109
2 212
1 490
2 146
2 258
1 540
1 85
1 41
1 40
2 464
2 67
2 335
1 121
1 237
1 347
2 56
1 4
1 549
2 61
1 32
1 195
2 533
2 101
1 473
1 261
1 378
2 259
2 388
2 368
1 3
1 240
2 496
2 99
2 429
1 247
1 204
1 174
2 37
1 14
1 268
1 481
1 192
2 381
1 352
1 526
2 279
2 239
2 121
2 145
2 107
1 66
1 228
2 132
1 324
1 267
2 444
1 515
2 449
2 19
1 23
2 105
1 464
2 386
2 507
2 127
1 530
2 260
2 271
1 405
1 265
2 463
2 333
1 492
1 11
2 445
1 173
1 167
1 108
2 210
1 298
2 208
2 425
2 156
1 353
1 88
1 48
1 243
1 395
1 261
2 361
1 321
1 400
2 211
2 349
1 111
1 404
2 285
1 84
2 391
2 114
2 207
2 377
1 286
2 452
2 538
2 90
2 401
1 94
1 69
2 383
2 219
2 336
1 546
2 500
1 28
1 274
1 542
1 16
2 140
2 118
1 540
2 147
1 25
2 54
1 385
1 297
1 401
2 209
2 83
1 207
2 341
2 126
1 325
1 330
2 407
1 34
2 43
1 141
2 270
2 122
1 453
1 260
1 327
1 209
1 357
2 532
2 423
2 2
2 236
1 399
2 314
1 288
2 497
2 86
1 393
2 545
1 326
1 217
1 62
2 414
1 272
2 324
2 522
1 358
2 477
1 138
1 307
1 403
1 249
1 490
2 289
1 251
1 482
1 418
2 346
1 388
2 462
1 450
2 288
1 64
2 536
1 149
2 478
2 290
1 294
1 47
1 125
2 128
1 35
1 297
2 394
1 434
1 379
2 42
2 52
2 284
1 411
2 309
2 527
1 253
2 103
1 215
2 172
2 105
2 150
2 291
2 137
1 331
1 177
1 238
2 505
1 116
2 167
2 380
1 125
1 373
1 355
2 544
2 431
2 501
1 201
2 119
2 181
1 245
1 313
2 220
1 263
1 334
2 27
1 432
2 13
1 168
1 346
1 310
1 504
2 433
2 387
1 109
2 123
2 188
1 161
1 528
1 241
1 413
2 427
2 78
1 493
1 50
2 362
2 548
2 400
1 295
2 510
1 205
1 255
2 395
1 402
2 503
1 406
2 63
2 516
1 36
1 254
2 467
2 351
2 26
2 242
1 84
1 439
1 91
1 415
1 269
1 30
2 126
1 362
1 301
1 112
2 474
1 370
2 307
1 471
1 365
2 334
1 78
1 236
1 97
1 348
2 447
2 100
1 55
1 447
1 359
2 292
2 124
1 372
1 87
2 136
2 118
1 250
2 463
2 530
2 178
1 497
1 311
1 457
2 535
2 491
2 120
2 253
2 342
2 186
1 117
1 16
1 338
1 159
1 517
1 162
2 72
1 435
2 43
2 82
2 13
2 264
1 135
1 59
1 546
1 45
1 344
1 117
1 441
2 92
1 40
1 179
1 181
1 473
1 484
2 406
1 451
2 525
1 469
1 262
1 52
2 415
1 223
1 262
2 142
1 532
1 484
2 505
1 320
1 200
1 119
2 193
2 494
1 82
2 394
2 149
2 308
1 75
2 2
2 425
2 476
2 437
2 153
2 422
1 139
2 381
1 417
1 206
1 448
1 375
2 240
1 535
2 455
1 515
2 458
2 459
1 154
1 257
1 196
2 420
2 20
1 130
1 292
1 3
1 104
2 146
2 255
2 91
2 548
1 319
1 298
2 483
1 20
1 488
2 81
2 342
2 153
1 1
2 373
1 248
2 33
1 136
2 454
1 142
1 157
1 130
2 77
2 356
2 214
2 6
2 315
2 337
2 492
1 443
2 347
1 18
1 31
1 340
1 176
1 113
1 38
1 428
1 493
1 537
1 470
2 38
2 430
2 23
2 198
2 252
2 138
2 534
1 15
2 221
2 509
2 169
1 539
2 120
1 483
1 12
1 67
1 536
2 258
1 541
1 437
1 199
1 542
2 39
2 175
1 478
2 344
2 242
2 89
2 516
2 31
1 176
2 73
2 316
2 34
1 353
1 106
2 225
1 180
1 249
1 186
2 511
1 257
2 61
2 248
2 224
1 212
2 189
2 57
1 252
1 502
1 70
1 215
1 411
1 315
1 107
1 397
2 331
1 90
2 485
2 168
2 321
2 436
2 199
2 283
1 282
2 487
2 151
2 12
1 294
2 475
1 44
1 300
1 345
2 333
2 466
2 472
2 275
2 513
2 547
2 92
1 115
2 222
2 220
2 235
1 543
2 277
2 152
1 48
1 442
2 192
1 322
1 198
1 152
2 98
2 319
2 66
1 384
1 53
1 175
2 440
2 10
2 244
1 28
1 534
2 351
1 301
2 318
1 345
1 246
1 259
1 512
1 295
1 246
2 24
1 446
2 407
2 428
2 277
2 123
2 166
1 374
2 359
2 462
2 279
1 416
2 454
2 455
2 266
1 520
1 222
2 15
1 108
1 486
1 426
2 256
1 289
2 283
2 250
1 531
1 461
2 151
2 213
1 164
2 131
2 337
1 349
2 187
2 314
1 214
2 541
1 127
2 188
2 110
2 487
1 44
2 510
1 312
2 329
2 65
2 503
2 183
1 51
2 254
2 133
1 514
1 219
1 203
1 25
2 335
1 10
2 313
2 184
2 538
1 549
2 9
2 470
2 280
1 106
1 99
1 5
1 155
2 216
2 268
1 197
2 498
2 93
2 360
2 187
1 87
1 364
1 58
2 32
2 469
2 7
2 243
2 47
1 511
1 174
1 264
1 399
1 389
1 80
2 363
1 442
1 545
2 499
1 39
2 89
2 244
1 93
2 296
2 502
1 64
2 160
1 383
1 5
1 266
2 426
1 392
1 79
2 173
2 232
1 59
2 443
2 518
1 241
2 293
1 306
2 304
1 310
2 305
1 177
2 228
2 526
2 51
1 76
1 148
1 263
1 506
2 235
2 433
2 486
1 37
2 144
2 369
2 290
1 528
2 371
2 465
2 316
2 96
2 185
1 194
1 431
2 523
2 326
1 191
1 100
2 357
1 448
2 24
1 88
2 287
2 300
1 79
1 69
1 512
1 237
1 231
2 185
1 141
2 336
1 322
2 376
1 498
2 46
1 98
1 514
1 29
2 68
2 256
1 17
2 468
1 139
2 102
1 456
1 226
1 507
2 366
2 95
1 519
1 143
2 227
1 287
2 467
2 234
2 327
2 332
1 445
2 489
2 378
2 358
1 409
1 524
1 436
2 479
1 296
2 387
2 6
2 122
1 435
2 413
1 397
2 343
1 8
2 275
2 45
1 267
1 501
1 195
2 171
2 382
2 111
1 166
2 157
2 504
2 517
2 521
2 281
1 180
2 22
2 438
1 450
2 377
2 472
1 75
1 402
1 94
2 360
2 234
1 238
2 29
1 348
1 418
2 272
1 356
1 278
1 475
1 409
1 495
2 271
1 70
2 451
1 251
2 410
1 217
2 55
1 382
2 96
2 376
2 30
1 476
2 354
2 230
1 518
2 328
1 366
2 461
2 280
1 410
1 65
2 523
1 193
1 339
2 273
1 133
1 494
1 86
1 269
2 224
2 41
1 533
1 500
2 419
2 190
2 343
1 124
1 480
1 375
2 160
2 182
2 305
1 480
1 491
2 350
1 62
2 202
2 385
2 311
2 332
1 368
1 281
1 72
1 233
1 68
1 162
2 308
2 265
2 170
1 364
2 95
1 293
2 509
1 439
2 299
1 323
2 306
1 205
2 529
2 1
1 60
1 427
1 371
2 7
2 304
2 11
1 18
1 370
2 191
2 170
1 194
1 49
2 161
1 71
1 312
1 403
1 285
1 396
2 531
2 527
2 57
2 182
2 128
2 303
1 134
2 522
1 206
1 171
2 384
1 354
2 190
2 416
1 4
1 210
2 165
2 543
1 83
1 355
2 22
2 179
1 496
1 386
1 159
1 446
1 474
1 53
1 104
1 422
1 103
1 495
2 49
1 320
2 116
1 380
1 97
1 506
2 458
1 21
2 54
