1100 2000
1 517
1 462
2 387
2 129
1 261
1 506
2 370
1 249
2 87
1 385
1 417
1 252
2 64
1 532
1 484
2 481
2 214
1 411
1 182
2 398
2 16
1 249
2 342
1 451
2 183
2 522
1 72
2 486
1 3
2 248
2 117
2 94
1 405
1 329
2 270
1 147
2 534
1 223
1 340
2 71
1 179
1 450
1 414
1 67
1 143
2 511
2 187
1 253
1 38
1 396
1 547
1 372
2 237
1 74
2 432
1 117
2 66
2 432
1 445
1 86
2 12
2 462
1 31
1 359
2 272
1 177
1 59
2 179
2 301
2 325
1 77
2 350
2 368
2 127
1 356
2 205
2 321
2 24
2 87
2 550
1 371
2 111
2 289
1 46
1 523
2 197
2 293
2 209
2 237
1 451
2 65
1 461
2 444
2 140
2 303
2 267
1 448
2 84
1 413
2 234
2 122
2 8
2 222
1 11
1 436
1 284
1 497
2 422
1 175
1 520
2 245
1 544
2 90
2 410
2 298
1 26
1 488
1 423
1 398
1 380
2 263
2 26
2 487
1 440
1 328
1 171
1 99
2 516
2 297
2 247
1 53
1 113
1 412
1 254
2 310
1 49
1 285
2 34
1 371
2 143
2 422
1 381
2 57
2 303
2 428
2 80
1 271
1 203
1 330
1 498
2 118
2 353
1 459
1 222
2 294
1 439
1 268
1 246
1 174
1 403
2 436
2 268
1 313
1 427
2 173
2 339
2 199
1 61
1 68
2 305
1 518
1 137
1 244
1 540
2 65
2 439
1 230
1 385
1 403
1 453
1 386
1 465
2 233
2 86
2 193
1 50
2 415
2 23
1 344
1 299
2 142
1 508
1 98
2 25
1 120
2 194
1 240
2 61
1 335
2 338
1 280
1 282
2 186
2 326
1 307
1 5
1 459
1 314
2 111
1 513
1 168
1 490
2 14
2 236
1 400
1 60
1 482
2 271
1 182
1 319
2 528
1 390
1 500
1 495
1 63
1 262
2 124
2 21
1 417
1 149
2 123
1 475
1 36
1 95
2 378
2 58
1 108
2 108
1 495
2 96
2 148
1 48
2 104
1 309
1 443
1 224
2 363
2 125
1 356
1 373
1 548
1 242
1 324
2 136
1 285
2 131
2 120
2 299
2 151
2 307
2 159
1 181
2 89
1 67
2 419
2 407
1 81
1 127
2 380
1 466
1 224
2 507
1 348
1 332
2 464
2 467
1 15
1 469
2 51
2 1
1 542
1 15
1 446
1 378
1 49
2 529
2 512
1 186
2 131
2 240
2 515
1 494
2 457
2 402
2 424
1 372
2 361
2 364
1 505
2 274
2 256
1 2
2 509
1 431
2 430
2 301
2 471
2 533
2 320
2 185
1 124
2 141
1 205
1 428
2 483
1 484
1 296
1 173
1 275
1 110
1 324
1 450
1 255
1 72
1 130
1 544
2 17
1 402
2 420
1 366
2 217
1 40
1 80
1 510
1 234
2 442
2 531
2 292
1 277
2 105
1 122
1 540
2 162
1 513
2 309
1 220
2 33
2 351
1 264
2 537
2 14
2 199
2 47
1 253
1 129
1 306
2 206
2 306
1 150
2 521
2 413
1 452
2 497
2 411
2 441
2 114
2 107
2 44
1 238
2 151
2 346
2 447
1 490
2 123
1 533
2 189
1 277
1 45
1 368
2 243
1 405
1 260
1 257
1 6
2 176
2 163
2 399
1 290
2 100
2 70
1 491
2 48
1 160
2 226
2 477
2 298
1 362
1 43
2 202
2 514
2 530
2 216
2 195
1 64
1 499
2 19
1 90
1 414
2 339
1 197
2 36
2 314
2 193
2 250
1 476
1 395
1 92
2 525
2 119
1 35
1 207
1 212
2 320
1 304
2 447
2 107
1 313
2 311
1 50
1 389
2 121
1 458
2 468
2 278
2 337
2 526
1 83
1 225
2 96
1 350
2 529
2 305
1 155
2 374
2 261
2 231
1 9
1 536
2 7
2 407
1 345
2 208
1 396
1 235
2 105
2 460
1 194
2 534
2 190
2 465
2 134
1 100
2 106
1 21
1 424
1 304
2 358
1 30
1 9
2 496
1 212
1 18
1 489
2 157
2 56
1 331
2 20
2 152
2 260
2 98
2 369
2 466
2 308
1 88
1 188
1 200
2 503
1 336
2 294
2 406
1 508
1 258
2 389
2 37
1 334
2 82
2 463
2 180
1 221
1 144
2 454
2 40
2 360
1 52
1 434
2 541
2 163
2 345
2 166
2 496
1 165
2 238
1 153
2 327
1 91
2 354
1 37
2 273
1 340
1 329
2 515
1 501
1 416
1 114
1 5
2 150
2 227
1 274
1 257
2 169
1 281
1 266
1 383
1 283
2 181
2 452
2 530
1 467
1 20
1 347
1 81
2 152
2 245
1 177
2 483
1 438
2 270
1 358
1 159
2 12
1 280
2 183
2 504
2 46
1 23
2 69
1 7
2 174
1 112
1 269
2 308
2 322
2 248
2 109
1 390
1 541
2 54
1 539
1 293
1 419
1 267
1 361
2 155
2 349
2 229
2 474
1 388
1 139
1 425
2 520
2 138
2 537
2 272
2 323
1 259
2 132
1 79
2 446
2 232
2 507
2 394
2 62
1 323
2 505
1 469
2 196
2 279
1 204
2 250
1 75
1 135
1 33
1 421
1 535
1 53
1 524
2 353
1 509
1 103
1 148
1 225
1 427
2 190
2 97
1 550
1 18
2 41
2 291
2 232
2 408
2 535
2 393
2 227
2 332
2 502
2 228
1 317
1 504
2 22
1 360
2 188
1 292
2 295
2 164
1 126
1 429
1 147
2 374
1 41
1 201
1 333
1 300
2 470
1 375
1 506
1 391
2 383
1 503
2 412
2 218
2 377
1 259
1 470
2 223
2 145
2 31
1 376
2 473
2 282
2 288
1 110
2 514
1 290
1 264
2 482
2 399
2 478
1 3
1 369
1 79
2 66
2 154
1 409
2 230
1 226
2 488
2 501
2 244
2 322
2 70
2 456
2 532
1 435
1 370
1 172
1 141
1 289
1 384
1 392
2 154
2 410
1 241
2 106
2 166
2 236
1 286
2 51
2 318
2 386
1 171
2 441
1 344
1 202
2 316
1 352
2 208
2 251
1 318
1 302
1 472
1 538
2 549
2 55
1 156
1 397
2 17
2 493
2 178
1 362
1 180
2 142
2 160
1 400
1 24
2 525
2 215
2 71
1 426
2 542
2 60
2 376
1 512
1 382
1 278
2 480
2 209
2 207
2 312
1 112
1 130
1 279
2 109
1 170
2 167
1 545
2 219
1 19
2 39
1 55
2 102
1 461
2 69
1 319
1 4
2 291
1 158
2 27
1 342
1 74
1 116
1 440
2 93
2 418
2 210
2 276
1 480
1 118
2 132
2 434
1 510
1 29
1 101
1 192
2 133
1 146
1 315
2 85
1 116
1 426
1 543
1 331
1 444
2 357
1 364
2 84
2 477
1 28
2 379
2 346
1 239
1 473
2 201
1 312
2 161
2 355
1 213
2 78
1 263
2 404
1 549
2 220
2 78
1 101
2 430
1 4
1 438
2 382
2 43
2 206
2 517
1 246
1 172
2 448
1 475
2 233
2 315
2 321
1 300
1 42
2 404
2 229
2 384
1 42
1 128
2 265
1 59
2 435
2 162
1 184
1 89
1 133
2 425
1 113
2 137
2 502
2 77
1 241
1 523
1 198
2 125
2 492
2 330
1 95
2 138
2 352
2 258
2 103
1 255
2 204
2 491
1 252
2 456
1 311
1 242
2 145
2 354
1 437
2 524
1 191
1 265
1 169
2 468
1 75
2 211
2 256
1 175
2 92
2 391
2 337
2 286
1 538
2 247
1 343
2 187
1 519
2 449
1 317
1 546
2 379
2 153
2 287
1 219
2 365
2 367
2 367
2 387
2 328
1 295
2 178
1 516
1 416
1 217
2 32
1 29
1 200
1 196
1 283
1 10
1 168
2 215
2 421
2 485
1 88
1 47
1 392
2 73
2 135
1 527
1 115
2 164
2 126
1 76
1 134
1 136
2 157
1 522
1 82
1 119
2 373
2 454
2 140
1 2
1 486
2 287
1 521
1 343
1 218
2 198
1 30
1 213
1 288
1 478
2 144
1 83
1 326
2 269
2 381
1 489
2 492
1 297
2 498
2 25
1 10
2 433
1 394
1 203
2 73
2 13
1 455
1 191
2 519
2 539
1 254
1 34
2 195
2 128
1 93
2 115
1 94
2 409
2 418
2 273
2 38
1 401
2 548
2 423
2 479
1 338
1 68
1 1
2 341
1 284
1 546
1 44
2 97
1 336
2 327
1 170
1 32
2 543
1 296
2 406
1 355
1 458
1 357
1 6
2 347
1 27
2 547
1 511
1 216
1 91
1 518
2 433
1 302
1 335
1 349
2 545
1 526
1 377
1 429
1 262
1 457
2 388
2 363
1 275
1 455
1 442
2 474
1 62
2 121
1 102
2 189
2 334
1 63
1 393
2 443
2 366
2 481
1 165
1 375
2 494
1 464
1 266
2 228
2 210
2 325
1 359
2 11
2 463
1 341
2 57
2 479
1 16
2 139
2 487
1 56
1 99
1 8
1 449
2 316
2 310
1 453
2 527
1 408
1 395
2 445
2 214
2 431
1 243
1 528
1 54
2 231
2 167
1 39
1 485
1 85
1 333
1 192
2 185
2 176
2 397
2 348
2 149
1 500
2 251
1 476
2 460
2 536
1 472
1 281
2 351
1 401
2 45
2 13
2 239
1 235
1 22
2 35
1 437
1 211
1 76
1 499
2 276
2 156
2 104
2 161
1 471
1 146
1 158
2 221
2 184
1 52
1 28
1 58
1 415
1 531
2 420
2 493
1 365
