1100 1000
2 78
2 484
1 308
2 234
1 501
1 233
2 474
1 258
1 488
2 191
2 383
1 382
2 478
1 304
1 386
2 132
2 384
2 53
2 370
1 388
2 246
1 280
2 476
2 173
2 370
1 13
1 63
1 398
1 46
1 538
2 348
2 475
2 245
2 429
1 206
2 34
1 4
1 88
1 372
1 265
1 227
1 112
1 359
1 392
1 67
2 225
1 443
1 363
2 356
2 88
1 497
1 49
2 147
2 242
1 222
1 532
2 204
1 65
2 353
2 411
1 218
2 347
1 62
1 253
1 138
1 394
2 347
1 293
1 205
2 269
1 538
2 466
2 391
2 459
2 62
2 47
1 209
2 239
2 105
1 170
1 145
1 178
2 470
1 77
1 522
1 194
1 2
2 343
2 437
1 494
1 257
2 107
1 455
2 210
1 289
1 402
1 25
2 224
1 403
2 371
2 487
2 365
1 544
2 324
1 276
2 199
1 311
1 159
2 247
2 233
1 525
2 327
1 395
1 417
1 78
1 107
2 228
2 170
1 143
1 51
1 230
2 428
1 506
2 106
2 284
2 133
1 502
2 491
2 395
1 155
2 176
2 360
2 275
1 249
2 407
2 114
2 535
1 209
1 460
2 275
2 213
1 270
2 26
1 67
1 450
1 44
2 127
1 108
1 505
2 424
1 318
1 89
2 261
2 274
1 451
1 520
2 5
2 21
1 404
1 172
2 487
1 545
2 396
1 48
2 541
2 131
1 284
1 234
2 73
2 470
1 143
1 415
1 541
2 223
1 439
1 87
1 390
2 221
2 63
1 11
2 97
1 321
1 245
1 199
2 361
2 177
2 462
1 11
2 257
2 447
1 131
2 396
2 166
2 444
2 2
1 486
2 459
2 316
2 509
2 514
1 393
2 183
2 71
2 86
2 267
2 165
1 179
2 287
2 394
1 423
1 316
1 534
2 537
2 46
2 542
1 297
2 389
1 157
1 409
1 318
1 244
2 74
1 460
2 331
1 12
1 414
2 21
1 505
1 321
2 511
1 135
1 503
2 251
1 334
1 58
1 229
1 255
1 302
1 501
2 117
1 440
2 301
1 413
1 533
1 228
1 81
2 98
2 31
1 351
2 198
2 345
2 179
1 151
2 319
2 174
1 402
2 129
1 488
2 187
2 110
2 254
2 358
1 70
2 258
1 299
1 526
2 188
1 462
1 27
2 549
1 344
1 468
1 119
2 435
2 469
2 89
1 449
2 154
1 524
1 379
1 241
1 252
2 463
1 197
1 443
1 461
1 546
2 162
2 514
2 368
2 358
2 391
2 39
2 130
2 526
1 543
2 109
2 7
2 446
1 507
2 97
1 192
1 513
1 36
1 142
1 187
2 338
2 363
2 68
1 202
2 61
2 85
2 126
1 128
2 377
1 55
1 70
2 159
1 264
2 472
2 281
1 24
1 291
2 185
1 150
2 148
1 77
2 263
2 35
2 540
1 207
1 240
1 216
2 248
2 128
2 511
2 64
1 367
2 314
1 1
2 239
2 427
2 17
1 432
2 93
1 178
2 480
2 354
2 540
1 479
1 294
2 130
2 399
1 537
1 436
1 430
1 256
1 22
2 168
1 328
2 452
2 308
1 47
1 201
2 384
2 272
2 33
1 177
1 346
1 1
2 229
1 123
1 262
2 496
1 303
1 32
2 240
1 283
2 96
1 184
2 27
2 504
1 368
2 302
1 265
1 372
2 219
1 56
2 489
1 333
2 124
1 350
2 406
2 156
1 405
1 408
2 50
2 102
2 122
2 499
2 521
1 438
1 431
1 169
1 412
1 41
1 41
2 125
2 52
1 16
2 369
1 333
2 238
1 23
2 243
1 208
1 73
2 252
1 527
1 461
1 441
2 422
1 423
2 426
1 341
1 364
1 295
2 539
2 548
2 376
2 297
2 332
1 37
2 94
2 277
1 248
1 340
1 218
2 266
2 161
2 56
2 410
1 502
1 345
2 291
1 312
2 534
1 339
1 146
2 186
2 278
1 515
1 303
2 304
1 54
2 415
2 9
1 94
2 44
1 190
1 306
1 181
2 283
1 237
2 108
2 366
1 242
1 188
1 273
2 383
1 96
1 445
2 477
2 447
1 492
1 314
1 493
2 434
1 438
2 140
2 91
2 76
1 414
2 340
1 121
2 216
1 87
1 309
1 49
1 133
2 125
1 157
2 137
2 278
2 20
1 93
1 329
2 91
2 54
1 139
1 497
2 371
2 422
2 198
1 235
1 14
1 503
1 120
1 306
2 531
1 22
1 519
1 529
1 193
1 206
1 100
1 65
2 71
1 330
2 543
1 416
2 185
1 483
1 66
1 491
1 393
2 389
2 106
2 227
2 531
1 375
1 325
2 197
1 223
1 144
1 480
1 407
2 76
2 523
1 307
2 404
2 500
2 547
2 23
1 18
2 34
1 482
2 120
2 12
1 40
2 516
1 25
2 478
2 343
2 485
1 418
1 113
2 285
2 279
1 101
1 220
2 279
1 527
2 244
1 472
2 74
2 448
2 213
2 355
2 458
1 80
1 451
2 528
1 312
2 456
1 231
2 413
1 111
2 231
2 205
2 535
1 379
2 38
2 498
2 153
1 190
2 286
2 342
1 13
1 310
1 530
2 202
1 435
1 84
2 134
2 3
1 493
2 335
1 183
1 123
1 263
2 149
2 421
2 58
2 336
1 207
2 81
2 105
1 146
2 519
1 72
1 264
1 330
1 119
1 434
2 281
2 323
1 19
1 142
1 520
2 95
2 59
1 382
2 309
1 271
1 19
2 544
2 449
2 432
2 35
2 28
2 299
2 84
2 483
2 463
1 109
2 171
1 288
2 9
1 486
2 250
1 545
1 118
1 15
1 349
2 464
1 433
1 294
2 473
1 453
2 412
2 260
1 311
1 161
2 15
1 148
2 195
1 482
2 124
1 518
1 353
1 138
1 444
2 268
1 542
2 456
1 139
1 160
1 320
1 529
2 64
2 236
2 165
1 344
1 215
2 90
1 295
1 546
1 436
1 300
1 219
1 355
2 448
1 313
2 474
1 145
1 397
1 172
2 232
2 428
1 115
2 454
1 173
2 419
1 290
2 152
1 466
1 329
1 416
1 212
2 334
2 274
2 203
2 163
1 16
1 10
2 180
2 249
2 442
2 8
1 387
1 293
2 118
2 296
1 305
2 260
1 126
1 195
1 332
2 116
2 30
1 425
1 164
1 458
1 33
2 282
2 259
1 160
2 296
1 4
1 498
2 455
1 80
2 533
2 156
2 247
1 378
2 380
2 417
2 492
2 174
1 104
1 290
2 433
1 48
1 285
1 525
2 194
1 269
2 337
1 272
1 116
2 289
1 129
2 182
2 104
2 397
1 6
1 280
1 323
2 217
1 300
2 400
1 163
2 224
2 196
1 512
2 378
1 85
1 114
1 282
2 256
2 504
1 235
2 115
1 184
2 100
1 508
1 59
1 403
1 366
1 320
2 400
2 42
1 241
2 135
1 259
1 457
2 524
2 52
2 180
1 134
1 102
2 189
2 277
2 83
2 103
1 38
2 490
2 362
2 517
2 419
2 392
2 266
1 310
1 468
1 141
1 536
1 232
2 286
1 338
1 465
1 357
1 475
1 401
2 212
1 8
2 518
2 203
1 60
1 99
1 385
1 431
1 82
2 390
1 250
1 481
2 99
1 238
2 270
2 509
2 420
1 127
1 200
2 42
2 317
1 408
2 26
1 225
2 517
2 450
1 426
2 121
1 385
2 359
2 211
2 57
1 288
2 69
2 267
2 43
2 467
2 324
2 380
2 92
1 536
1 111
1 192
2 374
2 79
1 117
2 86
1 29
1 325
2 410
1 175
1 262
1 376
2 477
1 136
2 196
1 508
1 150
1 373
2 82
1 331
1 346
1 539
2 361
2 473
2 523
1 193
1 168
2 101
1 98
2 210
1 547
2 471
2 6
1 141
2 322
1 147
1 215
1 103
2 485
2 162
1 132
2 374
2 494
1 388
2 481
1 548
1 360
1 500
2 50
1 420
1 40
1 90
2 457
2 5
1 153
2 429
1 158
1 377
2 7
1 255
2 18
1 528
2 287
2 221
1 327
2 166
2 226
1 507
1 445
1 273
1 57
1 30
1 95
1 489
2 513
1 181
1 339
1 369
1 375
2 72
1 189
1 75
2 398
1 315
2 469
1 136
1 406
2 154
2 60
2 522
2 151
2 200
1 305
2 61
2 226
1 352
2 506
2 441
2 510
2 476
2 155
1 29
1 496
2 515
1 550
1 253
1 490
2 317
2 75
1 430
1 69
2 292
1 222
2 175
1 362
1 532
1 32
2 137
1 268
2 452
2 365
2 437
1 182
1 261
2 387
2 39
1 381
1 352
1 425
2 301
1 399
2 453
2 349
1 484
1 465
1 208
1 31
1 530
1 28
2 335
2 113
1 342
1 510
2 140
2 254
2 446
1 427
1 17
2 214
2 418
1 381
1 167
1 421
1 220
2 341
1 158
2 319
2 251
2 354
1 386
2 243
1 10
2 471
1 292
1 521
1 214
2 201
2 68
2 237
1 322
2 204
2 454
2 440
1 298
1 401
2 307
2 186
2 3
2 20
1 499
2 191
1 164
1 45
1 149
1 351
1 271
1 298
1 246
1 439
2 45
1 364
2 276
2 211
1 144
2 442
2 337
1 83
1 549
2 92
1 217
2 328
1 43
2 315
1 169
1 464
2 350
1 512
1 409
2 176
1 479
2 550
2 326
2 356
2 348
1 313
2 110
1 495
2 516
2 55
1 24
2 326
1 53
2 37
1 405
1 152
1 495
2 171
1 230
2 167
2 236
2 467
2 51
1 367
1 424
1 336
1 36
1 411
1 373
1 357
1 122
1 112
2 79
2 14
1 66
