1100 2500
1 412
1 115
2 52
2 171
1 40
1 89
2 189
1 282
2 326
2 265
2 130
2 532
1 352
1 291
1 485
1 153
2 520
1 454
1 527
2 61
2 28
1 478
1 224
1 202
1 126
1 221
2 182
2 103
2 350
2 470
1 247
2 323
1 259
1 164
1 170
2 157
2 12
1 35
2 355
2 505
1 481
1 462
2 92
1 23
1 165
1 371
2 303
2 373
2 410
1 345
2 51
1 440
1 66
2 149
2 439
2 77
1 476
2 280
2 441
1 240
2 152
1 323
1 58
1 1
2 101
1 285
1 162
2 125
1 375
1 56
2 484
1 263
2 97
2 178
2 386
1 248
1 85
2 151
2 69
2 318
1 225
2 336
1 202
1 103
1 246
1 256
2 216
1 180
1 239
1 295
2 533
1 213
2 39
2 254
2 539
1 189
1 116
2 548
2 496
1 45
2 284
2 546
2 150
2 255
2 329
2 93
1 21
2 216
1 72
2 532
1 169
1 339
1 380
2 493
2 50
1 321
1 260
2 502
1 132
2 461
1 63
2 242
1 289
1 466
1 279
1 398
2 492
2 229
1 526
1 265
2 14
2 152
1 446
2 498
1 274
2 195
2 99
1 55
2 194
1 105
2 17
2 549
1 460
2 135
2 81
2 306
1 299
2 435
1 320
1 272
2 305
1 155
2 528
1 531
1 227
1 239
2 185
1 257
2 524
2 335
1 102
2 267
1 233
2 357
1 52
2 58
1 53
2 159
2 26
2 311
2 530
2 1
2 174
1 363
1 162
1 10
2 51
2 424
2 68
1 349
1 301
2 33
1 353
1 29
2 365
2 196
2 90
2 209
2 537
1 394
2 18
1 477
1 539
1 82
1 296
2 210
1 236
2 108
2 401
1 60
1 79
2 402
1 258
1 281
2 81
1 249
2 327
1 48
1 334
2 32
2 278
1 517
2 344
1 288
2 547
1 386
1 395
1 369
2 318
1 193
1 345
2 183
2 91
1 14
1 436
2 466
1 374
2 107
2 144
1 422
2 340
1 55
1 35
1 36
2 273
1 82
1 78
1 358
2 251
1 145
2 65
2 108
1 377
2 93
2 509
1 503
1 319
2 228
1 98
1 516
2 205
1 31
1 332
2 550
1 332
1 537
2 140
1 408
1 541
1 233
1 413
1 254
2 288
1 17
1 5
1 86
1 396
2 464
1 362
1 351
1 183
2 415
2 315
2 515
1 456
2 388
2 177
2 352
1 494
2 536
1 43
1 360
2 535
2 158
2 99
2 448
2 328
2 325
2 479
2 517
2 128
1 297
2 154
1 88
1 45
1 512
2 168
1 421
2 190
2 398
2 53
2 384
2 131
1 514
1 330
1 132
2 480
1 111
1 15
2 222
2 370
1 333
1 184
1 86
1 406
1 192
1 495
1 74
1 527
1 30
1 541
2 8
2 270
1 460
2 8
1 507
2 230
1 201
2 178
1 203
2 229
2 336
1 434
2 126
1 23
1 497
2 179
2 426
1 234
1 42
1 298
1 227
1 224
2 24
2 285
2 361
1 463
1 482
1 181
1 3
1 281
2 110
2 472
1 214
1 235
1 314
1 120
1 435
1 443
1 457
2 116
2 344
2 188
2 166
1 220
2 522
2 356
2 423
2 309
2 129
2 415
1 15
2 543
1 404
1 381
1 397
2 106
2 334
1 335
2 255
1 393
2 280
2 292
2 201
1 156
1 231
2 57
2 437
2 340
2 2
1 316
1 187
2 142
1 270
1 354
2 481
2 212
2 214
2 520
2 469
1 109
1 294
2 420
2 343
2 207
2 469
2 462
2 368
2 363
1 495
2 368
2 16
1 48
1 89
1 238
1 139
1 248
1 470
1 156
1 261
1 148
2 208
1 503
2 529
2 510
2 445
1 529
2 151
1 379
2 142
1 223
2 397
1 354
1 31
1 544
1 509
2 186
1 219
2 378
2 429
2 387
1 87
2 454
2 337
2 266
1 251
1 284
1 155
2 2
2 479
2 338
1 33
1 494
2 417
2 252
1 471
1 44
1 279
2 515
2 98
2 127
1 200
2 187
1 37
1 534
1 193
2 11
1 26
2 210
1 303
1 96
2 518
2 184
2 175
1 217
1 41
2 226
1 382
1 452
1 317
1 516
1 304
2 207
1 176
2 117
2 192
1 449
1 165
1 145
1 366
2 262
1 100
1 364
1 403
1 523
2 196
2 402
2 531
1 500
1 140
1 274
1 339
2 245
1 286
1 158
2 266
2 457
1 428
1 373
2 540
1 105
2 536
2 268
2 307
2 390
2 269
2 243
1 502
2 177
2 380
2 137
1 544
1 431
2 405
2 317
2 543
2 459
1 365
1 452
1 66
2 414
1 276
1 427
2 302
2 361
1 154
1 324
2 257
2 538
2 289
2 463
1 168
2 521
2 453
2 482
1 39
1 389
2 389
2 290
1 475
2 24
2 357
2 97
1 121
1 269
1 383
2 331
2 250
2 208
1 27
1 206
2 283
2 310
2 22
2 236
2 499
1 273
2 395
2 468
2 149
1 299
1 379
2 56
1 190
2 417
1 54
2 118
1 294
2 249
1 42
1 253
1 124
2 237
2 487
2 286
2 385
1 75
1 295
1 65
2 57
1 113
1 113
1 144
2 346
2 131
1 505
2 111
2 391
1 133
2 188
1 506
2 263
1 74
2 549
1 198
1 450
1 70
2 245
1 298
1 444
1 436
2 6
1 247
2 419
2 18
1 160
2 448
2 490
1 197
1 215
2 253
1 404
1 301
1 493
1 525
1 367
2 150
2 64
1 362
1 292
1 315
1 313
1 438
2 406
2 107
2 125
2 461
1 364
2 40
1 130
1 138
2 219
2 451
1 374
2 407
1 277
2 59
1 136
1 366
2 348
1 85
2 62
1 104
2 29
1 128
1 414
2 47
2 147
1 258
1 445
1 472
1 535
1 312
1 447
2 324
1 163
1 161
1 316
2 312
1 540
2 465
1 262
2 440
1 351
1 512
1 542
1 4
2 176
1 134
2 349
1 172
1 76
2 5
1 3
2 213
1 429
1 383
1 331
2 191
2 400
2 407
2 399
1 119
2 137
1 153
2 359
1 175
1 215
2 63
2 375
2 443
1 34
1 20
2 428
1 76
2 513
2 282
1 483
2 444
2 451
2 507
1 238
1 11
1 442
2 218
1 488
2 480
2 124
2 283
2 370
2 244
2 159
2 218
1 88
2 296
1 166
2 50
2 30
2 157
1 182
1 419
1 329
2 431
1 367
2 250
2 169
2 199
1 96
1 330
1 25
2 473
1 328
2 508
2 138
2 47
2 372
2 401
1 241
1 442
2 180
2 474
2 20
2 378
1 500
2 458
2 271
2 104
1 275
1 423
1 71
2 114
1 264
2 195
2 327
2 275
2 498
2 325
1 439
2 347
2 396
2 212
1 501
2 418
2 287
1 118
1 123
1 181
2 421
1 447
2 167
2 272
2 191
1 114
2 141
1 475
1 465
1 143
1 22
1 44
2 358
1 120
1 84
2 287
2 394
1 106
1 211
1 204
2 381
2 46
1 92
1 478
1 486
2 240
2 392
2 486
2 546
2 525
2 241
1 418
1 186
2 217
1 522
2 256
2 199
2 211
1 360
1 405
1 27
2 112
2 320
1 170
2 464
2 337
1 59
2 342
2 94
1 34
1 371
1 264
2 434
1 121
2 346
2 101
1 304
1 134
1 508
2 441
1 376
1 300
2 504
1 244
1 313
1 308
2 347
1 430
2 430
2 160
1 297
2 146
1 519
2 322
1 468
2 60
1 141
1 267
2 136
2 171
1 489
1 416
1 290
1 172
1 400
1 377
2 333
1 326
1 524
2 476
1 72
2 36
1 506
1 94
1 231
1 410
2 117
2 376
2 167
2 79
2 399
2 7
1 487
1 259
1 455
1 519
1 234
1 4
1 384
1 203
1 489
1 16
2 411
2 260
2 13
2 350
2 426
1 425
2 550
1 484
2 302
2 403
2 252
2 43
1 147
1 237
2 73
1 547
2 369
2 37
1 7
1 90
1 19
2 458
2 95
2 174
1 185
2 75
1 73
2 232
1 9
2 146
1 209
2 319
1 424
1 122
2 523
2 277
2 491
1 243
1 355
1 446
2 306
1 391
1 390
2 173
1 341
1 438
2 309
1 343
2 70
2 102
1 538
1 100
1 135
1 382
2 411
2 413
2 67
1 112
1 221
2 226
1 206
2 526
2 528
1 225
2 321
2 305
1 342
1 6
2 545
2 433
2 119
2 450
1 513
1 425
2 143
1 348
2 372
2 61
2 109
2 471
2 69
2 420
1 518
1 453
2 408
1 530
1 521
2 173
2 427
2 197
2 437
2 432
2 46
1 115
2 148
1 511
2 314
1 80
2 198
2 308
2 54
1 77
2 38
1 491
1 353
1 21
2 67
2 129
2 432
1 514
2 12
1 409
1 510
1 338
1 393
2 179
1 504
1 194
1 291
1 293
1 433
2 341
2 499
1 511
1 164
2 311
2 359
2 534
2 32
1 271
1 492
1 542
1 200
2 84
2 268
2 91
1 483
1 204
1 228
1 123
2 322
1 409
2 235
2 68
2 78
2 110
2 242
2 496
2 133
2 278
1 220
2 62
2 485
1 25
1 449
1 497
2 455
2 83
1 161
1 467
2 545
1 310
1 474
1 64
1 163
2 293
1 490
1 95
2 41
2 83
1 80
2 385
1 473
1 459
1 49
1 28
2 412
2 356
2 87
2 501
1 10
1 230
1 205
2 19
1 477
1 300
2 223
2 388
2 456
1 122
1 222
2 276
1 387
2 488
1 13
1 71
1 422
1 246
1 548
2 9
2 49
1 127
1 307
2 533
1 392
1 232
2 467
2 261
2 38
1 139
2 416
