1100 4500
1 53
1 63
2 161
2 299
1 1
1 123
1 529
2 504
1 530
1 122
1 273
2 105
1 106
2 299
2 323
1 420
1 96
2 542
1 277
1 357
1 189
2 371
1 142
2 200
1 191
2 244
1 309
2 321
1 347
2 180
1 313
1 349
2 16
1 371
1 509
2 316
2 194
1 495
2 471
1 98
1 46
1 293
2 528
1 442
1 285
1 52
2 76
1 413
2 193
2 420
1 187
2 149
1 224
2 511
2 260
2 28
2 271
2 341
2 185
1 429
1 270
1 258
1 308
1 237
2 305
2 360
1 228
1 342
1 127
2 434
2 159
1 133
1 68
1 100
2 526
2 252
2 531
1 66
1 397
2 199
1 263
2 262
2 177
1 449
2 126
2 7
1 36
1 138
2 147
1 125
1 184
1 43
2 415
2 318
2 252
1 176
1 80
2 110
2 29
2 264
1 326
2 355
1 218
2 493
2 293
2 139
1 29
2 171
2 305
2 530
1 228
2 93
2 460
1 37
2 57
1 509
2 352
1 256
2 179
2 546
2 527
2 507
2 283
1 162
2 281
2 545
2 124
1 351
1 282
1 175
2 208
1 271
2 50
2 522
1 382
1 358
2 235
1 74
2 206
1 178
2 221
2 518
2 257
2 168
1 301
1 511
2 402
1 137
1 451
1 439
1 526
2 339
1 67
2 340
2 18
1 265
1 388
1 272
1 58
1 541
2 32
1 303
2 190
1 391
1 211
2 253
1 354
1 533
1 307
2 30
2 223
2 481
2 83
1 233
2 216
2 337
1 91
1 231
1 412
1 424
2 104
1 406
2 469
1 387
2 490
1 172
2 186
2 365
1 259
2 324
1 140
1 497
1 82
1 445
1 88
1 35
2 14
1 169
2 397
1 443
2 221
2 61
1 464
1 473
2 255
1 465
1 549
2 68
1 302
1 133
2 374
2 187
2 383
2 338
1 270
1 279
2 86
1 296
2 214
2 64
1 353
1 78
1 4
1 342
2 319
1 97
2 230
2 50
1 474
1 455
2 134
1 24
2 217
1 373
2 95
2 218
2 516
2 92
1 452
1 376
2 115
1 290
1 401
1 272
2 77
2 428
2 259
2 38
2 205
1 383
2 8
2 539
1 378
1 198
2 355
1 234
2 537
2 291
2 404
1 119
1 381
2 470
1 261
1 484
2 450
2 522
2 478
1 393
1 466
2 76
1 14
2 400
1 3
1 72
2 492
2 385
1 343
1 154
1 489
1 441
1 487
2 173
1 186
2 421
1 457
2 417
2 356
1 390
1 422
1 167
1 354
1 23
2 475
1 261
2 114
2 222
2 19
1 395
1 51
2 474
2 36
1 257
2 237
2 373
2 189
1 477
1 417
2 471
1 2
2 202
2 226
1 433
1 73
2 431
1 394
2 55
2 405
1 89
2 367
1 8
2 438
2 333
1 393
2 159
2 65
1 204
1 45
1 440
2 534
1 225
2 77
1 227
1 200
2 480
2 22
1 400
2 49
1 91
2 102
2 87
2 33
1 223
2 191
1 115
1 386
2 513
1 145
1 94
1 129
2 396
1 368
1 131
2 532
2 220
2 255
2 353
1 274
1 174
2 454
1 197
1 33
1 523
2 217
2 124
2 288
1 506
1 152
1 411
2 503
2 149
1 263
1 239
2 366
2 398
2 470
2 52
2 75
2 114
2 367
2 366
2 379
2 54
2 219
1 370
1 505
1 452
1 37
1 504
1 493
1 414
1 387
1 56
1 177
1 356
1 247
2 107
1 286
1 78
1 516
2 412
2 278
2 267
2 94
1 11
2 486
1 215
1 21
2 431
1 369
2 372
2 494
2 418
2 331
2 279
1 437
1 521
2 13
1 313
2 330
1 343
2 196
2 334
1 508
2 466
2 346
2 276
2 472
1 359
1 357
2 376
1 389
1 103
1 153
1 6
2 123
1 243
1 514
2 17
1 426
1 182
2 289
1 138
2 327
1 118
1 287
1 320
2 406
1 421
1 234
1 163
1 143
1 337
1 492
2 17
1 166
1 467
1 399
1 105
2 440
2 467
1 41
2 472
2 6
2 116
2 333
2 523
2 419
2 534
2 444
2 310
2 125
2 152
2 20
2 429
1 518
1 147
2 54
2 241
2 332
2 231
2 410
2 321
1 277
2 111
2 524
1 229
2 118
1 460
2 350
1 550
1 251
1 160
2 456
1 99
1 524
2 264
1 485
2 109
2 428
2 447
2 11
2 302
1 375
1 146
2 362
1 262
1 292
2 165
2 236
1 128
1 165
2 44
1 214
2 27
2 540
2 401
2 16
2 295
1 550
2 25
2 344
2 40
1 546
2 408
2 386
1 543
1 507
2 18
1 136
1 209
1 225
2 297
2 326
2 382
1 498
2 40
1 312
1 266
1 38
2 64
2 267
2 465
2 176
2 482
2 335
1 56
1 230
2 166
2 151
1 309
2 463
1 103
1 462
1 48
2 81
2 384
1 306
1 377
1 82
1 407
1 232
2 151
1 117
2 134
2 447
2 464
1 9
1 446
2 375
1 108
2 181
2 246
1 525
1 87
2 130
1 153
1 99
1 194
1 331
1 351
1 454
1 108
1 96
2 285
2 224
1 477
1 172
2 542
1 336
2 287
1 296
2 458
2 315
2 281
2 107
1 101
1 245
2 170
1 86
1 488
1 246
1 347
2 520
1 185
2 476
2 171
1 473
1 250
1 183
1 385
2 188
1 180
1 538
2 63
1 34
1 423
1 402
2 548
2 183
2 158
1 547
1 336
2 164
1 148
1 251
1 311
2 20
1 101
1 193
2 436
2 190
2 409
1 479
2 424
1 112
2 398
2 488
2 544
2 34
2 496
2 201
1 322
1 233
1 463
1 485
2 427
2 240
1 90
2 168
2 2
1 439
1 345
2 97
2 324
2 60
1 111
2 416
2 448
1 362
1 320
2 288
1 71
2 205
1 396
2 61
1 384
1 410
2 280
2 292
1 438
2 226
1 143
1 32
2 12
2 276
1 484
2 104
1 403
1 446
2 415
2 278
1 83
2 140
2 142
2 508
1 365
1 377
1 192
1 456
1 30
2 521
1 370
1 332
1 98
1 239
1 312
2 106
2 148
1 204
2 213
1 352
1 459
1 453
2 179
1 503
1 203
2 132
2 414
2 540
1 284
2 350
1 89
2 527
1 248
2 323
1 222
1 478
2 316
1 304
1 212
1 150
2 341
1 502
2 51
1 322
2 494
1 426
1 436
2 501
1 268
2 434
1 164
2 207
2 219
1 501
2 380
2 380
1 339
1 80
1 418
2 496
2 188
2 69
2 499
2 260
2 155
1 318
2 317
2 283
2 483
1 201
2 405
1 74
1 85
2 379
1 70
1 491
1 334
1 344
1 73
1 537
1 529
2 109
1 303
1 408
2 127
1 360
1 57
2 301
1 39
1 310
2 136
1 211
1 437
1 505
2 141
2 480
1 10
2 22
1 423
1 311
2 132
2 489
1 121
1 24
2 413
2 199
1 547
1 500
1 451
2 207
1 227
2 59
2 232
1 517
2 112
1 53
1 338
2 254
1 100
1 44
1 361
2 26
1 482
2 487
2 84
1 325
2 443
2 325
1 422
1 256
2 210
1 525
2 23
1 254
1 58
1 95
2 392
2 512
2 432
2 498
2 240
2 31
1 7
1 539
1 75
1 247
2 158
2 399
2 348
2 31
1 348
1 290
1 519
1 457
2 197
1 300
1 491
2 363
1 378
1 274
2 425
2 495
1 499
1 468
2 349
2 84
2 13
1 21
1 449
2 358
1 432
2 275
1 329
2 131
2 407
2 445
1 435
1 291
2 110
1 372
2 403
2 328
2 126
1 459
1 212
1 425
1 93
1 55
1 458
1 500
2 5
1 392
1 175
2 535
1 113
2 346
1 135
1 46
1 340
1 47
1 39
2 19
2 113
1 528
2 47
2 543
1 160
1 49
1 486
1 479
1 548
1 192
1 364
2 208
1 453
1 531
1 427
1 245
1 242
1 510
1 513
2 462
1 81
2 533
1 275
1 167
1 253
2 156
2 265
1 62
2 319
2 536
2 182
1 475
1 238
1 119
1 203
1 144
2 25
1 430
1 269
2 481
2 229
2 202
1 41
2 317
1 155
1 502
1 536
1 541
1 250
1 433
2 461
1 129
2 70
1 85
1 238
2 157
1 468
1 48
1 45
1 242
2 308
2 66
2 195
1 441
1 116
1 248
2 520
2 128
2 170
2 506
1 284
2 388
2 5
1 368
1 12
2 483
1 145
1 258
2 169
1 71
1 196
2 243
2 69
2 157
1 130
2 173
1 448
1 72
1 544
1 161
1 26
2 404
2 4
1 490
2 517
2 266
2 102
1 549
2 394
2 442
2 314
1 121
2 327
2 294
2 395
2 455
1 209
2 135
2 43
2 184
2 329
1 416
1 295
2 298
1 27
1 315
1 510
2 369
2 381
1 216
1 117
2 28
1 535
1 241
2 515
1 289
1 268
2 519
2 120
2 390
2 62
2 330
2 391
1 249
2 361
2 307
2 67
1 162
2 286
1 220
2 411
1 35
1 90
2 282
2 88
2 444
1 79
1 363
1 359
1 306
1 545
1 532
1 154
1 42
2 120
2 59
2 280
1 538
2 156
1 450
1 294
2 163
2 515
1 298
1 15
1 3
2 146
2 419
1 273
2 213
1 430
2 174
2 297
2 328
2 497
2 42
1 206
2 335
2 144
1 304
1 512
1 141
2 389
1 79
2 60
1 9
2 215
2 198
1 514
2 1
1 195
1 435
1 249
2 92
1 10
2 122
2 137
1 139
2 461
2 65
1 374
1 300
1 364
2 236
1 150
1 210
1 345
2 476
2 409
1 178
2 15
1 469
2 314
1 235
2 244
1 269
1 181
