2100 3000
1 764
2 279
1 427
2 937
2 76
1 599
1 960
1 594
1 574
1 128
2 949
2 244
2 953
1 835
1 262
2 826
2 682
2 734
2 959
1 171
1 836
2 164
2 135
1 912
2 85
2 873
1 229
2 314
1 2
1 571
1 628
2 14
1 564
2 154
2 206
1 615
1 906
2 152
1 191
2 67
1 63
2 912
1 491
2 152
1 830
2 231
1 478
1 526
2 551
2 1045
2 499
1 504
2 802
2 863
1 1047
2 346
2 754
2 916
2 730
2 984
1 657
1 673
2 869
2 316
1 117
2 881
2 798
2 374
2 611
1 637
2 78
1 19
1 151
1 492
2 891
2 44
2 541
1 182
1 245
2 269
1 568
1 185
2 634
1 796
2 568
2 345
1 950
2 247
1 286
1 89
1 547
1 9
1 454
1 561
1 987
1 452
1 1025
2 608
2 269
2 972
1 274
2 482
2 538
1 221
2 838
1 915
2 913
1 325
1 386
1 672
1 704
1 58
2 42
1 1048
1 266
2 1033
1 96
1 661
1 537
2 144
1 35
2 142
1 84
2 449
1 687
2 604
2 299
2 289
2 544
1 390
1 227
2 897
1 578
2 755
2 462
1 235
2 968
1 208
1 28
2 478
2 747
2 318
2 693
2 153
2 115
2 1035
1 958
2 542
2 939
2 1016
1 514
1 92
1 822
2 986
1 660
2 194
2 401
1 337
1 1001
2 847
1 765
1 745
2 223
2 1026
1 1022
1 460
1 848
1 118
2 509
1 604
2 865
1 919
1 556
1 461
2 651
2 181
2 7
2 775
2 342
2 934
2 468
1 243
1 592
2 502
1 157
2 48
2 186
1 978
1 362
2 465
1 933
2 962
2 623
1 110
1 102
2 874
1 72
1 990
2 828
1 559
2 468
2 583
2 454
1 642
2 31
1 910
1 1000
2 695
2 367
2 677
1 186
2 368
2 697
1 88
2 760
2 709
1 764
2 961
2 114
1 138
2 133
1 985
2 597
2 278
1 538
2 762
2 620
1 785
2 397
2 118
2 747
2 931
2 418
2 718
1 413
2 534
1 865
1 347
2 1030
1 2
2 845
2 640
1 888
1 979
1 718
1 939
2 299
1 761
2 453
2 51
1 805
2 65
1 198
1 62
1 312
1 685
2 86
2 107
1 618
1 464
1 982
2 856
1 360
2 779
1 433
1 688
1 813
1 443
2 1028
2 903
1 759
2 943
2 795
1 884
1 388
2 910
2 230
1 383
1 268
2 724
2 855
1 532
2 613
1 302
1 896
2 975
2 431
1 65
1 530
2 702
2 981
2 153
1 635
2 982
2 312
2 375
2 917
2 576
2 528
2 994
2 288
2 432
2 783
1 349
2 643
1 709
1 95
2 462
2 393
1 161
1 326
1 394
1 28
2 971
1 138
1 214
1 661
1 976
2 406
1 1044
2 621
2 527
2 911
2 96
2 47
1 294
1 506
1 1032
2 777
2 655
1 306
1 310
1 191
1 391
1 314
1 370
2 128
1 705
1 666
1 515
1 151
2 262
1 380
1 753
2 301
2 233
2 202
2 909
1 1020
1 941
1 218
2 681
2 292
2 1019
1 319
1 796
1 1016
2 656
1 232
1 958
2 344
1 680
1 998
1 875
2 220
2 750
1 1018
1 583
2 5
2 315
2 225
2 62
2 398
2 964
1 280
1 658
2 775
2 773
1 802
2 19
1 382
1 967
1 736
1 922
2 857
1 519
2 372
1 335
1 358
1 340
1 547
2 52
2 570
1 292
1 303
1 150
1 911
2 400
2 80
1 214
2 479
1 427
2 955
2 42
2 435
1 824
1 494
1 1006
2 610
2 330
2 425
2 507
2 477
2 811
2 407
2 131
1 209
1 240
2 310
1 649
2 1043
1 215
2 555
1 497
1 1042
2 248
1 156
1 419
1 46
1 231
2 935
2 969
2 883
1 786
1 247
1 192
2 721
2 275
1 155
2 297
2 959
2 334
1 902
2 250
1 866
2 846
1 806
1 322
2 87
1 807
2 701
2 1047
1 954
2 867
2 645
2 639
1 505
1 616
1 81
1 829
1 420
1 146
1 238
1 540
1 379
1 593
1 354
1 196
1 567
1 202
1 335
2 684
2 27
1 282
1 592
2 371
2 1034
2 766
1 637
2 226
2 1018
2 395
2 144
1 160
1 1004
2 589
2 885
1 860
2 679
2 272
2 510
2 35
2 122
1 217
2 209
1 318
2 162
2 112
2 206
1 873
1 251
1 894
1 909
2 993
2 260
2 663
2 779
2 849
1 364
2 980
1 962
2 485
1 49
2 47
2 463
2 1048
1 64
2 228
1 46
2 40
1 485
2 305
1 550
1 949
2 756
2 729
2 762
2 215
2 496
1 631
1 646
2 119
1 859
2 331
1 188
2 898
2 293
2 446
2 357
1 630
1 672
1 550
1 677
1 488
1 854
2 856
2 15
2 634
2 952
1 352
2 392
1 894
2 848
2 51
1 390
1 433
2 834
2 356
2 294
1 55
1 6
2 90
2 601
1 875
1 963
2 997
1 44
2 523
1 940
1 859
2 869
2 399
1 878
1 552
2 421
1 825
2 94
2 537
2 1037
2 197
2 146
1 353
2 898
2 298
1 584
2 213
2 130
1 665
1 147
1 776
1 275
1 183
2 889
2 406
2 366
1 518
2 324
1 795
2 199
2 854
1 29
1 996
2 7
2 102
2 710
2 935
1 589
1 39
1 471
1 699
1 263
1 1039
1 858
2 320
2 26
2 263
2 585
1 447
2 683
1 697
2 107
1 809
1 3
2 657
2 480
2 160
2 706
1 117
1 377
1 597
2 476
2 508
1 723
1 458
2 53
2 264
1 727
2 341
1 442
1 998
1 185
2 353
2 916
2 308
2 781
1 632
2 66
2 481
2 229
1 999
2 979
2 625
2 768
1 978
2 972
1 1049
2 336
1 984
1 1042
2 300
2 327
1 768
1 343
1 253
2 171
2 16
2 364
1 285
2 544
2 148
2 336
2 493
1 531
2 662
2 61
1 1043
2 804
1 6
1 319
2 819
1 43
2 974
2 166
2 168
1 719
2 591
1 489
2 14
2 691
1 158
2 671
2 936
1 992
2 895
2 717
2 1025
1 590
1 815
1 48
1 473
1 395
1 742
1 558
1 451
2 877
1 611
2 363
1 210
2 552
1 732
2 800
1 759
1 927
2 252
1 579
2 977
1 520
1 981
2 983
1 295
2 666
1 541
1 123
2 688
1 88
1 180
1 173
2 882
2 743
2 750
1 929
1 970
2 952
2 1024
2 371
2 359
1 942
1 489
1 630
2 599
2 91
1 558
1 787
2 652
1 257
1 39
2 420
2 284
2 414
2 159
2 429
1 184
2 517
2 109
2 440
2 203
2 702
2 563
2 449
2 991
2 437
2 524
2 577
1 957
2 211
2 408
1 525
1 730
2 832
2 902
1 950
1 15
2 43
1 277
2 643
2 784
2 971
2 907
1 472
2 50
1 141
1 32
1 370
1 428
2 378
1 648
2 664
2 508
1 69
1 511
1 334
1 221
1 631
2 448
1 944
2 633
2 45
1 31
1 906
2 755
1 623
2 943
1 973
2 283
1 410
1 105
1 18
2 197
2 833
2 804
1 821
1 439
1 140
1 163
2 359
1 1027
2 274
1 212
2 716
2 86
2 446
2 913
2 539
1 188
1 513
1 838
1 41
1 242
1 396
1 464
1 841
1 311
1 357
1 307
2 99
2 1004
1 482
1 373
1 355
2 659
2 1049
1 143
1 416
2 786
2 901
2 180
2 1021
1 664
2 821
2 569
2 529
2 719
1 954
2 829
2 41
1 687
2 793
2 676
2 891
2 233
1 170
1 655
1 917
2 187
2 154
1 531
2 546
2 1028
1 853
1 486
2 872
1 963
1 519
1 330
1 801
2 282
1 95
1 477
2 245
1 260
1 706
2 641
1 457
2 766
2 309
2 684
2 456
1 463
2 92
1 242
2 40
1 767
2 469
1 746
2 403
2 105
1 201
1 305
2 25
2 609
2 564
1 502
2 842
1 570
2 653
2 430
2 33
2 424
2 1013
1 83
2 193
2 890
2 483
2 387
1 812
1 139
1 831
2 498
1 744
1 23
1 227
1 767
1 470
2 54
1 752
1 974
2 528
1 560
1 843
1 588
2 660
1 325
2 644
2 638
2 114
2 694
2 1026
1 644
2 647
2 149
2 466
2 818
2 398
1 966
2 195
1 389
1 264
2 36
1 812
1 667
2 549
1 230
1 517
1 350
2 421
1 867
1 565
2 595
2 190
1 155
1 823
2 459
1 844
2 412
2 199
1 569
1 179
2 930
2 121
2 789
1 864
2 862
1 98
1 703
1 707
2 116
2 988
2 10
2 632
1 774
1 232
1 22
1 784
2 739
1 881
2 22
1 1027
2 919
1 476
1 470
1 707
1 216
2 385
1 222
2 526
1 115
2 341
2 534
2 659
2 781
2 927
2 1033
2 499
1 443
1 619
1 837
2 481
2 840
1 656
1 148
1 467
2 219
1 59
2 419
1 439
1 652
2 663
1 1008
1 97
2 771
1 267
2 720
2 218
2 533
2 994
1 120
1 926
2 771
2 907
1 113
2 235
1 995
2 169
2 504
2 129
2 1038
2 602
2 17
1 30
2 409
2 921
1 728
1 690
2 343
1 379
2 258
2 862
1 408
1 111
1 886
1 669
2 904
2 434
2 674
1 675
2 578
2 610
1 920
1 801
2 603
2 369
1 794
2 533
2 77
2 884
2 601
2 617
1 140
2 124
1 530
1 748
2 993
2 8
1 219
1 348
1 518
1 71
2 82
2 397
2 75
1 792
2 339
1 723
1 167
2 997
2 402
1 924
1 748
2 769
2 290
2 737
2 626
1 270
2 948
2 605
1 734
2 435
2 799
1 995
2 281
1 311
1 20
2 955
1 923
1 876
2 384
2 279
1 158
2 600
1 521
1 543
2 317
1 438
1 1007
1 572
2 1036
1 932
2 378
1 487
2 100
1 181
2 207
2 480
2 842
2 749
1 951
1 593
2 936
1 579
2 980
1 951
1 317
2 179
1 281
1 254
2 671
1 350
2 701
2 733
2 129
2 803
2 694
2 29
2 487
2 934
2 603
2 638
1 355
1 639
2 448
1 1005
1 498
2 571
2 430
1 304
1 98
2 369
2 758
2 411
2 681
1 493
1 101
1 366
2 685
1 256
2 132
1 120
2 74
2 575
2 340
1 348
1 1011
2 711
2 495
1 1013
1 581
1 338
1 246
2 899
2 785
2 560
2 883
2 753
1 817
2 189
2 1032
2 606
1 496
2 72
1 434
2 674
2 1010
1 833
2 346
1 139
1 1022
1 810
2 284
2 491
1 826
1 793
2 360
1 136
1 255
1 976
1 642
1 404
2 112
1 1011
1 458
2 1017
1 596
2 756
1 938
1 136
1 670
2 363
2 816
1 52
2 33
2 447
2 418
2 376
1 726
2 870
2 297
1 413
2 252
2 277
2 466
2 629
2 38
2 143
2 546
2 791
1 654
2 553
1 835
2 887
2 629
2 490
2 34
1 852
2 173
2 751
2 111
2 207
2 770
1 268
1 987
2 429
2 788
1 313
2 4
2 251
1 636
2 757
2 403
1 760
2 228
2 212
2 380
2 650
2 145
1 930
1 866
1 819
1 575
2 947
2 361
2 93
2 57
1 450
2 591
2 60
1 877
2 763
1 807
1 905
2 622
2 368
1 309
2 825
1 106
2 436
2 870
2 680
1 34
1 333
1 716
2 566
2 423
1 178
1 417
2 516
2 903
2 16
2 471
2 1002
2 790
2 113
2 331
2 798
2 792
2 896
1 1017
2 239
2 988
2 1039
1 816
1 598
1 394
1 640
2 586
1 933
1 887
1 381
1 559
1 71
1 703
1 484
2 742
2 1023
2 783
1 49
1 445
2 37
2 548
1 809
1 722
1 236
1 736
2 893
2 857
1 752
1 754
2 501
1 265
1 868
1 183
2 296
2 551
1 127
2 733
2 1034
2 617
1 321
1 839
2 613
1 708
2 432
2 673
1 257
2 549
1 73
2 577
1 68
1 422
1 582
2 525
1 416
1 698
2 205
2 385
1 445
1 539
1 338
2 77
2 647
1 787
2 658
1 415
2 503
2 710
2 241
2 670
2 845
2 83
1 26
1 147
1 244
1 553
1 127
2 78
2 923
1 695
1 715
1 70
1 814
2 846
1 929
2 174
1 415
1 885
1 602
2 122
2 103
2 720
1 925
1 675
2 696
1 612
1 749
1 548
2 782
2 624
2 686
1 175
2 853
1 444
2 529
1 198
1 669
2 588
1 258
1 283
1 108
2 628
2 276
2 557
1 170
2 399
1 217
2 116
1 483
2 573
1 172
1 289
2 55
1 941
2 307
1 265
2 827
2 5
2 50
1 1037
2 4
1 81
1 616
1 1024
1 607
1 780
2 176
1 456
1 60
1 178
2 823
2 190
1 606
1 426
2 459
2 255
1 165
1 1050
2 904
2 832
1 772
1 689
2 322
2 975
1 134
2 692
2 1009
1 373
1 886
2 125
2 899
1 797
2 287
2 296
2 11
2 641
1 524
2 562
2 876
1 149
1 442
1 12
2 918
2 285
2 824
1 953
2 345
2 977
1 1040
1 174
2 727
2 250
1 772
2 488
1 192
2 79
1 810
2 683
1 238
1 401
1 576
2 635
2 608
2 580
2 505
1 396
2 901
2 70
1 799
1 3
1 405
1 25
2 109
2 125
1 582
1 121
1 521
1 21
1 689
2 405
2 908
1 8
2 705
2 475
1 580
2 189
2 90
1 535
1 80
2 374
1 473
2 349
1 425
1 89
1 203
1 893
2 404
2 24
1 414
2 700
1 323
1 780
2 895
2 67
1 362
1 957
2 973
1 220
1 402
2 700
2 729
1 85
1 864
1 563
2 409
1 615
2 928
1 460
1 1008
1 679
1 844
2 746
2 94
1 474
2 758
1 490
2 708
1 187
1 497
1 790
2 438
2 605
1 224
1 515
1 474
2 321
1 653
2 69
2 725
1 741
2 506
2 811
1 389
1 461
1 696
1 213
2 234
1 63
1 874
1 1021
2 372
1 947
2 757
2 246
2 195
2 141
2 194
2 828
2 1044
2 573
2 1041
1 412
1 725
2 942
2 167
1 888
2 586
2 344
1 918
1 377
1 9
2 1003
1 1012
2 815
2 830
1 177
1 567
2 803
2 308
1 73
1 678
1 985
2 216
2 693
1 13
2 1
2 554
1 301
2 20
2 437
1 87
1 142
1 1030
1 618
2 627
1 946
1 713
2 820
1 915
1 926
2 740
1 315
1 326
1 56
2 249
2 223
1 1038
2 566
1 17
1 376
1 627
1 878
2 847
1 852
1 21
2 91
2 738
1 333
1 861
2 1014
2 562
1 475
2 620
1 535
2 455
2 840
2 938
2 851
2 1012
2 286
2 545
1 444
1 540
2 184
2 451
1 861
1 165
1 614
1 32
2 500
2 924
1 236
1 306
1 914
1 741
2 735
1 649
1 130
2 176
1 108
1 944
1 313
1 850
2 626
1 572
1 352
2 163
2 110
1 945
1 614
1 104
1 137
2 892
1 594
2 392
1 501
1 316
2 58
2 646
1 596
2 761
2 455
2 763
2 356
1 590
1 561
1 585
1 1019
2 484
2 351
1 137
2 453
2 1029
2 514
1 273
2 276
1 37
1 860
1 788
1 467
2 204
2 773
2 837
1 172
2 843
2 423
2 1010
1 633
2 365
2 967
2 436
1 728
1 329
1 84
2 56
2 692
1 536
2 607
2 732
2 76
1 713
1 177
1 337
2 1050
2 751
1 945
1 922
2 386
2 722
2 678
1 905
1 161
1 565
1 253
1 600
2 201
2 18
2 699
2 1023
2 11
2 75
2 778
1 961
2 225
2 273
2 879
1 10
1 743
1 193
1 351
1 38
2 574
1 636
2 855
1 388
2 690
1 999
1 520
2 770
1 208
2 715
1 868
2 931
2 270
2 57
1 595
1 332
2 23
1 900
2 441
1 157
1 100
1 712
1 66
1 347
1 509
2 712
2 554
1 622
1 850
1 704
2 908
2 556
2 259
2 665
2 383
2 1015
1 624
1 205
2 134
1 691
1 512
2 794
1 53
2 210
1 1031
2 45
2 625
1 880
1 774
1 740
2 200
2 721
1 106
2 479
2 536
1 686
2 555
1 831
1 739
2 239
1 668
2 182
1 93
2 892
2 428
2 440
2 320
1 965
1 132
2 169
1 609
1 293
2 921
1 879
1 737
1 261
2 619
2 851
2 1029
2 162
1 1003
1 808
1 542
1 248
2 925
1 354
2 159
2 302
2 300
1 426
2 996
2 587
1 817
1 827
2 956
1 806
2 291
1 441
1 237
1 1040
1 714
1 472
2 384
2 266
1 261
2 492
1 668
1 365
1 328
1 841
1 532
1 327
2 900
2 731
2 1041
1 808
2 937
2 522
2 717
2 928
1 298
2 1014
1 797
1 1036
2 1031
1 375
1 61
1 724
2 424
1 74
1 168
2 960
2 966
2 871
2 99
1 469
2 507
1 621
2 164
1 744
1 651
1 858
2 410
1 393
2 822
2 150
2 323
2 1009
1 513
2 287
1 381
2 304
1 226
1 211
1 522
2 964
2 956
2 946
1 991
2 133
1 814
2 527
1 662
2 818
1 992
1 465
1 512
1 126
2 1035
2 776
1 196
1 731
1 500
2 889
1 1002
1 288
1 545
2 612
1 272
1 295
2 800
1 682
1 516
1 735
1 79
1 452
1 932
2 400
1 557
1 339
1 267
2 511
1 36
2 290
1 240
2 871
1 765
2 1015
1 256
2 983
1 291
1 145
1 222
2 849
2 101
2 82
2 24
1 13
1 391
2 645
2 324
2 278
1 968
2 789
2 54
1 104
1 234
2 68
1 342
1 12
2 872
1 836
1 123
2 387
2 254
1 986
1 714
1 503
2 119
2 259
2 59
1 897
2 135
1 989
2 584
1 820
2 495
2 726
1 782
2 358
1 676
1 839
2 890
2 457
1 241
2 1020
1 650
1 1046
2 224
2 805
1 97
2 124
2 367
1 237
1 834
2 948
1 30
1 156
1 382
1 970
2 417
1 249
2 813
2 969
1 486
2 280
1 175
2 989
1 745
1 654
1 1001
1 361
2 738
1 329
2 940
1 200
2 1006
2 332
2 1000
1 328
2 791
1 494
1 1005
1 777
2 698
2 407
2 431
2 1046
1 126
1 131
1 204
2 450
2 1
1 587
1 510
1 711
2 1007
1 1045
1 990
1 965
1 271
2 863
2 303
1 243
2 166
2 103
2 769
2 411
1 880
2 581
2 920
1 914
2 64
2 422
2 598
2 648
1 778
1 523
2 543
2 882
2 667
2 27
1 271
