2100 6000
2 945
2 676
2 457
1 205
2 249
1 816
1 487
1 659
1 959
2 256
1 611
1 750
1 356
1 900
1 670
1 1019
1 731
2 509
2 775
2 532
2 357
1 581
1 538
2 327
2 442
2 795
1 607
1 427
2 620
1 825
1 119
2 744
2 984
1 352
1 1031
1 602
1 559
1 770
1 1048
2 749
1 396
2 499
1 515
2 99
2 741
2 951
1 900
1 743
2 810
2 727
2 830
2 937
1 1013
2 281
2 449
2 455
1 957
2 520
2 365
1 377
2 558
1 208
1 45
2 746
1 832
1 752
2 547
1 873
2 507
2 927
2 143
1 589
2 968
1 955
1 771
2 603
1 59
2 189
2 10
1 960
2 570
1 415
1 375
2 812
1 123
1 712
2 899
2 504
2 431
1 756
2 636
1 787
2 684
1 114
2 486
2 356
1 1000
1 64
1 180
1 547
2 867
1 588
2 45
1 470
2 8
1 88
2 555
2 915
2 209
1 272
1 401
1 758
2 249
2 708
2 886
1 697
1 802
1 1015
1 266
2 419
1 869
2 648
1 325
1 199
2 599
1 332
1 673
2 1047
2 682
2 138
2 977
1 987
2 403
2 352
2 731
1 416
1 798
1 919
1 845
2 114
2 86
1 976
1 521
1 411
2 562
2 840
1 749
2 906
2 41
1 573
2 753
1 659
2 226
2 989
2 340
1 261
1 285
1 615
2 263
1 1039
2 895
1 545
1 625
2 851
2 271
2 563
2 255
1 353
2 164
2 143
1 278
2 125
2 398
2 1003
1 134
2 133
1 338
1 518
2 423
2 633
2 975
1 153
2 806
1 527
2 993
2 101
1 554
1 1043
2 674
2 430
2 923
1 948
1 840
1 82
2 528
2 136
2 1011
1 748
2 80
1 281
2 618
1 237
1 149
2 293
2 433
2 628
2 592
2 476
1 513
2 952
2 807
1 12
1 581
2 783
2 859
1 830
1 81
1 781
2 31
1 1026
1 355
1 228
1 482
1 844
2 889
2 1011
1 276
1 935
1 325
1 540
1 795
2 850
1 808
2 333
1 174
1 7
2 703
2 763
2 292
1 503
2 23
2 232
2 364
2 699
1 267
2 214
2 350
1 1014
2 666
2 90
2 505
1 142
2 582
2 412
1 789
1 409
2 67
2 278
1 56
1 196
1 643
1 387
1 664
2 376
1 85
1 103
2 434
1 814
2 680
2 849
2 934
1 1017
1 529
1 543
1 460
1 835
1 191
1 574
1 926
2 184
1 225
1 203
1 733
1 983
1 577
1 510
1 679
1 806
1 254
2 909
2 69
1 492
1 155
2 559
1 636
2 556
2 541
2 251
1 459
2 66
2 21
1 88
1 520
2 419
2 701
2 317
2 390
1 847
2 431
2 122
1 656
1 410
2 480
1 550
1 978
1 418
2 571
1 717
1 256
1 949
1 126
2 157
1 761
2 515
1 146
1 169
2 661
2 782
1 1033
2 170
1 99
1 479
1 917
2 219
2 961
2 991
2 855
2 688
1 255
2 243
2 977
1 297
2 371
1 864
1 61
1 973
1 865
1 261
2 286
1 875
1 924
2 548
2 825
1 339
2 497
1 510
2 1018
2 257
1 1031
1 466
2 3
1 681
1 234
2 179
2 107
1 914
1 133
2 407
1 661
2 778
1 331
1 144
2 860
1 660
2 406
1 781
1 393
2 313
2 106
2 639
2 253
1 26
2 277
1 480
1 947
2 677
1 525
2 696
1 953
1 994
1 335
2 6
1 149
2 937
2 554
1 182
2 111
2 279
2 631
2 714
2 975
1 896
1 518
2 897
1 746
2 974
1 224
1 815
1 998
2 739
1 346
2 184
1 293
1 858
1 991
2 80
2 104
2 788
1 575
2 246
1 147
2 821
1 800
1 5
2 259
2 1012
2 273
2 335
2 300
1 243
2 270
1 104
2 683
1 803
2 894
2 204
1 429
1 506
1 177
1 194
1 958
2 828
2 739
2 173
2 262
2 445
1 31
2 536
1 108
1 291
1 47
1 521
2 237
2 918
2 167
1 1026
2 227
1 183
2 947
1 580
2 962
1 841
2 160
1 212
2 154
2 348
1 541
1 752
2 649
2 339
1 666
1 330
1 458
2 1024
1 533
1 704
1 823
2 181
1 862
2 593
1 827
2 250
1 732
1 167
2 455
1 39
1 207
2 624
2 150
1 248
1 374
2 870
1 969
1 833
2 819
1 441
2 197
1 522
1 519
2 362
1 289
2 54
2 260
1 250
1 884
2 25
1 200
1 341
1 308
2 450
1 986
1 627
2 539
2 971
1 838
2 332
1 347
1 785
1 215
2 376
1 956
2 218
1 778
2 411
1 500
2 729
2 942
2 546
1 810
1 944
1 49
1 685
1 974
1 301
2 824
1 686
2 15
2 119
2 590
1 545
2 689
1 984
2 616
2 444
1 22
1 624
2 49
1 48
1 934
1 768
1 400
1 958
2 613
2 275
1 671
1 896
2 491
1 282
1 151
1 240
2 67
1 421
1 95
2 895
1 1018
2 560
2 599
1 369
1 580
1 639
1 544
2 24
2 921
2 943
1 367
1 569
1 856
1 501
1 536
2 374
2 299
1 593
2 407
1 787
1 432
1 126
2 432
1 760
2 130
1 706
1 306
1 337
2 901
1 279
2 929
1 83
1 290
1 976
1 35
1 839
2 343
2 607
1 171
2 338
2 156
2 268
1 999
1 29
1 159
1 37
1 55
1 498
1 769
2 853
1 105
1 213
2 494
1 791
2 220
1 57
1 919
2 712
1 726
1 1016
1 218
1 379
1 688
2 92
1 652
2 84
1 75
2 674
1 621
2 664
1 229
2 100
2 845
2 415
2 813
1 327
1 488
2 1009
2 553
1 692
1 1001
2 705
1 98
2 55
2 468
2 751
1 882
2 336
2 847
2 564
2 1038
2 874
2 936
2 961
1 9
2 222
1 782
1 131
2 16
2 501
1 724
1 484
1 357
1 373
1 504
2 125
1 637
2 310
1 668
1 735
1 619
2 288
1 29
1 802
1 87
2 1000
2 628
1 98
1 19
1 951
1 202
2 151
2 18
2 11
1 654
1 190
2 207
1 103
1 270
1 157
2 932
1 761
1 965
2 857
1 197
2 862
1 115
2 230
1 850
2 946
2 195
1 8
1 358
2 861
2 794
2 893
1 264
1 622
2 139
1 526
2 202
1 965
1 439
1 526
1 917
2 592
1 888
2 663
2 563
2 93
2 1039
2 557
2 615
1 957
1 685
1 451
1 887
1 253
1 968
2 83
2 788
2 770
1 834
2 727
2 165
1 346
2 46
1 602
2 475
1 304
1 660
1 11
2 129
1 967
2 904
2 623
1 215
1 1036
2 952
2 805
1 568
1 353
2 447
1 148
2 446
1 638
1 829
2 417
1 137
2 799
2 161
1 531
2 316
2 145
2 391
1 725
1 612
2 949
2 700
2 183
1 729
2 594
1 355
2 46
2 1016
2 741
1 10
2 208
1 566
1 28
1 96
2 556
2 826
2 413
2 860
1 546
2 349
1 583
2 251
1 489
2 359
2 196
2 140
1 132
1 172
1 385
2 294
1 234
1 424
1 780
1 420
1 903
2 322
2 558
1 567
2 93
1 418
1 600
1 647
2 963
1 653
2 797
1 128
1 651
1 508
2 708
1 990
2 691
1 878
1 667
2 920
1 904
2 408
1 549
2 590
1 171
2 529
1 768
1 877
2 386
2 996
2 68
2 619
2 514
1 277
1 71
2 77
1 381
1 1050
1 875
2 742
2 428
1 65
2 447
2 168
2 557
1 772
1 1050
2 1015
1 150
1 522
2 634
1 650
1 933
1 314
2 587
2 490
1 638
2 110
1 907
1 703
1 748
2 459
1 803
1 452
2 467
1 754
2 512
1 326
2 146
2 262
1 1004
2 471
2 1023
2 244
2 721
2 53
1 890
2 74
2 983
2 263
2 573
1 406
2 1045
1 695
1 155
1 105
1 721
2 621
1 1022
2 710
1 928
1 606
1 56
1 493
1 166
1 23
2 605
1 996
2 759
2 798
1 134
1 440
2 14
2 176
1 273
1 800
2 826
1 776
2 598
1 51
1 397
1 603
2 762
2 704
1 187
2 970
1 774
1 842
1 939
1 39
2 745
2 913
1 377
1 360
1 966
1 929
1 435
2 783
1 162
2 1033
2 384
1 337
2 275
1 567
2 488
2 1032
1 995
1 363
1 19
1 408
2 1021
2 18
1 443
2 953
2 24
2 282
2 436
1 284
1 970
2 1008
2 296
2 440
2 118
2 540
2 611
1 72
1 751
2 922
1 252
2 304
2 804
2 780
2 971
1 527
1 22
2 43
2 206
2 50
2 163
1 817
2 694
2 62
1 901
1 329
1 138
2 385
1 442
1 483
2 380
1 608
1 211
2 416
1 107
1 675
1 323
1 330
2 517
2 791
1 690
1 493
1 303
2 665
1 454
2 662
1 95
1 742
2 205
1 232
2 33
2 131
1 645
1 918
2 124
2 779
1 342
2 772
2 1003
2 228
2 799
2 245
1 230
1 383
1 671
2 1001
2 882
2 883
1 542
2 646
2 980
1 626
2 955
2 758
2 351
1 231
2 176
1 14
1 512
2 1046
1 233
2 981
1 542
1 784
2 767
1 1027
2 260
2 1006
2 247
2 908
2 389
1 938
2 923
2 598
1 59
1 247
1 164
1 744
2 361
1 245
2 962
1 583
1 936
1 135
1 214
1 507
1 397
1 891
2 916
1 40
1 296
1 1004
2 535
1 319
1 997
2 1029
1 980
2 505
2 301
1 130
1 244
2 773
1 767
1 1040
2 574
1 203
2 193
2 938
2 927
1 490
1 38
1 790
1 804
2 1040
1 994
1 734
2 1046
2 486
2 84
2 400
1 561
1 694
1 404
1 945
1 297
2 481
2 466
1 478
1 258
2 394
1 1044
2 907
2 1042
1 716
1 366
1 753
1 292
2 1035
2 963
2 979
2 925
2 902
1 1030
1 813
1 797
1 477
1 192
2 124
2 1025
1 362
2 34
1 425
2 601
2 993
2 267
2 492
1 565
1 57
1 871
2 647
1 489
2 759
2 174
2 496
1 331
2 341
2 223
2 764
2 1028
1 819
2 728
1 1023
1 844
2 469
1 484
1 426
2 381
2 465
1 866
1 441
1 528
2 1024
2 514
1 655
1 516
1 722
2 843
1 594
1 393
1 154
1 78
2 502
1 856
1 445
1 533
1 494
2 978
2 485
2 1025
2 343
1 188
1 224
1 777
1 868
1 824
2 366
2 1005
1 687
2 2
1 198
2 424
2 360
2 902
1 863
1 549
1 51
2 931
1 1014
1 693
1 584
1 457
2 718
1 684
1 495
1 235
1 894
1 145
2 200
1 790
1 794
1 784
1 586
1 378
1 62
2 808
1 981
2 737
1 525
2 1027
2 12
2 841
2 135
1 468
1 498
1 120
1 796
1 302
2 555
2 299
1 630
2 425
2 663
1 427
2 1002
2 1009
2 242
1 467
2 89
1 972
2 412
2 513
1 950
2 321
1 465
2 905
1 822
2 872
1 959
2 159
1 226
2 44
1 17
1 972
1 766
1 73
2 469
1 776
1 697
1 658
2 534
1 300
1 44
1 137
2 669
2 920
2 982
2 511
2 60
1 118
1 92
2 36
2 508
2 940
2 553
1 893
2 109
2 777
2 231
1 745
2 623
1 960
2 943
2 324
2 726
1 351
1 235
2 269
2 982
2 428
1 705
2 63
1 181
1 818
2 995
1 7
1 503
1 560
1 992
1 429
1 4
1 805
2 368
1 740
1 537
2 456
2 912
2 700
2 523
2 387
1 238
1 13
2 613
1 932
1 887
2 190
2 477
2 946
1 328
2 404
1 94
1 58
2 848
1 16
2 898
2 382
2 153
2 1049
2 964
1 382
1 217
1 715
1 1012
2 897
1 222
2 160
2 892
2 63
1 148
2 793
2 27
1 677
2 487
2 75
1 576
2 342
2 734
1 161
2 91
1 973
2 58
1 534
1 312
2 537
2 667
2 612
2 1049
1 127
1 70
2 348
1 295
2 388
2 835
2 838
1 867
1 388
1 502
1 433
1 696
2 852
2 698
1 97
2 908
2 398
2 213
1 28
1 683
2 248
2 709
2 436
1 375
2 878
1 210
1 298
1 1032
1 966
1 1028
2 940
2 720
1 42
1 210
1 112
2 675
1 239
2 79
1 409
1 1017
2 206
2 52
1 699
1 473
1 568
1 38
2 789
2 399
2 453
1 201
1 716
1 595
1 101
2 305
1 786
1 725
2 264
1 738
2 715
2 461
2 880
1 437
1 888
1 589
1 109
1 662
2 30
2 27
1 274
1 170
2 609
2 369
2 889
1 511
1 724
2 877
2 604
2 578
2 610
2 463
2 1041
2 989
1 258
2 152
1 987
2 828
2 89
1 461
1 266
1 935
1 672
1 17
2 20
2 910
2 1006
2 129
1 166
1 597
2 1007
1 831
1 765
2 209
2 378
2 582
1 871
2 609
1 460
2 1007
1 481
1 471
1 863
2 913
2 880
1 988
2 837
2 523
1 572
1 158
2 986
2 6
1 312
1 910
2 48
2 649
2 587
1 625
2 641
2 873
1 187
1 1034
2 719
2 198
2 426
2 552
2 732
2 141
2 676
2 77
1 123
2 866
1 389
2 632
1 318
2 642
2 538
1 392
2 869
1 316
1 622
1 678
2 686
2 384
1 916
1 396
2 280
2 311
1 116
1 823
1 290
2 818
2 472
1 691
1 578
2 618
1 836
1 66
2 650
1 464
1 614
1 717
2 779
2 319
1 815
2 760
1 801
1 451
2 227
1 354
1 252
2 596
2 112
1 597
2 1002
1 531
1 774
1 306
1 444
1 852
2 472
1 462
2 1
1 868
2 620
2 402
2 769
2 476
2 246
1 334
2 499
2 912
1 141
1 941
2 535
2 132
2 236
2 194
2 631
2 76
2 340
2 811
1 915
1 344
2 833
1 707
1 899
1 698
1 74
1 144
2 61
1 349
2 584
2 4
2 85
1 509
1 954
1 395
1 658
2 201
1 811
1 681
2 90
2 550
1 773
1 948
1 707
1 706
1 497
1 435
1 928
2 462
2 548
2 496
2 740
2 280
1 605
2 315
1 653
2 326
1 801
2 36
1 881
2 121
2 324
2 909
1 646
1 820
2 265
2 117
2 110
2 722
1 879
1 858
1 997
2 302
1 931
1 464
1 373
2 942
2 524
2 655
2 829
1 475
1 645
1 448
1 405
1 701
1 495
2 657
1 754
1 359
2 836
1 185
2 883
1 322
2 169
2 47
1 482
1 747
2 572
2 310
2 566
1 2
1 629
1 413
1 417
1 70
2 265
1 287
1 485
2 562
2 1029
1 673
1 834
1 914
1 41
2 320
1 736
1 329
2 842
2 832
2 551
1 1037
1 898
1 173
1 755
1 285
2 851
2 519
2 1020
1 410
2 40
1 395
2 50
2 692
2 3
1 711
2 524
2 793
1 617
1 747
2 405
1 905
1 569
2 72
2 220
1 728
1 13
2 128
2 286
2 711
2 1030
2 690
1 236
2 454
1 239
2 1038
1 596
2 365
2 315
1 601
2 177
2 284
1 446
1 175
2 216
1 820
1 846
2 225
1 821
1 710
2 182
2 837
1 344
1 268
1 370
1 26
2 298
1 147
2 333
2 839
1 610
2 367
1 670
2 223
2 1035
1 363
1 679
1 1044
1 969
2 870
2 189
1 370
1 551
1 82
2 156
1 723
2 345
2 750
1 571
2 730
2 990
1 217
2 414
2 827
1 35
1 954
2 380
2 738
2 294
2 1047
1 985
2 334
1 390
2 604
1 891
2 212
1 73
2 967
2 336
1 654
2 757
1 318
1 911
2 608
1 925
2 817
1 723
2 757
1 516
1 140
1 1045
1 630
2 682
1 930
1 158
2 735
1 185
1 102
1 695
2 106
2 737
2 588
1 53
2 43
1 756
1 478
1 221
1 762
1 37
2 941
2 211
1 120
2 640
2 849
1 736
1 1021
1 287
2 561
1 785
1 283
2 956
2 259
1 874
2 288
1 32
2 283
2 643
1 434
2 458
1 591
1 399
2 733
1 881
2 32
1 543
1 719
1 672
2 687
1 25
2 394
1 34
1 233
1 720
2 391
2 595
2 437
1 629
1 21
2 86
1 450
2 743
2 392
2 20
2 812
2 221
2 368
1 886
2 865
1 216
1 864
1 42
2 162
2 656
2 402
2 430
1 879
1 1
2 617
2 763
2 930
1 403
2 414
2 102
2 764
1 1010
1 544
2 69
1 876
1 111
2 892
2 473
2 68
2 97
1 885
2 321
2 479
2 926
1 54
1 320
1 846
2 786
1 354
2 317
1 33
1 924
2 713
1 585
2 307
2 565
1 178
2 500
1 796
2 121
2 371
1 635
2 192
1 576
1 199
1 669
2 1041
2 600
2 241
2 668
1 172
2 988
2 470
1 448
2 309
1 117
2 680
1 855
2 921
2 944
1 179
1 421
1 358
2 240
1 269
1 1043
1 152
1 831
2 113
2 633
1 178
1 443
1 87
2 379
2 483
2 539
2 449
2 272
1 792
2 591
1 291
2 570
1 702
2 456
1 678
1 186
2 718
2 180
1 305
1 9
2 709
1 361
1 992
2 71
1 933
1 771
2 309
2 579
1 665
1 113
1 634
1 530
2 1022
2 644
2 814
2 606
2 641
2 1037
2 76
1 532
1 423
2 809
1 474
1 136
1 939
1 165
2 175
2 884
2 64
1 693
2 985
1 586
1 295
1 755
1 854
1 271
2 1042
1 115
1 372
2 564
1 854
2 807
2 876
2 632
2 1048
1 964
1 438
2 859
1 15
2 506
2 809
1 1020
2 1005
2 195
1 644
1 775
2 452
2 890
1 186
1 1036
1 843
2 648
1 640
1 188
1 303
1 323
1 616
1 463
2 386
2 163
1 474
2 30
1 1034
2 127
2 614
2 100
1 91
1 168
1 289
2 1019
2 730
2 422
2 765
1 979
2 713
1 139
1 642
2 142
1 517
2 345
1 242
2 383
2 313
1 857
2 116
2 108
1 276
2 60
1 651
2 257
1 903
2 364
2 853
1 52
2 848
2 885
1 274
1 822
2 96
2 122
2 311
2 65
2 579
2 585
2 635
2 530
1 94
2 577
1 1010
1 950
1 81
2 792
1 766
1 78
1 191
1 350
1 922
2 308
2 314
2 401
1 872
2 491
2 453
1 714
2 911
1 439
2 229
1 816
1 328
1 254
1 998
1 657
1 1013
1 637
2 702
2 307
2 79
2 575
1 241
1 5
1 422
1 689
1 238
2 627
2 420
2 861
2 1008
2 347
2 438
1 626
1 219
2 193
2 552
2 906
2 652
2 372
2 204
1 999
