2100 5000
2 195
1 632
2 644
1 953
1 814
1 997
1 342
2 1000
1 565
1 366
2 819
1 990
2 1009
2 1008
2 978
1 924
1 289
1 931
2 804
2 267
1 141
1 218
1 652
1 443
1 595
1 835
1 592
1 72
1 148
2 683
1 461
2 192
2 219
1 925
2 389
2 99
2 857
2 260
1 876
2 736
1 50
2 735
1 232
1 389
2 440
1 295
2 939
1 539
1 527
2 802
2 658
2 670
2 771
2 1021
2 403
2 465
2 46
2 631
2 28
2 373
2 922
2 770
2 264
1 613
2 106
1 946
1 372
1 294
2 13
2 579
2 170
1 176
1 1018
2 611
2 366
2 266
1 726
1 420
1 932
2 345
2 817
1 888
2 509
1 936
2 5
1 75
2 425
2 474
1 710
1 56
2 121
2 303
1 842
2 326
1 66
2 287
2 116
2 321
2 276
1 21
2 717
1 643
2 283
2 578
1 400
2 459
1 906
2 80
1 202
1 584
1 499
2 212
2 272
2 683
2 645
2 559
1 193
1 404
2 434
2 96
2 469
1 901
1 435
2 589
1 703
2 309
1 447
1 623
1 849
2 339
1 454
1 954
1 459
2 322
1 822
1 983
1 896
2 725
2 113
1 164
2 544
2 544
1 541
2 89
2 598
2 551
1 553
1 606
1 933
1 688
2 11
2 252
1 223
1 217
1 624
2 95
1 324
1 256
1 1008
2 785
1 242
1 915
1 13
1 25
1 806
2 210
1 71
1 190
1 1018
2 236
2 545
1 1003
2 761
1 27
2 578
1 715
1 611
1 18
1 778
2 952
2 836
2 420
2 187
2 367
2 150
2 895
2 647
1 329
2 682
2 151
1 433
1 1043
2 229
1 987
1 113
1 294
1 575
2 21
2 608
2 231
1 640
2 818
1 14
2 1006
2 810
2 47
1 757
2 32
2 886
2 522
1 967
2 182
1 262
2 615
1 664
2 506
2 853
1 110
1 636
1 568
2 429
2 862
1 890
2 930
1 8
1 199
2 557
2 629
2 716
1 1
2 545
2 190
1 404
1 424
1 700
2 286
2 379
2 817
1 226
2 554
1 413
2 144
1 918
2 99
2 889
1 473
1 969
2 467
1 254
1 1020
2 531
2 421
1 438
1 181
1 455
1 144
2 718
2 433
1 760
2 572
1 61
2 449
1 166
2 772
1 890
1 762
2 184
2 836
1 1006
2 57
1 958
1 436
2 764
1 430
2 712
1 284
2 528
1 351
1 259
2 570
2 344
1 795
1 651
1 801
2 35
2 102
2 767
2 438
2 297
2 965
1 200
2 134
1 185
1 383
1 164
2 940
2 729
1 116
2 141
2 482
2 325
1 884
1 733
2 40
1 78
1 856
2 809
2 651
2 844
2 622
2 221
2 239
2 215
1 719
2 468
1 732
1 964
1 529
2 991
2 465
1 428
2 47
2 56
1 840
2 299
1 827
2 627
1 984
1 405
1 386
1 354
2 203
1 1034
1 387
1 731
2 783
2 849
1 173
2 677
2 222
1 473
1 436
1 416
1 356
1 154
2 191
1 169
1 547
2 672
2 945
2 549
1 384
1 931
1 68
2 169
2 973
1 970
2 382
1 234
2 494
2 871
2 678
1 807
1 906
2 641
2 1005
1 948
2 378
2 691
2 973
1 405
2 369
2 488
2 582
1 549
2 129
2 850
2 360
2 642
2 353
1 706
2 824
2 318
2 893
2 191
1 744
1 759
1 7
2 375
1 291
1 268
1 917
2 400
1 872
2 36
2 897
2 133
1 470
2 304
2 1030
1 522
2 912
1 723
1 490
1 982
2 503
1 790
1 336
1 750
1 647
2 861
1 106
1 347
1 963
2 725
2 94
2 41
2 943
1 830
1 1034
2 859
2 90
1 955
2 971
2 235
1 434
1 976
2 219
2 38
1 534
1 211
1 64
2 814
2 480
2 573
1 972
2 179
1 981
2 464
1 714
1 49
1 378
1 905
2 869
1 671
1 422
1 576
1 835
1 427
1 1029
1 694
1 1028
2 253
2 496
1 340
2 516
2 385
1 757
2 646
2 497
2 669
1 763
2 892
2 441
1 740
2 482
1 573
2 1
1 831
1 318
2 300
1 919
2 510
1 92
2 442
1 904
1 269
1 517
1 69
2 140
1 458
1 738
1 965
1 929
1 24
2 799
1 305
1 273
1 97
1 777
1 289
1 929
2 833
2 926
2 923
2 501
1 974
2 994
2 969
2 147
1 78
2 361
2 1011
1 258
2 619
1 501
2 122
2 92
1 42
1 350
2 940
2 686
1 101
2 583
2 1044
2 979
2 309
1 636
1 154
2 874
2 628
2 581
1 594
1 12
1 238
2 548
1 780
1 532
2 244
1 939
1 1037
1 198
1 241
2 487
1 844
1 580
1 20
1 186
1 559
2 765
1 920
1 23
1 685
2 563
2 239
2 610
2 741
2 934
1 641
2 201
2 518
1 426
1 298
2 447
2 594
1 308
1 540
2 58
2 893
2 330
2 985
1 625
1 706
2 414
1 85
1 452
1 738
1 881
1 619
1 311
2 377
2 410
2 127
2 633
1 610
2 574
1 845
1 241
1 668
2 392
1 966
1 299
1 718
1 630
1 506
1 784
1 160
2 142
1 259
2 163
2 52
1 795
2 960
2 863
2 348
1 863
1 811
1 659
2 302
1 978
2 149
2 130
1 264
2 107
1 502
2 334
2 431
2 909
2 54
1 758
2 486
2 419
2 187
1 882
2 229
2 877
2 860
2 206
2 894
1 274
1 974
2 188
2 223
1 498
2 446
2 233
1 453
2 656
1 4
2 773
1 967
2 1014
1 604
2 23
2 862
1 655
1 359
2 986
1 846
2 680
1 390
1 492
1 40
1 739
1 147
2 607
1 923
2 280
1 10
1 460
2 1030
2 555
2 323
1 704
1 665
2 419
2 214
1 349
1 886
1 1019
1 513
2 67
1 996
2 625
2 314
2 632
2 721
2 616
2 663
1 166
1 388
1 891
1 325
1 786
1 550
2 51
1 152
2 558
1 407
1 744
1 868
1 449
1 740
1 1007
1 167
2 903
1 839
1 14
1 1002
1 766
2 139
1 655
1 320
2 162
2 185
2 368
1 591
1 186
1 908
1 767
2 62
1 249
2 83
2 180
2 1046
2 160
1 838
2 901
1 727
1 35
1 789
2 412
2 654
1 621
1 875
1 809
1 1039
2 483
1 380
2 1036
2 188
1 396
1 1036
1 456
1 171
1 648
1 998
1 305
1 790
2 393
1 759
1 621
1 484
1 159
1 859
1 1014
1 137
1 735
2 620
2 369
1 350
2 822
1 468
2 702
2 174
1 341
2 357
2 810
2 445
2 811
2 988
1 743
1 136
1 977
1 75
1 754
2 365
1 660
1 91
2 724
2 145
1 933
2 368
1 937
2 927
1 367
1 628
1 200
2 666
2 698
2 780
1 331
2 793
2 376
1 555
1 783
1 77
1 1040
1 359
2 543
1 156
1 823
1 1022
1 630
2 205
2 245
2 646
2 644
2 773
2 460
1 228
2 469
2 327
2 1015
1 797
2 905
2 956
2 108
1 915
1 861
1 944
2 1024
1 964
1 355
2 481
1 511
2 278
2 240
1 748
1 870
2 789
1 474
1 612
1 566
2 590
2 174
1 448
2 451
1 711
2 370
1 787
1 693
1 585
2 165
1 763
1 579
2 730
2 666
1 418
2 30
2 675
2 415
1 771
2 813
1 572
1 937
1 52
1 700
2 15
1 138
2 524
1 111
2 550
2 751
1 826
2 207
1 989
2 676
1 693
2 750
2 246
1 880
2 512
1 753
2 828
2 22
2 858
1 843
2 34
2 391
1 926
2 457
1 278
1 664
2 393
1 333
1 3
2 612
1 421
1 1032
2 927
1 999
2 994
2 928
1 536
2 887
2 643
2 520
2 732
1 742
2 752
2 787
2 38
2 42
2 827
2 142
2 733
2 896
1 246
2 866
1 661
2 829
2 189
2 425
1 1024
1 34
2 334
2 798
2 247
2 1046
1 887
1 463
2 479
1 1020
1 752
1 71
2 1016
2 909
1 1048
1 708
2 987
1 189
2 577
1 172
2 9
1 511
1 685
2 88
1 962
2 1035
2 838
2 640
2 800
2 910
1 98
1 649
2 209
1 908
2 681
2 307
1 392
2 866
1 1012
2 521
2 799
1 44
2 9
1 209
2 557
1 10
2 546
1 205
2 150
2 177
2 876
2 383
2 553
2 168
1 282
2 355
2 6
2 158
2 385
2 803
1 175
1 805
1 791
2 794
2 525
2 120
1 852
2 667
1 109
2 125
2 257
2 754
2 406
2 739
1 584
1 353
1 603
1 618
1 270
2 277
1 883
1 87
2 81
2 540
2 713
2 132
2 756
2 842
1 659
2 989
1 808
2 243
2 242
2 704
2 310
2 687
1 950
2 1004
2 267
2 181
1 477
2 602
1 615
2 999
2 776
1 512
2 552
1 69
2 722
2 224
2 492
2 394
2 338
2 131
2 749
1 1019
2 162
1 302
1 286
1 617
1 402
1 675
1 815
2 16
2 816
2 518
2 156
2 470
1 975
2 408
2 375
2 709
2 944
1 60
1 1010
2 213
1 270
2 761
1 343
1 238
1 480
1 396
1 217
2 638
1 1029
1 59
2 356
2 125
2 275
1 500
1 932
2 914
1 128
2 230
2 214
1 642
2 227
1 335
1 871
2 412
2 888
2 161
2 394
1 843
1 560
1 340
1 638
1 261
1 710
1 947
1 561
2 850
1 523
1 441
1 76
1 830
2 236
1 1038
2 491
1 399
1 345
2 805
2 493
1 847
2 133
1 679
2 417
1 266
2 782
1 129
2 520
1 986
2 504
1 427
1 319
1 338
1 820
2 499
2 93
1 258
1 114
2 586
2 575
1 747
2 206
2 604
2 112
2 746
2 208
1 158
2 332
1 682
2 391
1 765
1 626
1 313
1 560
2 990
1 370
1 829
1 580
2 624
1 126
2 453
1 87
1 315
1 583
2 801
1 650
2 475
2 775
2 766
2 958
2 533
1 577
2 374
2 589
1 902
1 568
2 398
2 357
1 747
2 797
1 271
2 961
1 996
1 316
2 165
1 698
2 601
2 70
2 847
2 178
1 911
2 812
2 111
1 430
2 29
2 900
2 448
1 726
2 197
2 417
2 342
2 462
2 672
1 250
1 720
2 458
2 442
2 884
1 107
1 108
1 444
2 680
2 930
2 837
1 778
2 432
1 11
1 562
2 707
2 609
1 526
1 65
1 88
2 124
1 280
1 195
1 281
2 601
2 131
2 341
1 408
2 914
1 519
2 41
2 308
1 428
2 119
2 153
2 423
2 864
1 903
1 904
2 737
2 679
1 176
1 684
1 352
1 1045
2 348
1 792
2 764
2 606
1 916
2 742
1 444
2 73
1 603
1 968
1 942
2 371
1 277
1 2
1 788
1 110
1 271
1 204
2 257
1 1027
1 949
2 505
2 476
2 409
2 865
2 535
1 748
2 788
2 803
2 282
2 1017
2 272
1 701
1 43
1 531
1 327
2 1025
1 535
1 221
1 15
2 516
2 605
2 285
1 296
1 889
2 146
2 894
2 102
1 466
1 1050
2 216
1 753
2 745
1 912
2 1041
1 837
2 443
2 201
1 585
1 49
1 293
1 256
1 414
2 1007
1 534
2 101
2 413
1 514
2 464
2 587
2 84
1 138
2 599
1 33
2 882
2 317
1 233
2 155
1 96
2 992
1 82
2 983
2 673
2 76
1 143
2 1010
2 237
1 924
2 558
1 1040
2 1025
1 237
1 1005
2 395
2 724
2 684
2 6
1 387
2 916
2 525
1 662
2 953
1 36
1 622
2 225
2 422
2 697
2 344
1 1042
1 273
2 1047
1 59
2 984
1 268
2 358
2 255
1 873
2 841
2 991
2 652
1 276
1 823
2 204
2 538
2 868
1 182
1 84
2 60
1 235
2 446
2 825
1 852
1 582
2 546
2 892
2 762
1 950
1 796
2 457
2 529
1 62
1 561
2 551
2 97
1 180
2 145
1 537
1 263
2 431
2 869
2 274
2 807
1 103
1 1031
1 665
2 66
1 707
1 128
2 600
1 224
2 832
2 1026
1 80
1 79
2 293
1 699
2 310
1 424
1 122
1 315
2 68
1 536
1 614
2 877
2 934
2 251
1 784
1 879
2 29
2 639
1 159
2 26
2 701
2 149
1 72
2 867
1 957
1 384
1 395
2 493
2 758
1 848
2 562
1 508
2 631
2 943
1 730
1 719
2 878
1 134
2 260
2 307
1 362
2 372
2 768
2 952
1 955
2 418
1 627
2 390
2 82
2 371
2 510
1 132
1 541
1 687
1 690
1 16
1 777
1 828
1 487
2 910
2 435
2 591
2 812
2 502
1 30
2 472
1 919
2 690
1 489
2 112
1 848
1 854
1 450
1 55
2 28
2 702
2 31
2 279
2 590
2 709
2 67
2 913
1 228
2 942
2 220
1 768
1 171
2 717
1 295
2 243
2 980
2 565
1 490
2 834
2 992
1 124
1 100
2 668
2 1044
2 439
2 74
1 874
1 137
1 936
1 376
2 50
1 935
1 411
2 381
1 786
1 581
1 705
1 300
2 265
2 774
2 248
1 175
2 429
1 234
2 155
2 1042
1 455
1 945
1 678
1 167
2 386
1 484
2 703
1 921
1 312
2 432
1 494
2 979
2 530
2 488
2 3
2 373
1 296
2 938
1 998
2 95
2 653
2 539
2 1049
1 769
1 323
1 831
1 461
1 222
2 51
2 32
2 727
1 567
2 623
1 220
1 542
1 1028
1 269
2 139
1 697
1 870
1 317
2 86
2 83
1 839
2 17
2 43
1 554
2 253
2 657
1 677
1 284
2 411
1 24
2 104
2 961
2 63
2 988
2 194
1 897
2 692
2 503
2 374
1 779
2 521
1 54
1 397
2 247
2 472
2 857
2 401
2 364
1 251
1 120
2 597
1 297
1 533
2 728
1 902
2 117
2 398
1 2
2 586
2 670
2 326
2 479
1 564
1 635
1 776
1 22
1 285
1 949
1 245
1 694
2 714
2 633
1 519
2 543
2 658
1 542
1 118
2 210
2 567
1 179
1 1033
2 496
2 946
2 362
1 73
2 157
2 399
2 692
1 467
2 626
2 197
1 218
2 569
1 93
2 416
2 806
1 1037
2 314
2 352
2 782
2 304
1 821
2 593
1 1002
1 715
1 620
1 637
1 332
2 281
2 1026
2 37
1 152
2 202
1 526
2 1013
1 997
1 609
2 1015
2 794
2 527
2 597
2 653
2 163
2 339
1 312
1 921
2 117
2 596
2 31
2 618
2 477
1 140
1 1047
1 121
1 143
2 825
1 980
1 263
2 514
2 913
1 951
2 476
2 1009
2 654
2 756
1 796
1 265
2 303
1 607
1 194
1 772
2 745
1 928
1 689
1 406
1 123
1 993
2 463
1 292
2 231
2 44
1 331
1 48
1 802
2 377
1 1016
1 959
2 135
1 513
1 335
1 349
1 485
2 358
2 290
1 471
2 723
1 595
1 673
1 249
2 126
2 1049
1 319
1 119
1 298
2 53
2 18
1 8
1 515
1 347
1 316
2 148
2 867
2 941
2 864
1 450
1 860
1 55
2 875
2 971
2 1000
2 354
1 599
2 705
1 695
1 966
1 617
1 552
2 177
1 721
2 588
1 524
2 667
2 587
2 409
1 976
2 1022
1 288
1 781
1 873
2 907
1 328
2 407
2 920
2 336
2 824
2 947
1 634
1 172
1 105
1 566
2 456
2 881
2 426
1 485
2 437
2 37
2 168
2 45
1 556
1 1048
1 410
2 1038
2 570
1 65
2 872
2 489
2 898
2 343
1 598
1 1035
1 981
2 401
2 1003
1 58
1 855
1 645
1 688
2 89
1 114
2 695
1 57
2 198
1 1017
2 696
1 993
1 170
1 5
2 46
2 337
2 1027
1 596
2 657
2 173
2 637
2 403
1 313
1 751
1 109
1 127
1 935
1 379
2 749
2 81
2 333
2 275
1 832
1 39
1 415
1 972
1 153
1 975
2 686
2 48
1 635
2 608
1 791
1 466
2 85
2 746
2 504
1 826
2 728
2 977
2 7
1 895
1 532
2 588
1 115
1 663
2 755
2 820
2 674
1 26
1 689
1 1032
2 741
2 279
2 440
2 918
2 19
2 563
1 891
1 716
2 161
1 734
1 661
1 792
2 671
1 816
1 90
2 571
1 12
2 779
1 19
2 781
2 439
2 815
1 1001
1 982
2 118
1 775
1 193
2 547
1 306
1 25
1 100
1 184
1 39
1 674
2 397
1 774
1 208
1 819
2 290
2 660
2 287
1 858
2 898
2 602
2 729
1 614
1 203
2 662
2 1045
1 254
2 785
2 571
1 530
1 178
2 382
2 91
2 648
1 650
1 957
1 800
1 20
2 321
1 454
2 301
2 899
1 523
2 696
1 79
1 548
1 851
1 324
2 227
1 157
2 495
1 845
2 517
1 1039
1 225
1 478
2 250
1 262
1 509
1 948
1 954
2 592
1 451
1 248
1 328
2 1011
2 770
1 27
2 146
2 528
2 818
2 45
2 491
2 199
2 232
1 1004
2 769
1 337
1 252
1 288
1 365
2 207
2 74
1 481
2 711
2 879
2 853
2 1050
1 537
2 63
2 498
1 995
2 292
1 1001
2 363
2 213
2 649
2 856
1 639
1 907
1 135
1 361
1 483
2 183
2 495
2 261
1 136
1 883
1 813
1 291
2 956
1 722
1 880
1 1023
2 255
2 938
2 103
2 380
1 808
1 600
2 17
1 230
2 212
1 840
2 1012
2 486
2 900
2 61
1 941
1 105
2 330
1 363
1 963
1 854
2 851
1 388
2 497
2 613
2 94
1 834
1 515
1 564
1 960
1 329
2 346
2 634
1 183
1 569
2 720
1 1023
1 64
1 306
2 226
1 865
1 699
1 70
1 215
1 311
1 629
2 1033
2 423
1 196
2 846
2 115
1 508
2 478
2 593
2 98
2 1021
1 471
2 151
1 951
2 917
2 731
2 1031
2 737
2 216
1 500
1 402
2 985
2 656
2 708
2 360
2 959
1 798
1 691
2 833
2 616
2 196
2 283
2 968
1 793
2 922
1 123
2 556
1 240
1 77
1 841
2 211
2 885
2 734
1 437
2 1041
2 364
2 713
2 804
2 104
1 244
2 86
2 381
1 995
1 676
2 681
2 320
2 53
2 192
1 925
2 130
1 4
2 322
2 755
2 538
1 970
2 605
2 445
1 33
1 878
1 736
2 462
2 505
2 743
2 507
1 669
2 351
1 576
1 475
2 301
1 346
2 899
1 760
1 712
1 962
1 885
2 452
2 1043
1 855
2 1013
2 821
2 911
2 507
1 574
