2600 5500
1 604
2 911
2 67
2 846
1 1125
2 730
2 125
2 1270
1 1169
1 385
2 105
2 754
1 1063
1 1086
2 36
2 549
2 721
2 353
2 50
1 799
1 1088
2 1117
2 588
1 1212
1 216
1 464
2 899
1 34
2 865
1 1177
1 337
2 204
2 101
2 303
1 1045
2 796
2 639
2 686
1 380
1 335
2 719
2 90
2 722
2 939
2 426
1 61
2 334
2 28
1 180
1 1073
2 591
1 481
2 1180
2 365
1 541
1 972
1 688
2 756
2 724
1 1255
1 1087
1 1118
1 909
1 842
2 1173
2 12
2 904
1 594
2 742
1 491
2 336
2 411
2 1254
1 1248
2 273
1 881
1 1246
2 623
1 364
2 1235
2 339
1 595
1 357
2 921
2 916
1 814
1 1105
1 32
2 261
1 55
2 808
2 352
1 282
1 307
2 270
1 14
1 981
2 758
2 134
2 914
2 907
2 135
2 149
2 906
1 257
2 1133
1 416
2 608
2 465
2 284
2 461
2 20
2 1094
2 556
1 90
1 532
2 178
1 973
1 1080
2 333
1 193
2 202
2 489
2 871
1 396
2 468
2 238
2 1038
1 512
1 728
2 371
1 1206
2 1149
2 307
1 471
1 158
2 414
1 551
1 320
2 102
1 1142
2 570
2 1085
2 785
2 11
1 673
1 129
1 408
1 913
1 1242
1 822
1 1120
1 1153
2 989
2 968
1 2
2 399
1 229
2 488
1 688
1 829
2 1146
2 153
2 432
1 791
1 1290
2 150
2 562
2 645
1 696
2 363
1 441
2 370
2 1005
1 280
1 533
2 960
1 657
2 629
2 1256
2 251
2 824
1 301
2 421
1 1245
2 1105
1 302
1 961
1 1199
2 808
1 4
2 553
1 1267
2 1033
2 937
1 401
1 1266
1 397
1 593
1 922
2 990
1 514
2 868
2 122
1 977
2 309
1 616
2 1077
2 301
1 1208
2 954
2 927
1 124
1 1223
2 664
1 363
2 653
2 841
1 1018
1 912
2 590
2 779
2 511
2 1291
2 1271
1 326
1 791
2 1115
1 1222
2 941
2 1053
2 703
2 266
1 547
2 630
2 1195
2 56
2 877
2 187
2 652
1 1039
1 1119
2 852
1 613
1 855
1 1154
1 123
1 253
1 465
2 679
1 1214
1 586
2 922
2 1149
2 430
2 191
2 306
2 181
1 978
1 1290
1 702
2 1050
2 76
1 692
2 999
1 172
2 672
1 321
2 243
1 980
2 985
2 994
1 853
1 493
2 738
2 1079
1 1143
1 327
1 224
1 448
2 1041
1 950
2 669
2 741
1 1064
1 619
2 610
1 1282
1 607
1 1095
2 673
2 612
1 241
2 764
2 665
2 23
2 14
1 201
2 164
2 989
2 1232
2 949
1 1221
2 309
1 1254
2 348
1 571
2 1155
1 103
2 1076
1 291
2 813
1 1108
2 662
2 756
1 1126
1 609
2 926
1 1094
2 74
1 745
1 295
2 54
1 1033
2 5
1 1113
2 721
2 467
1 1046
2 24
1 357
1 373
1 478
1 885
1 636
2 747
2 603
2 925
2 935
1 350
1 1246
2 382
2 405
2 542
2 1131
1 306
1 286
2 384
1 825
2 418
1 299
1 223
2 873
2 217
2 413
2 138
2 892
1 652
2 286
1 698
2 881
1 388
1 1156
2 28
1 1203
2 765
1 1230
2 430
2 77
2 1214
2 162
2 1170
2 1115
1 774
2 372
1 812
2 264
2 1096
2 91
1 583
2 793
1 99
2 1285
1 356
1 717
2 377
2 800
1 1242
1 356
1 1111
2 443
1 752
1 1227
2 770
2 1052
1 1031
2 1124
1 341
2 266
2 581
2 434
2 244
1 823
1 330
2 215
1 409
2 432
2 983
2 490
2 819
2 58
1 636
2 1207
1 1040
2 1061
1 38
1 1284
1 346
2 1
2 539
2 657
2 789
1 536
2 996
1 165
2 578
2 690
1 499
2 484
1 1253
2 1046
2 287
1 632
2 953
1 840
1 136
1 283
2 1220
1 234
2 1116
1 704
1 605
1 697
1 648
2 601
1 142
1 580
1 971
1 548
2 1147
1 759
1 409
1 563
2 1268
2 1175
2 1226
1 155
2 1192
2 335
2 143
2 1181
1 1180
1 1018
1 970
1 712
1 1286
1 279
1 485
2 570
1 650
1 481
2 510
1 198
1 45
2 591
1 590
2 483
2 810
2 1058
1 521
2 847
1 364
1 1024
1 146
2 1219
2 62
2 1289
2 1166
1 1224
1 746
2 700
2 483
2 455
1 485
2 968
1 1268
1 1260
2 1058
1 85
2 753
1 440
1 203
1 567
1 1152
2 304
1 510
1 1102
2 442
2 218
1 293
1 1082
2 176
2 33
1 731
2 59
1 749
2 781
2 921
1 63
1 179
2 888
1 579
1 530
1 933
2 1178
2 545
1 1243
1 988
2 529
2 234
2 1190
2 434
2 683
1 595
1 542
1 429
1 196
1 262
2 220
2 914
2 766
1 1176
2 1004
2 1184
2 450
1 1084
1 1011
1 1099
1 869
2 987
2 166
1 184
2 633
1 374
2 294
2 392
1 275
1 773
2 37
2 815
1 949
2 67
2 1043
2 171
1 236
2 522
2 328
2 134
1 276
2 518
2 1300
1 765
2 622
2 163
1 174
1 892
2 651
1 943
1 1165
1 50
2 1142
1 884
1 875
2 308
1 536
1 315
2 795
2 995
1 655
1 763
2 1277
1 108
2 782
1 456
1 215
2 450
2 986
1 192
2 118
1 486
1 402
1 6
2 1160
1 321
2 145
2 678
1 196
1 315
2 1075
2 716
2 302
2 676
1 933
2 891
2 561
2 163
1 113
2 740
1 627
2 599
2 1262
2 316
1 557
2 1099
1 503
2 584
1 1283
1 890
1 557
2 22
2 1087
1 220
2 354
1 131
2 1285
1 146
1 189
2 1138
2 1284
2 1217
2 442
2 1047
1 507
1 1091
2 693
1 447
1 1186
2 253
2 289
1 786
1 823
1 281
1 676
2 7
2 1269
2 841
1 94
2 237
2 1141
1 1188
2 1245
2 1084
1 462
2 867
1 224
2 1012
2 848
1 686
1 37
2 405
2 252
2 986
2 219
1 65
1 495
2 592
1 109
1 890
2 231
1 288
2 1282
2 129
1 93
2 138
2 314
1 615
1 801
2 422
2 255
1 431
1 1016
1 550
2 419
2 1002
2 1200
2 644
2 98
1 870
1 1022
1 878
1 1210
1 395
1 870
2 706
1 866
2 1156
2 887
2 1229
2 975
2 1275
1 923
1 1210
1 494
1 826
1 671
2 963
2 413
1 696
1 492
1 698
2 503
2 830
2 20
1 838
1 941
1 233
2 1213
1 930
1 1243
1 31
2 1159
1 62
2 341
1 931
1 456
2 84
1 707
2 1300
2 460
2 950
1 274
2 956
1 945
2 982
1 902
2 1015
1 1202
2 1019
1 798
2 6
1 1263
2 1032
2 1122
2 689
2 127
2 971
2 563
1 290
1 998
1 59
2 817
2 1272
1 197
2 354
1 783
1 1031
2 32
2 152
1 656
1 776
1 656
2 344
1 368
2 8
1 167
1 566
1 1134
1 965
1 935
1 332
2 857
2 1103
2 384
2 692
1 65
2 586
1 700
2 630
2 1009
1 612
1 541
2 1132
2 174
1 743
2 1144
1 527
2 278
1 1192
1 207
1 699
1 293
2 225
1 397
2 984
1 1034
1 1153
1 30
1 1274
2 635
2 21
1 331
2 750
1 386
1 1196
1 1008
1 27
1 240
1 1128
2 589
2 1067
2 1128
2 1020
1 793
1 965
1 467
1 1143
2 780
1 322
1 319
2 130
2 1063
1 746
1 1171
1 157
1 788
2 697
2 1269
2 744
1 743
2 173
1 670
1 213
2 216
1 186
2 1021
1 156
2 650
2 645
1 891
1 15
1 372
2 63
2 514
2 18
1 596
2 214
2 1139
2 194
1 278
2 238
1 355
1 568
2 814
2 494
2 787
2 1060
2 597
2 819
1 1026
1 29
1 880
1 1132
2 834
1 1026
2 983
1 197
2 712
2 348
2 596
1 406
2 1223
2 753
2 25
1 1071
1 1010
2 317
2 444
1 598
2 1294
1 629
2 811
1 958
1 985
1 1136
2 982
1 1137
2 24
2 1152
1 858
1 684
1 1135
2 964
1 658
2 122
2 597
1 701
2 1185
1 792
1 1261
1 936
2 685
1 1265
2 579
2 733
2 786
1 345
2 735
2 265
2 976
2 565
1 19
1 275
1 43
1 731
1 947
1 41
1 359
1 843
1 900
1 328
1 631
1 610
1 389
2 147
2 1035
2 390
2 171
2 1110
1 1197
2 379
2 147
1 245
2 255
1 714
1 242
1 709
2 120
2 97
1 747
1 94
1 1219
1 585
2 539
1 72
1 195
1 127
1 631
2 389
2 478
1 820
1 727
2 1199
2 128
1 953
2 1027
2 124
1 435
1 505
2 506
2 1055
1 453
2 1081
2 649
2 96
1 546
1 474
1 304
1 501
2 581
1 468
1 898
2 324
1 1107
2 762
1 811
2 752
1 559
1 889
1 1061
1 775
1 521
2 1024
2 864
2 644
2 677
1 976
1 1253
2 39
2 15
2 934
2 339
2 246
2 207
2 1197
2 621
2 701
2 911
2 92
1 367
2 107
1 821
2 475
2 924
1 1082
1 1211
2 680
2 571
1 1297
1 1091
1 497
2 312
1 561
2 1233
2 1103
2 1221
1 250
1 473
1 1148
1 585
2 486
1 1029
1 378
1 1293
1 17
2 687
2 1042
1 659
1 708
1 318
1 617
1 1186
1 381
1 713
1 906
2 184
2 79
2 764
2 1023
2 1232
1 1069
1 832
2 778
2 106
1 1090
1 1077
2 80
2 607
2 640
1 991
1 162
2 991
1 537
1 1027
2 617
1 720
2 281
1 1244
1 447
1 1074
1 332
1 446
1 569
2 175
1 352
2 270
1 767
2 504
2 699
2 369
1 634
2 462
2 491
2 1272
1 4
2 711
1 40
1 734
1 806
1 718
2 1258
2 963
1 232
1 664
2 476
1 852
1 267
1 311
1 1280
1 875
1 330
1 247
1 944
1 1037
2 1006
1 1240
1 820
1 227
1 58
1 512
2 855
2 861
1 913
1 894
2 48
2 439
1 546
1 1251
2 310
1 497
1 423
1 1266
2 1119
2 643
1 128
2 241
2 489
2 1001
1 1035
2 1188
1 1235
1 1053
1 592
2 344
2 904
2 394
1 694
1 469
1 769
2 393
2 1233
1 110
1 107
1 1127
1 806
2 46
1 1123
1 305
2 349
1 1276
1 382
2 665
1 87
2 879
2 809
1 558
2 168
2 898
1 18
2 1078
1 260
1 730
2 427
2 1100
1 851
2 1183
1 782
1 804
1 878
2 351
1 264
2 285
1 1085
2 230
1 377
1 826
2 952
1 342
1 199
2 247
1 1193
2 620
1 1130
2 671
2 39
2 879
1 77
1 404
2 1045
1 1209
2 1107
2 896
1 667
1 358
1 642
2 1106
2 472
2 1217
1 789
2 856
2 1000
2 769
2 803
1 1025
2 1159
2 254
1 723
1 1194
2 1059
2 1194
1 635
2 30
2 646
1 403
1 628
2 951
1 1258
2 249
2 1032
1 575
1 564
1 705
1 666
1 625
1 767
1 412
2 177
2 117
1 616
2 448
1 1292
1 26
1 213
2 917
1 1000
1 883
1 1218
1 1225
2 222
1 325
1 81
2 331
2 12
1 1158
2 305
1 461
1 390
2 1160
1 905
2 1111
1 992
1 668
1 599
1 154
1 642
2 1066
1 761
1 918
2 874
1 702
1 690
1 919
2 204
1 1239
2 1117
2 885
2 956
1 517
1 658
1 31
1 543
1 188
2 105
2 1029
2 508
2 55
2 1118
2 370
1 441
2 928
1 1049
1 1247
2 604
1 11
1 463
2 1011
2 662
2 391
1 1054
2 151
1 824
1 378
1 143
1 1112
2 1056
1 1165
2 235
2 407
2 60
2 528
2 43
1 475
2 1123
1 682
1 831
2 72
2 1055
2 609
2 169
2 192
2 768
2 1025
1 361
1 809
1 1060
2 175
2 466
2 1261
2 296
2 1098
2 480
2 10
1 836
1 1288
1 670
2 520
2 728
2 828
1 1234
2 303
1 1104
2 873
1 1150
2 540
1 981
1 239
2 499
2 689
1 267
2 406
1 189
1 600
2 722
2 755
2 118
2 208
1 505
1 445
2 952
2 1252
2 970
1 1249
1 1028
2 709
1 1086
1 212
1 598
2 1012
2 509
2 674
2 108
1 1278
1 141
2 774
2 376
1 205
2 967
1 34
1 849
2 410
1 83
1 560
1 639
2 1201
1 683
2 588
2 1298
2 1257
1 1247
2 833
2 525
2 288
2 832
1 520
2 1056
2 851
1 974
2 1051
1 313
2 800
2 369
1 1198
2 902
1 1039
2 899
1 1157
1 420
1 1007
1 687
2 745
2 643
1 394
2 794
2 284
1 822
1 534
2 663
1 538
1 181
2 229
1 720
2 436
2 1179
1 1239
1 1172
2 805
1 1023
2 1083
2 471
1 751
1 114
1 426
2 183
1 1222
2 649
2 154
1 140
1 524
1 1028
1 21
1 942
1 618
2 714
2 733
2 661
2 1259
2 1005
2 1071
2 821
1 479
1 594
2 1283
1 263
2 64
2 1204
2 1121
1 449
2 155
2 194
2 1072
1 1017
2 535
1 353
1 133
2 653
2 593
2 1228
2 1280
1 578
1 180
1 153
2 901
2 263
1 951
2 601
1 882
1 86
2 318
1 73
2 972
2 798
2 527
1 173
1 1138
1 259
1 277
1 668
2 88
1 19
2 1038
2 1093
2 239
1 508
2 501
2 71
1 1100
2 797
1 677
1 495
1 226
1 792
2 621
2 398
1 637
2 568
2 472
2 959
1 1070
1 1131
1 1062
1 295
2 84
1 1173
1 375
2 1264
2 1007
1 944
2 82
1 1163
1 208
1 1200
1 638
2 42
1 877
2 790
2 961
2 366
1 895
2 455
1 974
2 749
1 918
2 368
2 333
1 294
1 708
2 113
1 13
1 26
1 837
1 470
1 269
2 548
1 101
1 761
2 626
1 477
1 719
1 569
2 422
2 60
1 2
1 179
1 641
1 282
1 1279
2 537
1 312
2 158
1 848
1 202
2 860
1 1207
1 262
2 45
2 583
1 640
2 161
1 1030
2 519
1 111
2 1072
1 737
1 1163
1 64
1 669
2 13
1 998
2 818
2 544
2 558
1 845
1 317
2 744
2 115
1 1088
1 71
2 219
1 268
2 844
2 871
1 1176
2 70
1 723
2 375
1 1293
2 102
2 1090
1 419
2 400
1 316
1 1281
2 1262
1 1065
1 289
1 867
2 168
1 1141
2 535
2 835
1 53
2 35
2 834
2 715
2 1179
1 897
1 759
2 741
2 886
1 903
2 939
1 420
2 559
2 1208
1 1174
1 424
2 1001
2 622
2 785
2 1196
1 206
1 872
1 978
1 106
1 54
2 271
2 16
2 256
1 813
1 366
1 148
1 864
2 404
1 606
1 943
1 589
1 329
2 797
1 1220
1 522
2 69
1 724
2 130
2 459
1 242
1 150
2 477
2 1264
1 1259
1 889
2 1276
1 534
1 1256
2 587
1 626
2 842
1 651
2 1057
2 408
2 68
1 1042
1 523
2 458
2 233
1 399
1 1006
1 606
2 572
2 75
2 608
1 1050
1 1047
1 443
1 1148
1 95
1 396
2 663
1 1079
1 1271
1 334
1 679
2 725
2 1175
1 1016
1 297
2 190
2 190
1 795
2 1172
1 1294
1 1273
1 509
2 454
1 428
2 887
1 1109
2 516
1 222
2 360
1 838
2 1051
2 704
2 572
1 123
2 276
1 876
2 518
2 1062
2 17
1 993
1 1291
1 381
2 212
2 235
2 908
1 431
2 615
2 292
2 659
1 988
1 185
2 125
1 853
1 517
2 327
2 98
2 1129
1 228
1 1146
2 164
2 655
2 777
2 81
2 858
2 959
2 206
1 469
1 802
1 47
1 1216
1 227
1 141
2 1182
2 336
2 997
1 844
2 487
1 1083
2 398
1 201
2 946
1 614
2 937
2 252
2 444
2 1238
2 254
1 1251
1 245
2 1241
1 187
2 110
1 567
2 979
2 549
2 996
2 376
2 1052
1 869
1 417
2 775
1 228
2 248
1 611
2 1010
2 1202
1 424
2 115
2 750
2 1244
2 502
1 57
2 958
2 400
2 1227
2 49
2 672
1 603
2 458
1 564
2 1275
2 345
2 1189
2 1140
2 351
1 496
1 957
1 1170
2 1287
2 137
1 710
1 1277
2 938
2 897
2 920
1 882
1 675
1 386
1 144
2 771
1 992
2 1002
2 119
2 1224
1 854
2 191
2 884
1 770
2 313
1 135
2 551
1 681
2 901
1 1299
1 682
1 969
1 1112
2 38
1 1230
2 221
2 827
1 910
2 1278
1 888
2 445
1 715
1 1048
1 915
2 285
1 479
1 47
1 157
2 940
1 132
1 470
2 550
2 140
2 1212
1 151
1 160
2 280
2 925
1 932
1 76
1 61
2 1021
2 828
2 691
1 423
1 340
1 755
2 647
1 532
2 446
1 758
2 300
1 1070
2 1013
2 66
2 454
1 131
1 490
1 628
1 1065
1 1216
1 927
2 415
1 365
1 967
2 909
1 805
2 1101
2 200
2 1236
2 92
2 1059
2 29
2 1020
2 735
1 948
1 1009
2 198
2 214
2 1181
1 907
1 240
2 1237
1 957
1 116
1 487
1 243
1 954
1 482
2 116
2 279
2 466
2 1288
2 117
2 112
1 1171
2 374
1 737
2 9
2 217
2 1281
2 577
2 89
2 1145
2 232
1 104
2 277
2 513
2 966
2 1237
1 560
2 1098
2 449
1 1182
2 340
1 771
1 1048
2 1133
1 170
1 83
1 346
2 299
1 880
1 23
2 251
2 980
2 388
1 1155
1 648
1 1240
1 104
2 300
1 614
2 1040
2 126
2 837
2 1260
2 1295
1 863
1 3
2 36
1 1116
2 51
1 942
1 1187
2 1265
2 272
1 148
1 418
1 1241
1 1168
1 674
1 1255
2 555
1 292
2 87
2 170
1 984
2 244
2 995
2 498
1 874
2 678
2 16
2 903
1 1136
2 587
2 1110
2 82
1 1250
1 827
1 1106
1 230
1 121
1 955
2 167
2 710
1 1095
2 778
1 929
2 8
2 1080
1 1044
2 1130
1 1147
1 718
2 176
1 1187
2 1252
2 529
1 766
2 816
2 1209
2 52
2 361
1 866
1 862
1 732
2 523
1 498
2 177
1 936
1 919
2 139
2 78
2 298
1 100
1 383
2 545
1 172
2 1074
1 893
2 666
1 553
2 433
1 121
2 849
1 290
1 917
2 605
1 44
2 647
2 660
2 261
1 1162
1 25
2 729
2 482
1 436
1 979
2 1068
2 751
1 258
2 68
2 1043
1 297
1 236
1 1068
2 463
2 149
2 772
1 35
1 511
2 474
1 1140
1 736
2 1248
1 272
1 850
2 1205
2 249
1 70
1 48
2 695
2 1037
1 435
2 725
1 997
1 407
2 1213
2 962
1 7
2 91
1 379
1 667
2 362
1 896
2 1075
2 311
2 1273
2 717
2 528
2 860
1 1144
2 33
1 726
1 788
1 1036
2 584
1 209
2 476
1 1008
1 93
1 1250
2 126
2 1014
1 912
2 1067
1 362
2 314
2 1236
2 945
1 977
1 526
1 531
1 484
2 27
1 250
2 732
2 930
1 507
2 452
1 1109
1 160
1 613
2 817
1 326
2 401
1 1054
1 142
1 451
2 325
1 338
1 259
2 53
1 829
2 931
1 473
1 1114
1 780
2 910
2 89
2 681
1 675
1 439
2 1226
1 796
1 641
1 152
2 103
1 654
2 803
2 632
1 283
2 850
2 694
2 144
2 457
1 1168
2 513
2 324
2 69
1 96
2 1296
2 757
2 575
1 1097
1 876
1 136
2 1126
2 863
2 218
2 812
2 833
1 1225
1 74
1 802
1 100
2 41
2 1211
1 861
2 836
1 530
1 804
1 830
1 73
2 547
1 347
1 555
2 760
2 646
2 1113
1 428
1 343
1 1174
2 320
1 260
1 619
2 801
2 200
1 342
1 453
1 1195
1 1289
2 114
1 1296
2 1004
2 42
1 691
1 1198
2 825
1 807
1 660
2 544
1 57
1 193
2 1297
1 582
2 1279
2 1274
1 1229
1 1162
1 1166
1 1041
2 1122
1 538
2 437
2 524
2 1066
2 964
1 319
2 577
1 776
2 1298
2 95
2 10
2 1201
1 1189
2 464
1 680
2 1078
2 1215
2 56
1 75
1 5
2 1191
2 516
1 1164
2 1092
2 1139
1 360
1 349
2 1129
1 915
2 51
1 323
2 924
1 854
2 1228
2 269
2 990
2 807
1 1030
1 329
2 1089
1 159
2 618
2 271
2 493
2 940
2 1184
1 611
1 1185
1 1203
2 221
2 693
2 367
1 323
1 209
2 310
1 938
1 112
2 552
2 857
1 987
1 99
1 132
2 1190
2 199
2 258
1 109
2 1267
2 1183
1 182
2 762
2 416
2 452
2 894
2 859
1 1234
1 729
2 705
1 620
1 383
1 88
1 1014
2 1101
2 533
1 1145
2 960
2 768
1 387
2 859
1 934
2 818
1 506
1 237
2 839
1 1022
1 457
1 748
1 920
2 748
1 947
2 231
1 531
2 840
2 707
1 711
2 9
1 265
2 895
1 1157
2 182
1 1206
2 44
1 188
1 429
1 120
1 1257
1 886
1 1191
1 1076
1 459
2 427
1 816
2 1151
1 703
2 343
2 787
2 391
1 783
2 1114
1 602
1 337
2 872
2 79
2 1013
1 574
2 1167
2 625
1 86
2 500
2 437
1 1124
2 742
1 1263
2 1286
1 358
1 185
1 1017
1 85
2 600
1 308
1 994
2 839
2 159
1 580
2 905
1 1003
2 1193
2 492
1 403
2 161
1 488
2 713
1 576
2 623
1 1238
2 1292
2 1034
1 883
2 1121
2 543
1 66
1 1231
1 97
2 226
2 576
2 225
2 502
2 392
2 433
2 835
1 999
2 638
2 373
1 338
1 183
2 993
2 496
1 1295
2 845
2 298
2 552
1 734
1 371
1 1299
1 893
1 1003
2 716
1 684
2 760
1 387
2 948
2 754
1 438
2 574
1 425
2 955
1 1096
1 1036
2 1127
2 504
1 145
2 417
2 525
1 908
2 119
2 210
2 969
1 223
1 257
1 799
1 1019
2 178
2 790
1 248
2 757
2 1270
2 205
1 111
2 1108
1 1154
2 868
2 515
1 1150
1 3
2 654
1 451
1 637
2 1177
2 926
2 1169
1 500
2 203
1 195
2 1137
1 287
1 380
2 139
1 1134
1 460
1 900
2 777
1 1249
2 738
1 393
2 540
2 846
2 779
2 565
1 661
1 916
1 1073
1 975
1 1102
1 80
1 865
2 166
2 554
1 133
2 52
2 627
2 211
2 1081
2 1092
2 781
1 1125
2 736
2 573
1 1287
2 784
1 740
1 1164
2 810
2 1057
1 923
1 1069
1 440
2 268
1 794
2 929
2 414
2 966
2 169
2 1218
1 49
1 602
2 186
1 962
1 706
2 562
1 624
1 685
1 22
2 843
1 566
1 1097
2 1158
1 46
1 137
2 1205
2 395
2 554
1 633
2 727
2 973
1 480
1 1015
2 726
2 425
1 772
2 385
1 1135
1 634
2 438
2 210
1 256
2 350
2 928
2 773
1 411
2 78
2 784
2 1089
1 582
1 573
2 624
1 739
2 165
2 347
2 856
1 1215
1 831
1 1167
2 1104
1 739
1 359
2 355
1 1161
1 412
2 515
1 556
1 274
2 296
2 415
2 1093
2 291
2 421
1 273
2 695
2 156
1 246
1 211
2 1151
1 1178
1 526
1 1161
2 1064
2 410
1 1120
2 40
1 946
1 763
1 322
2 847
2 1049
1 1044
1 1231
2 862
2 1204
2 815
1 519
2 402
1 1
2 932
