2100 1000
1 340
1 739
1 936
2 982
2 358
1 794
1 83
2 488
2 6
2 396
1 1037
1 8
2 401
2 787
1 834
1 520
1 80
2 40
1 232
2 31
1 672
1 811
1 442
1 276
2 981
1 173
2 965
1 767
1 660
1 159
1 220
1 809
1 786
2 1023
2 560
2 11
1 607
1 311
1 714
1 167
2 219
1 918
1 695
2 470
1 755
1 373
2 998
1 18
1 999
2 504
2 193
1 25
1 521
1 941
2 216
1 978
2 174
2 366
2 763
1 567
2 603
1 681
2 938
2 804
1 649
1 42
1 563
1 545
2 979
2 564
2 788
1 892
1 790
2 1040
2 449
1 658
1 583
1 799
2 921
2 355
1 432
1 787
2 238
2 963
2 828
2 316
1 66
2 972
2 219
2 843
1 322
1 199
1 783
2 745
2 1024
1 771
1 270
1 439
2 679
1 142
2 200
2 171
1 841
2 661
2 940
2 341
1 919
2 1047
2 934
2 574
2 319
2 684
2 156
1 539
2 1048
2 660
2 234
2 375
1 176
2 951
2 533
1 740
1 485
1 436
2 237
1 264
2 703
1 900
2 236
1 94
2 390
1 718
1 380
1 329
2 722
1 29
2 92
2 988
2 554
1 627
2 989
1 538
1 509
2 1010
2 927
2 583
2 288
2 836
2 3
1 589
2 496
1 669
1 158
2 63
1 380
2 994
2 908
2 585
1 252
2 471
1 816
1 820
2 378
2 148
2 152
1 960
2 578
2 287
2 20
1 601
1 351
2 95
2 490
2 263
1 937
1 589
1 280
2 377
1 372
2 631
1 398
1 203
1 586
1 113
2 442
2 565
1 88
2 7
1 268
1 612
1 780
2 687
2 786
1 259
1 689
2 995
1 128
1 815
1 511
2 579
1 236
2 941
2 959
1 966
1 192
1 1045
1 510
1 798
2 135
2 78
1 899
2 590
2 1029
2 561
2 464
2 107
1 576
1 213
1 805
1 17
2 623
2 145
2 761
1 721
2 112
2 891
2 717
2 192
2 707
2 634
1 823
2 10
2 709
1 72
1 632
1 958
1 1009
1 713
2 90
1 693
1 265
2 676
2 160
2 458
1 574
1 652
2 661
2 731
1 662
2 413
1 452
2 293
2 891
2 563
1 454
2 748
1 454
1 508
1 399
2 815
1 489
2 752
2 397
2 277
2 340
1 608
2 867
1 176
1 48
2 61
2 333
2 467
1 903
1 443
2 517
2 123
2 772
2 276
2 516
2 562
1 607
1 19
2 243
1 307
1 715
1 45
2 1012
2 298
2 422
1 917
2 870
2 538
1 877
2 610
1 699
2 1017
2 96
2 855
1 480
1 110
1 377
2 674
1 927
2 528
2 481
1 688
1 683
1 229
1 868
2 364
1 417
1 780
2 670
1 594
2 402
2 183
2 388
1 21
1 525
2 147
1 766
1 804
2 290
2 51
2 1025
1 281
2 385
2 155
1 675
1 694
1 929
2 70
2 39
1 749
1 866
2 209
2 833
1 970
1 746
1 727
2 500
2 478
1 657
1 453
1 247
1 1026
1 926
2 346
2 582
2 365
1 980
2 1015
2 558
1 550
2 586
1 621
1 68
2 958
1 177
2 74
2 167
2 122
1 450
2 263
2 510
1 685
1 387
2 652
1 156
2 146
2 479
2 347
2 137
2 986
2 271
2 864
1 955
1 363
2 723
1 697
2 514
1 126
1 27
2 817
2 434
2 273
2 4
2 422
1 322
2 339
1 824
1 43
2 99
2 464
2 839
1 337
1 770
1 283
1 9
2 932
1 149
1 367
1 876
2 451
1 579
1 11
1 700
1 977
1 40
2 1028
2 453
1 166
2 998
1 270
1 905
2 124
2 54
1 676
2 535
1 330
2 716
1 459
1 1019
2 51
2 87
1 999
2 682
1 829
2 262
2 603
2 915
1 111
2 836
2 111
1 59
1 881
2 26
1 44
2 701
1 92
2 893
2 1043
2 946
2 922
2 343
2 141
2 396
1 656
1 428
2 756
2 503
1 887
2 323
1 618
2 529
2 708
2 617
2 282
1 313
1 334
1 330
1 220
2 6
1 983
1 360
2 532
1 966
2 680
1 858
1 1043
2 777
2 445
1 1042
1 943
2 369
1 528
2 889
2 471
2 633
1 325
2 231
1 134
2 480
2 885
1 62
1 738
1 255
1 827
2 993
2 226
1 795
1 886
1 23
1 881
1 876
1 641
1 846
2 320
1 627
1 520
2 35
1 314
1 622
2 919
2 994
1 552
2 514
2 948
2 161
1 534
2 622
1 659
1 852
2 448
2 12
1 63
2 805
2 264
2 212
1 13
2 1014
1 930
2 555
1 542
1 1013
2 438
1 34
2 412
2 354
2 558
1 631
1 747
2 624
2 282
2 922
2 139
1 929
2 850
1 822
2 977
1 86
2 337
1 419
1 889
2 295
2 745
2 456
2 707
1 39
1 288
1 938
1 202
2 136
2 847
1 208
2 691
1 101
1 232
1 439
2 800
1 811
2 56
2 227
2 476
2 195
1 930
2 384
1 281
2 956
2 394
1 854
2 564
2 223
1 128
2 535
1 302
1 328
1 64
2 888
1 524
1 143
2 900
2 181
1 712
1 846
1 60
1 1044
1 1019
1 184
2 310
2 568
2 447
2 599
1 728
2 235
2 926
2 353
1 721
1 102
1 311
2 257
1 519
1 566
1 547
2 315
2 175
2 24
2 326
2 483
1 732
2 48
1 14
2 956
2 19
1 912
2 570
2 691
2 484
1 629
1 297
2 357
2 221
1 818
2 819
1 37
2 196
2 133
1 935
2 704
2 82
1 283
1 959
2 755
2 376
1 118
2 831
1 115
1 788
2 245
1 863
2 753
1 597
1 778
1 976
1 179
2 1023
2 187
1 945
2 527
2 168
2 221
1 427
1 82
2 729
1 944
1 244
1 498
2 1016
1 995
2 1007
1 413
2 209
1 725
2 704
1 74
1 1033
1 531
2 984
1 195
1 253
1 692
1 578
2 185
1 29
1 952
1 742
2 56
2 593
1 388
1 848
1 214
1 266
1 869
1 641
1 1040
2 89
1 730
1 251
2 108
2 170
1 140
1 60
2 808
2 990
2 886
2 151
1 898
1 797
2 1018
1 840
1 446
2 856
1 763
2 102
1 825
2 914
2 230
1 968
2 759
1 482
1 690
1 153
2 533
2 324
1 948
2 1012
1 997
1 698
2 783
2 284
1 338
1 981
2 460
1 118
1 984
2 1045
2 544
1 103
2 874
1 928
1 320
2 81
1 446
2 591
2 1025
2 267
2 803
2 1008
1 465
1 420
1 473
2 332
1 587
1 129
2 429
2 760
1 1005
1 2
2 89
2 517
2 715
1 274
1 321
1 136
2 1041
2 342
2 764
2 924
2 382
1 949
2 967
1 557
1 668
1 278
1 289
1 467
2 965
2 840
2 131
2 798
2 710
1 758
2 181
2 253
2 434
2 695
2 375
1 201
1 849
1 182
1 359
1 797
2 169
2 384
2 843
1 391
1 832
1 573
2 599
1 662
2 294
2 1032
1 717
2 505
1 393
2 214
2 354
2 451
1 639
2 225
2 713
2 684
1 776
2 848
2 313
1 457
1 637
1 385
1 418
1 287
1 369
2 673
1 577
1 878
2 205
1 710
1 22
1 791
2 130
2 88
1 407
1 371
2 630
1 801
1 874
1 55
2 770
1 150
2 182
1 475
1 964
1 833
2 838
1 884
2 824
2 757
2 645
2 421
1 947
1 879
1 653
1 566
1 554
1 222
2 950
2 103
1 828
1 366
2 537
2 119
2 1002
1 697
2 611
1 540
2 58
1 690
2 177
1 733
2 386
2 30
1 678
2 133
1 309
1 765
1 644
1 571
2 493
2 367
1 961
2 642
1 781
2 756
2 151
1 688
1 61
1 953
1 44
2 169
2 85
1 206
2 973
2 743
2 527
2 860
1 1016
1 291
1 675
1 873
1 17
2 373
2 1028
2 127
2 573
2 663
2 734
1 487
2 241
2 546
1 131
2 306
2 978
2 534
2 570
1 218
1 12
2 1021
2 577
1 744
2 567
2 305
2 985
2 743
2 911
1 33
2 36
2 231
2 71
1 97
1 395
2 651
1 883
2 792
2 42
1 272
2 356
1 300
2 370
1 81
1 962
1 166
2 138
2 716
2 307
2 362
1 479
1 132
1 141
2 813
2 302
2 135
1 526
2 515
2 781
2 1020
1 857
2 606
2 504
1 228
1 298
1 878
1 487
1 463
2 145
2 750
2 469
1 474
2 1003
2 327
1 80
1 262
1 258
1 87
1 425
2 916
2 872
2 875
2 409
1 837
2 433
1 628
1 988
2 455
2 456
2 304
2 629
1 178
2 65
1 546
2 433
2 917
2 28
1 392
1 880
2 1006
1 865
1 15
1 252
2 862
2 633
2 319
1 194
2 696
1 203
2 588
2 351
2 150
2 807
1 555
1 251
1 737
2 1017
1 898
2 381
1 842
1 907
2 512
2 640
2 187
2 486
2 46
1 525
2 290
2 856
2 246
2 250
1 521
2 516
1 32
2 440
1 499
1 842
2 490
1 813
1 291
2 800
2 718
2 946
1 5
2 299
2 513
1 412
1 249
1 883
1 823
1 416
2 420
2 224
1 702
2 638
2 655
1 470
1 1003
2 402
2 326
2 592
2 498
1 706
2 16
1 154
1 992
1 819
1 967
1 762
1 461
2 50
1 1
2 172
1 635
1 694
2 931
1 802
2 679
2 940
1 1036
2 638
2 849
1 630
2 268
1 901
2 736
2 429
1 530
2 149
1 844
2 796
2 830
2 720
1 590
1 235
1 772
1 38
2 625
1 346
1 705
2 969
1 350
2 506
2 834
1 961
1 86
2 925
2 267
1 1006
2 318
2 28
1 299
1 646
2 949
2 304
1 271
2 179
1 194
1 234
2 13
2 887
1 596
1 785
1 391
1 360
2 189
2 458
2 295
1 255
1 600
2 937
2 882
2 871
1 345
1 908
2 733
2 739
1 1027
2 91
2 985
1 1033
1 463
1 953
1 124
1 113
2 996
1 814
1 196
1 49
2 173
1 767
1 426
2 301
1 374
2 728
1 653
1 425
2 500
1 245
1 210
1 760
2 36
1 428
2 751
2 734
2 200
2 980
1 20
2 286
1 58
1 726
1 1047
2 455
1 557
2 933
1 861
1 769
2 199
1 618
2 383
2 352
1 78
1 591
2 216
1 654
1 565
1 726
2 746
2 677
2 468
2 604
2 4
2 915
2 399
2 256
1 93
1 951
2 957
2 1027
1 275
1 650
2 720
1 158
1 207
2 701
2 850
2 125
1 602
2 269
2 826
2 188
2 1049
1 831
2 826
2 775
1 165
1 593
1 162
1 952
1 117
1 190
2 626
2 193
1 769
2 651
2 795
2 1031
1 481
1 120
2 419
1 665
1 342
1 257
2 642
1 178
1 714
2 909
1 847
2 950
2 549
2 640
1 529
2 462
2 163
2 344
2 336
1 64
2 880
1 462
2 1013
1 910
1 100
1 390
1 274
1 186
1 890
2 185
2 308
1 406
2 617
1 647
2 53
1 1048
1 477
2 621
2 213
1 724
2 759
1 449
1 275
1 735
1 1011
2 585
2 1021
1 923
2 896
2 285
1 658
1 461
2 362
1 466
2 344
2 814
2 1005
1 32
1 882
1 466
2 218
1 1037
1 644
2 198
2 114
1 316
2 970
1 1026
1 507
2 142
1 52
1 34
1 901
1 664
1 202
2 821
2 162
1 613
2 400
2 614
2 26
2 899
1 405
1 975
1 240
2 549
1 41
2 545
1 296
1 317
2 77
1 54
2 98
1 23
1 430
1 328
2 55
1 779
2 260
2 896
2 877
1 913
1 239
2 932
2 768
2 902
1 993
2 862
2 222
1 654
2 211
1 664
2 1011
2 572
2 98
1 73
2 431
2 77
2 379
1 478
2 647
2 753
1 598
2 894
2 359
2 53
2 443
2 1038
2 839
2 106
2 523
1 810
2 893
1 845
1 749
2 457
2 327
1 870
2 719
2 672
2 775
1 911
2 923
1 75
2 256
2 164
2 93
1 383
2 335
2 312
1 395
2 168
1 559
1 706
2 920
2 1015
2 777
1 793
2 906
2 492
1 15
1 784
1 424
1 916
2 215
1 902
2 300
1 441
1 254
1 553
1 905
1 22
2 125
1 381
1 918
1 807
1 934
1 358
2 259
1 114
2 601
2 62
2 791
2 928
2 444
2 127
1 544
1 106
2 415
2 361
2 939
1 600
2 414
1 197
2 469
1 582
1 18
2 541
1 699
1 180
2 69
2 1010
1 580
1 719
2 9
2 363
1 94
1 609
1 1020
1 416
1 272
1 423
2 702
1 47
1 973
2 942
1 732
1 208
1 5
1 645
1 667
1 649
2 440
1 10
2 936
2 1034
2 240
2 387
1 686
2 279
1 983
1 588
1 832
2 895
2 939
2 943
1 361
2 197
2 45
1 123
2 273
2 392
1 512
1 79
2 773
1 475
1 386
2 962
2 318
2 670
1 43
2 186
2 148
2 349
1 1009
1 744
2 636
2 279
2 405
1 1039
2 239
2 879
2 404
2 581
1 845
1 161
2 612
1 784
2 35
2 483
1 238
2 447
1 121
2 991
2 153
2 116
1 1022
2 809
2 25
1 147
2 806
2 909
1 280
2 152
2 556
2 639
1 472
1 903
2 933
1 680
2 604
2 130
2 711
1 765
2 129
1 575
2 401
1 519
1 217
1 248
2 474
2 762
1 737
2 445
2 309
2 678
2 91
2 492
1 562
2 312
1 906
2 332
1 740
1 771
1 957
2 400
1 398
2 552
2 356
2 974
1 30
2 620
2 67
2 522
1 502
2 1030
2 436
1 782
2 724
2 526
2 751
1 97
1 349
1 518
1 825
1 1000
1 488
2 501
2 532
1 537
2 410
2 254
1 378
1 1041
2 904
1 296
2 1000
1 305
2 242
2 285
1 104
1 228
1 206
1 602
2 620
1 696
1 1030
2 415
1 450
2 476
2 389
2 432
2 249
1 666
2 693
2 872
2 808
1 435
2 494
1 350
1 931
2 796
1 165
1 648
1 1034
2 410
2 632
2 201
1 547
1 855
2 735
2 170
2 884
2 790
1 1024
2 976
1 671
2 297
2 66
1 1036
2 539
1 595
1 626
2 863
1 817
1 437
2 122
2 376
2 248
2 596
2 858
1 241
2 407
2 115
2 1038
2 542
1 608
1 484
2 75
2 338
2 890
1 277
1 352
2 515
2 761
1 637
1 524
2 605
1 246
2 666
1 636
2 493
1 105
2 536
1 46
2 866
1 472
1 329
1 812
1 986
2 68
1 764
2 548
2 669
2 341
2 616
2 613
2 67
1 803
1 505
1 686
1 223
2 709
2 605
1 837
2 31
2 741
1 615
2 495
1 838
2 308
1 1039
2 698
2 643
2 1032
2 568
2 372
2 778
1 229
1 969
2 7
2 530
2 897
2 339
1 438
2 184
1 242
2 754
1 668
2 121
1 47
2 947
1 382
2 79
2 237
2 76
2 244
1 204
1 859
1 942
2 551
2 789
1 336
1 117
2 681
2 611
2 321
2 427
1 885
2 868
1 657
1 643
1 1018
2 116
1 598
2 207
2 758
2 616
1 394
1 979
1 8
2 920
1 95
1 497
2 705
2 105
1 1035
1 844
2 73
2 417
2 851
2 212
1 619
1 76
2 365
2 345
2 1008
2 70
2 785
2 108
2 935
2 163
2 623
1 491
2 541
2 2
1 41
1 491
2 730
1 924
2 140
2 867
1 789
1 914
2 59
1 174
2 729
1 852
2 21
1 1004
1 294
1 776
2 104
2 812
1 84
2 1029
2 687
2 444
2 1014
2 499
1 1050
1 801
1 109
2 301
2 486
2 368
1 996
1 441
2 587
2 324
2 144
2 211
1 971
1 561
1 286
1 357
1 646
2 423
1 101
1 725
1 963
1 685
2 497
2 818
1 27
1 1031
1 990
1 865
2 509
1 851
2 49
2 409
2 175
2 421
1 448
2 972
2 334
1 960
1 853
2 233
1 997
2 331
1 224
2 892
2 331
1 581
2 477
2 83
2 871
1 628
1 403
2 507
1 742
1 572
2 215
2 673
1 971
2 910
2 700
1 171
2 205
1 559
2 907
2 888
1 974
1 671
1 189
1 860
1 243
2 543
1 955
2 806
1 155
1 859
1 594
2 1022
2 37
2 655
1 689
2 403
2 266
2 703
2 397
1 159
1 107
2 1004
2 364
1 353
2 333
2 84
1 57
1 727
1 571
1 624
2 766
1 989
2 355
1 393
1 522
2 183
2 683
2 371
2 506
2 71
1 233
1 711
1 747
1 134
2 752
2 69
2 495
1 452
2 523
2 964
2 894
1 810
2 227
1 708
1 293
2 306
2 792
1 595
2 160
2 110
1 96
2 501
2 473
1 138
1 188
1 389
2 548
2 90
1 198
1 14
1 634
2 722
1 418
2 408
2 944
1 656
2 269
1 592
2 1046
1 261
1 835
2 191
1 665
1 3
2 258
1 663
2 835
2 569
1 553
1 502
2 619
2 406
1 614
1 144
2 154
1 912
1 841
1 137
1 16
1 379
2 731
1 748
2 873
2 925
2 325
2 768
2 468
2 411
1 556
1 38
2 584
1 659
2 57
1 822
2 921
2 897
2 875
1 945
2 987
2 348
1 374
2 551
2 112
1 437
2 531
1 348
1 648
2 24
2 65
2 610
2 347
1 72
2 164
2 508
2 289
1 667
2 119
1 536
2 904
2 132
1 682
1 315
2 292
2 303
2 635
1 543
1 750
2 820
1 982
1 180
1 303
1 827
2 857
1 172
1 424
2 310
1 190
1 210
1 723
2 854
2 250
1 143
1 895
2 736
1 157
2 120
2 157
2 323
2 575
1 261
1 146
2 247
2 625
2 816
1 975
1 1035
1 1001
2 1046
2 494
1 496
1 799
2 230
1 853
2 782
1 204
1 278
2 987
2 569
1 225
1 1002
2 913
2 580
2 411
2 511
1 830
2 1007
2 821
1 754
2 615
1 576
1 757
2 773
1 50
2 404
1 650
1 284
2 408
2 414
2 33
2 738
1 968
1 317
1 1001
1 1044
2 314
1 597
2 954
2 741
1 518
1 292
1 606
1 1050
2 460
2 992
2 779
1 674
1 869
1 829
1 99
2 692
2 774
1 774
1 482
1 550
1 435
2 802
2 954
1 712
2 100
1 368
2 1049
2 793
2 861
2 260
1 139
1 1042
2 677
2 560
1 335
1 864
1 503
2 85
1 226
1 217
2 794
1 191
2 485
2 426
2 991
2 489
2 343
1 1
1 459
2 126
2 540
1 52
2 513
2 265
1 584
1 431
1 465
1 370
1 109
2 430
1 609
