2600 2500
1 1121
1 1299
2 808
1 153
2 398
2 961
1 905
2 133
2 1060
1 595
2 872
2 1089
1 1086
2 254
2 100
2 874
1 327
2 1018
1 547
2 176
2 332
2 307
2 908
1 1024
1 96
1 550
1 595
1 553
2 917
2 659
2 992
1 1050
2 1103
2 440
2 970
1 996
1 169
1 231
2 994
1 32
1 1244
1 378
2 297
1 614
2 1219
2 1143
1 1104
2 18
1 856
1 1130
2 1035
2 397
1 214
1 897
2 1186
1 413
2 504
1 457
2 177
2 730
1 1146
1 560
1 1227
2 588
2 1258
2 1212
2 575
2 875
1 1274
1 1105
1 722
1 1151
2 24
1 764
1 1079
2 453
2 717
1 1243
1 414
1 339
2 299
1 658
2 654
2 1235
1 515
2 20
2 943
2 219
2 1049
2 577
1 445
2 854
2 360
1 1165
1 1188
1 335
1 932
1 156
1 776
1 11
1 663
1 442
1 889
1 155
1 325
1 636
2 829
2 1045
1 627
1 534
2 867
2 224
1 554
2 698
2 680
2 383
1 540
2 96
2 661
1 1247
1 592
1 861
2 844
2 853
2 237
2 795
2 261
1 941
1 598
1 602
2 1005
2 197
2 1073
1 827
1 524
1 219
2 1016
1 629
2 25
2 950
1 1264
2 691
2 1241
2 510
1 1291
1 274
2 545
1 381
1 50
2 475
1 674
1 659
2 1027
1 162
1 263
1 193
1 1090
1 181
1 828
1 983
2 1166
2 762
1 277
2 912
2 538
1 1064
2 806
1 788
2 786
2 558
2 1109
2 10
1 637
1 718
1 1079
2 820
1 15
2 1191
2 987
2 952
2 1081
2 456
1 662
1 1214
1 407
1 799
1 420
1 46
2 1107
1 876
2 473
2 967
2 618
1 546
2 379
2 521
2 846
1 359
1 1070
2 144
1 990
2 1203
2 864
2 1195
2 866
2 1042
1 391
1 303
2 207
2 690
1 1199
1 356
2 1250
2 794
2 334
1 584
2 278
1 556
2 285
2 249
1 208
1 878
2 527
2 567
2 933
2 1168
1 713
2 291
2 72
2 1141
1 867
2 270
2 519
2 1176
1 298
1 375
1 189
1 104
2 1213
2 734
1 972
2 551
2 1298
1 286
1 703
1 801
2 719
1 216
1 1122
1 271
2 1193
1 161
1 374
2 631
1 392
2 118
1 804
1 703
1 1248
2 290
2 1150
1 414
2 1009
1 512
2 259
2 665
2 610
1 1255
2 136
2 814
1 851
2 127
2 678
1 598
1 253
1 171
2 746
1 1126
2 714
2 90
2 208
2 694
1 1145
2 1017
1 1222
1 375
1 109
2 533
2 531
1 366
1 807
1 373
2 4
2 527
2 251
1 328
2 411
1 1200
2 925
2 304
2 80
2 944
1 331
2 75
1 981
2 1032
1 131
2 680
2 521
2 578
1 1191
2 507
2 900
1 451
2 380
1 891
2 857
2 1265
1 531
2 238
1 756
2 1218
2 949
2 870
1 478
1 376
1 1090
1 1104
2 110
1 475
1 254
2 757
2 407
2 570
1 783
1 1290
1 285
2 1011
2 1182
1 707
1 791
1 743
1 909
1 452
2 1196
1 1071
2 681
2 692
2 346
2 1123
2 644
1 168
2 549
1 802
2 667
1 960
2 258
1 1156
2 585
1 923
1 865
1 138
1 548
2 777
1 1110
1 120
2 422
2 957
1 856
2 705
2 523
2 842
1 924
1 29
1 119
1 344
2 56
2 1049
1 764
1 707
1 132
1 40
1 1028
1 993
2 229
1 735
2 533
2 31
1 358
2 732
1 573
1 1103
1 673
2 1189
2 362
1 590
1 91
1 695
2 872
2 128
1 1096
1 884
1 1080
2 831
2 1073
2 108
2 877
2 26
1 385
2 1271
2 179
1 355
1 1162
1 563
2 468
1 471
1 827
1 1013
1 140
1 583
2 356
1 399
2 441
2 92
2 1215
1 858
2 543
1 18
1 195
1 553
1 640
1 37
1 473
1 1063
2 1047
2 805
1 131
1 579
1 1114
1 1200
1 771
1 71
1 973
2 1154
2 88
2 102
1 232
1 999
2 903
1 1136
2 766
2 211
1 433
1 1022
1 669
1 393
2 618
2 984
1 1193
1 997
1 786
1 1175
2 1101
1 668
1 233
1 566
1 1018
2 1059
2 722
2 535
1 400
2 182
1 1109
1 1280
1 840
2 1110
2 818
1 436
1 794
1 921
1 1274
1 56
2 1252
2 795
1 601
1 428
1 911
1 438
1 565
1 807
1 1030
2 1175
2 655
2 312
1 99
1 170
2 1098
1 671
2 80
2 621
2 789
2 70
1 642
1 1009
1 205
1 868
1 1215
1 1148
1 295
1 776
2 115
1 537
1 268
2 252
2 114
1 169
1 1264
2 405
1 154
1 529
1 100
2 928
2 14
1 1178
2 269
1 205
2 4
1 744
2 476
1 198
2 862
1 755
1 749
2 36
1 604
1 974
1 967
1 1167
1 986
1 589
1 1042
1 1130
1 269
1 127
1 1075
1 681
1 826
2 33
2 1265
1 427
1 190
2 755
1 164
2 597
1 405
1 960
2 552
1 898
2 690
2 180
1 108
1 686
1 337
2 207
1 840
2 199
1 966
1 522
2 668
2 709
1 465
2 893
1 1165
1 63
1 940
1 884
1 1043
1 1014
2 626
2 666
2 530
2 763
1 1038
1 492
1 612
1 778
1 175
2 509
1 1286
1 61
2 102
2 191
1 579
1 746
1 460
1 360
2 267
1 410
1 54
1 1136
2 387
2 192
2 1256
2 700
2 1012
2 75
2 1052
2 896
2 1033
2 388
2 636
2 815
2 643
1 978
1 315
2 950
2 292
2 472
1 922
1 1083
2 779
2 274
2 19
1 737
1 954
1 825
2 239
2 178
2 834
2 1118
2 429
2 425
1 1296
1 1275
2 1143
1 919
2 849
2 12
1 848
2 1225
1 459
1 1131
2 804
1 901
1 1057
1 635
2 1129
1 790
1 275
2 1091
2 68
2 866
2 847
2 1147
2 57
2 876
2 1287
1 1032
2 1026
2 377
2 58
1 713
1 1023
2 1020
2 8
1 313
1 1008
2 1290
2 295
2 431
2 851
2 145
2 931
1 574
2 257
1 546
1 258
1 660
1 332
2 1155
2 161
1 649
2 462
2 1132
1 514
2 549
2 1249
1 436
1 499
1 852
1 1226
1 974
2 559
1 1202
2 361
2 597
2 910
2 43
2 497
2 696
1 696
2 841
1 328
2 187
1 1253
1 986
1 617
1 42
1 623
2 1170
2 818
1 418
2 634
2 209
2 847
2 920
2 948
2 1113
1 767
2 1276
1 1220
2 745
2 544
2 420
2 557
2 980
1 1070
1 445
2 752
1 1206
2 483
2 98
2 868
2 953
2 1206
1 781
2 904
1 1139
1 1034
2 809
1 1270
2 914
2 684
1 1053
1 748
1 94
1 908
2 404
2 675
1 733
2 1248
2 505
2 220
2 282
1 711
2 1116
2 1040
2 813
1 1204
2 217
2 470
1 646
1 113
1 415
2 1013
2 1242
1 852
2 523
2 985
2 1137
1 348
2 206
1 1186
2 1188
2 1004
2 666
2 927
2 413
1 661
2 44
2 608
2 805
2 327
1 319
1 626
1 1096
1 433
2 1077
1 28
1 507
1 1291
2 26
1 486
2 655
2 1001
2 246
2 1128
2 593
2 995
2 571
1 417
2 1058
1 1198
1 548
1 773
1 472
2 1255
1 779
2 1171
2 1249
2 180
2 741
1 1235
2 894
1 596
2 935
1 30
2 708
2 220
2 1140
2 723
2 1166
1 146
2 361
1 480
2 1216
2 699
1 988
1 314
2 9
1 53
1 1131
1 426
2 567
2 213
2 1295
1 417
2 889
1 172
1 289
2 1282
2 129
2 95
2 145
2 719
2 354
2 116
1 1025
1 1217
2 298
1 395
1 1129
2 509
2 532
2 940
1 964
1 823
2 1251
1 1139
1 1111
1 1258
2 492
2 701
2 933
1 421
2 727
2 373
1 1176
2 276
1 1107
1 392
1 46
2 834
2 850
1 979
1 242
1 39
2 760
2 513
1 1119
1 1066
2 1283
1 372
2 230
2 345
1 1237
1 116
2 1061
1 367
1 1102
2 603
2 1068
2 387
1 316
1 739
1 580
1 982
1 663
2 687
1 916
2 221
2 147
1 1149
2 916
2 241
1 651
1 857
2 943
2 536
1 1205
2 455
1 962
1 40
2 501
1 130
2 557
2 792
1 47
1 1160
1 403
1 1242
1 134
1 767
1 969
2 811
1 321
1 1161
2 447
1 7
2 347
1 865
2 1031
2 17
1 624
2 439
1 1232
2 796
1 487
2 293
1 137
1 1095
2 87
1 704
1 364
1 1035
2 51
2 306
2 1239
1 1100
2 1237
1 698
2 409
1 222
2 1213
2 735
2 82
1 255
1 48
2 971
2 463
1 1230
2 244
1 249
1 528
2 860
1 89
2 578
2 582
1 1044
1 483
2 1121
2 603
1 1045
1 1050
2 1189
1 721
1 1084
2 60
2 833
1 1257
1 247
1 21
2 628
2 186
2 140
1 124
2 836
1 281
1 1
2 318
2 880
1 41
2 363
1 1075
1 143
2 235
2 469
2 78
2 658
1 135
1 838
2 1295
1 747
2 936
2 172
2 1119
1 711
1 393
2 58
2 822
1 227
2 187
2 479
2 864
2 13
2 189
1 897
2 881
2 427
1 1278
1 958
1 65
1 309
2 761
2 672
2 1086
2 316
2 86
2 338
2 1300
2 620
1 962
1 1134
1 35
2 1117
2 838
2 654
2 241
1 1230
2 606
2 362
1 217
1 378
1 757
2 529
1 812
2 1150
1 787
2 264
1 228
2 953
1 36
2 780
2 763
2 819
1 1279
2 338
2 809
1 689
2 330
2 1298
2 485
2 644
1 1275
2 862
1 5
1 909
2 489
2 1205
2 1201
2 615
2 342
1 697
2 1001
2 210
1 628
2 141
2 451
2 1092
1 292
1 1167
2 731
1 613
2 569
1 59
2 135
2 503
2 231
2 842
1 27
1 769
1 1256
1 1052
1 289
1 915
2 357
1 110
2 126
1 558
2 581
1 759
1 517
2 670
1 1044
2 936
1 45
2 959
1 1054
1 1126
2 278
2 136
2 462
1 684
2 1225
2 1226
1 438
1 783
2 1207
1 695
1 491
1 349
1 38
2 34
1 490
1 790
1 1056
2 590
2 368
2 902
2 641
1 1046
2 1034
2 810
2 780
2 858
2 1062
2 906
2 500
2 16
2 243
2 67
2 717
1 73
1 1133
1 273
2 731
1 1169
1 934
1 416
1 1253
1 469
2 939
1 708
2 775
1 42
2 686
2 625
1 315
2 560
1 861
1 431
1 449
2 574
1 878
1 572
1 951
2 519
1 419
2 389
2 368
2 1006
2 671
2 1
1 1024
2 458
2 1066
2 260
1 913
1 677
1 639
1 679
2 688
2 892
1 1083
1 508
1 798
1 1033
1 637
1 122
2 267
2 1054
1 491
1 1273
2 679
2 297
1 345
1 125
2 317
2 1197
1 1037
1 623
2 271
2 538
1 829
2 198
1 1145
1 729
1 311
1 1125
2 149
2 467
1 382
2 248
2 1005
1 1267
2 98
1 326
2 607
2 308
2 534
1 1082
2 49
2 1100
1 1173
1 1022
1 243
2 446
2 152
2 196
1 993
2 1209
2 81
1 484
1 724
2 739
2 203
1 238
2 885
1 817
1 1043
2 619
2 329
1 589
1 913
1 263
1 333
2 1008
2 966
2 121
1 266
2 1245
2 8
1 286
1 311
2 229
1 91
2 1117
1 351
2 942
1 646
2 310
2 551
2 1124
1 837
2 945
1 1078
1 461
1 343
2 833
1 817
1 1111
2 2
2 294
1 1185
1 612
1 1246
1 1055
1 992
2 971
1 748
1 310
2 1192
2 1010
1 514
1 1183
1 821
1 762
2 800
2 1177
1 1142
2 1289
1 276
1 12
1 125
2 284
2 395
2 1182
1 344
1 1266
1 976
2 930
1 685
1 230
1 288
1 1259
1 69
1 772
2 1074
2 1180
2 991
2 301
1 85
2 1113
1 958
1 998
1 22
1 455
1 816
2 181
2 173
2 788
1 101
2 391
2 471
2 1263
2 1087
1 97
1 639
1 339
1 232
2 984
1 539
1 753
1 408
1 890
2 1023
1 896
1 480
1 240
1 887
2 563
2 296
1 743
2 955
2 568
2 114
1 1157
1 678
1 17
1 322
2 1158
1 195
2 245
2 60
1 1067
1 758
1 808
2 813
1 237
1 902
1 59
2 350
1 1184
2 209
2 7
2 641
2 304
2 200
2 542
2 288
2 459
2 645
1 105
1 93
2 222
2 648
2 561
2 306
1 113
1 341
1 625
2 1092
1 386
1 202
2 197
1 524
2 32
2 831
1 682
1 1059
2 1152
1 572
1 613
1 1093
2 463
1 335
2 419
1 409
2 627
2 323
1 216
2 1084
1 150
1 882
1 406
1 1281
1 1039
2 1263
1 777
1 147
2 493
1 52
1 715
2 1108
2 1019
2 968
1 352
2 882
1 1164
1 1228
1 848
1 652
1 1085
1 73
2 20
1 975
1 347
1 947
2 585
1 774
1 937
1 1155
1 165
2 236
1 959
1 1246
2 499
1 587
2 1283
2 766
1 791
2 194
1 1288
1 133
1 79
1 516
1 352
1 844
1 402
2 1120
1 224
2 38
1 381
1 1240
2 1190
1 428
1 822
2 1231
1 1222
1 448
2 1148
2 941
1 1268
1 351
1 606
1 1252
1 153
2 693
1 398
2 302
2 300
1 179
2 30
2 1238
1 144
2 280
2 253
2 1268
2 1269
1 97
2 946
1 81
1 742
2 1149
1 196
2 280
2 798
1 123
1 1241
1 461
2 1002
1 1286
2 488
1 836
2 1172
2 90
1 672
1 616
2 1285
1 1112
2 1293
1 1094
2 991
2 643
2 1281
2 355
1 1284
1 987
1 63
1 814
1 1278
1 622
2 720
2 951
2 723
1 1095
1 118
1 163
2 1219
1 1026
1 1153
1 334
1 246
2 186
1 1146
1 890
1 1051
2 898
2 184
2 586
1 83
2 528
1 476
1 170
1 212
2 1271
2 226
2 283
2 1261
1 885
1 1261
1 1254
2 880
2 562
1 1210
2 682
1 402
2 1133
2 772
1 223
2 901
1 1187
1 456
2 1097
1 394
1 167
1 888
2 1224
1 128
2 321
1 496
2 610
2 1195
2 543
1 801
2 488
2 111
1 435
1 685
1 495
2 632
1 800
1 1262
2 545
1 1217
1 956
1 430
1 873
1 1272
2 934
1 346
1 382
1 932
2 188
2 662
1 284
2 1224
1 710
1 738
1 605
2 570
2 1074
1 1240
2 630
1 183
2 765
1 1123
2 577
1 201
1 117
2 648
2 466
1 146
2 233
2 761
1 354
2 477
1 319
1 1019
2 1207
1 687
2 1171
1 1141
2 1196
1 437
1 1180
1 1221
1 554
1 51
1 3
2 130
2 1284
2 505
1 252
1 105
2 881
1 155
1 515
1 1273
2 159
2 101
2 1088
1 401
2 917
1 752
2 594
1 912
2 982
2 1012
1 1010
2 1128
2 751
2 13
1 1031
2 1037
1 811
2 227
1 561
1 487
1 983
1 928
2 728
1 581
2 894
2 1270
1 79
1 588
1 1015
1 667
2 582
2 730
1 870
2 439
2 1017
2 1223
2 366
2 482
1 264
2 843
1 1266
1 1021
1 599
2 166
2 302
1 724
1 299
1 839
2 1187
1 1102
1 920
1 1184
1 998
1 418
1 1293
2 84
2 24
2 905
1 1208
2 1112
2 39
2 768
1 272
1 642
1 660
2 465
1 510
1 320
1 824
2 995
1 1294
2 156
1 215
1 774
2 1002
2 706
1 52
2 282
1 408
2 640
2 773
2 16
1 981
1 45
1 1004
2 485
1 1162
2 204
1 435
2 1048
2 620
1 308
2 1089
1 162
1 789
2 689
2 213
2 448
1 3
1 313
2 1227
1 226
2 1093
2 1277
1 945
2 815
1 160
2 633
1 638
1 154
1 1164
2 837
1 234
1 955
1 157
1 283
2 883
1 1210
1 580
2 184
1 1236
2 1250
1 225
1 234
1 635
2 432
2 1106
1 424
1 260
1 860
1 709
2 188
2 947
2 148
2 324
2 785
2 440
1 77
2 460
2 1152
1 506
2 1244
2 1151
1 608
1 855
1 502
2 152
1 750
2 142
2 1028
1 737
2 886
2 350
2 1025
1 769
2 337
2 600
2 1228
2 89
1 1087
1 512
2 816
1 388
1 164
2 1179
1 972
2 784
1 62
1 957
1 117
2 1211
1 571
1 444
2 443
1 674
1 322
1 562
2 591
1 1039
1 944
2 859
2 256
2 556
2 158
1 69
1 221
2 541
1 1038
1 518
2 119
1 927
2 741
1 247
1 745
2 1055
1 1297
2 1156
2 879
2 256
2 389
2 1285
1 19
1 810
2 374
2 66
1 596
1 1115
1 379
1 370
1 622
2 1220
1 963
2 1211
1 742
2 266
1 964
1 803
2 1279
2 500
2 832
1 1029
1 432
1 513
1 632
1 530
1 53
2 425
1 1153
2 206
1 965
1 259
1 988
1 1229
2 787
2 210
1 796
2 587
2 422
1 792
2 1000
1 437
1 843
2 300
1 470
1 716
2 363
2 541
1 139
2 202
2 1063
1 503
1 765
1 1127
1 385
1 593
2 1065
1 95
1 1233
1 1003
1 1234
2 1085
1 412
1 980
1 132
1 434
1 720
1 107
2 555
2 1099
1 1077
1 333
2 458
2 449
2 1170
1 365
2 854
2 576
2 712
1 1276
2 70
2 248
2 793
1 688
2 1072
1 705
2 1135
2 329
1 173
1 106
1 508
2 204
1 915
2 14
2 1233
2 78
2 586
2 199
2 1000
2 954
1 443
2 372
1 701
2 799
1 946
1 340
2 1127
1 2
2 479
2 245
1 1134
1 619
2 879
2 657
2 175
1 1029
1 23
1 782
1 845
2 404
2 824
2 629
1 142
2 1003
1 821
1 782
1 193
2 331
2 617
2 177
1 611
1 1181
1 312
1 481
1 1262
1 910
2 732
2 516
1 977
1 605
1 900
2 1067
2 149
1 1169
1 272
1 657
1 1232
2 107
2 1194
1 33
1 215
1 1116
2 1027
1 697
1 86
2 700
1 1118
2 5
2 490
1 693
1 305
2 768
2 31
1 293
1 126
2 281
1 1160
1 62
1 989
2 1082
1 1172
1 1216
2 182
1 511
2 497
1 615
1 1192
1 77
1 665
2 369
1 401
1 676
1 1221
2 729
2 806
2 384
2 726
1 1061
1 728
2 1132
1 192
2 9
1 1076
2 1173
2 64
2 47
2 1243
1 35
1 141
2 656
1 863
1 670
1 1218
1 370
2 1138
1 1245
1 1011
1 747
2 770
1 1234
2 1046
2 1294
1 1142
1 874
1 756
1 163
1 1078
2 759
1 1277
2 396
1 535
2 1209
2 828
1 835
1 1183
2 76
2 244
2 1299
2 926
2 1057
2 296
1 923
1 400
2 399
2 781
1 159
2 536
2 390
2 330
2 383
1 277
1 938
2 624
1 650
1 602
2 911
2 1099
2 309
2 990
1 853
2 895
2 1069
1 223
2 1080
1 892
2 888
2 664
1 494
2 1041
2 710
2 176
2 726
1 320
2 841
2 526
2 489
1 174
2 904
2 353
2 793
1 74
1 265
1 736
1 349
2 797
2 1199
2 520
2 342
2 341
2 464
1 235
2 526
2 819
2 41
1 424
2 855
2 1140
1 301
2 214
1 820
1 1159
1 1251
1 121
1 112
1 27
1 377
1 616
2 702
1 323
1 895
2 242
2 450
1 1158
1 1091
2 49
1 1161
1 734
2 692
2 1267
2 976
2 336
2 194
1 369
1 996
2 265
2 1208
2 261
2 190
1 1214
1 183
1 273
1 498
1 859
1 412
2 1122
1 1272
1 453
1 1014
1 511
1 922
1 48
2 699
1 502
2 384
2 725
2 647
1 115
2 740
1 371
1 1007
2 376
2 520
2 785
1 903
1 550
2 1223
1 736
1 716
1 656
1 1260
2 899
2 1174
1 482
1 1154
1 1030
2 1292
2 539
2 715
1 185
1 1288
2 694
2 474
2 1185
1 1287
1 1254
2 494
1 566
2 727
1 1197
2 875
2 525
2 887
2 918
1 317
1 54
2 506
1 918
2 279
1 423
2 250
2 348
2 307
1 738
1 68
1 1036
1 1120
2 645
2 784
2 607
1 1053
1 268
1 775
2 949
1 653
1 430
1 251
1 750
2 83
1 547
2 1056
2 359
2 925
2 835
1 464
2 1163
2 948
2 11
1 712
1 353
1 873
2 564
2 1159
2 1198
2 262
1 1178
1 1238
1 291
2 740
1 1181
2 718
1 683
2 397
2 134
1 444
2 498
1 1168
2 1212
1 614
1 1231
2 963
2 191
2 939
2 1101
2 573
2 576
1 85
1 185
1 1201
1 22
2 583
2 64
2 380
1 1297
2 178
2 891
1 390
2 1292
2 501
1 907
1 25
1 43
1 305
2 340
1 564
2 477
2 139
2 57
2 496
2 575
2 478
1 931
1 956
2 423
1 15
1 961
2 1105
2 978
2 72
1 1157
2 396
1 930
2 869
2 1257
1 525
2 76
2 1203
2 1088
1 454
2 907
1 849
1 1062
2 92
2 1060
1 94
1 830
1 200
2 358
2 633
2 403
2 649
1 1236
1 415
1 621
2 675
2 167
1 568
1 919
2 1147
1 165
2 994
2 1260
1 1204
2 466
2 1114
2 1259
1 1269
2 540
1 518
2 569
1 1081
2 1280
1 544
2 669
1 120
1 21
2 411
2 1174
1 454
2 416
2 457
1 552
2 758
2 287
1 1144
2 124
2 937
2 287
2 899
2 1058
2 474
1 997
1 638
2 50
1 704
1 760
2 611
1 386
1 863
2 1144
2 631
2 314
1 240
1 565
2 1051
2 426
1 850
1 88
2 609
2 871
1 218
1 1006
2 203
2 429
2 883
1 754
1 1065
1 1289
2 677
2 653
1 1125
2 965
2 706
1 279
2 406
1 683
2 236
2 450
1 749
2 84
2 23
1 601
2 1064
1 771
1 721
1 239
1 751
1 754
1 1282
2 1098
2 826
2 365
1 82
2 1069
1 211
2 1097
2 929
1 591
1 99
1 29
1 733
2 367
1 1048
2 906
1 989
2 364
2 1296
2 1124
2 952
1 255
2 34
1 673
1 1300
1 168
2 1072
1 158
2 725
1 111
1 104
1 823
1 877
2 262
1 93
2 109
2 123
2 929
1 138
1 74
2 326
1 61
2 504
2 803
1 1163
2 270
2 212
1 122
2 137
1 486
1 318
2 845
2 129
2 1239
1 174
1 555
2 1036
2 893
2 28
2 67
2 37
1 650
2 325
2 106
2 324
2 336
2 495
1 371
2 1007
2 171
1 871
2 926
1 584
1 151
1 143
1 357
1 290
1 467
1 973
2 257
2 600
2 1071
1 559
2 66
2 1179
1 676
2 999
2 921
1 886
1 979
2 447
1 832
1 103
1 599
2 797
1 1135
1 1106
2 421
2 303
1 977
1 542
2 914
1 218
2 664
2 55
1 753
2 225
1 1177
2 594
2 1068
1 702
1 1247
2 71
1 975
1 938
2 103
1 1138
2 275
2 714
1 744
1 517
2 44
1 148
2 410
2 942
1 112
2 609
1 770
1 6
1 452
2 839
1 151
1 532
1 1190
1 1108
1 652
1 1137
1 830
1 446
1 160
2 1041
2 1015
2 634
1 294
2 6
1 812
2 778
1 647
2 157
2 651
1 1047
2 1020
2 150
2 87
2 442
2 825
1 10
1 969
2 1076
1 250
2 65
1 935
2 434
2 343
1 691
2 441
1 1194
1 228
1 522
2 537
2 869
2 1229
1 1202
1 985
1 1040
2 604
2 1016
2 924
1 481
1 468
1 1115
2 55
1 484
1 394
1 802
1 493
2 1094
2 630
1 166
2 592
1 201
1 1021
2 970
2 846
2 968
