2100 4000
1 90
2 761
1 663
1 758
1 476
1 799
1 115
1 347
2 845
1 234
2 1015
1 207
2 673
2 265
2 414
2 97
1 548
1 305
1 318
2 69
2 452
2 199
2 1044
1 66
1 203
2 877
2 612
1 454
1 241
1 152
1 137
2 117
1 462
1 589
1 575
1 429
1 384
1 934
2 304
1 153
1 120
1 23
2 254
1 451
2 991
2 1011
1 293
2 121
1 99
1 976
2 272
2 134
1 227
2 68
1 775
2 281
2 416
2 485
2 341
2 820
1 3
1 255
1 499
2 518
2 337
1 318
1 965
2 303
1 800
2 659
2 12
1 489
2 868
2 18
2 920
2 392
1 84
1 359
2 549
1 755
2 438
1 274
2 297
2 811
2 595
1 332
2 248
2 810
1 96
1 258
2 481
2 387
2 455
2 156
2 729
2 81
2 810
2 316
1 721
1 298
1 477
2 918
1 378
2 883
1 459
1 806
1 621
2 1035
2 762
1 698
1 334
2 1015
2 366
1 319
1 82
1 986
2 687
2 735
2 264
1 333
2 879
1 571
2 480
1 4
1 135
2 449
1 1043
2 702
2 428
1 306
2 554
1 640
1 319
2 511
1 338
1 833
1 89
1 230
1 806
2 888
2 447
1 746
2 757
2 165
1 969
1 45
1 266
2 507
2 384
2 140
2 1020
2 718
1 251
1 374
2 525
2 1023
2 468
1 650
1 725
1 852
1 656
1 219
1 296
1 517
1 471
2 657
1 370
2 178
2 223
2 795
2 1046
2 527
2 134
1 696
2 160
2 760
1 482
1 647
1 999
1 926
2 25
2 179
2 54
2 90
2 920
2 1016
1 540
1 720
1 588
2 330
2 110
1 498
2 995
1 925
1 118
1 921
1 536
1 282
1 390
2 940
2 691
2 292
1 1025
2 606
2 878
2 937
2 645
2 462
1 291
1 988
1 23
1 27
2 857
2 98
1 971
1 521
2 802
1 827
2 430
1 707
2 900
2 886
2 675
2 861
2 902
1 168
2 493
1 217
1 753
2 486
1 294
1 432
2 768
1 441
2 995
2 1037
1 973
2 813
2 29
1 1050
2 559
1 1001
2 722
1 17
1 327
1 822
1 637
1 345
2 533
1 280
2 770
1 945
2 1017
2 404
2 389
2 1018
1 972
1 126
2 297
2 977
2 767
2 356
1 647
1 287
2 561
1 509
1 826
1 459
2 705
1 368
1 681
1 394
2 104
2 821
2 66
2 928
2 497
1 100
2 214
1 150
2 83
2 633
1 1
1 349
1 410
2 69
1 617
2 304
2 443
1 776
1 714
1 31
1 564
1 139
1 811
1 990
2 913
1 97
1 351
2 902
1 101
1 1032
1 487
1 724
1 283
1 205
1 585
1 465
1 377
2 164
1 656
2 676
1 190
1 95
2 808
1 154
1 412
1 133
2 409
2 933
2 271
1 399
2 634
2 328
1 767
2 1043
2 502
1 238
2 468
1 479
1 354
2 111
2 939
1 293
1 798
1 748
1 424
2 691
1 1038
2 930
2 958
1 754
2 716
1 653
1 360
2 919
2 247
2 766
1 793
1 1010
2 369
1 816
1 216
1 157
1 896
1 104
2 46
1 736
1 624
1 1005
2 930
2 405
1 112
2 137
1 602
1 388
2 617
2 344
2 629
1 983
1 329
2 530
1 732
1 605
2 316
2 249
1 10
1 597
1 75
1 136
2 624
2 816
2 85
2 192
2 931
2 874
1 815
1 17
1 1002
1 784
1 989
2 654
2 194
2 50
1 536
2 119
2 519
1 181
2 347
2 680
2 494
2 210
1 139
2 650
2 751
2 397
1 239
1 72
2 13
1 224
2 107
1 248
2 402
1 405
1 178
2 317
1 421
2 794
1 306
2 967
1 940
1 573
2 451
1 974
2 556
2 21
1 311
1 704
1 866
2 887
2 439
1 323
2 469
1 161
1 497
1 151
1 102
1 636
2 408
2 197
1 458
2 276
1 413
2 515
2 94
1 88
2 287
2 860
2 987
1 834
1 894
2 503
2 833
2 715
2 563
1 827
2 463
2 235
1 760
2 342
1 564
2 380
1 552
2 558
1 545
2 477
2 290
1 915
1 917
2 62
1 963
2 299
2 483
1 629
1 847
1 352
1 508
1 457
2 435
2 719
1 425
2 461
1 801
2 729
1 400
2 313
1 828
2 958
2 861
2 259
2 283
2 277
1 626
1 31
1 900
2 226
1 175
2 381
2 631
2 79
1 512
2 723
1 911
2 510
2 89
1 253
2 759
1 685
1 682
2 496
2 218
2 949
1 727
2 1042
1 885
1 909
2 781
2 280
1 196
2 197
2 659
1 263
1 746
2 794
2 142
1 164
2 114
2 738
1 388
2 236
1 472
2 161
1 773
1 875
1 145
2 534
2 880
1 970
1 823
1 269
2 509
2 918
2 596
1 670
2 925
1 574
2 289
2 641
1 290
2 547
2 1030
2 911
2 350
1 329
2 572
2 695
1 61
1 12
2 898
2 19
2 144
2 769
2 543
2 576
1 169
1 661
2 532
2 836
1 51
2 336
2 378
2 771
1 679
1 991
1 196
1 569
2 365
1 556
2 737
1 334
2 843
1 893
1 655
2 300
2 842
1 728
1 309
2 608
2 222
1 876
1 34
1 565
2 385
1 986
1 213
2 644
1 681
1 893
1 478
1 846
1 111
1 903
2 591
2 996
2 500
2 246
1 669
1 728
1 848
2 1027
2 358
1 771
2 383
2 817
2 990
1 555
1 582
2 756
1 160
1 633
2 91
2 427
1 1029
2 818
2 787
1 501
2 864
2 764
2 62
2 298
1 693
1 55
1 1041
2 637
1 250
2 444
2 625
1 29
1 220
2 219
2 783
1 524
1 751
1 778
1 782
2 88
2 92
2 76
1 231
2 777
1 962
1 204
1 999
2 619
1 18
1 369
1 584
2 125
2 884
1 785
1 228
1 526
1 646
1 447
1 867
2 754
2 690
2 547
1 170
1 273
2 907
2 568
2 202
1 260
1 93
1 291
1 869
1 1037
1 364
1 1029
2 486
1 727
2 741
1 994
2 853
1 674
1 159
2 460
1 190
2 167
1 303
2 769
2 570
1 522
1 307
2 795
1 133
1 951
2 41
2 73
1 312
2 278
1 123
1 688
1 386
1 837
1 793
1 1031
1 1023
2 670
1 289
2 658
2 941
2 71
1 467
1 67
2 19
1 766
2 471
2 206
1 953
1 208
2 750
1 824
2 649
1 1007
2 819
2 783
2 866
2 823
1 998
1 1027
2 33
1 96
2 266
2 826
1 1048
1 423
1 749
1 876
1 127
2 180
1 77
1 526
2 825
1 106
1 846
1 414
1 494
2 24
1 326
2 320
1 247
1 700
2 30
2 407
2 1034
2 905
2 946
1 830
1 723
2 786
2 788
1 20
1 310
1 45
2 525
2 176
1 492
2 442
2 333
1 310
1 71
1 404
2 936
1 200
1 752
2 475
1 838
1 774
2 479
2 506
2 849
1 814
2 836
2 585
1 628
2 906
1 60
1 856
1 792
1 231
2 609
2 657
2 577
1 571
2 201
2 515
1 764
1 235
2 635
1 36
1 463
1 58
2 632
2 715
1 859
1 786
1 842
1 410
1 883
1 413
1 875
2 371
2 145
2 450
2 1008
1 324
2 932
1 1011
2 346
2 615
2 125
2 100
2 513
1 185
1 314
1 901
2 578
1 906
2 6
1 673
1 550
1 390
1 109
1 275
2 506
1 440
2 747
1 61
2 455
2 1032
1 366
1 473
2 908
1 141
2 909
1 456
2 260
2 566
2 230
2 421
1 1016
2 376
1 42
2 565
1 1038
2 594
1 435
2 395
2 72
2 244
2 544
2 680
1 140
1 640
1 968
2 599
1 736
1 755
1 331
2 245
1 385
1 52
2 796
2 64
1 871
2 349
2 422
1 167
1 148
1 275
1 646
1 531
1 604
1 427
1 476
1 135
1 128
1 25
1 374
2 557
2 917
1 740
2 341
2 686
2 615
1 757
2 1040
2 623
1 171
2 579
1 781
2 211
2 1028
2 725
1 11
1 295
2 897
1 775
2 2
2 417
1 529
2 886
2 453
1 381
1 916
1 391
2 626
1 221
2 265
1 516
2 432
1 713
2 457
2 611
2 107
1 481
1 744
1 867
1 35
2 938
1 240
2 482
2 870
1 65
1 166
2 26
2 201
2 36
2 215
1 132
2 616
1 162
2 618
1 987
1 889
2 857
2 788
2 1022
1 1002
1 661
1 929
2 336
2 618
1 636
1 34
1 538
2 945
2 80
1 42
2 700
2 563
1 957
1 491
2 981
1 433
2 955
1 490
2 433
1 245
2 718
2 676
1 978
2 537
2 518
1 749
2 590
2 158
1 708
2 364
1 391
1 964
2 620
1 321
2 279
1 664
1 802
1 603
1 162
1 367
2 141
1 500
1 464
1 108
2 966
1 753
1 5
2 351
1 77
1 817
2 1000
2 979
1 120
1 26
2 961
2 192
1 103
2 553
1 537
2 581
1 666
1 996
1 170
2 501
1 809
2 567
2 243
2 251
2 446
1 195
1 739
2 703
1 470
1 581
2 418
1 124
1 1042
2 30
1 41
2 322
2 392
2 952
1 268
2 354
1 619
2 787
1 843
2 952
2 320
1 57
1 798
1 1048
2 713
2 348
2 546
1 960
1 935
2 1049
2 721
2 330
2 701
1 465
2 570
2 784
1 74
2 980
1 277
1 546
1 607
2 605
1 458
1 858
1 43
2 124
1 968
1 935
1 1047
2 379
2 669
1 982
2 791
2 257
1 890
1 790
2 24
1 394
2 962
2 177
2 225
1 665
2 993
1 889
2 1034
2 998
2 311
1 448
1 156
1 834
1 604
1 312
1 677
1 797
2 855
1 731
2 148
2 302
2 154
1 569
1 106
2 601
1 169
2 710
1 225
2 595
1 944
2 1036
2 992
1 49
1 593
2 1004
1 882
1 777
1 845
1 947
2 812
2 255
1 956
2 183
2 13
2 440
1 79
2 643
2 622
1 49
1 377
2 460
2 1045
2 942
1 904
2 840
2 772
1 339
2 678
2 1041
2 35
1 86
1 208
1 527
1 923
2 240
1 887
1 587
1 892
2 551
1 182
2 573
2 694
2 982
1 954
1 951
2 878
1 233
2 970
1 706
2 127
1 698
1 270
2 592
2 136
1 101
2 950
2 480
1 105
1 296
1 228
2 785
2 899
2 117
2 5
2 762
1 664
1 502
1 249
2 443
1 756
2 1013
2 984
1 1006
1 904
1 233
2 396
1 389
2 874
2 173
2 851
2 580
2 411
2 671
2 187
1 577
2 343
2 927
2 1012
2 356
1 193
1 603
2 206
1 1046
2 456
2 701
2 436
1 396
2 138
2 173
1 10
2 774
2 1036
1 1024
2 699
2 282
1 683
2 704
2 860
1 132
2 653
1 609
1 568
2 278
1 849
2 171
1 561
2 801
1 467
1 803
2 687
2 832
2 654
2 227
2 305
2 584
2 697
1 599
1 242
1 895
1 398
1 236
2 683
1 709
2 78
2 505
2 634
1 543
1 257
1 592
1 342
2 57
2 944
2 121
1 1035
1 772
1 588
1 992
2 689
1 434
2 428
1 879
2 191
1 53
2 445
1 662
2 254
2 50
2 166
2 39
1 824
1 4
1 39
1 614
2 734
2 130
1 466
2 558
2 586
2 611
2 601
2 627
2 690
2 56
1 593
1 1045
2 890
1 195
1 763
2 418
1 597
1 711
2 357
2 672
1 232
1 270
1 87
2 213
2 602
2 910
1 1004
1 884
1 734
1 651
2 153
1 928
1 461
1 129
1 638
2 738
1 6
2 189
1 48
2 797
2 1039
1 314
1 932
1 895
2 815
2 740
1 237
2 674
2 151
1 946
1 464
2 731
1 337
1 56
1 540
1 60
2 7
1 933
2 85
2 988
2 237
2 1017
2 343
1 708
2 332
2 372
2 505
2 623
1 360
2 368
2 662
1 315
1 510
2 483
1 620
1 420
1 779
2 583
2 295
2 212
2 668
2 176
1 147
2 989
2 362
2 163
1 523
1 110
1 328
1 792
1 131
2 165
1 175
1 8
2 894
2 419
1 496
1 415
2 218
1 59
1 393
1 880
2 488
1 726
1 580
1 908
2 541
2 382
1 48
1 46
2 335
1 873
1 504
1 128
2 78
1 339
1 553
1 621
1 926
2 936
1 957
1 641
2 123
1 590
2 474
2 642
2 549
1 850
1 70
1 780
2 830
1 959
2 980
2 286
2 155
2 614
1 712
2 528
2 38
2 1020
2 75
2 743
1 997
2 539
1 1028
2 80
1 131
2 971
2 14
1 745
2 554
2 300
1 417
2 717
2 805
2 638
2 956
2 216
1 722
2 115
1 1040
2 215
2 212
2 825
1 99
1 373
2 142
2 272
1 454
2 16
2 566
1 844
2 888
1 948
2 28
1 55
2 682
2 976
2 631
1 773
1 737
1 575
2 84
1 684
1 840
2 600
1 493
2 419
2 271
2 116
2 1050
2 901
2 425
2 174
1 109
2 714
1 541
1 658
1 907
1 229
2 382
1 81
1 373
1 507
2 185
2 931
1 1022
1 960
2 913
2 355
2 864
2 789
1 211
1 975
2 220
2 285
1 194
1 696
1 557
1 732
2 274
2 562
1 639
2 648
2 478
1 317
2 752
2 345
1 763
1 9
1 1008
1 386
1 393
2 203
1 371
1 1026
1 562
1 209
1 441
1 776
1 93
2 667
2 37
1 598
1 921
1 645
2 362
1 854
2 750
2 44
2 964
2 877
2 648
1 264
2 520
2 778
2 850
1 923
1 423
2 576
2 188
2 187
2 838
1 610
1 22
2 430
1 234
1 915
1 1007
2 437
1 15
2 961
2 222
2 490
1 114
2 487
2 1021
2 872
2 401
2 452
2 694
2 1018
2 635
2 942
1 739
2 668
1 544
1 821
2 1012
2 155
1 873
1 138
1 807
2 401
2 963
1 759
1 491
2 210
1 82
1 693
2 416
2 258
1 814
1 684
2 628
2 340
1 223
2 3
1 1014
2 256
1 73
2 357
1 943
2 652
2 1049
1 198
1 685
2 239
2 914
2 408
2 152
2 348
2 881
2 361
2 353
1 835
2 86
1 758
1 612
1 535
1 68
1 847
1 943
2 288
2 716
2 837
1 174
2 242
2 268
2 129
2 1014
1 59
1 495
2 924
1 363
1 143
1 808
1 284
1 521
2 261
2 372
2 910
1 488
2 338
2 882
2 818
2 64
1 158
1 38
1 703
1 105
2 560
2 126
2 555
2 805
2 841
1 692
2 399
2 765
2 720
1 524
2 214
2 308
2 147
1 335
2 583
1 591
1 340
1 702
2 130
2 660
2 1025
1 1013
1 94
2 538
1 172
2 997
2 512
2 184
2 574
1 678
1 112
2 7
2 243
1 616
2 804
1 485
2 387
1 1006
1 492
2 307
1 397
1 375
2 200
1 711
1 411
2 309
2 363
1 263
1 350
1 323
1 812
1 844
2 118
2 733
1 630
1 523
1 331
2 1010
1 184
2 898
1 365
1 361
2 530
1 20
1 1024
1 519
2 865
1 412
1 448
1 269
2 92
2 835
2 745
2 579
2 582
2 912
2 800
2 149
1 853
1 891
2 325
1 168
2 896
2 294
2 1021
1 375
1 706
2 848
2 919
1 229
2 829
1 1003
1 644
2 143
1 859
2 863
1 868
2 438
2 180
1 103
1 545
1 32
1 719
2 445
2 285
1 453
2 21
1 353
2 534
1 949
1 1033
1 1031
2 748
1 422
1 250
2 207
2 779
2 649
1 484
1 532
1 205
1 326
2 244
1 551
1 916
2 1019
1 625
2 379
1 586
2 984
1 627
1 472
2 256
1 370
2 199
1 511
2 934
1 27
2 692
1 1047
1 429
1 181
2 741
1 855
1 671
2 608
2 415
2 985
1 954
2 742
1 437
1 47
1 705
1 376
1 508
2 881
2 822
1 186
2 469
2 922
1 150
1 897
1 854
1 542
2 193
1 820
2 352
1 232
1 47
1 83
1 198
1 955
2 607
2 367
2 899
2 667
1 358
1 796
2 281
2 924
2 813
1 686
1 383
2 862
1 113
2 589
2 98
2 246
1 966
1 1001
2 804
2 16
1 308
1 831
2 434
2 789
2 973
2 186
2 37
1 780
2 424
1 677
1 292
1 102
2 70
1 572
2 652
1 65
1 28
2 262
2 768
1 273
1 548
1 327
2 313
2 983
1 403
1 226
2 809
1 975
1 489
2 403
1 742
1 862
2 871
1 939
1 977
2 710
2 53
1 892
1 743
1 578
2 717
1 937
2 851
1 252
2 839
1 288
2 513
2 829
2 643
1 550
1 475
2 146
2 108
1 666
1 267
1 267
1 51
1 58
1 76
2 697
2 146
1 929
2 204
2 11
1 869
1 606
2 279
1 529
2 663
1 301
2 1009
1 730
1 832
1 398
2 974
2 446
2 402
2 744
1 726
2 852
1 157
2 947
1 172
1 144
2 905
1 209
2 324
1 241
2 688
1 870
2 302
1 322
2 831
1 613
1 91
1 325
1 761
1 959
2 819
2 284
1 33
1 122
2 14
1 707
2 587
1 600
1 733
2 865
2 95
2 803
2 179
2 799
2 630
1 596
2 689
1 202
2 344
2 699
2 903
1 858
1 885
1 994
2 981
2 1000
1 238
2 660
1 828
2 1
2 473
1 484
1 54
2 183
1 972
2 856
1 927
1 426
1 409
2 1039
2 1019
2 119
2 224
1 514
2 675
2 87
2 978
1 1030
2 730
1 533
2 217
1 953
1 8
2 651
1 503
1 1033
2 514
2 542
2 63
2 449
2 9
1 395
2 406
2 74
2 407
1 531
2 965
1 22
2 189
1 979
1 466
1 495
1 52
1 431
2 182
2 474
2 261
1 439
2 695
1 807
2 613
2 610
1 863
2 598
1 724
1 301
2 400
1 948
1 985
1 63
1 177
1 522
2 286
2 470
2 539
2 552
1 44
1 679
2 709
1 1026
2 426
1 665
1 528
2 712
2 622
1 40
1 655
1 770
1 765
2 747
1 922
1 560
2 672
2 517
2 113
2 122
2 535
1 594
2 450
2 252
2 1044
1 790
1 993
1 498
2 1005
2 632
2 839
2 299
2 262
2 406
1 431
2 444
2 499
1 938
2 791
1 346
1 969
2 950
1 516
2 188
1 163
1 355
2 259
2 891
1 159
1 276
2 967
2 191
2 221
1 420
2 43
2 436
1 559
1 872
1 116
2 914
1 321
1 504
1 380
2 1003
2 912
2 15
2 2
2 520
1 253
1 841
1 149
1 359
2 67
1 642
2 782
2 941
2 735
1 442
1 32
1 639
2 567
2 315
1 1009
1 40
