2100 5500
2 292
2 337
2 589
1 851
2 925
2 225
2 790
1 416
1 135
1 298
1 350
1 611
1 981
1 687
1 181
1 997
1 810
2 878
1 254
2 1030
2 182
1 834
2 699
1 680
1 640
1 30
2 512
1 523
2 370
2 819
1 977
2 654
2 201
2 731
2 256
2 8
1 1013
1 810
2 120
2 591
1 430
1 243
1 908
1 780
1 301
1 747
1 333
2 564
1 303
2 816
2 389
2 872
1 129
1 893
1 963
1 471
2 96
2 773
1 1046
1 147
1 303
1 266
1 855
2 128
2 898
1 605
1 436
2 867
1 74
1 237
1 21
1 79
1 524
2 320
2 791
2 188
1 597
2 995
2 622
2 967
1 1044
1 24
1 990
1 849
1 250
1 430
1 631
1 82
2 830
1 157
1 612
2 231
2 474
2 789
2 1012
2 373
2 508
2 859
1 986
1 903
2 973
2 221
1 394
2 306
1 595
1 127
1 175
1 490
1 322
2 1048
2 821
1 489
1 15
1 964
1 740
1 143
2 594
1 1033
1 305
1 1034
1 684
1 666
2 968
2 625
1 541
2 619
2 546
1 914
2 528
1 718
2 526
2 200
1 109
2 621
2 984
1 520
2 37
2 450
1 458
1 251
2 637
1 315
2 755
1 124
1 255
2 428
1 129
1 695
1 776
2 639
2 16
1 705
1 274
1 805
1 501
1 171
2 249
1 203
2 565
1 542
1 1047
2 393
2 733
1 299
1 725
1 933
1 899
2 888
1 27
1 206
2 275
1 35
2 377
1 787
2 447
2 823
1 600
2 169
1 931
2 952
2 652
2 217
2 515
2 882
2 520
2 449
2 159
1 397
2 1008
1 43
1 349
2 561
2 686
2 802
1 242
1 169
1 909
1 837
2 2
2 353
2 374
2 436
2 325
2 969
2 178
2 246
1 58
2 208
2 286
2 106
1 469
1 1006
2 80
2 783
1 655
1 271
1 489
1 432
2 584
2 639
1 779
2 232
2 892
1 209
1 49
2 828
2 342
1 113
1 263
1 114
2 287
2 517
1 842
1 744
2 923
1 48
1 41
1 236
1 193
2 617
1 870
1 191
2 140
1 84
1 768
2 186
1 12
2 839
1 206
1 915
2 420
2 589
1 250
2 315
1 132
1 767
2 6
1 420
2 295
2 632
1 274
2 734
2 519
2 233
2 938
2 465
1 597
2 1023
2 1009
2 1042
2 934
1 730
1 126
1 307
2 796
2 339
2 919
1 547
2 967
1 195
2 500
1 492
1 481
1 124
1 660
1 136
2 860
2 698
1 535
2 155
1 978
1 560
2 163
1 392
1 836
2 709
1 795
1 93
1 1049
2 366
2 873
1 755
1 986
2 252
2 708
1 412
2 93
2 309
2 778
2 782
2 241
1 137
2 72
1 744
2 71
2 44
2 150
2 725
2 164
2 117
1 680
2 443
2 982
1 676
1 803
1 512
1 59
1 848
2 306
1 651
1 938
2 637
1 149
2 584
1 486
2 310
1 530
1 779
1 67
2 77
1 507
1 240
2 383
2 138
1 393
2 653
1 989
1 813
2 944
2 263
2 896
2 269
2 89
2 260
2 236
1 423
1 230
2 278
1 898
1 754
1 993
2 331
1 187
2 335
1 54
2 1007
1 325
1 856
1 976
2 508
2 899
1 265
1 701
1 435
2 739
1 65
1 276
1 828
1 996
1 638
2 591
1 1029
2 552
2 382
1 588
2 257
1 655
2 183
1 669
2 980
1 696
1 168
2 398
1 345
1 51
1 330
2 846
2 754
2 975
1 5
2 497
1 485
1 618
2 138
1 52
2 288
2 675
1 719
1 336
1 533
2 201
1 844
1 11
2 1002
1 853
2 759
2 806
2 685
2 76
2 121
1 914
1 228
2 741
1 332
2 852
2 33
1 405
2 343
1 304
2 859
1 411
2 887
2 464
2 527
2 387
1 422
2 838
1 900
2 461
1 446
2 326
2 723
2 495
2 617
1 418
1 573
1 328
2 313
1 567
1 310
1 840
1 465
1 756
2 1044
2 13
1 690
1 172
1 750
1 605
2 282
2 956
2 457
1 562
2 514
1 719
1 658
1 394
1 1004
2 54
1 871
1 379
2 338
1 477
1 225
2 334
1 852
1 81
1 929
1 717
2 793
2 42
2 381
1 152
2 516
2 175
2 78
2 870
2 661
2 131
2 877
2 166
1 937
1 546
2 364
1 559
1 199
1 97
1 4
2 760
2 781
1 472
1 511
2 42
2 998
1 12
1 579
2 1004
1 91
2 417
1 3
2 997
1 470
1 606
1 758
1 526
2 41
2 179
2 982
2 665
2 794
2 812
1 581
1 681
2 381
1 159
1 912
2 633
2 811
1 140
2 911
2 447
1 463
1 425
2 974
1 333
2 158
1 367
1 479
2 709
2 790
2 68
1 418
2 351
2 190
1 989
1 588
2 212
2 1033
2 821
2 550
1 466
1 883
1 20
1 163
2 453
2 184
1 264
2 392
2 626
1 119
2 910
2 2
1 379
1 638
2 807
1 69
2 1022
1 533
1 180
2 321
2 913
2 409
1 823
1 722
1 26
2 434
1 987
1 480
2 615
2 319
1 44
1 102
1 204
1 694
2 18
2 399
1 198
1 108
2 791
1 924
2 742
1 462
1 336
1 290
2 371
1 1007
1 574
2 391
1 1040
2 1025
2 424
1 601
1 735
2 83
2 482
1 946
2 343
1 656
2 876
1 867
2 676
2 891
2 229
2 980
2 548
2 122
1 770
2 1014
1 596
1 735
2 371
1 623
1 593
2 834
1 404
1 942
1 356
2 241
1 69
1 793
2 160
1 174
1 863
2 414
1 425
1 365
1 787
2 60
2 441
1 953
2 939
2 882
2 635
2 416
1 551
2 115
2 347
1 1021
2 851
1 350
2 454
1 34
1 1019
2 83
2 566
2 764
1 560
1 73
1 1022
1 196
2 155
1 657
1 672
2 476
1 347
2 862
1 895
2 577
2 1030
1 384
2 800
2 224
1 74
1 574
1 462
1 1005
1 1003
1 224
1 257
1 216
2 799
2 368
1 167
1 874
1 21
2 623
1 126
1 91
1 219
1 395
1 745
1 518
2 553
1 824
1 699
2 804
1 349
2 1027
2 146
2 448
2 961
2 671
1 792
1 815
1 68
2 509
1 380
2 427
1 539
1 1029
2 329
2 327
1 115
2 354
2 180
2 176
1 293
1 88
2 896
2 561
2 872
1 162
2 366
2 590
1 797
2 424
2 940
2 693
1 972
1 298
1 242
1 142
1 376
1 780
1 900
2 1050
1 202
2 261
2 283
2 921
2 515
2 660
2 948
1 548
2 636
2 226
2 678
2 704
1 192
2 352
1 816
1 614
1 359
2 499
2 752
2 10
1 334
2 677
1 965
2 17
1 281
2 740
2 346
1 90
1 345
2 220
1 1050
1 907
1 132
1 70
2 925
2 868
1 960
1 48
1 1010
1 284
1 3
2 797
1 587
2 587
1 232
2 544
2 647
2 822
1 895
1 558
1 98
2 133
2 713
1 421
1 388
2 80
2 783
2 358
2 222
1 31
1 110
1 917
1 477
1 314
1 463
2 283
2 557
2 1032
1 1038
1 627
2 387
2 671
2 888
2 670
1 1043
2 998
1 483
2 971
1 291
2 733
1 933
2 271
1 795
1 881
2 439
2 1024
2 959
2 488
2 949
2 86
1 571
2 857
2 939
2 103
2 603
1 1011
1 233
1 161
1 761
1 346
1 210
1 592
1 732
2 713
2 990
1 99
2 409
1 701
1 838
2 65
2 467
2 20
1 683
2 413
2 540
1 373
1 781
1 513
2 962
1 1024
2 771
1 741
2 1036
1 706
2 504
2 731
1 318
2 203
2 112
2 603
2 348
1 552
1 104
2 668
2 1008
2 682
1 297
2 79
1 351
2 856
2 688
1 674
2 743
1 265
2 64
1 50
2 599
1 148
2 602
2 786
2 63
1 825
2 289
1 482
1 365
1 335
1 51
1 312
1 484
1 1012
1 396
2 55
2 95
1 400
1 915
2 707
2 52
2 168
1 285
2 814
2 268
2 812
2 205
1 653
1 62
2 1028
2 26
1 829
1 677
1 887
2 690
2 712
1 557
2 280
2 317
2 182
2 729
1 917
2 729
2 116
1 987
1 943
1 404
1 112
1 1019
1 170
2 255
2 529
1 100
2 125
1 1001
2 24
2 650
1 757
2 55
2 583
2 188
1 1001
2 860
1 648
1 578
2 753
1 403
2 151
2 445
1 214
2 661
1 71
2 444
1 327
1 881
1 957
1 493
2 957
1 1028
1 531
1 95
1 650
2 332
2 689
1 576
1 433
2 221
1 330
2 408
2 397
1 339
1 820
1 878
1 963
1 931
2 431
1 566
1 836
1 302
1 703
2 1037
1 1035
1 453
2 172
1 785
1 355
1 488
1 784
2 746
1 386
2 665
1 240
1 385
1 305
2 678
1 748
2 710
2 510
1 642
1 187
1 919
1 542
2 944
2 630
2 338
1 238
1 930
1 702
1 390
1 85
1 165
2 629
1 903
2 695
1 308
1 573
2 262
2 777
1 537
2 272
1 344
1 607
2 698
1 765
2 728
2 278
1 340
2 775
1 1027
2 218
1 451
2 641
1 380
1 1041
2 712
2 455
1 538
2 543
2 70
2 604
2 134
2 151
2 632
1 160
1 1037
2 672
2 154
1 415
1 693
2 736
2 621
2 922
1 644
2 10
1 721
2 432
1 56
1 964
2 294
2 134
1 39
2 841
2 118
2 267
1 871
1 948
1 259
2 620
1 475
2 8
1 66
1 865
1 279
2 691
1 716
2 979
1 487
1 459
1 528
1 955
1 766
2 337
2 211
1 173
2 144
2 53
1 483
2 113
1 45
2 94
1 654
1 154
2 908
2 833
2 606
2 259
1 747
1 849
1 11
1 444
1 830
2 592
1 958
2 947
1 920
1 148
1 173
2 751
2 171
2 412
2 205
2 959
2 841
1 197
1 981
2 406
1 846
2 17
2 35
1 912
1 890
2 885
2 995
1 9
1 858
2 285
1 869
1 362
1 495
1 473
1 18
2 651
2 988
2 768
1 929
1 61
2 266
1 772
1 667
2 1032
2 158
2 34
1 50
2 429
2 503
2 950
2 96
1 470
2 947
1 724
2 300
2 341
1 555
1 1039
2 868
2 331
1 496
1 57
2 411
2 190
2 64
2 28
1 646
1 743
2 431
2 391
2 84
1 63
1 551
2 296
2 361
2 184
1 819
2 388
1 1023
1 29
1 935
2 502
1 352
1 67
2 958
1 299
2 277
1 101
2 301
1 892
2 401
1 407
1 150
2 738
2 774
1 765
2 251
2 323
1 657
1 86
1 835
1 314
2 889
1 527
1 87
2 429
2 438
1 737
1 992
1 320
2 994
2 103
1 496
2 604
1 246
1 139
2 643
2 885
2 534
1 272
1 107
2 66
2 923
1 214
2 886
1 474
1 410
1 478
1 772
2 367
1 763
2 498
1 9
2 226
2 708
1 179
2 750
1 1025
1 340
2 61
1 247
2 798
1 525
2 202
2 90
2 49
1 664
2 1015
1 1045
2 656
2 580
1 544
2 14
1 89
2 194
1 58
2 879
1 825
2 554
2 186
2 641
1 253
1 153
1 962
1 107
2 951
1 75
1 879
2 244
2 684
2 292
1 607
2 276
2 452
2 191
2 531
1 866
1 969
2 43
2 602
1 356
2 945
2 123
2 502
1 460
2 970
1 121
2 415
1 920
2 165
1 22
1 976
2 268
2 577
2 582
2 192
2 999
1 491
1 805
1 319
1 212
1 116
2 950
1 22
1 668
2 114
1 1045
2 707
1 38
2 383
2 200
1 886
2 1000
2 804
2 762
1 490
2 979
2 328
1 715
2 663
1 785
1 798
2 865
1 466
2 700
1 580
2 1
1 269
1 877
2 904
2 928
2 452
2 1010
1 445
1 120
2 19
2 1011
2 643
1 586
1 736
1 631
2 866
2 864
2 223
2 222
1 189
2 624
2 254
2 554
2 498
1 673
2 382
2 208
1 711
2 824
1 440
1 434
2 442
1 831
2 932
2 815
2 501
2 1039
1 100
2 177
1 213
1 703
1 363
2 726
2 475
1 37
2 402
1 679
2 317
2 993
2 400
2 549
2 972
1 239
1 410
2 372
1 897
1 1046
2 766
2 909
1 523
2 659
1 249
2 280
2 685
2 237
2 873
1 267
1 513
1 1016
1 244
2 730
1 406
2 1000
1 880
1 40
1 457
1 441
1 1018
2 536
2 863
1 72
1 450
1 23
1 629
2 25
2 858
2 901
1 174
1 937
1 1038
2 745
1 847
2 53
1 1040
1 563
1 467
2 924
2 831
1 598
1 313
1 927
1 234
1 596
2 694
2 514
2 294
2 971
2 593
2 884
1 934
2 422
1 472
1 355
1 576
1 245
2 484
1 932
2 820
1 286
1 476
1 102
1 413
2 145
2 809
1 1014
1 951
2 28
2 516
2 399
2 234
1 125
1 1017
2 36
2 1034
2 36
1 575
1 146
2 216
2 826
1 407
1 835
2 904
2 762
1 194
2 760
1 758
1 692
2 130
2 162
2 609
1 907
2 800
1 14
1 360
1 13
2 724
1 105
1 775
2 636
2 170
1 728
1 164
2 582
1 29
2 883
2 1017
1 985
2 555
1 473
2 645
2 1006
1 1020
2 562
1 119
1 910
2 753
1 289
1 398
2 417
2 401
1 307
1 478
2 522
2 127
1 827
1 857
2 1041
2 808
2 77
2 85
1 876
2 599
1 960
2 598
1 497
2 633
1 659
2 569
1 81
1 845
1 918
1 111
2 697
1 480
2 273
2 716
2 395
2 363
2 223
2 777
1 471
2 822
2 751
2 529
2 634
2 535
1 662
2 616
1 966
1 970
2 563
2 537
1 802
2 640
1 384
2 769
1 547
1 726
2 646
1 46
2 369
1 801
2 942
1 926
1 619
2 57
2 220
2 543
2 141
2 82
1 901
2 706
1 875
1 890
1 553
2 176
1 94
1 752
2 579
1 568
2 459
1 312
1 59
2 6
1 965
2 675
2 300
2 774
2 966
1 23
1 874
1 147
1 213
1 610
1 853
2 788
1 916
2 438
2 321
2 290
2 572
1 270
1 936
1 518
2 721
1 759
2 323
2 189
2 461
1 1003
1 442
2 977
2 291
2 316
1 757
1 906
1 448
2 832
1 46
2 807
1 556
2 732
1 5
2 600
1 682
1 612
2 748
2 663
1 818
2 492
2 817
1 329
1 378
1 794
1 293
1 585
1 649
2 569
2 227
2 369
2 996
1 7
1 570
1 833
2 215
1 628
2 56
1 843
1 248
1 505
2 590
1 32
1 928
1 842
2 700
1 545
2 771
2 105
1 634
2 720
2 354
1 209
2 92
1 796
1 316
2 92
1 609
1 25
2 136
1 1036
2 945
1 625
1 359
1 98
1 1016
2 275
1 521
2 681
1 118
2 437
1 377
1 652
1 746
1 545
1 985
1 941
2 506
2 389
2 792
2 177
2 344
2 737
1 808
1 811
2 311
1 869
2 884
1 894
1 414
1 850
2 509
2 674
1 742
1 261
1 991
1 252
1 258
1 850
1 469
2 362
1 264
2 464
1 734
1 525
2 1026
2 854
1 1031
1 491
2 902
1 1005
1 549
1 133
1 839
2 262
1 1026
2 968
1 78
1 427
1 905
2 1049
2 683
1 408
2 861
2 616
2 7
2 341
2 586
2 827
2 532
2 801
1 207
2 927
1 648
1 443
1 101
2 219
1 550
1 983
1 109
1 826
2 279
2 538
1 776
1 243
1 38
2 156
1 697
2 738
1 644
1 564
2 296
1 435
1 248
1 583
1 718
2 875
2 723
2 493
1 198
2 88
2 714
2 540
1 642
1 1002
2 803
2 295
2 253
2 658
2 204
2 62
1 31
2 782
1 585
1 311
1 784
2 930
1 479
1 1018
2 645
1 954
1 635
2 862
2 789
2 433
2 135
2 702
1 199
1 618
1 273
2 428
1 228
2 239
2 891
1 988
1 302
2 817
2 521
2 861
2 829
1 376
2 510
1 353
1 304
1 536
1 215
2 1048
2 949
2 610
1 1013
1 217
1 611
2 1031
1 494
2 111
1 47
2 375
1 756
1 131
1 503
2 845
1 281
1 975
2 282
2 897
2 454
2 946
2 32
1 1015
1 4
2 500
1 565
1 210
2 539
2 666
1 60
1 460
1 522
2 595
2 504
1 714
2 686
1 485
2 893
1 288
2 468
1 270
2 97
1 130
1 571
2 578
1 167
2 110
1 670
1 517
1 149
1 19
1 647
1 348
1 326
2 799
1 936
2 558
1 770
2 843
2 245
2 370
2 247
2 386
1 627
2 227
2 505
1 403
2 229
2 284
2 761
1 935
2 773
1 594
1 142
1 76
2 854
2 145
2 451
2 361
1 108
2 426
2 439
1 1042
1 73
2 581
1 1020
1 534
2 487
2 613
1 767
1 763
2 626
1 696
2 844
1 689
1 256
1 15
2 769
1 423
2 921
1 614
2 230
1 1043
2 669
2 973
2 258
1 814
2 458
1 954
1 624
1 468
2 705
2 673
2 360
2 978
1 507
1 139
1 572
1 185
1 994
1 688
2 806
2 30
2 218
2 47
2 715
2 378
2 357
2 185
2 889
1 157
2 511
2 704
2 196
2 27
1 722
2 235
2 608
1 524
2 855
2 649
1 905
1 837
2 143
1 679
2 922
1 231
2 45
1 419
2 749
1 622
2 181
1 117
2 720
2 486
1 297
2 556
2 40
2 446
1 818
1 943
1 106
2 1021
2 832
2 601
1 39
1 691
2 309
2 620
1 144
2 123
1 260
2 364
1 541
1 161
2 235
2 122
1 178
2 961
2 916
1 153
2 481
2 613
2 426
2 956
1 902
1 667
1 764
2 402
1 494
2 141
2 530
2 568
2 813
2 567
2 322
2 687
2 455
1 374
2 662
2 717
1 918
1 405
2 940
2 104
1 692
2 788
2 1047
1 87
1 727
1 847
1 156
2 456
1 358
2 440
1 506
1 207
1 308
2 608
1 99
1 711
1 984
1 324
1 999
1 16
2 991
2 778
2 840
2 559
2 456
2 941
2 710
2 749
1 183
2 128
1 1009
2 809
1 419
1 372
2 437
2 318
2 848
1 880
1 974
2 195
2 727
1 913
1 137
2 152
1 786
2 197
2 992
2 1035
2 421
1 396
1 926
1 238
2 375
1 33
1 894
1 864
1 955
1 519
1 532
1 615
2 1
2 193
2 342
2 390
1 287
1 449
1 357
2 166
2 499
2 983
1 630
1 906
2 911
2 952
2 953
2 277
2 211
1 575
1 385
1 324
1 739
2 628
1 368
1 570
2 75
1 664
