2600 1500
2 392
1 1198
1 685
2 489
1 37
1 100
2 155
2 723
1 370
1 196
2 1213
1 1169
1 1117
1 83
2 393
1 133
2 580
1 1083
2 1278
1 1199
1 823
2 462
2 267
2 809
1 651
1 1246
1 409
2 1276
2 1274
2 690
2 143
1 15
1 599
1 1159
1 944
2 932
1 14
1 270
2 506
1 1157
2 888
1 24
2 66
1 1123
2 889
1 1256
1 739
2 292
2 635
1 856
1 1276
1 406
2 835
2 76
2 1060
1 752
1 253
1 1017
1 486
1 744
2 8
2 530
1 948
1 10
2 920
2 939
2 845
2 936
2 399
1 33
1 1112
1 52
1 704
2 761
1 1090
1 497
1 611
1 7
1 97
2 574
2 1033
1 312
2 536
1 565
1 366
2 248
2 438
2 1029
2 281
2 331
2 670
1 405
2 571
2 435
1 1275
1 923
1 642
2 732
1 1096
2 708
1 295
2 324
1 223
2 79
1 571
2 502
2 1056
2 1133
1 1278
2 869
1 1273
2 827
2 299
2 483
2 477
1 199
1 931
1 1152
1 601
1 527
1 38
2 1183
1 1288
2 280
1 293
1 360
1 1172
2 1040
2 166
1 611
1 661
1 110
2 749
1 565
2 1090
1 200
1 660
2 877
2 760
1 636
2 353
1 561
2 1040
1 1053
1 881
2 195
1 999
1 86
1 189
1 989
2 193
2 1178
2 639
2 1016
2 309
2 665
2 874
2 986
1 1061
1 697
2 528
1 95
2 687
1 134
2 1173
2 403
2 1054
1 162
2 1156
1 961
1 165
2 681
2 299
1 200
2 253
2 183
1 992
2 284
2 370
1 392
2 978
2 505
2 48
2 874
1 118
1 593
2 997
2 268
2 179
1 166
1 666
2 318
2 563
2 1089
2 81
2 1115
2 10
1 964
1 1018
2 678
2 1259
2 314
2 914
2 862
2 531
2 1231
2 955
1 132
2 1039
1 394
1 767
1 1242
1 699
1 444
2 287
1 550
2 801
2 570
2 291
2 19
1 478
1 191
2 135
1 987
2 1184
2 523
1 337
1 831
2 1292
2 535
2 567
2 774
2 875
1 397
1 562
1 852
1 1196
2 1216
2 1130
2 307
1 1179
1 891
2 39
1 181
1 701
2 455
2 680
1 246
1 1296
1 328
1 1109
2 891
2 876
2 1013
2 633
1 999
2 174
1 56
2 859
2 288
2 323
1 981
2 985
1 540
1 341
2 735
1 714
1 901
1 274
2 1064
1 275
2 74
2 346
2 898
1 1103
1 495
2 254
1 256
1 1066
2 1048
1 160
2 1055
1 119
2 1082
1 503
2 1249
2 428
1 681
2 489
1 1293
1 1225
2 33
1 419
2 492
2 1189
1 372
2 437
2 1086
2 857
2 224
2 490
2 442
1 876
2 308
2 757
2 1189
1 1187
1 155
2 937
2 1070
2 806
2 431
2 145
1 120
2 654
2 334
2 730
2 1298
2 358
1 350
2 266
2 1162
2 1226
1 802
1 263
2 938
2 917
2 838
1 524
2 945
1 1294
1 139
2 458
2 261
2 1012
1 306
1 1022
1 777
1 167
2 753
2 598
1 31
2 1220
2 449
1 548
1 624
1 67
2 1233
2 45
2 421
2 1164
1 1235
1 696
1 131
2 1207
2 865
1 474
1 501
1 218
1 836
2 377
1 115
2 1287
1 1229
1 410
2 114
1 405
1 1206
1 972
2 710
1 733
1 151
2 581
1 987
2 243
2 591
2 1071
1 456
2 737
1 1052
2 1011
2 519
1 690
1 411
1 1108
1 954
2 668
2 283
1 231
2 333
2 320
1 812
2 359
2 887
2 1286
2 588
2 688
2 684
2 50
1 487
2 667
2 790
2 915
2 1116
1 995
1 346
1 567
2 72
1 449
1 1215
1 57
2 364
1 141
2 84
2 1122
2 729
2 127
2 988
2 745
2 1008
1 591
2 129
1 925
2 203
2 1174
1 157
2 1248
2 608
1 793
1 138
2 1080
2 316
1 14
1 298
2 997
1 1000
2 339
1 120
1 976
2 535
1 663
1 5
1 9
2 477
2 1076
1 40
1 595
2 751
1 570
2 210
1 913
2 750
2 457
1 476
1 198
2 970
2 505
2 462
2 817
1 128
2 1079
2 542
1 35
1 904
2 770
1 1107
2 1049
1 134
2 239
2 1257
1 41
2 16
1 975
1 1074
2 1058
1 232
1 646
1 1151
1 348
2 496
2 167
1 169
2 246
2 469
2 543
2 303
1 18
2 731
2 978
2 755
1 22
1 496
1 920
2 62
2 630
2 850
1 576
2 1151
2 940
1 1200
2 53
2 396
2 927
1 413
1 557
1 140
2 1126
1 26
1 795
1 820
1 679
1 993
2 514
1 109
1 6
2 1031
2 103
1 1101
2 229
1 1102
2 717
1 347
1 787
1 422
2 1264
1 789
2 492
1 800
1 918
2 55
1 403
1 634
1 536
1 1175
2 861
1 1100
1 600
1 34
1 656
2 1287
1 1095
1 24
2 1182
1 712
1 549
2 31
2 1241
1 292
2 117
1 649
2 771
2 245
1 1105
1 450
2 275
2 472
1 259
2 982
2 965
2 294
2 1039
1 653
1 116
1 1146
2 408
1 761
1 785
1 912
2 239
2 884
1 919
2 1111
1 613
1 215
1 807
2 1187
2 798
1 289
1 680
2 69
1 76
1 349
2 247
2 566
1 375
1 448
2 965
2 43
2 522
2 616
1 756
2 484
1 282
2 1037
1 98
2 1113
2 113
1 204
2 895
2 168
2 941
1 1148
1 261
2 572
2 844
2 1192
2 1149
1 626
1 1083
1 928
2 921
1 1217
1 1137
1 1023
1 718
1 969
2 461
2 1045
2 78
2 800
1 673
1 481
1 381
1 1167
2 826
2 87
2 634
1 1019
1 1002
1 447
2 504
1 82
1 211
1 108
2 628
2 828
1 991
1 944
2 1282
1 785
2 560
2 438
2 642
2 1235
1 818
1 781
1 175
1 386
2 1249
2 814
2 322
2 838
2 1078
1 402
1 640
1 615
1 173
1 852
2 142
1 647
2 677
1 431
1 568
2 1185
1 187
1 994
2 1100
2 61
2 58
1 873
1 695
1 456
1 970
2 880
1 1092
2 990
2 1260
1 513
2 325
2 1244
2 70
2 378
1 703
1 347
1 208
1 711
1 1125
2 1069
1 1294
1 1270
2 743
1 224
1 516
1 79
1 510
1 918
1 657
1 525
2 1165
2 43
1 1109
2 980
1 104
1 816
1 765
2 813
2 1296
1 672
2 1006
2 837
2 992
2 408
2 1110
2 592
1 694
1 430
1 409
1 729
1 984
2 947
2 306
2 854
2 842
2 954
2 650
1 976
1 1009
2 1139
1 1163
1 1065
1 696
1 758
2 186
2 923
1 423
1 1232
1 1063
2 815
1 1202
1 860
1 537
1 1230
1 670
1 20
1 1062
1 854
1 870
2 1275
1 1253
1 1075
2 82
1 908
2 254
1 29
1 465
1 538
2 937
2 691
1 285
1 1087
1 637
2 792
2 57
2 153
2 578
1 714
1 1277
2 596
1 786
1 537
1 363
1 1161
1 1014
1 727
2 480
2 763
1 857
2 480
1 552
2 1124
2 532
2 751
2 555
1 402
2 1044
2 1164
2 67
2 890
1 217
1 550
2 192
1 92
2 342
2 8
2 675
2 248
2 1261
2 1050
2 592
2 1193
2 963
1 149
1 692
2 1046
2 543
2 494
2 264
2 698
1 631
2 1261
1 112
1 1239
1 803
1 1088
2 1031
2 1211
1 236
2 22
1 677
2 1135
1 1067
1 1283
2 773
1 762
1 805
1 327
1 1178
1 547
2 738
2 818
2 911
2 620
1 758
2 972
2 231
2 235
2 354
2 1152
1 635
2 1181
2 132
1 1252
1 754
1 521
2 419
1 220
2 824
1 170
2 113
1 485
2 1093
1 960
1 928
1 209
2 330
1 110
2 529
2 210
1 412
1 1182
1 772
2 648
2 586
1 84
2 147
1 598
2 1213
2 1092
1 88
2 237
1 427
1 610
1 310
1 776
1 125
2 955
1 551
2 967
1 905
2 208
1 190
1 87
1 933
1 996
1 522
1 704
1 1114
2 815
2 362
1 772
2 661
1 225
2 996
1 616
2 595
2 1228
1 892
1 673
2 903
1 554
1 864
1 582
2 1003
2 1197
1 894
1 515
1 621
1 792
1 741
2 693
1 946
2 1057
2 596
1 814
1 296
1 746
2 180
2 274
2 1154
1 883
1 577
2 130
2 1059
1 623
2 804
1 669
2 352
1 917
1 991
1 930
2 1098
1 81
2 1034
2 735
2 338
1 1049
1 1084
2 271
2 100
1 4
2 520
1 30
1 286
2 470
1 855
1 244
1 112
1 619
2 764
1 953
2 957
2 612
2 1195
1 20
1 617
1 202
2 880
1 1104
2 111
2 386
1 1081
1 331
1 640
2 258
1 1265
2 96
2 71
1 272
1 23
2 412
1 1095
1 268
1 395
1 865
1 1245
1 590
2 1284
2 151
1 856
2 686
2 1013
1 896
2 1052
2 1144
1 1208
1 983
2 1165
2 1148
1 743
2 831
2 194
2 975
1 916
1 821
1 783
2 65
1 454
1 585
1 1210
1 934
2 643
1 356
1 1223
2 886
2 780
2 400
1 201
2 566
2 387
2 569
2 1132
1 1093
1 1243
1 1289
1 906
2 864
1 1103
2 366
1 1191
1 445
2 349
2 609
2 773
2 464
1 272
1 687
2 1257
1 309
1 429
2 726
2 173
1 491
1 705
1 188
2 258
2 29
1 91
1 241
1 867
2 1271
1 581
1 384
1 825
1 1020
1 1042
1 1141
1 1099
1 473
2 1128
2 1116
1 606
2 1205
1 882
2 582
2 512
1 734
1 791
2 1259
1 32
2 351
1 1250
1 666
1 1247
2 255
2 1053
2 557
1 484
2 357
2 180
2 1236
1 1214
2 711
2 1081
1 1176
1 203
2 106
1 1136
1 971
2 526
2 473
2 49
2 352
2 145
1 312
2 1195
2 512
1 126
1 251
1 54
2 1222
1 568
2 170
1 682
1 206
2 885
2 556
1 995
1 658
2 762
2 90
1 524
1 219
2 968
2 478
2 240
1 559
2 1018
1 689
1 929
1 216
2 911
2 531
2 1203
1 832
2 1210
2 72
2 969
1 1206
1 739
2 341
1 1007
2 1234
1 776
1 228
1 929
2 1111
1 184
2 883
1 400
2 205
1 866
2 617
2 715
1 1009
2 493
2 75
2 1153
2 335
2 900
2 455
2 540
1 470
1 872
1 1032
1 1137
1 548
1 178
2 219
1 499
2 1
1 1286
2 1291
2 870
1 797
2 825
1 483
2 511
1 129
1 926
2 589
1 348
2 1140
2 686
1 706
1 107
2 1144
2 833
2 1197
1 674
2 359
2 1264
1 230
1 1254
2 625
1 539
1 85
1 390
2 250
2 607
1 427
1 1269
1 794
2 826
2 401
2 1153
2 488
2 998
2 453
1 414
2 879
2 333
2 391
1 702
2 648
1 344
2 446
2 428
2 1060
1 956
2 553
1 257
1 176
2 488
2 881
1 1212
1 186
1 374
2 182
2 251
1 421
2 1032
1 1030
1 498
2 367
1 576
1 11
1 1094
1 45
2 98
2 605
1 4
1 1079
2 175
2 730
1 841
1 509
1 471
1 594
2 1200
2 1162
2 1156
1 225
2 1001
2 1142
2 873
2 148
2 1166
1 1000
2 267
1 156
1 313
1 368
1 848
2 1224
2 724
2 289
1 61
2 784
2 284
1 212
1 750
2 192
1 1140
2 163
1 541
2 886
1 443
2 1289
2 671
1 1163
1 807
1 812
1 1027
2 702
2 3
1 1059
2 545
1 678
2 684
1 2
1 252
2 632
2 302
2 720
2 657
1 1068
1 442
2 240
1 836
2 1131
2 1191
1 487
2 1221
1 119
1 1233
1 1010
1 957
1 212
1 806
1 59
1 1150
2 645
1 738
1 1226
2 725
1 238
2 564
2 1271
1 417
2 1143
1 700
1 443
1 36
2 914
1 517
1 163
1 154
1 142
2 1265
2 1114
1 689
2 1238
1 1027
1 723
1 895
1 533
2 841
2 816
2 559
2 1145
2 1190
1 589
1 1117
1 158
2 1041
1 534
1 158
1 577
1 717
2 569
1 424
1 77
2 1106
1 440
1 655
1 1160
2 947
2 518
1 604
2 445
2 1299
1 787
2 950
2 951
1 471
2 131
1 227
2 182
2 797
2 1026
2 1229
2 1227
1 326
2 369
1 1293
1 530
1 1136
1 249
2 122
2 1098
2 294
1 748
1 609
1 584
2 884
1 1273
1 378
2 361
1 644
1 213
2 1037
2 770
2 93
1 659
2 214
1 966
1 454
2 889
2 282
1 1183
2 1242
2 1145
1 374
2 1277
1 304
2 980
1 1051
2 364
1 778
1 1069
1 1279
2 809
1 561
1 603
2 249
1 262
2 1279
2 94
1 697
1 583
2 459
1 554
1 899
1 706
2 748
1 808
2 1058
1 939
2 668
1 885
1 872
2 919
1 921
2 105
1 490
2 121
2 159
1 641
1 731
2 1198
1 909
2 388
1 44
2 740
1 716
2 1155
1 377
2 527
2 1072
2 279
1 897
2 1019
1 1168
1 736
1 80
2 1203
2 1051
1 1263
2 1218
1 916
1 840
2 153
1 1035
1 1177
2 150
1 851
2 214
2 799
1 1225
2 196
2 358
2 86
1 362
2 546
2 725
1 276
1 1010
2 1241
2 321
1 1026
1 1022
2 1121
2 1016
2 1171
1 585
1 62
2 433
1 1043
1 946
2 199
2 149
2 1015
2 984
2 837
2 552
2 1246
1 3
1 958
1 1088
2 893
1 819
1 741
1 311
2 205
2 497
1 466
2 304
1 291
2 1024
2 66
2 1173
1 1292
2 301
1 597
2 782
2 99
2 1046
2 382
1 1172
2 523
2 1186
2 263
1 801
2 464
1 833
2 379
2 707
1 791
2 466
1 796
2 1067
2 174
1 250
2 313
2 1146
2 300
2 544
2 529
2 871
2 315
1 1147
1 593
2 326
1 27
2 136
1 101
2 737
2 926
2 328
2 897
1 710
1 340
1 481
2 728
1 578
1 302
1 910
2 745
2 669
2 979
1 40
2 892
1 363
1 654
2 25
2 1149
1 763
1 23
2 553
2 1020
1 318
1 365
1 519
2 1280
1 337
1 13
1 485
1 752
2 765
2 1094
1 973
1 345
1 1267
1 138
1 749
1 824
2 1212
2 631
2 579
1 1169
2 1177
1 767
1 515
2 500
2 1243
2 42
2 788
2 281
1 983
2 1290
1 228
1 343
2 75
1 545
1 1237
1 286
2 843
1 207
2 222
2 802
2 1123
2 532
2 811
2 136
1 1251
2 15
2 433
2 168
1 629
2 211
2 1106
2 542
2 575
1 54
1 989
1 764
2 709
2 1204
1 952
2 956
2 458
2 760
1 1201
2 1077
2 1072
2 161
2 321
2 48
1 259
2 1124
2 1021
2 1064
1 479
1 1158
1 688
1 434
2 1119
1 101
1 146
1 109
1 401
1 936
1 448
2 742
2 143
1 998
2 262
1 721
1 1045
1 1214
1 798
1 788
1 144
1 345
1 399
1 993
1 41
2 73
1 715
1 70
1 863
1 587
1 191
1 252
1 316
1 907
1 663
2 740
1 804
1 904
1 746
1 116
1 422
2 1186
2 638
2 459
1 608
1 185
2 820
1 482
1 365
2 517
1 759
2 1255
2 233
1 534
1 1107
2 117
1 133
1 49
2 426
2 726
1 811
2 594
1 963
1 12
1 830
2 656
2 213
2 1201
1 357
2 1240
2 1211
2 882
1 525
1 287
2 85
2 658
2 547
2 266
2 647
1 188
1 990
1 1062
1 1048
2 89
2 652
2 1245
2 130
2 1285
1 152
2 719
1 310
1 280
2 827
2 590
1 775
1 683
1 724
2 546
1 498
1 264
2 810
1 853
2 276
2 1232
2 829
1 457
2 1074
1 389
2 60
2 660
1 1167
2 639
1 705
2 91
2 435
1 360
2 197
2 83
1 959
1 1297
1 187
2 59
1 463
2 195
2 973
1 1254
2 742
2 193
1 732
1 605
2 308
2 994
2 1001
1 241
2 618
2 586
2 323
2 784
2 1021
1 1224
1 332
1 1204
1 220
2 878
1 226
1 842
1 503
2 912
2 544
2 361
2 25
1 1065
1 1007
1 664
1 1205
1 368
2 114
1 1281
2 986
1 932
1 675
2 558
2 747
2 786
1 1262
2 858
1 314
2 533
2 1231
2 1270
1 846
2 879
2 395
1 1268
2 1127
1 233
1 1239
1 1135
2 940
2 137
2 849
2 819
1 32
2 845
2 242
1 440
2 436
1 637
2 73
2 1134
2 1089
1 139
2 625
2 1185
2 407
2 949
2 938
1 260
2 1180
2 451
2 5
1 1220
2 518
1 1025
1 279
1 499
2 1253
1 407
1 794
2 398
2 90
1 613
2 1101
1 1068
2 1188
2 482
2 558
1 695
2 1133
2 851
2 367
1 380
1 290
2 94
2 150
2 369
1 1174
1 834
2 682
2 722
1 1078
1 1272
1 968
1 1227
2 636
2 848
2 277
1 903
2 1055
2 1170
1 371
1 181
1 793
1 988
2 909
2 615
1 817
2 977
1 799
1 832
1 602
2 1291
2 51
1 495
1 243
2 564
2 475
1 288
1 190
2 305
2 42
2 336
1 733
2 1244
2 147
2 125
2 356
1 355
1 1086
2 1180
2 465
2 184
2 958
2 236
1 676
1 30
1 907
2 830
2 580
2 26
2 679
1 1295
2 1025
1 322
1 707
1 1127
1 396
1 1267
2 273
2 822
1 194
1 238
2 789
1 795
1 1300
1 1194
1 432
1 475
2 460
2 541
1 620
1 602
1 226
2 50
2 34
2 11
2 869
1 862
2 1008
1 913
2 943
2 887
2 159
1 683
2 96
1 736
2 92
1 300
1 426
1 698
2 218
1 1082
1 1084
1 1110
2 157
1 1247
1 1112
2 39
1 256
2 416
1 699
2 486
2 1014
1 245
1 910
1 1126
1 177
1 355
2 1252
2 822
2 141
1 1263
2 176
1 446
1 780
1 718
1 627
1 1006
2 140
2 1268
2 905
2 539
2 1130
2 383
1 1215
2 269
2 1250
1 329
2 618
1 17
2 846
2 273
2 655
1 1129
1 293
1 1188
2 979
2 1005
2 701
2 720
2 447
2 338
1 327
2 89
2 583
2 21
1 612
2 632
1 1288
2 1218
1 265
1 1208
2 126
2 420
1 1076
1 13
1 1284
2 925
2 339
1 1282
2 614
1 966
2 68
2 1038
2 290
1 384
1 779
2 297
1 1104
1 260
2 1199
2 229
2 1158
2 385
1 960
1 104
2 981
2 99
2 71
2 562
1 156
1 375
2 1134
2 51
2 1262
1 971
2 1166
2 922
2 118
1 779
1 244
1 277
1 650
2 468
2 638
1 662
1 1029
2 769
2 278
2 103
2 1190
1 721
2 574
1 169
2 127
2 692
2 888
2 915
1 1283
2 21
2 189
2 622
1 154
2 1034
1 64
2 343
2 1023
1 393
1 372
1 1057
1 320
2 1236
2 35
2 44
1 373
2 379
1 148
1 344
2 122
1 381
2 1179
2 416
2 1108
1 88
1 674
1 1097
1 305
1 584
1 336
1 1176
1 1141
1 953
1 1035
1 164
1 934
2 573
2 1102
1 1202
2 924
1 215
1 69
2 645
2 858
2 350
2 307
1 1223
1 573
2 1266
2 474
2 102
1 317
1 47
2 1192
1 397
1 1147
2 753
2 1099
2 436
1 1028
2 467
2 1143
2 152
2 452
1 1222
2 6
1 1028
1 1002
1 754
2 1297
2 651
2 964
1 514
1 756
2 775
1 107
2 1139
2 202
2 810
1 68
2 204
1 1118
1 111
2 476
2 1118
1 65
1 1061
2 1295
2 506
1 623
1 781
2 949
2 843
1 56
1 78
2 1085
2 1285
2 866
1 58
2 472
2 974
2 444
2 1128
2 667
1 185
2 406
2 1184
2 747
1 128
1 265
1 285
1 630
1 930
2 177
2 1142
1 46
1 198
1 278
1 860
2 931
2 479
2 376
1 744
1 390
1 1096
1 102
1 146
1 247
1 520
1 380
1 759
2 700
1 722
1 451
2 641
2 1238
1 777
2 1219
1 2
1 7
1 1024
1 1181
2 829
2 417
1 222
1 769
2 206
1 622
2 899
2 1012
1 633
1 16
2 17
2 37
2 664
2 1073
2 757
1 1266
1 234
1 1132
2 1075
2 1071
2 511
1 624
1 461
1 463
2 948
2 324
2 943
1 599
1 432
1 115
2 1255
1 234
1 439
1 766
1 1120
1 621
1 12
2 420
2 257
2 538
2 778
2 391
1 1159
1 1080
2 1157
2 1003
2 603
1 908
2 629
1 1011
1 719
2 271
2 1258
1 1077
1 924
1 453
2 513
1 283
1 1004
2 382
1 221
2 441
1 38
1 601
1 269
1 410
1 55
1 450
1 441
1 27
1 452
2 927
1 1193
1 1015
2 429
2 1
2 933
2 1299
1 469
1 1091
2 1119
1 255
1 165
2 373
2 614
1 509
1 77
2 610
2 47
1 1036
1 216
1 694
1 728
2 1216
2 607
2 106
1 1054
2 643
1 123
2 28
1 672
2 404
2 1122
1 178
2 1258
2 808
2 1091
1 861
2 179
1 1260
2 768
2 713
2 1138
1 315
2 500
2 579
2 1298
1 712
2 626
2 160
1 221
1 922
1 63
1 124
2 783
1 418
2 387
1 1056
1 868
2 844
2 1044
1 619
2 354
2 18
2 439
2 398
2 296
2 1290
1 676
1 301
2 197
1 325
1 351
1 813
2 415
2 1004
1 1121
1 834
1 755
1 424
1 774
1 587
1 572
1 875
2 1073
1 1240
2 1036
1 628
2 1207
2 64
1 766
2 768
2 1042
2 652
1 437
2 1030
2 105
2 1256
1 855
2 1138
1 430
1 1154
2 335
2 1115
2 468
2 526
2 97
2 1155
2 1194
2 867
1 1170
2 183
1 1113
2 504
1 977
1 685
1 423
1 1063
1 900
2 201
1 1221
1 508
2 80
1 411
2 1209
2 425
1 868
1 217
2 556
2 521
2 425
1 19
1 727
2 371
1 627
1 162
1 734
2 1251
2 839
2 859
2 28
2 951
2 232
1 385
1 1228
1 646
1 74
1 839
1 330
2 528
1 137
1 606
2 1047
2 404
2 1175
1 653
1 161
2 1209
2 962
1 298
2 1047
2 124
1 863
1 502
2 821
2 1230
1 1150
2 52
1 691
1 340
2 840
2 597
1 1168
2 121
2 555
1 383
2 1171
1 563
1 1041
1 713
2 95
2 303
1 893
1 1050
1 172
1 600
2 665
1 1217
1 172
2 207
1 415
1 516
2 60
1 551
2 135
2 1085
2 847
2 849
2 871
1 985
2 270
2 942
2 823
1 1017
2 342
2 317
1 835
1 649
1 716
2 510
1 319
2 1087
1 332
2 902
2 237
2 1129
2 898
1 223
2 790
2 982
1 1280
2 171
1 353
1 967
2 242
2 662
2 1097
1 376
1 878
2 941
2 93
1 1269
2 693
1 108
2 659
2 896
2 230
2 1248
2 805
1 588
1 501
1 209
1 796
2 413
2 671
1 507
2 507
1 1196
2 942
2 434
2 974
1 1234
2 1125
2 1272
1 1274
1 1005
2 494
1 235
1 334
2 227
2 1038
1 123
1 828
1 771
1 877
1 935
2 935
1 1161
1 709
2 1070
2 63
2 1281
1 782
2 467
2 703
1 1120
2 560
1 319
1 164
2 329
2 311
1 1160
1 388
1 297
2 460
2 549
2 1066
1 1105
2 493
1 389
1 1219
2 171
1 906
2 894
1 491
2 945
1 414
2 604
2 36
1 847
2 962
1 890
2 803
1 9
1 1300
2 1033
2 53
2 1237
1 418
1 1043
1 46
2 901
1 952
2 144
1 853
2 295
1 644
1 959
1 961
1 950
2 902
2 508
1 850
1 394
1 575
1 1131
1 708
