2100 7000
1 58
2 844
1 334
1 122
2 410
1 315
1 673
2 179
1 916
2 796
1 911
1 652
1 620
1 350
2 506
1 8
2 119
2 937
1 222
2 927
2 1015
2 832
2 176
2 85
1 567
2 697
2 20
2 32
2 751
2 743
1 503
1 661
2 1049
2 798
2 799
2 927
1 822
1 504
1 124
1 924
2 763
1 701
2 219
1 406
2 293
1 324
2 668
2 1046
2 77
2 804
2 641
2 999
2 525
1 370
1 200
1 132
2 317
2 469
1 98
1 614
1 450
1 870
2 733
2 348
2 292
1 65
1 975
2 749
2 663
2 675
2 953
2 592
1 487
1 780
1 544
1 331
1 804
2 396
1 398
1 905
1 69
2 772
1 855
1 154
1 181
1 408
2 887
2 591
2 648
2 147
1 312
2 231
2 35
1 289
2 42
2 941
1 517
1 69
1 42
2 619
1 483
2 63
2 157
2 980
2 837
1 640
2 509
1 218
2 593
1 312
2 257
2 21
2 496
1 155
2 895
1 771
2 440
2 427
2 685
1 281
2 247
2 540
1 842
2 39
1 328
2 838
1 343
1 628
2 894
2 968
1 244
2 777
1 538
1 459
2 227
1 995
1 666
2 823
2 473
1 740
2 531
1 383
1 718
2 146
2 556
1 640
1 707
1 148
2 884
2 890
2 193
1 575
1 188
1 187
1 719
2 704
1 689
2 896
1 135
2 797
1 881
2 918
2 681
1 1028
2 272
2 930
2 201
2 324
1 684
1 290
2 521
2 16
2 219
1 87
1 103
1 729
1 892
1 767
2 74
1 361
1 102
1 230
1 1041
2 153
2 1027
2 223
2 137
1 446
1 296
1 310
1 741
2 772
2 378
2 528
2 58
2 848
1 558
2 503
2 1031
2 87
1 920
2 773
1 156
1 883
2 700
1 608
1 785
2 882
2 539
2 174
1 592
1 835
2 518
2 1025
2 72
1 629
1 204
2 606
2 246
2 64
2 437
1 491
2 317
2 552
2 364
1 99
1 404
1 674
2 382
2 469
1 860
1 505
1 251
2 889
2 318
1 325
2 986
1 168
1 996
1 265
2 6
2 606
1 302
2 710
1 999
1 151
2 575
2 213
1 379
1 1007
2 274
1 680
2 196
2 261
1 453
1 112
1 106
1 866
1 1034
2 349
1 307
2 900
2 141
1 902
2 1012
1 520
2 211
1 7
2 68
1 731
1 226
2 233
2 285
1 961
2 368
2 574
1 470
1 970
1 840
1 763
1 83
1 725
2 167
1 810
2 549
2 444
2 793
1 193
2 834
2 492
2 675
2 364
2 129
2 1050
2 996
1 161
1 214
2 670
2 54
2 546
2 284
2 859
1 222
1 653
2 998
2 613
1 613
2 1048
2 843
1 976
1 341
2 471
2 48
2 990
1 523
1 116
2 161
1 581
1 311
1 86
2 50
2 809
1 669
1 1013
1 139
2 962
1 29
2 449
2 151
2 998
1 722
2 865
1 109
1 462
1 10
2 708
2 898
2 178
2 810
1 682
2 101
1 351
1 199
1 643
1 41
2 715
1 770
2 704
1 643
2 916
2 484
2 398
1 987
1 926
1 534
2 562
1 907
2 879
1 346
1 812
2 891
1 563
1 769
1 183
1 942
2 679
1 971
2 508
2 230
2 463
1 353
1 821
1 637
2 54
2 515
2 389
1 431
1 1046
1 728
2 737
2 425
2 1009
2 366
2 960
2 891
1 901
2 113
1 92
1 769
1 254
2 723
1 102
1 886
1 67
2 251
1 694
1 433
1 964
2 57
2 829
1 481
2 30
2 696
1 861
1 624
2 362
2 1038
2 1038
1 133
1 90
2 516
2 836
2 647
1 893
1 760
1 630
1 660
2 745
1 541
1 455
1 448
1 432
2 874
1 43
2 108
2 510
2 563
1 712
1 500
1 41
1 477
2 594
2 926
1 543
2 885
1 379
2 583
2 489
1 468
1 598
1 357
2 205
2 236
1 175
1 855
2 732
1 994
2 935
1 345
2 853
2 971
2 299
2 698
1 546
2 420
1 875
1 515
1 610
2 288
2 492
1 856
1 669
2 310
2 693
1 806
1 800
1 953
2 143
2 573
1 1037
2 952
1 641
2 407
1 609
2 423
2 775
2 658
2 480
2 570
2 596
2 478
2 66
2 132
1 1003
2 419
1 943
1 760
1 168
2 111
2 73
1 777
2 125
2 426
1 909
2 523
1 774
2 21
2 560
1 461
2 27
2 416
2 1040
1 849
1 198
2 550
1 421
1 986
1 917
1 113
2 15
2 701
1 458
1 421
2 178
1 412
1 418
2 356
2 263
1 754
1 909
2 118
2 130
1 738
2 71
2 192
2 624
1 390
1 440
1 427
2 479
2 593
1 461
1 576
1 371
2 671
1 107
2 262
2 626
2 501
2 872
2 1044
2 149
2 703
1 896
2 94
2 535
1 951
1 765
1 1042
2 1035
1 57
1 221
1 315
2 184
2 518
2 720
2 259
1 34
2 287
1 649
2 792
2 933
1 79
1 203
2 708
2 762
2 79
2 195
1 380
1 422
2 394
2 82
2 277
1 20
2 607
1 434
2 796
2 771
2 429
2 445
1 736
2 902
2 946
1 757
2 280
2 395
2 270
1 901
2 401
2 426
2 97
2 500
1 554
2 240
1 115
2 930
1 910
1 328
2 568
1 117
1 525
2 728
1 972
2 351
2 498
1 46
2 225
2 556
1 969
1 345
2 207
1 588
2 544
2 719
1 36
1 70
1 373
1 713
1 40
1 56
1 803
2 617
2 493
2 790
2 276
1 547
1 182
2 747
2 526
2 3
2 172
1 272
1 481
1 508
2 353
1 850
1 956
1 331
2 73
2 897
1 336
2 993
2 270
1 787
1 527
2 1045
2 1027
1 945
2 428
1 357
2 955
2 791
2 385
2 1008
2 581
2 568
1 538
2 580
1 109
2 584
1 225
2 185
2 1000
1 741
2 1025
1 512
2 445
1 89
2 250
2 121
1 572
2 145
2 636
1 301
2 532
2 38
2 775
1 316
1 597
2 167
1 164
2 355
1 157
1 686
2 611
1 811
2 991
2 491
2 541
1 207
2 947
1 994
1 489
1 265
1 878
1 280
1 415
1 982
2 49
1 514
2 1033
2 200
1 961
1 346
2 828
2 537
1 665
2 779
1 931
1 933
1 458
1 950
2 599
1 326
1 262
2 211
2 948
1 188
1 757
2 582
2 818
1 159
2 666
1 875
1 984
2 245
1 736
1 172
1 695
1 857
1 165
2 336
2 622
2 887
2 654
1 962
2 202
1 205
1 242
2 655
1 863
2 454
2 656
2 645
1 53
2 490
1 248
2 462
1 1004
2 743
2 610
2 1
2 822
2 646
1 103
2 599
2 863
2 702
2 120
1 853
2 825
2 269
2 903
2 290
2 75
1 253
1 1048
2 259
2 768
1 847
1 86
2 122
2 66
1 825
2 784
2 1026
1 975
2 70
1 984
1 944
1 1018
1 1012
1 764
1 343
1 134
2 152
2 579
2 997
2 442
2 250
1 420
2 478
2 235
2 417
1 234
2 547
2 759
2 558
2 116
2 133
1 177
1 115
2 189
2 169
1 605
2 307
2 921
1 45
1 117
2 866
2 919
2 467
1 868
1 88
2 1026
2 95
1 400
1 171
1 434
1 832
1 802
1 703
2 48
1 836
1 578
1 232
2 349
1 850
2 711
1 99
2 158
2 91
1 509
1 812
1 616
1 306
1 414
2 240
1 770
1 862
1 745
2 776
1 114
2 785
2 965
2 941
1 691
2 288
1 823
1 381
2 588
1 621
2 447
2 256
1 150
2 1019
1 118
1 815
2 266
1 8
2 224
1 1011
1 688
1 224
2 439
2 925
1 140
2 323
1 848
1 755
2 47
2 673
2 595
2 806
1 1006
2 392
2 516
1 1029
2 497
2 26
2 786
2 62
2 82
1 814
2 255
2 170
2 831
2 279
1 163
2 61
1 296
2 519
2 314
1 889
1 900
1 502
1 520
2 699
2 430
2 131
2 248
2 85
2 337
2 742
1 384
1 418
1 101
2 842
1 835
1 630
2 880
2 1021
2 838
2 31
2 826
2 782
2 524
2 186
1 742
1 208
1 5
2 124
1 34
1 1047
1 551
1 502
1 405
2 65
1 554
2 191
2 294
2 635
2 919
2 727
2 973
1 739
1 505
1 78
2 549
2 780
1 360
1 978
2 236
1 432
2 954
1 139
2 795
1 746
1 633
1 437
1 992
2 724
2 198
1 392
2 214
1 700
1 710
2 255
1 369
2 319
1 354
2 907
1 56
2 506
1 595
2 598
1 705
1 917
2 209
2 300
2 735
1 634
1 786
2 377
2 824
1 245
1 49
2 1024
2 413
2 959
1 564
2 1010
2 684
2 223
1 25
1 52
1 739
1 530
1 269
1 382
1 589
1 974
2 845
2 587
2 490
1 1034
2 928
2 279
2 237
2 864
2 883
1 36
1 433
1 910
1 33
1 134
2 776
2 110
1 37
2 632
1 190
1 301
1 1008
2 960
1 93
1 425
2 318
1 845
2 717
1 908
2 399
2 283
1 915
1 375
1 923
1 618
2 304
2 229
2 764
2 260
2 876
2 378
1 789
1 939
1 473
2 904
1 276
2 325
2 878
1 914
1 744
2 844
1 766
1 652
2 59
2 1049
2 1011
1 447
2 338
1 918
2 582
1 403
2 464
1 335
2 634
2 295
1 363
1 707
1 856
1 783
2 791
1 852
1 561
1 385
1 529
2 226
1 180
2 651
2 475
1 428
2 335
2 846
2 795
2 589
2 488
2 394
2 616
1 64
1 463
2 162
1 908
1 130
1 264
2 750
2 221
1 414
2 121
1 560
2 1039
2 687
1 778
2 347
1 665
2 717
2 299
1 967
1 657
2 37
2 390
1 140
1 215
1 326
1 298
2 873
2 355
1 512
2 202
2 460
2 807
1 753
1 747
2 443
2 209
2 18
2 449
2 485
2 551
2 524
1 1019
2 76
2 273
2 682
1 459
2 350
1 681
2 678
1 7
1 932
2 409
2 105
2 330
2 311
2 465
2 620
1 1007
2 894
1 374
1 360
2 415
2 683
1 906
1 204
1 833
2 638
1 444
2 104
2 1005
2 494
2 212
2 18
1 412
2 531
2 709
2 344
2 527
2 840
1 387
1 456
2 160
2 108
2 474
1 934
2 912
2 577
1 213
2 977
1 693
2 340
1 358
1 393
1 755
2 25
1 898
1 303
1 438
1 788
1 175
1 98
1 381
1 955
2 699
1 983
2 808
1 690
1 160
2 639
1 833
2 872
1 944
1 442
1 89
2 657
2 778
2 504
1 457
2 391
2 496
1 165
2 452
2 359
2 761
1 852
2 256
1 367
2 702
2 814
2 830
2 291
1 196
2 306
1 475
2 136
2 78
1 826
1 320
2 91
2 337
1 119
2 964
2 252
2 45
1 81
1 511
1 210
2 590
1 197
1 377
2 142
2 530
1 827
1 963
2 322
1 468
1 990
2 507
1 411
2 970
1 543
2 247
1 321
1 949
1 383
1 722
1 13
1 676
1 46
1 365
2 965
1 601
1 981
1 402
1 1003
1 2
1 555
1 726
2 619
2 182
2 484
2 100
1 653
1 522
1 416
2 716
1 979
2 152
2 135
2 186
2 501
1 342
2 376
1 80
2 242
2 813
1 358
2 285
2 1020
2 431
1 239
1 498
2 5
1 989
1 340
2 820
1 601
1 706
1 1037
2 352
1 23
1 821
2 519
2 189
1 784
2 922
1 9
1 131
2 11
2 683
2 374
1 19
2 201
2 206
2 410
1 97
1 849
2 888
2 479
2 210
1 733
2 14
1 436
1 476
1 150
1 854
2 22
1 16
2 146
2 727
1 180
2 925
1 664
2 424
2 166
1 1023
2 257
1 1029
1 75
2 233
2 705
1 629
1 934
1 912
1 899
2 540
2 951
1 794
2 687
1 532
2 945
1 300
2 658
1 206
2 1
2 884
2 618
1 656
1 569
2 645
1 553
2 940
2 249
1 839
2 120
1 395
1 914
1 854
2 615
1 452
1 1018
2 435
2 993
2 429
2 144
1 183
1 877
2 903
2 756
1 721
2 667
2 868
2 96
2 105
1 397
1 81
1 609
2 725
2 1017
2 688
1 138
2 376
2 988
1 789
2 536
1 286
2 655
1 235
1 271
1 51
2 147
2 767
2 471
2 393
2 231
2 59
2 871
2 976
1 363
1 321
1 293
1 158
1 144
1 672
2 339
2 249
2 773
2 644
2 550
2 1036
2 966
2 1031
2 55
2 243
2 992
1 803
1 19
1 931
2 354
2 985
1 314
2 1022
2 334
1 129
2 982
2 534
1 862
2 647
1 939
2 143
2 1043
1 218
1 422
1 423
2 829
1 808
1 1001
2 526
1 648
1 788
1 439
1 407
1 2
1 174
1 819
2 686
2 942
2 587
2 446
1 238
2 12
1 485
2 60
2 885
2 828
1 184
2 329
1 615
1 600
2 457
2 535
1 869
2 277
1 959
1 333
2 332
1 633
2 536
2 820
2 4
1 1005
2 456
2 522
2 586
1 1016
1 162
1 650
1 893
1 80
1 973
1 880
2 578
2 62
1 352
1 895
2 754
2 217
1 474
2 811
2 234
2 533
1 831
1 28
1 268
2 605
1 726
2 215
2 1013
2 14
1 659
1 1014
2 438
2 539
2 1032
1 297
1 1009
1 753
1 322
1 583
2 333
1 323
1 517
1 697
2 126
2 882
2 170
2 946
2 332
1 96
2 1035
2 920
1 738
2 163
2 1024
1 289
2 685
1 801
2 943
2 564
1 579
1 50
2 365
2 972
2 28
1 737
2 197
1 499
1 623
2 553
2 734
1 297
2 389
1 26
2 192
1 876
2 897
1 495
1 92
2 3
1 15
1 1002
2 1014
2 639
2 1021
2 284
2 807
2 734
2 71
2 1036
2 957
2 171
1 327
2 1000
2 33
1 513
1 846
2 55
2 217
2 952
1 27
2 651
1 399
1 448
2 39
1 1045
2 851
1 137
1 291
2 419
1 23
1 730
2 362
2 715
2 94
2 768
1 858
1 576
1 782
2 989
2 732
1 227
2 369
2 32
2 40
2 145
2 668
1 871
2 603
2 239
1 372
1 1015
2 367
2 802
2 752
1 464
2 841
1 709
1 886
1 542
2 141
1 22
2 387
2 281
1 548
2 537
2 671
1 667
2 1050
1 320
1 635
1 252
2 476
2 44
2 906
2 612
1 766
1 275
2 153
1 305
1 1020
2 159
1 646
1 981
2 711
2 680
2 511
2 817
1 482
2 199
1 695
2 466
2 631
2 586
1 123
2 865
1 628
2 947
1 608
1 758
1 557
2 748
1 958
1 569
2 781
2 404
1 483
2 827
1 555
1 809
1 571
2 837
1 386
2 877
2 869
2 839
2 303
1 237
1 557
2 127
1 915
2 949
1 621
2 1016
2 67
2 308
2 12
1 612
2 347
2 793
1 622
1 493
2 1010
2 974
1 761
2 455
2 156
1 305
2 573
1 995
2 797
1 373
2 1042
1 940
1 88
1 313
1 68
1 904
2 559
1 100
1 816
2 834
1 194
1 1043
2 451
2 748
1 177
1 997
2 341
1 694
1 660
1 670
1 759
2 679
1 111
2 31
1 72
2 714
2 261
1 295
1 220
1 521
1 625
2 762
1 735
2 752
2 104
1 819
1 857
1 714
2 388
2 574
1 721
2 677
2 114
2 138
1 1022
2 860
1 466
2 173
1 888
2 1039
1 867
2 969
1 623
1 486
1 258
1 396
2 861
2 495
2 650
1 730
2 169
1 1001
2 190
2 603
2 435
1 571
2 781
1 95
2 83
2 929
1 155
1 879
1 817
2 858
1 30
1 799
2 514
2 870
1 267
2 692
1 286
2 17
2 938
1 794
1 968
1 824
1 636
1 731
1 580
1 936
1 441
2 627
1 494
2 662
1 548
2 74
2 597
2 384
2 282
1 278
1 689
1 937
2 9
1 577
1 112
2 790
1 17
1 718
1 241
2 567
2 361
1 187
2 107
2 591
2 264
1 566
2 800
2 783
2 818
1 179
2 867
1 10
1 176
1 676
1 529
2 411
1 691
1 44
1 371
2 627
1 29
2 712
1 724
1 787
2 465
2 84
1 4
2 451
2 6
2 24
1 899
2 950
1 935
1 792
1 805
1 545
1 266
1 195
2 513
1 911
2 181
2 480
2 723
1 61
2 142
2 729
1 487
1 756
2 185
2 386
1 614
1 584
1 128
1 228
1 816
1 890
1 1004
1 84
1 488
1 472
2 413
2 309
2 194
1 443
1 388
1 751
2 11
2 366
1 664
1 654
2 929
1 499
1 830
1 268
1 90
2 979
2 585
1 746
1 611
1 963
2 662
1 60
2 938
2 191
2 359
1 510
1 319
2 978
2 585
2 309
2 565
1 93
2 801
1 805
2 677
1 401
1 208
2 765
1 659
2 954
2 400
1 851
2 13
1 1032
1 533
1 424
1 304
2 263
1 294
2 260
2 436
2 313
1 472
1 642
1 1044
2 344
2 450
2 453
2 617
2 397
2 706
2 43
2 173
2 644
1 922
1 342
1 958
1 405
1 892
1 957
1 873
1 956
1 154
2 924
1 282
1 507
2 1002
1 672
2 698
1 988
1 417
1 841
1 542
1 216
2 864
1 859
2 572
2 470
1 642
1 713
2 338
1 51
2 661
2 1017
1 1023
2 559
2 368
1 244
1 164
1 271
2 238
2 749
2 441
1 663
2 329
1 47
1 106
2 1030
2 273
2 76
1 52
2 604
2 216
2 604
2 798
2 545
2 631
1 566
2 409
1 339
2 283
2 123
1 241
1 565
2 843
1 602
1 497
1 774
1 275
1 35
1 740
2 302
2 985
1 1033
2 127
2 936
2 430
2 977
1 460
2 720
1 932
2 203
1 372
1 1041
1 987
2 847
1 380
1 298
2 253
2 212
1 744
2 1047
2 149
2 467
1 626
2 38
2 690
1 874
2 905
1 528
1 258
2 125
1 356
2 53
1 126
1 561
1 316
1 482
1 991
2 562
1 274
2 552
2 287
1 327
1 454
1 678
2 813
2 913
1 1030
1 600
1 408
2 596
2 750
2 348
2 980
2 625
2 692
1 243
2 136
2 1040
2 983
2 267
1 815
2 637
1 1028
1 602
2 330
1 948
2 966
1 1006
2 594
2 716
1 406
2 229
1 779
2 913
2 254
2 128
1 402
1 110
2 166
1 590
2 881
2 278
1 696
1 921
1 375
2 77
1 370
2 246
1 220
2 232
2 928
2 486
2 967
2 477
1 24
1 632
1 228
2 607
1 649
1 638
1 292
1 570
2 403
2 308
1 148
2 923
2 758
1 674
2 391
1 63
