2600 6000
1 623
2 219
1 1266
1 164
1 954
2 766
1 295
2 409
2 875
1 827
2 566
2 1101
2 689
1 1005
2 19
1 467
1 1293
1 912
2 776
1 1270
2 290
1 479
1 1159
1 397
1 380
1 1050
1 419
2 1112
1 314
1 787
2 408
2 1223
2 973
1 1029
2 707
2 139
1 1106
1 1151
2 372
1 1254
1 2
1 898
1 999
1 469
2 177
2 358
2 107
2 817
1 174
2 659
2 816
1 70
2 245
2 825
2 84
1 1295
2 1028
2 326
1 725
1 14
1 1172
2 575
1 451
1 741
1 774
1 999
1 819
2 235
1 989
2 1183
2 389
2 644
1 81
2 86
2 306
1 521
2 1148
1 729
2 321
2 767
2 735
2 793
2 195
2 339
1 692
1 621
1 1014
1 797
2 1165
1 166
1 234
2 89
1 608
1 335
1 438
1 481
2 664
2 715
2 833
1 40
2 799
2 113
1 951
1 827
1 148
2 1079
2 598
1 475
1 286
1 525
2 169
2 1028
1 1064
2 591
2 778
1 120
2 584
1 126
2 892
2 1291
2 973
1 307
2 562
2 906
2 1200
2 863
2 77
2 233
2 849
2 682
2 1136
1 232
2 1076
2 983
1 790
1 114
2 509
1 327
2 872
2 727
2 642
1 318
1 1240
2 1096
1 854
2 928
2 526
2 486
1 1095
2 744
2 826
2 600
2 456
1 1101
2 463
1 862
2 1160
2 845
1 652
2 852
2 860
1 491
1 402
2 80
2 733
1 671
1 293
1 253
2 755
1 1184
1 653
2 66
1 758
1 413
1 748
1 227
2 754
1 256
1 1200
2 168
1 1135
1 780
2 499
1 767
2 512
1 241
1 981
1 75
2 885
2 78
1 432
1 666
2 621
2 215
2 267
2 1077
1 1228
2 12
2 43
1 543
2 821
1 260
1 1071
2 857
2 529
1 782
1 363
2 30
1 691
1 686
2 179
1 898
1 1229
2 1167
2 1209
1 640
1 1113
2 1287
1 952
1 594
2 931
1 311
2 438
1 1114
1 1289
1 11
1 402
2 1118
1 967
2 891
2 1045
1 858
1 1166
2 224
1 39
2 412
1 1208
1 298
1 687
1 1260
1 1236
1 713
2 1117
1 349
2 774
2 1279
2 427
1 1076
1 1057
2 285
2 859
2 291
1 1295
1 202
2 374
1 732
1 830
1 983
1 1285
2 1181
1 1058
1 1010
1 660
1 178
2 66
2 802
1 385
2 94
1 273
2 795
1 571
2 160
2 1253
2 271
2 55
1 740
2 978
2 829
2 302
2 965
2 283
2 152
1 1081
1 31
2 604
1 747
1 882
2 1149
2 321
2 390
2 719
1 1014
2 536
2 690
2 49
1 1058
1 720
2 1146
2 1003
2 294
2 1173
1 845
1 993
2 348
1 92
2 1027
1 535
1 355
2 535
1 106
2 745
2 719
1 1223
1 746
2 1031
2 144
1 1016
1 39
1 1000
2 8
1 632
1 640
2 87
1 421
2 1187
2 214
1 139
1 61
2 1273
2 927
1 36
2 1044
1 20
2 507
2 568
1 41
1 395
2 74
1 1245
1 60
1 730
1 895
1 16
1 229
1 643
1 287
2 956
1 925
1 792
2 993
1 1167
1 1078
2 1290
2 783
1 837
2 532
1 791
1 775
2 583
2 1148
2 916
2 552
1 57
1 977
2 1084
2 1061
2 1212
2 37
2 696
2 221
1 616
1 405
2 85
1 848
2 487
1 1198
2 372
1 793
1 455
2 278
2 966
2 178
2 338
1 834
2 921
2 890
1 805
2 892
2 676
1 915
2 874
1 1180
2 584
2 844
2 1264
1 1202
1 917
2 1051
2 291
2 212
1 1197
1 648
2 878
2 1276
2 773
2 184
1 1195
1 491
2 426
2 1242
2 1127
1 146
1 293
2 236
2 399
1 102
2 796
2 550
1 656
1 1077
2 803
2 685
1 382
1 693
2 159
1 140
1 356
2 500
1 527
2 411
1 1022
2 423
1 289
1 49
2 726
1 728
1 299
2 630
2 514
1 1186
2 415
1 153
1 927
2 824
1 1004
1 754
2 64
1 138
1 1145
1 207
1 663
2 452
1 1189
2 936
1 773
1 329
1 707
2 618
1 320
2 407
1 100
1 298
2 454
1 706
1 228
1 1038
2 710
1 18
1 386
1 110
2 981
1 904
2 42
1 423
2 244
2 520
1 728
2 185
2 894
2 991
2 38
2 495
1 523
1 596
2 1025
1 288
1 1257
1 757
1 580
1 1111
2 1185
2 41
2 317
2 268
1 277
2 938
2 259
2 718
1 712
1 70
1 1037
1 890
2 1006
2 485
1 1063
2 551
1 277
1 589
2 631
1 235
1 442
1 1193
2 498
1 1114
2 797
2 563
1 785
1 67
1 784
1 297
1 317
1 52
1 873
2 82
1 951
2 619
1 848
1 905
1 1294
2 533
1 27
1 1270
1 675
1 135
2 1210
1 1097
1 1103
1 308
1 577
2 22
1 696
2 995
1 1220
2 570
2 1060
2 982
2 193
1 904
2 907
1 565
2 578
1 1128
1 891
1 1090
1 444
2 65
1 1243
1 1024
2 602
2 528
2 683
2 673
1 1233
2 186
1 1279
2 1089
2 15
2 204
1 701
1 624
2 801
2 803
2 998
2 223
2 714
2 639
2 116
1 541
1 588
1 513
1 1054
2 250
1 847
1 901
2 1032
1 198
1 313
1 119
2 93
1 289
1 466
1 661
2 116
2 516
2 10
1 1261
2 607
1 1073
2 369
1 32
1 846
1 211
2 101
1 419
1 111
2 1192
1 1065
2 834
2 11
1 218
2 1105
2 1050
1 1196
1 731
2 1053
2 1183
1 113
1 1262
1 806
1 222
2 990
2 243
1 886
2 59
2 594
1 701
1 236
1 1012
2 1033
1 934
1 950
1 503
2 476
1 1079
2 1086
1 1132
1 292
1 209
2 929
2 200
2 371
2 807
1 645
1 1131
2 181
1 270
1 710
2 353
2 666
2 536
2 814
2 257
1 470
1 332
2 899
2 155
1 1151
1 122
1 519
1 464
1 456
1 549
2 400
1 1007
2 495
2 162
2 539
1 1055
1 1083
2 425
1 777
1 675
1 532
1 872
1 1187
2 1124
1 1137
1 88
1 1066
1 226
1 30
1 316
2 637
2 595
2 553
1 441
2 168
1 1036
1 1125
1 1173
2 1025
1 206
2 1018
2 771
1 924
2 502
2 816
1 618
1 381
1 1228
1 771
2 71
2 262
1 964
2 641
1 819
1 537
1 227
2 420
2 524
1 1027
2 269
1 1104
1 201
2 753
2 617
1 1247
2 979
2 157
1 1080
1 159
1 724
2 14
1 134
1 1
2 461
2 46
1 1067
2 1029
2 483
1 547
2 711
1 128
2 1123
1 1201
1 384
2 1083
2 716
2 401
2 281
2 1072
1 508
1 497
1 920
1 579
1 485
1 593
1 1152
1 1047
1 309
2 1161
1 151
1 461
1 171
1 587
1 1292
1 197
2 585
2 750
2 744
2 695
1 59
2 1277
2 303
2 1217
1 1177
2 752
1 1219
1 1171
1 1016
2 1106
2 132
1 282
2 806
2 203
2 251
2 51
2 268
1 650
1 386
2 704
2 1162
2 369
1 899
2 1258
1 239
1 1128
2 323
1 1126
2 155
2 638
2 1098
1 866
2 612
1 23
2 638
1 741
1 172
2 444
2 220
1 1197
2 925
2 306
2 238
1 135
2 188
1 1221
1 1052
1 833
2 1044
2 16
1 889
1 953
2 269
1 930
2 902
1 561
2 942
2 1283
1 896
1 844
2 475
2 530
2 1188
2 1195
1 414
1 1205
1 647
1 494
1 1139
1 5
2 328
1 394
2 1086
1 1196
2 893
2 56
2 1222
2 932
1 665
2 479
1 911
2 239
2 716
2 120
2 345
1 126
2 1275
2 1110
2 1165
1 13
2 818
2 1202
1 270
1 984
2 234
1 1041
2 81
2 1283
1 652
1 1126
2 759
1 649
1 1
2 68
2 421
1 1026
1 242
2 221
1 722
2 654
2 262
2 406
1 745
2 826
2 368
2 77
2 802
1 1164
2 374
1 632
2 969
2 250
1 182
2 798
1 172
1 709
1 47
1 1186
1 1158
1 756
2 787
1 478
1 67
2 688
1 144
1 428
2 996
1 43
1 1264
2 1069
2 1103
2 603
1 988
1 766
1 542
1 1282
2 310
2 1280
2 352
1 980
2 335
1 915
2 627
2 125
2 1039
1 1285
2 400
2 404
1 1024
2 1286
2 1215
1 558
1 424
1 1253
2 680
2 1141
2 417
2 71
2 58
1 337
1 450
2 558
2 633
2 392
2 435
2 697
1 195
2 377
1 509
2 217
2 544
1 60
2 1203
1 175
2 764
1 1035
1 194
2 718
2 1008
2 1272
2 460
1 171
2 905
2 174
1 581
2 667
1 949
1 1271
1 1013
1 948
2 341
1 216
1 961
1 1059
2 907
2 511
2 752
2 357
1 108
1 1133
2 1113
1 237
2 1229
2 691
1 928
2 1037
2 869
2 401
1 731
1 1075
2 814
2 1070
1 1002
1 462
1 407
2 643
1 15
2 314
1 34
1 367
1 188
1 1219
1 563
2 592
1 1130
1 447
2 534
1 414
2 64
2 947
1 1144
1 677
2 979
1 1078
2 1082
1 546
1 763
1 821
2 123
1 114
1 655
1 425
1 1250
2 985
2 721
1 284
2 1269
1 768
1 625
1 817
2 988
2 986
1 393
2 853
1 102
2 1236
2 858
1 271
2 327
2 115
2 57
2 1191
2 727
1 822
2 336
2 578
1 1289
2 13
2 453
1 130
2 1064
2 1179
2 109
1 515
1 517
1 759
1 1300
2 189
1 180
1 1019
1 398
1 17
1 1051
1 847
2 887
1 651
1 687
2 709
1 255
2 1109
1 791
1 694
2 730
1 272
2 62
2 1034
1 222
2 1057
2 971
1 606
1 25
1 1282
2 503
2 330
1 385
2 958
1 275
2 363
2 1035
2 1174
1 650
2 128
2 1246
2 1211
2 647
1 362
2 1143
1 725
2 141
1 319
1 1075
1 281
2 170
2 1015
2 1073
2 1218
2 78
1 1115
1 702
2 770
2 517
1 315
1 334
1 1140
2 686
1 112
2 61
1 1267
2 465
2 792
1 1080
1 272
1 254
2 365
1 1192
2 645
2 1038
2 668
1 446
2 136
1 379
2 658
1 805
1 1055
1 923
1 73
2 659
1 214
2 370
1 377
1 105
2 55
2 799
1 511
2 929
2 253
2 489
2 109
1 54
2 1237
1 1179
1 736
2 838
1 98
2 502
2 62
2 1142
1 490
1 141
1 1127
1 903
2 311
1 997
2 1107
2 865
1 567
2 823
2 772
2 1298
2 218
2 1240
1 1096
1 37
1 439
2 79
1 216
1 571
2 161
2 1225
2 196
2 837
2 249
1 996
1 408
2 274
2 1182
2 1296
2 870
2 976
1 105
1 704
1 82
2 28
1 1150
1 1109
1 1156
1 617
2 588
2 654
2 653
2 888
1 918
2 165
1 212
1 825
2 599
1 963
2 366
1 670
1 661
1 528
2 351
1 133
2 992
1 1062
2 910
1 708
1 1255
2 862
1 474
1 800
1 573
2 1030
2 190
2 73
2 1258
2 1205
1 922
2 597
1 895
2 342
1 1230
1 656
2 823
1 280
1 1149
2 1146
2 189
1 646
1 147
2 548
1 608
1 1085
2 176
1 851
2 1198
1 1235
1 333
1 179
1 1026
2 522
2 1036
1 28
2 1213
2 1162
2 261
1 26
2 1246
1 455
1 583
2 743
2 296
1 93
1 602
1 205
1 673
1 472
2 388
2 649
2 717
2 702
2 488
2 1278
2 6
1 913
1 992
1 1087
1 480
2 921
1 437
1 1008
1 977
2 867
2 877
1 813
2 45
2 1087
2 801
1 1091
1 47
2 1061
1 1093
1 380
1 111
2 541
1 181
2 788
1 507
2 360
1 629
2 780
1 551
2 934
2 282
2 703
1 1134
2 208
1 1299
1 1111
1 91
2 1231
1 373
1 1275
2 874
2 330
1 684
1 411
2 657
1 53
1 230
1 98
1 433
2 613
1 80
2 693
2 343
1 34
2 5
1 1001
1 943
2 161
1 1297
2 364
2 6
2 260
2 537
2 365
2 482
2 609
1 1188
1 36
1 572
1 300
1 769
1 392
1 1013
1 788
1 150
1 1118
1 1072
2 798
1 1252
1 688
2 550
2 1294
2 478
1 726
2 630
2 595
1 124
2 1159
1 633
1 567
2 1120
1 1180
2 493
2 769
1 559
1 582
2 1049
2 418
2 378
2 145
2 768
2 1131
2 674
1 360
1 346
1 809
2 1094
1 870
2 930
2 27
2 142
1 601
2 1233
2 984
1 629
1 460
2 1153
2 375
1 217
2 634
2 723
1 864
1 404
1 1138
2 582
2 279
2 1102
1 1074
1 309
2 72
1 167
2 573
1 742
1 422
2 596
2 748
1 522
2 795
2 10
2 46
1 409
2 297
2 473
2 851
2 586
1 968
1 501
1 1232
2 794
2 591
2 685
1 557
1 1105
2 118
2 1166
2 422
2 1254
2 1169
2 789
1 265
2 1115
1 1010
1 1216
2 1256
2 958
2 1139
1 749
2 1247
1 209
1 871
1 510
2 331
1 391
1 1056
2 1248
1 341
1 959
2 918
2 620
1 355
1 711
1 348
2 1052
1 190
2 7
2 1138
1 1122
1 137
2 397
1 813
2 1207
2 1185
2 1164
2 1263
2 576
2 1292
1 884
1 850
2 985
1 1257
2 956
2 121
1 1082
1 127
1 315
1 914
2 125
1 555
2 471
1 1031
2 4
1 3
2 1060
1 598
1 246
1 1119
2 987
2 671
2 943
1 779
2 734
1 674
1 962
2 1190
2 762
1 242
1 909
2 173
1 1172
1 1231
2 1268
1 229
2 101
2 1239
1 1090
2 258
1 1062
1 435
1 1224
2 822
1 508
1 903
1 325
1 107
2 648
2 351
2 163
1 946
1 530
2 442
1 249
1 866
1 488
2 964
1 493
1 1009
1 676
2 953
1 614
1 312
1 941
1 274
2 22
2 395
2 980
2 1137
2 1119
2 969
2 393
2 843
1 205
1 143
1 1116
1 1153
1 350
1 266
1 3
1 883
2 1250
2 403
2 897
2 1147
2 399
2 777
2 680
2 1155
1 1284
2 484
1 868
1 58
2 616
2 104
1 699
2 714
1 1100
2 510
2 857
2 140
2 994
2 243
2 410
1 490
2 832
1 366
2 966
2 492
1 742
2 740
1 441
1 264
2 150
1 467
2 971
2 1276
1 945
2 1069
1 487
1 337
2 518
2 938
1 24
1 538
1 94
1 160
1 85
1 406
2 1207
1 1175
1 1032
2 132
2 592
1 609
2 1291
1 887
2 1144
2 955
1 957
2 354
2 484
2 259
2 876
1 328
1 319
2 498
2 531
1 670
1 1141
2 300
1 240
2 482
2 1268
2 861
2 207
1 623
1 1299
2 877
1 457
1 1271
1 839
1 429
2 932
2 1265
2 998
1 1296
1 470
2 266
2 957
1 1110
2 924
1 18
2 403
2 1297
1 53
1 785
1 1281
2 424
2 811
1 1097
2 387
2 919
1 560
2 1034
1 606
1 863
1 1161
2 76
2 974
2 738
2 278
2 850
1 367
2 275
1 352
2 545
2 1081
1 781
1 1132
2 750
2 705
2 8
2 538
2 868
2 368
2 829
2 679
1 301
2 225
1 1215
2 1040
2 1116
1 1194
2 786
1 295
1 1084
1 173
2 223
2 247
2 248
2 843
1 324
1 1136
2 559
1 853
2 1300
2 713
2 24
1 942
2 1007
2 703
2 1021
1 439
2 347
2 635
2 852
1 739
1 695
2 158
1 600
1 279
1 575
2 412
2 603
2 465
2 387
2 1068
2 68
2 775
1 614
1 1267
2 176
1 459
1 841
1 700
1 257
2 757
1 1071
2 917
2 1147
1 527
1 472
2 500
1 35
1 186
1 273
1 1224
1 237
1 972
1 889
2 941
2 555
1 994
1 749
1 396
2 1191
2 820
2 1220
2 1033
2 577
1 572
1 737
1 110
2 884
1 1262
1 879
2 285
2 871
2 232
1 430
2 231
1 882
2 247
2 1120
1 751
1 565
1 900
1 669
1 344
1 960
2 935
2 264
1 1004
1 445
1 556
2 457
1 569
2 1163
1 158
2 1238
1 299
2 33
2 613
2 1212
1 316
2 641
2 636
1 468
2 593
1 842
2 1265
2 1204
1 1005
2 131
1 436
1 1225
1 926
2 1074
1 810
1 23
1 95
1 781
1 276
1 1099
2 811
1 72
2 452
1 939
2 267
2 580
1 149
2 1168
1 1241
2 1154
2 304
2 187
2 204
1 554
1 1249
2 477
1 784
1 856
1 25
2 878
2 779
1 808
2 208
2 668
2 1009
1 76
1 1099
1 865
1 354
1 263
2 900
1 494
1 1022
1 332
1 1211
2 506
2 1174
1 166
2 590
1 761
2 20
1 876
1 846
2 334
2 459
2 434
2 667
2 1203
1 1048
1 1006
2 183
1 238
2 497
1 469
2 373
1 1157
2 1242
1 729
1 948
1 820
1 888
2 705
1 308
1 782
2 154
2 789
2 486
1 1251
1 1156
1 117
2 690
2 180
1 561
1 445
1 202
1 533
2 700
1 26
2 304
2 122
1 604
2 12
1 1125
2 963
2 1094
1 655
1 333
2 546
1 722
2 225
2 520
1 356
2 790
1 131
2 305
2 288
1 1210
1 108
2 810
1 1178
2 1168
1 248
1 746
1 1170
2 137
2 1239
1 182
2 1123
2 480
1 880
1 1238
2 940
1 706
2 162
1 635
2 665
1 828
1 130
2 1145
2 916
1 1158
1 104
1 123
1 258
1 800
2 838
1 1011
1 1117
1 885
1 986
1 448
1 149
1 1171
1 152
1 619
1 156
1 1272
2 995
1 193
1 115
1 615
1 1157
1 1133
1 344
1 922
1 836
2 420
2 359
2 203
2 585
1 856
1 540
2 1234
1 1222
2 284
1 1042
2 431
1 443
2 1227
1 626
1 206
1 658
1 906
2 233
1 496
2 879
1 854
2 867
1 622
1 631
1 462
1 679
1 121
1 1154
2 69
2 185
2 1263
1 340
1 318
2 564
1 944
1 778
2 396
1 165
1 944
1 783
1 219
1 1199
1 97
2 343
2 720
2 463
1 1259
2 849
2 1012
2 970
2 504
1 869
2 99
2 1108
2 579
2 92
2 301
2 329
1 765
1 1260
1 9
1 1068
1 1160
2 968
1 739
1 405
2 628
1 855
1 440
2 1201
2 1235
2 48
2 970
2 755
2 200
2 1287
1 52
2 19
2 451
2 201
2 1204
1 965
2 245
2 1163
2 1290
2 1184
2 1243
2 359
2 383
1 881
2 394
1 1142
2 1100
2 1261
2 1134
2 164
1 453
2 184
2 501
2 157
1 280
1 1216
1 177
2 346
2 382
1 678
1 1046
2 99
2 737
1 1175
1 525
2 326
2 909
2 1046
2 1043
2 427
2 263
2 357
1 1170
2 1208
2 576
2 1189
1 361
2 961
1 840
1 437
1 747
2 265
1 945
1 416
2 21
1 75
1 286
2 669
1 1000
2 1244
2 170
1 87
2 1206
1 662
1 597
1 1023
1 136
1 97
2 17
2 1015
1 112
2 897
2 331
1 521
1 254
1 570
1 56
1 605
1 557
2 79
2 1181
2 1021
1 976
1 496
1 764
1 1249
1 950
2 417
2 982
2 910
1 1002
2 828
1 732
1 824
2 323
2 147
1 636
2 1059
2 84
2 1089
2 912
1 842
1 283
1 192
1 213
2 1206
2 568
1 569
2 566
2 252
1 256
2 9
2 940
1 1169
1 735
1 772
1 514
1 436
2 483
2 246
1 138
2 21
2 48
2 681
1 506
2 1273
1 383
1 513
1 210
2 426
2 607
1 1001
2 1104
1 69
1 1288
1 684
2 1234
2 391
1 1274
2 831
1 886
1 1278
2 880
2 198
1 196
1 1095
1 1135
2 605
2 818
2 370
2 1277
2 398
1 362
2 1217
1 481
1 523
2 375
2 913
1 1245
1 1124
2 612
2 255
1 489
1 672
2 839
2 492
2 552
1 146
2 634
2 499
1 896
1 31
2 835
1 474
2 215
1 33
2 1226
2 473
2 651
1 936
1 220
1 642
1 512
1 987
2 881
1 663
1 1054
1 808
2 213
1 515
2 859
1 952
1 939
1 252
2 908
1 914
1 753
2 1269
1 129
2 302
2 163
2 292
1 51
2 40
2 199
1 743
2 1248
1 1067
2 1259
1 353
1 1193
2 1176
1 628
1 765
1 933
1 364
2 342
1 531
1 1226
1 959
2 733
2 83
2 875
1 471
1 997
1 1130
2 466
1 199
2 261
1 1232
2 1252
2 90
2 809
1 322
2 194
2 841
2 518
2 305
2 860
2 197
2 760
1 1214
2 389
2 717
1 946
2 534
2 804
2 549
2 191
1 45
2 864
1 991
2 340
1 807
1 347
1 230
1 44
2 1281
1 625
2 1121
1 29
2 1143
2 1088
1 543
2 920
2 156
1 548
2 505
1 1213
2 96
2 1003
2 677
1 320
2 32
1 962
1 587
1 153
1 960
1 361
1 1048
1 381
1 1298
1 947
2 554
2 167
1 1256
2 458
1 873
2 542
2 1199
1 840
1 210
1 893
1 240
1 117
1 715
1 610
1 296
1 611
2 1092
2 134
1 835
1 620
2 303
1 1288
1 388
2 954
2 697
1 762
1 1227
2 1065
1 540
1 644
2 1176
2 832
1 119
2 241
2 796
1 812
2 90
1 611
1 786
2 378
1 129
1 290
2 978
2 529
2 855
2 35
2 379
2 1020
1 2
2 830
2 1121
1 376
2 683
1 836
2 313
2 95
2 29
2 794
1 449
1 310
2 1194
1 390
1 724
2 662
1 431
1 1066
2 143
1 446
2 1098
1 50
2 861
1 1043
2 615
2 553
1 449
1 1112
1 1053
2 350
1 1182
1 1011
1 933
1 54
2 228
1 738
2 1063
2 1018
2 448
2 736
2 761
1 698
1 96
1 74
2 1042
1 44
1 1274
1 1129
1 191
1 103
2 989
2 226
1 1023
1 169
2 1030
1 4
2 432
1 100
2 349
1 124
2 1085
1 145
2 756
1 664
2 815
2 224
2 883
2 574
2 1107
2 975
1 1092
1 972
2 464
2 556
1 692
2 1056
2 610
1 1150
2 1040
1 127
2 1237
1 1045
2 433
1 416
2 447
1 1049
2 429
1 454
2 103
2 443
2 516
2 626
1 65
1 1230
2 1293
1 324
1 681
2 154
1 42
2 1070
2 660
2 804
2 504
2 937
2 937
2 935
1 50
2 192
2 734
2 672
1 38
2 345
1 760
1 1214
2 812
1 1209
1 751
2 142
1 83
2 325
2 1039
1 63
1 91
2 590
2 89
2 974
2 1102
1 1255
2 646
2 7
1 1190
2 601
2 637
2 133
2 931
2 338
1 336
1 1177
2 908
1 276
1 183
1 187
2 1241
2 1122
2 358
1 458
1 694
1 627
2 151
2 175
1 949
1 574
1 251
1 294
1 434
2 1155
1 519
2 657
2 1280
1 63
2 322
1 287
1 708
2 1017
2 589
2 1284
2 211
2 1221
1 312
1 1091
2 1140
1 418
2 505
1 564
1 1047
1 560
1 758
1 526
2 776
1 911
1 955
1 581
1 1218
1 586
2 1093
1 384
2 415
1 468
1 815
2 901
2 975
2 562
2 770
2 339
2 1178
1 894
1 545
2 689
1 990
2 923
1 902
1 231
2 547
2 86
1 88
1 376
2 698
1 926
2 428
1 430
2 539
1 1251
2 1041
2 723
1 307
1 524
1 1266
2 1019
1 244
2 371
1 639
1 967
2 118
1 1108
1 477
1 919
1 413
2 678
2 1244
1 1020
1 831
2 106
2 622
1 699
1 410
2 1129
1 544
1 148
1 1088
2 624
2 1152
1 440
1 599
2 450
2 1017
2 721
1 763
1 712
1 682
2 476
1 1286
