2100 1500
2 645
2 692
2 13
2 39
2 294
2 629
2 552
2 204
2 687
2 1031
2 45
1 40
2 21
1 906
1 28
1 188
2 389
2 384
1 56
1 81
2 933
1 609
1 190
2 706
2 276
2 577
2 593
2 10
2 300
1 20
1 970
2 280
1 897
1 415
1 471
1 790
1 533
2 240
1 701
1 759
1 435
2 569
2 898
2 622
2 708
1 339
1 944
2 324
1 921
2 407
1 276
1 601
2 753
2 241
1 208
2 630
1 605
2 218
2 986
2 615
2 958
2 479
1 301
2 675
1 550
2 178
1 708
2 833
1 168
2 902
1 851
2 968
1 1050
1 303
1 941
1 823
1 142
2 268
1 54
1 299
2 31
1 95
2 527
1 930
2 277
2 383
1 633
2 500
1 600
2 1002
1 649
1 1017
1 619
1 227
2 134
1 403
1 576
1 421
1 914
1 87
1 725
1 257
1 439
1 55
2 889
2 558
2 830
2 375
2 48
1 516
2 136
2 668
2 341
2 362
1 821
1 653
1 869
2 385
1 536
1 581
2 172
1 681
2 6
1 103
2 367
1 247
2 533
1 696
2 807
2 710
1 1045
1 113
2 329
1 669
1 658
1 690
1 955
1 729
1 284
1 763
2 909
2 858
1 958
1 486
1 481
2 111
1 980
2 782
1 315
2 898
1 314
2 519
2 331
1 772
2 861
2 625
1 883
1 359
2 1038
1 915
1 97
1 296
2 17
1 906
1 923
1 355
1 882
2 1012
1 464
2 83
2 165
2 505
1 712
2 41
1 835
1 1047
1 802
1 616
2 304
1 384
1 131
2 829
2 413
2 107
1 65
2 312
1 837
1 495
2 859
1 934
2 70
1 608
2 437
1 913
1 1014
2 4
2 447
1 184
1 1049
1 130
2 57
1 433
2 925
1 411
1 425
1 101
2 648
1 797
1 244
1 869
1 233
2 402
2 182
1 643
1 37
2 612
1 891
2 140
1 534
1 1013
2 272
2 788
2 710
1 935
1 70
1 493
2 819
2 971
2 431
1 919
2 815
2 380
1 918
1 109
1 732
2 789
1 430
1 724
1 61
2 269
2 27
1 744
2 1043
1 850
2 928
1 926
2 291
2 991
2 979
2 35
1 825
1 35
2 515
2 922
1 625
2 549
2 452
2 721
1 990
2 863
1 644
1 881
1 611
2 362
1 368
1 231
2 740
1 574
1 767
1 1005
1 237
1 271
2 556
2 784
1 719
2 306
1 244
2 245
1 374
1 963
1 916
1 334
1 922
1 94
2 949
2 96
2 423
2 84
1 512
1 155
1 209
1 309
2 499
2 934
2 358
2 648
2 687
1 34
2 954
1 866
1 290
2 116
2 31
2 555
1 932
1 108
2 1002
1 410
1 449
1 169
2 750
1 978
1 146
2 793
1 29
1 726
1 735
1 551
2 92
1 344
1 529
2 744
1 174
2 404
2 510
2 116
2 175
2 614
1 23
1 823
2 210
1 266
1 202
1 117
2 846
1 170
1 187
1 418
1 649
2 970
2 707
2 833
1 316
1 131
1 280
1 338
1 373
2 44
1 307
2 635
1 407
2 834
2 828
2 37
2 222
2 733
2 208
1 504
1 1010
2 957
2 62
1 278
1 836
1 929
2 816
2 718
1 20
2 523
2 1032
2 999
2 217
1 80
1 590
1 330
2 738
1 547
2 647
2 940
2 658
2 340
2 804
1 335
1 776
2 1011
2 289
1 851
2 112
2 317
2 1042
1 564
1 498
1 682
1 167
1 203
2 771
1 370
1 695
1 381
1 643
2 431
2 686
2 379
1 978
1 865
1 509
1 93
2 704
2 1036
1 765
1 180
1 826
1 901
1 76
2 53
1 570
1 554
2 907
2 522
1 864
1 580
1 709
2 479
2 878
2 205
1 382
1 786
1 526
2 965
1 227
2 138
1 777
2 750
1 827
1 293
2 668
2 104
2 447
1 233
1 628
2 682
2 71
1 4
2 920
2 757
1 354
1 353
2 41
2 452
2 587
2 194
2 164
1 1030
1 416
2 872
2 594
1 982
1 236
1 427
2 631
1 807
2 679
2 683
1 547
2 352
1 605
2 50
1 149
2 559
2 151
1 229
2 632
1 802
2 806
2 153
1 730
2 310
2 361
1 274
2 129
1 338
2 151
2 752
2 722
1 111
2 705
1 184
2 23
1 465
2 429
2 655
1 419
1 419
2 593
1 423
1 379
1 326
2 729
1 436
1 539
1 239
1 771
2 1027
2 713
2 537
2 105
2 847
1 51
2 434
1 83
2 838
1 287
2 872
2 903
1 664
2 909
1 45
2 409
2 392
2 38
1 566
1 487
2 207
1 521
2 114
1 514
1 342
2 211
1 546
2 721
2 1034
2 74
1 620
2 844
2 943
2 185
2 884
2 350
1 120
1 720
2 787
2 410
1 609
2 395
1 217
1 568
2 563
2 942
1 672
2 283
1 12
2 905
2 442
1 298
2 416
1 230
1 831
2 342
2 1050
1 817
2 228
1 671
2 66
2 308
2 659
1 129
2 738
1 1011
1 674
2 328
1 477
2 345
2 259
1 1026
1 628
2 984
2 765
2 935
1 331
1 553
2 724
1 584
1 540
2 66
1 531
1 992
2 1028
2 472
1 258
1 261
2 254
1 960
2 125
1 74
2 369
2 199
2 454
2 289
2 1001
1 142
1 686
1 930
1 759
2 669
1 100
1 426
1 591
1 557
2 78
2 984
1 372
1 897
1 620
1 297
1 1024
1 684
2 310
2 516
1 760
2 623
2 661
2 458
1 415
1 101
2 320
2 42
1 889
2 273
2 850
1 592
1 779
1 398
1 524
1 618
1 676
1 616
2 981
1 5
2 348
2 558
2 105
2 328
2 774
1 948
1 635
1 1000
1 818
2 595
1 248
1 805
2 1040
1 538
2 887
1 634
1 571
1 508
1 391
2 349
2 210
2 383
1 459
1 1018
1 484
1 495
1 852
2 30
2 532
1 1039
1 445
2 2
2 364
2 674
1 782
1 592
1 1029
1 795
2 256
1 147
2 69
2 421
2 513
1 995
2 714
2 920
2 315
1 502
1 749
1 438
2 1005
2 854
1 581
1 171
1 164
1 936
1 162
2 694
1 517
1 360
2 896
2 135
1 158
1 215
1 952
2 446
1 139
1 146
2 240
1 24
1 873
2 388
1 1021
1 525
2 46
2 1044
2 1032
1 366
1 945
1 908
2 546
2 1012
1 996
1 378
2 618
1 865
2 182
1 96
2 492
2 629
2 372
1 444
1 288
1 926
2 168
1 275
1 73
2 476
1 314
1 478
2 642
1 485
1 100
1 692
1 63
1 1022
1 919
2 272
2 1030
1 469
1 665
1 1010
1 87
2 712
2 46
2 564
2 1001
2 537
1 794
2 717
1 1009
2 145
1 248
1 1034
2 306
2 1048
2 673
2 341
1 255
2 400
2 562
1 166
1 206
2 109
1 795
2 88
2 590
2 977
2 171
1 813
1 25
2 752
2 214
1 264
1 358
1 994
2 521
1 845
1 43
1 937
2 152
2 840
2 451
2 862
2 313
1 3
2 451
1 899
1 561
2 990
1 71
1 130
1 98
2 371
1 655
2 166
1 900
1 84
2 158
2 835
2 723
1 223
2 120
1 347
2 870
1 907
1 156
2 653
2 322
2 412
2 971
2 841
1 132
1 578
1 545
1 837
2 502
1 561
1 931
1 253
2 506
2 904
2 885
2 15
1 1036
1 443
1 488
2 299
2 912
2 359
2 135
2 901
1 302
2 393
2 988
2 798
1 405
2 548
1 843
2 122
2 630
2 967
1 602
1 3
2 797
2 491
2 946
2 253
1 223
2 1006
2 804
2 198
2 346
2 44
2 560
1 67
2 663
2 42
2 209
2 813
1 18
2 178
2 274
1 611
2 5
2 54
1 662
1 853
1 91
1 829
1 951
1 995
1 999
1 575
2 21
1 950
1 536
2 650
2 594
1 567
2 279
2 639
2 959
2 343
1 678
1 908
2 973
2 888
2 11
2 266
1 288
1 511
2 305
1 443
2 939
1 947
1 136
1 7
2 675
1 326
1 735
1 401
1 943
2 251
1 523
2 671
2 15
1 361
2 754
1 264
1 413
2 925
2 539
2 176
2 228
1 751
1 458
2 506
1 806
2 985
1 639
1 791
1 597
2 755
2 677
1 848
1 197
2 553
2 344
2 660
1 828
1 560
1 434
2 183
2 822
2 773
1 496
2 92
2 742
2 515
1 670
2 156
2 779
1 325
2 857
1 394
1 377
1 259
1 913
1 108
1 613
2 143
1 144
2 638
1 450
2 148
2 32
1 2
2 641
1 224
2 497
1 373
2 914
2 460
1 85
1 522
1 946
1 866
2 717
2 580
1 497
1 860
1 286
1 235
2 471
1 138
2 679
1 736
1 938
1 812
1 1033
1 758
1 980
2 455
1 144
1 19
1 281
2 408
1 99
1 647
1 951
1 12
1 969
1 382
2 576
1 374
2 212
1 857
1 102
2 747
2 49
2 822
1 499
2 368
1 634
2 840
2 985
2 396
1 839
2 766
1 313
2 940
1 728
2 172
1 774
2 761
1 544
2 1009
2 1038
1 187
2 183
2 212
1 542
1 596
2 570
2 282
2 28
2 786
2 7
2 466
1 376
1 68
1 636
2 94
1 884
2 769
2 875
2 973
1 883
1 685
1 690
1 38
2 832
2 235
1 279
2 36
2 932
1 749
1 268
1 85
1 118
1 524
2 557
2 77
2 284
1 621
2 191
1 490
1 378
2 661
2 202
2 861
2 535
2 597
2 697
2 864
2 63
1 429
1 387
2 507
2 953
1 673
2 220
1 261
2 966
2 474
1 606
1 860
2 900
1 559
2 446
1 976
1 62
2 185
1 347
1 613
1 569
1 441
2 159
1 312
1 385
2 775
2 454
1 691
1 693
1 783
1 273
2 532
1 475
2 573
2 40
2 370
1 579
1 961
2 181
2 203
1 27
2 796
1 16
2 691
1 703
1 842
1 986
1 817
2 494
2 941
1 406
2 141
2 983
2 790
1 278
1 1043
1 608
1 392
1 349
1 637
1 197
1 856
1 924
2 1006
1 741
2 893
1 660
1 283
1 683
1 711
2 979
2 255
1 206
1 102
1 121
1 140
1 69
1 948
2 845
2 733
1 496
2 55
1 892
1 348
1 154
1 718
2 437
1 58
2 529
1 809
2 1042
1 180
1 152
1 462
2 877
2 238
1 476
2 397
2 849
1 959
1 242
2 119
2 571
1 432
2 159
2 305
2 871
1 457
2 1020
1 287
1 670
1 324
2 575
2 603
1 596
2 730
2 756
2 1039
2 993
2 238
2 1023
1 221
1 962
2 578
2 651
1 444
1 336
1 601
1 200
2 353
2 855
1 441
2 53
1 440
2 260
2 684
1 480
1 174
1 960
2 163
2 293
2 731
1 803
1 19
1 250
1 103
2 351
1 356
2 746
1 762
1 714
2 285
2 788
1 68
2 826
2 1026
2 764
1 251
1 316
2 952
2 436
1 8
1 150
1 1023
1 956
1 329
1 77
2 463
2 975
1 49
2 399
1 412
2 509
1 612
1 876
1 800
1 465
1 363
1 600
2 127
2 160
2 58
1 48
1 394
1 294
1 982
1 737
2 838
1 16
1 638
1 798
2 257
2 33
2 640
1 47
1 734
2 115
1 563
2 242
2 844
2 78
1 490
1 260
1 617
1 267
1 607
1 773
2 30
1 764
1 337
2 825
2 911
2 1048
2 895
2 820
2 167
2 867
2 234
1 964
2 435
2 336
1 723
2 60
1 777
2 678
2 830
1 318
1 892
1 652
2 300
2 32
2 974
1 1008
1 606
2 846
2 841
2 474
2 401
2 586
2 327
2 106
2 810
1 226
1 633
1 286
2 573
2 422
2 856
2 282
2 780
2 406
1 567
2 662
1 890
2 698
1 198
1 400
1 962
2 672
1 188
1 603
2 992
1 766
2 191
2 1019
1 778
1 24
2 652
1 189
2 623
2 680
1 728
2 132
1 196
2 307
2 411
1 90
1 386
2 689
2 426
1 636
1 981
2 320
2 482
2 86
2 770
2 731
1 854
1 193
2 637
2 595
1 422
2 1027
1 527
1 627
2 702
1 311
2 657
2 855
2 332
2 814
1 205
2 530
1 983
2 73
1 816
2 133
1 720
1 124
1 621
1 249
2 944
1 395
1 468
1 402
2 1035
2 574
1 512
1 157
2 493
2 47
1 147
2 656
1 781
1 110
1 701
1 836
1 139
2 1
1 667
1 627
2 503
1 11
2 319
2 955
1 262
2 265
2 911
2 256
1 65
2 504
2 931
1 1041
1 321
2 81
1 214
2 589
1 964
2 956
2 467
2 161
2 263
2 526
1 1045
1 666
2 706
2 285
1 876
2 492
2 910
1 376
1 622
2 118
1 232
2 298
1 472
1 17
2 832
1 52
2 245
1 921
1 903
1 275
1 148
2 875
2 196
2 177
2 942
1 700
2 501
1 477
1 460
2 741
2 542
2 218
2 1025
2 654
2 993
2 1035
2 1029
2 99
1 397
1 51
1 917
2 868
2 1021
2 500
1 781
2 713
2 700
2 72
2 295
1 265
2 927
2 127
2 121
2 1046
1 664
2 393
2 468
2 904
1 610
1 888
2 887
2 149
1 641
2 113
1 126
1 424
1 483
2 659
2 928
2 418
1 67
2 518
2 651
2 33
2 785
2 824
1 330
1 290
1 737
1 333
2 531
2 584
2 746
2 56
1 153
2 231
1 520
2 852
2 610
2 947
1 743
1 371
1 1007
1 604
1 696
1 72
1 977
1 758
1 354
2 1003
1 994
2 748
1 352
2 137
1 296
1 453
1 579
2 863
2 763
2 768
1 29
2 98
1 1031
2 619
2 225
2 644
1 873
1 262
1 161
2 965
1 554
1 745
2 9
2 591
1 26
2 420
1 150
1 239
2 270
1 364
1 194
2 61
2 186
2 617
1 711
1 483
1 366
1 656
1 702
2 707
1 1018
2 910
1 811
2 699
2 715
1 1019
1 694
1 250
2 363
1 525
1 801
1 438
1 762
1 870
1 428
1 565
2 104
2 193
1 507
1 489
2 598
2 110
2 323
2 301
2 448
2 789
1 868
2 106
2 681
1 938
2 473
2 211
1 820
2 517
1 302
1 1013
1 219
2 784
1 867
2 1049
2 487
2 442
1 1014
2 1046
1 420
1 333
2 839
1 754
2 201
2 482
1 390
1 957
2 698
2 403
1 201
2 699
2 874
1 425
2 665
1 470
2 424
1 551
2 246
2 803
2 57
2 367
1 154
1 1022
1 112
1 311
1 243
1 173
1 583
1 428
1 200
1 905
2 796
2 295
1 369
1 862
1 727
1 998
2 34
1 785
1 705
2 355
1 82
2 455
2 530
2 831
2 75
2 398
1 716
2 128
1 192
2 335
2 626
1 165
2 582
1 599
1 195
1 176
1 770
2 204
1 484
1 544
2 327
1 646
2 237
2 896
2 427
2 59
2 545
1 588
1 213
2 890
2 145
1 814
2 456
2 680
2 14
2 93
2 751
2 448
2 716
2 880
1 304
1 82
1 319
1 10
1 996
2 954
2 961
2 439
2 808
2 89
1 976
2 263
1 225
1 6
1 747
2 974
1 719
1 470
1 599
2 812
1 878
2 432
1 494
2 88
1 538
1 271
1 799
1 79
2 657
2 252
1 794
1 540
2 987
1 879
1 22
1 124
1 357
2 221
1 155
1 548
2 583
1 895
1 488
2 915
1 357
1 43
2 899
2 1004
1 89
1 572
1 337
1 269
2 894
2 219
1 792
2 351
2 880
2 1024
1 1015
1 1016
2 753
2 739
1 181
2 457
2 572
2 534
2 391
1 772
1 449
2 927
2 704
2 292
1 229
2 86
1 778
1 1003
1 133
2 555
2 22
2 192
1 475
1 1037
1 853
2 243
2 292
1 128
1 528
1 388
2 79
2 317
1 291
2 246
2 1020
1 375
1 190
1 743
1 365
1 64
2 97
1 450
2 230
2 811
1 346
2 535
2 819
1 726
1 1004
2 677
2 175
2 322
1 430
2 491
2 727
2 25
1 709
1 445
2 809
1 975
2 386
1 968
2 688
1 654
2 117
1 95
1 80
2 808
2 215
1 1028
1 75
2 640
2 528
1 339
2 343
1 1044
2 267
2 478
2 464
1 1017
1 408
1 800
1 404
2 459
1 125
1 417
2 207
1 969
1 933
1 518
1 258
2 162
2 582
2 949
1 902
2 14
2 877
1 963
1 26
1 232
2 281
1 9
2 356
1 318
1 756
2 332
1 498
1 568
2 912
2 624
2 399
1 722
1 780
1 1000
1 39
1 389
1 891
2 405
2 725
1 893
1 556
2 323
2 462
1 13
1 988
1 456
1 365
2 1007
2 989
1 345
1 642
2 827
1 989
2 503
1 894
1 90
2 513
1 1025
2 321
2 216
2 440
1 598
2 734
1 36
2 270
2 769
2 886
2 277
2 308
2 60
1 631
1 1016
1 997
2 663
1 577
1 732
2 742
1 543
2 689
1 189
2 489
1 676
2 177
1 486
2 646
2 881
2 249
1 541
2 748
2 467
2 775
1 715
1 1047
2 697
2 667
2 18
1 254
1 885
1 550
2 815
2 1040
1 626
2 126
1 997
2 222
1 586
2 615
1 514
2 216
1 160
1 541
1 688
1 1015
2 297
2 199
2 481
1 685
1 805
1 740
2 1
1 173
1 736
1 953
2 757
2 755
1 1041
1 520
2 309
1 834
1 8
1 849
1 220
1 50
2 59
1 624
2 859
1 966
1 1033
2 381
1 340
1 519
1 350
2 703
1 874
2 114
1 169
1 480
1 998
1 917
1 195
2 842
2 632
2 179
1 792
2 945
1 170
2 141
2 511
2 1037
2 783
1 396
1 745
2 585
1 123
2 107
1 115
2 303
2 882
2 505
1 768
1 858
1 466
2 134
2 123
1 247
1 485
2 562
2 461
2 213
1 787
1 843
2 76
1 549
2 645
1 776
1 923
2 1008
2 390
1 929
1 417
2 585
1 761
1 469
2 939
2 241
2 791
2 666
2 163
1 871
2 972
1 937
2 236
2 252
1 461
1 380
2 695
2 602
1 409
1 824
2 767
1 234
1 793
2 360
2 414
2 799
1 760
1 987
1 924
2 879
2 918
1 433
1 607
1 377
1 508
2 650
2 739
1 325
1 473
2 847
1 950
1 91
2 587
2 52
2 119
1 501
1 510
1 589
1 566
2 936
2 821
2 224
2 414
1 967
1 972
1 143
2 991
1 552
1 463
1 64
1 543
1 226
1 157
1 122
2 801
2 818
2 614
2 387
2 886
2 453
1 565
1 179
2 186
2 588
1 137
1 810
2 334
1 848
1 604
1 916
1 693
