2600 1000
1 588
1 278
1 1222
2 1236
1 738
2 58
1 437
2 191
1 114
2 168
1 200
2 561
2 506
1 343
1 32
1 982
1 756
2 1179
2 988
1 462
1 896
2 551
1 117
1 1123
1 218
1 1089
1 1115
2 1128
2 733
2 1114
2 1187
2 973
2 195
1 1235
2 473
2 277
1 349
1 997
2 179
1 407
1 1211
1 887
2 158
1 1208
1 972
2 475
1 1178
2 479
1 651
2 361
1 1241
2 25
1 1237
2 1111
2 774
1 974
1 273
1 1016
2 988
2 895
1 1250
2 350
1 653
1 395
1 1238
1 919
1 899
2 371
1 830
1 909
1 1034
1 1039
2 1195
1 869
2 46
2 697
2 363
2 405
2 391
1 402
2 729
2 986
2 1176
2 504
2 861
2 1084
1 268
1 234
1 1291
1 103
1 1106
2 418
1 840
2 991
1 425
2 150
2 936
1 865
1 786
2 1108
1 298
1 124
1 1003
1 423
2 532
1 1013
1 332
1 1060
1 636
2 197
1 371
1 271
2 940
2 956
2 1182
1 1
1 685
2 799
2 669
2 148
1 251
2 955
1 41
2 536
2 559
1 456
1 1226
2 579
1 826
2 1060
2 989
1 165
2 392
2 717
1 706
1 1089
1 178
1 133
2 510
1 1255
1 1005
2 29
2 1094
1 85
1 711
1 939
2 728
1 634
2 984
2 8
2 712
1 410
2 759
1 408
1 1006
2 239
2 272
2 398
1 783
1 1188
1 303
1 1209
1 1141
1 1247
2 372
2 490
1 94
1 1214
2 151
2 529
1 126
1 1028
2 412
1 679
2 946
2 544
2 662
1 1163
2 472
1 170
2 611
2 422
2 1210
1 816
2 641
1 266
2 1096
2 390
1 699
2 1078
2 145
1 623
1 177
1 960
1 550
2 20
2 696
2 31
1 1199
2 1068
2 891
1 1262
2 517
1 538
2 1254
1 1152
1 1289
1 831
1 589
2 694
1 853
2 794
1 573
1 857
2 121
2 661
2 333
1 291
1 192
1 418
1 387
2 1222
2 719
2 748
2 499
2 279
2 871
2 1000
1 163
2 415
2 1030
2 724
1 261
1 226
1 1122
1 1225
1 566
1 120
2 782
1 712
2 11
2 1135
1 432
2 386
2 52
1 1113
1 637
2 488
2 477
1 577
2 1048
1 1254
1 1217
1 401
1 313
2 913
2 218
2 652
2 130
1 399
1 571
1 263
2 1113
1 236
1 494
1 1059
2 777
1 1038
2 839
1 676
2 730
1 525
1 162
1 688
1 1056
2 159
2 1139
2 1122
2 622
2 546
2 405
2 1165
1 731
1 480
2 124
2 155
2 985
1 723
1 882
1 442
2 754
2 425
2 148
1 637
1 4
2 449
2 1095
1 892
1 530
2 461
2 778
2 859
2 707
1 226
1 1279
2 850
1 215
2 282
2 741
2 707
1 107
1 225
2 1159
2 816
2 447
2 1172
2 1041
1 271
1 1299
1 267
2 428
2 647
2 470
2 932
2 381
2 524
1 244
1 1093
1 1243
1 1147
1 342
2 236
1 1137
1 1100
1 301
1 463
2 62
1 1181
2 876
1 1267
2 866
2 716
2 598
1 228
1 967
1 686
2 730
2 770
1 713
2 562
2 280
1 471
2 1050
1 1168
1 335
2 248
1 916
1 370
2 325
1 22
2 461
1 28
1 1009
1 804
1 92
2 638
1 252
1 809
1 644
2 338
1 311
1 970
2 801
1 875
2 1156
1 781
2 6
1 1288
1 65
1 493
2 46
2 466
1 585
1 1092
1 735
2 936
1 1148
2 489
1 367
1 940
1 519
1 1260
2 927
1 597
2 568
1 56
1 980
1 241
2 721
2 434
2 1283
2 867
2 1030
2 440
2 583
1 139
1 1124
1 290
1 798
1 1093
1 14
1 1052
2 365
2 1164
1 597
1 1088
1 2
1 886
2 1261
2 1081
1 897
1 640
1 253
1 44
1 797
2 878
2 1252
2 612
1 50
1 256
2 1243
2 771
1 1185
2 555
1 855
2 108
2 1098
2 1111
2 1263
2 609
1 497
1 168
2 965
2 16
2 1032
2 347
2 580
1 1275
1 953
1 750
2 486
2 204
1 670
1 180
2 261
1 990
1 281
2 905
2 853
1 623
1 850
1 376
2 452
1 294
1 458
1 308
1 331
1 947
1 619
2 703
2 921
2 219
2 1148
2 1146
1 509
1 702
1 58
2 819
1 246
2 625
1 253
1 667
1 743
1 629
1 603
1 1292
1 881
2 1153
2 1065
1 260
1 86
1 1158
1 193
1 603
1 202
1 1276
2 614
1 992
2 1068
1 975
1 1236
2 325
2 448
1 602
2 582
1 221
2 78
2 379
1 1008
2 931
2 656
2 1189
1 516
1 194
1 334
1 120
1 523
2 773
1 457
2 532
2 378
1 866
2 63
2 420
1 1126
2 1180
2 1134
2 602
1 1164
2 673
1 1012
2 1036
1 1145
1 346
1 1023
1 710
1 791
2 426
1 1082
1 520
2 389
2 495
1 448
2 1159
2 877
2 1084
2 807
1 1125
2 1189
2 1149
1 321
2 267
1 1241
2 424
2 995
1 491
2 354
2 68
1 823
1 64
1 615
2 949
1 33
1 273
2 989
1 243
1 465
2 1105
1 132
1 111
1 1052
1 823
2 511
1 1281
2 319
1 195
2 447
2 205
2 220
2 1246
2 348
2 312
2 515
1 839
2 286
1 400
2 27
2 1063
2 1064
1 627
2 191
2 1054
2 1070
2 107
2 1286
1 931
1 314
1 164
1 1119
2 1017
1 752
1 1132
1 285
1 100
2 690
2 317
2 976
1 311
1 71
1 382
1 1184
1 64
2 501
1 57
1 1197
2 824
2 60
1 415
2 1031
2 270
2 709
1 855
1 318
1 959
2 1058
1 694
1 239
2 530
1 1204
1 403
2 898
1 163
1 304
2 431
1 1058
2 182
2 1006
1 575
1 1253
2 729
2 217
2 584
2 599
2 464
1 454
1 458
2 138
1 507
2 615
1 954
2 363
2 362
2 536
2 998
2 634
2 682
1 508
2 806
1 359
1 159
1 25
2 595
1 332
1 1154
2 51
1 105
1 1062
2 199
1 698
2 320
2 238
1 768
2 457
2 93
1 145
2 742
2 144
2 276
2 155
1 937
1 981
1 250
2 467
2 1048
2 449
2 1103
2 474
1 609
1 1251
2 975
1 1270
2 1153
2 90
2 423
1 414
2 255
2 1086
2 82
2 686
1 1165
2 213
1 1141
1 945
2 1115
2 1014
1 439
1 746
1 572
1 592
1 888
1 59
2 228
2 1177
1 780
2 27
2 821
2 713
2 287
1 128
2 1296
1 596
2 444
1 926
2 772
2 805
1 574
1 924
1 617
1 685
1 1228
2 854
2 716
1 643
1 1268
2 668
1 860
1 1224
2 450
1 846
2 952
2 86
1 2
2 943
2 60
2 1100
1 1162
2 1163
1 88
2 573
2 7
2 895
2 225
1 527
2 484
2 593
2 896
2 1104
1 659
2 1298
1 1026
1 243
1 345
2 116
1 1018
1 779
1 211
2 323
2 1261
2 87
2 521
1 394
1 974
1 162
1 856
2 379
2 251
1 654
1 419
1 1167
1 1136
2 174
1 1187
2 129
2 768
2 505
1 848
2 1063
2 1166
2 967
2 949
1 181
2 51
2 1083
1 1092
2 922
2 110
1 779
2 283
1 683
2 520
2 678
2 484
1 825
1 1002
2 1107
1 616
1 275
1 214
1 675
2 238
2 526
2 488
1 971
2 674
1 131
1 660
2 1112
1 906
1 1232
1 923
2 618
1 93
2 956
2 1184
1 1195
2 553
1 1239
1 542
2 658
2 289
2 799
1 1223
2 674
2 518
2 1067
1 1001
2 744
2 1110
2 196
1 1077
2 264
1 796
1 209
2 365
2 356
2 152
2 1259
1 342
2 143
2 31
1 1131
2 353
1 53
2 61
2 954
2 838
2 558
2 607
1 366
1 105
2 156
2 1300
1 161
2 380
2 232
1 687
1 592
2 776
2 21
2 1046
1 556
2 193
2 1104
2 59
2 832
2 557
1 567
2 504
2 519
2 930
1 240
2 985
1 446
1 1118
1 496
1 374
1 188
2 17
2 248
2 862
2 1061
1 362
1 35
2 242
2 433
2 76
1 344
2 72
2 91
2 442
1 84
2 645
2 150
2 202
1 140
1 1151
1 939
2 1042
1 258
1 1234
2 870
1 590
1 943
2 1251
1 1031
1 329
1 944
1 1035
1 950
1 263
1 545
1 296
1 1282
1 1019
1 734
2 664
2 1102
2 515
2 852
1 1212
1 818
1 274
2 820
2 208
1 1032
2 809
2 548
2 624
1 53
1 83
2 397
2 945
2 570
1 1210
1 1280
1 30
2 56
2 1102
2 770
2 1007
2 583
2 125
1 402
2 1045
2 851
2 318
1 95
1 791
1 74
1 5
1 726
2 813
2 123
2 766
2 803
1 264
1 309
1 815
1 1169
2 1183
1 1021
1 1107
1 1101
2 917
1 358
1 1099
1 572
1 364
1 847
2 563
1 1227
2 320
1 556
1 97
1 233
1 1244
2 1072
1 292
2 671
1 784
2 1205
2 111
1 960
2 34
2 512
1 803
2 336
2 1127
2 524
2 900
1 490
2 1248
2 101
1 403
2 1055
2 240
1 310
2 665
1 429
2 477
2 539
1 206
2 3
1 1274
1 351
1 622
1 590
2 594
2 782
2 758
2 829
1 632
1 1125
1 287
2 1249
2 373
2 754
1 1075
1 1207
1 1214
2 1054
2 473
1 1076
1 396
1 1231
1 811
1 16
2 565
2 499
1 864
2 343
1 401
1 1203
2 774
1 284
2 516
2 481
2 604
1 1132
1 890
1 1140
1 1263
1 910
2 39
1 1206
2 215
2 187
2 384
2 22
2 1162
2 586
1 887
1 1000
1 206
2 837
1 746
1 959
2 500
1 383
1 80
2 692
1 766
1 12
1 395
2 697
2 132
1 1266
2 1106
1 147
2 23
1 805
1 296
2 96
2 1091
1 600
1 689
1 1180
2 1081
1 1053
2 1059
1 391
1 1227
1 911
2 633
1 639
2 1190
2 845
2 18
2 948
2 569
1 613
2 231
1 144
1 1138
1 1144
2 1138
2 1173
2 337
1 593
1 863
2 874
2 775
1 570
2 1057
2 1019
1 339
2 1024
1 492
2 69
1 378
1 180
1 1128
1 795
1 502
2 171
1 1114
1 824
2 250
2 978
1 305
1 1051
1 272
2 942
2 265
2 1076
2 935
2 73
1 1041
1 350
1 808
1 88
1 1133
1 541
2 667
1 626
1 978
2 983
2 916
1 549
2 207
2 300
2 645
1 410
1 348
1 257
2 1050
2 1221
1 438
1 763
1 787
1 302
2 1158
1 19
1 326
1 1176
1 767
2 760
1 918
2 118
2 134
2 543
2 856
1 47
1 359
2 244
2 1151
2 173
2 700
1 385
2 1135
2 375
2 15
2 361
2 1142
1 17
1 14
1 681
2 358
2 74
2 1219
2 917
1 1080
1 680
2 274
1 487
2 1181
2 201
2 743
1 698
2 899
2 722
1 658
1 247
2 1216
1 257
1 649
2 1244
2 9
1 1294
1 1130
2 1232
1 561
1 1033
2 478
1 963
2 689
2 1239
2 752
1 84
1 679
1 429
2 739
1 57
2 650
2 1221
1 965
1 1157
1 1208
1 1249
2 894
2 843
2 633
1 675
2 1116
1 1256
2 136
1 587
2 701
1 196
1 744
1 1174
2 277
2 282
2 38
2 720
2 908
1 578
2 1245
2 703
1 1201
1 1285
2 1044
2 495
2 847
2 1073
2 412
1 368
2 822
1 204
1 1070
2 1167
1 653
1 934
2 1085
2 1121
2 1171
1 642
1 842
1 864
2 3
1 529
1 151
2 414
1 1294
2 585
1 810
1 1029
1 676
1 607
2 134
2 290
1 1064
1 407
1 451
1 469
2 1192
1 1293
2 1005
1 1105
2 200
2 1082
1 21
1 219
2 673
2 740
2 389
2 687
1 571
1 116
2 1274
2 11
2 101
2 44
1 714
2 879
2 269
1 300
2 43
2 1278
1 872
1 1014
1 646
2 1250
2 310
1 374
2 999
2 552
2 657
1 122
2 765
2 459
1 1046
1 616
2 1204
1 901
2 994
1 955
2 382
1 141
1 1193
2 26
2 498
2 1022
1 227
1 67
1 1186
2 537
2 976
2 1197
1 1256
1 275
1 10
1 476
1 153
2 100
2 970
1 834
1 932
1 569
1 1085
2 858
2 1237
1 1098
1 187
1 319
2 1011
1 630
2 971
2 1265
2 445
2 1033
2 341
2 846
2 142
2 606
1 987
2 249
2 450
1 1296
2 137
2 1253
1 316
1 564
2 1037
2 142
2 1012
2 1069
1 140
1 1095
2 793
2 534
2 789
2 439
1 553
1 655
2 472
1 792
1 337
1 1021
1 258
2 925
1 326
2 430
2 1152
1 1042
2 176
2 829
2 531
1 157
1 514
2 42
2 1284
1 787
1 765
2 280
1 928
1 133
2 392
2 386
1 620
2 291
2 369
2 220
2 669
2 664
2 1044
2 259
1 794
1 252
2 174
1 152
2 1011
2 690
1 427
2 13
1 683
2 1080
1 153
2 322
2 266
1 1117
1 605
1 857
1 1156
2 1215
2 1284
2 767
2 1137
2 357
2 720
1 114
1 346
1 972
1 37
2 588
1 642
1 426
1 722
2 1022
1 24
1 82
1 1270
1 35
2 498
2 660
2 254
2 1040
1 1288
1 548
1 937
2 36
2 79
1 1134
2 605
1 1010
1 691
2 1290
2 808
1 92
2 1215
2 891
1 456
2 761
1 1101
1 1043
1 788
2 950
2 732
2 376
2 641
2 1202
2 347
2 420
2 61
1 1212
1 582
1 781
2 4
2 1124
2 183
2 608
1 741
2 1168
1 356
1 230
2 540
2 1213
2 469
1 1300
2 812
2 549
1 1260
1 373
1 1225
1 1157
1 898
2 1119
2 841
1 938
2 677
2 961
1 283
1 1218
1 185
2 89
1 1200
1 819
2 907
2 1145
1 1202
1 734
1 179
2 884
2 914
1 212
2 677
2 166
1 705
1 522
2 172
2 302
1 485
1 131
1 1065
2 649
2 70
1 513
2 1110
2 1131
1 751
1 475
2 651
1 80
2 562
2 231
2 5
1 883
2 1009
2 384
2 118
2 377
1 883
1 293
1 749
2 621
2 1120
2 874
1 1073
1 1091
2 509
1 1045
1 921
2 381
2 933
2 1036
2 121
2 1029
1 522
2 434
2 517
1 979
1 817
2 295
2 135
2 1267
1 1002
2 1246
2 828
1 42
1 98
2 717
2 125
2 924
2 1017
2 1223
1 19
2 141
1 909
2 745
1 70
2 554
1 851
1 1066
1 297
1 1001
2 920
2 540
1 213
1 992
2 1057
2 1024
2 1027
1 968
1 739
2 812
1 301
1 1269
1 749
1 704
2 933
2 400
1 613
1 385
2 104
1 625
1 902
2 684
1 223
2 108
1 906
1 1020
2 820
1 102
2 1172
1 538
1 885
1 338
2 728
1 427
1 242
2 594
1 54
2 154
2 833
2 886
2 186
2 340
2 628
1 380
1 1292
2 34
1 419
1 41
1 422
1 222
2 482
1 700
2 479
2 297
2 535
1 55
1 903
2 388
1 63
1 503
2 565
1 666
1 867
1 655
1 999
2 113
1 1040
2 610
1 201
2 802
2 1198
2 914
2 128
2 413
1 81
1 123
1 281
1 964
1 112
1 177
1 12
1 366
2 270
2 1252
2 30
1 49
2 654
1 1272
1 958
2 352
2 1083
1 1155
1 453
2 255
1 286
1 862
2 834
1 977
1 160
1 503
2 1295
2 424
2 897
2 55
1 578
1 1003
1 638
2 1074
1 1201
2 840
2 537
1 934
2 370
2 1179
1 81
1 575
1 307
1 1234
1 547
1 143
2 341
2 119
2 18
1 136
2 671
2 421
1 626
2 199
1 1150
2 49
1 1146
2 268
1 79
2 1051
1 106
1 1218
2 882
2 471
2 1078
1 1191
2 710
2 534
1 233
1 397
1 786
1 1192
2 115
2 203
1 1133
1 210
2 1190
1 814
2 726
1 966
2 149
2 234
2 256
1 288
1 740
2 138
1 1004
1 221
2 785
2 1079
2 1277
2 214
1 543
1 212
1 828
1 1231
1 377
2 305
2 352
2 460
2 1096
2 189
2 903
1 480
2 404
2 175
1 15
1 1136
1 1199
2 210
1 327
1 963
2 227
1 775
2 542
1 360
1 755
1 838
2 328
1 1130
1 612
2 459
2 205
1 958
2 830
2 470
2 229
2 977
2 844
2 73
2 870
1 1109
2 441
2 383
1 48
2 312
2 893
1 260
1 1015
1 663
1 443
1 790
1 112
2 1026
1 1198
1 1264
1 925
2 1242
2 785
1 807
1 981
1 802
1 1140
1 130
2 502
2 718
2 1035
1 1018
1 313
1 1206
2 1123
2 871
1 995
2 249
1 587
2 610
2 778
2 842
2 1149
2 216
1 176
2 192
2 299
1 798
1 1053
2 614
1 635
1 849
1 262
2 496
2 294
2 1248
1 486
1 987
1 494
2 1037
2 465
2 241
2 184
2 844
1 160
2 1067
1 398
2 905
1 725
1 181
2 668
2 822
1 539
1 117
1 135
1 551
1 327
1 1062
1 109
1 513
2 984
1 45
1 990
1 601
2 97
2 852
2 184
1 411
1 541
2 98
2 762
2 295
1 10
2 235
2 544
1 344
2 23
1 889
1 408
1 711
2 288
2 1211
1 663
1 441
1 672
2 1287
2 868
2 129
2 512
1 76
1 355
1 980
1 646
2 911
2 1298
1 815
1 795
1 13
2 969
2 161
2 147
1 437
1 560
1 772
2 178
2 804
2 771
1 455
1 146
1 606
2 501
1 104
2 632
2 648
1 460
1 126
2 467
2 505
2 198
1 354
2 372
2 323
2 1103
2 691
2 137
1 185
1 927
1 1242
2 753
1 99
2 254
2 186
2 65
2 647
2 416
1 558
1 340
2 1112
1 1077
1 317
1 644
2 167
2 627
1 966
2 944
1 948
1 435
1 170
1 904
2 656
1 704
1 1047
2 708
2 321
1 440
2 1282
1 835
1 1025
1 404
1 619
1 907
1 1
1 285
2 497
2 918
1 156
2 666
2 1265
1 900
2 983
1 364
1 306
1 298
2 993
2 357
2 28
1 1178
2 1280
2 629
1 723
2 37
2 190
2 9
2 510
1 158
1 991
2 1285
2 478
1 483
2 745
2 279
1 670
1 904
1 149
1 52
2 216
1 122
2 836
1 869
2 328
2 276
2 1025
1 1286
2 1094
1 1143
2 507
1 1087
2 40
1 557
2 102
2 750
1 89
1 928
2 390
1 831
2 413
2 796
2 164
2 1055
2 953
1 493
1 997
1 1194
1 797
1 182
1 406
2 430
1 564
1 762
2 702
1 893
1 1008
2 688
1 759
1 696
2 574
2 849
2 635
2 481
2 1226
2 563
1 1255
1 579
2 169
1 1247
1 554
1 1279
1 1297
2 444
2 246
1 237
2 1116
2 1039
2 922
2 566
2 979
1 736
2 639
2 835
2 589
2 600
2 335
2 1088
1 761
1 777
1 1183
2 96
1 1216
2 388
2 993
1 962
1 837
1 314
1 32
2 306
1 393
2 1004
2 99
1 1191
2 1233
2 865
2 119
2 596
1 157
1 742
1 854
2 75
1 69
2 755
1 586
2 714
1 474
2 224
1 833
1 428
1 938
1 1142
1 183
2 715
1 576
2 1200
2 535
2 1266
2 7
2 1161
1 800
2 451
1 345
2 1047
2 678
1 468
2 146
1 631
2 559
2 278
1 719
1 443
1 438
2 454
2 113
1 75
1 94
2 608
2 913
1 1056
2 245
2 90
1 1209
1 790
1 884
2 628
1 650
1 24
2 630
2 203
1 445
2 1170
2 304
1 1297
2 996
1 876
1 863
2 1028
2 736
1 705
2 923
2 1240
2 511
2 760
1 1220
1 1277
1 421
2 109
2 832
2 95
2 237
2 411
2 801
1 580
2 758
2 232
2 83
1 1154
1 1240
2 621
1 190
1 466
1 1203
2 528
2 1230
1 1217
2 1238
2 1257
1 33
1 648
2 416
1 620
2 1219
1 1150
1 1160
1 814
2 880
1 259
2 1273
1 207
1 154
2 336
2 737
2 1016
1 901
1 289
1 652
1 1299
1 769
1 598
2 528
2 483
1 85
2 188
1 1213
2 982
2 793
2 581
1 1034
1 1257
2 951
2 1090
1 1118
1 792
1 1155
2 217
2 508
2 1109
1 525
1 1281
2 462
1 399
1 514
1 1147
2 369
2 946
2 223
1 464
1 1090
1 757
1 577
1 813
1 433
2 72
2 545
1 8
1 706
2 299
1 680
1 875
1 1230
1 173
2 26
2 912
1 531
1 6
1 763
2 1276
2 409
2 1182
2 751
1 1229
1 888
2 890
1 764
2 695
1 324
2 265
2 568
2 208
1 1193
2 957
1 818
1 1099
2 66
2 584
2 367
2 315
1 1027
2 826
2 788
2 1127
2 595
2 969
2 724
1 1143
1 1121
2 1071
1 436
2 468
2 902
1 198
1 1295
2 1144
2 1245
2 432
1 245
1 885
1 1023
2 748
1 877
2 973
2 684
2 1196
1 308
2 103
1 591
1 996
1 292
2 45
1 1169
2 500
1 38
2 36
2 1161
2 1273
2 527
1 701
2 998
2 986
1 349
1 861
2 1258
2 1061
1 1038
1 1049
1 1175
1 1275
1 611
2 889
1 910
1 919
2 964
1 811
1 106
1 735
2 43
2 1289
1 115
1 681
1 355
1 1066
2 657
1 48
2 659
1 1229
2 331
2 725
1 783
1 269
2 316
1 127
1 1278
2 315
2 581
2 1071
2 738
2 929
2 189
2 431
2 211
1 757
2 789
2 487
2 693
2 1079
2 892
1 222
2 1173
2 624
1 307
1 968
1 1271
2 368
1 489
1 1129
2 547
2 40
2 463
2 435
2 533
2 769
1 230
2 848
2 284
2 68
2 523
1 747
2 961
1 661
2 1010
2 1186
2 330
2 821
2 436
1 417
1 396
1 721
2 841
1 1185
2 550
2 868
1 476
1 87
1 50
1 1272
1 780
2 1126
1 873
1 1175
1 1259
2 695
1 912
1 601
2 640
1 941
1 409
2 881
1 351
2 1075
1 360
2 699
2 417
1 526
1 800
2 692
1 235
2 747
1 873
2 555
1 929
1 324
1 482
2 1205
2 784
1 293
1 1097
2 843
1 727
2 166
1 446
1 1117
1 764
2 718
1 1007
2 994
2 872
2 604
2 732
1 1166
1 1072
1 617
1 194
2 506
2 127
2 110
1 66
1 567
2 197
2 618
1 1013
1 952
1 209
1 631
1 879
2 773
2 1268
1 455
1 682
2 1086
2 643
1 859
2 1233
2 1194
1 576
1 894
2 920
1 1283
2 1228
1 1269
2 78
1 552
1 827
2 393
2 1258
1 860
1 836
2 485
2 1264
2 1043
2 915
2 1290
1 825
1 878
1 1293
1 309
1 1170
2 521
1 172
2 139
1 330
1 810
2 926
2 727
1 1235
1 1108
1 1129
2 353
1 322
2 387
1 957
1 1120
1 599
2 67
2 247
1 941
1 1220
2 1139
2 737
2 1196
1 229
2 942
2 1087
1 915
1 880
1 518
2 951
2 1224
2 169
2 175
1 845
2 167
2 54
2 708
2 329
2 1271
1 1171
1 1015
1 1020
1 339
1 665
2 947
2 591
2 303
2 930
1 715
1 935
1 262
1 858
1 29
1 1097
2 1074
1 693
1 1287
1 492
1 334
1 1207
2 1188
2 908
1 753
1 546
1 62
1 806
2 672
1 1160
2 533
2 733
2 91
1 776
2 491
2 224
1 1049
2 71
1 394
1 636
2 1177
1 47
2 406
2 709
2 333
1 662
1 1291
1 165
2 39
1 77
1 817
2 20
1 756
1 77
2 1262
2 560
2 453
1 1069
2 375
2 962
2 171
1 1174
1 731
1 452
2 827
