2100 6500
1 213
1 953
1 753
1 220
1 646
1 152
2 241
1 568
2 282
1 39
1 904
2 676
2 382
1 664
1 859
1 591
2 188
1 332
2 181
1 773
1 380
1 285
2 243
2 154
2 686
2 10
2 281
2 594
2 460
2 582
2 546
2 748
1 1026
2 863
1 58
1 484
2 470
1 817
2 371
2 303
2 953
1 149
1 730
2 638
1 708
1 604
1 990
1 1006
1 236
2 101
1 172
1 913
1 619
1 413
1 369
1 943
2 359
1 151
1 711
2 384
2 528
2 85
2 891
1 844
1 865
2 225
2 178
1 1018
1 43
2 779
2 739
1 103
2 589
1 142
1 940
2 652
1 284
2 148
1 750
2 795
1 958
1 183
2 975
2 193
1 1020
1 597
1 642
2 452
2 537
1 722
1 609
1 798
1 687
1 880
2 562
2 325
1 934
2 333
1 924
2 37
1 426
1 12
2 623
2 582
2 751
1 778
1 682
2 691
1 1033
1 897
2 310
2 567
2 120
2 15
1 191
2 752
1 871
1 681
1 49
1 685
1 973
2 885
1 938
1 485
2 955
2 808
2 554
2 364
2 661
2 51
2 389
1 335
1 797
1 653
2 976
2 194
1 878
2 126
2 357
1 380
2 552
1 519
2 942
1 814
2 372
2 1011
1 766
1 49
1 1048
2 449
1 896
1 690
2 655
2 167
1 698
2 925
2 469
1 826
2 1019
1 820
1 983
1 900
2 328
2 1011
1 761
1 695
1 250
1 480
1 238
2 996
1 93
1 673
2 510
1 651
2 1036
2 605
1 555
2 995
1 807
1 643
1 1027
2 758
1 989
2 630
2 545
2 833
2 1021
1 908
1 768
1 825
1 429
2 159
1 474
2 988
1 608
2 1050
2 887
1 930
2 648
1 812
2 296
1 763
2 721
2 1031
2 727
1 57
1 463
1 80
2 872
2 843
1 965
2 396
1 757
1 499
1 100
2 163
1 5
1 682
1 515
1 955
1 832
1 197
1 830
1 525
2 489
2 792
2 289
1 736
2 585
2 124
2 799
2 778
2 512
2 541
1 777
2 867
2 737
1 219
1 724
2 165
1 345
1 927
2 712
1 79
2 387
1 338
2 132
2 55
1 7
2 584
2 185
1 309
1 898
1 593
2 282
2 438
1 280
1 118
2 694
1 788
1 252
2 36
1 279
1 678
2 297
2 477
2 358
1 971
1 91
1 894
1 404
1 604
1 849
2 197
2 771
2 1001
2 527
2 117
1 558
2 171
1 705
2 740
2 379
1 320
2 155
2 848
1 685
2 305
1 208
1 495
2 735
2 133
1 430
2 660
1 1049
2 110
2 579
2 111
1 144
2 11
1 421
2 911
2 944
1 869
1 549
2 52
2 349
1 670
2 922
1 563
2 895
2 186
2 324
1 596
1 96
1 959
1 446
1 208
2 200
2 819
1 585
1 69
1 893
2 290
2 467
1 984
1 60
1 1001
2 291
2 580
1 984
2 750
1 147
2 839
1 602
2 676
1 313
2 542
2 909
2 70
1 1034
2 421
2 843
1 946
1 883
1 601
1 285
1 403
1 509
2 618
1 526
1 589
2 511
2 449
2 185
1 355
2 710
2 649
1 12
2 498
1 318
1 588
2 239
2 720
1 56
2 34
1 644
2 679
1 550
2 1042
2 323
1 540
2 916
1 279
2 344
2 632
1 982
2 649
2 227
1 270
1 803
1 245
1 64
1 454
2 889
1 595
1 107
2 679
1 358
2 376
2 72
2 308
2 954
2 371
1 725
1 463
1 868
2 521
2 943
2 661
2 951
1 170
1 506
2 866
1 965
1 581
1 50
2 553
1 322
1 652
2 548
2 650
2 614
1 697
2 913
2 202
1 773
1 829
1 786
1 108
2 143
2 815
1 440
2 500
2 730
2 448
1 842
2 1041
2 1044
1 870
1 496
2 611
2 846
1 433
2 482
1 1000
1 71
1 927
2 175
1 348
2 33
1 89
2 293
1 700
2 776
1 680
1 129
2 499
2 920
1 67
2 696
2 399
2 398
2 281
1 373
1 914
1 71
1 921
1 830
2 276
2 905
2 95
2 780
1 230
2 286
1 9
1 832
1 551
2 622
2 451
1 445
2 468
1 25
2 305
1 512
1 840
2 6
2 799
1 1010
2 188
1 337
2 447
1 742
2 87
2 83
2 793
2 985
1 541
1 166
1 94
1 107
2 26
1 901
1 630
2 621
1 507
2 441
1 475
2 823
1 556
2 1035
1 619
1 655
2 945
2 633
1 1012
2 201
1 960
2 162
2 119
2 806
2 801
1 264
1 873
1 271
1 417
2 64
2 981
1 150
2 164
1 206
2 693
2 509
1 781
1 413
1 136
1 424
1 476
2 731
2 840
2 732
1 392
1 169
1 306
2 487
1 948
2 29
2 395
1 48
2 996
1 662
1 504
2 206
1 774
1 182
1 166
1 434
2 137
2 824
1 636
1 410
2 212
2 704
1 254
1 93
2 514
2 669
1 262
2 319
1 21
2 952
1 928
2 312
1 816
1 198
1 149
1 584
2 935
2 41
2 850
1 153
2 172
2 230
1 728
2 931
2 828
2 967
1 331
2 482
1 351
2 625
2 1043
1 614
2 944
2 335
2 1048
2 86
2 941
1 981
2 436
2 330
2 970
2 437
1 167
1 1027
2 369
2 235
2 743
1 362
2 432
1 524
1 110
2 82
1 632
1 1002
1 713
2 719
1 299
1 430
1 312
2 501
2 412
2 517
2 612
1 27
1 558
2 173
1 732
2 838
2 135
1 1030
1 671
1 1029
1 719
1 712
1 301
1 104
1 468
1 480
1 461
2 835
2 497
1 21
2 535
1 972
1 1009
1 451
2 1014
2 209
1 866
2 609
1 25
1 171
1 834
1 153
1 244
1 268
2 40
2 194
2 1017
2 242
1 621
1 431
2 551
1 587
1 602
2 118
2 588
2 142
1 572
1 578
2 138
2 1024
2 407
1 759
1 507
1 14
1 855
1 231
1 234
1 368
1 83
1 30
1 607
2 38
1 1036
2 659
2 788
1 227
2 121
2 283
2 920
2 419
2 692
1 696
1 42
2 399
2 771
1 408
2 599
2 878
2 845
2 669
2 339
2 181
2 791
1 923
2 253
1 515
2 348
1 11
1 622
1 903
2 599
1 65
2 1026
2 703
2 130
2 564
2 701
2 958
2 616
1 569
1 67
1 915
2 961
2 881
1 592
2 350
2 55
2 448
1 763
2 273
2 442
2 659
2 316
1 289
2 141
2 949
1 865
1 754
2 898
1 131
1 6
2 688
2 1041
2 455
2 225
1 494
1 295
1 462
2 157
1 923
2 319
2 223
2 156
2 163
1 474
2 571
1 810
1 703
1 272
2 675
1 986
2 406
2 726
1 841
2 536
2 111
2 531
1 906
2 667
1 998
1 847
2 791
2 112
2 458
2 66
2 890
2 102
1 119
2 265
1 235
1 654
1 77
1 789
2 260
1 84
2 341
2 987
1 278
1 837
1 736
1 189
1 937
2 247
2 755
1 470
1 929
1 74
1 127
1 92
1 337
1 598
1 116
2 13
2 759
2 256
2 686
1 784
1 46
1 988
2 295
2 473
1 863
2 269
1 738
1 141
1 100
1 563
2 481
1 221
1 819
1 656
1 388
1 477
1 461
2 440
1 877
2 1024
1 658
1 184
2 734
2 1033
2 637
2 140
2 50
2 514
1 837
1 829
2 247
2 527
1 594
2 473
2 827
1 161
2 52
1 168
2 706
2 534
1 1004
2 770
2 98
1 892
1 508
1 114
1 416
1 979
2 711
1 73
1 817
2 390
1 701
2 901
2 2
1 44
1 144
1 517
2 1006
1 583
2 407
2 296
1 155
2 875
2 884
2 926
1 574
2 758
1 367
2 418
1 640
2 1017
2 919
1 458
1 892
1 729
2 33
2 220
2 968
1 125
1 597
1 720
2 128
1 695
2 284
1 291
1 277
2 464
2 657
2 444
2 931
1 725
1 207
1 533
1 1016
2 343
1 113
1 143
1 457
1 565
1 74
1 792
2 518
1 183
2 455
2 127
2 268
1 753
2 733
1 402
2 581
1 660
2 211
2 246
1 97
2 75
1 616
2 864
2 910
1 985
1 545
2 159
2 862
2 397
2 415
1 526
1 997
2 186
2 20
1 261
2 151
1 249
2 465
2 266
2 729
2 174
2 809
2 198
2 713
2 847
2 271
1 1032
1 831
1 951
1 608
1 948
2 490
2 1003
2 1034
1 605
2 572
1 1050
2 400
2 579
2 615
2 538
2 88
1 248
1 493
1 14
1 360
1 971
1 81
1 316
2 435
2 329
1 651
1 831
2 195
1 437
1 556
1 642
1 539
2 1014
1 60
2 139
2 216
2 116
1 684
1 384
2 213
1 131
1 516
1 731
1 240
2 469
2 1022
1 529
2 624
2 592
1 34
1 801
2 180
1 176
1 739
1 576
1 277
2 261
2 638
2 88
1 627
1 903
2 917
2 1028
2 320
1 401
1 1013
1 139
2 800
2 689
1 907
1 675
1 775
1 663
1 530
1 205
1 761
1 549
2 612
2 645
2 870
1 401
2 639
1 755
2 162
2 860
2 16
1 414
2 502
2 789
1 702
1 37
1 849
1 804
2 352
2 5
1 647
2 327
2 257
2 1025
2 990
1 766
2 785
1 565
2 743
1 1019
2 1
2 309
1 308
1 626
1 16
2 423
2 300
1 964
2 108
1 424
2 39
2 378
1 1037
2 623
1 818
1 236
1 366
2 546
2 179
2 274
1 687
1 264
1 390
1 503
2 993
2 640
1 874
2 418
2 420
1 287
1 391
2 980
1 926
1 1042
1 835
2 433
2 733
2 915
1 354
2 1007
1 620
1 68
2 251
2 101
1 435
2 95
1 537
2 856
2 233
1 691
1 872
2 466
1 886
1 396
1 876
1 123
1 492
2 879
2 986
1 367
1 459
2 723
2 547
2 218
2 895
1 200
2 993
1 65
1 32
1 26
2 256
2 466
1 31
2 146
1 476
1 710
2 368
1 992
1 787
2 856
1 56
2 880
2 85
1 357
1 386
1 479
2 130
1 802
2 677
2 968
2 491
2 145
2 425
2 453
1 942
2 272
1 899
2 98
2 590
2 930
2 513
2 412
1 317
1 434
2 749
2 221
1 35
1 997
1 1032
2 69
2 47
2 982
1 414
1 406
2 115
2 907
2 58
2 834
2 447
1 125
2 122
2 641
2 821
2 46
2 794
2 373
2 881
2 852
1 821
1 663
2 908
2 577
2 204
2 613
2 190
1 233
1 824
2 377
2 365
1 54
1 532
2 287
1 520
2 500
1 410
2 255
2 415
1 432
2 416
1 826
2 963
2 530
2 718
2 994
2 1015
2 173
2 699
2 945
2 394
1 1031
1 265
2 22
1 318
1 916
1 827
1 738
2 787
1 18
2 885
2 275
2 919
2 222
2 28
2 41
1 106
1 199
2 962
2 63
1 618
1 92
1 156
1 273
1 338
2 886
2 18
1 689
2 1047
1 402
2 851
1 492
2 650
2 196
2 276
1 645
1 90
1 518
1 377
2 1023
1 784
2 1004
1 956
1 215
2 439
1 666
2 751
1 120
1 278
2 353
2 311
2 300
1 905
2 966
2 921
1 772
1 231
1 706
1 375
1 403
1 229
1 741
1 697
1 917
2 462
1 586
1 992
2 543
2 772
1 310
1 767
2 126
2 17
1 478
2 596
1 884
1 353
2 672
2 9
2 879
1 911
1 978
1 523
2 810
2 436
2 43
1 497
2 301
1 867
1 528
1 811
2 340
2 715
2 811
2 798
2 820
1 75
1 800
1 1040
2 577
1 249
2 882
2 196
2 102
2 109
2 226
1 53
2 573
2 365
1 374
1 1046
2 31
2 157
1 304
1 177
2 245
1 684
2 374
1 199
2 776
1 637
1 8
1 635
2 693
2 457
1 796
1 606
2 700
1 472
1 745
1 571
1 587
2 825
2 877
2 505
1 506
2 670
2 429
1 293
2 795
2 625
2 504
1 475
1 226
1 483
1 123
1 957
1 168
1 349
2 219
2 947
2 805
1 267
2 106
1 94
2 391
2 999
1 203
2 966
2 422
2 223
2 442
1 117
2 524
2 934
1 961
1 564
2 838
1 178
1 329
2 938
1 634
1 363
1 488
2 389
1 1016
1 680
1 38
2 629
1 735
2 180
2 535
1 812
2 762
2 716
2 122
1 742
2 957
2 443
1 114
1 561
1 330
2 974
2 994
2 897
2 746
2 560
1 128
1 950
2 78
2 694
1 212
2 716
1 717
2 76
2 906
1 624
2 370
1 113
1 983
1 728
1 1008
2 72
1 723
1 288
2 259
1 217
1 446
2 491
2 205
2 702
1 569
1 925
2 529
2 237
1 426
2 13
2 737
1 539
1 325
1 238
2 522
2 836
2 909
1 441
2 224
2 775
2 740
1 175
2 326
1 859
1 822
1 952
1 317
1 397
1 408
2 519
1 148
1 782
2 1003
2 600
1 714
1 290
1 321
1 419
1 140
1 342
2 591
2 845
1 765
2 104
1 304
2 452
2 445
1 654
2 375
2 671
2 756
1 816
1 342
1 234
1 189
2 136
1 544
2 963
1 646
1 91
2 805
2 425
2 150
2 744
1 918
1 894
2 677
2 62
1 76
1 631
1 228
2 727
2 483
1 201
2 932
2 665
2 590
1 975
1 267
1 910
1 848
1 241
2 481
2 851
2 724
1 99
2 781
1 210
1 422
1 210
1 974
1 250
2 423
1 1010
1 339
1 315
1 929
1 438
1 392
1 450
2 326
2 303
1 668
2 207
2 762
2 323
1 388
2 248
1 678
1 607
2 356
1 803
2 960
2 484
2 769
2 707
1 954
1 428
1 726
2 99
1 24
2 511
2 378
2 439
2 991
1 35
2 266
1 4
2 780
2 747
1 47
1 393
2 774
2 980
1 184
2 715
1 1
1 383
2 613
1 294
2 888
2 548
1 211
2 578
2 600
1 158
2 160
1 298
1 857
2 280
1 875
2 229
2 193
1 105
1 19
1 10
2 253
1 615
1 254
1 721
1 969
1 471
2 603
1 361
1 202
2 893
1 363
1 387
1 347
2 222
2 453
2 1020
2 28
2 757
2 204
2 854
1 777
1 520
2 629
1 297
2 806
1 160
2 334
1 311
1 321
1 786
2 768
1 1029
2 135
2 1023
2 81
1 593
2 570
1 132
1 90
1 138
2 191
2 818
1 891
2 643
1 626
1 595
1 752
1 61
2 258
2 741
1 360
2 355
2 15
1 745
2 299
1 790
2 871
1 22
1 307
2 853
1 656
1 1013
1 488
1 240
2 858
1 636
1 260
1 77
2 487
2 84
1 967
1 674
1 109
1 379
1 385
1 165
1 147
1 628
1 486
2 456
2 364
2 664
1 1037
2 747
1 366
2 760
1 634
1 404
2 187
2 850
1 513
1 769
1 224
1 794
2 690
2 503
2 103
1 1045
2 667
2 472
1 947
1 557
1 620
1 508
2 1009
2 809
2 862
1 576
2 760
1 340
1 557
2 23
2 8
1 63
2 554
2 343
2 754
1 979
1 315
2 522
1 1021
2 681
1 411
1 45
1 228
2 82
1 972
2 683
2 334
1 42
2 346
1 259
1 1022
2 1007
2 314
2 802
2 1015
2 991
2 237
1 32
2 242
1 456
1 749
1 19
2 112
1 890
1 154
2 933
2 532
1 959
2 495
2 314
1 807
1 59
1 427
2 674
1 555
1 553
2 57
2 1045
1 292
2 705
2 658
2 949
2 1038
1 610
1 4
2 232
1 78
2 359
2 842
1 692
1 1046
1 683
2 17
2 941
2 209
2 561
1 115
1 164
2 844
1 1002
2 80
2 764
2 161
1 302
1 575
2 169
2 785
2 298
2 523
1 350
1 494
2 51
1 274
1 764
2 815
2 567
1 1028
1 431
1 779
2 174
2 566
1 182
2 134
1 928
1 525
2 559
1 790
1 270
1 417
2 839
1 918
1 97
2 627
1 665
2 647
2 940
1 1039
1 246
1 133
2 969
2 243
1 932
1 352
1 36
1 354
2 995
1 833
1 673
1 152
1 861
1 68
2 617
1 543
1 976
1 744
2 218
1 79
1 889
1 533
2 44
2 502
1 490
1 292
1 857
1 187
1 999
1 956
1 398
1 485
1 823
1 899
2 137
2 936
2 1005
1 86
1 914
2 521
1 573
1 217
1 89
2 782
2 263
1 846
2 631
2 718
2 1044
2 336
2 372
1 935
1 853
2 381
2 443
1 562
2 275
1 950
1 598
1 688
1 1040
1 662
1 27
1 904
2 3
1 251
2 989
1 939
2 501
2 59
2 381
2 332
2 192
1 24
1 176
2 813
2 66
2 933
2 1012
2 868
2 505
2 192
1 858
2 1025
1 428
1 814
1 639
1 146
1 611
2 828
1 699
1 538
2 813
1 465
1 542
2 962
1 714
2 566
2 987
1 836
1 767
1 383
1 648
2 20
2 536
2 900
2 214
2 902
2 409
1 262
2 912
1 1030
2 73
1 808
1 307
2 550
1 2
1 544
1 400
1 855
2 770
1 288
2 61
2 717
2 283
2 62
2 328
2 450
2 559
2 203
1 313
1 420
1 1005
2 765
2 361
2 746
1 344
2 460
2 531
2 214
2 29
1 704
2 601
2 129
1 45
2 748
2 912
1 48
2 232
1 887
2 105
1 668
1 978
2 498
2 998
1 177
2 804
2 937
1 574
2 902
2 459
2 657
2 709
1 1008
1 40
2 257
1 486
2 263
1 53
2 580
2 793
1 1039
1 822
1 552
1 852
1 258
2 874
1 3
1 672
1 628
1 603
1 924
1 489
2 783
1 215
1 87
2 464
2 190
1 707
1 356
1 1047
2 239
1 23
1 493
1 1018
1 70
1 405
1 882
2 195
2 570
1 970
2 467
2 96
2 946
1 653
2 617
1 510
1 606
1 869
2 876
2 345
2 302
2 134
2 386
2 170
1 666
2 939
1 179
2 516
1 370
2 586
2 568
1 709
1 1049
2 393
1 405
1 346
1 977
2 255
1 734
2 244
2 964
1 635
1 454
1 336
2 216
2 708
2 756
2 54
1 722
1 610
1 444
2 124
2 534
2 252
1 864
1 294
2 841
1 351
1 376
1 540
1 333
1 888
1 644
2 896
1 860
2 977
2 145
2 322
1 1038
2 331
1 873
2 698
2 854
1 973
1 341
1 347
2 395
2 883
2 385
1 382
1 560
1 1000
2 1035
1 797
1 861
2 30
1 783
2 306
1 478
2 286
2 547
1 411
2 269
1 394
1 936
2 427
2 409
2 641
2 479
2 471
1 583
2 121
1 796
2 7
2 633
1 324
1 362
1 327
2 496
2 575
1 1043
2 922
1 158
