2600 5000
2 1058
2 1244
1 399
1 889
1 724
2 613
1 936
1 924
2 1207
1 391
1 1252
1 340
2 979
1 1097
1 373
2 955
1 378
2 807
1 989
2 436
2 81
1 475
1 1184
2 1283
2 1249
1 156
1 610
2 832
2 611
2 1188
2 1230
1 920
1 786
1 196
1 486
2 511
1 701
1 123
1 525
1 169
2 465
1 522
1 912
1 785
2 520
2 541
2 386
2 1045
1 390
2 92
1 698
2 1299
2 834
1 424
2 247
1 1110
1 61
2 452
1 302
2 56
1 495
2 649
2 1277
1 982
1 1285
1 110
2 55
1 959
1 745
1 1298
1 823
1 300
2 740
1 105
1 266
2 1221
1 1296
1 28
2 1044
1 998
2 632
1 851
2 564
2 98
1 204
2 327
1 328
1 857
1 361
2 155
1 370
2 138
2 697
1 938
2 510
1 462
2 1075
2 1130
2 454
1 1072
2 1226
1 222
2 1044
1 673
1 347
2 131
1 317
1 229
1 1253
1 205
2 1086
2 1298
2 34
2 881
2 1193
2 63
1 19
1 559
1 54
2 972
2 1010
1 533
2 20
1 1113
1 926
2 682
2 450
1 1292
2 1000
1 999
2 1228
2 215
2 1091
2 18
1 1156
1 896
2 1290
1 350
1 1036
1 389
2 1149
1 292
2 822
1 817
1 806
2 91
1 774
2 843
1 539
2 1237
2 838
1 858
1 334
2 694
1 162
1 400
2 1093
1 1243
1 696
2 391
1 1153
1 170
2 781
2 506
1 331
2 1172
2 865
2 374
1 239
2 1141
1 565
2 208
1 424
2 1222
1 68
2 54
2 524
1 465
1 303
2 537
1 1196
1 835
2 608
2 132
2 497
1 412
2 17
2 780
1 703
1 665
1 146
2 179
1 338
1 1143
2 582
1 58
2 568
1 30
2 600
2 1112
2 352
2 555
2 900
2 650
1 830
2 26
2 520
1 469
2 370
2 508
1 1221
2 86
1 480
1 866
1 888
1 554
1 291
1 1083
1 1108
1 863
1 1186
1 643
1 545
1 1214
1 712
2 897
2 518
2 734
2 963
2 619
1 476
2 960
1 685
1 280
2 523
1 1206
1 770
2 932
2 1163
1 42
2 608
1 340
1 872
2 1280
2 41
2 978
1 1147
1 37
2 762
1 515
2 111
1 723
1 1198
1 1217
1 157
2 67
2 296
1 276
2 248
1 8
1 152
1 766
2 1207
2 1248
2 384
1 1167
2 487
2 128
1 350
1 720
1 905
1 903
2 153
2 1125
2 750
2 389
2 53
2 49
2 348
2 824
1 189
2 222
1 569
1 786
2 492
1 1214
1 480
2 376
2 237
1 249
1 855
1 271
1 302
1 1190
2 1231
2 278
2 1091
2 573
2 431
2 845
1 1208
2 417
1 922
1 122
1 570
2 367
2 516
1 760
1 427
2 1276
2 1113
2 220
1 1159
2 775
1 381
1 403
2 940
2 1027
2 294
1 1072
2 330
2 187
2 826
1 412
1 129
1 93
2 453
1 578
2 104
2 361
2 904
1 91
2 722
1 1238
1 1291
2 942
2 1288
1 1081
1 846
2 42
2 787
1 145
1 1300
2 833
2 762
1 1028
1 245
2 936
2 464
1 754
2 985
2 1252
2 1013
2 22
2 194
2 757
2 988
1 502
2 51
1 787
1 507
1 404
2 944
2 960
1 1176
2 525
1 432
2 644
2 874
2 392
2 850
2 1168
2 294
2 396
1 89
2 1197
2 667
2 501
2 1149
2 242
1 866
2 71
2 1001
2 919
1 1272
1 782
1 434
1 880
1 683
2 1080
2 279
2 890
1 390
2 726
2 29
2 1100
2 908
1 813
2 540
1 246
1 177
2 532
2 706
2 371
2 1289
2 1064
2 1039
1 289
2 241
2 1101
2 526
1 470
1 1249
2 598
1 21
1 1087
1 1065
1 429
2 590
2 1268
1 583
2 756
1 1209
2 761
2 901
2 1118
1 1297
2 1256
1 887
2 77
1 190
2 438
2 638
1 1229
1 27
2 1295
1 1060
2 263
2 1234
2 565
2 1171
2 1261
2 334
1 1246
2 1135
1 140
2 33
2 199
2 969
1 268
1 824
2 693
1 1280
2 909
2 577
2 231
2 113
1 718
2 402
1 732
1 1267
1 1284
2 560
2 252
2 690
1 567
1 158
2 1033
2 695
1 952
1 1205
1 618
1 664
2 1095
1 1030
1 517
1 943
2 354
1 758
1 307
2 207
1 572
2 175
2 543
2 958
2 1208
2 1282
2 809
1 562
2 375
1 727
2 43
2 206
2 124
2 115
1 149
2 171
1 28
2 339
2 844
1 758
2 40
2 709
2 43
1 671
1 840
2 175
1 728
2 407
2 471
1 653
1 1136
1 147
2 548
2 440
2 244
2 388
1 200
2 1295
2 400
2 1274
2 223
1 224
1 32
2 384
2 558
1 704
1 183
1 925
1 839
1 599
2 472
2 1203
1 320
2 865
1 820
1 1
2 1047
1 811
2 755
1 456
2 216
2 841
2 34
1 912
1 1177
2 1237
2 927
1 433
1 1067
1 1185
2 1028
2 586
1 119
2 1274
2 488
2 950
1 975
2 446
1 431
1 541
2 321
1 33
1 173
2 533
1 579
2 599
1 311
2 14
2 601
2 634
2 1244
1 542
2 1199
1 917
2 1069
1 1040
2 1141
2 777
2 192
2 855
2 916
2 1054
1 445
2 935
1 1235
1 227
1 423
2 1264
1 1137
1 127
1 403
1 609
2 1227
2 754
1 217
1 467
1 945
1 112
1 715
2 974
2 269
2 164
2 771
1 618
2 1296
2 1046
1 584
2 1173
1 1129
2 1144
1 181
1 2
2 781
2 114
2 704
1 966
1 819
1 1062
1 341
1 120
2 1026
1 321
2 203
2 897
1 232
2 1187
2 780
1 721
1 196
1 1248
1 1212
2 1163
2 968
1 792
2 478
2 751
1 527
2 617
1 388
2 64
2 4
1 1172
1 1189
2 998
1 906
2 509
1 417
2 825
2 709
1 848
1 790
1 1049
2 942
1 113
1 812
1 449
1 95
1 201
2 1003
2 1142
1 158
1 655
2 1203
2 1233
1 746
2 426
2 283
1 556
1 5
2 1290
2 160
1 1048
1 617
2 860
2 779
1 968
1 375
2 442
1 870
2 694
2 486
2 309
1 571
2 56
1 94
1 554
1 793
2 262
2 328
2 556
2 1135
2 7
1 233
2 1037
1 691
2 1212
2 588
1 347
2 49
2 684
1 401
1 948
2 571
2 513
2 642
1 552
1 654
2 730
2 944
1 449
2 1105
1 908
1 106
2 143
2 903
1 1034
2 1063
1 1138
2 975
1 134
2 271
2 373
1 401
2 502
2 1032
2 1108
1 226
1 995
1 404
1 718
1 862
1 596
2 885
2 44
2 1254
1 387
2 651
2 1066
1 114
1 614
1 1211
2 662
2 630
1 258
2 290
2 907
1 312
2 420
1 1112
1 489
2 1217
2 699
2 622
2 1155
1 236
1 265
2 992
2 1178
1 519
1 1201
1 691
1 957
1 306
1 345
1 359
2 915
2 821
2 1016
1 530
2 593
1 1006
2 702
1 352
2 631
2 949
2 923
2 1051
2 1255
1 119
2 669
1 885
1 1104
1 1278
2 1273
2 1209
2 752
1 437
2 976
1 1226
1 1042
2 78
2 1038
1 1007
1 282
2 923
2 256
2 1239
1 904
1 625
2 116
2 1056
2 405
1 569
2 281
2 209
1 387
1 549
2 288
1 64
1 1057
2 1181
1 725
1 531
2 832
2 1014
2 583
2 1134
2 308
2 727
1 1008
2 130
2 877
1 120
1 385
2 849
2 570
2 147
1 1213
2 335
2 587
1 330
1 293
2 86
2 297
1 473
1 1146
1 581
2 411
2 884
2 320
1 1251
1 1059
2 336
2 337
2 358
2 1029
2 621
2 1151
1 451
2 1082
1 1020
2 1109
2 136
1 945
1 259
2 592
1 967
2 808
1 893
1 37
1 711
1 111
1 141
2 1231
2 1245
2 353
2 1050
2 1110
1 125
1 322
1 916
1 1210
2 991
1 681
1 986
2 38
1 724
1 1000
2 1011
1 592
1 1225
1 888
2 179
1 739
1 1037
1 1232
2 929
2 215
2 406
2 131
1 596
2 1005
1 487
2 767
2 736
2 310
1 895
2 447
2 692
2 1180
1 917
1 272
1 447
1 1191
1 226
2 30
2 356
2 237
2 774
2 363
2 876
2 594
2 78
2 501
1 381
2 1215
1 142
2 260
2 203
2 931
2 676
2 710
2 1229
2 517
2 118
2 814
2 973
1 207
2 69
2 1023
1 47
1 1178
1 213
2 68
2 510
1 1299
2 88
1 827
2 688
1 368
1 924
1 597
2 168
1 219
1 281
1 315
1 1132
2 107
1 201
1 1182
2 1102
1 640
2 930
1 1254
2 714
2 1161
2 902
2 307
1 707
2 1279
2 496
1 680
2 738
1 920
2 659
2 470
2 937
1 1088
1 326
2 1094
2 474
1 247
1 941
1 631
2 218
2 629
2 1174
2 800
1 150
1 209
1 981
1 721
2 1124
1 1024
1 566
1 198
2 1288
1 505
2 185
1 273
1 723
2 166
2 411
1 939
1 268
2 1075
1 735
2 1204
2 39
2 939
2 57
1 289
2 674
2 837
2 836
1 1085
2 793
1 744
1 165
1 887
1 848
2 624
1 1035
2 1100
2 898
1 672
2 666
2 696
2 491
1 873
1 1061
1 332
2 377
2 1188
2 5
2 345
1 729
1 1240
1 121
1 1228
2 48
1 136
1 611
2 1119
1 296
2 230
1 521
2 587
2 1022
2 686
2 840
2 59
1 274
1 112
1 9
2 117
1 878
2 607
1 1165
2 744
1 398
2 1260
2 324
2 1076
2 677
2 965
1 560
1 566
1 794
2 910
1 310
2 227
1 757
2 1016
1 386
2 1120
1 1242
1 180
2 493
2 1123
1 993
1 298
1 273
2 153
1 76
1 868
1 875
1 1230
1 767
2 864
2 962
2 791
2 1118
2 963
1 1136
1 937
1 1183
2 1086
1 1180
2 472
2 211
1 1242
1 455
2 27
1 163
2 62
2 717
1 220
2 1070
1 825
2 1133
2 105
1 701
1 1054
1 83
2 624
1 1042
1 238
1 883
1 673
2 434
2 87
1 31
1 604
2 41
2 430
2 928
1 829
1 1156
1 1247
2 605
1 996
1 1140
2 512
2 1255
1 142
2 956
2 648
1 1150
2 751
2 1093
2 836
2 597
1 305
1 160
1 436
1 1026
1 946
1 1104
2 703
1 642
2 660
1 1060
1 1001
2 133
2 14
2 473
1 325
1 689
2 218
2 605
1 514
1 539
2 44
1 317
2 1116
2 983
1 1015
2 248
2 178
1 797
1 1281
1 743
1 283
2 769
2 961
2 11
2 504
2 620
2 872
1 1041
1 667
1 416
2 459
1 31
1 441
1 736
1 1084
1 197
2 116
1 1161
1 528
1 748
2 50
1 686
2 1166
2 970
1 47
1 1269
1 670
2 928
1 259
1 1194
2 1162
2 277
1 1019
1 312
2 514
2 636
2 339
2 971
2 1103
1 788
1 1158
2 699
2 329
1 1109
2 475
2 498
1 297
2 344
2 1170
1 1150
1 811
2 1265
1 538
1 1199
1 994
1 1005
1 899
2 863
1 1169
1 532
2 483
1 1250
1 508
2 805
2 1004
2 933
1 74
2 983
1 741
2 171
2 240
2 714
2 315
1 1
2 372
2 768
1 1173
1 438
1 285
1 831
2 138
2 1195
2 284
1 708
1 496
1 961
2 641
2 1074
1 1107
2 687
1 71
1 1126
1 867
2 211
2 181
2 186
2 106
2 9
1 79
2 615
2 1283
2 469
2 234
1 834
1 575
2 141
1 544
2 1152
1 1053
2 649
2 1222
1 479
1 1036
2 1196
1 1300
2 299
1 448
1 676
1 603
2 20
1 85
2 1219
1 197
1 713
2 954
1 293
1 206
2 949
1 149
1 205
2 443
2 1157
2 23
1 549
1 466
2 759
1 103
1 742
2 839
2 977
2 1071
2 313
2 609
2 862
2 552
2 860
1 1282
2 627
2 1152
2 290
1 1073
2 1017
1 1048
2 202
2 911
1 1202
1 946
1 287
1 710
1 10
2 524
2 336
1 819
1 635
1 1015
2 96
1 329
1 900
1 669
2 441
1 974
1 255
2 737
2 652
2 1297
2 771
1 130
2 108
1 255
1 643
2 74
1 1022
1 1157
1 1292
2 995
2 574
2 602
1 219
1 357
1 1068
2 369
1 394
2 485
2 815
2 314
1 128
1 788
2 981
1 1184
1 228
1 632
1 547
1 755
2 1216
1 284
1 1223
2 104
1 907
2 189
1 325
2 799
2 808
2 588
2 1293
2 511
2 1041
2 409
1 1169
1 884
2 241
1 1131
2 610
1 262
2 180
2 535
2 512
2 1025
2 831
2 705
2 576
2 878
2 505
1 235
1 1128
1 581
2 102
2 658
2 769
1 72
1 299
1 1013
1 765
1 595
1 602
1 309
1 356
2 749
1 953
1 730
1 1045
1 1121
2 300
2 437
2 155
1 913
2 690
1 371
1 926
2 117
2 852
1 1160
1 743
1 1106
2 10
2 637
2 526
2 601
2 612
2 1094
2 616
2 626
1 882
1 635
1 1052
1 1084
2 415
2 39
1 1130
1 980
2 1187
2 957
2 914
2 364
1 653
2 337
1 372
1 1227
2 1012
1 323
1 522
1 796
1 295
2 562
2 257
1 951
1 1147
2 891
1 353
1 500
1 795
2 1224
1 1071
1 764
1 1148
2 625
1 393
1 633
2 1017
1 1064
1 1098
1 1043
2 228
2 212
1 962
2 955
1 360
2 806
1 640
2 188
2 463
1 225
1 458
2 1074
2 75
1 162
2 168
2 636
1 816
2 53
1 109
2 65
1 846
2 90
1 231
1 1170
2 1124
2 1103
2 1260
1 856
1 1232
1 458
2 67
2 304
1 1259
1 213
2 198
1 48
2 319
2 94
1 1051
1 177
1 159
2 303
1 151
2 693
2 327
1 374
1 491
1 777
1 861
1 1049
2 421
2 844
2 1070
1 365
2 24
2 1021
1 630
2 706
1 1215
2 1270
2 879
2 746
2 108
2 933
2 399
1 461
1 23
2 838
2 482
1 859
1 589
1 102
2 311
1 922
1 1224
1 835
1 929
1 1077
1 107
2 871
1 898
1 143
2 668
1 1014
2 1106
2 1144
2 418
2 1039
2 188
1 633
1 1198
1 675
2 1092
2 45
2 557
2 595
2 656
2 186
1 478
1 854
1 707
1 546
1 46
1 976
2 845
1 509
1 677
2 1220
2 272
2 1096
2 867
1 1146
2 118
2 137
1 499
1 1185
2 550
2 366
2 1192
2 1119
1 1241
1 265
1 210
1 174
1 1213
1 1190
2 918
2 679
1 818
2 258
1 57
2 921
2 1159
1 575
1 1166
2 144
1 719
2 125
2 619
2 996
2 467
1 818
2 801
2 210
1 383
2 1067
1 428
1 1090
1 503
2 1223
2 542
1 87
1 591
1 698
1 319
2 493
2 692
2 430
2 935
1 421
1 368
2 204
2 994
1 191
1 841
1 313
1 1069
2 668
1 828
1 223
2 711
2 660
1 759
1 490
1 776
2 579
1 151
1 1097
1 176
2 1065
2 791
1 16
1 614
1 99
1 672
2 622
2 879
1 1272
1 737
1 984
2 589
1 25
2 987
2 577
1 101
2 555
2 60
1 257
2 1253
2 810
2 1101
2 45
1 135
1 891
1 1281
1 947
1 956
1 476
2 1089
2 3
2 894
1 333
1 700
2 1061
2 1043
2 154
2 267
2 1151
2 280
1 362
1 393
1 364
1 163
1 395
1 1145
2 1233
2 306
2 732
1 414
2 184
1 482
2 697
1 139
1 242
1 277
1 19
1 95
2 1125
1 807
1 778
1 1142
1 301
2 1019
2 346
2 1148
1 573
2 38
2 553
1 662
2 52
1 89
1 615
1 439
1 1009
1 1011
2 849
2 267
1 468
2 264
2 396
1 16
1 1082
1 880
2 973
1 789
2 915
2 1122
1 892
1 580
1 1275
1 126
1 842
2 32
1 221
1 687
2 748
2 1286
1 902
2 413
1 591
1 167
1 1105
1 986
2 1078
2 646
2 1114
1 251
2 784
1 225
2 1102
1 1029
2 382
1 739
2 140
1 638
1 680
2 674
1 645
2 905
2 324
1 792
2 1286
2 498
1 934
2 66
2 815
2 1239
1 1235
1 623
2 156
1 874
2 354
1 448
2 97
1 323
1 165
1 773
2 551
1 291
2 557
1 800
1 73
1 796
1 195
2 1200
2 804
1 425
1 628
1 397
1 515
2 1034
1 200
1 829
1 161
2 29
2 380
2 408
2 251
1 123
2 419
2 869
1 528
1 953
2 474
2 997
1 563
1 367
2 856
2 827
2 85
2 688
2 666
2 1193
1 1031
1 612
1 1201
1 713
2 919
2 847
2 648
1 775
2 444
1 285
1 639
2 366
1 485
1 275
2 1033
1 126
2 1197
2 1210
1 717
1 507
2 934
2 490
2 756
2 1121
1 249
1 1053
1 22
2 1276
2 246
1 295
1 518
1 947
1 1002
1 585
1 1116
2 695
2 655
1 1154
1 506
1 1177
1 993
2 735
1 1218
1 1122
2 982
2 580
1 1158
2 444
1 1095
1 12
2 859
2 235
2 80
1 657
2 80
2 842
1 383
2 331
2 239
2 594
1 623
2 359
2 264
1 150
2 451
1 395
1 1032
2 645
1 233
1 270
1 761
2 182
2 985
1 921
1 959
2 1081
2 405
1 823
2 343
2 964
1 821
1 1258
1 50
1 1088
2 1068
2 1055
1 169
1 190
2 35
1 670
2 471
2 1278
1 1263
1 1256
1 634
2 1129
2 193
1 121
2 1126
1 1164
2 987
2 978
2 26
2 413
1 559
2 794
2 1062
1 338
1 765
1 24
1 148
1 656
1 379
2 548
2 950
1 254
2 705
1 1089
2 182
2 1120
1 342
1 98
2 254
2 822
2 279
1 432
2 584
2 1087
1 876
2 385
1 1294
1 725
2 446
1 639
2 410
2 1018
2 657
1 647
1 911
2 1186
1 1294
2 984
2 494
2 341
2 466
1 376
1 561
1 76
1 144
2 516
2 990
1 1176
1 314
1 261
1 1273
2 25
2 1216
2 1021
1 606
2 484
1 1200
2 429
1 453
1 1204
2 1287
1 1023
1 488
2 82
1 948
2 868
2 75
1 461
1 240
2 1202
1 715
2 918
1 6
2 837
2 1025
2 492
1 489
1 157
1 152
1 178
2 930
1 419
1 970
2 224
1 965
1 245
2 1225
2 783
1 1002
1 456
1 292
2 1085
2 427
2 1251
2 1171
1 1243
1 1128
1 477
1 1117
1 901
2 407
2 700
2 351
2 892
1 1291
2 146
1 176
1 772
2 88
2 1079
2 741
1 712
1 572
2 644
2 778
2 989
1 979
2 202
1 664
1 495
1 221
1 675
1 1079
2 1059
2 1096
1 1009
1 544
1 343
2 238
2 658
1 333
2 109
2 1010
1 445
2 869
2 1007
1 195
1 708
1 604
1 439
2 877
2 1284
2 503
2 342
1 70
1 1153
1 184
2 6
2 65
2 1024
2 851
1 828
2 620
1 457
2 1236
2 537
1 1066
1 11
1 170
1 809
1 795
2 550
2 1160
1 1179
1 582
1 1073
2 678
2 1139
1 1205
1 260
2 1063
1 768
2 843
1 776
1 497
1 402
2 810
2 773
1 460
2 1038
1 785
1 454
1 616
2 73
2 426
1 804
1 1140
1 422
1 682
2 1018
2 1263
2 685
2 304
1 316
2 598
2 12
1 749
1 1080
2 84
1 558
1 243
2 194
1 450
1 62
1 66
1 613
1 477
1 256
1 871
1 966
2 1275
1 523
1 663
1 857
2 606
1 766
1 850
2 1192
2 858
2 172
1 627
1 1123
1 55
1 499
1 763
1 318
2 494
2 360
1 659
1 536
1 79
2 797
1 270
2 52
2 1271
1 167
2 1245
2 416
2 435
2 326
1 288
2 81
2 734
1 651
1 977
2 145
1 1030
2 1133
1 464
2 1131
1 1266
2 1265
1 369
2 1189
2 563
2 943
1 99
1 455
1 521
2 192
1 440
2 51
1 199
2 679
1 663
1 1115
1 895
1 129
2 720
2 1115
2 1195
1 1261
2 452
1 462
1 1270
1 318
2 377
2 1289
1 173
1 1250
1 216
2 938
1 899
2 789
2 134
1 2
1 1154
2 628
1 990
2 1246
2 1165
1 1241
2 504
2 172
1 420
1 349
2 1078
1 84
2 349
2 803
1 1267
2 650
2 547
2 261
2 997
1 1055
1 853
2 406
1 1077
2 661
2 665
2 684
2 392
2 553
1 1240
2 409
1 275
2 513
2 529
1 278
2 418
2 1183
2 1266
2 875
1 443
2 463
2 1211
2 1076
2 63
2 814
1 174
1 433
1 864
1 59
1 77
2 826
2 308
2 1155
1 772
1 890
2 1236
2 1174
1 1127
1 1277
1 1262
2 603
1 652
2 726
1 752
2 906
2 214
2 101
2 60
1 1137
1 69
1 847
1 820
1 46
1 574
2 535
2 853
1 881
1 1098
1 415
1 745
1 799
1 394
2 740
1 97
1 250
1 1164
2 1271
2 243
1 534
2 932
1 593
1 747
2 422
1 607
2 103
1 805
1 742
1 546
2 1257
2 1257
1 382
1 468
1 1182
1 58
1 425
2 803
2 110
1 1287
2 269
2 931
2 232
1 600
2 886
1 952
1 298
1 1027
1 529
2 731
2 1167
2 1175
2 779
1 92
1 217
1 813
2 457
1 1040
1 925
2 365
1 380
1 191
1 244
2 13
2 830
2 287
1 1220
1 534
1 626
2 1264
1 782
1 1168
1 70
1 428
1 964
1 729
2 133
1 733
1 954
2 1194
1 435
1 253
1 362
2 722
1 969
2 96
2 753
1 1004
2 683
1 764
1 379
1 992
1 17
1 183
1 127
2 484
1 1268
1 967
2 148
2 1099
2 1175
1 410
1 18
2 154
1 567
2 647
2 355
1 753
1 585
2 1162
2 185
1 1003
2 927
2 1293
1 536
1 1247
1 883
2 236
1 802
2 358
1 763
2 253
2 590
1 1138
1 1219
1 1279
1 678
2 1179
1 124
1 100
1 747
2 15
1 716
2 886
2 958
1 991
1 621
2 1139
1 716
2 731
1 72
1 1238
2 719
2 798
1 1132
2 8
1 132
2 654
1 790
2 15
1 122
1 423
1 1058
1 999
1 500
1 483
2 4
1 988
1 481
1 164
2 1259
2 1020
2 316
2 137
2 551
2 702
1 1052
1 689
1 728
2 82
1 1117
2 282
1 1285
1 351
1 971
1 980
1 187
2 1035
2 1143
1 833
1 1206
1 543
1 36
2 538
2 812
2 1107
2 36
1 208
1 234
1 1127
1 1262
1 346
2 363
1 941
2 530
1 139
2 322
2 414
2 783
2 870
1 355
2 332
2 817
2 1031
2 861
1 286
1 301
2 889
1 1012
2 378
2 760
2 93
1 909
2 646
1 578
1 894
2 335
1 61
1 681
1 1046
2 481
1 564
1 90
2 852
1 637
1 784
2 83
1 910
1 100
2 398
2 230
2 13
2 561
1 661
2 35
1 798
1 229
1 531
2 972
1 286
2 940
1 770
1 1092
2 629
1 1111
1 893
2 1056
1 135
1 733
1 1218
1 274
1 263
2 1191
2 527
1 896
1 214
1 641
2 460
2 738
1 1114
1 1008
2 3
1 193
2 212
2 1099
1 397
2 854
1 305
1 159
1 252
1 540
2 442
1 21
2 1057
2 408
2 586
2 40
1 7
2 1006
2 671
1 276
2 1111
1 250
2 115
1 348
2 801
1 1269
1 1090
1 1258
1 802
2 1181
2 161
1 816
2 266
1 882
1 576
2 951
1 1047
1 913
2 914
2 519
1 545
1 873
2 1134
1 1083
2 459
2 344
1 479
1 357
2 1145
2 568
2 166
1 1050
1 1234
2 750
