2600 6500
1 692
1 913
1 576
1 1023
1 1167
2 664
1 46
1 475
1 679
1 1055
1 681
2 799
1 1041
2 794
2 459
1 950
1 893
2 1171
1 40
1 1289
1 903
1 37
2 778
2 129
1 842
2 1077
2 108
2 51
1 1131
1 260
2 249
1 251
2 1051
1 928
2 280
1 733
1 696
1 517
1 987
2 995
2 162
1 658
1 993
2 608
2 413
2 524
1 1055
1 866
2 100
2 154
1 332
1 1119
2 682
2 1254
2 841
2 482
2 625
1 489
2 806
2 283
1 1097
2 597
1 960
2 989
1 122
2 911
1 1159
1 24
1 761
2 644
1 591
1 799
2 1115
1 419
1 1026
2 663
1 70
1 194
2 50
1 614
1 1264
2 910
2 669
2 1256
2 961
1 202
1 396
1 759
2 1243
2 729
1 382
1 1106
1 460
1 278
1 694
2 381
2 143
2 230
2 31
1 93
1 651
1 383
1 1244
1 962
1 770
1 941
2 521
2 138
1 373
2 716
1 129
2 151
1 16
1 592
1 1154
1 432
2 1286
2 49
2 488
1 614
2 579
2 562
2 555
1 412
2 895
1 694
1 335
1 39
2 1024
2 25
2 11
1 737
1 982
1 619
2 446
1 634
1 1261
2 1239
2 838
1 273
2 151
2 169
2 382
2 349
1 676
2 1244
1 652
1 936
2 937
1 499
2 371
1 352
1 1240
2 384
2 1229
1 161
1 1259
1 73
2 394
2 17
2 168
1 1260
1 980
1 1237
1 446
2 164
1 743
1 871
2 1202
1 652
1 376
1 410
2 826
1 658
1 115
2 329
1 969
2 48
1 559
1 88
2 665
2 906
1 587
2 173
2 525
2 793
1 367
1 515
1 263
1 82
1 872
1 1180
2 1117
2 1160
1 201
1 929
1 1072
1 869
2 360
2 532
2 704
2 520
1 215
2 485
1 1156
1 820
1 982
1 732
2 495
2 634
2 1054
2 1200
2 258
2 564
2 174
1 52
2 736
2 621
2 841
1 175
1 955
2 298
2 380
2 46
1 905
1 1284
2 38
1 197
1 543
2 90
1 93
2 654
2 135
1 716
1 1225
1 1252
2 159
1 45
2 96
2 176
1 670
1 28
2 5
1 404
1 153
2 810
1 388
2 183
2 1185
1 629
2 33
1 126
2 107
2 1161
1 626
1 636
1 360
1 960
2 417
2 1273
2 875
2 385
2 68
2 726
1 1236
1 1267
1 1033
1 440
1 557
1 266
1 45
2 285
2 1175
1 939
2 947
2 873
1 249
1 99
2 1011
2 237
2 983
2 514
1 89
2 669
2 745
2 1056
1 852
2 1189
2 31
2 549
2 74
1 318
1 789
1 293
2 271
2 753
1 18
2 326
2 1099
2 470
1 22
2 1079
2 1086
1 798
1 602
2 255
2 4
2 516
1 1253
1 842
2 526
2 476
1 1027
2 478
1 860
1 1219
2 17
2 554
1 1158
1 771
2 480
2 113
2 866
1 417
1 978
2 1009
1 208
1 1275
1 1049
2 1015
2 765
2 224
1 980
2 687
1 822
2 739
2 1129
1 192
2 1061
1 904
2 219
1 431
2 261
2 807
2 261
1 1105
2 1018
2 274
1 33
1 164
1 1223
2 848
2 854
2 23
1 1059
1 914
2 1198
1 590
2 510
2 357
1 444
2 986
1 1271
2 1102
1 565
1 830
2 1031
1 1209
2 492
2 317
2 315
1 767
2 905
2 392
1 1233
1 177
1 380
2 824
1 44
2 676
2 878
2 902
1 225
1 352
1 1169
1 34
1 247
1 1088
2 1036
2 944
1 291
2 160
1 678
2 844
2 979
1 815
1 1069
2 585
2 934
2 384
1 901
2 313
1 189
2 721
2 253
2 94
2 500
1 9
1 462
2 771
1 381
1 1070
2 288
2 285
2 868
2 456
2 1298
1 147
2 361
1 341
1 853
1 55
1 1217
2 171
1 717
1 1211
2 832
1 432
2 325
1 1197
2 106
2 319
2 28
2 230
1 675
2 1298
1 92
1 1030
2 262
1 612
1 254
1 262
2 638
1 1056
1 1138
2 307
2 1167
2 1084
1 781
2 530
1 791
1 688
1 393
1 832
2 427
2 649
1 106
1 1038
2 70
1 1110
1 147
1 81
2 1111
2 795
2 63
1 333
1 1297
1 522
1 464
1 448
2 788
1 552
2 1232
1 594
1 1030
1 829
1 1228
1 1041
1 97
2 800
1 113
2 368
1 1102
2 855
1 132
2 346
2 1132
2 918
1 766
1 132
1 496
1 847
1 640
2 1121
1 1005
2 461
1 69
1 223
2 568
1 816
2 107
1 558
2 327
2 582
1 551
1 1299
1 1090
2 304
2 18
2 2
2 563
1 1155
2 963
2 1053
1 413
1 1230
2 1034
2 707
2 1017
2 1140
2 502
2 26
2 1013
2 882
2 1269
1 745
1 350
1 421
1 340
1 245
2 561
2 510
2 865
1 485
2 436
2 1125
1 396
1 105
1 753
1 222
1 695
2 238
1 870
2 297
2 323
1 258
1 592
1 145
1 443
2 788
1 295
1 710
2 613
1 720
1 289
1 277
2 750
2 746
2 498
1 1264
1 179
1 1124
2 240
2 653
2 891
1 937
1 410
1 1082
2 1272
2 977
2 784
2 1260
2 478
2 863
1 764
1 1142
1 506
2 387
2 8
1 105
2 362
1 365
1 881
1 956
2 228
2 628
2 376
2 400
1 1104
1 488
1 1002
2 1248
1 970
2 476
2 868
1 235
2 964
2 951
1 814
2 1208
1 659
1 1133
2 673
2 83
2 56
2 1028
2 465
2 1109
1 460
1 462
2 680
1 184
2 598
1 536
1 375
2 389
1 291
2 1269
2 29
2 818
2 1043
1 558
2 442
1 900
1 185
2 290
2 466
2 646
1 62
1 1101
2 541
2 23
2 1120
2 653
1 1192
1 215
1 467
1 1137
1 1248
1 1088
2 908
2 91
2 611
2 666
1 835
2 430
2 418
1 886
2 425
2 674
1 54
1 689
1 1095
1 523
2 1174
1 834
2 1263
1 163
1 1144
2 540
1 794
1 135
1 645
2 782
2 651
1 170
1 596
2 1060
2 738
1 1031
1 636
2 817
2 751
1 931
1 717
1 964
1 58
1 156
2 128
1 560
2 42
2 703
1 1218
1 698
1 34
1 438
1 537
2 294
2 1179
1 719
1 302
1 877
2 1065
2 181
1 263
1 814
2 110
2 984
2 861
2 491
2 313
2 897
2 907
1 779
1 192
2 985
2 772
1 1230
2 954
2 188
2 741
1 856
1 191
1 269
2 306
1 1077
2 1162
1 1255
1 925
2 927
2 121
2 1195
2 1164
2 1096
1 562
1 1195
1 1207
1 1218
1 77
2 1140
1 1135
2 1203
1 529
2 239
2 600
1 251
1 242
1 1251
2 15
2 916
1 471
1 1137
2 83
1 119
2 1107
1 727
1 1090
1 370
1 781
2 938
1 403
1 14
2 1094
1 325
2 80
1 1181
2 477
2 423
1 920
2 631
1 1092
1 844
1 375
1 1188
2 671
1 953
2 892
1 1146
1 650
2 608
1 726
2 1258
2 836
2 331
1 314
1 1128
2 762
2 43
1 1213
1 403
1 398
2 429
2 442
2 118
2 265
1 545
2 641
1 612
1 1183
1 470
2 613
1 725
1 103
2 394
1 820
2 859
2 642
2 957
2 125
2 1203
2 317
2 864
1 635
2 59
2 802
2 974
2 404
2 206
2 947
1 809
2 1181
2 453
1 550
2 856
2 451
1 1266
2 1058
2 624
2 1180
2 677
2 259
1 90
2 899
2 924
2 1284
2 1021
2 162
2 457
1 421
2 412
2 857
1 364
2 217
1 166
2 1163
2 660
2 767
1 686
1 1139
2 212
2 750
1 486
1 1199
2 973
1 1280
1 1035
2 1042
2 1011
1 124
2 112
2 840
2 742
1 700
2 998
2 713
1 623
1 557
2 627
1 681
1 32
2 730
1 243
1 68
1 540
2 1249
1 846
1 487
1 1237
2 796
1 141
1 86
2 935
2 609
1 472
2 631
2 1245
1 479
2 1100
2 234
2 467
1 1071
2 494
1 693
2 1064
1 956
1 1300
1 677
2 1124
2 355
2 140
2 924
2 690
1 1024
2 1098
1 1025
2 801
1 304
2 838
1 714
2 232
1 1275
2 458
1 1278
1 552
2 1110
2 1040
2 583
1 948
1 1234
2 758
1 991
1 52
1 209
2 831
2 324
1 1231
2 130
1 768
2 1266
2 294
2 645
1 220
2 216
2 1036
1 302
1 1006
1 167
2 762
2 775
1 971
2 944
1 441
2 763
2 1148
2 20
1 1014
2 393
2 530
2 546
2 890
2 1246
2 374
1 851
2 1066
2 67
1 691
2 288
1 581
1 873
1 71
1 1009
1 791
1 746
2 595
1 991
2 957
1 408
1 821
1 468
1 1
2 573
1 1263
1 116
1 734
2 1096
2 616
1 483
1 521
2 493
2 8
1 247
2 1234
1 837
1 351
1 1239
1 1004
2 273
1 549
1 1282
2 453
2 41
1 89
1 1210
1 1048
1 320
2 833
1 848
1 777
2 784
2 35
2 659
1 845
2 491
2 1037
1 1212
2 1191
2 496
1 347
2 278
2 235
2 1246
1 96
1 203
1 804
2 374
2 1236
2 292
2 456
1 91
2 615
2 1283
1 1259
2 630
1 210
1 638
2 474
2 75
1 368
2 131
1 464
2 1179
2 1089
1 702
2 722
2 1270
1 816
1 686
2 568
1 880
1 383
1 790
2 996
2 806
2 127
1 409
1 1291
2 544
2 120
1 359
1 43
1 1162
2 602
2 121
2 1182
1 406
2 351
1 819
1 111
1 604
1 914
2 1157
2 101
2 808
1 172
1 231
2 187
1 433
1 864
1 1280
2 952
2 190
1 211
2 1270
1 61
1 798
2 233
2 449
1 846
2 988
2 402
2 917
1 133
1 1034
1 539
1 1012
1 114
1 1152
1 134
2 1214
2 755
1 1241
1 826
2 601
1 749
1 1166
1 4
2 246
2 525
2 20
1 1220
2 1273
2 484
2 709
1 1032
1 1166
1 535
2 422
1 1221
1 818
2 615
2 1085
1 38
1 461
2 586
2 566
2 321
2 320
1 1182
2 290
2 267
2 223
2 420
2 1134
1 314
1 1117
2 1153
1 140
2 858
1 661
2 740
1 715
2 1152
2 348
2 1118
2 1091
2 65
1 609
2 371
2 1121
2 963
2 511
1 689
2 932
1 42
2 939
1 881
2 890
2 53
1 1089
2 445
1 1012
2 858
1 1228
2 880
2 40
1 353
1 1103
2 292
2 198
2 532
1 719
2 143
2 150
1 828
1 1057
1 900
1 621
2 778
1 1299
2 755
2 32
1 471
1 445
1 286
1 570
2 1227
2 1002
1 952
2 136
2 769
2 434
2 1288
2 611
1 1134
2 307
1 103
2 983
1 1000
2 26
1 406
2 1145
2 1032
2 426
2 434
1 1227
1 891
1 275
1 693
1 407
2 205
1 728
1 1151
1 517
2 754
2 47
1 782
2 373
2 943
2 933
1 188
1 961
2 206
2 222
2 787
1 275
1 673
1 391
1 555
2 144
1 1067
1 337
1 793
1 287
1 37
1 1060
2 570
2 769
1 946
2 511
2 632
2 941
1 57
1 1249
2 974
2 177
2 971
2 123
2 996
2 178
1 870
1 1272
1 58
1 315
1 675
1 321
2 597
1 339
1 179
2 59
1 79
1 723
1 5
1 534
1 305
1 656
2 284
1 720
2 241
1 405
2 505
2 1287
2 932
2 378
2 605
2 452
2 328
1 822
2 372
1 1245
2 428
2 660
2 853
1 1258
1 509
2 535
1 370
2 366
2 518
2 594
1 259
2 1073
1 1046
1 519
2 208
1 1128
1 624
1 802
1 940
2 217
1 289
1 338
1 760
2 578
1 447
1 527
1 835
2 362
2 209
2 721
1 414
2 1242
1 435
1 1147
1 586
2 84
1 712
2 472
1 792
1 587
1 695
1 513
1 865
1 279
1 98
2 724
1 1224
2 598
1 537
1 185
2 160
2 1187
2 1017
1 216
1 190
1 253
1 69
2 9
2 165
2 180
2 975
2 30
2 630
1 268
2 902
2 834
1 703
1 133
1 21
1 1039
2 1116
1 1047
1 270
1 1147
2 338
2 212
2 735
2 919
1 667
1 831
2 997
2 270
1 193
1 683
1 78
1 22
1 1073
1 578
2 682
2 922
2 931
1 430
1 226
2 194
2 515
2 701
1 951
1 1155
2 1199
2 655
1 756
1 11
2 169
1 743
2 1268
2 1039
2 1027
2 1109
1 912
2 155
2 1204
2 756
1 845
1 1300
1 297
1 936
1 548
2 1295
1 57
2 916
1 1213
2 450
1 523
2 508
2 727
1 221
1 1296
1 1221
1 752
2 213
2 706
2 644
2 912
1 1067
2 72
2 567
1 999
1 1099
2 855
2 657
2 1148
1 741
1 581
1 512
2 542
1 473
2 1080
2 458
1 1265
2 1193
1 684
2 167
2 571
2 53
1 650
1 1093
1 81
2 752
2 1168
1 1139
1 543
2 859
2 538
2 139
1 141
1 1095
1 213
2 837
2 759
2 1085
2 777
2 1005
2 801
1 656
2 1231
1 519
2 622
2 1079
1 975
2 127
1 601
1 244
1 775
1 257
1 416
2 272
2 1226
2 698
1 718
2 1063
2 493
1 879
2 1177
1 328
2 95
2 967
1 1295
1 2
1 1007
1 622
2 828
2 561
2 353
2 1045
2 648
2 836
1 1010
2 1159
2 1196
2 237
2 146
2 1296
1 1209
1 440
1 708
2 1169
2 707
2 988
2 920
2 978
1 1149
2 6
2 1289
2 901
1 1261
2 773
2 610
2 455
2 240
2 849
1 44
1 792
2 1113
1 282
2 534
1 566
1 322
2 200
2 714
2 992
2 1114
2 60
1 1007
2 883
2 949
2 580
2 766
2 1265
1 872
1 1150
2 402
2 150
2 862
1 1076
2 1192
2 1123
1 305
1 550
2 874
2 962
2 332
2 1078
1 73
1 490
1 976
2 1172
1 1291
1 1287
1 1136
1 1075
2 200
1 487
2 863
2 662
2 789
1 774
1 705
1 484
2 423
1 85
2 538
1 357
1 1183
1 1204
2 148
1 66
2 1252
2 343
1 146
1 173
1 497
2 296
2 1100
2 281
1 1290
2 893
1 790
2 876
2 139
2 1086
2 225
1 101
1 919
1 41
2 1216
1 312
2 1163
2 674
2 1141
2 588
1 1111
2 1046
1 118
2 577
1 343
1 267
1 763
1 163
2 254
1 256
1 1026
2 948
1 1285
1 577
2 390
1 227
2 958
1 817
2 617
1 1201
1 1087
2 547
2 625
1 365
1 424
2 803
2 945
2 805
1 906
2 334
2 804
2 633
2 358
1 122
2 803
1 78
2 271
2 152
2 992
2 966
1 207
1 323
2 390
2 469
1 1131
1 454
2 504
1 821
1 27
1 709
1 869
1 272
1 839
2 705
1 226
2 134
2 76
1 761
1 99
2 110
1 885
1 773
1 60
1 894
1 899
1 1250
1 465
2 287
2 114
1 633
2 774
2 1016
1 1108
2 483
1 908
2 886
2 909
1 825
1 503
2 968
2 1170
2 1003
1 239
1 429
1 603
1 696
1 887
2 159
1 942
1 1235
1 813
1 35
1 1255
1 416
2 785
1 997
1 545
2 986
1 347
2 704
1 1091
2 1251
2 386
2 839
2 342
2 731
2 574
1 757
1 1006
2 1059
1 298
2 690
1 248
1 426
1 731
2 244
1 316
1 1058
1 1294
2 1233
2 811
2 504
1 740
2 293
1 823
2 1080
2 1072
1 990
2 82
2 884
2 663
2 1277
1 411
1 509
1 276
2 311
2 341
2 508
2 910
2 144
1 1206
1 301
2 349
2 65
1 379
2 1103
2 501
2 589
1 437
2 316
2 80
2 72
1 876
1 137
1 296
1 166
2 170
1 266
2 329
1 242
1 186
1 572
2 191
2 569
2 27
1 1020
1 1149
2 94
2 395
2 447
1 51
2 643
1 1145
2 776
2 318
1 1150
2 198
2 1057
2 1063
1 433
2 100
1 1197
1 1279
2 1202
1 224
2 142
2 1176
1 531
2 1144
1 299
2 503
1 1015
2 1078
1 1293
1 342
1 252
2 764
1 71
1 1172
2 843
1 193
1 923
1 990
1 976
2 1070
1 780
1 1130
2 671
1 760
1 334
1 973
1 559
1 785
2 797
2 584
1 451
1 1044
2 199
2 934
2 6
2 786
2 1083
2 498
1 409
2 62
2 10
2 25
2 765
1 280
1 1081
2 363
1 921
1 824
1 1256
1 391
1 340
2 894
2 499
1 1271
1 21
1 202
2 699
2 979
1 354
2 556
2 884
1 154
1 335
2 138
1 309
2 415
1 1130
1 109
2 366
1 1160
2 1003
1 812
1 576
1 560
1 569
1 13
1 702
2 363
2 264
1 718
1 136
1 1053
1 124
1 575
2 1206
2 618
1 680
2 153
2 926
1 1142
1 276
1 401
2 214
2 1247
2 805
2 892
1 984
2 214
1 79
1 300
2 1050
2 1022
1 1001
2 378
1 800
2 1276
2 137
1 708
1 229
2 228
1 30
2 827
2 424
1 1288
1 639
1 739
2 662
1 1292
2 1250
1 238
2 655
1 1092
2 742
2 104
2 1101
2 599
2 668
1 1068
2 1127
2 481
1 1161
2 219
2 744
2 1257
1 203
2 1093
2 852
1 1113
1 994
2 178
2 685
1 3
2 428
2 1200
1 815
2 1193
1 1071
2 734
2 295
2 857
1 1064
2 1223
1 431
1 92
2 715
1 269
2 1208
2 1001
2 819
2 77
2 528
2 595
2 584
2 877
1 182
1 808
1 463
2 74
1 87
2 457
1 36
2 3
2 571
2 182
1 414
1 311
1 626
2 125
2 1274
1 131
1 155
2 565
1 345
1 76
1 195
1 1000
1 917
2 265
1 968
1 700
1 593
1 786
2 236
2 946
2 274
2 1177
1 590
2 400
1 967
1 989
2 1138
1 1122
1 336
2 1176
2 710
2 1282
2 1021
2 1222
1 286
1 1235
1 949
2 207
2 618
2 748
2 1285
2 607
2 452
1 437
2 1049
2 885
2 64
1 50
1 647
2 639
1 685
1 923
1 724
1 1043
2 1205
1 909
2 250
2 1084
2 264
1 303
2 895
2 925
1 1196
1 97
2 236
1 119
2 1025
2 903
1 898
1 1207
1 1050
2 1054
2 415
2 1276
1 553
2 88
2 1047
2 1074
2 502
1 211
1 556
1 904
1 220
2 1232
1 494
1 811
1 1185
2 490
2 589
1 1115
1 39
2 942
2 737
2 729
2 345
2 748
1 736
1 678
1 1029
1 468
1 102
2 1045
1 500
1 401
1 596
1 420
1 1262
1 691
2 635
2 1184
2 711
2 168
2 24
2 1226
1 130
2 701
2 607
1 854
2 1066
1 610
1 1219
2 389
1 241
1 439
2 372
2 807
1 994
2 255
2 887
2 149
1 827
2 310
1 1294
1 972
2 526
2 367
2 344
2 1035
1 1153
2 654
2 199
2 299
1 516
1 489
2 985
2 874
1 1165
2 218
2 1151
2 85
2 1141
2 145
2 126
2 309
1 350
2 889
1 108
2 940
1 830
1 617
1 109
1 377
1 1279
2 479
1 63
2 533
1 7
1 310
2 1075
1 359
1 1171
1 268
1 1004
2 75
1 524
2 1215
2 965
1 1190
2 115
1 554
1 1135
1 747
2 1038
1 1062
2 809
1 1048
1 833
2 1262
1 927
2 1290
1 55
1 867
2 1126
1 1133
2 1108
2 593
2 667
2 128
1 648
1 1277
1 480
1 49
1 36
2 1175
2 847
1 1164
1 260
2 620
1 733
1 966
2 117
2 1173
2 1087
1 688
2 450
2 851
2 1014
2 564
2 1094
1 1215
1 1104
1 861
2 336
2 308
1 1081
2 875
2 322
1 1132
2 481
1 205
1 12
1 19
2 954
2 1068
2 930
2 1194
2 888
2 1212
2 1125
1 303
1 250
2 47
1 888
2 637
2 647
1 911
2 245
1 1267
1 398
1 514
1 1194
2 840
1 377
1 672
1 507
2 330
1 399
2 1189
1 438
1 348
1 1112
1 553
2 713
2 829
1 730
2 443
2 531
1 120
2 1129
2 7
1 797
2 744
2 1122
2 326
1 1
1 907
1 455
1 1107
2 862
1 1013
1 1241
1 580
1 152
1 1143
1 248
2 331
1 679
2 1062
2 495
1 579
1 257
2 657
2 620
2 98
1 1201
2 970
1 977
1 95
1 507
2 588
2 843
1 358
1 279
2 19
1 935
1 1220
2 572
1 1243
2 448
1 513
1 697
1 758
2 897
2 306
1 319
2 1018
2 327
1 454
1 1083
1 482
2 86
1 1283
1 512
2 1120
1 1216
1 783
1 56
1 783
2 221
1 683
2 243
2 1052
2 1217
1 711
1 283
2 738
2 1188
1 171
1 1074
1 123
1 174
1 1097
2 355
2 1022
1 232
1 642
2 889
2 157
2 548
1 246
1 541
1 117
2 441
2 161
2 922
2 563
2 231
1 1222
1 883
2 723
1 1278
2 397
2 181
1 623
2 616
2 643
2 1281
1 281
1 1082
2 735
2 1254
1 751
2 497
2 346
1 641
2 356
2 1118
1 599
2 1170
1 1008
1 591
2 757
1 547
1 867
2 928
2 1281
2 1136
2 1214
1 1154
2 459
2 646
1 665
1 546
1 1292
1 399
2 176
2 324
2 469
1 1186
1 411
1 795
1 536
2 436
2 227
1 712
2 301
1 282
1 449
1 1020
1 195
2 165
2 395
1 1119
2 61
2 1178
2 1225
1 473
1 333
2 486
1 361
1 672
2 1198
2 356
2 252
2 148
1 955
1 933
1 1033
1 1114
2 142
2 776
1 1065
2 998
2 684
1 871
1 1143
2 229
1 1156
2 407
1 234
1 12
1 501
2 149
1 444
2 898
2 542
1 539
2 1187
1 339
2 958
1 183
1 1184
2 728
2 879
1 13
2 344
2 813
1 197
1 959
1 1029
2 520
1 379
1 603
1 1174
2 945
2 938
1 706
1 369
1 175
1 337
2 1247
1 619
1 1168
2 112
2 1173
1 573
2 104
1 780
2 29
2 605
1 529
1 779
1 575
1 64
1 915
2 972
2 10
1 1146
1 969
2 354
1 1019
1 1286
2 747
2 929
2 1210
1 463
2 475
1 668
1 1044
2 995
1 277
2 419
1 606
2 218
1 640
2 84
2 632
2 950
2 1028
2 1105
1 196
2 649
1 1098
1 913
1 492
2 233
2 466
1 1229
2 405
1 754
1 1076
1 408
1 477
1 158
2 204
2 204
1 201
2 1123
1 1257
1 172
2 1191
2 66
1 1238
2 418
1 768
2 1052
2 629
1 1240
1 787
1 1253
2 582
1 882
2 1224
1 1010
2 300
2 697
2 180
2 186
1 528
2 518
2 722
1 1205
2 48
1 921
1 16
2 627
1 606
1 959
1 527
2 732
1 87
2 102
1 67
2 312
1 583
1 187
1 1008
1 1238
1 111
1 896
1 1268
1 308
2 425
2 397
2 770
1 1106
1 1016
2 878
2 670
1 474
1 1042
1 1069
2 1051
2 189
2 506
1 1127
1 385
1 158
2 692
2 116
2 699
1 860
2 392
1 1126
1 1190
1 926
2 1040
2 1186
1 1165
2 1023
2 666
1 953
2 1157
2 505
2 772
1 330
1 284
2 422
1 999
2 585
1 1158
1 427
2 435
2 823
1 896
1 439
2 14
2 628
1 1019
1 1274
1 850
1 812
2 749
1 993
1 661
2 1211
2 796
2 849
2 987
2 600
2 965
1 1242
1 637
2 825
1 687
1 522
1 184
1 533
1 387
2 574
1 364
2 1116
1 1112
1 544
2 551
1 664
2 54
2 604
2 1061
1 918
1 1037
1 369
1 196
2 15
1 256
1 850
1 981
1 915
1 157
2 725
2 943
2 156
1 1297
1 1293
2 567
1 930
1 386
2 981
1 388
1 810
1 1178
1 210
