2600 4000
2 1287
1 693
1 1264
2 411
1 1215
2 1209
1 1259
2 192
2 82
1 707
1 728
2 683
2 407
1 929
1 1259
2 1089
2 1186
2 506
2 1039
1 666
2 1090
1 61
1 462
2 336
2 599
2 71
1 942
2 74
1 1070
2 687
1 186
1 1022
1 103
2 381
2 306
2 165
2 160
1 898
1 493
1 284
2 309
1 1097
2 357
2 260
1 877
1 558
2 848
2 54
1 194
2 221
1 965
2 896
1 100
1 1208
2 390
2 962
2 992
2 458
2 349
2 1261
1 568
2 1298
1 268
2 1229
1 465
1 41
2 477
2 482
1 549
2 434
1 1254
1 177
2 145
1 201
2 856
1 657
1 620
1 496
2 1078
2 588
1 61
1 99
2 1032
1 1054
1 933
2 96
2 1102
1 219
1 830
2 297
2 387
2 1005
2 1143
2 1158
2 78
1 1183
1 94
1 1003
2 9
1 705
2 555
1 820
1 1118
2 950
2 68
1 224
2 16
2 1040
1 1192
1 503
1 1054
2 391
1 98
2 1253
1 1114
1 553
1 432
1 1280
1 1292
1 182
1 232
1 800
1 515
1 202
1 1093
2 312
1 1174
1 776
2 1236
1 1076
2 747
1 947
2 1121
1 622
2 499
1 1075
1 631
2 680
2 151
1 113
2 380
2 1094
2 975
2 355
2 287
1 250
1 624
2 1091
2 124
2 763
2 656
2 690
1 126
1 750
2 576
2 1147
2 160
2 1077
1 1117
2 560
1 1168
1 916
2 1246
2 980
2 289
2 1034
2 892
2 340
2 239
1 1112
2 35
1 110
2 40
1 470
2 317
2 294
1 946
2 696
1 667
1 389
1 648
2 204
1 356
2 435
2 754
2 436
1 253
1 1046
2 882
2 481
2 829
1 376
2 117
2 736
1 646
2 487
1 1241
1 843
1 404
1 939
1 1128
1 388
2 780
2 151
2 328
2 581
1 1291
2 712
1 730
1 914
2 532
2 84
2 178
1 869
2 836
1 190
2 615
1 538
2 121
1 623
1 332
1 1104
1 979
1 197
1 308
2 921
2 1029
1 1258
1 176
1 857
1 955
1 1011
1 961
1 490
1 102
1 54
1 473
2 162
2 630
1 875
1 64
2 43
1 983
2 49
2 1202
1 827
2 235
1 538
2 1157
2 1037
2 56
2 711
2 718
2 284
2 282
2 5
1 1275
1 150
1 679
2 504
2 556
1 987
1 594
1 207
2 763
2 218
2 1283
1 1012
1 172
2 193
2 870
2 202
2 724
2 915
1 803
1 839
2 1017
1 1207
2 555
2 740
2 510
2 1110
1 1107
1 1015
2 883
1 1112
1 55
2 286
2 288
2 928
2 182
1 467
1 203
1 102
1 895
2 926
1 217
2 989
2 853
2 450
2 463
1 1216
1 122
2 659
2 329
1 463
1 1224
2 1046
2 1122
1 643
1 103
2 371
1 585
1 1216
1 270
2 287
1 142
1 774
2 1107
2 920
2 856
1 821
1 567
1 384
2 401
1 1241
1 743
2 518
1 978
2 1156
2 206
2 1126
2 552
2 409
2 608
1 470
1 443
1 330
1 402
1 339
2 1125
1 606
1 793
1 928
2 1240
2 1243
2 858
2 813
2 1106
1 362
2 560
2 605
2 832
2 1246
1 729
2 398
2 850
2 874
1 1196
2 290
1 222
2 212
2 541
1 1141
2 997
2 784
2 1021
2 39
1 576
1 5
1 314
2 618
1 810
1 626
2 639
2 974
1 786
2 751
1 334
2 1163
1 862
1 333
2 561
1 945
1 330
1 156
2 546
2 788
2 514
2 351
2 1168
1 81
1 972
1 839
1 1064
2 386
1 798
2 882
2 885
1 835
1 233
1 59
2 1203
2 801
2 728
1 27
2 578
2 540
2 1052
2 783
1 1291
2 789
1 962
1 977
2 484
1 814
1 249
2 38
1 237
1 1043
2 699
2 439
2 1044
2 270
2 652
2 69
2 1290
1 53
2 469
1 303
2 421
2 156
2 254
1 924
2 801
1 519
1 985
1 1285
2 650
1 1249
2 85
1 253
2 1299
2 609
2 52
1 1114
1 365
2 1162
1 991
1 436
2 123
1 142
1 676
1 714
1 736
1 1229
1 689
1 196
2 967
2 75
1 329
2 17
1 137
1 445
1 122
1 695
2 393
1 593
2 448
1 855
2 1086
2 557
1 768
2 636
2 101
1 537
2 194
2 454
1 1057
2 507
2 91
1 686
1 86
1 1295
2 1016
1 440
2 1161
2 152
1 342
1 417
2 805
1 129
2 44
1 1175
2 640
2 95
1 331
2 355
1 627
1 310
2 53
1 575
2 298
2 1211
1 477
1 184
2 132
1 910
1 225
2 369
1 762
1 394
1 1238
2 837
2 744
1 1009
2 450
2 425
1 1270
2 908
2 1135
1 713
2 976
2 1278
2 337
2 767
2 707
2 1145
1 1067
1 217
1 297
1 438
1 366
2 99
2 1151
2 843
2 687
1 677
2 435
1 757
2 873
1 889
1 375
2 903
1 1079
1 263
1 422
2 735
1 968
1 1113
1 50
2 30
1 322
2 935
1 252
1 1245
1 1272
1 117
2 352
1 495
2 240
1 1226
1 353
1 242
1 359
1 860
2 902
1 220
2 181
1 1116
1 953
1 756
1 751
1 345
2 720
1 914
1 619
1 1225
1 1090
1 1209
1 311
2 452
2 1017
1 23
2 55
2 274
2 258
1 21
1 247
2 1298
1 185
2 429
2 779
1 908
2 62
2 403
1 805
2 126
2 1188
2 887
1 1221
2 1284
2 1189
1 229
1 846
1 250
2 1160
1 1
1 946
2 1265
1 1173
1 722
2 1231
1 610
1 1255
1 1182
2 675
1 1080
2 227
2 138
1 663
2 437
2 1235
1 8
2 313
2 815
2 787
2 536
2 29
1 741
2 666
1 1180
1 244
2 1014
1 690
1 586
2 361
2 1073
2 1286
2 944
2 860
2 453
2 1190
2 177
2 466
1 531
1 607
2 719
2 461
2 400
2 742
2 1127
2 243
1 563
1 610
1 1026
1 642
2 24
2 1144
2 92
2 601
1 295
1 1059
2 82
2 1276
2 762
2 649
2 609
2 1101
2 304
1 248
2 714
1 984
2 643
2 949
1 760
1 1108
1 1121
2 1083
1 577
1 711
2 757
1 590
1 960
1 343
1 1104
1 406
2 1266
2 204
2 1138
2 668
2 685
1 582
2 802
2 570
1 25
2 611
2 930
1 1064
2 147
2 1274
1 881
2 529
1 420
1 1066
1 524
2 1058
2 80
2 173
1 1297
2 49
2 7
1 277
1 698
2 605
1 476
1 949
1 305
1 1123
2 634
2 280
2 313
1 1267
2 1266
1 798
1 496
1 236
2 1247
2 890
2 912
1 604
2 27
1 1023
1 1057
2 1237
2 873
2 716
2 392
1 1126
1 484
1 397
2 817
1 201
1 1219
2 562
2 451
2 118
2 1074
1 542
2 1173
1 272
1 877
2 1219
1 997
2 900
2 651
1 831
2 545
1 210
1 1051
1 655
2 231
2 996
2 588
2 959
2 468
2 1274
2 1214
1 1198
2 556
1 1139
1 97
1 1206
1 887
1 982
2 175
2 228
1 418
2 172
2 824
1 810
2 1151
2 1281
2 682
1 710
1 367
2 1021
2 110
1 1143
1 834
1 10
2 1184
1 1152
2 338
2 635
1 725
2 792
1 1231
1 336
1 1081
2 535
2 1191
2 197
2 863
1 1146
1 1180
1 1108
1 1293
2 898
1 617
1 1035
2 385
1 1013
1 534
1 883
2 867
1 418
1 265
2 780
1 696
2 1208
1 180
2 645
2 671
1 1294
1 808
1 629
1 1293
1 106
2 1089
2 367
2 378
1 1071
2 672
2 29
1 1115
1 301
2 1074
1 973
1 1020
2 408
1 1032
2 688
1 111
1 448
2 878
2 1185
1 1279
1 199
2 45
2 347
2 1139
2 578
1 410
2 478
1 669
1 660
2 1195
1 424
1 870
1 66
1 626
2 1041
1 504
1 1201
2 1027
2 226
2 644
1 673
2 1154
1 1060
1 134
2 990
1 347
1 1250
2 413
2 497
2 698
1 179
2 583
2 488
2 1028
1 1156
1 675
1 96
2 984
1 7
2 819
1 569
1 215
1 1288
2 848
2 1113
2 136
2 235
2 1058
2 1227
2 1245
2 46
2 109
1 186
1 213
2 1228
2 594
1 246
1 559
1 755
2 651
2 155
1 774
1 552
2 913
1 272
1 405
1 733
1 1222
1 14
2 73
1 516
2 564
1 994
2 596
2 85
1 175
2 941
2 307
1 1128
1 214
1 57
2 169
1 1289
1 383
2 979
1 749
2 876
2 1232
1 851
1 682
1 1142
2 281
1 1179
2 804
1 426
2 1249
2 345
2 838
1 457
2 678
1 530
1 188
1 627
2 264
1 854
2 557
2 1068
1 508
1 161
2 6
1 200
2 241
1 1028
2 60
1 353
2 595
1 28
1 1127
2 98
1 543
2 813
1 702
2 39
2 346
1 150
1 167
2 311
1 430
1 1129
1 34
1 1148
2 154
1 1134
2 449
2 1172
1 911
2 637
2 892
1 1194
1 706
1 180
2 188
2 922
2 1144
1 271
2 787
1 292
1 779
1 485
1 809
2 672
1 919
2 1073
2 602
2 38
1 474
1 806
2 617
1 87
1 107
1 491
1 693
2 396
2 334
1 571
1 1263
1 414
2 232
2 889
2 81
1 327
1 743
2 263
2 796
2 1060
2 1136
2 927
2 69
1 275
2 1133
2 852
1 1178
2 1123
2 966
1 641
2 697
2 1243
2 382
1 3
1 764
1 1091
1 50
2 909
1 439
1 1213
2 922
1 441
2 1282
1 536
2 899
1 781
2 1096
1 1199
1 1131
2 114
1 1292
2 16
2 960
2 859
1 559
1 140
2 303
1 449
2 323
1 494
1 1065
1 238
2 1256
1 441
2 569
1 509
2 171
1 786
2 421
2 189
2 485
2 846
1 447
1 1262
1 1233
1 279
2 761
1 371
1 168
1 827
2 795
1 855
1 702
2 614
2 373
2 399
1 572
2 1014
2 878
1 1088
1 823
2 1052
2 952
1 772
2 995
1 321
2 225
2 431
1 590
1 1019
1 363
1 888
2 488
2 389
1 653
2 365
2 1290
1 483
2 1031
1 950
1 455
1 662
2 467
2 712
1 910
2 108
2 1187
2 198
1 685
2 954
1 580
1 1265
2 761
2 1179
2 306
1 140
1 189
1 896
2 1045
2 738
2 407
1 72
1 621
1 694
2 579
2 1271
2 1098
1 264
1 321
2 1025
1 420
2 34
1 825
2 220
2 587
1 602
1 533
1 348
2 708
1 670
1 635
1 558
2 121
1 592
1 668
2 283
1 825
2 1174
2 632
1 422
2 888
1 817
1 717
1 1197
1 1202
1 1084
2 1131
2 278
2 777
1 865
1 645
2 951
1 1086
2 667
2 599
1 632
1 1260
1 332
1 1094
2 772
1 344
2 398
2 624
1 596
1 141
1 864
1 1101
1 12
1 1116
1 969
1 1005
1 818
1 40
2 307
1 768
1 1276
2 88
2 1197
1 1184
1 680
2 471
1 1278
2 724
2 454
1 613
2 749
1 854
1 1268
2 691
2 876
2 483
1 568
1 943
2 47
2 315
2 1153
2 1030
1 547
1 1175
2 434
1 56
2 587
2 376
1 475
1 159
2 24
2 1122
1 598
1 475
2 664
2 784
1 1047
2 998
1 968
1 1075
1 67
1 1150
2 591
2 119
2 1062
2 766
1 37
2 943
1 1203
2 255
1 369
1 1124
2 335
2 534
2 532
1 790
1 849
1 356
2 999
2 505
2 65
2 516
2 788
2 314
1 1288
1 354
1 1258
1 936
1 1300
2 799
1 1212
2 498
1 215
2 828
1 581
1 863
1 15
1 886
2 726
1 1193
1 607
1 612
2 444
2 1212
2 412
2 89
1 548
1 704
1 1217
1 493
1 1068
1 1211
1 730
1 395
2 523
1 518
2 917
1 471
2 380
1 107
2 513
2 925
2 837
1 75
2 384
2 262
1 360
1 424
2 562
1 144
2 184
2 399
1 654
1 196
2 844
1 828
1 104
2 867
2 109
2 637
1 1260
1 251
2 512
2 36
1 84
1 489
1 339
1 1056
2 821
1 224
1 1002
2 8
1 911
1 1004
1 385
1 1210
1 302
2 650
1 32
1 983
2 223
2 283
2 548
1 1002
2 1218
2 604
1 528
2 862
2 1135
1 318
1 79
2 893
1 159
2 1095
1 1255
1 442
1 544
2 823
2 378
2 574
1 804
2 401
2 816
2 372
2 390
2 508
2 795
1 1124
2 1077
2 73
2 315
2 153
1 1081
2 200
1 563
2 929
2 176
1 1267
2 770
2 820
1 335
1 918
2 524
2 732
2 644
1 674
1 17
1 273
1 261
2 301
2 165
2 352
1 514
1 195
2 195
2 1084
2 545
1 597
2 734
1 476
1 661
1 227
2 1248
2 874
1 350
2 634
2 1092
2 591
2 738
1 350
2 886
2 550
1 164
1 171
2 4
1 416
1 104
2 320
2 703
1 535
1 364
1 1155
2 198
1 699
2 383
2 721
2 769
1 890
1 292
1 677
1 130
2 841
1 695
2 1110
2 1272
2 13
2 700
2 1226
2 393
1 773
2 163
2 799
2 1006
2 234
2 234
1 1047
1 603
1 933
1 26
2 324
1 727
2 526
2 753
2 400
2 1269
1 1221
2 509
1 891
1 1040
2 328
1 1076
1 660
2 501
2 1142
1 832
2 361
2 1281
2 1193
2 77
1 654
1 1063
1 663
2 464
1 593
2 22
1 652
2 377
1 771
2 885
1 852
1 1099
2 76
1 1010
1 331
2 1230
2 409
1 872
1 925
1 815
1 678
2 623
1 550
1 620
1 621
1 273
1 1282
2 139
2 139
2 267
2 101
1 1048
2 894
2 453
1 459
2 373
2 405
1 868
1 1299
1 600
1 1149
1 191
1 158
2 255
1 240
1 192
1 884
2 74
2 341
2 438
2 826
2 540
2 533
1 1222
1 261
1 1069
2 489
1 525
2 1103
1 549
1 913
1 902
1 665
1 269
1 573
1 745
1 124
1 656
2 858
2 492
1 847
2 136
2 30
2 162
1 48
1 451
1 700
2 1050
2 455
1 912
2 686
1 282
2 316
1 901
2 1051
2 277
1 551
2 951
2 838
2 300
2 822
1 47
2 1093
2 1233
2 115
1 375
2 459
2 70
1 447
1 326
1 413
1 1016
1 462
2 737
1 1199
1 166
1 865
2 905
1 174
2 479
2 368
1 278
1 1277
2 466
2 967
1 179
2 316
2 1030
1 1205
1 490
1 669
1 775
2 503
2 987
1 95
2 622
1 285
2 697
1 461
1 246
1 1019
1 606
1 936
2 1194
2 791
1 252
2 1109
1 494
1 286
1 648
1 903
1 58
2 19
1 759
1 41
1 351
1 1252
2 1210
2 720
2 446
2 1038
1 211
1 1059
1 497
1 308
1 571
1 178
2 526
1 655
1 790
2 392
1 907
1 48
1 298
2 1253
1 999
1 265
2 845
1 60
1 1279
2 853
1 884
2 500
1 213
2 416
1 222
1 1167
1 132
2 267
1 1011
2 288
1 1120
1 1207
1 31
1 233
2 256
1 994
1 480
1 746
1 505
2 14
1 157
1 1200
1 1158
1 909
1 575
2 320
1 254
1 819
1 64
1 971
1 1087
1 713
1 1062
1 794
2 1001
2 842
2 1008
2 193
2 26
1 1039
1 748
2 208
1 285
1 76
1 1165
2 539
2 939
2 415
2 115
2 1000
2 1186
1 964
1 1296
1 816
1 410
2 230
2 83
2 701
1 428
1 377
1 934
2 11
2 944
1 601
1 108
2 808
2 1056
1 1138
2 1029
1 269
2 842
1 363
2 452
2 187
1 469
2 1228
1 487
1 502
1 681
1 415
1 659
2 818
2 565
1 326
2 684
2 478
1 764
1 875
1 12
2 236
2 861
2 1155
1 406
2 199
2 153
2 133
2 92
2 1157
1 22
1 70
1 970
2 444
1 797
2 119
1 1154
2 1006
1 1275
1 18
2 1063
2 511
1 260
2 941
2 783
1 442
2 154
1 1100
2 625
1 296
2 72
1 703
1 948
2 1152
2 386
2 1050
1 1271
1 379
2 861
2 1148
1 302
2 1159
2 93
2 1242
1 427
2 566
2 127
2 1145
2 589
1 131
1 1147
1 100
1 1007
1 1217
2 1119
2 880
2 152
1 731
1 760
2 966
1 502
2 344
1 364
2 245
1 342
1 370
1 268
2 579
2 1072
1 1177
1 1187
1 1041
2 866
2 1118
1 998
1 248
2 318
1 1133
2 1130
1 715
1 641
1 565
2 45
2 457
2 986
2 118
2 1140
1 1036
1 134
2 1269
1 958
2 692
1 709
2 32
2 586
1 231
2 630
2 1170
1 726
2 840
1 256
2 528
2 1280
2 271
1 807
2 391
1 980
2 362
2 1080
1 495
2 649
2 937
2 266
1 658
2 281
2 299
2 681
1 1237
2 1230
1 1242
2 276
1 90
2 653
1 1130
2 259
1 891
2 789
2 1053
2 464
1 2
2 1182
1 636
2 1045
2 554
1 157
2 317
2 414
2 940
1 926
2 1261
1 474
1 1273
2 149
1 128
2 982
1 759
1 71
2 1009
2 472
2 1044
1 740
2 927
1 573
2 349
1 595
2 1111
1 1105
1 758
2 460
2 847
1 206
2 920
1 187
1 211
2 746
1 123
2 872
2 1065
1 778
2 940
2 721
1 1119
1 752
2 279
2 1043
1 1167
1 387
2 138
1 44
2 36
1 291
2 769
2 1036
1 1166
2 1025
2 1132
2 1244
1 468
1 811
2 358
1 1164
1 807
2 1162
2 1020
1 1033
1 1284
2 23
1 614
2 237
1 219
1 694
1 1239
1 1189
1 631
1 66
1 1
1 866
2 429
2 155
1 1072
1 1061
2 973
1 775
1 116
1 831
2 522
1 360
1 981
2 458
1 796
2 661
2 309
2 473
2 996
2 959
2 1236
2 1117
2 143
2 934
2 446
2 963
1 1000
2 546
1 826
1 1300
2 114
1 916
1 1201
1 745
1 245
2 146
1 989
2 79
2 704
2 1263
1 241
1 181
2 907
2 640
1 244
2 112
1 1268
2 417
2 120
1 203
1 129
2 296
1 723
2 647
2 923
1 275
2 1049
2 1191
2 1149
2 1132
2 257
1 972
1 388
1 527
1 319
1 305
2 1066
1 582
2 423
1 209
2 716
2 1262
1 1092
2 1235
2 773
2 739
1 553
2 986
2 498
1 135
2 443
2 465
1 78
2 1240
1 1171
2 251
1 77
2 1037
2 752
1 1125
2 633
2 507
1 628
2 42
2 259
1 1100
2 993
1 106
2 425
2 791
2 511
2 919
2 753
2 897
2 1078
1 1252
1 205
2 1164
1 871
2 293
1 293
1 991
1 1190
1 145
2 1079
1 603
1 2
2 1111
1 299
1 4
1 323
1 1289
1 748
2 133
1 1225
2 995
2 988
2 1048
2 249
1 879
2 600
1 517
1 1295
1 705
2 1140
1 341
1 993
2 340
1 741
1 1001
2 11
1 841
2 918
2 673
1 917
1 1010
2 322
1 169
1 512
2 647
1 732
2 43
1 955
1 214
1 530
2 881
2 840
2 765
1 715
1 814
1 629
2 812
2 163
2 906
2 954
1 864
2 952
2 692
1 1192
1 62
1 1023
1 1095
1 674
2 141
2 547
1 290
1 963
1 147
2 289
1 327
1 432
1 618
2 1087
1 359
2 205
1 1213
2 924
2 93
2 899
2 207
1 13
2 94
1 300
1 1003
2 1232
1 990
2 718
2 833
2 792
1 1049
1 961
2 170
2 719
1 131
2 915
2 938
1 1088
2 646
1 1297
1 742
2 243
2 521
1 1215
1 584
1 191
2 947
1 1099
2 164
1 1247
1 965
2 428
1 216
1 517
2 688
2 829
2 970
2 403
2 1198
2 938
2 10
2 608
2 710
1 89
2 658
2 223
1 1159
1 1227
2 1102
2 1141
2 734
2 433
2 616
2 577
1 1042
2 357
1 262
1 592
2 158
1 325
2 125
2 750
1 394
2 1013
2 671
1 857
2 513
1 501
1 419
2 664
2 146
2 597
1 258
1 1285
2 382
2 67
2 1137
2 1251
2 905
2 580
1 1097
1 1181
2 116
1 1061
2 1024
2 58
1 20
2 19
1 797
1 1251
1 166
1 221
2 381
1 63
1 1204
2 1161
2 411
2 144
1 845
1 295
1 1018
2 3
2 639
1 976
2 871
1 615
2 1082
1 542
2 906
1 59
1 849
1 42
2 725
1 893
2 744
2 665
2 1033
1 486
2 419
2 957
1 333
2 1250
2 1146
2 499
1 87
1 112
2 1098
1 619
1 519
1 956
1 445
2 456
2 1169
2 397
2 276
2 57
2 1055
1 931
2 598
1 733
2 408
1 25
1 527
2 958
2 354
2 127
2 1153
2 185
2 670
2 170
1 480
2 304
2 37
1 1165
2 65
1 628
2 1223
1 430
1 833
2 137
1 247
1 1115
1 167
2 706
1 31
2 570
1 431
1 280
2 992
2 395
1 969
1 412
2 679
2 964
1 1283
1 218
2 708
1 1007
2 822
2 52
2 794
1 492
2 97
1 1069
1 851
1 1136
2 242
1 33
1 274
1 765
1 230
2 904
1 83
2 683
2 957
2 894
2 1181
1 343
2 923
1 1026
2 372
2 722
2 657
2 1071
2 611
1 1015
1 522
1 161
1 676
1 358
1 294
2 148
1 662
2 803
2 1120
1 325
1 1264
1 717
2 174
1 551
2 1055
1 777
2 1034
1 1137
1 1257
1 1257
2 1008
1 105
1 1134
2 500
1 1183
1 1160
2 183
1 1273
2 216
2 942
1 684
2 1234
1 739
1 1024
2 1188
1 379
1 433
2 567
2 90
2 33
1 1105
1 785
1 404
1 921
1 1163
1 113
1 625
1 370
1 1287
2 1234
2 1270
1 515
1 168
2 80
1 51
1 1083
2 1096
1 930
2 125
2 9
1 482
1 1196
2 120
1 529
2 1256
2 729
2 561
2 1150
2 1109
1 111
1 971
2 423
2 1185
2 988
1 68
2 1195
1 521
1 948
1 541
2 935
1 735
2 143
2 859
1 1027
2 1035
2 1277
2 402
2 756
1 806
2 566
1 709
1 310
2 904
2 1176
2 1082
1 1200
2 977
2 701
1 486
2 953
1 51
1 135
1 975
1 584
1 544
2 879
2 932
1 956
1 148
1 613
1 782
1 771
1 834
1 1085
2 440
1 209
2 460
2 21
1 481
2 1206
1 1166
2 945
2 731
2 931
1 689
1 974
2 835
2 1070
2 238
1 291
2 35
2 1224
2 589
1 1238
2 1129
1 396
1 1169
2 778
2 1170
2 86
2 812
1 564
2 868
1 6
2 543
1 63
1 809
2 1177
1 737
1 638
1 105
2 1012
2 348
2 510
2 800
2 755
2 239
1 472
2 747
1 844
1 1178
2 130
2 15
1 319
2 266
1 1106
1 727
1 88
2 932
1 366
1 183
2 895
1 1042
1 520
1 802
1 691
1 937
1 776
1 491
2 128
1 897
2 793
2 520
2 479
2 1018
1 754
1 978
2 1038
1 1214
2 539
2 612
1 642
2 985
1 572
1 208
1 91
2 437
2 574
1 811
1 830
1 1004
1 324
1 537
2 374
1 1103
1 210
1 1218
2 981
2 337
1 766
2 585
2 374
2 427
2 1254
1 426
2 1294
2 368
1 523
2 346
2 869
1 723
2 226
1 212
1 229
2 1223
1 554
1 18
2 1220
1 1053
2 1204
2 1220
1 1286
1 1176
1 20
1 1031
1 770
2 190
1 1248
2 228
1 782
1 781
2 456
1 28
1 531
1 824
2 1244
1 1085
2 633
2 173
1 616
2 850
2 900
2 901
2 1067
2 312
1 1022
2 46
1 149
2 785
2 758
2 257
1 638
1 880
1 1296
1 525
1 1205
2 1239
1 338
1 1171
1 506
1 836
2 767
1 1172
2 583
