2600 3500
2 807
2 910
1 1062
1 625
2 471
1 400
1 913
2 47
1 121
1 376
2 661
2 671
2 520
1 471
1 835
2 476
1 751
2 859
1 600
1 493
1 240
1 472
2 50
2 1153
2 438
1 22
2 567
2 11
2 402
1 40
2 141
1 1085
1 779
2 767
2 684
1 383
1 2
1 495
2 786
1 995
2 607
2 403
2 409
1 498
1 100
1 1274
1 75
1 1232
1 183
2 1210
1 923
2 711
1 1224
2 582
1 190
2 558
1 1015
1 719
2 384
1 709
2 334
1 677
1 999
1 1129
2 571
1 516
2 869
2 441
2 381
2 704
2 620
2 261
2 17
1 96
1 91
1 353
1 672
1 911
2 932
2 195
1 813
2 768
2 88
1 240
2 935
2 867
2 1296
1 53
1 433
1 153
1 907
2 213
2 1270
1 964
1 833
1 1128
1 1258
1 318
2 617
2 194
2 775
2 1262
1 938
1 251
2 91
2 1060
2 904
2 1010
2 573
2 59
1 410
1 339
1 39
2 1152
2 1225
1 1135
2 546
2 410
2 851
2 1215
2 794
1 755
2 230
2 1030
2 112
2 750
1 315
1 238
2 733
1 612
2 1067
1 393
1 205
2 617
2 1098
2 839
1 90
2 502
2 860
2 101
2 846
1 1244
1 10
1 918
2 595
1 543
2 1038
2 878
1 928
2 642
2 490
1 425
2 968
2 889
2 74
1 907
2 328
2 624
2 1054
1 168
1 173
2 409
2 110
2 192
1 1211
2 129
2 658
2 1000
1 201
1 1169
1 1161
1 824
2 552
1 380
1 908
2 1092
1 743
1 707
2 429
1 467
1 1065
2 403
2 219
1 983
1 478
1 990
2 627
1 373
2 722
2 884
1 432
2 1289
1 298
2 175
2 1174
2 1088
1 1202
2 641
2 534
1 214
1 90
1 710
1 715
2 258
2 587
1 132
2 581
2 1135
2 996
1 708
2 1131
1 8
1 3
1 1279
2 80
2 1228
1 1117
2 591
2 723
1 306
2 1093
1 742
2 549
2 1297
2 185
1 525
2 178
1 1058
2 412
2 1218
1 1106
1 287
1 896
1 948
1 788
2 810
1 257
2 919
2 466
2 228
1 776
2 1104
1 539
1 469
1 56
1 799
1 245
1 672
1 1251
1 967
1 238
1 242
1 543
1 764
2 209
2 451
2 192
1 983
1 392
1 1280
2 836
2 995
2 710
1 378
1 39
2 1190
2 606
2 1139
1 27
2 826
1 974
2 637
1 1019
1 234
2 911
2 646
1 566
2 375
2 1186
1 284
2 1230
2 507
2 27
1 673
1 299
1 1110
1 647
2 475
1 688
2 456
1 1260
1 550
2 98
2 1045
1 60
2 419
2 881
1 854
1 455
2 360
2 895
2 1223
2 235
1 330
2 1173
1 1128
1 498
2 274
2 1192
2 158
2 85
2 329
1 124
2 1071
1 528
1 586
2 939
2 1220
1 691
2 577
1 53
2 372
1 147
1 539
1 952
1 331
2 1195
1 1016
1 559
1 34
2 537
1 135
2 773
2 560
2 669
1 674
2 325
1 937
2 869
2 1161
2 1134
2 721
1 668
2 790
1 1130
2 426
1 883
2 1182
1 448
2 1114
2 1278
1 1213
1 435
1 64
1 977
2 828
1 1277
2 1150
1 772
1 1059
2 999
2 713
1 310
1 1063
1 1233
1 474
1 1165
1 536
1 888
2 1004
1 661
1 499
2 1103
2 121
2 996
2 1253
1 307
1 717
1 432
1 210
2 606
2 1020
2 959
2 1178
1 949
1 1026
1 1073
2 1272
2 282
1 288
1 628
1 294
1 237
2 1246
1 1038
2 211
2 308
2 15
2 259
1 154
1 309
2 530
1 695
2 1175
1 341
2 154
1 574
1 37
2 1108
2 887
2 958
1 334
2 1064
2 562
2 111
2 108
1 96
1 102
2 886
1 626
2 830
1 680
2 458
2 1252
1 890
1 700
2 350
2 1247
2 871
1 591
2 26
1 853
2 464
2 484
1 815
2 243
1 509
1 673
2 491
1 1194
1 119
2 846
1 10
1 705
1 832
2 847
2 947
1 339
1 52
1 314
1 747
2 100
2 123
2 207
1 221
2 524
1 492
1 127
2 1154
2 374
1 451
1 42
1 823
1 689
1 1226
1 1115
1 574
1 988
1 1120
1 440
2 819
1 530
2 555
1 874
1 236
1 771
1 1207
1 1282
1 998
2 639
1 7
1 795
2 613
2 510
2 346
2 275
1 840
2 7
2 604
1 230
2 204
1 283
2 468
2 84
2 897
1 402
1 564
2 542
2 781
2 818
1 1196
2 1070
2 1180
1 139
1 1086
2 706
2 997
2 905
1 521
1 507
2 469
2 1082
1 727
2 1197
1 1130
2 455
1 734
2 816
1 107
1 1205
2 1077
1 1048
2 1267
1 33
2 1126
2 849
2 1145
1 972
1 349
1 221
2 452
2 1236
1 405
1 1125
1 852
1 1226
1 384
2 1102
1 570
2 1134
1 741
1 1144
1 786
1 495
2 58
2 1064
1 884
1 254
2 961
1 603
1 340
2 1162
1 94
1 746
1 1141
2 388
1 718
1 413
1 791
2 848
1 1115
2 1291
1 325
1 815
2 1288
1 1254
1 1146
2 411
2 604
1 817
1 759
2 488
2 825
1 599
1 643
1 1016
1 717
2 878
2 430
2 561
2 873
2 642
2 896
2 946
2 479
2 208
2 879
1 210
1 408
2 987
2 1294
1 83
2 1247
2 1187
1 1202
1 153
2 975
2 131
2 439
1 104
2 757
1 253
2 812
1 584
1 445
1 479
1 568
1 1036
1 337
1 763
1 144
1 1179
2 156
1 497
2 562
2 721
1 769
2 599
2 1060
2 752
2 365
1 281
2 1011
2 957
1 219
1 554
2 838
1 117
1 1259
1 1169
1 1165
1 499
2 769
2 201
1 1072
2 858
2 1151
2 621
2 429
2 437
1 685
2 991
2 1201
1 801
2 111
2 713
1 1074
2 1225
1 1033
1 1053
1 93
2 845
2 1208
2 592
1 1235
2 950
2 547
2 28
2 970
1 287
1 905
1 474
1 456
1 177
2 977
2 837
1 682
1 518
2 745
2 569
2 483
2 306
2 1127
2 1055
1 1079
2 666
2 385
2 1047
2 270
1 932
1 1046
1 533
2 417
1 685
1 280
2 407
1 762
1 922
2 120
2 1158
2 43
2 377
1 872
2 197
2 632
1 708
1 556
2 804
2 305
2 231
1 1294
1 475
1 559
1 72
1 1212
1 670
1 808
2 784
1 127
1 1057
2 655
2 437
1 826
1 55
1 954
2 636
1 159
1 1092
2 336
1 561
1 875
1 470
2 494
2 187
1 37
1 398
2 361
1 1284
2 300
2 1200
1 674
2 820
2 563
1 346
2 165
1 1022
1 877
2 948
1 885
1 425
1 225
1 335
1 577
2 380
2 951
1 862
1 560
2 454
1 284
1 879
1 1269
1 728
2 160
1 23
1 1179
1 171
2 293
2 483
2 19
2 1122
1 1263
1 993
2 406
1 856
2 613
1 632
2 505
2 262
2 623
1 659
2 329
1 1143
1 956
1 446
2 875
2 304
2 554
2 408
2 572
2 38
2 36
1 1031
1 295
1 1234
1 434
1 169
1 1120
1 955
1 492
1 969
1 477
1 1232
1 365
1 778
1 182
2 588
1 1293
1 506
1 1019
1 75
1 692
1 490
1 637
2 1239
1 140
2 1216
2 1114
1 352
2 1207
2 681
1 806
1 746
2 565
2 489
1 184
1 578
2 21
1 1011
1 731
1 616
2 415
1 1151
1 976
2 1076
2 61
1 765
2 79
1 1053
2 379
2 984
2 137
2 255
2 657
2 140
2 1174
1 608
2 690
2 1281
1 764
2 964
1 216
2 1047
2 333
2 1100
1 264
1 1146
2 1170
1 805
1 332
1 921
1 1140
1 991
1 867
1 784
2 513
1 859
2 349
1 601
1 444
2 766
1 1167
1 640
1 893
1 1107
2 706
2 269
2 391
1 218
2 935
2 544
2 170
1 962
1 576
2 60
2 1017
1 268
2 1163
2 638
2 276
1 423
2 819
2 1242
1 415
2 330
2 80
2 1233
1 1100
2 385
2 1175
1 1117
2 1199
1 518
1 567
2 1003
1 1299
1 850
1 224
1 138
1 222
1 972
2 12
1 314
1 665
2 749
2 747
1 1000
1 618
2 834
1 342
2 1164
1 386
2 51
1 351
1 765
1 270
2 269
2 174
2 718
2 313
2 683
1 460
1 58
1 619
1 805
2 940
1 175
1 289
1 640
2 326
2 336
1 66
1 931
2 646
2 760
1 165
1 803
1 790
2 1273
2 63
2 1084
2 622
2 664
2 1219
2 1214
1 1212
2 126
1 1219
2 838
2 478
2 352
1 662
1 695
2 447
2 1112
1 317
1 255
2 323
1 292
2 258
1 300
2 575
1 1050
1 262
1 1297
2 928
1 1148
1 933
1 791
2 861
1 914
2 459
1 1171
2 454
1 1214
1 419
1 892
1 938
2 1035
2 858
1 350
2 902
1 1009
1 694
1 1012
2 103
2 1291
2 1177
1 735
1 1200
2 662
2 1040
2 136
2 1279
1 25
1 389
1 758
2 963
1 71
2 732
2 568
2 76
2 516
2 890
1 768
2 856
2 743
2 265
1 1220
1 312
2 979
2 976
2 394
1 903
2 398
1 1236
1 241
2 1251
1 889
2 1280
2 307
2 83
1 81
1 527
1 65
1 951
2 370
1 276
2 476
2 263
1 1209
1 993
2 462
2 1034
2 843
2 900
1 780
2 1073
2 988
2 917
1 86
2 104
2 998
2 545
1 1227
2 1087
1 523
2 1143
1 634
2 161
2 727
2 361
1 927
1 130
1 934
2 645
1 754
1 836
2 512
1 841
2 320
1 909
1 1182
2 732
1 93
2 679
1 1079
1 553
1 449
1 918
2 515
1 968
1 1068
2 575
2 466
2 124
2 675
2 382
1 1183
1 173
2 532
1 21
2 701
2 1255
1 357
2 1018
2 1095
1 639
1 49
2 653
1 69
2 1153
2 986
1 372
1 54
2 694
2 436
1 1109
1 48
1 399
1 1055
2 320
2 958
1 1065
2 1241
1 1075
1 24
1 267
2 942
1 777
2 322
2 796
2 1243
2 919
2 1069
2 941
1 3
2 1209
1 406
2 1249
1 735
2 383
2 729
2 92
2 881
1 9
2 675
2 643
2 1194
2 1071
2 855
1 803
1 1250
2 1075
2 36
2 486
1 602
1 971
2 46
1 112
1 644
2 20
1 1290
2 1005
2 809
2 347
1 442
1 578
1 99
2 571
1 1188
1 1231
2 863
1 14
2 421
2 298
1 128
2 519
2 612
2 1285
1 631
2 649
1 461
1 973
2 828
2 590
2 678
1 939
1 477
2 1275
2 57
2 1270
2 876
2 461
2 113
1 1050
2 1003
1 150
2 297
2 982
1 105
2 447
1 921
1 358
1 312
2 1253
2 28
1 164
2 719
2 699
1 248
2 892
2 18
2 893
2 369
1 138
1 272
1 1248
1 186
1 191
2 15
2 14
2 274
1 943
1 78
2 680
2 1096
1 1106
2 654
2 22
1 354
2 638
1 944
1 569
1 487
1 696
1 630
2 11
2 115
1 556
1 1008
2 316
1 464
1 253
2 496
2 353
1 1264
1 807
1 1009
2 374
1 1281
1 1072
2 367
1 882
1 594
2 135
1 1140
1 1278
1 782
1 49
2 450
2 929
1 586
1 241
1 387
1 1234
1 880
1 82
1 418
1 473
2 343
1 1243
2 1042
2 1271
1 465
2 1111
1 107
1 1217
2 845
2 157
1 776
1 857
1 191
2 1129
2 1069
1 611
2 901
2 72
2 1256
2 630
1 563
2 202
2 922
1 1035
2 504
1 1295
2 1230
1 793
2 745
1 974
1 392
2 596
1 61
2 588
1 1024
1 1133
1 1288
2 725
2 1292
1 281
2 296
2 994
1 343
1 1043
1 829
1 657
1 980
2 162
2 470
1 282
2 145
1 118
1 894
2 1239
2 316
1 601
2 256
1 684
2 247
1 1192
2 609
2 891
1 551
1 584
2 271
2 251
1 767
2 572
2 229
1 636
2 497
2 906
1 895
1 1127
1 820
2 1259
2 552
2 739
1 864
2 548
1 1193
2 902
2 445
2 796
2 703
1 180
2 326
2 179
2 355
2 774
1 897
2 924
1 302
2 487
2 853
1 362
2 468
1 761
2 217
2 1027
2 290
1 1052
2 915
2 105
1 696
2 583
2 1091
1 368
1 1258
1 681
2 955
1 635
1 430
1 117
1 508
2 504
1 204
2 1168
1 486
1 442
2 62
2 1
2 742
2 273
1 954
1 877
1 698
1 535
2 876
1 485
2 1105
1 1007
2 74
2 1163
2 224
2 614
1 139
1 1245
1 289
2 198
2 188
2 1147
1 851
2 1268
2 342
1 882
2 870
1 1237
1 44
1 622
1 1159
1 25
1 450
2 1238
2 794
2 200
1 97
2 587
2 30
1 311
1 190
2 585
1 654
1 1034
1 812
2 941
1 1066
1 1136
2 109
2 158
1 788
1 197
2 1121
2 785
2 946
1 1014
1 751
1 319
1 744
1 1090
2 914
1 1076
2 1178
2 397
1 1286
1 975
2 368
2 440
1 548
2 1006
1 817
2 427
1 653
1 108
1 652
1 354
2 200
1 810
1 285
2 1063
2 1213
2 704
1 631
2 347
1 103
2 179
1 396
1 981
1 597
2 318
1 1166
2 1172
1 814
1 1132
1 1210
1 687
1 335
2 848
2 359
2 652
1 99
1 236
2 789
2 144
2 651
2 703
1 676
1 633
2 1057
2 18
2 467
2 265
2 597
2 189
2 782
2 373
1 778
1 898
2 420
1 690
1 242
2 63
1 738
2 98
1 547
1 872
1 920
2 1205
2 32
1 1261
2 32
2 114
1 725
1 952
2 249
1 500
1 76
1 1018
1 930
1 212
2 538
2 19
2 303
1 506
1 1029
2 1105
2 667
1 847
2 324
2 33
1 45
2 1155
1 663
1 424
1 1046
2 894
1 1159
1 520
1 30
1 166
1 186
2 522
1 1089
1 279
1 194
1 645
2 293
2 414
1 610
1 136
2 1040
1 376
1 609
1 404
1 45
2 266
2 480
1 913
2 448
1 1002
2 1074
1 931
1 227
1 126
2 1300
1 1010
1 1078
2 529
2 1032
2 196
2 465
2 763
2 545
2 286
1 1274
1 1180
2 854
1 128
1 149
2 149
2 148
1 202
2 278
2 226
2 1070
2 344
1 453
1 583
2 1231
1 125
1 1142
1 870
2 855
1 297
2 13
1 598
1 529
2 41
1 1021
2 752
2 873
1 799
2 736
2 356
2 550
1 421
1 401
2 526
1 367
1 1027
2 239
2 177
2 155
1 837
1 246
1 142
2 658
1 580
2 463
2 395
2 299
1 564
1 129
2 1208
1 1295
1 1039
1 366
2 1138
1 1195
2 275
1 331
1 775
2 371
1 114
2 542
2 555
2 1252
1 549
2 333
2 857
1 48
1 412
1 252
1 943
2 936
2 1141
1 122
2 305
1 885
1 301
1 183
1 496
1 774
1 493
2 1269
2 1292
2 254
2 605
1 1066
2 407
2 393
2 1170
2 71
1 344
1 756
1 1123
1 400
2 724
2 1154
2 865
2 1044
2 1021
1 831
1 650
2 557
2 644
1 193
1 1082
2 953
2 13
2 1268
1 813
2 195
2 1086
2 962
2 971
1 1240
2 35
1 592
1 1185
1 1111
1 925
1 1227
1 370
2 926
1 70
1 1229
1 1162
1 862
1 1094
2 184
2 452
1 1266
2 427
2 957
2 818
2 912
2 1023
2 1061
2 1005
1 174
1 1101
1 541
2 283
2 31
2 740
1 947
1 1032
1 1189
1 536
2 1124
1 1262
2 927
1 821
1 351
2 618
1 397
1 434
2 233
2 482
1 228
1 1176
1 460
1 1204
1 1221
1 730
2 249
1 116
1 1119
1 500
2 966
1 42
2 1059
1 901
2 840
2 850
1 213
2 20
2 759
2 1049
2 130
1 711
1 659
1 1022
2 945
2 362
2 57
2 319
1 1026
1 589
1 603
2 600
1 683
1 1123
1 537
2 1097
2 278
1 9
2 736
2 1164
1 145
2 917
2 852
2 35
1 1149
2 798
2 266
2 364
2 1222
2 656
1 792
1 760
1 915
2 1109
2 1108
2 702
1 503
2 825
2 260
2 17
2 511
2 830
1 648
2 428
2 472
1 309
1 16
1 1158
2 761
1 697
1 167
1 1203
2 953
2 47
1 678
1 795
1 26
1 707
1 215
1 744
1 770
1 244
1 157
2 651
1 1081
1 214
2 1113
2 528
2 399
1 989
2 923
2 1051
2 313
2 1157
2 777
2 494
1 87
2 1041
2 978
2 1096
2 512
2 291
1 693
2 4
1 401
1 1283
2 615
2 740
2 1118
1 1223
2 823
2 628
2 887
1 46
2 29
1 235
2 1024
2 212
2 607
1 1293
2 131
2 355
1 2
2 538
1 1001
1 883
1 163
2 435
2 34
2 68
1 1198
1 551
2 1132
2 348
2 428
2 86
1 521
2 625
2 959
1 728
2 739
1 1206
1 123
1 1287
2 1181
1 868
1 231
1 324
1 375
2 624
1 697
2 181
2 1067
1 532
2 473
1 1054
1 660
2 1088
2 510
1 152
2 405
2 965
1 1025
2 341
2 517
1 348
2 453
2 323
1 1257
1 730
1 328
1 148
2 987
1 1222
2 1080
1 792
2 1056
2 519
2 1254
2 992
2 1052
1 1199
1 726
2 930
2 503
2 147
1 687
1 899
2 773
2 1298
2 1215
2 1244
1 665
1 1002
1 101
1 1090
2 164
1 88
1 1017
1 724
2 844
1 1298
2 1187
2 888
1 1101
1 340
2 134
1 620
2 1155
2 1283
1 832
1 1097
2 1030
1 439
2 64
2 416
1 404
1 1044
1 272
1 162
2 94
1 285
1 1157
1 232
2 95
1 110
2 982
1 1084
2 52
1 426
2 990
2 929
1 1188
1 689
2 802
2 1177
2 225
2 534
1 176
1 822
2 734
2 134
2 677
1 116
1 279
2 360
1 641
1 579
1 981
1 1201
1 317
1 1237
2 611
1 898
2 804
2 277
1 501
2 967
1 248
2 906
1 1300
2 143
2 656
1 73
1 1172
2 443
2 834
1 458
1 220
2 29
2 295
2 1049
2 386
2 686
1 797
1 250
2 489
1 246
2 357
2 980
1 1131
1 1058
2 580
2 268
1 1261
1 714
2 81
1 120
2 614
2 1263
2 1013
2 623
2 1286
1 522
2 160
2 6
1 196
1 523
1 198
2 986
2 1284
1 1137
1 411
2 903
1 243
2 679
2 364
2 960
1 1245
2 531
1 217
2 824
1 166
2 363
1 358
2 327
2 942
2 1290
2 1266
1 206
2 1197
1 414
2 1138
2 245
2 1103
1 1173
1 916
2 517
2 610
1 1023
1 31
1 831
2 682
1 169
1 482
1 833
1 811
1 1
2 308
1 485
2 573
1 1116
1 321
1 4
1 8
1 800
2 234
1 1095
1 1287
1 1255
2 579
2 1166
1 1056
1 263
1 379
1 1184
2 420
1 1121
1 141
2 660
2 176
2 667
1 720
1 1299
2 1183
2 1008
2 950
2 737
2 965
1 1218
1 1078
1 729
1 296
2 978
2 199
2 366
2 1001
2 800
1 59
1 916
1 1271
2 582
2 865
1 912
1 77
2 113
2 290
2 1191
2 185
1 849
1 749
1 1104
1 508
2 161
1 797
2 418
2 1160
2 459
2 843
1 394
2 369
1 1061
1 541
1 789
1 315
1 67
2 741
2 51
1 1083
1 1033
1 150
1 303
2 627
2 738
1 180
1 218
2 488
2 880
2 771
1 756
2 1240
2 1099
1 985
1 698
1 387
1 558
1 699
1 208
2 899
1 1235
2 501
2 1080
2 626
1 1191
2 524
2 1181
2 288
2 1099
2 109
1 633
1 280
2 864
1 525
1 666
1 227
1 874
1 1156
2 1273
1 143
1 566
2 712
1 598
2 1102
1 1148
1 904
2 1093
2 1122
2 808
2 1248
2 505
2 772
2 155
2 787
2 511
1 1085
1 1238
2 544
2 593
2 515
1 909
2 449
2 535
1 137
2 1014
1 726
2 619
2 793
1 220
1 55
1 142
1 178
2 356
2 1043
2 1285
1 1004
2 1176
2 621
1 570
2 1149
2 608
1 693
2 484
1 1216
2 925
2 345
2 5
1 133
2 1206
1 670
1 1039
2 1203
2 205
1 264
1 292
2 842
2 1250
1 757
1 758
2 424
1 1249
1 963
1 92
2 151
1 688
1 616
1 540
2 321
2 514
2 714
1 209
2 1087
1 77
2 863
1 814
2 106
1 705
1 260
2 1042
2 156
2 395
1 1264
1 842
2 67
2 602
2 576
2 359
1 753
2 115
2 24
2 615
2 438
2 481
1 924
1 1189
2 1119
2 6
1 1113
2 629
2 866
1 463
2 1257
2 596
1 835
1 12
2 203
2 1007
1 701
1 748
1 172
1 396
2 1028
2 1012
1 934
1 16
1 581
2 23
1 649
2 159
2 692
1 994
2 1272
1 686
1 106
1 702
1 1265
2 413
2 152
2 65
1 97
1 723
2 956
1 1020
2 585
2 171
2 1110
2 1051
2 1277
2 422
2 860
1 1029
2 691
2 526
2 322
1 146
2 84
1 44
1 997
2 118
1 301
2 900
2 557
2 1152
1 377
1 1037
1 1198
1 170
2 1094
2 66
1 446
2 1224
2 215
1 338
1 1077
2 41
2 257
2 1006
1 801
2 216
2 822
2 431
2 56
1 595
1 382
2 1041
2 1156
1 233
1 273
1 423
2 1171
2 85
2 716
1 960
1 720
2 125
2 417
1 1282
2 750
2 1160
2 766
1 779
1 232
1 809
2 827
2 1036
2 891
2 327
2 716
2 920
2 119
2 910
1 593
1 1217
1 247
1 1265
2 655
1 1025
2 844
1 886
2 1241
1 89
1 462
1 1168
2 973
1 337
2 871
1 1091
2 1184
1 979
1 798
1 1204
2 634
1 668
2 95
2 748
2 277
1 663
1 1186
1 565
2 1125
2 1136
1 310
1 966
2 286
1 933
1 908
1 754
1 43
2 1193
2 589
2 389
1 181
1 811
1 391
1 50
1 390
1 590
1 785
2 816
2 1139
1 133
2 806
2 390
2 457
1 605
2 1015
2 222
1 829
2 68
2 172
1 79
1 1190
1 664
1 1137
2 211
1 527
1 416
1 267
2 271
1 629
1 203
1 132
1 531
2 78
2 509
2 206
2 533
1 1275
1 669
2 733
2 70
2 1107
2 1048
1 457
2 647
1 182
2 650
2 40
2 1126
1 926
2 1211
2 770
2 1185
1 1289
1 302
2 1167
1 961
2 722
1 82
1 868
2 291
2 261
1 1142
2 1068
2 762
1 378
2 514
1 992
1 709
2 163
2 187
1 433
1 193
1 69
1 207
1 388
2 787
1 753
1 1144
2 841
1 1037
1 783
1 1145
1 1083
2 1221
2 1013
2 985
1 783
1 676
2 259
1 1116
2 1124
1 304
1 122
2 256
2 244
1 827
1 168
1 223
1 422
1 294
1 866
1 1028
1 338
1 780
2 5
2 1267
2 146
1 188
2 229
1 861
1 546
2 1098
1 102
1 821
1 949
1 332
2 755
1 540
1 87
1 363
2 1276
2 731
1 781
2 89
2 481
2 381
2 444
2 436
1 936
1 1260
2 1045
1 252
2 1081
2 839
2 700
1 167
1 594
1 1062
1 38
2 1228
2 199
2 1112
1 937
2 491
1 989
1 1246
2 480
2 969
1 1133
2 1089
2 1196
2 1150
1 237
2 62
1 371
1 1147
1 239
1 441
1 715
1 635
2 944
2 970
1 940
1 431
2 802
1 345
1 1296
1 223
1 1256
1 1031
1 648
2 1118
2 1229
1 1276
2 513
2 226
2 712
2 984
2 189
2 73
1 502
2 1242
2 151
2 54
1 671
1 443
1 311
2 250
1 553
2 945
1 737
