2100 2500
1 953
1 853
2 859
2 17
1 332
2 321
2 961
2 212
1 456
1 761
1 642
1 172
2 533
2 61
2 752
2 776
1 963
1 501
2 151
1 959
2 214
1 757
1 257
2 258
2 795
2 392
2 20
1 222
1 130
2 901
1 340
2 498
1 39
2 933
1 448
1 567
2 981
2 784
1 792
1 709
2 649
1 452
1 540
1 858
2 949
2 10
2 286
1 544
1 316
1 715
2 29
1 967
1 841
1 897
1 1040
2 103
1 668
1 204
1 157
1 988
2 448
1 314
1 882
2 303
2 200
1 305
2 1024
2 1021
1 346
2 734
2 425
2 615
1 868
2 326
1 233
2 436
2 846
2 31
2 95
2 498
1 411
2 978
2 1012
2 690
2 409
1 736
2 646
1 738
1 363
2 254
2 196
1 660
1 109
1 528
1 416
2 248
2 705
1 68
1 730
2 38
1 116
2 857
1 812
2 673
2 538
2 205
2 1016
1 632
2 361
2 1029
1 309
2 314
1 6
1 601
1 522
2 115
1 381
2 593
2 291
1 553
1 370
1 427
2 981
1 460
2 449
1 463
1 327
2 30
1 140
1 449
1 1047
2 970
2 564
1 49
1 90
2 473
1 142
2 636
1 450
1 570
1 1004
2 680
1 438
2 833
2 1004
2 762
2 745
1 1002
1 400
1 288
1 1008
1 906
1 735
2 105
1 306
2 139
2 659
1 320
2 2
2 859
2 345
1 506
2 563
1 475
2 1005
2 748
1 466
1 585
1 697
1 420
2 425
1 616
2 650
1 832
2 947
2 257
2 42
2 794
1 505
1 714
1 243
1 876
2 230
2 989
1 568
2 635
2 641
2 560
1 299
1 396
2 563
1 255
1 991
2 924
1 566
2 923
1 594
1 838
1 326
1 1038
2 433
1 40
1 617
1 711
2 935
2 86
2 231
2 94
2 324
1 673
2 300
1 385
2 295
2 570
2 1048
1 212
1 59
2 339
2 819
2 14
1 996
2 274
2 76
2 24
2 670
2 658
2 957
2 353
2 1030
2 837
1 272
1 173
1 1018
2 869
2 47
2 317
2 8
2 766
1 850
2 513
1 803
2 350
1 155
2 869
1 368
1 487
1 1033
2 875
1 96
1 717
1 232
1 687
2 252
2 192
1 191
1 779
1 376
2 742
1 733
2 2
2 740
2 662
1 773
2 358
2 526
1 328
2 783
2 962
1 595
1 718
2 822
2 58
1 820
2 880
1 176
2 813
1 775
2 780
2 403
1 1013
1 303
2 1034
1 265
2 390
2 27
1 437
1 634
2 189
2 934
1 29
2 307
1 712
2 631
1 468
2 1042
1 489
2 112
2 459
1 253
1 201
2 719
1 325
1 600
2 23
1 1015
2 343
1 551
2 229
1 379
1 432
2 165
2 308
1 255
1 242
1 365
1 486
2 851
2 726
1 349
1 536
1 571
2 132
2 926
1 123
1 443
2 590
2 181
2 722
1 789
1 903
1 106
2 62
2 836
2 21
1 1015
2 758
1 196
2 651
2 898
1 312
2 38
2 719
1 535
2 496
2 44
1 110
1 833
2 891
2 800
2 927
2 691
1 467
2 240
1 419
1 178
1 390
1 289
2 758
2 79
1 1021
1 761
1 960
1 472
2 159
2 503
2 835
2 485
1 374
2 890
2 641
2 965
1 1000
1 664
1 118
1 158
1 988
2 968
2 55
1 276
2 312
1 615
1 582
2 478
1 110
2 274
2 945
1 927
2 450
2 412
2 334
1 514
1 401
1 653
2 477
1 57
1 517
2 602
1 1026
2 384
1 876
2 413
1 265
2 866
1 549
1 317
1 854
1 561
1 217
1 70
1 643
1 245
1 661
2 95
2 714
2 743
1 474
1 980
1 994
2 946
2 133
2 743
2 580
2 846
1 426
2 519
1 955
2 633
2 918
1 765
1 671
1 388
2 451
2 754
1 391
2 362
1 90
2 377
1 43
1 236
2 824
1 324
2 56
1 476
2 331
1 642
2 301
1 716
2 380
1 516
2 52
2 678
2 585
2 502
1 250
2 347
2 470
1 237
1 489
1 119
1 823
2 18
1 23
2 17
2 46
2 909
2 849
2 414
2 717
1 259
2 708
1 662
2 268
2 72
2 427
1 562
1 451
2 672
1 1033
2 403
1 934
2 431
1 770
2 332
1 969
1 811
2 700
2 224
2 298
2 744
2 892
2 895
1 610
2 928
2 881
2 845
2 911
2 103
2 721
2 250
2 41
1 347
2 150
2 361
2 278
1 144
2 1045
1 366
1 982
1 624
2 466
2 724
1 1037
1 420
2 786
1 708
1 940
1 904
2 1028
1 209
1 497
1 791
1 341
2 120
1 686
1 287
2 1047
2 481
2 886
1 756
1 260
2 408
2 234
2 581
1 932
2 847
2 614
1 471
2 807
2 406
2 694
2 453
1 930
2 221
2 518
2 921
2 354
2 746
2 935
2 834
1 1035
1 885
2 299
2 747
2 623
2 626
2 779
1 573
1 454
1 185
1 315
2 785
1 990
2 366
2 174
2 690
1 310
2 545
2 685
1 825
1 687
2 241
1 757
2 54
1 739
2 331
1 56
1 292
1 698
1 36
2 223
2 217
1 781
1 213
1 100
1 554
1 252
2 778
1 383
1 1002
1 193
2 1044
1 731
2 725
2 404
2 98
2 141
2 953
2 378
2 64
1 22
2 611
2 62
1 330
2 180
1 479
1 908
2 683
1 917
1 783
1 595
2 782
1 527
1 171
2 477
2 682
2 933
1 369
2 623
1 926
1 861
2 929
1 418
1 311
2 1032
1 706
2 200
2 21
1 423
1 913
2 509
2 620
2 593
2 597
1 80
2 679
2 1003
1 461
1 844
1 222
1 128
1 202
1 97
1 277
1 740
2 576
1 738
2 225
1 574
1 562
2 547
1 1009
2 993
1 204
2 492
2 689
1 989
2 429
2 1050
2 732
2 248
1 85
2 576
2 134
2 363
1 229
1 391
2 763
2 790
2 60
2 751
1 358
2 765
2 917
1 529
1 510
2 395
2 964
1 187
1 790
2 830
1 545
1 955
1 819
1 14
1 836
2 63
2 1022
2 628
1 399
1 348
1 207
2 958
1 1035
2 1007
1 92
1 142
2 888
1 1045
1 746
1 238
1 965
1 246
2 389
1 211
1 951
1 769
2 538
1 736
1 603
2 549
2 394
2 860
2 524
1 216
2 309
2 281
1 428
1 34
2 858
1 342
1 264
1 66
2 249
1 707
1 155
1 108
2 900
1 1008
1 491
1 1048
2 770
1 695
2 525
2 405
1 68
2 985
1 929
2 5
2 789
2 334
1 208
1 547
2 211
2 439
2 55
1 959
1 96
2 654
2 940
2 145
1 916
2 367
1 688
2 1012
1 132
1 188
2 341
2 456
1 802
1 133
1 894
1 277
1 619
2 525
2 387
1 76
2 393
1 3
2 949
2 112
1 481
1 296
2 947
1 99
2 946
2 652
1 464
2 932
2 997
2 101
1 36
1 657
2 137
1 591
1 720
2 357
1 494
1 338
1 355
2 183
2 1032
2 251
1 160
1 1049
2 923
1 726
1 692
2 521
2 395
2 712
1 220
1 1010
2 830
2 915
2 480
1 7
1 694
2 16
2 198
2 152
1 496
2 313
2 986
1 409
1 93
1 564
2 125
2 442
1 814
2 972
1 473
1 985
1 971
2 147
2 199
1 771
1 723
2 318
2 513
1 535
1 1046
2 766
2 82
1 725
1 722
2 821
1 579
2 905
1 793
1 184
1 414
1 559
2 26
1 756
1 792
1 816
2 944
1 297
2 616
2 806
2 793
2 1042
2 941
2 9
2 643
1 304
2 167
1 73
1 348
2 852
1 1031
1 213
2 707
2 406
1 805
2 808
2 943
2 786
2 575
1 804
1 1037
2 569
2 1050
2 215
1 1026
2 41
1 226
2 982
2 508
1 612
2 256
2 105
1 360
1 939
2 493
2 828
1 166
1 572
2 603
1 441
1 919
1 52
2 775
1 113
1 374
2 156
1 528
1 16
1 832
2 328
2 1023
1 27
2 396
2 867
1 883
2 340
1 345
2 886
1 203
2 829
2 912
2 51
1 4
1 851
1 622
1 254
2 151
1 821
1 677
1 931
2 482
1 32
1 104
1 531
2 320
2 130
1 805
1 840
1 189
1 270
2 882
2 839
2 352
1 1
1 552
2 3
1 597
2 97
1 729
2 104
1 272
2 520
1 596
2 280
1 24
2 1036
1 604
1 716
1 193
1 816
2 674
2 516
2 66
1 279
2 802
1 206
1 30
2 663
2 143
1 102
2 13
2 541
1 803
1 566
2 144
2 629
1 504
1 640
2 398
1 715
1 457
1 209
2 253
2 987
1 298
1 530
1 906
1 266
2 242
2 220
2 995
1 828
1 675
2 177
2 578
1 417
2 591
1 977
1 35
2 44
2 824
2 371
1 996
2 415
1 282
2 235
1 240
2 282
2 294
2 1000
1 22
2 804
2 663
1 638
1 699
2 251
1 379
1 353
1 665
1 763
1 584
1 302
1 218
1 221
2 351
2 583
2 951
1 172
1 831
1 474
2 146
2 812
2 127
2 852
2 225
2 548
2 114
1 657
1 305
2 872
1 750
2 669
1 950
2 1009
2 485
1 705
2 691
1 825
1 65
1 117
2 541
1 381
2 505
2 998
1 975
1 459
2 301
2 952
2 764
1 759
1 5
1 51
2 398
1 333
1 122
1 1011
2 386
2 918
2 164
1 234
1 284
1 138
2 954
1 864
1 259
1 702
1 40
2 184
1 315
1 264
2 465
1 397
2 201
1 440
2 419
1 154
2 774
1 873
1 235
2 424
1 159
1 72
2 203
1 945
2 136
2 354
1 293
2 94
1 787
1 1025
2 210
2 410
1 902
2 550
2 45
1 537
1 53
2 483
1 850
2 578
2 638
1 552
1 458
1 887
2 63
1 871
2 624
1 402
2 335
1 814
1 523
1 764
1 952
1 136
1 163
2 916
1 962
1 126
2 592
1 329
1 575
1 6
2 807
1 558
1 515
1 660
2 721
2 912
1 992
2 297
1 688
1 422
2 610
2 732
2 762
1 470
2 701
1 729
2 856
1 190
2 885
1 267
1 416
1 210
2 475
1 877
1 440
2 888
1 767
1 304
2 271
1 152
2 284
1 375
2 749
2 267
2 798
2 857
1 436
1 108
1 273
2 166
2 92
1 387
1 1027
2 780
1 1039
1 772
1 865
1 1041
1 373
2 356
1 441
1 826
2 34
2 644
1 163
1 771
2 170
1 834
1 465
2 565
1 1010
1 797
1 167
1 669
2 739
2 627
1 478
2 648
1 219
2 994
1 559
2 676
1 500
1 483
1 88
2 445
1 922
1 111
1 215
2 49
2 557
2 355
2 692
1 827
2 799
1 897
1 291
2 335
1 410
2 590
1 527
2 493
1 447
2 772
2 121
1 978
2 434
2 844
2 178
2 437
1 742
1 737
2 676
2 558
1 524
2 399
2 290
2 439
2 442
2 1049
1 400
2 382
1 963
2 162
2 879
1 269
2 280
2 581
2 670
2 730
1 571
1 517
2 124
2 587
2 734
1 1024
2 796
2 899
1 1011
2 9
1 372
2 296
1 89
2 713
2 188
1 413
1 339
2 586
1 87
1 1006
1 262
2 826
2 582
1 534
1 186
1 47
2 48
2 31
2 896
1 484
1 647
1 288
2 650
1 878
1 948
2 533
1 71
2 788
2 577
2 661
1 550
2 327
1 874
1 891
1 820
2 191
2 523
2 236
2 968
2 997
1 760
1 74
1 531
2 285
1 158
2 129
1 520
2 129
2 386
1 954
1 539
2 256
2 60
2 599
2 942
1 444
2 64
1 983
1 861
2 476
1 65
2 463
2 54
2 171
2 237
1 313
2 423
2 723
2 733
1 226
1 621
2 93
2 984
1 114
2 774
1 261
1 930
1 100
1 308
2 666
1 577
2 522
2 228
2 7
1 86
1 169
2 565
2 973
1 88
2 937
1 278
1 509
1 146
2 682
2 938
1 91
1 979
2 1023
2 173
2 986
1 279
2 372
2 160
1 455
1 350
2 48
2 45
1 914
1 164
2 84
1 735
2 349
2 942
2 286
1 488
1 720
1 853
1 407
2 421
2 269
1 530
2 247
1 260
1 683
2 970
1 405
1 455
1 131
2 119
1 941
2 806
1 644
1 401
1 138
2 471
1 82
2 991
1 574
1 186
2 579
1 11
2 944
2 444
1 863
1 1039
2 892
2 460
2 815
1 969
1 855
1 497
1 469
2 829
2 656
2 681
2 938
2 275
2 556
1 689
2 421
1 936
1 310
1 710
1 468
1 179
2 658
1 893
2 768
1 139
1 364
2 555
2 773
1 921
1 693
2 678
2 1006
1 920
1 147
2 446
2 161
1 666
2 636
2 319
2 872
2 432
2 706
1 979
2 89
1 521
2 741
2 111
2 337
1 840
2 356
1 1019
2 648
1 273
1 534
2 519
1 113
2 943
1 808
1 890
2 752
1 434
1 161
1 180
2 153
1 329
2 973
2 631
2 187
2 344
1 1031
1 120
1 491
1 503
2 472
2 709
2 337
1 135
2 289
1 898
2 956
1 458
2 990
2 931
2 276
2 168
1 428
2 77
1 67
1 1020
2 247
1 586
2 462
1 122
1 39
2 950
1 447
1 672
2 367
2 61
2 116
1 607
2 12
1 75
1 126
1 696
2 443
1 936
1 883
1 606
2 359
1 461
2 78
1 330
2 50
1 368
1 614
1 878
2 1001
2 106
1 502
2 261
1 244
1 606
2 175
1 902
2 877
1 769
1 510
2 1018
2 408
2 966
1 618
1 675
1 896
1 634
1 81
1 588
1 344
1 847
2 919
2 431
2 679
1 879
1 1029
1 378
1 529
2 484
1 360
1 854
2 632
1 957
1 1017
2 884
2 893
2 11
1 375
2 77
2 958
1 445
2 601
1 903
2 292
2 611
2 971
1 625
2 487
1 728
1 227
2 467
2 976
1 199
1 863
1 134
1 698
2 980
1 637
1 609
2 598
1 424
1 622
1 1017
1 223
2 745
2 542
1 4
2 388
2 791
2 10
1 488
1 637
2 69
1 633
2 1013
2 532
2 621
2 306
1 782
2 587
1 870
1 1043
2 430
2 141
2 777
1 554
2 157
2 555
2 370
2 500
1 501
1 426
1 127
1 404
1 600
2 798
1 392
1 342
2 397
2 364
2 910
2 967
1 33
2 881
2 781
1 504
1 696
2 319
2 837
2 239
2 984
1 747
1 768
1 874
2 966
2 19
1 336
1 704
1 731
2 794
1 1043
1 625
2 647
2 744
1 149
2 845
2 842
2 311
1 83
1 43
2 194
2 325
2 322
2 84
1 512
2 263
2 727
2 145
1 561
1 412
2 1034
2 778
2 302
1 271
2 718
1 453
2 630
2 987
2 1022
1 195
1 960
2 671
1 376
1 665
2 371
2 480
1 753
2 655
1 974
2 870
2 915
1 855
1 605
1 258
1 511
1 727
2 937
1 1005
2 620
1 759
2 703
2 175
1 357
2 864
2 389
2 318
2 684
2 32
1 618
1 728
2 377
1 149
1 653
2 867
1 59
1 767
1 532
1 810
1 741
1 25
2 165
2 817
2 751
2 452
1 352
2 724
1 598
2 536
2 542
2 177
1 548
1 907
1 540
1 889
1 975
2 580
2 182
1 818
1 246
2 492
2 205
2 170
2 737
1 655
2 1014
1 85
1 911
1 817
2 849
1 539
1 239
1 244
1 281
1 338
2 333
2 704
1 402
2 795
1 749
1 583
1 336
1 1
2 750
2 169
2 1007
1 37
1 628
1 290
1 268
2 109
2 156
2 776
1 899
1 214
2 1020
2 646
2 862
1 760
2 553
1 511
1 674
2 977
2 999
2 619
1 843
2 230
2 383
2 316
1 659
2 58
1 101
2 373
2 233
1 1001
1 231
1 1030
2 283
1 848
1 73
1 788
2 79
1 639
1 560
1 148
1 249
2 995
1 875
2 974
1 607
1 908
1 125
2 243
1 190
1 26
2 28
1 42
1 617
2 224
2 285
1 594
2 266
2 321
1 479
2 992
1 884
2 635
2 699
1 592
1 998
1 202
1 499
1 33
2 262
2 922
1 914
2 295
1 433
2 894
1 787
2 300
2 652
1 181
1 192
2 194
1 809
2 939
1 1041
2 53
2 415
1 799
2 656
1 1040
2 232
1 904
2 810
2 796
1 907
1 382
2 608
2 107
1 838
1 514
1 928
2 154
1 430
2 83
1 860
1 596
2 218
1 37
2 551
2 1025
2 842
1 753
1 13
2 197
1 216
1 176
2 322
1 98
1 1038
1 78
1 107
1 713
1 508
2 99
2 121
1 976
1 168
2 895
2 630
1 784
1 182
1 117
2 507
1 693
2 153
2 135
1 589
1 185
2 464
2 241
2 1028
2 67
2 482
1 866
2 843
2 913
2 701
1 755
1 681
2 572
2 813
1 323
1 8
2 703
2 307
1 748
2 626
2 1014
1 801
2 123
2 961
2 686
2 905
2 700
1 889
1 831
2 801
1 162
1 495
1 454
2 446
2 294
2 841
2 556
2 118
1 685
1 507
2 822
1 667
2 835
2 557
1 613
2 18
1 208
1 287
1 115
2 435
2 589
2 283
1 71
1 394
2 238
1 490
1 19
1 873
2 518
1 50
1 924
2 667
2 486
2 438
1 1003
2 797
2 275
1 654
2 910
2 754
1 362
1 207
2 526
1 613
1 469
2 920
1 69
2 568
2 1036
2 856
2 695
1 612
2 710
1 629
1 183
1 365
2 818
1 651
2 369
2 909
1 429
1 811
1 91
2 81
1 815
1 537
1 599
2 827
2 948
1 393
2 219
2 972
2 697
2 25
2 46
2 711
2 174
1 1016
2 197
2 567
1 506
2 785
1 649
1 293
1 20
1 900
2 546
1 999
2 800
1 495
2 964
1 198
2 823
2 124
2 588
1 457
1 925
1 1046
1 179
2 323
2 584
2 137
1 140
1 494
2 490
2 462
2 839
1 343
2 993
1 131
1 569
2 684
1 645
1 359
1 543
2 956
2 573
1 35
2 74
1 228
1 195
2 148
1 15
2 512
1 143
1 602
1 422
1 608
2 983
1 862
1 604
2 499
2 702
1 380
2 868
1 435
1 668
1 640
1 755
2 880
2 1044
2 346
2 627
2 544
1 263
2 609
2 245
2 351
2 57
1 887
1 605
2 645
2 1019
2 901
1 417
1 848
1 639
1 206
2 664
1 680
2 270
2 102
2 70
1 677
1 809
2 227
2 925
2 12
1 384
1 15
1 385
2 777
2 87
1 28
2 80
1 871
2 411
1 1027
1 418
2 407
1 515
2 150
1 75
2 546
1 865
1 543
1 128
