2100 2000
1 859
2 811
2 79
1 708
2 547
1 734
2 505
2 303
2 758
1 49
1 468
1 573
2 630
1 264
2 737
2 585
1 422
2 651
1 847
1 253
2 299
1 917
2 29
1 550
1 957
1 765
1 132
1 96
1 595
2 688
2 387
1 878
1 205
2 256
2 463
1 671
2 171
1 833
1 52
2 60
1 379
1 1003
1 583
1 901
2 813
1 6
1 915
2 705
2 246
2 115
2 256
1 626
1 933
2 918
1 220
1 572
1 655
2 155
1 894
1 323
1 201
2 988
2 255
2 938
1 637
1 468
1 837
1 935
1 656
1 536
2 548
2 218
1 4
2 402
2 605
1 487
2 347
1 513
1 934
1 116
2 712
1 761
1 5
2 794
1 263
2 762
2 286
2 457
2 343
1 104
1 371
2 736
2 392
2 591
1 276
1 692
2 1009
1 830
1 759
2 735
1 661
1 903
2 995
1 829
1 812
2 782
2 760
2 299
1 733
2 380
1 810
1 184
2 551
1 869
1 397
2 228
1 404
1 592
2 107
2 907
2 543
1 345
1 29
2 1030
1 664
1 3
2 646
2 850
2 408
1 248
2 838
1 826
1 697
1 833
1 443
2 909
2 1012
2 495
2 933
1 645
1 341
1 1006
2 391
1 507
1 520
2 645
2 265
2 426
1 1044
2 581
2 234
2 939
1 166
2 378
1 6
2 99
1 773
1 570
2 611
2 54
1 168
1 4
1 245
1 535
1 481
1 16
1 861
2 657
1 59
1 727
2 323
1 686
1 545
1 270
1 413
2 448
1 845
2 566
2 82
2 747
2 360
1 354
2 226
1 481
1 882
1 741
2 187
2 772
1 512
1 732
2 181
2 674
1 266
1 103
2 901
2 697
2 893
2 40
1 135
2 903
1 795
2 275
2 217
1 521
1 849
2 948
2 484
2 673
2 163
2 631
1 148
2 98
2 586
2 587
1 579
1 535
1 620
1 494
1 342
1 76
2 73
1 174
1 324
2 427
2 843
2 926
2 1034
2 116
2 719
1 1022
2 422
2 302
1 420
2 895
2 16
1 96
1 634
1 557
1 898
1 873
2 804
2 418
2 644
1 670
2 1011
2 218
1 301
2 734
1 502
2 915
1 772
2 300
2 493
1 904
2 401
1 963
2 449
2 121
1 176
2 124
2 125
2 75
2 528
1 814
2 124
1 660
2 316
1 282
2 34
2 608
1 227
1 80
2 385
2 990
2 112
2 962
1 172
2 559
2 240
2 320
2 846
1 916
2 684
2 382
1 848
2 312
2 134
1 839
2 662
1 756
1 17
2 636
1 17
1 366
1 78
1 1019
2 262
2 712
2 448
1 981
2 219
2 694
1 182
1 932
2 763
1 213
2 596
2 450
1 626
2 701
1 411
2 971
2 955
1 737
2 161
1 208
1 801
1 458
1 547
1 780
2 1030
2 546
2 562
2 26
1 930
1 48
2 552
1 358
1 546
2 232
1 307
2 682
1 511
2 920
2 569
2 42
1 1000
2 717
1 415
2 573
1 825
1 100
1 595
1 552
1 84
2 66
2 946
1 762
2 544
1 798
2 514
2 280
1 412
1 906
1 179
2 163
1 467
2 656
2 43
2 326
1 164
2 315
2 108
1 340
1 878
1 851
2 259
1 375
2 791
2 891
2 79
1 97
2 101
2 157
2 223
2 731
1 150
1 1050
1 790
1 875
2 537
1 421
2 580
2 369
1 2
1 443
2 356
2 965
2 1050
1 972
2 245
2 900
1 864
2 578
1 450
1 776
2 890
2 853
2 819
2 619
2 1012
1 370
2 322
2 65
1 515
2 20
2 212
1 770
2 221
1 388
1 337
1 331
2 354
2 454
2 142
2 330
2 993
2 778
1 508
1 914
2 778
1 254
2 958
2 720
1 451
2 883
2 728
1 927
2 565
1 368
2 53
1 239
2 590
2 414
2 522
1 815
2 269
1 209
1 684
2 558
1 260
2 119
1 992
1 39
2 462
1 720
2 839
2 1001
1 822
1 339
1 764
2 884
2 430
2 26
1 384
1 939
1 153
2 616
1 721
1 1044
1 985
1 12
2 893
1 217
1 687
2 980
2 1042
1 572
2 961
2 238
1 785
2 426
2 266
1 66
2 653
2 921
2 412
2 781
1 518
2 242
1 665
2 431
1 598
2 162
1 338
1 69
2 436
2 672
1 89
1 649
1 990
2 711
2 1033
1 238
1 1
2 663
2 207
1 766
2 15
1 867
2 892
2 952
2 25
1 1031
1 92
2 8
1 622
1 832
1 373
2 642
1 1018
2 765
1 472
1 555
1 102
2 1009
1 107
2 198
1 848
1 456
2 585
2 291
2 149
2 188
2 813
1 329
2 1047
1 1027
2 45
2 133
1 93
1 495
2 986
2 960
1 1011
1 873
1 854
2 340
1 718
2 954
1 41
1 822
2 842
2 32
2 877
2 330
1 852
1 517
1 586
2 291
1 339
2 643
1 599
1 838
2 689
2 344
2 486
1 782
2 269
2 892
2 815
2 55
1 1015
1 356
1 776
2 588
2 530
1 910
2 1000
1 194
2 549
1 581
2 834
2 233
1 476
2 650
1 432
2 523
2 444
1 994
1 305
1 648
2 614
2 707
1 293
2 410
1 165
1 562
1 950
2 729
1 477
1 252
1 1016
2 821
2 741
1 677
1 311
2 685
1 10
1 730
2 902
1 680
2 265
2 424
1 998
2 516
1 817
2 923
2 703
1 287
2 197
1 738
2 283
2 375
1 747
1 57
1 167
1 381
1 924
2 759
1 460
1 158
2 509
1 430
2 215
1 972
2 740
1 76
2 532
2 428
2 569
2 205
1 68
2 398
2 113
2 804
2 937
2 470
2 860
1 97
1 559
1 693
2 746
2 603
1 204
2 779
2 56
1 840
1 394
2 108
1 943
2 600
1 809
1 482
1 793
2 977
2 692
2 816
2 544
1 654
2 594
1 862
1 369
1 847
1 624
1 496
2 305
2 143
1 639
2 727
2 969
2 68
2 985
2 34
1 148
1 136
2 649
2 538
2 542
1 876
1 948
1 198
2 865
1 347
2 969
1 911
2 726
2 294
2 118
2 619
2 453
1 897
1 388
1 1
1 405
1 459
1 620
1 1045
1 998
2 251
1 206
2 574
2 936
2 861
1 229
1 90
1 49
1 996
1 377
2 882
1 273
2 194
2 350
2 636
1 378
2 441
2 790
2 164
2 997
1 528
2 607
2 18
2 336
1 789
2 959
2 548
1 707
2 971
2 968
1 61
2 633
2 287
1 474
1 35
2 277
2 359
2 74
1 244
2 199
2 187
2 110
2 186
2 592
1 485
2 231
2 2
2 289
2 160
2 254
2 363
2 184
1 677
1 44
2 377
2 979
2 341
1 232
1 442
2 399
1 478
1 27
2 739
2 406
1 230
1 472
1 653
2 428
2 978
2 368
2 466
1 811
1 147
1 36
2 922
1 1002
2 328
1 828
1 667
2 577
1 672
2 962
2 249
2 482
2 771
2 506
1 23
2 1022
2 337
1 742
2 258
1 511
1 464
1 327
1 517
1 726
1 1021
2 696
2 1015
1 973
2 300
2 678
1 918
2 186
2 221
1 285
1 453
2 293
2 85
1 954
2 564
2 281
2 67
2 895
1 162
2 660
2 318
2 171
2 768
2 871
2 105
2 201
2 392
2 173
2 514
1 11
1 953
2 175
2 509
1 74
2 618
2 271
1 840
2 331
2 494
2 101
1 473
1 912
1 228
2 486
2 193
1 157
2 531
1 27
2 857
2 390
2 508
1 936
1 641
2 1017
1 836
1 524
2 491
1 236
1 53
2 824
2 598
1 306
1 170
2 25
1 816
2 625
2 531
2 856
1 71
2 73
2 751
1 114
1 455
2 69
2 332
1 1002
1 137
2 783
2 109
1 56
1 690
2 774
2 543
1 479
2 222
2 874
2 975
1 610
2 1037
1 667
1 220
1 326
1 964
2 316
2 905
1 713
1 823
2 396
1 638
1 371
1 654
2 750
2 40
2 715
1 577
2 417
1 58
2 1026
1 439
2 820
2 128
1 877
1 687
2 576
1 395
1 983
2 921
1 510
2 1023
2 669
1 3
2 310
2 82
2 584
1 902
1 529
1 135
2 746
1 278
2 583
1 951
1 788
1 419
1 272
1 579
2 146
2 706
1 15
2 367
2 28
1 796
2 475
2 545
1 527
2 456
2 916
1 334
1 243
1 1035
1 701
1 818
1 170
2 133
2 90
1 352
1 298
1 526
2 297
2 346
1 47
1 225
2 359
1 1034
2 900
1 607
2 1010
1 212
2 106
2 200
2 795
2 510
2 709
2 434
1 314
2 611
1 504
1 144
1 889
1 704
1 286
2 668
1 883
2 665
2 639
1 713
1 648
1 748
2 850
1 974
1 885
1 483
1 989
2 484
1 515
1 674
1 35
2 328
1 769
1 498
2 564
2 934
1 9
1 941
2 630
2 613
1 129
1 725
2 500
2 111
1 446
1 471
1 192
2 31
1 909
1 181
2 125
1 567
2 623
2 192
1 661
1 650
1 753
2 582
1 537
2 863
1 14
2 229
1 929
1 959
2 571
2 95
2 120
1 335
1 83
1 1004
1 647
2 717
2 837
2 688
2 1031
2 307
1 444
1 621
2 868
1 542
2 137
2 465
1 800
1 633
1 292
2 439
1 627
2 113
2 628
2 130
2 374
2 77
1 777
2 994
1 820
2 140
2 919
2 185
2 670
2 1014
1 1029
2 473
1 131
1 940
1 526
1 138
1 288
2 216
1 725
1 706
2 129
2 724
2 539
2 390
1 844
1 774
1 23
2 338
1 1025
2 110
2 87
2 84
2 352
2 863
2 858
1 602
2 609
1 754
2 925
2 855
1 659
1 606
1 24
1 273
1 984
1 922
1 274
2 908
1 416
1 159
2 676
1 865
1 802
1 862
2 335
2 22
1 913
2 827
1 372
2 128
2 239
1 735
1 635
2 590
1 567
2 51
1 556
1 145
1 588
1 875
1 763
1 632
1 344
1 490
2 385
1 434
1 979
2 222
2 99
1 1036
2 261
1 924
2 156
2 835
2 469
2 858
2 13
1 673
1 1014
1 881
1 987
2 250
1 681
2 376
1 421
1 425
2 1005
1 751
2 773
2 278
2 721
2 127
1 538
1 496
2 355
1 333
1 189
1 319
2 534
2 391
1 956
2 143
1 927
2 106
1 614
2 557
2 274
1 152
2 824
1 635
2 976
1 8
1 860
2 655
2 70
1 507
2 530
1 370
2 433
2 139
1 458
2 597
1 890
2 956
2 698
2 317
1 112
1 691
1 145
1 524
1 214
2 43
2 102
2 1049
1 225
1 139
2 477
1 19
2 947
1 488
1 493
1 21
1 679
2 263
1 429
2 856
2 689
1 991
2 13
1 154
2 345
1 1020
1 516
1 295
1 436
2 446
2 474
2 1032
1 296
2 704
2 550
1 179
1 756
2 303
1 54
2 348
1 151
2 189
1 44
1 613
2 1008
2 1005
1 33
1 141
1 199
2 447
2 749
1 532
2 574
2 899
2 931
2 503
2 783
1 988
1 563
1 144
1 203
2 366
2 153
2 1041
2 437
2 1003
1 396
2 540
1 383
1 608
1 94
1 1037
2 272
1 867
2 127
1 541
1 250
2 880
1 45
2 785
2 942
1 601
2 777
2 1027
2 191
1 888
2 211
1 668
2 65
1 947
2 561
2 527
2 387
2 459
2 788
1 1024
2 797
1 647
2 152
1 802
2 414
1 271
2 866
2 821
1 440
1 700
2 7
1 980
2 796
2 200
1 786
2 781
2 602
2 576
2 710
1 659
1 445
1 981
1 836
1 623
2 641
1 965
2 601
2 944
1 744
1 961
1 423
1 349
1 679
2 760
1 806
1 952
1 842
1 408
2 866
2 416
1 94
1 716
1 504
2 728
2 361
1 327
2 173
2 780
1 464
1 169
1 275
2 86
1 974
2 267
2 114
2 612
2 578
2 183
1 700
1 122
2 258
2 158
1 869
2 533
2 894
2 64
2 332
2 188
1 501
1 62
1 489
1 864
1 58
1 683
1 1039
2 224
1 231
2 379
2 1017
2 946
2 855
2 240
2 393
1 206
2 563
2 740
1 925
1 702
1 945
1 932
2 906
2 669
2 805
1 236
1 870
2 940
2 970
2 292
2 799
1 195
2 364
1 825
2 386
2 304
1 150
1 1010
2 11
1 913
1 652
2 743
1 663
1 851
1 769
1 308
1 452
2 175
1 996
1 699
2 977
2 294
2 415
2 466
1 136
2 1007
1 202
1 896
1 193
2 389
1 722
2 789
2 208
2 91
1 485
1 854
1 989
1 50
2 705
1 37
2 771
1 779
1 182
2 333
1 386
2 791
2 549
1 126
2 253
2 376
2 31
1 298
2 151
2 615
2 230
1 658
1 631
1 103
1 479
1 5
1 736
2 787
2 48
1 497
2 362
1 403
1 792
1 911
1 33
2 309
2 353
2 605
2 582
2 1028
1 499
1 887
2 207
1 905
1 215
2 130
1 503
1 732
2 935
1 343
1 651
2 191
1 350
1 556
2 37
1 70
2 197
1 914
1 761
1 715
2 285
2 957
2 389
1 467
2 766
2 808
1 489
2 1040
1 325
1 302
2 342
2 884
1 680
1 244
1 912
2 987
2 541
2 262
1 512
2 297
2 257
2 807
1 787
1 754
2 455
1 555
2 463
2 246
1 41
1 501
2 1013
1 19
2 499
2 61
2 828
2 827
1 1024
1 723
2 970
2 629
2 966
1 397
1 733
2 309
1 59
2 1029
2 402
2 596
1 255
1 210
2 554
2 702
2 868
1 1042
1 488
1 560
1 500
1 95
2 1018
2 401
2 709
2 617
1 968
1 279
1 267
1 899
2 604
1 930
1 926
1 451
1 964
1 251
2 357
1 360
2 844
2 634
1 642
2 381
2 313
2 880
2 757
1 435
2 982
2 616
1 521
1 845
1 923
2 1007
1 560
1 967
1 156
1 793
2 123
1 86
1 180
1 301
1 21
2 233
2 799
2 809
2 475
2 1035
2 999
1 311
1 20
2 681
1 406
1 471
2 38
1 604
2 917
2 259
1 768
2 425
1 1046
1 898
1 729
1 441
2 575
2 683
1 758
1 447
1 625
1 268
2 363
2 321
2 349
1 492
2 364
1 30
1 744
2 261
1 757
2 950
1 606
2 42
2 394
2 211
2 694
1 722
1 591
1 920
1 589
1 953
1 497
2 814
1 120
2 784
1 599
1 889
1 646
1 462
2 565
1 81
2 520
2 204
2 519
2 652
1 39
1 640
2 730
1 942
2 938
1 224
1 1047
1 78
2 424
1 243
2 260
1 949
2 1013
2 403
1 723
2 750
2 382
1 227
2 498
2 55
1 226
1 319
2 214
2 457
1 410
1 853
1 178
1 452
2 216
2 506
2 122
1 18
1 745
2 874
1 126
1 142
2 491
1 183
1 63
2 829
2 617
2 219
1 703
1 67
2 295
1 433
1 161
2 714
1 566
2 353
2 963
2 561
1 540
1 671
1 632
2 88
1 223
2 831
2 786
1 284
2 691
1 533
1 480
1 764
1 1040
1 476
1 118
1 575
2 886
1 976
1 812
2 891
2 321
2 483
2 30
1 752
1 808
1 749
1 792
1 1016
1 958
1 643
1 819
2 658
1 1008
1 871
1 928
1 805
1 373
1 320
2 367
2 1019
2 279
2 1020
1 745
1 640
2 991
1 325
1 438
1 409
2 995
1 931
2 885
2 400
1 28
2 525
1 324
2 1049
2 662
2 409
1 738
2 695
2 418
2 803
1 826
1 357
1 597
1 571
1 365
2 797
1 622
1 77
2 553
2 887
2 1032
1 1038
1 361
2 593
2 160
1 478
2 465
2 505
2 268
2 351
1 710
1 752
1 551
2 7
1 213
1 317
1 519
1 698
2 351
2 249
1 943
2 210
1 51
2 1038
2 196
2 310
2 748
2 100
1 308
1 123
1 618
2 810
2 1004
2 975
1 529
2 949
2 427
2 146
2 731
2 400
2 1033
2 420
1 742
1 241
1 818
2 461
2 176
1 355
2 64
1 318
1 716
2 834
2 1048
2 241
1 407
2 978
1 609
1 10
1 857
1 695
2 169
2 419
2 872
1 699
2 724
1 849
1 172
1 149
1 167
1 322
2 841
2 536
1 174
1 190
2 711
2 115
2 973
1 358
1 442
2 22
2 982
1 166
2 119
1 470
1 986
2 992
1 209
2 534
1 312
2 438
2 180
2 435
1 24
2 859
1 47
1 937
2 134
2 89
2 984
2 83
2 525
1 98
2 235
1 1001
1 843
2 264
1 657
1 429
2 196
1 449
1 461
2 154
1 431
1 696
2 147
2 539
1 615
2 675
2 12
2 580
2 177
2 399
2 518
2 313
1 886
1 714
1 558
2 384
2 644
2 803
1 407
1 14
2 247
2 999
2 52
2 247
1 743
1 85
1 806
2 629
1 997
2 190
1 71
2 612
1 888
2 502
2 138
1 945
1 638
1 487
1 88
2 708
1 685
2 929
2 380
1 907
2 568
2 168
1 289
2 1039
1 280
1 523
2 589
1 165
1 568
2 718
2 111
1 1046
1 879
1 72
1 91
2 383
2 904
1 185
2 36
1 336
1 329
1 348
1 62
1 775
2 432
1 852
2 570
2 395
2 404
2 92
1 1048
1 237
2 600
1 454
1 522
2 235
2 9
1 104
1 553
1 872
1 281
2 739
1 284
1 242
2 195
2 666
1 831
1 554
2 75
1 315
2 513
2 1028
2 374
1 50
1 437
1 910
1 897
2 993
2 121
1 966
1 257
1 405
2 755
1 38
2 80
1 445
1 270
2 93
2 627
2 1043
2 203
2 159
1 155
2 63
1 413
2 234
1 693
1 784
1 81
1 423
1 177
2 686
1 801
1 411
1 675
2 460
1 896
2 876
2 248
1 60
2 1045
2 719
2 1021
2 666
2 314
2 610
1 492
2 131
2 87
2 755
2 32
2 1023
1 140
1 398
2 841
1 941
1 832
2 584
1 1026
2 109
1 290
2 282
2 1036
2 603
2 624
1 276
1 770
1 141
1 1041
2 775
2 72
1 676
2 621
1 334
2 881
2 365
2 817
2 807
2 288
1 955
2 178
2 823
2 1006
1 682
2 944
1 767
1 202
2 798
1 690
2 290
1 306
1 1025
1 46
2 637
1 57
1 587
1 928
2 296
1 800
1 469
1 393
2 417
1 870
1 1043
2 304
1 919
2 117
1 593
1 594
2 362
2 628
1 664
1 678
1 346
2 846
1 753
2 960
2 252
1 372
1 237
1 490
2 967
2 879
2 835
1 767
2 983
2 794
2 46
2 480
1 908
1 105
1 132
2 283
1 117
1 277
1 440
2 951
1 830
