2100 7500
1 886
1 690
1 320
1 549
2 618
1 799
2 493
2 181
2 34
1 622
1 15
2 71
2 631
1 479
2 11
1 660
2 823
1 1010
2 592
2 77
2 1033
1 25
2 743
2 127
1 902
1 133
2 590
2 526
2 807
1 120
1 47
1 910
2 596
2 962
1 1017
2 1025
2 756
1 862
2 448
2 91
1 749
1 304
1 653
1 636
1 922
1 1000
2 248
2 37
2 22
2 890
2 511
1 755
1 835
1 980
2 142
1 671
1 1048
2 231
2 116
2 269
2 578
1 253
1 955
2 148
2 1046
2 314
2 825
1 222
1 83
1 601
2 254
1 172
2 534
1 432
1 306
2 838
2 715
2 80
1 478
1 391
2 1015
1 751
1 666
1 485
2 940
1 95
1 360
1 1028
1 280
2 603
2 936
2 289
2 262
2 859
2 703
1 835
2 16
1 378
2 996
2 160
2 33
2 538
2 58
1 563
1 49
2 541
1 353
1 880
2 540
1 453
1 409
1 67
1 970
1 276
1 273
1 458
1 252
1 95
1 1017
2 728
2 880
2 170
2 634
2 586
2 893
2 289
2 652
1 642
2 4
2 257
1 608
2 585
2 197
1 815
2 1018
2 612
2 931
2 888
2 568
2 477
1 935
2 218
2 1018
2 1008
1 1015
2 45
2 21
2 869
2 233
2 650
1 244
2 619
2 48
2 449
1 866
2 671
2 413
2 163
2 265
1 184
2 1016
2 956
1 900
1 557
2 248
2 695
1 236
1 1011
2 195
1 626
1 319
1 467
2 509
2 828
2 832
1 446
2 665
2 1027
1 202
2 316
1 834
1 1030
2 36
2 907
1 98
1 54
2 713
1 390
2 708
1 1007
2 368
2 1041
2 582
2 266
2 704
2 872
1 130
1 214
1 828
2 852
1 277
2 658
1 703
2 762
1 416
1 185
1 137
1 856
2 299
1 786
1 896
2 742
2 395
1 857
1 348
2 812
2 790
2 454
1 515
1 433
2 627
1 342
1 250
1 15
2 116
1 79
1 792
1 570
1 14
2 719
2 416
2 941
1 291
1 968
1 959
2 649
2 500
1 392
2 403
1 100
2 439
2 1050
1 64
2 920
1 968
2 388
1 464
2 963
1 498
2 854
2 629
2 174
1 364
2 128
1 96
1 597
2 609
1 210
2 120
2 255
1 782
1 805
2 978
1 280
1 572
1 356
1 1034
1 982
2 751
1 948
2 581
2 949
1 35
2 906
1 356
1 92
1 640
1 527
1 38
2 995
1 7
2 129
2 39
1 841
1 878
2 961
2 300
2 209
2 243
2 934
1 495
1 790
1 1046
2 1050
2 153
2 732
2 487
1 201
2 693
1 767
2 317
2 302
1 987
2 13
2 391
1 607
1 667
1 160
1 27
1 799
2 503
1 899
2 234
1 783
2 440
2 490
1 528
1 697
1 867
2 441
2 69
2 387
1 695
1 208
2 118
2 268
2 847
2 706
2 1048
2 161
2 585
1 62
1 39
2 31
1 910
2 595
1 840
1 930
2 599
1 625
1 427
1 402
1 566
2 659
1 186
1 481
1 497
1 616
2 908
1 762
2 604
2 434
2 633
1 807
1 705
1 412
2 480
1 549
1 256
1 66
2 778
2 270
2 543
2 178
1 482
1 187
1 884
2 633
1 781
1 666
1 202
1 975
2 264
2 470
2 897
2 536
1 90
2 504
1 264
2 258
2 551
2 691
2 541
1 613
1 551
1 208
1 319
1 182
1 361
1 80
1 1013
2 294
1 852
1 293
1 123
1 1049
1 822
2 740
2 240
1 947
1 37
1 292
1 801
2 88
1 720
2 619
2 94
2 996
2 922
1 478
2 770
2 461
1 958
1 385
2 373
1 933
1 876
2 841
2 349
1 263
1 471
1 468
2 268
2 189
1 548
2 418
1 696
2 125
2 13
1 311
2 378
2 467
2 641
2 449
1 889
1 136
1 1028
1 439
1 699
1 558
2 194
2 1026
2 182
2 561
2 418
2 618
2 114
1 796
2 1038
1 442
2 97
1 131
1 913
1 627
1 172
2 262
2 876
2 148
1 421
1 422
1 749
1 621
1 219
2 766
1 250
1 860
1 902
1 74
2 554
2 736
2 590
1 623
2 587
2 24
1 441
1 644
1 227
2 1012
1 921
2 863
1 917
1 199
1 1047
2 602
1 589
2 842
2 382
2 146
1 687
1 117
1 945
2 520
2 889
2 545
2 665
2 1043
2 410
1 787
2 363
1 23
1 600
2 335
1 1037
2 59
1 849
2 912
1 872
1 246
2 611
2 846
2 106
2 974
1 569
1 245
2 196
1 460
2 632
1 315
2 109
2 940
1 729
2 624
2 657
1 278
1 51
2 632
1 283
1 420
2 898
1 900
2 354
1 1014
2 649
2 332
2 314
1 447
2 808
2 629
2 575
2 463
1 884
1 964
1 135
2 739
1 475
2 811
1 672
1 90
2 832
1 227
2 158
2 653
1 987
1 297
2 569
2 829
1 1023
2 959
2 705
2 1007
1 502
1 236
2 286
2 651
1 779
1 192
1 798
1 285
1 830
1 460
2 937
1 380
2 495
2 283
2 228
2 890
1 215
1 344
2 221
1 717
2 386
2 680
2 421
2 138
1 954
2 662
2 420
1 292
2 1029
2 1
1 415
2 667
2 772
2 862
2 985
1 513
2 711
1 718
2 281
2 438
1 688
1 827
1 803
2 79
2 598
2 228
2 610
2 350
2 305
1 159
2 716
2 196
2 848
1 535
1 423
2 848
2 812
2 806
2 368
2 991
1 372
2 891
2 514
1 133
1 550
2 724
2 991
1 811
1 1002
1 742
1 132
2 560
1 1024
1 50
2 371
1 73
2 362
1 402
2 1030
1 389
2 145
1 179
1 496
1 542
2 379
1 924
1 644
2 820
1 865
2 64
1 617
1 274
2 1013
1 744
1 3
1 119
1 28
1 875
1 233
2 532
1 272
2 376
2 946
2 141
2 207
2 293
2 583
1 939
2 225
1 195
2 555
1 317
1 928
2 55
2 405
2 450
2 85
1 574
2 711
1 28
2 251
2 720
1 845
2 7
1 260
2 381
1 256
2 684
1 333
2 153
2 326
1 681
2 879
1 328
1 744
2 764
1 591
2 447
1 254
2 984
2 967
1 877
1 75
1 242
1 53
1 318
1 938
1 4
1 606
1 41
1 58
2 279
2 324
2 576
1 259
1 1006
2 393
1 424
2 942
2 282
1 25
1 738
1 498
2 765
1 429
2 818
2 833
2 347
1 363
2 687
1 41
1 275
1 766
1 1041
1 851
1 448
2 928
2 200
2 157
1 44
2 964
2 226
1 370
1 661
1 658
2 249
1 271
2 553
1 213
1 615
1 578
2 519
2 772
1 360
2 630
1 174
2 587
1 70
2 150
2 87
2 469
1 489
1 175
1 382
1 761
2 851
2 930
1 437
2 904
1 560
1 315
1 955
1 313
2 403
1 101
1 689
2 722
1 725
2 944
2 949
2 102
1 60
2 986
1 392
1 636
1 700
1 517
2 312
1 443
1 328
1 417
1 836
2 510
1 976
1 210
1 808
2 843
2 780
2 984
2 217
1 605
1 97
2 783
2 357
1 453
1 881
2 189
1 734
2 956
2 212
1 137
1 903
2 127
2 332
1 336
2 946
2 952
1 397
2 994
2 732
1 537
2 282
2 878
2 206
2 237
2 346
2 789
1 657
2 209
1 855
2 816
2 201
2 68
2 830
2 144
1 53
2 96
1 106
2 329
2 544
1 999
1 212
2 337
2 943
2 647
2 410
1 929
1 203
1 993
1 912
2 472
2 850
2 776
1 388
1 6
2 648
1 969
2 637
1 539
2 506
1 458
2 1014
1 113
2 251
2 400
1 707
1 1036
2 507
1 108
2 745
2 436
1 247
1 678
1 892
2 457
2 456
2 813
1 622
2 933
1 712
2 626
1 343
2 32
2 375
1 927
2 298
2 1020
1 455
1 765
2 255
1 594
2 473
2 858
1 369
2 139
1 565
1 415
2 284
2 745
2 334
2 518
1 469
2 336
2 384
1 340
2 348
1 850
2 716
1 624
2 676
2 229
1 553
2 307
2 1
1 988
1 920
1 903
1 950
1 1021
2 274
1 81
2 143
2 780
2 371
1 396
2 787
1 746
2 1008
1 655
1 211
2 285
1 932
2 670
2 2
2 865
2 831
1 763
2 800
2 163
1 575
2 826
2 1039
1 440
1 220
2 886
1 983
1 198
2 450
1 499
1 261
2 524
2 63
2 805
2 54
1 194
2 501
1 55
2 393
1 383
2 479
1 184
2 484
1 977
2 126
1 645
1 710
2 129
1 444
1 545
1 373
1 857
1 932
2 239
2 937
1 659
1 1040
1 564
1 156
1 737
2 179
2 663
2 397
2 804
2 93
2 571
1 190
2 358
1 366
1 523
1 638
2 141
2 423
1 573
2 727
1 628
1 834
2 562
2 717
1 607
1 620
2 809
1 454
2 905
2 258
2 532
1 966
1 702
1 379
1 792
2 372
1 344
1 384
2 492
1 1036
2 204
2 672
1 459
1 154
2 995
1 220
2 853
1 577
1 1010
2 873
1 894
2 213
2 944
2 426
2 374
2 338
2 926
2 844
2 238
1 967
2 1026
2 540
2 894
1 521
2 82
1 998
2 824
2 496
1 33
2 203
1 488
1 985
1 341
2 365
2 352
2 235
2 904
2 888
2 781
2 1049
2 481
2 151
2 161
2 680
2 1037
1 431
2 490
1 1045
1 817
1 411
2 864
2 84
2 975
2 383
1 682
1 819
2 125
1 676
2 960
2 351
1 327
2 502
1 176
1 736
1 288
2 769
2 155
2 752
2 355
2 842
2 414
1 868
1 143
2 874
1 398
1 362
1 809
1 307
2 154
1 901
1 112
1 531
2 221
2 144
2 881
2 562
1 697
1 377
1 499
1 367
2 918
2 470
1 776
1 226
2 185
2 355
1 761
1 843
1 145
2 105
2 353
1 290
1 505
1 335
1 94
2 419
1 5
2 359
2 739
1 374
2 89
2 99
1 839
1 724
2 786
2 979
1 768
2 278
2 115
1 119
1 291
2 1031
2 1032
2 518
2 819
1 152
1 674
2 971
2 699
1 187
2 914
1 428
1 681
2 1022
2 136
2 457
1 32
2 522
1 615
1 520
1 901
1 17
1 1040
1 20
2 139
2 871
1 1044
1 589
1 694
1 691
2 521
2 721
1 882
2 529
1 67
2 27
1 170
1 462
1 488
2 59
1 951
1 438
1 342
2 345
1 272
1 246
1 514
1 674
2 473
2 29
2 76
2 882
2 816
2 43
1 152
1 542
2 550
1 677
2 224
2 381
1 503
2 723
1 845
2 151
1 197
2 754
1 134
2 640
2 813
1 115
2 224
1 733
2 298
2 597
2 177
1 867
2 361
1 708
2 70
2 714
2 364
2 630
1 591
1 297
1 733
1 199
1 380
1 692
1 738
1 567
1 1033
1 117
2 191
2 552
1 603
1 731
2 537
1 302
1 743
2 846
2 114
1 584
2 536
1 893
1 698
2 338
2 349
2 492
2 621
1 1035
2 316
1 914
1 915
1 437
2 45
1 247
2 305
1 124
2 49
2 860
1 219
1 406
1 1039
2 678
2 740
1 301
2 101
1 510
2 760
2 646
1 204
2 8
1 260
2 918
2 875
1 311
2 797
1 750
2 89
2 815
1 281
1 604
2 941
2 821
1 773
2 110
1 1003
1 962
1 121
1 401
1 432
1 682
2 516
1 741
1 725
2 112
1 721
2 696
1 990
1 1019
2 758
2 896
2 877
1 325
2 654
2 386
1 525
1 926
1 232
2 320
2 664
1 43
2 856
2 1006
1 188
2 556
1 858
1 613
2 237
1 527
1 747
2 960
1 430
2 1045
1 916
2 861
1 895
2 709
2 20
1 517
1 759
1 30
1 753
1 413
2 547
1 340
2 445
1 701
1 149
1 110
1 505
2 675
1 601
1 491
1 325
2 642
1 475
1 899
1 318
2 1023
1 1034
1 142
2 358
1 180
1 925
2 825
2 746
2 425
1 175
2 673
1 162
2 3
1 554
2 969
1 105
1 710
2 760
1 399
1 635
2 42
1 927
1 76
2 243
2 507
2 216
2 134
2 166
2 639
2 727
2 390
1 486
2 580
1 574
2 1001
1 299
1 870
2 552
2 176
2 694
2 567
2 405
2 398
2 140
2 271
1 164
1 579
1 113
2 463
1 508
2 530
1 167
1 436
1 1012
2 543
1 535
1 635
1 485
1 1009
1 883
2 958
2 451
1 71
2 61
2 939
2 23
2 427
2 198
2 559
1 401
2 580
2 957
2 295
2 993
1 641
2 34
2 919
1 546
2 389
1 9
1 244
2 5
1 396
2 345
2 46
1 643
2 322
2 752
2 180
1 515
2 171
2 103
2 596
1 270
1 205
1 303
1 369
2 508
2 1035
2 367
2 854
1 216
1 908
1 534
2 322
1 588
2 512
1 951
2 301
2 57
1 820
2 669
1 207
1 863
2 357
2 190
2 992
2 493
1 313
1 472
2 782
1 794
2 232
1 50
1 895
2 215
1 1004
1 788
1 531
1 837
2 953
1 62
2 592
2 164
1 650
1 823
2 614
1 685
1 714
1 17
2 957
2 428
1 923
2 655
2 547
1 582
2 660
2 702
1 483
1 663
1 52
2 35
1 200
1 868
1 891
1 837
1 777
2 911
2 600
1 804
1 66
1 513
1 952
2 138
1 19
2 331
1 417
1 581
2 925
1 639
1 509
1 57
2 132
2 756
1 879
1 395
1 279
1 935
2 662
2 661
2 404
1 330
2 350
1 424
2 329
1 42
2 849
2 51
1 352
1 885
1 65
2 726
1 748
2 1043
1 718
2 147
2 686
1 883
1 990
1 909
1 775
2 559
2 768
1 486
1 168
1 628
1 483
2 992
1 688
1 608
1 690
2 905
2 411
1 715
2 774
1 230
2 186
1 713
2 764
2 72
2 323
1 321
1 638
1 664
2 16
1 52
1 461
2 456
2 656
1 844
1 614
2 887
2 290
1 983
2 571
2 669
2 965
2 722
1 866
1 433
1 998
2 430
1 1019
1 528
2 965
2 1025
2 564
1 191
2 652
2 135
1 225
1 83
2 222
1 668
1 784
1 821
1 500
1 1022
1 950
2 46
2 723
1 1044
2 108
2 275
2 169
1 506
2 26
2 263
1 193
2 102
2 310
2 911
1 465
1 847
1 434
2 400
2 588
1 810
1 86
2 404
1 346
1 864
1 241
1 1005
1 565
2 99
1 474
2 685
2 563
2 376
2 953
1 73
2 617
1 217
1 735
1 205
1 773
1 377
2 61
1 693
1 103
1 994
2 253
2 309
2 730
1 986
1 785
2 242
2 86
1 892
2 824
2 936
2 14
2 165
2 943
1 645
1 56
1 598
1 168
1 798
2 462
1 915
2 570
2 753
1 74
2 188
1 971
2 526
2 211
1 906
1 829
2 796
1 494
1 85
1 873
2 795
2 87
1 795
2 366
1 683
1 700
1 419
2 38
2 558
2 706
2 18
2 241
1 989
1 214
1 30
2 124
1 546
1 814
1 599
1 104
2 579
1 769
2 1032
1 966
1 183
2 620
2 668
2 84
1 948
1 294
1 466
2 468
1 729
2 651
2 719
1 476
1 595
1 19
2 679
1 157
2 88
1 533
1 675
1 859
1 277
2 533
1 385
1 78
2 923
2 839
1 827
1 750
1 10
2 735
2 296
2 487
2 1009
1 12
1 730
1 257
2 351
1 118
2 474
2 1004
2 111
1 907
1 140
2 173
2 238
2 354
1 156
1 491
2 126
2 8
1 977
1 771
1 484
1 230
2 165
2 797
1 408
2 673
1 853
1 757
1 444
2 789
1 989
2 954
1 1038
2 784
2 429
2 44
1 399
2 1000
2 605
1 646
1 407
2 800
2 1002
2 870
1 171
1 235
2 245
2 1005
1 988
1 1020
2 60
1 159
1 288
1 609
1 326
1 584
2 754
2 612
1 310
2 648
1 731
2 327
2 512
1 779
1 122
2 557
1 887
2 610
2 504
1 22
2 942
1 840
1 577
2 409
1 573
2 973
2 616
2 556
2 471
1 767
1 1001
2 788
2 794
1 91
1 972
2 308
1 223
1 77
1 276
2 1016
1 31
2 2
1 919
2 529
1 774
1 826
2 406
1 265
2 606
1 656
2 465
1 375
2 252
1 670
2 763
1 78
2 223
1 431
2 69
1 304
1 72
1 770
1 229
2 755
1 130
1 330
1 970
1 26
2 408
1 524
2 1029
1 68
2 239
2 938
2 771
1 36
2 917
2 100
1 359
1 12
2 287
2 980
1 261
1 976
1 647
1 566
1 759
2 698
1 339
1 692
2 286
1 56
2 149
2 544
1 312
2 452
2 1021
2 131
2 871
2 162
1 303
1 818
2 146
2 63
2 29
1 92
2 480
1 838
1 934
2 267
1 147
1 519
1 981
1 6
1 602
1 707
1 593
2 193
1 394
2 40
1 898
2 704
1 339
1 48
2 677
2 104
1 634
1 586
1 267
2 929
2 81
1 593
2 806
2 337
1 972
1 93
1 121
1 451
2 442
1 963
1 997
2 266
2 128
1 181
1 477
1 654
2 831
2 999
1 523
1 778
2 686
1 548
2 516
2 1047
2 737
1 803
1 158
2 122
2 758
2 748
2 583
2 623
1 347
1 10
2 637
2 793
2 47
2 861
2 709
1 231
1 435
2 561
2 982
1 9
2 689
1 455
1 259
1 98
2 679
1 183
2 287
1 489
2 525
1 572
2 576
2 11
2 947
1 874
1 82
2 801
1 308
1 1024
2 775
1 594
2 1011
2 777
2 109
1 21
2 530
1 166
2 511
2 974
2 568
1 296
2 793
1 387
1 482
2 924
1 370
1 24
2 978
2 425
2 833
1 539
2 459
2 173
2 269
2 869
1 284
1 422
1 1003
1 997
2 625
2 611
2 65
2 107
2 206
1 979
1 123
2 931
1 909
2 178
1 333
2 150
2 111
2 466
1 1027
1 443
1 802
2 273
1 155
1 802
2 445
2 981
2 822
2 814
1 501
2 885
1 913
2 747
1 836
1 192
1 555
2 218
1 234
1 1042
2 1031
1 435
1 785
2 631
1 306
1 446
1 331
2 728
2 538
2 684
1 167
2 412
1 300
1 323
2 810
1 916
2 365
2 40
2 855
2 394
1 341
1 1042
1 643
2 522
2 683
2 324
2 817
2 321
1 476
2 177
1 75
1 240
2 18
1 921
1 712
2 464
1 897
1 334
1 741
2 726
2 107
2 791
2 701
2 426
2 973
2 343
2 961
2 757
1 249
2 169
2 407
1 945
2 497
2 452
1 494
1 791
2 734
2 414
2 295
2 309
