2600 2000
2 1103
1 742
2 969
2 601
2 442
1 25
1 1114
1 1026
2 259
1 959
1 404
2 185
2 1075
2 615
2 487
1 888
1 473
1 671
1 842
2 1172
2 328
2 1079
1 42
2 838
2 31
2 146
1 390
2 846
1 1289
2 412
1 136
2 698
1 342
2 644
1 910
2 293
1 535
1 631
1 18
2 649
2 32
1 517
1 980
1 796
1 1173
2 614
1 925
2 1210
1 241
1 1289
2 1200
1 1218
1 711
1 511
2 770
2 1280
1 252
2 696
1 69
2 834
2 633
1 221
2 801
1 677
1 50
2 1184
1 444
2 939
2 833
1 97
1 1094
2 794
2 906
2 391
1 428
2 841
1 323
1 118
1 670
2 16
2 377
1 1232
2 314
1 196
2 1284
2 1256
2 366
1 338
1 1049
2 463
1 311
2 411
1 1291
1 662
2 977
2 1123
1 605
2 380
1 1036
2 1045
2 815
1 188
2 255
2 421
1 584
1 661
1 1143
1 1164
2 1070
1 379
2 163
2 194
2 1268
2 1125
2 245
2 724
2 203
2 608
2 1262
2 240
1 859
2 714
1 1004
2 217
1 781
2 414
2 181
1 1259
2 382
1 177
2 1177
1 242
1 1123
2 235
1 112
2 998
1 58
1 419
2 539
2 529
1 379
2 725
1 897
1 153
1 1229
2 994
2 199
1 9
2 574
1 1112
1 236
1 916
2 730
2 656
1 1066
2 626
2 405
2 219
2 365
2 588
1 748
1 320
1 25
1 847
1 428
1 118
2 1091
1 494
2 1100
2 144
2 501
1 1283
2 454
1 1203
1 939
2 507
2 1019
2 51
1 1114
1 546
1 91
2 893
1 330
1 510
2 820
1 1231
2 586
1 1261
2 427
2 1275
2 216
2 474
1 148
1 913
1 966
1 230
2 809
2 960
1 1110
1 226
2 828
1 733
2 988
1 477
2 843
1 953
2 1139
1 772
1 397
1 425
2 387
2 402
2 938
1 400
1 810
1 553
2 1138
2 719
1 431
1 98
2 935
1 390
1 154
2 263
1 945
1 61
2 434
1 23
1 486
1 132
2 227
2 360
1 301
1 271
2 443
1 330
1 291
1 647
1 420
1 469
1 121
1 1186
1 375
2 1082
2 1000
1 142
1 975
2 597
2 538
1 1042
2 169
1 585
2 518
2 1090
1 272
1 239
1 73
2 637
2 334
2 1017
1 837
2 1299
2 1270
2 880
1 523
2 197
1 990
2 1297
2 1020
2 1233
2 1212
2 514
1 407
2 204
1 839
2 10
1 917
2 1134
1 1011
1 51
2 1128
2 163
1 635
1 193
1 907
1 1171
1 1153
1 206
2 112
1 551
2 640
2 549
2 891
2 1219
1 679
1 280
1 11
2 763
2 794
2 173
1 846
1 548
1 256
1 350
1 1131
2 543
2 900
2 24
1 1184
1 385
2 388
2 149
1 1190
1 770
1 786
1 1220
2 324
1 458
2 520
1 993
2 52
1 437
2 986
1 1147
2 547
2 276
2 265
1 1213
2 694
1 1223
1 183
2 391
1 629
2 1110
2 374
1 757
1 195
1 396
2 817
2 1067
1 616
1 144
1 1179
2 162
2 111
2 1150
1 110
2 319
1 340
1 293
1 67
1 678
1 598
2 352
2 702
1 239
2 161
1 147
2 760
2 412
1 575
1 150
2 160
1 1035
2 158
1 174
1 443
2 1058
1 812
2 326
1 1026
1 138
1 224
2 1199
1 1075
1 1166
2 651
1 302
2 562
1 1
1 746
1 546
1 1047
1 761
1 389
1 1045
2 1105
2 399
1 71
2 1163
1 558
2 79
1 120
2 521
2 273
1 467
1 506
1 868
2 124
1 927
2 762
2 1047
1 46
1 506
2 477
2 1012
2 395
1 155
1 964
1 9
1 1179
1 860
1 63
1 329
2 26
2 1130
1 823
1 96
2 240
2 111
2 902
1 768
1 1033
1 1030
2 332
1 798
2 712
2 522
2 819
2 617
2 869
1 1068
1 601
1 204
2 830
1 155
2 1175
2 823
2 904
2 746
2 1277
1 972
2 514
2 1243
1 1021
2 765
2 415
2 445
2 723
2 705
1 689
1 399
1 697
1 1257
1 654
1 1065
2 74
2 1092
2 526
2 126
2 157
1 114
2 180
1 1192
1 1287
1 1074
1 267
1 708
1 257
1 571
2 110
2 592
1 68
2 1069
1 10
2 214
1 142
2 151
1 52
1 835
1 495
2 702
2 548
2 1200
2 1222
2 1078
1 464
1 947
1 1141
2 416
2 1230
1 1271
1 48
2 5
1 485
2 1281
2 952
1 1101
1 394
1 292
2 1119
2 406
1 764
1 593
2 291
2 519
2 723
1 279
1 779
1 603
2 153
2 429
2 450
1 1204
2 1268
2 903
1 581
1 739
2 532
2 775
1 141
1 354
1 36
1 879
1 610
1 438
2 1078
1 944
1 325
1 961
1 875
2 1056
1 1151
2 172
1 975
1 300
1 704
1 1249
2 1227
2 451
1 59
2 844
1 1295
1 159
2 803
2 1046
2 512
2 832
1 1281
2 804
2 168
2 533
1 606
2 235
2 208
2 824
2 129
1 797
1 1217
1 296
2 322
2 364
2 818
2 783
1 20
1 1127
1 731
1 566
2 564
1 890
1 1215
1 938
2 1032
2 1144
1 528
1 1272
2 681
2 164
1 109
2 316
2 948
1 426
2 1221
1 687
1 587
2 596
2 562
2 61
2 1124
2 196
1 340
2 942
1 159
1 4
1 1014
2 1099
1 26
2 218
1 502
1 999
2 1084
1 136
1 356
2 1086
2 47
2 745
1 1187
1 1055
2 281
1 233
2 1102
1 734
2 1206
1 217
1 931
2 71
2 970
2 283
1 612
1 1167
1 438
1 779
2 1169
1 311
1 417
1 246
1 8
1 193
1 589
2 795
1 589
1 1092
2 288
2 863
1 878
1 278
2 1002
1 381
2 201
1 284
1 94
1 436
2 1083
2 1246
1 1018
2 920
2 1168
1 497
1 1125
2 556
2 871
2 587
2 225
1 634
1 1017
2 1006
2 901
2 834
1 799
1 958
1 751
2 327
2 1095
1 398
2 1197
1 666
1 998
2 450
1 215
1 413
2 559
2 1084
2 455
1 1194
1 685
2 198
1 663
1 213
1 85
1 711
1 1282
2 349
2 948
2 576
1 1099
1 524
2 1008
1 1291
2 335
1 872
2 191
2 14
2 1159
1 288
1 480
2 1197
2 242
2 829
1 1276
2 808
2 599
1 208
2 264
2 773
1 1175
2 207
1 910
2 21
2 872
1 498
1 66
2 772
2 936
1 802
2 206
2 882
2 568
1 1121
1 518
2 850
1 16
1 232
1 413
2 1071
2 222
2 1194
1 1257
2 1063
1 968
2 1007
2 286
2 403
2 1199
2 552
1 245
1 766
2 1288
1 210
2 464
1 78
1 1208
1 511
1 780
1 1063
1 909
2 569
2 1196
2 555
2 1
1 479
2 40
1 784
1 1037
1 861
2 339
2 499
1 596
1 1279
2 1028
1 1290
1 140
1 1177
2 578
1 492
2 1121
1 728
1 228
2 911
1 922
1 815
1 80
2 435
2 454
1 121
1 223
1 1018
2 735
2 761
1 1043
1 933
1 407
2 392
1 457
2 1044
1 425
1 1273
2 773
1 793
1 1010
2 29
1 719
2 182
1 503
1 1122
2 1221
1 877
1 1080
1 808
2 1240
1 580
2 258
2 334
2 628
2 981
2 709
1 1002
1 1036
2 1057
2 1267
1 152
1 1285
1 187
1 826
2 1277
2 1136
2 1096
2 755
2 445
2 1054
2 226
1 805
1 468
1 176
2 83
1 275
2 475
2 787
2 778
2 966
2 34
1 489
2 698
2 1205
1 930
2 424
1 1247
2 474
2 1163
1 1120
1 1115
1 658
1 62
2 769
2 950
1 940
1 117
2 550
2 996
2 524
1 33
2 1111
1 5
2 594
1 1244
2 520
2 814
1 250
1 47
1 268
2 921
1 114
1 45
1 712
1 237
1 127
1 1262
2 572
1 875
1 466
2 33
1 98
1 1182
1 970
2 1003
2 1236
2 999
1 936
1 616
1 1139
1 1087
2 116
1 557
2 1250
2 1202
1 1222
2 769
2 525
2 664
1 602
1 720
2 1094
2 320
2 1064
1 447
1 1148
1 717
1 957
1 818
1 657
1 1031
1 228
1 1299
1 1282
2 270
1 156
2 831
1 874
1 1038
1 115
1 1183
1 1062
2 1193
1 1224
2 1033
1 1081
1 1132
2 845
2 295
1 366
2 1258
2 303
1 1124
1 1231
2 759
1 18
2 760
1 1147
1 1274
2 53
2 874
1 627
2 62
2 1266
2 363
2 942
1 747
2 331
2 644
2 503
2 930
1 950
2 276
2 632
1 138
1 743
1 1234
2 85
2 372
2 605
2 294
1 1185
2 709
1 629
1 949
2 429
1 535
2 431
1 885
2 218
2 792
2 915
2 876
1 659
1 750
1 1111
1 540
1 444
2 914
1 961
1 148
2 1041
1 822
1 462
2 167
2 919
1 755
2 14
1 741
1 421
1 369
2 962
1 1227
1 101
2 317
1 264
1 36
2 135
1 64
1 353
1 700
2 1108
1 1057
1 715
1 643
2 623
2 287
2 1024
1 1288
1 455
2 42
1 202
2 841
2 1264
2 367
1 817
2 1030
1 460
2 35
1 550
2 1059
1 1050
2 566
1 65
2 898
1 38
1 787
2 941
1 75
1 1234
2 763
2 389
2 1285
2 666
1 992
1 1162
1 1083
1 718
1 1267
1 343
2 200
1 1015
2 1120
2 145
2 679
1 965
2 981
1 598
2 1081
2 90
2 1235
2 1106
1 1157
2 307
2 1136
2 1278
2 310
1 676
2 653
2 1016
1 304
1 613
1 626
1 54
2 160
1 1051
1 44
2 441
2 986
1 1032
1 810
1 416
2 1247
2 873
2 650
2 165
2 1273
2 225
2 3
1 13
2 1076
1 658
1 270
1 1005
1 222
1 662
1 244
2 622
1 236
1 807
2 885
2 833
1 423
1 313
1 12
1 254
1 297
1 68
2 807
2 486
2 75
1 691
2 107
2 1138
1 682
2 729
2 663
2 500
1 1219
2 722
1 982
2 1024
1 578
1 956
1 873
1 1266
2 170
2 1249
1 1271
2 1241
1 243
2 466
1 567
1 361
1 1201
1 1059
1 260
1 375
2 1148
2 926
2 622
2 831
2 254
1 906
1 567
2 1296
1 1058
2 1127
2 1109
1 1254
2 437
1 934
1 683
2 508
1 941
1 371
2 285
1 95
1 304
1 1015
2 303
1 392
1 891
1 355
1 432
2 87
1 178
1 960
1 664
1 1141
1 259
2 1165
2 798
1 223
1 500
1 247
1 582
2 277
2 179
1 178
1 355
1 1107
2 77
2 471
1 742
2 1198
2 1258
2 577
1 27
1 1286
2 1007
1 470
1 146
2 161
2 848
2 881
2 1077
2 17
1 515
1 476
2 522
2 56
2 143
2 362
1 733
2 758
1 57
2 279
2 1106
2 530
2 20
2 336
1 1104
1 126
2 1160
2 836
1 576
2 604
2 1245
2 954
2 726
2 1166
1 1022
1 335
2 1151
1 154
1 617
2 1279
2 654
2 625
1 1105
2 1225
1 1005
2 323
2 456
1 70
2 1189
1 345
2 944
1 484
2 186
2 1229
2 767
1 509
1 542
1 347
2 209
2 1214
1 1073
1 1176
1 1046
2 686
1 1128
1 888
1 284
1 756
1 504
1 1129
1 1269
1 253
1 825
2 668
2 453
1 575
1 150
2 845
1 727
1 965
2 630
1 502
2 968
1 604
1 299
2 417
2 361
2 1060
2 56
1 1220
1 886
2 933
1 337
2 247
2 777
2 866
1 280
2 1209
1 656
2 563
1 441
1 1052
2 1253
2 1027
2 614
1 440
1 710
1 119
2 257
2 928
1 860
2 1260
2 919
1 814
2 232
1 912
2 946
1 233
2 285
2 1292
2 123
1 967
2 489
2 673
1 684
1 543
2 448
2 813
2 1228
2 728
2 993
2 368
2 908
1 290
1 701
1 588
1 1076
1 1050
2 282
1 669
1 909
1 1246
1 1209
2 771
1 105
1 544
1 179
1 77
1 768
2 541
1 12
1 638
2 940
2 1085
2 900
2 337
2 1012
2 1020
2 652
2 402
1 627
2 788
1 995
1 460
2 717
2 130
2 30
2 976
2 214
2 2
1 786
2 1286
2 34
2 86
1 1188
2 639
2 811
1 415
2 1061
1 1088
1 252
1 66
1 1042
1 433
1 1131
2 606
2 573
1 292
1 192
2 790
2 895
1 1021
1 372
1 1093
1 1145
1 1011
2 1104
1 563
2 95
2 401
1 646
1 1043
2 231
2 943
2 659
2 759
2 951
2 549
1 918
1 732
2 836
2 393
1 1143
2 117
1 191
1 901
2 27
1 851
2 41
1 261
1 409
2 212
1 260
1 140
2 495
1 800
2 60
2 1298
2 17
1 351
2 528
1 544
2 59
1 667
1 393
2 887
1 440
1 205
2 373
1 1117
1 183
1 972
1 376
1 725
2 987
1 297
2 493
2 452
2 384
2 825
1 854
1 713
1 877
2 894
2 607
2 1098
2 92
2 167
2 175
1 705
2 221
2 971
1 602
1 620
2 757
1 692
1 201
2 660
1 1263
1 1112
1 362
1 308
1 507
2 778
1 732
1 1254
1 57
2 1158
2 934
1 1294
2 367
1 516
2 585
1 531
1 333
1 618
1 783
2 35
1 39
1 645
1 745
1 348
1 844
1 1294
1 1208
2 946
1 795
1 380
1 806
2 249
2 863
2 789
1 866
2 609
1 419
2 729
1 583
1 510
1 113
2 1052
2 716
1 246
1 813
2 1260
1 581
2 1064
2 963
1 497
1 478
1 680
2 1079
2 884
1 1013
2 1300
2 677
1 1006
2 743
2 200
1 128
2 139
2 1065
2 525
2 505
1 1089
1 493
2 491
1 165
1 708
2 686
2 1097
2 1096
2 764
2 790
2 92
1 1038
2 561
2 1206
2 1237
2 738
1 882
1 674
2 1245
1 896
2 905
2 643
2 704
2 681
1 741
2 890
1 671
1 115
1 472
2 559
1 754
1 806
1 125
2 937
1 1158
1 592
2 973
1 1251
1 618
2 472
1 1037
1 976
1 997
2 821
1 171
1 488
1 696
2 1201
1 1235
1 1048
1 1077
2 805
1 792
2 1241
2 345
1 624
1 1066
2 529
1 1154
2 439
2 418
1 1205
2 1278
2 1145
2 956
2 78
2 1129
2 213
1 102
1 1238
1 1178
1 8
2 832
2 169
1 902
1 744
1 471
2 850
2 545
2 532
1 554
1 997
2 1296
1 48
2 1242
2 435
2 172
2 1028
1 699
1 1165
1 1146
2 1089
1 91
2 892
1 82
2 1242
1 408
1 1119
2 19
2 346
1 926
2 838
2 537
2 343
2 826
2 800
1 669
1 801
2 816
2 819
2 1191
2 904
1 356
1 473
2 89
1 408
2 668
2 289
2 305
1 386
2 1190
1 590
1 131
1 448
1 621
2 170
1 401
2 1168
2 1244
1 28
2 187
1 569
2 683
1 1154
1 255
1 1126
1 315
2 1142
2 1225
1 886
1 377
2 515
1 689
1 1001
1 400
2 1196
2 351
1 116
1 106
1 326
2 344
2 775
2 637
1 210
2 478
1 461
2 398
2 590
1 295
2 76
1 28
1 774
2 15
2 905
2 687
2 762
2 1027
2 771
2 726
2 923
2 267
2 338
2 1293
1 1259
1 693
1 1223
2 676
1 395
2 660
1 420
2 534
1 879
2 1204
1 884
2 171
1 883
2 1035
2 924
2 648
1 481
2 55
2 224
1 244
1 509
2 1251
1 1101
1 488
2 50
1 83
2 157
1 360
2 1256
2 880
2 521
1 1169
2 700
2 302
1 739
1 898
1 512
2 937
1 754
1 237
1 141
1 903
1 812
2 166
2 1009
1 180
1 994
1 1022
1 991
1 268
1 374
1 349
2 645
1 650
2 465
1 319
1 406
2 881
1 600
1 1155
1 30
2 722
2 104
1 974
2 273
1 494
2 789
2 101
1 1039
2 382
2 491
1 194
1 339
1 1142
2 924
2 603
1 1207
2 318
2 353
2 1056
1 692
2 43
1 1060
1 766
1 1132
2 82
2 1213
1 277
1 750
1 79
2 744
1 856
1 480
1 653
1 574
1 363
2 734
2 988
2 947
2 1181
2 274
1 912
1 697
1 547
2 996
1 985
2 776
1 427
1 621
1 1171
1 265
2 1116
1 558
1 1040
1 1071
1 1072
2 1265
2 649
2 1130
1 570
2 1252
1 736
2 241
2 446
1 887
1 151
1 1137
2 1172
1 1133
1 1152
1 565
1 608
1 484
1 793
1 86
2 383
2 648
1 1236
2 984
2 462
1 496
1 954
2 1029
2 867
1 1173
1 1134
1 1082
1 849
2 262
2 747
1 1297
2 710
1 929
2 1013
2 202
2 485
2 496
1 1133
2 978
2 969
1 394
2 1069
1 655
2 410
2 1265
1 630
2 1178
2 1181
2 1287
2 526
1 74
1 848
1 713
1 184
2 189
2 707
1 1091
2 318
1 1187
1 1095
1 864
1 953
1 174
2 43
2 952
1 553
1 465
2 1216
2 829
2 99
1 1109
1 579
1 1226
1 821
1 468
1 1264
1 1170
1 992
2 97
1 1051
1 209
1 1188
2 1240
2 854
2 636
1 752
2 99
1 205
2 305
2 131
1 974
1 67
1 1080
1 357
1 307
1 342
1 1174
1 701
2 424
2 199
2 81
2 1031
2 1149
2 847
1 414
2 143
2 682
2 238
2 864
1 1176
2 517
2 286
2 624
2 855
2 371
1 611
2 973
2 135
2 657
1 411
1 784
2 127
2 1097
1 104
2 703
1 294
2 1292
1 220
2 469
1 250
1 647
1 1137
1 308
1 24
1 358
1 490
2 918
1 88
1 508
2 1061
1 87
2 1232
1 852
2 15
1 442
2 119
1 378
1 797
2 1189
2 347
2 672
1 519
2 688
1 609
2 125
1 327
1 219
2 869
2 309
2 556
2 350
2 262
2 365
2 312
1 410
1 1153
1 791
1 816
2 1226
1 573
1 229
1 1108
1 971
2 1049
2 1016
2 527
1 1269
1 132
2 827
1 977
2 1216
1 865
1 633
1 263
1 1117
2 985
2 1122
1 58
1 822
2 269
2 1270
2 835
1 499
1 859
2 1210
1 1284
1 212
2 1019
1 109
1 39
2 55
1 482
1 310
1 1093
2 774
2 607
1 1212
2 149
1 175
2 96
1 289
2 1214
2 870
2 105
2 599
1 6
1 1211
2 758
1 928
2 1300
2 309
1 1207
2 980
1 799
2 964
2 299
1 23
1 31
1 554
1 843
2 1048
1 403
1 667
2 1062
2 1103
2 1053
1 1156
2 632
2 527
1 828
1 804
2 913
2 359
2 802
2 317
2 173
2 824
2 945
2 782
2 467
2 703
2 1010
1 447
2 1040
1 1150
2 430
1 290
2 423
1 665
2 1000
2 364
2 336
1 534
2 706
2 258
1 275
2 22
1 1237
1 70
2 982
1 359
1 38
1 735
2 4
2 1014
2 133
2 894
1 1116
2 595
2 738
2 1100
2 1164
2 7
1 1255
1 139
2 579
1 655
2 207
2 381
1 1174
1 839
1 613
1 555
1 1255
1 615
1 857
1 1161
1 995
1 915
1 1295
1 100
2 983
2 1248
1 216
2 612
1 80
2 565
2 190
1 331
2 678
1 1053
2 306
1 1193
1 892
1 1074
2 1159
2 785
2 889
1 64
1 1034
2 870
2 625
2 357
1 899
2 452
1 572
2 958
1 1186
2 269
2 803
2 1253
2 695
2 539
1 446
2 635
2 639
2 137
1 1023
1 251
2 100
1 130
2 1215
2 690
1 298
1 780
2 533
1 439
1 158
2 1098
2 699
2 782
2 333
2 384
2 582
2 313
1 620
1 451
2 46
1 1025
2 456
2 1248
1 652
1 120
2 610
2 611
2 354
2 84
2 542
1 752
2 387
2 256
1 1135
1 967
2 691
1 373
1 312
2 1152
2 108
1 856
2 479
2 1203
2 983
1 929
1 871
2 409
2 1054
2 830
1 513
1 765
1 631
2 93
2 580
2 370
2 1039
1 433
2 103
2 113
1 29
2 1275
2 368
2 661
1 978
1 1156
1 878
2 908
1 1191
1 1113
2 781
1 32
1 11
1 1118
2 93
1 920
2 274
2 227
1 959
1 1211
1 684
1 383
1 951
1 358
1 72
1 164
1 251
1 753
2 600
2 176
1 736
2 324
2 459
1 1250
1 586
1 636
2 979
1 665
2 827
2 820
2 1146
2 595
2 1228
2 230
1 638
2 868
2 923
1 674
2 731
2 862
1 688
1 107
2 568
2 1183
1 1261
2 1068
2 84
2 737
1 45
1 619
1 932
1 426
2 177
2 651
2 325
2 73
1 989
1 19
1 463
1 853
2 1160
2 1239
2 727
2 316
1 1239
2 718
1 962
1 849
1 680
1 756
2 537
1 434
1 1195
2 1276
2 122
2 487
1 341
2 867
2 211
2 436
2 385
1 571
1 1140
2 706
1 1192
1 133
1 300
1 552
2 857
2 370
2 261
1 540
1 457
1 1087
2 749
1 895
2 932
1 541
1 1195
2 561
2 670
1 2
2 422
2 501
1 720
1 695
1 1034
2 536
2 1170
2 1263
2 376
2 13
2 911
2 134
1 195
1 809
2 152
1 641
2 192
2 1298
1 21
1 893
1 215
2 925
2 352
2 76
2 591
1 231
2 184
1 751
2 724
1 545
2 1023
1 54
2 536
1 642
1 1280
2 646
1 577
2 341
2 594
1 1161
2 22
1 862
1 714
1 583
1 1149
2 914
1 1113
1 190
2 182
2 672
1 249
1 557
2 917
2 1126
1 715
2 1073
2 931
1 404
1 1072
1 271
2 721
1 128
1 106
2 767
2 123
2 1025
1 498
1 1004
2 1162
2 7
1 3
2 861
2 458
2 1230
2 287
2 103
2 405
2 89
2 248
2 811
1 278
2 1185
2 523
2 449
1 740
2 1008
2 185
2 475
2 253
2 748
2 721
2 785
1 137
2 492
1 675
2 716
2 1202
2 619
1 81
1 935
1 129
2 1118
1 49
1 282
1 837
2 266
1 1252
2 987
1 44
1 851
1 418
2 328
2 378
1 1224
2 432
2 229
2 124
1 858
2 476
1 60
2 858
2 623
1 1180
1 189
2 122
2 628
1 88
2 921
1 266
1 1029
1 332
1 707
1 306
2 675
1 482
2 530
1 1272
1 470
1 346
2 538
1 1009
2 591
2 531
2 690
1 899
2 203
1 1044
1 197
1 1041
2 63
1 145
1 907
2 1115
2 321
1 513
2 156
1 796
2 564
1 53
2 49
1 1055
2 248
2 897
2 737
2 584
2 984
2 957
2 188
2 1086
1 388
1 922
2 72
2 90
2 69
2 37
1 344
2 396
2 551
2 6
2 955
2 94
2 322
2 979
1 1107
2 916
1 281
1 41
2 505
1 788
1 1238
1 1167
2 896
2 640
1 369
1 243
2 238
1 386
1 840
2 642
1 865
1 315
1 483
2 134
2 1218
2 211
2 876
1 1182
1 272
1 955
1 283
1 889
2 430
1 298
1 853
2 504
1 1198
2 483
1 570
1 314
1 108
1 1293
1 991
2 883
1 296
2 1283
2 593
1 1067
2 168
2 453
1 461
1 1003
1 855
2 348
1 776
2 949
1 641
1 753
2 166
1 943
1 673
2 730
1 459
1 37
1 449
2 321
1 1070
2 301
2 560
2 162
2 560
2 749
1 694
2 852
2 1001
2 634
2 927
2 1135
2 1157
2 1144
2 1233
1 1088
2 40
2 685
1 791
2 516
1 329
2 186
1 693
1 597
1 234
1 1085
1 481
2 147
2 963
2 1155
2 220
2 989
2 102
2 842
2 65
1 1180
2 1217
1 1290
1 840
1 422
2 990
2 1102
2 740
2 397
1 1274
2 181
2 198
1 777
2 1090
1 234
2 1140
1 1243
1 490
