2600 4500
1 1210
1 1105
2 1016
1 777
1 439
1 51
1 292
1 609
2 345
1 825
1 1227
2 1060
2 703
1 1094
1 947
1 1210
1 140
2 311
1 1038
1 449
1 454
1 119
1 324
2 1154
2 1224
2 502
1 266
1 801
1 807
2 580
1 1240
2 1017
2 68
1 383
1 828
2 771
2 36
1 280
2 138
2 1239
2 406
1 486
2 338
2 46
1 220
1 141
1 352
2 907
1 136
1 1071
2 975
1 1285
1 134
1 1098
2 1074
1 602
1 1160
1 79
2 16
1 1142
1 766
1 257
2 208
2 302
2 545
2 510
2 517
1 707
2 786
2 570
2 854
2 114
1 580
2 819
2 829
1 259
2 778
2 1292
1 446
1 599
1 582
2 1227
1 275
1 745
2 721
2 287
1 40
1 129
2 1070
2 356
1 774
2 532
2 902
1 387
1 237
2 274
2 218
2 277
1 1277
1 728
1 1249
2 84
2 500
1 750
1 909
2 497
1 858
2 259
2 1077
1 743
1 672
1 1246
2 411
1 1115
2 80
2 1246
2 456
2 341
2 147
1 608
1 247
2 655
1 208
2 831
1 436
2 941
2 783
2 487
1 1173
2 788
1 869
2 1141
1 62
2 701
2 487
1 893
2 1197
1 615
2 1110
2 276
1 573
1 1158
2 1150
1 328
1 592
1 694
1 1013
1 847
1 996
2 70
2 373
2 1277
2 723
2 849
2 478
1 215
1 1083
1 413
1 428
1 763
1 1292
2 94
1 743
2 642
2 677
1 682
1 921
1 551
2 66
2 867
2 19
1 1235
1 315
2 1274
1 477
2 86
1 641
1 904
2 718
2 937
2 1022
2 1023
2 200
1 182
2 1193
1 744
2 968
1 593
2 447
2 917
2 808
2 1191
1 654
1 165
2 497
1 979
1 1162
1 962
1 1149
1 11
2 635
2 1168
1 1
1 833
2 160
2 574
2 596
1 548
1 132
2 437
2 1033
2 957
2 397
2 670
1 757
2 328
2 229
2 1241
1 598
2 578
1 773
2 779
1 1034
2 548
2 457
2 726
2 619
1 698
2 604
2 813
2 683
2 950
2 765
2 755
1 574
2 60
1 5
1 847
1 1065
1 634
2 1033
1 290
1 753
2 204
1 984
2 340
2 636
1 927
1 117
1 1049
2 172
1 1265
1 1200
2 1271
1 294
2 597
1 1220
2 632
1 575
1 918
2 181
2 1059
1 710
2 1202
1 196
2 93
2 860
2 442
2 1001
2 633
1 749
2 806
1 221
2 204
1 1278
1 1057
1 662
1 1287
2 118
2 433
2 409
2 822
2 344
1 925
2 47
1 262
2 879
1 270
2 627
2 1160
1 337
2 70
2 972
2 1295
1 365
1 1124
2 559
2 1054
1 372
2 579
1 1243
1 633
1 787
2 1125
2 657
1 71
1 479
2 1269
1 840
2 202
2 1177
1 946
1 33
1 389
1 174
1 716
1 618
1 970
1 944
2 979
2 910
2 221
2 558
1 1208
2 541
1 692
2 82
2 884
1 135
2 1114
1 1076
1 529
1 918
2 1126
2 704
2 44
1 722
2 216
1 377
1 471
2 505
2 832
2 183
2 1192
1 312
2 452
1 1211
2 772
2 432
2 940
1 644
2 53
1 794
1 120
2 1009
2 175
2 225
2 882
2 336
2 127
2 472
2 837
2 1099
1 892
1 470
1 1116
1 25
1 285
2 819
1 385
2 876
2 667
1 756
2 838
1 48
2 496
1 727
1 812
2 158
2 912
2 711
2 607
1 845
1 260
2 515
2 1093
1 920
2 406
2 550
2 741
2 767
1 1098
2 746
2 996
1 726
1 310
1 733
2 226
2 1205
2 362
2 306
1 916
2 110
1 467
1 850
1 1104
1 486
1 105
1 65
1 875
2 845
2 1051
1 1092
1 1112
2 373
1 571
1 639
2 559
2 975
1 620
1 348
2 489
1 886
2 850
2 630
2 553
1 1184
2 528
2 141
1 1185
1 659
1 754
2 54
2 97
1 983
2 271
2 408
2 1069
1 649
1 350
2 113
1 472
1 1298
2 921
1 367
2 193
2 113
1 1200
1 202
1 320
2 354
1 1184
2 842
2 685
2 1032
2 673
2 541
1 562
1 1031
2 714
1 955
1 263
1 631
2 1226
2 471
2 943
1 2
1 1017
2 1153
2 1051
2 158
2 768
2 1038
2 673
2 444
2 27
2 24
2 281
2 387
1 827
2 771
2 1165
1 370
1 431
1 174
1 576
1 187
1 560
1 285
1 1055
1 717
2 125
1 1167
2 557
1 517
1 125
1 686
2 823
1 733
1 1028
2 1145
1 893
2 615
2 815
1 727
1 1073
1 1062
2 400
2 683
1 1113
2 36
1 463
1 582
1 507
2 1176
2 853
1 784
2 1058
2 537
1 229
2 1268
2 1166
2 692
1 475
2 888
2 861
1 543
1 176
2 780
2 705
1 481
1 292
2 424
1 311
1 552
1 700
2 412
1 179
2 520
1 836
2 1159
2 58
2 1126
1 988
2 1294
2 653
1 897
1 13
1 681
1 1095
2 327
2 1186
1 954
2 155
1 611
1 219
2 628
2 369
1 603
1 340
2 873
2 1066
2 857
2 635
2 640
2 499
2 150
2 1263
2 35
1 287
1 730
2 293
2 747
2 392
2 431
2 883
1 342
2 1050
1 80
2 98
2 623
2 621
2 207
1 531
1 999
1 862
2 382
2 862
2 844
1 900
2 1242
2 627
1 180
2 244
1 329
2 667
2 804
2 842
1 199
2 707
2 381
1 1100
2 440
1 74
1 928
1 789
1 121
1 977
1 643
1 522
1 1219
1 419
2 1090
1 596
2 787
2 230
1 298
1 441
2 553
2 381
2 87
2 753
1 303
2 152
2 331
2 1291
1 399
1 1146
2 384
1 826
2 534
1 502
1 1191
2 642
1 652
1 976
1 964
1 613
2 974
1 14
2 20
1 368
2 79
2 1083
2 915
2 932
2 798
1 835
1 146
1 618
2 136
1 1093
2 679
2 124
1 884
2 155
2 1148
2 772
1 820
1 877
2 301
1 1091
2 1013
1 138
2 939
2 1003
1 684
1 542
2 21
1 109
2 869
1 990
1 228
1 43
1 1183
2 1041
1 1217
1 188
2 848
2 706
1 171
1 1004
2 230
2 989
2 685
2 449
1 1075
1 1134
2 964
2 1262
2 106
2 629
1 720
2 103
2 375
2 788
2 181
1 1043
2 962
1 343
1 860
2 624
2 903
1 110
2 924
2 438
1 785
2 1199
1 235
1 64
2 242
2 448
2 1082
1 39
1 37
1 1218
2 1283
2 1257
1 299
2 1118
2 826
2 950
1 977
2 792
1 1178
1 476
2 875
1 13
2 1278
2 987
1 1218
2 1057
2 148
2 799
2 375
1 358
2 1285
1 1146
1 863
1 91
1 62
2 88
2 744
1 463
1 55
1 735
2 1180
2 998
1 1279
2 49
2 382
1 99
2 334
1 122
1 911
2 469
2 978
2 1052
2 637
1 1165
1 1053
2 1111
1 534
2 254
2 573
2 386
1 395
2 1048
1 1169
2 317
2 809
2 262
1 732
1 82
2 1018
1 437
1 362
1 1189
1 625
2 417
1 42
1 1264
1 720
1 1235
2 234
2 1211
1 913
1 322
2 1221
2 622
2 878
1 883
1 29
2 190
1 1261
1 603
1 1192
2 465
1 953
2 644
1 67
1 102
1 807
1 836
1 1280
1 651
2 737
1 186
2 1253
1 1074
2 8
2 69
1 965
2 169
1 1111
2 591
1 1065
2 78
2 866
1 100
2 188
2 286
2 865
2 933
2 1201
2 1279
1 997
1 969
2 213
1 290
1 205
1 693
1 800
1 1104
2 757
2 849
2 460
1 90
1 330
2 1025
1 905
1 781
1 235
2 919
2 412
1 374
2 687
2 713
1 954
1 554
1 300
2 1183
1 205
2 966
1 1062
1 1222
1 658
2 872
2 329
1 1203
2 1251
1 1236
2 426
2 258
2 858
1 959
1 1187
2 145
1 934
1 1137
1 934
1 1042
2 1021
2 1287
2 511
2 302
1 508
1 779
1 349
1 446
2 206
1 394
1 908
1 699
1 23
1 1145
2 442
2 238
1 245
2 866
2 1
1 594
2 405
1 584
2 115
2 1195
2 656
2 1190
2 419
1 821
1 416
2 967
1 1258
1 143
1 1103
1 851
2 268
2 1294
2 936
2 453
2 366
2 1267
1 864
1 60
2 1212
1 1178
1 294
1 211
1 107
1 745
2 1280
1 616
1 838
2 854
2 197
1 304
2 98
2 1027
2 85
1 523
2 518
1 1190
1 567
1 178
2 870
2 130
1 467
2 1040
2 288
1 1230
2 1036
1 868
2 1059
1 1024
1 239
2 675
1 721
1 1019
2 852
1 513
2 856
1 841
2 1209
1 1229
2 1046
1 390
1 905
2 623
1 307
2 1272
1 347
1 274
1 321
2 443
1 626
1 762
2 1156
2 28
1 305
1 490
1 646
2 540
1 994
2 852
2 17
1 38
1 555
2 176
2 57
2 1069
1 1084
1 1040
2 605
1 663
2 795
1 351
2 195
2 1127
2 43
1 179
2 919
2 403
1 317
2 768
1 1208
1 1078
1 15
2 1114
2 648
1 610
1 413
1 281
1 255
1 1121
1 782
1 49
2 1005
1 540
2 185
1 26
2 1268
1 139
2 751
1 814
1 796
2 276
1 881
2 1109
1 834
1 1273
2 929
2 304
1 66
2 885
1 1270
2 1204
1 1259
1 837
1 516
2 965
1 1009
2 1231
1 47
2 407
1 619
1 953
1 248
1 1290
1 1097
1 1091
1 1100
2 504
1 514
2 284
2 191
1 466
1 1283
1 613
2 1174
1 237
2 333
1 702
2 206
1 897
2 89
2 876
2 665
2 773
2 960
2 1275
2 871
1 392
1 163
1 549
2 982
2 1106
2 797
2 275
2 278
2 558
2 411
1 1198
1 1274
1 568
2 450
2 1248
2 243
1 32
1 403
1 1097
2 127
2 797
2 519
1 855
2 291
2 402
2 105
2 23
1 1233
1 1101
1 363
1 57
2 844
1 224
1 189
1 331
1 724
1 40
2 310
1 1007
2 1007
2 307
2 824
1 684
2 993
1 495
1 696
1 521
1 476
1 1177
2 1021
2 926
2 314
2 799
1 1202
2 504
1 687
2 34
1 103
2 736
2 313
2 891
1 1182
2 706
1 459
2 561
1 245
1 5
1 355
2 591
1 602
2 1293
2 1170
2 722
1 717
1 1121
2 742
2 804
1 1137
1 162
2 1140
1 935
1 607
1 1213
1 890
2 357
1 949
2 491
2 68
1 666
1 997
2 267
2 326
2 1266
2 577
2 796
1 948
2 1124
1 359
2 6
2 1143
1 752
1 605
2 126
1 1249
2 303
2 961
2 383
1 1180
2 715
1 214
1 263
1 874
1 1088
1 890
2 366
2 1022
2 1196
1 111
2 351
2 1052
2 483
2 1224
1 1240
1 378
1 142
1 1163
1 912
1 380
2 1223
2 12
2 485
2 318
2 925
1 871
1 334
1 1058
2 1122
2 834
1 969
1 354
1 1300
2 929
1 811
2 1276
1 676
2 802
1 1194
2 533
2 156
2 1266
1 537
1 368
2 990
2 1205
2 690
2 371
1 538
2 594
2 718
2 398
2 523
2 186
2 143
1 247
2 1269
2 1050
1 512
2 133
2 246
2 579
2 790
1 859
1 1011
1 501
2 888
1 800
1 466
2 456
1 396
2 889
2 1136
1 931
2 76
2 1282
2 391
1 946
1 19
1 223
2 564
1 898
2 598
1 926
2 802
2 1068
2 104
1 1102
2 1120
2 1150
2 462
1 464
1 495
1 134
2 587
2 794
2 283
2 159
2 672
2 889
2 1011
1 669
1 1252
2 358
1 760
1 212
2 725
1 1010
1 995
2 480
2 614
1 1010
1 1075
2 1101
1 729
1 1233
1 1232
2 532
1 407
1 933
2 379
1 22
1 942
1 315
2 816
2 59
2 477
2 735
2 528
1 931
2 533
1 324
1 1012
1 811
2 77
2 1252
1 424
1 172
2 1226
2 74
2 1299
1 959
2 710
2 913
2 1006
2 1076
1 649
1 1000
1 671
2 513
1 1271
2 339
1 1238
1 95
1 1161
2 562
1 899
1 1204
1 142
2 1064
2 1290
1 1044
2 18
2 228
1 1270
1 668
1 1157
2 6
2 119
2 348
2 881
1 525
1 766
1 231
1 1130
2 1115
2 232
1 97
2 177
1 556
1 1063
2 168
2 803
2 963
1 233
1 661
1 695
1 1090
1 1088
1 543
2 316
2 856
1 26
1 1012
2 1296
1 386
1 447
2 1169
1 1174
2 151
1 1061
1 81
1 739
1 914
1 1265
2 764
2 1244
2 443
2 423
2 9
2 556
2 1152
1 587
1 260
1 506
1 698
2 901
2 451
2 322
1 265
2 525
1 14
1 393
1 139
2 769
1 1254
2 46
1 1045
1 588
2 719
1 268
1 1103
2 215
1 1032
1 31
2 546
1 899
2 1117
1 1254
1 686
1 680
1 1189
2 572
1 903
1 88
2 738
1 270
2 173
2 75
1 498
2 116
1 956
1 851
2 376
2 336
2 271
1 509
2 970
1 645
1 227
2 1179
2 183
2 597
1 377
2 696
2 1256
2 32
1 1236
1 734
2 323
2 984
1 1164
2 1037
1 1133
1 689
1 1073
1 589
2 269
2 1147
2 957
2 243
2 592
1 561
1 660
2 1242
1 266
1 10
1 601
1 1151
1 418
2 309
2 410
2 904
2 691
1 557
1 1234
2 213
2 960
2 474
2 78
2 887
1 360
1 863
1 1123
1 659
1 669
1 3
1 1197
1 544
1 1167
1 1142
1 956
2 353
1 760
1 92
1 1289
2 576
2 675
1 885
2 335
2 755
2 651
1 493
2 50
2 1105
2 483
1 1293
1 664
2 423
1 1286
2 864
2 785
1 151
2 737
1 781
1 986
2 570
1 297
1 1020
2 784
1 971
2 621
1 943
1 1161
2 439
2 716
1 539
2 269
2 878
1 219
2 958
2 453
2 198
1 1187
2 250
1 12
2 320
2 1258
1 296
1 474
1 588
2 193
1 404
2 1162
1 830
1 655
1 1131
2 249
1 1148
1 101
2 1116
2 663
1 985
2 927
1 1130
2 923
1 752
2 363
1 165
2 415
2 1129
2 803
1 900
1 1262
2 1251
2 536
1 820
2 398
2 212
2 945
1 327
1 405
2 1077
2 435
2 75
2 199
1 167
1 216
2 972
1 1185
1 1108
1 998
1 61
1 109
2 1261
2 433
1 947
1 201
1 361
1 1107
2 1230
1 140
1 209
2 390
2 1079
1 937
1 831
1 928
2 774
1 736
2 712
2 353
1 629
1 1181
2 992
2 391
2 694
2 1087
2 350
2 1019
1 922
1 1005
2 41
1 44
1 691
1 855
2 631
2 231
1 438
1 506
1 250
2 986
1 1119
1 508
2 810
1 485
2 457
1 1238
1 1166
2 891
2 192
2 1084
1 238
1 1080
2 1188
2 922
1 1175
2 55
2 524
1 184
1 638
1 72
2 769
2 895
1 63
1 930
1 634
1 678
1 630
1 161
1 76
2 1300
1 877
2 116
2 569
1 1281
2 938
1 144
2 992
2 1164
2 175
1 321
1 16
2 299
2 50
1 426
1 1206
2 700
2 1299
2 1123
2 296
2 1064
2 1014
1 415
1 980
2 1028
1 77
2 244
1 169
1 679
1 650
2 45
2 349
2 31
1 133
2 1096
1 482
2 256
1 1047
2 323
2 234
2 906
2 660
2 454
2 1291
2 4
2 9
2 609
1 154
1 872
2 422
2 681
1 763
2 725
2 843
1 641
2 761
1 728
1 793
2 416
1 636
1 372
1 108
1 793
1 1248
2 1027
1 64
2 1273
2 566
2 577
1 625
2 935
2 646
2 394
1 1044
2 425
1 535
2 1068
1 45
2 253
2 1289
2 647
2 137
1 1276
2 539
2 963
1 1003
2 1048
1 17
1 370
2 583
1 332
2 120
2 945
2 28
2 536
1 547
1 491
2 617
2 614
1 981
2 777
2 1272
2 171
1 1250
2 647
2 1193
2 242
2 610
2 967
2 566
1 425
2 301
2 214
1 241
1 484
2 643
1 185
1 99
2 344
2 688
1 164
2 530
1 1085
2 210
1 203
2 264
1 479
2 346
1 1260
2 920
1 341
2 1171
1 261
1 994
2 1201
2 277
2 522
1 882
1 689
1 923
1 817
1 173
1 338
2 48
1 1216
1 1036
1 1135
2 1035
1 1128
1 1232
2 273
2 1131
2 427
2 1089
2 776
1 622
2 100
2 894
2 178
2 283
2 1275
2 938
1 789
1 909
1 408
2 1054
1 501
2 254
2 153
2 1045
1 1061
1 1099
2 531
1 428
2 1119
1 848
2 30
1 982
2 314
2 547
1 715
2 1072
2 1067
1 468
2 676
1 95
1 512
2 874
2 783
1 924
1 147
1 1109
2 816
2 952
1 806
2 22
2 713
1 73
2 584
1 429
2 880
1 1245
2 704
2 817
1 56
1 1255
2 973
1 898
1 135
2 650
1 839
1 1034
1 632
1 1015
2 915
2 611
1 459
1 1067
2 27
2 1157
2 191
2 300
2 790
1 767
1 211
2 1125
2 1039
1 748
1 585
2 4
2 764
1 652
1 914
1 813
1 414
2 656
1 1176
2 473
2 529
2 1263
2 1018
1 1216
2 339
2 484
2 1207
1 812
2 550
1 519
1 1215
2 661
1 162
1 8
2 976
1 560
1 240
1 87
2 248
1 581
2 111
1 10
1 778
1 434
1 249
2 865
2 617
1 896
1 167
2 668
2 648
2 37
2 732
1 590
1 552
1 101
1 565
2 1085
1 279
1 1156
2 42
1 445
1 1225
2 666
2 325
2 585
2 280
1 430
2 600
1 775
2 34
2 1284
1 29
1 145
2 751
1 795
1 902
1 507
1 678
1 1171
2 397
2 1229
1 887
2 1209
1 128
1 252
1 555
1 61
1 1112
2 1133
1 951
2 879
2 731
1 527
1 1247
1 1023
1 1002
2 222
1 674
1 272
2 703
2 414
2 1144
1 762
1 949
2 1207
1 1234
1 129
1 747
1 337
2 157
1 67
1 1267
1 1056
2 535
1 152
1 759
1 1256
1 961
2 712
1 991
1 1298
2 1037
2 1055
2 624
1 974
1 1170
1 39
2 870
1 278
2 620
1 775
2 316
1 246
1 1172
1 616
2 272
1 361
1 420
1 608
2 195
1 15
1 1041
2 1024
2 600
1 825
1 233
2 936
2 973
2 791
2 496
1 25
2 814
2 282
2 1043
1 464
1 388
2 734
1 395
2 52
2 326
1 481
1 462
2 435
2 1129
2 122
2 1086
2 786
1 86
2 498
2 730
2 738
2 731
2 1219
1 1079
2 695
1 894
2 1025
2 494
2 719
2 1008
1 1066
2 798
1 490
1 626
1 156
2 792
1 658
1 493
1 830
2 365
1 200
1 196
1 1179
1 396
2 985
1 780
2 958
1 1282
2 1244
2 469
2 224
2 288
2 108
1 90
2 332
1 91
2 759
2 201
2 653
1 680
2 1297
1 846
1 857
2 1188
2 952
1 1284
2 1213
2 971
2 189
2 754
2 401
1 1149
2 374
1 455
2 360
1 345
2 83
1 1260
2 325
1 1158
1 1194
1 81
1 1214
2 308
2 239
1 72
2 740
2 639
2 835
1 1237
1 662
1 21
1 1031
1 455
2 910
1 723
1 690
1 421
2 1135
1 357
2 71
1 1102
1 2
1 267
2 818
1 1046
1 988
1 590
1 861
1 1295
1 1206
1 253
1 347
2 908
2 593
1 494
1 458
1 824
1 421
2 286
1 612
1 833
1 297
1 1215
2 251
1 69
1 1225
1 702
1 1039
2 436
2 545
1 999
2 1008
1 1257
2 38
2 761
1 123
1 308
2 168
1 1127
1 409
1 289
2 510
1 388
2 131
1 1243
2 7
2 705
2 868
1 112
2 940
1 645
1 750
2 128
2 159
2 380
1 1297
1 1182
1 53
1 279
1 149
1 480
2 1047
2 240
1 828
1 166
1 115
1 369
1 223
2 823
2 404
1 991
2 284
2 657
2 58
1 52
1 470
1 1144
2 1056
2 59
1 102
1 880
1 18
1 149
1 429
1 3
1 444
1 144
2 805
1 194
2 564
1 1092
1 612
2 1026
2 131
2 461
2 20
1 1281
1 714
2 1138
1 589
1 549
2 434
1 417
1 123
2 210
2 901
2 177
2 217
1 359
1 526
1 729
1 418
1 664
2 987
2 309
2 699
2 981
1 376
2 572
1 524
2 1000
2 335
2 514
2 1143
2 1118
1 1214
2 1181
2 318
2 693
2 56
2 1080
2 1186
1 163
2 770
1 184
1 343
1 776
1 1072
2 518
2 118
1 94
2 606
2 1247
2 1002
1 96
2 1172
2 765
2 671
1 1070
1 511
2 1134
2 917
2 916
2 526
1 1196
2 356
2 1117
2 1132
2 1152
2 1264
1 117
1 30
2 203
1 709
1 1096
2 295
2 1060
1 393
2 1029
2 568
1 180
2 955
1 54
1 160
1 153
1 488
2 289
2 1155
1 892
1 571
1 841
2 430
2 164
2 342
2 1030
1 33
2 148
1 85
2 306
1 63
1 252
1 489
1 482
2 944
2 282
2 488
1 241
2 578
2 96
1 150
1 227
2 638
2 989
1 1110
1 983
1 1147
1 567
1 1042
2 293
1 832
2 161
2 401
1 770
1 364
1 130
1 1212
1 739
2 51
1 89
2 500
2 1136
2 7
2 261
2 170
1 1095
1 114
2 839
2 422
1 809
2 389
2 966
1 1015
2 515
2 1286
1 853
1 551
1 410
2 1296
1 674
2 1020
2 371
1 379
2 1168
1 980
1 697
2 599
2 895
1 640
1 402
1 1001
2 554
2 1029
2 565
1 911
2 993
1 460
1 1014
2 1228
1 968
2 222
1 818
2 606
2 305
2 1082
1 452
2 505
1 207
2 258
1 187
2 352
1 1228
1 1139
2 1241
2 748
2 1049
1 220
2 1195
2 1155
1 107
2 1220
1 1223
1 1094
1 192
1 478
2 473
2 978
1 236
2 530
2 1113
2 815
2 586
2 170
2 654
1 708
1 190
2 1221
2 1026
2 104
1 1089
2 1231
2 677
1 385
2 1053
1 11
1 1081
2 112
2 166
1 93
2 273
2 595
1 805
1 682
1 859
2 92
1 1154
2 198
1 1173
1 801
2 194
2 126
2 724
2 1122
2 749
1 756
2 563
1 197
2 298
1 319
1 583
2 932
1 546
2 637
2 604
1 711
2 1138
2 346
2 333
1 225
1 499
2 758
2 1108
2 1288
1 1245
1 384
2 132
1 873
2 1175
2 930
2 951
2 782
1 601
1 503
2 846
1 544
1 65
2 948
2 1006
2 939
1 1199
2 83
1 1153
2 121
2 1030
1 35
2 569
1 445
1 295
1 256
2 1035
2 1063
1 628
2 364
2 106
1 665
2 829
1 257
2 581
1 1132
2 827
1 154
2 1159
1 708
1 542
1 1288
2 527
2 503
2 942
2 378
2 1237
1 595
2 1078
2 538
2 995
1 458
2 475
2 1016
1 146
2 521
2 1217
2 492
1 1120
2 867
1 312
2 808
1 1198
1 217
2 84
2 586
1 450
2 688
2 1086
1 896
1 701
2 427
2 1141
1 209
2 697
2 255
2 1004
1 906
2 1087
1 1081
1 746
1 1163
2 1071
1 264
1 330
1 451
1 709
2 218
1 741
1 509
2 1140
1 822
1 41
1 1255
2 843
1 492
2 448
1 1253
1 313
1 400
1 821
2 355
2 319
2 886
1 291
1 563
2 1106
1 124
2 461
2 367
1 941
2 670
1 236
2 1239
1 1222
1 73
2 441
1 157
2 399
2 1107
1 226
2 1139
1 1203
2 1128
2 420
1 742
1 516
1 758
1 907
2 182
2 575
1 432
1 232
1 440
1 137
1 468
1 24
2 265
1 520
2 1259
1 740
2 791
2 1151
1 1250
1 465
2 810
1 840
1 251
