2100 4500
1 646
2 954
1 635
1 125
1 716
1 634
2 475
1 1020
2 180
1 609
1 801
1 1026
2 368
2 7
1 166
1 468
2 239
2 70
2 896
2 250
2 420
2 652
1 161
2 135
2 342
1 480
1 813
1 307
2 625
1 151
2 277
2 251
1 601
2 175
2 712
2 919
1 653
1 754
2 408
2 89
2 152
2 27
1 406
2 395
2 649
2 13
1 66
2 56
2 857
1 19
1 1012
2 365
1 1017
1 382
2 75
2 343
1 148
1 209
2 878
2 540
1 206
2 185
1 948
1 650
1 984
1 200
2 959
2 947
2 543
2 803
2 555
2 163
1 144
2 123
1 633
1 1033
1 415
1 667
1 141
1 257
2 453
2 115
1 450
1 426
2 793
1 140
2 805
1 743
2 439
2 537
2 155
1 298
2 610
2 370
2 577
2 269
2 611
1 829
1 762
2 184
1 791
1 163
1 509
1 1043
1 63
1 923
1 196
1 28
1 634
1 438
1 73
2 145
1 630
1 977
1 834
2 283
1 348
1 581
2 12
2 154
1 744
2 64
2 297
2 215
1 111
2 120
1 223
2 938
1 520
1 455
1 205
2 50
2 86
2 104
1 540
2 381
1 193
2 171
1 542
2 585
2 79
1 402
1 841
2 520
1 831
1 742
1 360
1 347
1 355
2 451
1 542
1 433
2 66
2 92
2 575
1 127
2 760
2 219
2 1046
1 530
1 324
1 136
2 647
2 833
1 789
2 937
2 730
2 217
1 409
2 287
2 513
1 939
1 201
1 751
1 402
1 828
2 746
1 748
1 431
2 130
2 564
1 597
2 236
1 616
1 820
2 350
1 695
1 615
2 420
2 790
2 276
1 577
2 248
2 329
2 696
1 36
1 809
1 275
1 126
2 632
1 33
2 917
1 536
2 697
1 690
2 1002
1 956
2 975
2 1
2 359
2 987
2 289
1 907
2 562
2 657
2 446
1 244
1 756
2 85
2 279
2 992
1 107
1 895
2 827
1 550
2 780
1 499
1 138
1 65
1 452
1 524
1 867
2 822
1 224
2 815
2 143
1 341
2 105
2 248
2 237
1 527
2 561
2 124
1 246
2 381
2 695
1 358
1 321
2 848
1 612
1 69
2 952
1 817
1 102
2 652
2 881
2 392
1 286
2 17
1 447
2 719
2 57
2 135
1 693
1 128
2 887
2 731
2 781
1 1021
2 97
1 208
2 1015
2 289
2 294
1 469
2 736
2 303
1 533
2 112
2 871
2 447
1 157
1 16
1 9
1 388
1 174
2 322
2 41
2 795
1 1032
2 862
2 755
1 440
1 998
1 628
1 380
1 645
2 523
1 879
2 232
1 73
2 1050
2 598
1 204
1 761
2 965
1 160
1 546
2 310
2 1028
1 590
2 443
1 900
1 674
1 741
1 464
2 717
1 916
1 869
1 211
2 387
1 645
1 288
1 93
1 455
2 933
2 410
1 314
1 780
1 36
1 517
2 1029
2 512
1 504
2 897
1 865
1 238
2 524
2 474
1 475
1 504
1 493
1 941
2 416
1 678
2 18
1 776
2 966
2 802
2 764
1 640
2 677
2 296
2 1023
1 744
1 755
1 855
2 736
2 870
2 59
1 1026
1 837
2 970
1 1035
1 678
2 681
1 356
2 465
1 707
1 259
1 613
2 280
1 617
2 888
2 81
2 8
2 587
2 132
2 934
2 772
2 708
1 694
1 321
1 235
1 960
1 353
1 676
2 626
2 39
2 383
2 99
2 441
2 722
1 202
2 911
2 399
1 254
2 1
1 387
1 657
1 913
2 222
1 1004
1 61
1 886
2 950
2 317
2 179
2 785
2 680
1 653
1 61
2 1012
2 195
2 916
2 254
2 354
1 899
1 985
2 305
2 24
2 280
1 220
1 1036
1 701
2 605
1 536
1 1049
2 805
1 928
1 167
1 1044
1 206
1 221
2 404
2 353
2 91
2 580
1 982
1 739
2 995
1 589
1 799
2 827
1 320
1 216
2 397
1 856
1 849
1 77
1 913
2 709
1 164
1 821
2 630
2 1003
1 688
1 137
2 153
1 88
1 655
1 579
1 846
1 80
2 623
2 850
1 607
2 901
2 792
1 178
2 15
1 728
1 114
1 297
2 383
1 643
2 3
1 745
1 253
1 10
1 750
1 659
2 710
1 237
2 573
2 93
1 777
1 301
2 225
2 183
2 724
2 978
1 982
1 750
1 38
1 528
1 673
1 376
2 344
1 733
1 514
2 424
2 231
2 426
1 229
2 967
1 162
2 394
1 745
2 127
1 376
2 858
1 787
1 359
2 918
1 891
1 898
1 786
1 517
2 1025
2 894
2 679
1 396
2 492
2 553
2 474
1 559
1 734
2 986
2 576
2 668
1 983
1 47
2 154
1 852
1 448
2 762
2 642
2 466
1 172
2 834
1 604
2 1009
1 139
2 777
2 287
2 210
1 569
1 96
1 129
1 816
2 955
2 339
1 272
1 989
1 233
2 508
1 334
2 312
2 920
2 860
2 1048
2 935
1 240
1 821
2 91
2 191
1 273
2 619
2 382
1 595
1 692
1 421
1 189
2 21
2 323
2 771
1 907
1 843
1 104
1 864
1 506
1 411
2 815
1 516
1 115
2 547
2 117
1 767
2 672
2 293
1 284
1 246
2 793
2 976
2 158
2 704
1 699
1 575
1 89
1 996
2 336
1 477
1 438
1 571
2 18
1 276
2 969
1 52
1 494
2 8
1 946
1 915
2 488
1 673
1 264
1 119
2 923
2 906
2 34
1 62
2 170
1 663
2 428
2 33
2 496
2 243
1 380
2 814
1 765
2 478
2 789
2 72
1 465
2 457
2 656
1 422
2 172
1 283
2 999
1 392
1 759
2 995
2 620
1 290
2 240
2 1035
2 915
2 523
2 456
2 973
2 760
2 492
2 1034
2 641
1 226
1 228
2 54
1 80
2 374
2 472
2 486
1 147
1 325
1 407
1 902
2 573
2 1009
1 984
2 779
2 332
2 728
2 1016
1 40
1 771
1 489
1 207
2 81
1 369
1 497
2 876
2 117
2 535
1 1038
2 954
1 418
2 943
2 883
1 842
2 988
2 146
2 510
1 658
1 631
2 337
1 872
2 452
1 761
2 268
1 895
1 260
2 638
1 861
1 1025
2 366
2 944
2 441
1 100
1 304
1 328
2 28
2 911
2 199
1 545
1 679
2 215
1 361
2 671
2 263
2 696
2 495
2 972
2 157
1 345
1 23
1 62
1 470
2 236
1 295
2 485
2 599
1 905
2 853
2 182
2 133
1 579
2 125
2 714
2 686
1 1027
2 862
1 144
2 963
1 718
1 966
1 727
1 570
2 378
2 873
2 56
1 482
1 920
2 977
1 912
1 270
1 875
1 118
2 242
2 687
2 185
2 869
2 914
1 14
2 946
1 757
2 357
2 973
2 859
2 526
1 835
1 829
1 1034
2 574
2 851
1 882
1 113
1 557
2 604
2 972
1 727
1 855
2 346
2 547
1 770
2 951
1 1011
2 637
2 404
1 43
2 340
1 691
2 233
2 846
1 156
2 268
1 703
1 584
2 315
1 159
2 1006
1 525
2 955
2 725
1 326
1 936
1 439
2 430
2 181
1 711
1 583
2 758
1 824
2 207
2 328
2 616
1 980
1 416
2 741
2 631
1 502
2 312
2 843
2 313
2 433
2 108
1 581
1 936
2 842
1 471
2 804
1 181
1 458
2 993
2 201
1 1027
1 304
1 560
1 71
2 423
1 326
2 664
1 552
2 1003
1 241
1 351
2 576
2 461
2 1046
1 327
1 38
2 243
2 76
2 813
1 539
1 457
2 800
1 373
1 261
1 685
2 997
2 1022
1 266
2 593
1 810
1 87
2 482
1 737
2 377
1 95
1 533
1 239
1 858
2 377
1 214
1 698
1 618
1 665
1 31
2 1000
1 114
1 129
1 333
1 463
2 269
1 222
2 178
2 67
2 317
1 539
2 960
2 516
2 812
1 1006
1 705
1 832
1 608
1 950
1 944
1 57
2 34
1 867
2 319
1 319
2 218
1 44
1 299
1 896
2 485
2 836
1 101
2 187
2 9
1 624
1 161
1 884
2 214
2 316
2 661
1 1032
2 173
2 6
2 140
1 23
2 25
1 963
1 419
2 553
2 1047
1 929
1 288
2 850
2 892
1 472
1 67
1 567
2 845
1 143
2 501
1 948
2 1024
1 608
2 640
2 824
2 638
1 889
2 719
1 363
1 937
2 63
1 116
1 429
2 639
1 1022
2 180
1 12
2 263
2 350
2 228
2 301
1 138
2 818
2 250
1 878
1 1000
2 313
2 735
2 494
1 46
1 676
1 721
1 1042
1 51
2 158
1 323
2 1037
1 213
1 672
2 666
2 683
1 595
2 669
2 582
2 968
2 153
2 44
1 593
2 880
2 894
2 722
1 534
2 165
1 329
1 986
1 354
1 257
2 459
2 405
2 752
1 826
1 868
2 811
1 1001
2 242
1 336
1 572
1 1007
1 225
2 872
2 778
1 904
2 908
2 424
1 949
2 877
2 611
2 1040
2 417
1 131
1 500
1 35
1 74
2 202
1 68
1 952
1 198
1 552
1 116
1 738
2 221
2 2
1 294
1 565
2 619
1 352
2 192
2 901
2 623
1 188
2 816
2 1039
1 526
1 256
1 84
2 435
1 5
2 622
2 823
2 395
1 418
2 148
2 151
1 749
2 734
1 925
1 863
2 837
2 267
2 879
2 891
1 121
1 515
2 614
1 1019
2 940
1 627
1 605
1 1047
1 847
1 844
2 874
2 522
1 19
1 32
1 1043
1 442
2 1014
1 90
1 410
1 717
1 981
1 532
1 809
2 256
2 701
2 570
2 78
1 600
1 764
2 854
2 642
1 508
1 29
1 591
2 496
1 632
2 927
1 833
1 389
2 716
1 756
1 848
1 772
1 776
1 839
2 394
2 1002
2 807
1 444
1 778
1 219
1 651
2 75
2 358
2 96
1 1020
2 538
2 682
1 176
1 1041
2 405
2 983
2 974
1 189
1 807
1 654
2 510
2 43
2 979
2 262
2 932
1 403
2 812
1 168
1 152
1 10
2 203
2 957
2 713
1 365
2 479
2 594
1 759
1 825
1 31
2 613
2 953
2 26
2 964
2 344
2 566
2 133
1 281
1 661
2 1050
1 819
1 588
2 186
2 311
2 864
2 456
2 558
1 818
2 186
2 556
2 768
2 659
2 292
2 184
1 227
2 560
1 674
2 976
1 373
1 522
2 130
1 763
1 391
1 86
1 908
1 460
1 794
1 271
1 1004
1 427
1 1018
1 808
1 48
1 838
1 106
1 238
2 646
1 720
1 487
2 109
1 39
2 13
2 498
1 551
1 991
1 60
2 545
1 442
2 322
1 648
2 969
2 538
1 82
1 60
2 738
2 557
2 511
2 355
1 823
2 342
2 112
1 193
1 876
1 134
1 302
2 1015
2 650
1 603
1 910
1 929
1 177
2 637
1 871
1 792
2 95
2 543
1 384
1 459
1 546
2 76
1 689
1 933
1 52
1 72
1 507
1 59
2 505
1 150
1 399
1 436
2 664
1 515
2 169
2 55
1 458
1 401
2 769
1 881
2 40
1 700
1 406
1 680
1 291
1 425
1 478
2 390
1 1019
2 828
2 518
2 839
1 27
1 884
2 700
1 512
2 364
1 106
2 852
1 477
2 156
2 574
1 270
1 231
1 814
1 5
2 588
1 4
1 308
1 489
1 507
1 412
1 770
1 37
1 265
1 88
2 513
2 571
1 378
1 880
1 671
1 723
2 1023
1 1041
2 388
1 660
2 945
2 859
2 644
1 4
1 374
1 327
2 883
1 179
2 124
2 398
1 922
2 942
2 159
2 436
2 425
1 290
1 979
1 230
1 45
2 636
1 752
1 748
1 266
2 37
2 223
2 141
2 164
1 801
2 904
1 709
2 123
1 1007
2 757
2 331
2 224
2 220
1 495
2 665
2 147
1 961
2 1021
1 484
2 554
2 370
2 389
2 890
1 684
1 146
1 1001
1 379
2 802
1 796
1 1016
2 799
2 519
1 267
2 422
2 836
2 136
1 345
2 491
2 258
2 1042
2 681
1 693
1 825
1 656
1 906
2 53
1 797
1 142
2 746
2 1005
1 26
1 987
2 529
2 900
1 870
2 6
1 702
1 649
1 885
2 139
1 417
2 959
2 958
1 1030
2 282
1 194
1 187
2 705
1 398
2 790
2 1028
2 454
1 675
1 832
2 854
2 338
1 1049
2 706
2 729
2 247
1 890
2 962
1 578
2 303
1 975
1 464
1 423
1 683
2 197
1 549
1 386
2 102
1 932
2 990
1 786
1 610
2 766
2 796
1 155
2 292
2 235
1 234
2 432
1 330
2 111
1 407
1 621
1 493
2 899
1 469
2 275
1 352
1 617
1 149
1 999
1 1013
2 58
2 367
2 121
1 654
1 305
1 688
2 718
1 340
2 697
2 200
2 723
2 97
1 481
1 875
2 956
1 48
1 385
1 87
1 784
1 192
1 339
2 758
2 461
2 730
2 924
2 65
1 1011
2 390
2 563
1 419
2 356
2 568
1 921
2 863
1 636
2 1031
2 171
2 401
2 784
2 529
2 160
2 991
2 391
1 94
2 118
1 330
1 295
2 375
1 800
2 925
2 682
2 569
2 463
2 229
2 519
1 285
2 706
2 725
1 1008
2 1018
1 444
2 549
2 274
2 651
1 45
1 990
2 909
2 992
1 624
2 98
1 281
1 989
2 198
1 994
1 320
1 414
1 961
1 774
1 935
2 64
1 82
1 285
1 830
1 606
2 788
1 46
1 1045
1 245
2 795
2 145
1 177
1 108
1 413
1 753
2 743
1 314
2 211
2 627
2 174
1 259
1 596
1 751
1 347
2 962
1 265
2 981
2 583
2 612
1 84
1 888
1 309
1 128
1 945
2 252
2 255
1 279
1 668
2 633
2 318
1 190
2 626
2 766
2 739
2 711
2 699
2 740
2 435
1 167
2 584
1 914
1 615
2 720
2 264
1 733
2 594
2 196
1 53
1 882
1 367
2 168
2 480
1 262
2 541
1 518
2 277
1 596
1 737
1 947
1 838
1 47
2 1039
1 902
2 942
2 213
2 644
1 183
1 3
1 234
2 968
2 609
1 194
1 922
2 107
2 490
2 747
1 844
1 1024
2 476
1 898
2 965
1 364
2 893
2 622
2 348
1 819
2 830
2 541
2 808
1 58
2 386
1 258
1 669
1 273
1 554
1 434
1 782
2 134
2 931
2 368
2 332
1 941
2 500
1 316
1 16
2 1045
2 300
2 893
1 105
1 998
2 856
1 782
2 773
1 877
2 663
1 375
1 369
2 308
1 826
1 470
1 531
1 94
1 502
2 50
2 666
1 137
1 691
2 371
2 466
2 562
1 443
1 629
2 919
1 647
2 885
1 462
2 393
2 471
2 592
2 620
2 324
2 820
1 621
2 602
2 873
2 445
1 685
1 217
2 742
2 591
1 1014
2 749
2 296
1 521
1 29
1 450
2 564
1 302
1 149
1 430
1 251
2 362
2 797
2 530
1 868
2 670
2 204
1 917
1 11
1 70
2 349
1 491
2 704
1 773
1 22
2 580
2 643
2 282
1 69
2 715
1 341
2 702
2 1030
2 625
2 934
1 840
1 176
2 20
2 712
1 559
1 212
1 930
2 511
1 930
2 272
2 173
1 271
2 54
2 372
2 501
1 811
2 400
2 548
2 568
2 226
2 1040
2 710
1 77
1 481
2 191
1 190
2 970
1 528
2 462
2 227
1 537
2 408
2 431
2 1008
1 707
1 366
1 1037
1 260
1 468
2 22
2 15
1 487
1 897
1 103
1 670
2 400
2 488
2 585
1 964
1 286
1 582
1 1033
2 103
1 379
2 49
2 361
1 779
1 921
2 592
2 291
1 427
2 503
2 835
2 740
2 985
1 306
2 775
1 278
2 216
2 396
1 325
2 51
2 708
2 590
2 205
2 165
2 245
1 14
1 928
2 953
1 99
1 785
2 449
2 677
1 209
2 413
2 30
1 334
2 892
2 195
1 349
2 497
2 483
1 453
1 199
1 362
2 403
2 357
1 601
2 1010
2 119
2 1005
2 586
1 483
1 414
1 35
2 558
1 343
1 926
2 210
1 261
1 949
2 42
2 841
2 853
1 437
2 310
1 498
2 544
1 307
2 775
1 715
2 971
1 473
1 806
2 732
1 32
2 628
1 586
1 993
1 1036
1 791
1 618
1 788
1 692
1 131
1 360
2 142
1 687
1 335
1 20
2 889
1 926
2 938
2 92
2 997
2 429
2 845
1 534
2 467
1 747
1 566
2 768
1 78
2 293
2 599
1 860
1 484
1 629
2 55
1 110
2 7
1 448
2 169
2 241
2 1048
2 182
1 476
2 866
1 351
2 648
2 411
1 212
1 840
1 499
1 603
1 994
2 432
1 587
1 371
1 505
1 166
2 338
1 804
2 175
1 866
2 110
2 68
1 903
2 249
2 698
1 109
1 85
1 662
1 817
1 849
1 874
2 460
2 415
1 544
1 249
2 113
1 563
2 208
2 951
2 428
2 732
1 918
2 532
1 232
1 412
2 101
1 42
2 49
2 333
1 731
1 284
1 203
2 122
1 218
2 974
2 363
2 311
2 847
2 851
2 1013
2 724
1 454
1 641
1 525
1 931
2 658
1 910
2 479
1 548
2 713
1 17
2 787
1 309
2 598
2 21
1 831
2 753
1 318
2 514
2 306
1 247
2 551
2 550
2 24
1 726
2 602
2 30
1 440
2 300
2 299
2 684
1 1044
1 170
1 445
1 667
2 252
1 635
2 905
1 90
1 567
1 527
2 503
1 909
1 346
1 803
2 887
2 449
2 467
1 25
2 451
1 978
2 1031
1 555
2 607
2 556
1 690
2 714
2 783
2 903
1 41
2 939
1 274
2 822
1 393
2 754
1 980
2 531
2 315
2 298
2 337
2 473
2 385
1 686
2 486
2 865
2 957
1 798
2 703
1 597
2 421
2 726
1 132
2 781
2 967
1 924
2 122
2 794
2 572
1 943
2 614
2 535
2 197
1 1017
1 639
1 927
2 120
1 490
1 857
1 861
2 150
2 765
2 79
1 98
1 565
1 589
1 506
2 255
2 806
2 600
1 694
1 940
1 912
1 783
1 100
1 83
2 83
1 372
1 278
2 1038
1 74
1 335
1 798
1 886
1 162
1 244
1 774
1 763
2 230
1 769
1 409
2 384
1 767
1 446
2 2
2 188
1 434
1 721
2 655
1 253
1 11
1 1029
1 729
2 689
2 958
2 675
1 996
1 126
1 662
1 397
2 810
2 71
2 578
1 971
2 331
1 509
1 660
2 561
1 988
2 606
2 1010
2 735
1 437
1 521
