2100 3500
2 533
2 655
2 1044
2 76
1 34
1 606
2 928
1 70
2 326
2 959
2 713
2 135
2 567
1 375
1 419
2 778
1 1018
1 238
2 877
2 189
2 423
1 401
2 523
1 193
2 75
1 1045
1 610
1 50
1 195
1 608
2 467
2 42
1 995
1 156
2 735
2 327
1 1004
2 704
1 375
1 289
1 1007
2 139
1 999
1 633
1 490
1 245
1 699
1 937
1 412
2 81
2 102
1 141
1 703
2 152
2 908
2 51
2 860
2 278
2 130
1 201
1 1044
2 1006
1 623
2 1034
2 159
1 284
2 136
2 27
2 593
1 815
1 903
2 269
2 435
1 329
1 416
2 417
2 520
1 487
2 992
2 343
1 985
1 819
1 996
1 838
2 10
2 402
1 773
1 225
2 920
1 82
1 442
1 166
1 20
1 294
1 913
1 857
2 21
2 817
2 945
1 327
2 841
1 88
1 288
1 870
2 138
1 477
1 253
2 940
1 306
1 481
2 512
1 756
1 818
1 685
2 953
1 263
2 15
1 3
2 786
2 235
2 97
2 17
2 772
1 984
1 66
1 237
2 945
2 789
1 982
2 667
1 534
1 491
2 281
1 855
1 906
2 830
1 729
2 45
1 338
1 988
1 636
2 747
2 592
1 410
2 981
2 502
2 787
2 377
2 527
1 721
1 343
2 553
2 371
1 283
2 817
2 91
1 953
1 1013
1 294
1 609
2 287
2 1025
2 268
2 951
1 276
1 270
1 1033
2 36
1 976
1 48
2 234
1 240
1 545
1 69
1 941
2 814
1 253
2 188
1 563
2 987
1 473
2 600
2 219
1 576
1 215
1 750
2 346
1 247
2 646
1 214
2 172
1 977
2 290
1 326
2 549
2 234
1 406
1 657
2 627
1 525
1 827
1 835
2 711
2 150
1 774
1 708
2 586
2 438
2 828
2 518
2 835
1 952
2 1010
1 523
2 348
2 943
2 145
2 572
2 781
1 218
2 860
2 732
1 280
1 186
2 618
1 443
1 341
2 698
1 225
2 757
1 279
2 165
1 383
2 736
1 484
1 637
1 80
1 971
1 163
1 236
2 555
2 957
2 803
1 1029
1 893
1 876
2 697
2 304
2 79
2 1038
2 968
1 926
2 1021
1 19
1 782
1 875
2 312
2 512
2 768
1 296
1 989
1 808
1 11
2 576
2 114
1 539
1 824
1 926
1 915
2 733
1 47
1 983
2 480
1 246
1 918
1 153
1 919
1 125
2 13
2 493
2 616
1 887
1 462
1 482
2 71
1 249
2 624
2 921
1 454
1 304
1 866
1 649
2 230
1 39
2 1035
1 187
1 923
1 614
1 1028
2 960
2 233
2 747
2 980
1 577
1 967
2 587
2 639
1 696
1 136
2 707
1 603
2 151
1 84
2 525
1 916
1 803
1 515
2 640
1 300
1 425
2 489
2 325
2 264
1 485
2 535
2 782
1 188
1 137
1 868
1 54
1 510
2 649
2 354
1 500
2 105
1 314
2 532
2 788
2 345
2 925
2 155
1 103
2 496
1 497
2 411
2 456
1 483
2 469
2 605
1 856
1 250
1 1046
2 734
1 83
1 707
1 1007
1 32
1 280
1 101
1 376
1 298
2 534
2 630
2 759
2 856
1 1003
2 260
2 542
1 12
2 1048
2 701
2 218
1 546
2 174
1 822
2 651
2 347
1 964
2 290
1 92
1 661
1 658
1 569
1 765
1 785
2 626
2 494
2 1000
2 563
2 212
2 691
2 427
1 1036
2 849
2 1031
2 728
1 316
2 665
2 895
1 909
1 872
1 390
2 434
1 236
1 524
1 561
2 112
1 143
1 616
2 941
1 222
2 952
2 861
1 648
2 440
1 1008
1 1024
1 921
2 152
1 356
1 553
2 404
2 554
1 771
2 690
2 221
1 666
1 696
1 179
2 122
2 18
1 477
2 170
1 57
2 273
2 719
1 449
1 624
1 288
2 581
1 760
2 116
1 162
1 430
2 495
1 355
2 368
1 1035
2 264
2 783
2 90
1 1016
2 228
2 489
1 892
2 665
2 486
2 400
1 460
1 804
1 609
1 727
1 799
1 715
1 493
1 773
1 887
1 424
1 979
1 653
2 585
1 67
1 458
2 1023
1 700
1 754
1 138
2 122
1 570
1 117
1 232
2 539
1 165
2 995
1 740
2 54
1 324
1 978
1 78
1 632
2 59
1 503
1 268
2 1042
2 117
1 444
2 286
2 873
1 115
2 692
1 537
2 305
1 119
1 84
2 573
2 1013
1 800
1 721
2 163
2 458
1 545
1 40
2 342
2 1015
2 1040
1 164
1 715
1 717
2 540
1 4
2 837
1 910
1 100
1 128
2 63
2 252
2 488
2 687
1 330
2 305
1 567
1 215
1 942
2 446
1 299
2 613
2 746
1 26
1 192
1 700
2 302
2 559
1 778
2 656
2 982
2 164
2 584
2 388
1 558
1 468
1 943
1 7
1 206
1 939
2 992
2 795
2 886
2 704
2 658
1 797
2 950
2 670
1 762
1 946
1 302
2 262
1 192
2 338
1 950
1 155
1 1022
1 16
1 106
2 533
1 485
1 1038
2 427
2 1028
2 825
1 161
1 718
2 434
2 129
2 271
1 93
1 323
2 66
1 358
2 751
2 799
1 664
1 1006
2 1
1 913
2 541
2 229
2 384
2 976
1 200
2 506
1 77
1 210
1 148
2 842
1 373
2 644
1 412
2 278
1 226
1 929
2 691
1 113
2 548
2 706
2 879
1 850
2 892
1 1047
1 632
2 64
1 806
1 1020
1 60
1 509
1 853
1 588
2 487
1 574
2 907
1 712
2 562
1 52
1 401
1 372
1 601
1 893
2 88
2 756
1 914
2 141
2 92
2 592
1 1030
2 954
1 744
2 1012
2 149
1 513
2 6
2 802
2 900
1 668
1 695
1 41
2 315
1 547
2 405
1 366
2 519
1 535
1 861
1 714
1 386
2 598
2 805
1 807
2 836
2 476
1 748
2 944
1 670
1 784
1 457
1 996
1 158
1 964
2 1020
1 757
2 848
2 220
1 929
2 647
1 927
1 755
2 625
1 106
1 13
2 594
1 684
1 688
2 587
2 674
1 182
2 420
1 272
2 428
2 494
2 951
1 583
1 641
2 447
1 213
1 350
1 940
2 814
2 565
2 579
1 301
1 431
1 389
2 142
2 472
1 775
2 344
1 191
2 836
1 56
2 989
2 216
1 481
2 271
2 351
2 514
1 22
2 603
2 599
1 492
2 34
1 716
2 21
2 130
1 470
1 206
1 150
1 769
1 85
1 719
1 457
2 832
2 969
1 904
2 661
2 962
2 643
2 475
1 425
2 582
1 659
1 642
1 710
1 87
1 514
2 1003
1 687
2 418
2 27
2 1050
2 741
1 566
1 839
1 160
1 530
2 364
2 329
1 506
2 853
1 306
2 308
2 10
2 806
1 46
2 181
1 820
1 101
2 319
1 124
1 703
2 530
2 895
1 613
2 415
1 8
2 963
1 372
2 1039
2 169
2 58
2 797
1 1026
1 822
2 200
2 793
1 332
2 589
2 486
1 194
1 30
2 17
2 403
2 31
1 816
2 30
2 347
2 524
2 307
1 45
2 98
2 991
2 781
2 61
1 241
2 620
2 684
1 789
2 987
2 1001
2 654
2 724
2 521
2 720
1 897
2 275
1 360
2 540
1 948
1 529
2 743
1 203
1 770
2 1018
1 237
2 1004
2 407
2 459
2 47
2 991
1 450
2 248
1 640
2 818
1 1031
2 433
2 321
1 881
2 702
1 1045
1 78
2 488
1 257
1 362
2 63
2 199
2 51
2 642
2 847
2 504
2 171
1 105
2 828
2 162
2 62
2 1015
2 395
1 93
2 451
2 336
1 1043
2 124
1 745
2 453
1 349
1 644
1 94
1 154
2 556
1 847
1 61
2 990
1 659
1 258
1 273
1 779
1 988
2 123
2 705
1 971
1 669
1 727
1 937
1 186
1 912
2 972
1 565
1 340
1 846
2 325
1 420
2 380
1 172
2 125
1 852
2 575
1 29
1 381
2 917
1 453
2 142
2 65
1 672
2 76
2 598
2 516
2 257
2 924
1 196
1 365
2 641
1 256
2 183
2 890
1 397
1 790
1 935
1 378
2 673
1 680
1 997
1 536
1 383
1 41
1 739
2 907
2 718
2 239
1 2
2 902
1 859
1 360
2 32
1 23
2 948
2 498
1 118
1 885
2 888
2 394
1 499
1 548
2 800
2 606
1 621
2 296
2 3
2 79
2 821
2 908
1 552
1 779
1 341
2 209
1 833
2 100
2 905
2 91
1 74
2 7
1 864
2 815
2 529
2 181
2 683
1 1009
2 242
2 810
1 438
2 889
1 410
2 855
1 775
1 1021
2 962
2 796
2 499
1 368
1 754
2 562
2 422
1 212
1 378
2 637
1 588
2 452
1 635
2 966
2 291
1 132
2 706
2 947
2 50
2 19
2 905
2 349
2 16
1 833
1 805
2 1049
1 723
2 717
2 6
1 561
1 269
1 231
2 709
2 281
2 765
1 667
1 678
1 387
2 550
1 230
1 265
1 96
1 1042
1 932
2 902
2 780
2 1040
2 1008
2 144
2 108
1 986
2 135
1 965
1 990
1 43
1 398
1 638
1 97
1 110
2 594
1 221
2 762
1 413
1 720
1 295
1 167
1 912
2 43
1 37
2 235
1 263
1 258
1 190
1 601
2 997
1 812
2 873
1 89
1 645
2 985
2 149
2 463
1 795
1 998
1 955
2 173
1 33
2 404
1 840
2 772
1 265
1 544
2 841
2 536
2 115
2 303
1 1037
2 617
1 176
1 850
2 389
1 157
2 723
2 334
2 414
2 205
1 232
2 411
2 309
2 252
2 507
1 635
2 284
1 309
2 308
2 655
2 677
2 734
1 73
2 39
2 211
1 949
1 328
1 160
1 777
2 618
2 564
2 664
2 958
2 382
1 476
2 939
2 749
2 862
1 957
1 146
1 823
1 891
2 145
1 462
1 676
1 260
2 607
1 112
1 994
2 352
1 1039
1 683
2 461
1 650
2 568
1 960
2 693
2 597
1 266
2 834
2 346
1 724
1 1032
2 628
1 591
2 510
1 993
1 376
2 710
2 277
2 1017
2 858
1 848
1 722
2 675
1 224
1 126
2 1005
1 393
2 104
2 95
1 158
2 303
1 392
1 107
1 730
1 77
1 464
2 455
2 981
2 978
1 802
1 289
1 432
1 320
1 944
2 876
2 442
1 767
1 440
2 183
1 28
2 934
1 936
1 845
2 628
1 362
1 285
1 36
2 421
1 111
1 177
2 330
1 441
2 424
1 858
2 58
2 259
2 482
2 610
1 552
1 177
1 942
1 671
1 110
1 433
1 955
2 551
1 247
2 293
1 71
2 559
1 147
2 251
1 295
1 604
2 899
1 1034
2 755
2 652
1 994
1 954
2 314
1 968
1 248
2 930
1 241
2 875
2 516
2 266
2 353
2 379
2 251
1 961
1 894
2 852
1 813
2 611
2 826
1 688
2 745
1 885
1 931
2 182
2 374
2 174
2 392
2 922
2 669
1 167
1 999
1 998
2 638
2 337
2 686
2 612
2 451
1 216
2 20
1 689
2 357
2 292
2 1030
2 776
1 478
2 33
2 1005
1 267
1 792
1 871
2 824
2 865
1 556
1 639
2 496
2 286
1 40
2 662
2 880
2 369
2 605
2 370
2 730
1 82
1 311
2 196
1 735
1 339
2 67
2 898
1 185
1 357
2 693
2 518
2 970
1 931
2 846
1 246
2 583
1 538
2 777
2 932
1 259
1 608
2 354
2 975
2 153
2 356
1 714
2 738
1 293
1 738
2 542
2 970
1 668
1 111
1 622
2 465
2 881
1 201
1 171
2 317
1 2
1 90
2 831
2 1023
2 680
1 595
1 903
2 571
1 733
2 1029
1 60
2 28
2 436
1 935
2 127
2 636
2 759
1 370
1 191
1 134
2 928
2 746
2 526
1 513
1 917
1 679
1 742
1 406
2 826
2 72
2 98
2 686
1 840
1 402
2 614
2 798
2 454
2 811
1 203
1 804
2 275
1 877
2 382
2 68
2 634
1 460
1 484
1 26
2 712
1 387
2 175
2 300
2 653
1 474
1 421
1 469
2 455
1 170
2 809
2 611
2 844
1 1009
2 447
1 979
1 202
2 689
2 335
1 86
1 1033
1 771
1 511
1 229
1 560
2 791
1 784
2 660
2 211
2 139
2 570
1 413
1 705
2 154
2 973
2 70
2 274
1 709
2 894
1 490
2 541
2 400
1 197
1 521
1 869
2 361
2 361
2 316
2 108
1 829
2 801
2 42
2 1046
2 884
1 207
1 543
1 783
2 965
2 62
1 363
1 832
2 589
2 851
2 851
2 648
2 581
2 9
1 681
2 752
2 449
2 285
1 57
1 102
1 679
1 55
2 600
1 731
2 924
1 83
2 364
2 423
2 445
1 270
2 1019
2 555
1 428
2 23
2 336
2 435
2 946
1 751
2 713
1 657
1 299
2 586
1 25
1 65
1 1048
1 796
2 708
2 396
2 615
2 73
1 685
1 560
2 906
2 882
2 682
2 439
2 812
2 859
1 595
2 922
1 554
1 204
1 882
2 5
2 770
2 986
1 1047
2 808
2 761
1 675
1 919
2 243
2 811
1 1027
1 621
2 324
1 980
1 409
1 774
1 956
2 920
1 870
1 95
1 381
1 121
1 650
1 674
1 843
1 431
1 501
2 12
1 456
1 753
1 464
2 140
2 75
2 205
2 310
1 377
2 467
2 682
2 761
2 187
2 973
2 166
2 157
1 18
1 322
1 829
2 677
2 315
2 4
1 612
1 863
2 256
2 38
1 537
2 254
2 209
1 1043
1 974
1 333
2 53
1 517
2 459
1 180
1 872
2 602
2 550
1 543
2 904
2 267
2 348
1 547
2 224
2 373
2 663
2 725
2 81
2 426
2 239
1 692
2 599
2 625
2 938
1 297
2 53
2 80
2 31
1 323
1 479
2 810
1 737
2 14
1 764
1 89
2 337
2 419
2 184
2 468
1 180
2 889
1 590
1 857
1 287
1 408
2 297
1 194
1 577
2 199
1 854
1 681
1 128
1 441
1 690
1 394
2 480
2 277
2 121
1 1026
2 631
1 794
1 666
1 630
1 116
2 914
2 371
2 64
2 379
1 473
2 443
1 279
1 763
1 571
2 178
1 332
1 578
1 792
2 388
2 310
2 274
2 1000
1 821
1 604
2 596
2 96
2 776
2 213
1 244
2 947
2 334
1 417
2 662
1 222
2 359
2 531
2 107
2 557
2 741
1 834
2 888
2 579
2 444
2 934
1 367
1 328
1 517
1 217
2 151
2 292
1 619
1 437
2 238
2 1010
1 865
2 807
1 103
2 409
2 344
1 949
1 794
1 318
2 397
1 168
2 352
1 250
1 736
1 197
2 1011
2 1041
1 391
1 763
1 399
1 498
1 504
2 526
2 131
2 874
2 880
2 701
1 580
1 915
1 137
2 823
1 398
2 208
2 909
1 333
1 168
2 582
2 574
2 798
1 1050
2 551
1 461
1 839
1 1002
1 159
2 393
1 94
1 418
2 827
1 262
2 384
1 651
2 831
1 785
1 623
2 345
1 977
1 48
1 750
1 520
1 936
2 620
2 470
2 993
2 546
1 697
2 483
2 59
2 631
1 214
2 619
1 408
1 959
2 119
2 896
1 1012
1 140
1 133
1 492
1 958
2 1037
2 671
2 69
2 359
2 898
2 242
1 202
1 14
2 1024
2 503
1 463
1 313
2 104
1 1
2 55
1 386
2 590
1 114
1 35
1 522
2 502
2 25
1 317
1 869
2 331
1 68
2 415
2 24
2 254
1 240
1 282
2 366
2 123
2 938
1 99
2 49
1 740
2 471
2 972
1 830
2 1014
1 432
2 261
2 519
1 322
1 56
1 731
1 578
1 726
1 793
2 255
1 307
2 743
1 673
2 544
1 1001
1 897
2 626
1 44
1 29
1 584
1 35
2 557
1 643
2 173
2 385
1 340
2 842
1 758
2 426
2 864
1 312
1 963
1 879
2 367
1 753
2 244
1 208
1 479
1 732
2 436
1 301
1 395
2 694
1 854
2 849
2 437
2 728
2 439
2 883
1 585
1 766
1 699
1 825
1 1002
1 901
2 660
1 769
2 538
1 984
1 508
2 255
1 568
1 508
2 245
1 298
1 652
2 531
1 49
2 515
1 863
2 448
2 1041
2 185
1 5
2 198
2 391
1 15
1 596
2 475
1 527
1 564
1 390
2 204
2 933
1 925
1 120
1 1011
1 313
2 223
2 46
1 156
1 365
1 646
1 819
1 744
2 176
2 227
1 694
2 11
1 622
1 226
1 448
1 617
2 195
1 844
2 573
1 911
2 672
2 175
2 916
2 414
2 131
2 189
2 900
1 118
1 607
1 422
1 676
1 634
1 210
2 471
1 399
1 403
1 695
2 886
2 342
2 320
2 407
1 923
1 132
1 87
1 146
2 369
1 120
1 890
1 867
2 507
2 169
1 228
2 1032
1 113
2 966
2 416
2 867
1 645
1 385
2 335
1 820
2 291
1 231
2 179
2 901
2 465
1 446
1 452
2 629
1 884
2 198
2 711
2 505
1 8
1 74
1 602
2 874
2 742
2 37
1 217
1 319
2 891
1 983
1 466
2 1017
1 787
2 878
1 478
2 495
2 883
1 38
1 591
1 961
1 896
1 729
2 283
2 178
1 629
1 974
2 52
2 967
1 575
2 133
1 566
1 739
2 445
1 207
1 351
2 227
2 233
1 501
1 272
2 843
1 899
1 837
2 791
1 816
1 500
2 223
1 358
1 129
2 72
1 866
1 1049
1 593
2 956
1 737
1 9
2 752
1 318
1 597
2 580
2 716
2 353
2 22
2 505
1 975
2 184
2 144
2 633
2 749
1 126
2 862
2 147
1 143
1 1025
2 190
1 748
2 532
1 558
2 85
1 450
2 663
1 466
2 768
1 430
2 845
1 321
1 813
1 838
1 1027
2 809
2 472
2 355
2 311
2 969
1 24
1 282
1 647
1 572
2 522
1 511
2 1014
2 654
1 1036
1 698
1 219
2 933
1 656
1 911
1 868
1 702
1 243
1 722
2 99
2 910
2 261
1 474
2 109
2 109
2 918
1 161
1 549
1 1016
1 429
2 528
1 627
1 725
2 726
2 871
1 405
2 363
1 878
2 678
1 339
1 930
1 766
2 758
2 350
1 790
2 380
1 788
2 509
2 760
2 780
2 193
2 801
2 148
1 491
2 429
1 528
1 1019
2 786
1 134
1 1022
2 44
1 764
2 331
1 276
1 374
2 249
1 767
2 220
1 569
2 86
2 927
1 615
2 497
2 396
1 127
