2600 7500
2 1054
1 1005
2 7
1 560
2 197
1 1261
1 471
1 175
2 389
2 360
2 950
2 802
1 21
1 623
1 463
1 722
1 270
1 583
1 486
2 250
2 432
1 76
2 923
2 832
1 125
2 981
2 1260
1 660
1 554
2 1098
1 611
2 545
1 422
1 152
2 509
2 1074
1 1045
2 843
2 1241
1 712
1 721
2 511
2 128
2 152
1 866
2 1154
1 953
2 535
2 1191
1 225
1 841
2 721
2 238
1 225
1 1077
2 636
2 218
2 873
2 304
2 1273
2 291
2 56
2 965
2 371
1 820
2 1032
1 1286
2 1044
2 113
2 317
1 112
1 680
1 572
1 729
2 572
2 885
1 607
1 411
2 900
1 1124
1 527
2 688
1 983
1 935
1 1296
1 816
1 879
1 541
1 922
2 256
2 797
1 774
2 416
2 136
2 591
1 827
1 767
2 785
2 115
2 707
2 849
2 523
2 542
2 1160
2 21
2 449
2 946
1 241
2 1069
1 1257
2 449
1 1190
1 103
2 1042
1 897
2 151
2 977
1 196
2 1273
2 54
2 977
2 912
1 892
2 1057
1 259
1 675
1 1055
2 925
2 182
1 620
2 654
1 92
1 226
2 60
2 462
2 848
1 107
1 656
2 283
1 525
1 74
1 685
1 181
2 427
2 382
1 233
2 963
2 1111
1 495
2 400
1 1192
2 474
2 997
1 4
1 358
2 591
1 1221
2 915
2 511
1 592
2 157
2 819
1 905
1 76
1 350
1 313
2 675
1 1296
1 799
2 834
2 369
1 472
1 797
1 1034
1 353
2 444
2 812
2 712
1 158
1 569
2 557
1 641
1 311
2 1298
1 45
1 1101
2 230
1 902
2 115
1 745
1 348
2 89
1 978
1 939
1 1188
2 1100
1 392
2 512
1 594
1 30
2 574
2 722
2 718
1 445
2 317
2 497
1 744
2 192
2 705
1 344
2 154
1 137
2 1246
1 598
1 689
1 942
2 1021
1 738
1 813
1 479
1 1169
2 1278
2 546
2 808
2 833
1 130
2 708
2 1018
2 955
1 999
1 669
1 353
1 82
2 395
1 777
2 1268
1 489
1 80
2 746
1 694
1 343
2 787
1 1014
1 1050
1 454
1 1017
1 643
2 964
1 618
2 725
1 132
1 29
1 929
2 15
1 396
2 635
1 763
1 327
2 985
1 401
1 1062
1 514
1 836
2 506
2 35
1 855
2 81
1 180
2 1141
2 161
2 165
1 249
1 727
2 1094
2 674
2 52
2 303
1 952
2 616
1 788
2 1178
2 72
2 399
2 723
1 306
2 859
1 39
1 391
2 967
1 18
2 749
1 685
1 347
2 850
2 853
2 1146
2 59
2 812
1 690
2 647
2 672
1 514
2 1180
2 884
1 633
2 975
1 319
2 603
1 944
2 1196
1 864
1 1096
1 488
1 265
2 719
2 328
2 799
1 173
2 279
1 447
2 357
1 1211
2 239
1 1156
1 989
2 9
2 401
2 1173
2 586
2 246
1 1114
2 368
2 1046
2 174
1 639
2 284
2 732
2 132
2 351
2 219
2 1187
2 6
2 465
2 1182
1 42
1 859
2 1201
1 708
2 565
1 1177
1 153
1 903
1 23
2 1223
2 897
1 229
1 70
1 1258
2 443
2 485
1 213
1 1200
1 48
1 564
1 364
1 815
1 1083
1 1214
2 186
1 814
1 1158
1 842
2 1065
1 786
2 990
2 5
2 819
2 1139
2 872
2 1282
1 142
1 1219
2 1048
1 306
2 1295
1 503
1 46
2 379
1 976
2 1004
2 791
1 1089
1 821
2 355
2 426
2 939
1 408
2 1222
1 733
2 167
2 96
2 326
1 889
2 1284
1 844
2 1203
1 470
2 966
1 714
2 1074
1 1055
2 117
2 742
1 951
2 579
1 601
2 1040
2 934
2 581
2 237
1 476
2 807
1 1015
2 269
1 890
2 643
1 865
2 120
1 378
1 248
1 481
1 1205
2 382
1 793
2 372
2 796
2 239
1 1126
2 1280
2 1241
2 679
2 123
2 1161
1 501
2 737
1 1219
2 188
1 370
2 434
2 1090
2 813
1 20
1 200
2 170
1 12
2 916
1 446
1 34
1 95
2 526
1 412
2 439
1 148
1 1105
2 411
1 1226
1 1085
1 1030
2 698
1 954
1 997
2 1239
1 85
2 597
2 1
1 444
2 1001
2 224
2 670
2 526
1 747
1 1040
2 1215
1 1189
1 145
1 522
1 750
2 608
1 753
1 641
2 629
1 1165
2 413
2 1222
1 129
1 20
1 1244
1 586
2 223
1 861
2 589
2 1164
2 846
1 4
2 624
2 313
1 447
1 375
2 718
1 772
1 384
2 858
1 755
1 876
2 340
2 627
1 205
1 169
2 262
1 556
2 845
1 947
2 1212
1 638
2 551
2 1019
2 264
2 960
1 260
1 758
2 1233
2 1225
2 126
2 177
1 326
1 487
2 524
2 746
1 227
1 945
1 1043
2 260
1 865
1 553
1 235
1 1255
1 880
1 234
2 1290
2 919
2 1174
2 451
2 1161
2 739
1 700
2 604
2 1113
1 855
1 521
2 1186
1 706
1 1066
2 755
1 728
2 191
2 338
1 968
2 368
2 630
2 928
2 1080
1 268
1 998
1 164
2 438
2 254
1 116
1 297
2 329
1 240
2 40
2 1261
1 1132
1 1020
1 570
1 659
2 971
1 325
2 1292
1 628
2 883
2 957
1 95
1 1143
2 11
1 473
1 1059
2 1187
1 241
1 868
2 824
1 1189
1 731
1 289
2 995
2 1259
1 469
1 866
1 1109
2 1107
1 464
1 1095
1 90
1 149
1 1010
1 772
1 713
1 861
2 598
2 1238
2 1087
2 901
1 137
1 1145
2 593
2 585
2 206
1 801
2 1133
2 584
1 673
1 795
1 972
2 164
1 405
1 958
2 626
1 656
1 622
1 1091
2 184
1 829
1 645
1 1231
2 257
2 1145
1 1010
1 374
2 278
1 533
2 736
2 836
1 563
1 167
1 730
2 1033
1 1091
2 17
1 1197
1 825
1 539
2 1024
2 360
2 68
2 202
1 1249
1 1109
1 118
1 1101
1 138
2 1289
1 486
2 804
1 877
2 74
1 1275
2 729
2 295
1 55
1 309
1 242
1 764
2 110
1 887
2 1297
2 1121
1 671
2 224
1 49
2 618
1 459
1 599
1 88
1 1194
1 472
2 665
1 73
2 102
2 769
2 940
2 1281
1 1244
2 731
1 436
2 529
2 948
1 723
2 616
1 1181
1 1044
1 392
2 668
2 603
2 523
2 193
2 634
1 102
2 891
2 696
2 677
2 1236
2 91
1 885
1 956
1 69
1 133
1 953
1 94
2 551
2 361
1 547
2 962
2 701
2 487
1 904
2 1216
1 1006
1 481
2 190
2 683
2 646
1 1212
1 1249
1 673
1 47
1 687
1 615
2 470
2 270
2 1216
2 634
1 471
2 703
2 610
1 991
1 1259
2 840
2 100
2 1124
2 553
1 271
1 248
1 416
2 826
2 555
1 950
1 899
2 1179
2 888
2 354
1 914
2 194
2 1256
2 851
1 322
2 419
2 42
1 1002
1 1079
1 1061
2 178
2 451
2 1029
2 149
2 1170
1 581
1 494
1 299
2 246
2 1154
1 1188
2 1234
2 1064
1 19
1 215
2 13
2 1184
2 702
2 745
1 890
1 217
1 1110
1 220
1 614
1 531
1 339
1 1012
1 627
2 520
2 316
2 466
2 462
1 502
2 83
2 301
2 490
1 932
1 761
2 809
2 863
1 1099
1 807
1 139
1 1006
2 129
1 716
1 37
1 1284
2 58
1 251
2 1095
1 1267
2 562
2 3
2 254
2 922
2 315
2 575
2 32
1 65
2 294
2 349
1 1102
2 389
2 1254
1 985
2 403
1 244
1 1176
2 1231
1 406
1 785
1 659
1 877
2 339
1 1156
2 594
2 1217
1 324
1 531
2 557
2 207
1 1215
2 909
2 97
2 873
1 1078
1 386
2 794
2 477
1 764
2 214
1 288
1 404
1 421
1 208
2 430
1 158
2 1084
1 267
2 662
2 518
2 393
1 176
2 220
1 94
1 153
2 227
1 980
1 499
1 1033
1 738
1 996
2 160
2 341
2 363
2 1048
1 1202
1 409
2 777
2 1294
2 1066
1 596
2 1297
2 587
1 38
2 376
2 1119
2 602
1 1163
2 546
1 543
2 789
1 1232
1 1234
1 860
2 1153
1 1127
2 16
1 122
1 945
2 936
1 308
2 334
2 419
2 329
1 925
1 910
1 110
1 77
2 1012
2 967
2 886
2 337
2 388
2 2
2 947
2 711
1 1117
2 475
1 473
1 762
2 40
2 996
1 135
2 856
1 1003
2 1099
2 1011
1 425
2 588
1 53
1 911
1 418
2 1028
1 484
1 734
2 218
1 173
2 485
1 417
1 968
2 802
1 871
2 216
1 1274
1 1193
1 1053
1 478
1 1087
2 108
1 1104
2 305
2 1
2 949
2 196
1 337
1 649
2 1290
2 461
1 12
2 437
2 1108
1 1155
2 2
1 962
2 913
2 740
2 539
1 122
1 291
1 932
2 315
1 695
1 661
1 609
1 580
1 633
2 1211
2 979
2 492
1 388
1 37
1 518
2 104
1 1108
2 31
2 1264
1 199
1 88
1 435
2 455
2 229
2 808
1 195
2 140
1 247
2 277
2 743
1 105
1 1016
1 1113
1 579
2 652
2 334
2 436
2 825
2 109
1 159
2 431
2 1073
1 949
2 664
1 536
2 1232
1 207
1 448
1 824
2 1035
1 494
2 205
2 1080
1 1195
2 542
1 870
2 632
1 80
2 576
2 190
2 604
2 638
2 1046
2 231
1 931
2 840
1 528
2 420
1 882
1 1199
2 964
1 285
2 504
2 302
2 860
2 87
2 769
1 748
1 1224
1 28
2 809
1 943
1 186
1 878
2 209
2 982
1 365
2 806
1 331
2 734
1 1260
2 763
1 344
1 952
1 1176
2 515
1 623
1 407
2 829
2 765
2 1060
2 498
1 275
1 833
2 1248
1 45
2 335
2 464
1 210
1 1197
1 566
1 1280
2 1171
1 789
2 333
1 194
1 203
2 228
1 989
1 664
2 1245
2 1257
2 909
2 53
2 1052
2 1141
1 739
1 1019
1 684
2 57
2 424
2 536
1 1034
2 1097
1 460
2 743
1 1041
2 507
1 1120
2 596
1 1036
1 1205
2 1277
1 491
2 366
2 429
2 917
2 589
1 1028
2 252
1 1104
2 1139
1 790
1 101
2 869
2 93
1 184
1 107
1 57
2 1067
2 966
2 839
2 460
1 187
1 980
2 582
2 938
1 1175
1 301
2 1081
1 1049
2 576
2 826
2 1075
1 1208
2 507
1 841
2 286
1 1160
2 1126
2 1175
2 1029
1 245
1 36
2 1137
2 99
2 17
1 1047
1 630
1 459
2 309
2 150
1 456
1 1213
1 1114
1 1157
2 918
2 180
1 86
2 211
1 852
2 602
2 856
1 119
2 35
2 497
2 328
1 585
1 583
1 733
1 1002
2 994
1 300
1 14
1 427
1 757
1 409
1 263
2 200
2 790
2 320
2 500
1 259
1 457
2 750
1 759
1 302
1 496
2 204
2 768
1 111
2 1138
1 822
2 24
2 1134
1 959
1 960
1 201
2 274
2 1063
2 157
2 823
1 299
2 1288
2 1075
2 561
1 1003
1 1036
2 834
1 177
1 778
1 221
1 1088
1 667
2 1165
1 854
1 682
1 549
1 519
1 1032
2 854
2 955
2 1068
1 1123
2 741
1 1291
2 1107
2 525
1 488
2 965
2 578
1 1218
2 461
2 1281
2 10
2 156
2 804
1 532
1 413
2 1058
1 1201
2 696
1 911
1 886
1 653
2 54
2 50
1 957
1 1140
2 263
2 1263
2 38
1 68
2 211
1 1199
2 1192
1 85
2 414
1 433
2 31
1 67
2 187
1 118
1 867
1 1220
2 1004
1 1031
2 69
2 171
1 237
1 172
1 221
1 975
1 930
1 383
1 1198
1 271
2 143
1 837
1 79
1 36
2 608
1 1130
2 346
2 1083
2 1214
2 169
2 924
2 13
1 141
1 754
2 82
2 751
1 705
1 189
1 480
2 709
2 161
1 1118
1 1200
2 1209
2 548
2 1150
2 1097
2 352
2 665
1 1131
2 374
1 1300
1 264
1 323
2 992
1 597
1 793
2 1071
1 724
2 92
2 1204
2 678
1 595
1 695
2 90
1 1172
2 287
1 27
2 744
2 621
1 369
1 345
1 1178
2 1256
2 1096
2 728
1 325
2 332
2 948
1 1023
2 266
2 828
2 165
1 776
1 558
2 818
2 517
2 567
1 878
2 356
1 215
1 1191
2 839
2 410
1 24
1 1168
2 145
1 79
1 920
2 748
2 893
1 693
2 159
2 41
1 1038
1 687
1 67
1 106
1 636
2 256
2 119
2 1265
1 450
1 912
1 142
2 185
1 377
2 566
2 1274
1 1157
2 441
2 993
1 663
1 771
1 495
1 637
2 680
1 402
2 272
1 706
2 999
2 645
1 111
1 1266
2 51
1 735
1 921
1 971
1 650
2 418
1 1011
2 228
1 201
1 1275
2 823
1 307
2 830
2 1194
1 1143
2 617
1 875
2 1152
2 355
1 404
2 651
1 498
2 891
1 1016
2 39
2 359
2 179
2 1148
1 403
2 19
2 1136
1 1172
2 234
2 56
2 1023
2 660
2 805
2 651
1 617
2 1151
1 1299
1 810
1 995
1 114
2 1229
2 792
2 540
1 624
1 1240
2 163
2 516
2 195
2 740
2 710
1 805
1 981
2 1230
1 828
1 26
2 399
2 8
2 257
1 786
2 290
2 276
1 1000
1 727
2 1082
2 622
1 677
2 320
2 822
1 759
1 621
1 273
2 281
2 1045
2 1050
2 124
1 134
1 895
2 862
1 453
1 352
2 1041
1 1251
1 51
1 642
1 1031
1 46
2 976
1 1246
1 1078
1 774
2 1017
2 906
1 1138
2 574
1 97
1 646
1 674
2 1204
2 121
2 407
1 373
2 1210
2 614
1 1093
1 341
2 1220
2 1039
2 568
2 456
2 468
2 130
1 381
1 387
2 775
2 282
1 508
2 986
2 183
1 1164
1 307
2 1213
1 1116
2 895
1 902
1 34
2 253
1 615
1 213
2 474
1 1056
2 32
2 41
2 1285
1 611
1 163
2 760
1 61
2 273
2 1209
1 492
2 1272
1 921
2 310
1 394
2 1223
1 913
1 286
2 806
2 1252
2 619
1 1148
1 787
2 924
1 519
2 726
2 1022
2 580
1 340
2 289
2 1166
2 1142
2 1265
2 1221
2 505
1 62
1 715
1 1185
2 136
1 858
2 898
1 928
2 1070
2 544
1 670
1 1295
2 903
2 1293
2 1027
1 182
2 335
1 835
1 846
2 179
2 835
1 1227
1 44
1 445
2 383
1 1122
1 979
2 28
2 417
1 961
1 199
2 1285
2 1262
2 742
1 479
2 640
2 506
2 599
1 935
1 1235
2 362
2 944
1 882
2 663
1 803
1 1140
1 324
1 1250
2 1266
1 1258
1 116
1 1092
1 144
1 1014
1 252
2 48
1 1159
1 710
2 6
1 832
1 114
1 818
1 385
2 192
2 438
1 888
2 1103
1 59
2 8
2 1279
2 357
1 1269
2 1071
2 433
1 676
2 43
2 1111
1 880
2 552
2 648
1 1112
2 540
2 1229
2 10
1 44
1 889
1 635
2 333
2 1253
1 938
1 26
2 894
1 737
2 628
2 29
1 1243
2 1073
1 148
1 64
2 466
2 310
2 831
1 784
1 543
1 530
2 14
2 756
2 954
1 1026
1 406
1 408
1 1025
2 274
1 171
1 236
1 242
2 209
2 424
2 226
1 720
2 294
2 476
2 1062
1 112
2 1247
1 327
2 160
1 1242
1 393
2 1008
1 1242
1 141
2 155
2 1130
1 784
2 124
2 345
1 527
2 926
2 1181
1 121
1 1092
2 1272
2 800
2 77
2 75
1 768
2 282
2 683
2 782
2 483
2 1287
2 815
1 756
1 590
2 1137
1 1122
1 1024
1 991
1 283
1 1037
2 1298
2 876
2 230
1 446
2 698
1 515
2 658
2 1086
2 425
1 654
1 113
2 920
2 1252
2 650
2 613
1 1166
2 1093
2 166
2 767
2 1018
2 814
1 336
2 717
2 311
2 871
2 770
2 503
1 314
2 575
2 847
2 1053
1 454
2 751
2 303
1 1146
1 778
1 135
2 549
2 147
2 1299
1 620
2 842
2 688
2 649
2 150
2 469
2 25
2 711
2 1267
1 550
1 937
1 625
1 904
1 559
1 559
2 1198
1 1270
2 917
2 779
2 703
1 820
1 713
2 296
2 749
1 219
1 1128
2 338
2 1128
2 725
1 951
1 342
1 198
2 1177
2 863
1 637
1 803
2 847
1 810
1 1068
2 1125
1 850
1 127
1 287
2 1237
2 275
1 1070
2 943
1 1084
1 1085
1 255
2 1013
1 1102
1 684
2 516
1 992
1 735
2 60
2 1115
1 530
1 761
1 1094
2 1133
1 987
2 255
2 625
2 1227
1 709
2 1208
1 1243
1 606
2 30
1 1183
1 1254
2 381
1 1082
2 513
2 1162
1 547
1 661
1 176
1 1264
2 285
2 84
1 762
1 453
2 98
1 521
1 512
2 667
2 937
2 875
2 1149
1 49
1 183
2 1134
2 100
1 375
2 522
2 423
1 1038
1 308
1 277
1 443
2 1086
2 704
1 490
2 898
1 691
1 98
1 942
1 1142
2 1179
2 1151
2 788
1 347
2 1088
1 644
1 198
1 782
2 1064
2 766
1 870
1 323
1 362
2 1072
1 679
2 1007
2 429
2 58
2 811
2 973
1 87
1 533
2 550
2 1190
2 780
1 513
1 1289
2 657
2 96
2 1226
1 1025
2 1173
2 783
1 380
2 821
2 1106
1 72
2 773
1 1020
1 140
2 222
2 969
2 1052
1 757
2 356
2 1089
2 1030
2 143
2 780
2 626
2 448
2 1207
1 1283
1 7
1 775
1 243
2 681
2 312
2 653
1 959
2 632
2 883
2 484
2 1168
2 66
2 1127
2 465
2 686
2 16
1 1247
2 988
2 998
1 874
1 1218
1 612
1 244
1 428
2 849
2 669
2 724
2 117
2 435
2 86
1 773
2 162
2 993
1 1268
1 881
1 508
1 524
2 770
2 5
1 251
1 760
2 23
2 33
1 970
1 496
1 528
1 974
1 146
2 868
2 1007
1 185
2 867
2 1076
1 332
1 379
1 899
1 672
1 482
1 235
2 501
2 1112
1 915
1 204
2 532
2 690
1 752
1 994
1 648
1 554
2 1013
1 941
1 1076
1 569
2 500
1 440
1 577
1 753
2 1144
1 412
2 678
2 1184
2 371
1 1005
1 1150
1 1106
1 987
2 1210
2 350
2 269
2 1051
2 517
1 771
2 441
2 831
1 222
2 619
2 872
2 1072
2 1271
1 322
1 377
2 730
1 1008
2 1159
1 265
1 358
1 276
1 1277
2 426
2 1171
2 376
1 1169
1 50
1 613
2 568
1 1282
2 144
1 907
1 272
1 78
2 81
1 510
1 1131
2 578
2 367
1 657
1 63
2 1147
1 827
1 1233
2 168
2 1228
2 1167
1 791
1 55
1 280
1 692
1 510
2 655
2 298
2 587
2 573
1 212
2 1039
2 168
2 258
1 1245
2 421
2 63
1 91
1 312
2 423
1 468
2 439
1 300
1 908
2 361
2 567
1 210
2 1120
2 66
1 212
2 561
1 908
1 400
2 477
1 715
1 261
1 1058
2 231
2 491
1 1203
2 27
2 431
1 538
1 983
2 1292
1 795
2 509
1 1271
2 927
1 1195
2 901
2 1183
1 330
1 154
1 1067
2 279
2 249
1 927
1 605
2 1090
1 1022
2 9
2 640
1 956
2 1238
1 869
2 1255
2 1051
1 1185
2 726
1 582
1 126
2 504
1 174
1 1136
2 1251
2 552
1 717
1 1009
2 1116
2 838
2 397
2 862
1 601
2 792
2 676
2 693
2 71
1 52
2 131
2 267
2 11
2 1132
2 907
2 631
1 467
1 18
1 1224
2 662
1 175
1 1269
2 692
2 972
1 1283
1 565
1 478
1 529
1 422
2 590
1 151
1 666
2 354
2 452
2 896
1 958
1 1100
2 493
2 293
2 894
2 318
2 934
2 801
1 864
2 747
1 766
1 668
1 1115
1 1035
2 779
2 62
1 837
1 1079
2 15
1 1054
1 397
1 105
1 544
2 811
2 84
1 189
2 442
2 963
1 75
1 631
2 415
2 366
2 606
1 1202
1 268
1 817
2 103
1 343
2 933
1 800
1 571
1 33
1 655
2 1021
1 22
2 1000
1 560
1 1001
1 372
2 281
2 1135
2 293
2 316
2 330
1 106
2 331
1 348
1 1152
2 1294
1 166
1 736
2 430
2 1163
1 666
1 1158
1 146
1 253
2 537
1 480
2 1117
1 336
2 139
1 240
2 1162
1 321
1 22
1 691
1 295
2 396
1 64
1 1098
1 776
2 292
1 538
1 297
2 384
2 367
2 61
1 765
2 986
2 844
1 304
1 101
2 853
1 390
2 206
1 642
2 398
1 1047
1 1147
1 984
2 900
1 629
2 1060
2 1026
1 682
1 851
2 434
2 857
1 65
1 1263
2 573
1 89
1 432
1 502
2 689
2 1015
1 974
2 970
2 318
2 133
2 1135
1 346
2 364
2 798
1 893
2 848
2 1230
2 639
1 577
1 697
1 70
2 1262
2 342
1 390
2 321
1 701
2 391
1 1276
2 1207
2 386
1 1286
1 969
1 919
2 1059
2 609
1 128
1 233
2 489
1 658
1 380
2 930
2 457
1 817
1 99
1 1248
1 1129
2 595
2 414
1 108
1 296
1 1236
1 1155
2 714
1 874
1 458
1 1217
1 236
2 605
1 884
1 1118
1 1065
2 584
1 1042
2 990
2 838
1 467
1 707
2 208
1 816
2 1125
1 588
1 170
1 203
2 914
1 385
1 1153
1 946
1 571
1 1057
1 896
2 499
2 370
2 47
1 879
1 933
2 852
1 442
2 982
1 1027
2 125
1 671
2 455
1 402
2 305
2 25
1 936
2 681
1 906
2 1037
2 1291
2 232
1 395
1 93
2 284
2 202
2 1293
1 197
2 452
2 223
2 794
1 600
2 156
2 1240
1 978
1 1174
1 845
2 394
2 1170
2 699
2 881
1 349
1 378
2 1105
2 216
2 520
1 83
1 758
2 796
2 918
1 1056
2 1186
2 458
2 73
1 278
2 1279
1 104
1 71
1 280
1 258
2 535
2 843
2 245
1 1196
2 178
2 984
2 351
2 926
1 798
2 555
2 450
2 1149
1 1237
1 162
1 363
2 440
1 109
2 556
2 172
1 600
1 1278
1 1043
1 647
1 719
2 428
2 319
2 398
1 415
1 1206
2 188
1 607
2 1300
1 138
1 193
2 732
2 700
1 288
2 3
1 1121
1 1287
2 931
1 973
2 961
2 592
1 1009
2 783
1 463
1 127
1 131
2 134
2 1103
2 1270
2 929
1 1276
2 483
2 365
1 373
1 298
1 217
2 716
1 292
2 250
1 78
2 387
1 261
1 830
2 505
1 702
2 123
1 1049
1 1119
2 905
2 1180
1 1144
1 570
1 564
1 266
2 916
1 562
1 1239
1 420
1 475
1 1061
1 1063
1 545
1 534
2 493
1 314
1 290
2 781
2 548
1 923
2 686
1 238
1 988
2 940
1 541
1 1182
1 1129
1 410
1 1228
1 214
2 534
2 1288
1 537
2 43
1 781
2 644
1 741
1 247
2 405
2 694
1 754
1 181
1 1250
1 699
1 232
1 1081
2 593
1 610
2 857
2 1123
2 155
1 1077
2 191
1 563
1 704
2 437
1 1069
1 1206
1 1253
1 147
2 941
1 1193
1 612
1 120
1 1235
2 1167
2 887
1 720
1 1110
1 482
2 1225
2 752
2 359
2 910
2 892
2 262
2 652
1 697
2 243
1 558
