3100 1500
2 389
1 1195
1 214
1 903
1 281
1 1511
1 1440
2 309
1 41
2 28
1 182
2 647
1 307
2 479
1 1024
2 227
2 776
1 415
1 1318
1 506
2 1057
1 416
2 495
1 464
1 1338
1 196
1 1278
2 862
2 877
2 284
1 843
2 150
1 173
1 1365
1 673
1 181
1 323
1 900
2 84
2 420
1 211
1 564
2 374
1 553
1 395
2 650
1 492
2 1249
2 778
1 1090
2 999
2 615
1 954
2 1322
1 1056
1 408
2 1454
1 1142
2 44
1 379
2 1392
1 893
1 559
2 169
2 1323
1 265
2 1115
1 1351
1 1387
2 886
2 1245
1 804
1 382
1 1439
2 1386
2 1019
1 1389
1 1079
2 57
1 594
2 797
1 1177
1 922
1 1255
2 137
1 1132
2 639
2 1004
2 1238
2 755
2 1373
2 1086
1 9
2 796
2 1164
2 233
1 1069
1 289
2 80
1 842
2 817
1 499
1 906
1 516
1 674
2 599
2 68
2 1155
1 382
2 276
1 459
1 950
1 1330
2 1088
2 359
2 453
1 677
1 253
2 535
1 947
1 1118
2 863
2 1059
1 419
2 689
2 630
2 502
1 1279
1 770
2 282
2 1472
2 607
2 1497
1 1178
1 1109
1 1309
1 409
1 1242
2 349
2 952
1 83
1 226
1 52
2 892
2 1366
2 830
1 1462
1 580
2 780
2 1291
1 707
2 450
2 1397
1 1092
2 745
2 1491
2 305
2 1547
2 939
1 1382
1 1063
1 644
1 1086
2 1348
2 1203
1 1254
2 1022
2 1305
2 341
1 1303
1 1276
1 1484
1 705
1 198
2 976
2 1509
2 931
2 1340
2 1296
2 595
2 1183
2 731
2 754
1 1188
2 177
1 1544
1 79
2 287
1 640
2 1028
2 47
1 333
1 943
1 1502
1 365
2 1346
1 403
2 1521
1 740
1 241
2 8
2 649
1 863
2 1028
1 582
1 938
1 436
1 662
2 500
1 864
2 244
1 739
2 582
2 1460
1 483
2 419
1 426
2 422
1 293
2 1065
2 434
1 692
2 735
1 957
1 645
1 715
1 1538
1 297
2 504
2 1061
1 1065
2 352
2 1504
2 275
2 45
1 1196
1 512
2 1077
2 775
2 1193
1 884
1 1493
1 477
1 746
2 1038
1 667
1 1324
1 1368
2 765
1 949
1 1408
2 972
1 15
2 115
2 158
1 146
1 1052
1 148
1 1530
1 1044
2 1231
2 660
2 940
1 753
2 1401
2 346
2 699
1 1548
2 535
1 274
1 113
1 1300
1 195
2 1055
1 350
1 1281
1 1446
2 838
2 779
2 966
1 789
1 1253
2 1121
1 881
2 654
1 1536
2 266
2 197
1 619
2 530
2 423
2 641
2 381
1 921
2 603
1 463
1 1238
1 359
2 1253
1 954
2 362
2 864
1 985
1 197
2 302
1 691
2 418
1 1528
1 748
2 928
2 1045
2 88
2 709
2 875
1 740
1 80
2 222
1 398
1 430
1 370
2 1366
1 1236
2 1518
2 1428
2 1074
1 94
2 1328
2 1464
1 49
2 1188
1 1026
2 103
1 1239
2 232
1 185
1 758
1 881
2 583
1 566
2 1240
1 272
1 1345
1 1100
1 1343
2 600
2 57
1 853
1 1099
2 409
2 1535
2 959
1 437
1 274
1 160
1 642
2 1515
1 1421
2 1031
2 1173
2 533
2 1265
1 1179
1 92
2 295
2 89
1 209
2 738
1 1492
1 589
2 1093
1 328
1 806
1 1152
2 722
2 993
2 664
2 1056
2 943
1 269
2 781
2 497
1 69
1 1486
1 1223
1 128
1 590
1 27
1 1234
1 275
2 455
1 1379
2 661
2 438
2 1156
1 331
2 656
2 318
1 829
2 143
2 1231
1 1263
1 1270
1 833
1 997
1 627
2 1317
1 734
2 527
2 1360
1 916
2 977
1 150
1 1174
1 1070
1 125
1 1146
2 768
1 687
2 207
2 1350
1 579
1 1449
1 1433
2 814
2 1410
1 1492
1 606
2 1076
1 315
1 713
1 628
1 1199
2 1512
2 1263
2 1516
1 979
1 1058
1 384
1 1225
1 498
1 870
2 859
1 1083
2 1129
2 1304
2 13
1 365
2 316
2 544
1 810
2 631
1 1087
1 290
1 565
2 1082
2 1054
1 1403
2 1128
1 914
1 140
1 507
1 319
1 837
2 142
1 1122
1 1096
2 570
1 978
2 1501
1 7
1 1200
1 161
2 1388
1 100
1 285
1 909
2 1119
1 1489
2 432
1 1529
2 1337
2 228
2 703
2 1185
2 1418
1 157
1 1150
2 904
1 205
2 1102
1 1334
1 394
1 839
2 1466
1 692
2 440
2 1149
1 1147
2 558
2 139
2 10
1 1411
2 370
1 1171
2 611
1 112
1 291
2 550
2 1221
1 1248
2 550
1 1212
2 938
1 696
2 560
2 1085
2 649
2 1396
1 1318
1 1376
1 96
1 142
1 1312
1 395
2 748
2 1448
1 11
1 1235
2 324
2 842
2 273
1 1214
2 126
1 789
1 455
2 250
2 1227
2 776
1 835
1 736
1 706
2 1248
2 559
2 1081
1 1533
1 1186
1 925
2 216
1 472
2 1069
1 742
2 1123
1 188
2 552
1 501
1 358
2 165
2 1234
2 240
1 501
2 950
2 387
2 1298
1 685
2 730
1 556
2 283
1 570
1 669
1 128
1 1470
2 1000
1 1243
1 325
1 818
1 1283
1 1162
1 992
2 306
1 104
1 917
1 1217
1 1410
1 538
2 1260
1 1478
2 355
1 1542
2 580
1 1099
2 1319
1 922
2 1426
1 95
1 851
2 494
1 1240
1 53
1 182
1 311
2 721
2 48
1 787
2 601
2 871
2 30
1 1160
2 439
1 120
2 380
1 243
1 782
1 567
2 1463
2 925
1 923
2 920
1 1399
1 688
1 1411
2 716
2 302
2 1512
1 383
2 530
1 1025
2 951
2 821
2 18
2 1169
1 387
2 192
1 704
2 1271
1 477
2 1077
1 701
1 941
2 1505
2 1510
2 114
2 1478
2 320
1 527
1 1479
2 1379
2 806
2 1321
2 1123
1 427
1 606
1 396
1 738
2 196
2 94
1 51
2 575
1 561
1 1063
1 193
2 338
2 753
1 14
2 185
1 1327
2 1315
2 554
1 246
2 293
1 443
2 138
2 5
1 717
2 1062
1 820
2 815
1 695
2 1090
2 253
2 1549
2 358
2 1502
1 1136
2 1016
1 768
2 889
1 1060
1 389
1 257
1 29
2 364
1 309
2 711
1 1102
2 654
2 759
2 135
2 399
2 189
2 482
2 1048
1 705
1 1344
1 660
1 314
1 1346
2 525
1 975
1 158
2 581
1 659
2 1431
2 805
2 551
1 130
1 1001
2 957
1 89
2 1436
1 388
1 329
1 156
2 1288
2 153
2 47
1 200
1 1357
1 857
1 1514
2 1142
2 1256
1 571
2 141
2 1172
2 392
1 1269
2 404
2 404
1 653
1 567
2 880
1 1484
1 1419
2 335
2 907
2 632
2 1010
2 262
2 1506
2 975
2 670
2 329
2 1546
2 164
1 1490
2 1252
2 1153
1 690
1 36
2 442
1 1259
1 743
1 1272
2 3
1 581
1 1531
2 865
1 407
2 1415
2 766
2 565
1 1191
1 897
2 1180
1 1190
2 1451
2 945
1 375
2 225
1 1260
2 1386
2 907
1 1026
2 623
1 55
1 1170
2 209
2 49
1 1339
2 679
2 48
2 120
2 693
2 161
1 1278
1 648
2 184
1 191
1 1211
2 611
1 1034
1 321
1 513
1 763
1 17
1 815
1 68
1 300
2 682
2 591
1 1287
2 542
1 1407
1 498
2 951
1 408
1 459
2 400
2 1168
2 540
2 1350
1 994
2 1195
1 1364
1 523
2 259
2 1277
1 336
1 267
2 1550
1 258
1 797
2 539
2 879
1 384
1 414
1 825
1 308
1 1455
1 1374
1 43
2 494
2 475
1 199
2 466
1 905
2 1011
1 723
2 488
1 774
1 111
2 415
1 1040
2 223
1 1523
2 99
2 1360
1 833
1 372
2 784
1 1483
1 1111
1 279
2 1445
1 1047
2 1380
2 1441
2 340
1 1531
2 698
1 693
2 388
1 830
1 558
2 910
1 299
2 264
1 612
1 1043
1 1162
2 1365
2 220
2 913
1 1073
1 932
1 1029
1 965
2 16
2 1097
1 704
1 160
2 276
1 1474
2 26
1 1239
1 108
2 1398
1 1279
2 376
1 1035
1 1335
2 1
2 1255
1 1221
1 1140
2 1543
1 1080
1 576
1 764
1 849
2 1151
2 1117
1 9
1 872
1 468
2 1437
1 974
2 612
1 891
2 1265
1 99
1 304
2 577
2 571
1 117
1 354
1 1143
1 288
1 919
2 249
1 1013
1 332
2 521
1 1041
1 931
1 1189
2 516
2 840
1 1046
1 1507
1 1416
1 1182
1 1437
1 994
1 407
1 245
1 486
2 669
1 1348
2 121
2 786
1 1452
1 401
1 444
1 624
1 230
1 1384
2 887
1 893
1 1016
2 633
2 21
1 385
2 483
2 1393
1 1415
2 446
1 375
1 50
1 379
1 1391
1 1295
1 364
2 807
1 849
1 751
1 584
1 417
1 1259
1 195
1 1224
2 860
2 148
2 708
2 1285
2 505
1 698
1 493
1 351
1 724
2 515
1 1151
1 1203
1 144
2 151
1 371
2 1510
1 551
1 1184
1 165
1 1138
2 1044
2 92
2 915
2 537
1 1167
2 116
1 747
1 129
1 933
1 84
2 152
1 1423
1 777
2 1389
2 1471
2 960
2 448
1 1020
2 1468
2 70
2 854
1 1332
2 694
1 890
2 133
2 136
2 607
2 1091
1 714
2 520
1 1359
1 222
2 1135
1 77
1 572
2 1395
2 959
2 1148
2 1314
2 456
2 712
2 630
1 1351
2 1120
1 522
2 39
1 876
1 1002
1 1067
1 1532
2 121
2 86
1 974
1 1547
2 85
1 119
2 741
1 363
2 1007
1 38
1 717
2 129
2 1251
1 543
1 1210
2 1127
2 1372
2 532
1 989
1 1271
1 1543
2 1097
2 1451
2 1352
1 342
1 967
1 1391
2 885
1 454
1 511
1 1457
2 1048
2 1163
1 16
1 852
1 1475
1 1078
2 509
2 300
1 102
1 1192
1 772
2 297
2 788
2 759
2 78
1 1126
2 1528
1 385
2 1040
1 946
2 1228
2 347
1 271
1 1039
2 996
2 1429
2 596
1 327
2 24
1 610
1 416
1 314
1 811
2 511
2 1061
2 1532
2 1479
1 202
2 45
2 1356
2 791
2 1032
2 766
2 708
2 749
2 281
2 106
1 1458
2 973
1 333
1 488
2 901
1 713
2 1179
2 46
1 170
2 744
2 663
2 1449
1 865
1 808
1 256
2 1358
2 549
2 1499
1 1508
2 412
2 1213
1 1371
1 870
1 285
1 270
1 109
1 1497
2 1541
1 795
2 250
2 506
2 966
1 317
2 1378
2 1035
2 610
1 976
1 205
2 127
1 1273
1 653
1 472
1 658
1 813
2 927
2 1209
2 739
2 613
2 646
2 451
2 803
1 225
2 859
2 586
1 697
1 224
1 1375
2 428
1 82
2 162
2 1215
1 1519
1 1356
1 1353
2 820
2 882
1 701
1 666
2 1160
1 1413
2 1524
2 402
2 1364
1 183
1 109
2 234
1 1428
2 1385
2 177
2 325
2 159
2 53
2 1355
2 1539
2 894
1 1110
1 782
1 171
2 914
1 112
2 1161
1 15
1 1009
1 1194
1 307
2 779
1 1363
1 1470
2 903
1 432
1 1155
2 391
2 90
2 1021
2 263
2 796
2 1079
2 695
1 858
2 330
1 1112
2 946
2 1247
1 609
1 1392
2 1166
2 181
2 531
1 681
2 433
2 1498
1 513
1 652
2 361
2 156
1 86
2 841
2 726
1 398
2 215
1 998
2 435
2 56
2 450
2 1229
2 1262
2 988
2 1093
1 288
2 1417
1 1545
2 891
1 510
1 219
1 646
2 1508
2 78
1 1328
2 884
2 1237
1 1133
2 481
1 1113
2 620
2 1381
2 1139
1 23
2 667
2 32
2 1329
1 1258
2 254
1 230
1 1084
2 1326
1 1488
2 1443
2 984
2 616
2 1293
1 1108
1 1316
2 880
1 800
2 996
1 793
2 988
2 337
2 24
1 339
2 1153
2 927
1 867
1 75
1 1343
2 1131
1 536
2 1453
1 1216
2 283
1 64
1 751
1 176
1 244
2 1525
1 968
1 732
2 592
1 1205
1 267
2 1060
2 1068
2 141
2 19
1 883
2 1036
1 1420
2 189
1 70
1 635
1 316
2 617
1 1037
1 421
2 212
2 1124
2 1245
2 790
2 746
2 730
1 400
1 277
2 1226
2 930
2 856
1 1425
1 1377
1 548
1 1072
1 484
1 34
2 1031
2 1367
2 1104
2 752
1 441
2 745
1 1345
2 822
1 640
2 983
1 423
2 1266
2 1454
1 785
1 793
1 845
2 123
2 1027
1 680
1 1456
1 485
2 1418
1 924
2 834
1 485
2 678
1 1400
2 1033
1 1402
1 317
2 436
2 1439
2 54
2 490
2 573
2 1404
2 183
2 684
2 756
1 908
1 694
2 1398
2 517
2 1096
1 1159
1 19
1 1332
1 658
2 1244
1 795
1 734
1 145
2 326
1 882
1 862
1 1375
2 680
1 1493
2 508
2 716
1 1383
2 134
1 1066
1 677
1 1537
1 469
1 1107
1 932
1 451
1 997
2 817
2 831
1 638
1 987
1 466
1 1450
1 555
1 1030
2 157
2 1223
1 260
2 460
1 626
2 990
2 1081
1 1000
1 279
1 163
2 234
2 602
2 593
1 618
2 999
2 791
2 97
1 191
2 1322
2 700
2 792
1 993
1 405
1 1285
2 1462
2 1023
1 42
2 1487
1 628
2 735
2 1267
1 422
1 1258
2 624
1 902
1 413
1 1352
1 1483
1 1249
1 330
2 930
1 1224
2 986
1 487
1 26
1 286
1 1247
2 131
2 1294
2 1052
2 1150
1 348
2 590
2 952
2 980
2 1246
1 573
1 821
1 707
2 424
1 1113
1 1290
2 190
1 635
2 1394
2 369
1 1277
1 1482
2 1073
1 1078
1 577
2 937
1 804
1 729
1 1444
1 969
2 198
2 1085
1 256
1 524
1 1496
1 868
2 1518
1 378
1 697
1 1266
2 873
2 200
1 457
1 1236
2 1362
2 1051
2 180
2 1292
2 803
2 171
2 187
1 980
1 554
2 534
1 486
1 1165
1 265
1 721
2 1495
1 733
2 714
2 529
1 206
1 1204
1 291
1 637
2 754
1 602
2 518
2 588
2 447
1 691
1 1325
1 1005
2 132
1 1358
2 962
2 671
2 465
1 1192
2 678
1 1066
2 460
1 133
2 1054
2 770
1 1163
1 1087
1 1481
1 368
2 340
2 767
2 1204
2 921
1 418
2 1504
1 199
2 892
1 801
1 4
1 605
1 522
1 790
1 268
1 1494
2 214
2 1257
1 1523
2 963
1 239
1 40
1 332
1 239
2 623
2 603
1 79
2 1465
2 1089
1 563
2 538
2 629
2 3
2 1341
2 794
1 255
1 390
2 1094
2 1230
1 7
2 1362
1 429
1 386
2 844
1 221
1 621
1 213
1 1464
1 246
2 533
2 1157
1 155
1 153
1 1317
1 457
1 101
2 1241
1 471
1 296
2 532
2 1284
2 1127
1 942
2 1414
1 1134
1 968
2 369
2 1414
1 251
2 428
1 257
2 231
2 948
2 1406
2 1186
1 236
2 1372
2 299
1 194
1 935
2 1466
1 1293
1 814
2 63
1 509
1 1050
1 657
2 818
1 203
1 107
1 868
1 1012
2 373
2 805
1 1057
2 154
1 1331
1 1491
2 1374
1 429
1 453
2 898
1 322
2 827
1 1427
1 456
1 982
2 144
2 1344
1 1455
2 313
2 634
1 353
1 1390
2 1275
2 1287
2 569
2 71
1 138
2 1103
1 1134
2 1459
1 894
1 655
1 757
2 1094
2 480
2 939
1 836
2 777
2 537
1 561
2 1396
2 1019
1 1051
2 937
1 1006
2 371
1 335
1 1431
2 1107
2 587
2 447
1 1227
2 885
2 824
2 722
1 1342
1 1027
2 59
2 1177
1 28
2 247
2 647
1 1039
2 11
1 944
1 749
2 991
1 1209
2 631
1 836
2 465
1 1409
2 1071
1 475
1 289
1 446
1 940
1 750
1 826
1 14
2 1106
1 312
1 955
1 1187
2 547
1 64
2 967
1 1289
1 402
1 1225
2 65
1 809
2 233
1 771
1 1291
1 20
1 1007
1 145
1 298
2 1477
2 484
2 547
1 1273
2 626
1 1202
2 597
1 1008
1 536
2 319
2 394
2 933
1 52
2 1305
2 1440
2 229
2 193
1 728
2 1140
1 298
1 614
2 454
2 503
1 1042
2 376
1 1191
1 378
2 168
1 104
1 784
2 844
2 273
1 562
2 367
1 65
1 287
2 1129
1 1114
1 1176
1 822
2 13
2 1206
2 449
1 715
2 363
2 1447
1 1546
1 115
1 765
2 760
1 546
2 923
2 926
1 645
2 835
1 131
2 149
2 831
2 771
1 546
2 515
1 179
2 775
2 132
1 1256
1 928
2 426
2 159
1 1473
2 807
2 301
1 1168
2 1486
1 476
1 668
2 1001
1 801
2 1046
1 1017
2 778
1 661
1 489
1 586
1 1219
2 1461
1 367
1 168
2 644
2 875
1 1261
2 392
1 642
2 54
1 83
1 1010
2 496
2 1517
1 1509
1 888
1 1334
2 1299
1 1395
2 1101
1 489
2 867
1 231
1 641
2 1043
1 25
2 25
2 726
2 958
2 743
2 514
2 568
1 542
1 1141
2 380
1 184
1 1246
1 895
1 1503
2 1181
1 122
1 709
2 613
2 1232
2 1310
1 1370
2 983
2 1340
2 700
1 1166
1 816
2 29
1 1103
2 1050
2 1232
1 1434
1 147
1 783
1 169
1 688
2 819
1 1304
2 1514
2 1059
1 108
2 1136
2 710
1 180
1 1475
1 725
1 964
2 1194
1 1206
1 727
1 1301
1 889
1 1306
1 1473
2 918
2 345
1 479
1 1167
2 1540
1 850
2 354
1 1125
1 1333
2 341
1 643
1 1144
1 67
2 812
1 1342
1 1143
2 1158
2 1442
2 1182
2 599
1 1003
1 1297
2 1154
1 124
2 471
2 1145
1 147
2 633
1 858
1 1122
1 71
1 1243
2 979
2 625
2 846
2 981
2 1173
2 122
2 366
2 151
1 874
1 619
2 664
2 137
2 1369
2 73
1 1341
1 696
2 878
2 72
1 1230
1 809
1 411
2 190
2 342
1 1329
2 1205
2 304
2 990
1 773
2 1
2 942
2 1320
1 981
2 1421
1 22
2 1115
2 1423
1 1220
2 406
2 731
1 1481
2 227
1 772
1 729
2 20
1 1520
2 1184
1 172
1 1359
2 873
1 1152
1 175
1 266
2 1216
2 953
2 1402
2 585
1 523
2 679
1 480
1 59
2 747
1 1172
2 1403
2 526
1 1338
1 1138
1 1465
1 1535
1 857
2 534
1 827
2 1320
1 595
1 6
1 218
1 1210
2 1458
1 1145
2 1429
1 347
2 1422
2 871
1 87
2 1424
2 175
2 1433
1 683
2 241
1 1419
1 953
2 588
1 449
1 1300
1 934
2 1381
2 203
1 85
1 985
1 1435
2 294
1 758
1 1297
2 278
2 575
1 614
2 118
2 549
1 320
1 672
1 568
1 105
2 42
1 1500
2 1550
1 51
1 665
1 280
2 27
2 1513
2 1393
1 850
2 1438
2 1537
1 31
1 237
2 328
1 221
1 470
2 1288
2 757
2 22
2 206
2 490
1 468
1 271
2 877
2 1315
2 170
1 377
1 1527
1 270
2 846
1 35
2 508
2 1407
2 1310
1 837
1 1430
1 261
2 143
1 356
2 251
2 178
2 95
2 578
2 344
1 476
1 854
2 1023
2 105
1 211
1 663
2 843
1 366
2 44
1 1313
2 1313
2 1036
1 1542
2 1319
1 125
2 1296
1 303
2 442
1 1235
2 421
1 1197
1 787
2 238
1 1124
1 351
2 445
2 66
1 741
1 167
1 1082
2 1198
2 372
2 130
1 557
2 1282
2 228
2 339
1 1435
1 252
1 591
2 869
2 1412
2 1157
1 1154
1 1175
1 690
1 883
1 497
1 386
1 703
1 593
1 866
1 1181
1 838
1 1438
1 887
1 524
1 960
1 1185
2 414
1 38
1 521
1 23
1 1500
2 1121
1 417
2 510
1 860
1 1474
2 194
1 258
2 829
2 1368
2 1261
2 93
2 110
1 458
2 1430
2 911
1 1005
1 998
1 396
1 816
2 592
1 1130
2 1064
1 915
1 441
1 17
1 443
1 1505
1 832
2 728
2 66
1 5
2 812
2 636
1 824
2 585
2 31
1 74
2 866
2 1354
2 1199
1 178
1 579
1 608
2 1450
2 1112
1 1324
2 841
2 1355
1 232
1 780
1 909
1 1198
1 410
2 958
2 1222
2 1529
1 1252
1 1241
1 1333
1 1200
2 913
1 1211
1 269
1 720
1 684
2 135
1 202
2 752
1 1515
2 1452
2 492
2 756
2 220
1 1037
1 1404
1 435
2 888
1 1480
2 545
1 528
2 1117
2 1131
2 995
1 152
1 1538
1 390
2 229
1 101
1 1217
2 553
2 1445
1 764
1 566
2 1511
1 788
2 343
1 810
2 312
2 318
1 192
2 1128
2 166
2 1062
2 292
2 1521
2 235
2 1308
1 1132
2 869
1 557
1 445
2 1114
1 1369
2 113
2 381
1 62
2 1120
1 924
1 1116
2 439
2 1425
1 1436
1 1092
2 1406
1 393
1 702
2 945
2 208
2 1233
1 1427
1 452
2 362
2 1189
2 901
2 77
2 37
1 978
2 655
1 632
1 762
2 629
1 1049
1 338
1 682
2 876
2 82
1 1268
1 1282
1 1347
2 61
1 1286
2 397
1 1164
2 262
2 596
2 1267
2 615
2 562
1 919
1 1336
1 434
1 1021
2 929
1 1095
2 1513
1 598
1 149
2 1281
1 311
2 852
1 1471
2 934
1 597
1 848
1 503
2 572
2 123
1 107
1 1314
2 1105
1 1349
2 890
1 1130
1 437
1 1432
1 1501
1 163
1 1017
2 438
2 217
2 1441
1 1080
1 215
1 1197
1 1347
2 861
1 1530
2 118
1 127
2 687
2 461
1 356
2 1014
2 899
1 1516
2 563
2 1460
1 1064
1 622
1 1370
1 906
1 1072
1 1175
1 21
1 1119
2 1302
1 236
1 936
2 1196
2 1353
1 514
1 261
2 462
2 949
1 920
2 96
2 499
1 1326
1 540
2 900
1 495
2 1264
1 671
1 622
2 12
2 723
1 986
2 1544
1 961
1 1467
2 461
1 598
2 1161
1 742
2 87
1 391
2 217
1 802
2 1264
2 944
1 799
1 43
2 303
1 1312
1 155
1 1024
1 1323
2 855
2 727
1 1378
2 91
1 706
1 433
1 1534
2 897
2 686
1 1382
2 926
1 1141
1 828
1 594
1 259
2 755
2 609
2 91
1 965
1 467
1 93
2 750
2 1526
2 1135
1 638
2 1405
2 600
2 1254
2 904
1 411
2 670
2 349
1 712
2 1408
2 808
2 1469
2 97
2 1517
2 243
1 1244
2 578
1 878
1 1519
2 1446
2 327
1 1308
2 167
1 1499
2 1390
2 1207
2 1299
2 773
2 518
1 1534
2 1187
1 260
1 67
1 1139
2 507
1 541
1 896
2 1257
1 462
1 1125
2 519
1 1144
1 1116
1 212
1 1008
1 103
2 247
1 1354
1 964
1 313
2 374
1 736
1 348
2 601
1 81
2 406
1 254
1 1098
1 1434
2 1302
2 100
1 383
2 58
2 544
2 1149
1 918
1 204
1 971
2 1330
2 941
1 1527
2 58
1 37
2 1385
1 1137
1 936
1 672
1 1053
2 639
2 1331
2 1147
2 1420
1 970
2 799
2 848
2 935
1 336
2 1303
2 72
2 1388
2 32
2 662
2 861
2 616
1 1485
2 296
2 1549
2 636
1 81
2 344
1 284
1 208
1 1250
2 1095
2 308
2 569
2 277
2 718
2 353
2 589
2 33
1 140
1 584
1 1453
1 245
2 76
2 124
2 1118
2 55
2 800
2 286
2 1268
1 502
2 689
1 1183
2 420
2 1387
1 162
1 116
2 898
2 188
2 1442
1 280
1 427
1 69
2 343
2 1295
1 1480
1 30
1 1018
2 41
2 1013
1 517
2 724
2 248
1 74
2 912
2 650
1 528
2 916
1 564
2 290
1 948
1 1533
1 847
2 424
1 60
2 526
1 226
2 470
1 401
1 263
2 405
2 399
1 719
2 895
2 651
2 431
2 1349
1 699
2 1490
1 301
1 452
1 1083
2 896
2 625
1 576
1 1422
2 224
2 1327
2 761
1 46
1 1014
1 604
2 1020
1 847
1 1548
2 555
2 1485
2 1371
1 1213
1 1413
2 98
2 823
2 1193
2 541
1 1015
2 75
1 1202
2 627
1 1137
2 1363
2 512
2 1498
1 1311
1 201
1 574
2 219
1 1075
1 463
1 481
2 718
2 1399
1 464
2 272
2 1029
1 1294
2 1212
2 686
2 1412
2 1376
2 853
1 238
2 604
1 991
2 1545
1 560
2 174
2 1126
2 886
1 10
2 187
1 268
2 292
2 683
2 1274
2 2
2 1416
1 1482
1 995
2 1380
2 826
2 525
2 467
2 1105
1 1280
1 1339
2 1074
1 397
2 1397
2 1034
1 839
2 908
1 448
1 556
1 651
2 412
2 210
2 357
1 1229
1 478
1 1520
1 673
1 643
1 1250
1 899
2 1233
1 1045
1 798
1 605
1 1361
1 608
2 1272
1 310
2 360
2 1049
1 956
1 675
1 102
1 90
1 213
1 1058
1 458
1 425
2 410
1 1018
1 1503
2 440
2 618
1 710
1 1298
2 504
2 249
1 1148
2 1306
2 1170
1 496
2 969
2 18
2 56
2 166
1 762
2 36
2 4
2 1237
1 1280
1 146
2 1075
2 1443
1 119
2 1522
1 98
2 811
1 1476
2 982
2 500
1 840
2 1218
1 1307
2 126
1 1457
1 1275
1 583
1 110
1 431
1 1226
1 905
1 665
2 956
2 1468
2 798
2 1071
2 282
2 76
1 240
2 487
2 1109
1 1525
2 1003
2 179
1 1041
1 1489
1 987
1 1289
2 491
2 373
1 1262
1 1424
2 306
1 1214
2 732
2 792
2 1311
2 1047
2 174
2 676
1 323
1 1495
1 1165
2 350
2 725
1 872
2 264
2 955
1 1274
1 474
2 1106
2 1301
1 637
1 106
2 1201
1 1522
1 675
1 539
2 620
2 357
2 88
1 1076
2 1022
2 242
1 720
1 1180
2 136
1 1316
2 984
2 1033
2 346
1 1222
2 774
2 652
2 50
1 1156
2 1506
2 322
1 1032
2 294
1 711
2 1401
2 617
2 520
2 529
2 39
1 763
1 1208
1 1524
1 1070
1 1488
1 403
1 430
1 33
2 1432
1 1228
1 1004
2 425
2 493
2 334
1 1496
2 676
1 242
1 1541
2 794
2 823
2 666
1 1088
2 201
2 1091
1 1292
1 1158
1 315
1 111
1 1276
2 1053
1 1159
1 60
1 1286
1 1110
2 474
1 63
2 1002
2 813
1 543
2 845
2 1220
2 1009
1 1463
2 874
2 1104
1 819
1 223
2 1321
2 1507
2 34
1 1477
1 834
1 207
1 216
1 326
1 164
2 1357
2 1467
1 6
1 1469
2 825
1 1283
2 668
2 917
1 545
1 62
2 972
1 992
2 1006
2 1270
1 767
2 855
1 1444
2 248
1 1325
1 1472
2 1218
2 491
1 352
1 73
2 186
2 1208
1 172
1 1190
2 548
2 989
1 186
1 552
2 1494
2 368
1 361
2 1101
1 1284
1 1290
2 1100
1 760
2 305
1 1476
1 1526
1 1178
2 961
2 1201
1 1400
2 114
1 176
1 218
2 1307
2 634
1 1405
1 1373
2 1219
1 8
2 321
2 733
2 237
2 324
1 40
2 911
1 1108
2 1242
2 769
1 1377
1 473
1 255
2 1133
2 1269
2 1384
2 204
2 173
2 1038
1 139
2 785
1 505
2 587
2 134
1 744
2 970
1 2
1 879
2 482
2 154
2 737
2 832
1 781
1 769
1 531
2 413
1 117
1 1536
2 786
2 1335
1 851
2 648
1 469
1 1383
1 856
2 1025
2 1084
1 1015
1 963
2 962
1 1098
2 802
1 1361
2 1174
2 473
1 360
1 1448
2 1309
1 1011
2 737
2 947
1 334
1 1030
2 1089
1 278
1 393
1 910
1 355
2 902
1 310
1 444
2 337
2 12
1 977
2 1207
2 1540
1 1215
1 478
2 377
1 685
2 1409
2 828
2 574
2 1111
1 659
1 912
2 1169
2 656
2 971
1 1459
1 1456
2 1426
1 1067
1 657
2 1487
2 621
1 252
1 973
1 1146
1 295
1 681
2 1042
1 1068
1 1367
1 331
1 345
2 1539
1 61
1 210
1 674
1 719
1 783
1 1251
2 1337
2 702
2 1171
1 1336
2 1461
2 761
1 1012
1 235
1 35
1 1055
1 1417
2 929
1 519
2 1447
1 1176
2 1394
