3600 3500
1 776
1 87
1 1742
2 657
1 1570
2 419
1 681
2 605
2 18
1 224
2 662
2 1553
1 1389
2 1326
2 140
2 361
2 333
1 1602
1 1224
1 329
1 472
2 1223
1 1382
1 854
1 830
1 1562
1 791
1 611
2 1169
1 735
2 828
2 91
1 161
2 1353
2 919
2 607
1 1145
2 1309
1 1118
1 708
1 1799
2 1338
1 498
2 646
1 1018
2 132
2 800
2 1520
2 990
2 240
2 1247
1 1262
2 1352
2 494
2 1746
2 420
2 1424
1 1694
1 978
1 375
1 1680
1 1328
1 589
1 556
1 897
1 1619
1 575
2 553
1 352
1 283
2 1455
2 406
2 374
1 746
1 303
1 1148
1 957
2 1064
1 949
1 1755
1 1285
2 1276
2 1596
2 457
2 427
2 1297
1 1275
1 1279
1 245
1 1351
1 319
1 645
2 1614
2 840
2 1472
2 167
1 621
2 687
1 77
1 1741
1 1501
2 138
2 1723
1 1572
1 653
2 587
2 1320
1 1186
1 1443
1 974
2 1591
1 1366
1 1150
1 1209
2 1054
2 1552
1 766
1 1348
1 1371
2 474
2 272
1 965
2 1611
2 1240
2 829
2 1509
2 670
2 1418
1 595
2 1270
2 316
2 1219
2 742
1 1264
2 1564
2 1554
1 411
1 589
1 210
1 1303
1 252
2 1477
2 1078
2 800
2 290
1 777
1 1764
2 1235
1 1307
1 775
2 622
1 1549
1 1799
2 1012
1 489
1 1132
1 1338
2 1606
2 123
1 569
1 910
1 235
1 515
1 285
2 1300
2 234
2 1065
1 1039
1 219
2 574
2 338
1 317
2 1476
1 1224
2 738
1 1517
2 348
2 133
1 1791
2 1571
1 503
1 785
2 1269
2 1341
1 678
1 1724
1 1782
1 526
2 512
1 1155
1 525
2 965
1 1131
1 532
1 1072
1 195
1 1179
2 1348
2 658
2 684
1 818
2 1686
1 1757
2 1581
2 511
2 1539
2 1402
2 744
1 1583
1 665
1 990
1 1663
1 844
2 1140
2 1045
2 820
2 1398
1 801
2 246
2 447
2 146
1 1063
2 1609
1 473
2 230
1 1170
1 654
2 98
1 754
2 529
1 1645
2 727
1 1036
1 268
1 1110
1 382
1 1666
1 748
2 959
1 282
1 1134
1 922
2 888
2 514
2 120
2 513
2 220
1 48
1 1268
1 1236
1 125
2 556
2 409
2 1183
2 900
1 914
1 668
1 1383
2 1156
1 1622
1 1359
2 908
1 1580
2 1489
1 1689
2 594
2 885
2 1153
1 991
1 1642
2 295
2 422
1 298
2 1478
2 1277
2 668
1 340
2 1268
2 1028
2 293
2 367
1 1788
2 1216
2 185
2 809
1 1524
2 1730
2 132
1 486
1 532
2 41
2 1422
1 570
2 590
1 1203
2 1332
1 450
2 972
2 1681
1 20
2 974
1 798
2 753
1 435
1 135
2 1322
2 449
1 1171
1 1282
2 858
1 408
2 71
1 939
2 1451
2 1370
2 812
1 756
2 938
2 649
1 1344
2 769
2 919
2 969
2 355
2 1278
1 846
1 591
1 141
1 1578
1 82
1 1556
1 969
2 223
1 968
2 951
1 1757
1 81
2 1305
2 183
2 455
1 855
1 568
2 1756
2 441
1 1403
2 1737
1 1677
1 208
2 1457
2 1239
2 1126
2 62
2 798
1 701
2 803
2 379
1 1190
1 627
2 309
1 225
1 1094
2 17
2 558
2 862
1 569
2 1101
2 1285
2 305
1 1751
1 1650
1 229
1 1404
1 943
1 287
2 767
2 1423
1 935
1 430
1 360
1 1419
2 1208
2 321
2 1621
2 799
2 552
2 1626
2 559
1 583
1 534
2 1690
1 1623
2 212
2 1545
2 1214
2 1124
2 899
1 1228
2 137
1 1678
1 90
2 1021
2 244
2 539
1 666
1 322
1 95
2 1727
1 88
2 1636
2 598
1 901
2 848
2 230
1 289
1 1490
1 513
2 1187
1 1429
1 682
2 836
1 1406
2 1360
2 367
1 529
1 1181
2 543
2 1557
2 612
2 611
1 1119
2 314
2 1535
2 256
2 1800
1 1259
2 711
2 1222
1 348
2 1785
2 884
2 750
2 797
1 628
1 1356
2 87
2 114
2 40
2 501
1 99
1 372
1 361
2 1701
1 357
2 1769
2 924
1 13
1 1325
1 1652
2 413
2 1392
2 237
1 100
1 743
2 1385
1 1193
1 156
2 1483
2 1131
2 1465
1 93
2 1053
2 890
2 1390
2 1660
1 442
1 898
1 106
1 1587
1 1038
1 1643
1 1716
2 257
2 1552
1 1633
1 1559
2 1005
1 1292
1 889
1 1408
2 490
2 1739
2 318
1 257
1 1289
2 57
2 1010
1 33
2 232
1 1154
2 1065
2 307
2 641
1 522
2 22
2 1427
2 426
2 1409
1 888
2 1540
2 79
1 950
2 1386
1 1362
1 107
2 731
1 647
1 861
2 1310
2 1311
2 1624
2 241
2 702
2 1339
2 690
1 1000
2 1683
2 1573
1 269
1 341
2 651
2 1756
1 1046
1 1208
1 1151
1 1040
1 1497
2 438
2 182
2 1513
2 838
2 1461
1 1082
1 1034
2 771
2 1503
1 1674
1 483
2 1260
1 100
2 463
2 980
2 1126
2 332
1 631
2 1197
2 929
2 520
1 998
1 1650
1 701
2 1182
2 119
1 129
1 907
2 1788
1 1406
2 895
2 794
2 57
2 1291
2 494
1 115
1 1287
2 1735
2 113
2 1098
1 548
2 1659
1 1212
2 1050
2 696
1 1107
1 499
1 1057
1 1086
1 447
1 917
2 695
1 365
1 1209
2 1161
1 897
1 1780
2 1025
2 1299
2 248
2 1204
2 779
2 1254
2 174
2 25
1 171
1 667
1 1359
2 1417
1 1625
2 1538
2 1798
2 868
1 561
1 1789
1 1327
1 714
2 1684
2 1510
1 1505
1 1016
1 219
2 1412
1 1121
2 1786
1 1586
2 1162
2 1234
1 1362
2 1056
1 1496
2 59
2 229
1 15
1 282
2 1199
2 833
2 784
2 1185
2 1641
1 1558
1 1090
2 1779
2 292
2 982
1 633
1 903
2 414
2 465
1 927
1 772
1 1692
2 480
2 417
2 180
2 1284
1 1331
2 796
1 1280
2 1751
2 52
1 182
1 1723
1 93
1 74
1 1649
1 1253
1 1334
1 1081
1 599
1 38
1 1032
2 299
2 1297
1 144
1 51
2 1022
1 757
1 127
1 643
1 639
1 1387
1 383
1 871
1 1706
2 1598
2 1213
1 1234
1 1203
2 380
1 1173
1 200
2 327
2 1708
2 375
1 2
1 1349
2 941
1 723
2 628
2 596
2 471
2 1579
1 503
1 1519
2 1738
1 1506
2 640
2 609
1 1785
2 1512
1 1368
2 1015
2 399
1 116
1 981
2 1344
1 780
2 456
2 695
1 1237
1 737
2 474
2 606
1 412
1 27
1 1094
1 216
2 315
1 342
1 221
2 1710
2 1017
2 398
2 1709
1 1046
2 878
2 454
2 1380
2 111
2 856
1 1345
2 210
2 1691
2 1491
1 1186
1 336
2 1490
1 184
2 664
1 19
1 79
1 1198
2 1745
2 1745
2 53
1 748
1 1733
1 201
2 203
2 1180
2 827
1 477
2 1437
1 1294
1 1588
1 162
2 976
2 73
1 36
2 733
2 986
1 103
1 892
1 272
1 1569
1 243
2 1511
2 1732
2 131
2 948
2 1206
2 675
2 170
1 140
1 727
1 971
2 573
2 1152
2 1199
1 613
2 372
1 461
2 585
1 821
2 75
2 1063
1 601
1 1522
1 279
2 1731
1 188
1 1524
1 1263
1 502
2 470
1 94
1 1508
2 113
1 347
2 1247
2 199
1 154
1 378
2 918
2 656
2 1777
1 1141
2 1346
1 728
1 1225
2 1729
1 1381
2 1098
2 61
2 1715
1 960
1 263
1 1535
2 689
1 225
1 989
2 434
1 1099
1 618
1 1252
1 29
2 1124
2 1612
2 390
2 511
1 1237
2 683
2 805
2 602
1 1076
2 108
1 120
2 1729
1 693
2 1481
1 415
2 251
1 1061
1 1047
2 176
2 30
2 881
1 1383
2 1679
1 1039
1 710
2 296
1 525
1 395
2 479
2 1376
2 1000
1 1566
2 1471
2 1453
1 143
1 781
1 1364
1 412
1 1768
1 1218
2 1172
1 615
2 203
2 144
2 1444
2 1744
2 817
2 828
1 865
2 1004
2 1676
1 1460
1 1140
2 1375
2 383
2 334
1 1122
2 1061
2 198
1 924
1 1011
2 34
1 674
2 720
2 1071
1 122
2 535
1 1014
2 1654
2 77
2 175
2 418
2 1353
2 170
2 308
2 1071
1 933
2 1597
1 981
1 86
1 842
1 214
1 849
2 51
2 58
2 1702
1 3
1 679
2 1428
2 1401
2 1466
1 1012
1 1153
1 1367
1 1133
1 1005
2 1424
1 884
2 1468
1 169
1 1603
1 185
2 576
2 52
2 1276
1 66
1 905
2 673
2 1638
1 177
1 1174
2 1211
1 1787
2 1469
2 1713
2 1284
1 1160
2 1662
2 1363
2 1064
1 1554
2 1340
2 128
1 932
1 241
1 1068
1 765
1 1354
2 339
2 21
1 1373
2 356
2 997
1 617
1 425
1 300
2 1647
1 789
1 1673
2 1183
1 1084
2 1286
2 736
1 1423
2 1604
2 1561
1 1261
1 308
2 691
2 1439
2 1618
2 970
1 985
1 1557
2 1251
2 1122
1 133
1 537
1 671
1 1391
1 1280
1 266
1 1492
2 871
2 1201
1 1563
1 624
1 1027
2 337
2 889
2 1
2 1684
1 1007
2 456
1 275
2 946
1 621
1 762
2 999
2 1789
1 1343
1 993
2 1626
1 387
1 301
1 823
2 187
1 911
1 593
2 540
2 680
1 538
1 911
1 44
2 1050
1 435
2 1422
1 1394
2 1198
1 804
1 275
1 1031
2 916
2 224
1 190
1 694
1 1581
1 1059
2 1302
2 1060
1 1159
2 681
1 1009
2 1217
1 707
1 432
1 663
2 669
1 368
2 1461
1 1130
2 1321
2 713
2 1222
1 934
1 1045
2 153
2 1704
1 65
1 1610
2 123
2 370
1 6
2 1628
2 466
2 516
2 173
1 427
2 500
2 772
1 788
1 1239
1 250
1 709
1 1322
1 1332
1 703
2 106
2 209
2 809
2 996
2 1518
1 1407
2 82
1 1253
1 274
2 1688
2 1622
1 612
2 1246
2 1615
2 1665
1 167
2 1661
1 767
1 699
1 1673
2 1194
1 783
1 670
2 403
2 1738
1 469
2 587
2 906
2 1520
2 1671
1 330
1 1712
2 1008
1 175
2 499
2 693
1 1009
1 284
2 1187
1 328
2 1420
2 299
1 750
2 433
1 368
2 38
2 549
2 437
1 1215
2 1487
1 1491
1 916
1 1217
1 1725
2 1586
2 1219
2 860
2 1287
1 429
2 1052
1 717
1 1692
1 1161
2 134
1 655
1 936
1 1726
2 1333
2 309
2 677
1 1617
2 1307
1 1760
2 571
2 1677
2 520
1 137
1 1136
2 657
1 211
2 1037
1 1671
2 1560
1 101
1 359
1 507
2 96
2 1633
2 253
2 310
2 1618
1 853
2 1776
1 1077
1 1582
1 43
2 802
1 698
1 1467
2 1590
1 501
1 1017
1 178
1 885
2 983
1 524
1 807
2 1130
2 68
1 1608
2 1493
2 1095
2 1057
1 1080
2 1164
1 1022
1 1157
1 1425
1 1486
1 1753
1 880
1 770
2 105
2 1794
1 1029
1 1192
1 1221
2 617
2 770
2 1652
2 1111
2 768
2 142
2 1048
1 385
2 158
2 488
1 1103
1 1451
2 1029
2 1271
1 825
1 986
2 1120
2 1525
1 586
2 1589
1 306
2 846
1 1649
2 531
2 1149
2 73
1 462
1 1610
1 85
1 764
2 973
1 1541
1 1772
1 260
2 1171
2 973
1 262
1 869
1 164
1 150
1 928
1 1670
2 1340
2 207
2 1447
1 1274
1 196
1 1700
1 19
2 407
1 424
2 1369
2 1630
2 857
1 355
1 83
2 206
1 1011
2 554
1 671
2 508
1 1296
1 1207
1 1484
2 18
2 1010
2 915
1 1308
2 1231
2 469
2 231
1 666
2 196
2 1476
1 814
1 61
1 1593
2 154
1 1384
1 10
2 1271
1 1147
2 1397
1 635
1 538
2 842
2 527
1 1335
2 1255
2 943
1 1634
2 202
2 1495
2 1223
2 362
2 143
2 370
2 15
2 594
1 1705
1 1072
2 1416
1 1499
1 1302
1 937
2 972
1 11
2 378
2 26
1 135
1 566
1 391
1 887
2 1206
2 537
2 228
2 1526
1 42
2 64
2 905
2 517
1 550
1 1752
2 1378
2 326
2 286
1 1123
1 404
2 623
2 1588
1 703
2 1698
2 807
2 80
1 534
1 1601
2 509
2 1636
2 769
1 180
2 1539
2 1392
1 1716
1 1452
2 459
1 1655
2 431
1 1079
2 1760
2 898
2 252
2 1551
1 1259
2 822
2 555
1 320
1 1248
2 1372
1 580
1 102
1 172
2 1739
2 159
1 344
1 1797
2 1315
2 121
2 1014
1 964
2 1484
2 212
1 1267
2 739
1 122
1 1758
1 463
2 1472
1 50
1 236
2 620
2 1405
2 782
1 890
1 1336
1 847
2 356
2 496
2 1043
1 1261
2 47
1 1475
2 625
1 1168
2 1442
2 1793
2 1042
1 870
1 1286
1 261
1 852
2 1303
2 1550
1 649
2 994
1 1665
1 1241
2 260
1 251
1 109
2 1762
1 1603
2 875
1 979
2 340
1 452
2 1750
1 1304
1 1445
1 429
1 1243
2 450
2 160
1 1521
2 1412
2 1086
2 712
2 1382
1 586
2 1257
2 148
2 1657
2 110
2 1643
1 420
1 1354
1 939
2 1228
1 567
1 199
2 1482
1 1661
2 249
1 177
1 217
1 242
2 791
1 1749
1 124
2 1653
2 633
1 1497
1 1459
1 845
1 1521
2 1712
1 1351
1 1567
2 1478
1 610
1 465
1 364
2 313
2 942
1 1040
2 1414
1 1216
2 354
1 832
1 1762
2 136
1 1105
1 1313
1 533
2 1464
2 568
1 389
2 577
2 446
2 751
1 166
2 1361
2 858
2 1543
1 274
2 1135
2 218
1 783
1 1374
2 699
1 265
1 629
1 2
1 107
1 637
2 661
1 76
2 112
1 28
2 755
2 1689
1 449
1 793
1 651
1 891
1 55
1 1233
1 656
1 1714
2 909
2 697
2 1115
2 815
2 401
2 489
1 1532
2 1129
2 325
1 763
2 1290
1 535
1 524
1 222
1 1
1 768
2 165
2 1411
1 753
1 749
1 725
2 565
1 227
1 1715
2 277
1 1298
2 1721
2 1528
1 1562
2 88
2 1480
2 1753
1 801
1 41
1 1377
1 181
1 1104
2 1060
2 592
2 1514
1 104
1 28
1 646
2 1471
1 947
2 1240
2 644
1 1070
2 189
1 605
2 1395
2 702
2 395
1 1688
2 300
2 1778
1 1432
1 588
2 331
1 1735
1 1225
2 542
2 819
1 933
2 1282
1 1746
1 37
2 971
1 414
1 279
1 376
2 652
1 1447
1 1128
1 195
2 207
2 688
1 338
2 477
2 721
2 1149
2 1600
1 333
2 1117
1 233
1 1624
2 608
1 1090
1 248
2 1255
1 1608
2 1591
2 1213
1 1163
2 1395
2 1479
1 792
2 1025
2 415
1 1251
1 922
1 359
1 1449
2 1502
1 778
1 116
2 439
1 191
1 1189
2 1152
1 1728
2 1400
1 1007
1 153
1 868
1 39
2 92
2 1151
2 491
1 1441
2 1747
2 1033
1 508
2 1436
2 63
1 202
2 1263
1 817
1 1548
2 183
2 1619
2 1670
1 67
1 786
2 625
2 240
1 982
1 1791
2 1500
1 491
1 1437
2 1559
1 1200
1 384
2 278
2 784
2 1765
2 506
1 416
2 519
2 883
2 1446
2 357
2 346
2 1555
2 836
2 593
1 1405
2 1221
1 1238
1 1001
1 1470
1 1565
2 592
1 1127
1 1272
2 1003
2 804
2 1448
2 403
1 895
1 1644
2 1515
2 304
1 1666
2 1455
1 789
1 1602
2 994
1 581
1 1719
1 310
2 504
2 373
1 856
2 941
2 305
1 363
2 857
1 1487
1 950
1 1726
1 947
2 1594
1 75
1 580
1 864
2 1089
1 215
2 1317
1 527
1 830
1 197
1 1463
2 1321
2 146
1 1669
2 130
2 961
2 1137
2 155
1 536
1 421
1 1499
2 764
1 736
1 1492
1 966
2 995
1 440
1 164
1 1494
1 614
1 708
2 554
2 1077
2 17
1 557
2 328
2 184
1 1672
1 326
2 475
2 940
1 1761
2 1538
1 385
2 12
2 458
1 1742
2 1534
2 1245
1 853
1 566
2 1144
1 247
1 486
1 705
1 296
1 1468
2 719
1 172
1 1555
1 1747
1 14
1 548
1 677
1 843
2 410
1 1585
1 1647
2 459
2 35
1 843
2 1232
1 1291
2 56
2 289
2 1176
1 1654
1 1008
2 1147
2 824
1 1073
1 1631
2 228
1 839
1 802
1 1616
1 1168
2 512
1 1513
1 1543
2 1196
1 960
1 497
1 968
2 69
1 588
2 249
2 1093
1 861
1 540
2 906
2 26
1 579
2 855
1 724
2 874
2 1772
2 687
1 1459
1 1137
1 1386
2 630
2 685
2 576
2 1053
2 629
2 1212
2 193
1 562
1 54
2 979
1 1660
2 318
1 351
1 239
1 1419
2 1256
1 1542
2 24
2 555
1 1015
1 16
1 1522
1 1179
2 641
2 650
2 445
1 616
2 536
2 984
2 731
1 700
1 523
2 912
2 746
2 505
2 1627
1 640
2 1075
2 1044
2 329
1 733
1 453
1 515
2 505
1 401
1 1774
2 1202
1 840
1 392
1 1004
1 734
2 250
2 44
1 1250
2 551
1 60
2 314
1 553
1 213
2 1565
2 787
1 970
2 1579
1 1607
2 1375
1 1662
1 557
2 1526
2 945
2 1790
2 878
2 1769
1 758
1 635
1 573
1 838
1 987
2 1567
1 1324
1 781
2 1495
1 549
2 139
1 757
1 977
2 1178
1 1075
2 1613
2 136
2 835
2 704
2 406
2 1158
2 35
2 873
2 89
1 379
1 34
1 174
2 422
2 201
2 844
1 563
2 1092
1 54
2 432
1 434
2 1507
1 266
1 485
2 1342
2 451
1 877
1 1036
1 1085
1 330
1 117
1 991
2 915
1 1687
2 792
2 303
2 1627
1 887
2 851
1 1132
1 951
1 437
1 808
1 1101
1 717
1 14
2 874
1 847
2 1686
2 1667
1 1748
2 600
1 74
1 1485
2 1656
1 1523
1 1051
1 119
1 398
1 730
1 400
1 1444
2 1311
2 1590
1 236
1 392
1 729
2 583
2 1600
1 42
2 1563
1 179
2 1408
2 1506
2 866
1 738
2 1631
2 785
1 812
2 930
2 613
1 1097
2 131
1 834
2 1108
2 1087
1 1175
1 1410
1 396
1 686
1 1430
1 1534
1 528
2 957
1 1127
1 13
2 1076
1 264
1 1710
2 443
1 1458
1 805
1 816
2 726
2 1314
2 985
2 1083
1 1002
2 1102
1 987
2 276
1 101
1 431
2 1177
1 1450
2 758
1 30
1 563
1 1537
1 1768
1 194
2 1431
1 743
2 998
1 859
2 1048
1 1252
1 53
2 484
1 1440
2 404
2 84
2 394
1 1260
1 45
1 578
2 1176
1 32
1 1257
2 1676
1 1796
2 1092
2 1368
1 1449
2 192
1 247
1 218
1 730
2 1323
1 1584
2 741
1 1298
2 1533
1 1389
1 886
1 1488
2 1714
1 1486
2 582
2 1355
1 561
2 1026
2 619
2 1062
2 811
1 397
1 493
2 1336
2 729
2 1748
2 438
2 718
1 1024
1 267
2 518
1 1575
1 461
1 1104
2 336
1 29
1 679
2 1620
1 1691
2 860
2 1717
2 634
1 1241
2 833
1 58
2 1312
1 626
2 1696
1 1068
2 1371
2 984
2 1192
1 1759
1 1797
1 1188
2 36
2 638
2 694
1 1720
1 1041
2 923
1 351
2 1365
2 599
2 1637
1 487
2 470
1 157
2 1114
1 1528
1 591
2 732
1 735
1 1013
2 60
2 1027
1 1385
1 1116
2 1136
2 1761
1 823
2 642
1 1178
1 521
2 1530
1 1143
2 1049
1 1417
1 1759
2 298
1 148
1 1294
1 1473
1 1795
1 1433
2 1398
2 1329
1 1485
1 598
2 1055
2 1162
2 685
2 977
1 1454
1 1235
2 864
1 173
1 467
1 68
1 1783
2 660
2 325
1 1533
2 1737
1 264
2 1637
1 545
2 490
2 1091
1 1755
2 1690
1 559
1 1258
2 1651
2 1056
1 1041
2 1023
1 332
2 1310
1 616
1 460
2 1358
1 678
2 642
1 323
2 551
1 1527
2 564
2 1448
1 1096
1 1197
1 358
2 988
2 597
2 776
2 1743
1 877
1 1091
1 276
1 436
1 892
1 400
1 1266
1 205
1 1296
1 886
2 1232
2 1170
1 1181
2 608
1 934
2 186
2 1108
1 602
2 794
1 927
2 908
2 780
2 1105
2 1320
2 867
2 1481
2 1496
1 1635
2 190
1 1150
2 1561
2 1771
1 37
2 1717
2 595
2 571
1 722
2 425
1 1462
1 851
2 958
1 1639
1 1698
1 1500
2 7
1 1304
1 302
2 1113
2 942
2 6
2 1664
1 312
1 1767
2 1784
1 1672
1 1516
1 1306
1 963
1 294
1 1087
2 710
1 747
1 47
1 1544
2 811
2 1367
2 186
1 261
2 152
2 1594
2 413
2 938
2 659
2 876
2 799
2 142
2 1369
2 484
2 1703
2 1388
2 1314
2 863
2 189
2 155
2 1736
1 139
2 270
2 204
1 1614
2 831
1 845
1 620
1 238
1 819
1 7
2 1515
1 1031
1 724
1 1047
1 1106
2 597
2 837
2 1265
2 1316
1 507
2 1134
2 1553
2 891
1 937
1 810
2 1580
1 1399
1 440
2 1250
2 1426
2 347
2 76
1 1139
2 214
2 1582
2 193
1 1635
2 518
2 129
1 1702
1 1609
1 286
2 287
2 1793
1 517
1 1599
1 1026
2 1440
1 1462
1 1081
2 547
1 397
1 1733
2 1707
1 1020
1 725
1 530
1 235
1 323
2 574
1 1157
1 388
2 178
1 808
1 86
2 1365
1 1442
2 242
1 423
1 1706
1 570
2 1530
2 1531
1 1236
1 1167
2 841
2 954
1 1169
1 778
2 1709
2 562
2 1054
1 1415
1 1718
2 1123
1 1510
2 1341
2 1329
2 976
2 926
2 384
2 893
1 1629
2 1312
1 25
1 1443
2 963
1 1570
2 169
1 506
2 989
1 206
2 1059
2 297
2 1728
2 22
2 232
2 468
2 955
1 1374
2 1740
2 714
1 632
1 349
2 1546
2 1377
2 97
1 1722
2 1138
1 543
2 21
1 1400
1 1154
1 448
1 1138
1 145
1 1097
2 756
1 1420
1 1133
1 1568
2 1088
2 1764
1 1210
1 1780
2 1363
2 444
2 1655
2 1066
1 1460
1 1685
1 1099
1 358
1 1318
2 127
2 606
1 1397
2 281
1 1067
1 280
2 1744
1 636
2 1220
2 1465
1 1796
2 1606
2 975
1 1227
1 1547
2 324
2 787
1 759
1 1184
1 118
2 497
2 255
2 881
2 147
2 1034
1 85
1 1703
1 760
2 59
2 126
2 1720
1 1502
2 1023
2 928
1 1070
2 163
1 1529
2 1456
2 732
2 1190
1 907
1 1387
1 1051
2 1669
2 1295
2 386
2 1516
1 603
2 1427
1 1646
1 658
2 1300
1 564
1 360
2 1628
1 1357
1 273
2 1542
1 1089
2 700
2 1245
1 271
2 476
2 926
2 1668
1 1463
1 387
1 50
2 339
2 1675
2 394
1 1347
2 1574
2 720
1 1683
1 826
1 827
2 832
2 829
1 596
1 1357
2 1174
2 223
1 745
2 1790
2 1205
1 763
2 650
2 311
2 67
2 1033
2 1493
1 1378
2 1456
1 1701
1 873
2 1416
2 813
2 150
2 904
2 95
1 1019
2 369
1 1612
2 1142
2 1781
1 284
1 996
1 900
1 1466
1 1337
1 1766
2 1421
2 662
2 1429
1 1358
1 1432
2 966
2 321
2 1431
2 1409
1 1435
2 1201
1 1675
2 1299
1 1693
2 56
2 455
1 745
2 962
1 920
2 940
1 1184
2 1116
2 278
1 1189
1 1730
2 1598
2 342
1 1323
1 1434
1 925
2 1117
2 99
2 1574
2 478
2 676
1 485
1 352
1 1658
1 946
1 1475
1 1527
1 786
1 1069
2 460
1 1787
2 1058
1 820
2 1421
1 1687
1 369
1 405
2 1193
1 697
1 705
2 1763
1 1469
2 665
1 168
2 1110
2 1226
2 1607
2 546
2 492
2 149
1 1488
1 402
2 959
2 317
1 1482
2 579
2 66
1 1129
2 1569
1 292
1 327
2 1145
1 1288
2 1767
2 521
2 197
1 1119
2 337
2 1062
2 204
1 1229
2 393
2 69
2 109
1 690
2 1042
1 1577
2 1166
1 1625
1 814
2 850
1 263
2 925
2 875
1 835
1 626
1 1597
2 1080
2 244
2 1699
1 709
2 20
2 1093
1 1601
1 1227
1 822
1 478
2 1792
1 374
1 1507
2 1777
2 457
2 304
2 1480
2 854
1 377
1 914
1 1551
2 281
2 1379
1 1433
1 1373
2 1648
1 168
1 421
1 255
1 448
1 234
2 923
2 1355
1 1657
2 1446
1 130
2 191
1 482
1 852
2 288
1 1724
1 256
2 70
2 27
1 1396
1 1343
1 1639
1 405
1 1084
1 452
2 975
1 1743
1 810
2 1391
1 797
2 231
2 245
2 1173
1 1035
2 510
1 1575
1 89
2 1518
1 747
1 312
1 831
1 774
2 493
2 896
1 1474
1 932
2 1277
1 944
2 98
1 1330
1 1629
2 1194
2 9
2 1292
2 1030
1 622
1 967
1 821
2 1301
1 1393
1 1435
1 995
2 1707
2 473
2 433
1 1205
1 5
2 258
2 444
2 475
1 815
2 91
2 673
2 1055
2 754
2 997
2 639
2 237
2 582
1 728
1 913
2 1617
1 901
1 1426
2 217
2 1613
1 416
2 774
1 1195
2 1410
1 371
2 402
1 1713
1 1396
1 1324
2 419
2 9
1 894
1 16
1 179
2 1765
2 216
2 382
1 346
2 771
2 349
2 1335
1 630
2 1058
1 262
1 1399
2 1531
2 1360
1 601
1 1274
1 1279
1 1202
1 147
1 1106
2 1616
2 1680
2 1256
1 117
1 1278
1 1115
1 734
2 1164
1 1549
2 1560
2 1798
2 366
1 779
1 1678
2 631
2 5
2 1648
2 467
1 315
1 1430
1 683
1 1215
2 872
1 1611
1 637
2 442
2 546
2 1242
1 522
1 1694
2 156
1 1489
1 1578
1 1006
1 128
1 104
2 1770
1 1345
2 999
1 1390
1 935
1 55
2 273
2 417
1 1550
2 1350
1 1436
2 1795
1 1142
1 634
1 1546
2 765
2 1566
1 953
1 84
1 816
1 1246
2 921
2 739
2 818
2 1470
2 1121
1 1763
2 1641
1 1800
1 978
2 1096
1 777
1 1620
1 288
2 539
1 311
1 464
1 1501
1 363
1 993
2 1273
1 619
2 954
2 1783
1 1328
1 1144
1 1558
2 1473
2 1267
2 482
2 83
2 902
1 795
2 1308
2 1165
1 542
2 645
1 213
2 466
2 389
2 544
1 158
2 775
1 1404
1 451
1 446
1 118
1 269
2 1721
1 837
2 1656
2 682
2 1697
1 1244
1 1413
2 718
2 483
1 233
1 134
1 713
2 1013
1 841
1 680
1 441
2 917
2 636
1 706
2 481
1 509
2 1018
2 909
1 1180
1 659
2 1644
1 316
2 381
2 1085
1 1283
1 839
1 1376
1 31
1 80
2 111
2 879
2 1589
2 1102
2 1537
1 698
1 945
2 1349
2 1646
1 1163
1 453
1 704
1 514
2 313
1 1269
1 365
2 1083
1 824
1 46
1 1082
2 407
2 1541
1 565
1 1020
2 344
2 253
2 1248
2 953
2 265
2 495
1 40
2 1479
2 1293
1 1453
2 341
1 1681
2 49
1 165
2 1573
1 1113
2 967
1 70
1 1172
2 171
1 627
1 1281
1 663
2 23
2 1293
2 1401
2 226
2 1244
2 983
2 869
1 510
1 1066
2 1384
2 1529
2 676
2 396
1 806
2 126
1 624
2 711
1 1226
1 1599
1 291
1 399
1 24
1 1509
1 1290
1 343
1 1230
1 1316
1 737
2 115
2 1667
1 600
2 1200
2 752
2 1776
2 1262
2 1079
2 1073
2 803
1 1457
2 692
1 270
2 930
2 72
1 1621
2 364
2 721
1 373
1 1342
2 952
2 558
2 334
2 1272
1 1379
2 1630
1 1196
1 295
1 3
1 319
2 124
1 439
1 952
1 1736
2 1498
1 8
2 1774
1 1356
2 353
2 1540
1 632
2 94
2 744
1 1188
2 1230
1 1547
2 12
1 65
1 285
2 1218
2 1112
1 1634
2 1118
2 655
2 956
2 445
1 531
1 1445
2 550
1 1146
1 49
1 552
1 752
2 1100
2 1074
1 500
1 1699
2 1100
2 283
1 96
2 1175
2 652
2 1786
2 867
1 1425
2 1207
1 1564
1 1305
1 913
1 545
1 773
2 688
1 110
2 1028
2 39
1 112
1 755
1 607
1 931
2 1078
2 1155
2 187
2 1494
1 294
2 560
2 1571
2 1674
1 380
2 1095
1 707
2 1517
2 706
1 1001
1 604
2 90
1 1727
1 1685
1 1604
1 362
1 879
1 880
2 1454
1 1508
2 1301
2 464
2 10
1 8
1 1125
1 390
2 883
2 876
2 1372
2 163
2 1030
2 297
2 958
2 1576
1 865
2 1024
2 145
2 894
2 200
1 1784
1 108
2 1792
1 761
2 530
2 1289
2 762
2 782
1 1120
2 1220
2 751
1 920
2 11
2 760
2 1019
2 1309
2 428
1 603
2 1128
1 1016
2 479
1 302
2 1653
1 1326
2 773
2 1732
2 208
1 1659
1 929
1 541
2 105
2 1231
1 1167
1 277
2 1339
2 1577
2 1474
1 882
1 1317
2 1158
1 1705
1 672
2 1003
2 1143
1 689
1 1779
2 307
1 1640
1 988
1 504
1 1452
1 239
1 1146
2 436
2 1773
1 585
2 149
1 209
1 623
1 992
1 1135
2 1592
2 1750
1 1331
2 345
1 1778
1 78
1 418
1 1700
1 1327
1 1568
1 1258
1 386
2 584
2 1319
2 1741
1 121
1 1439
1 78
2 1544
1 1185
1 62
2 790
1 615
1 696
1 618
2 32
1 1370
1 667
1 1585
1 795
2 176
1 1159
2 1103
1 1266
2 912
1 1771
1 246
2 1038
1 742
1 1006
2 1682
2 882
2 581
1 904
2 1458
1 740
1 1273
2 1505
1 1752
1 1049
2 1037
1 849
2 1074
2 547
1 1275
2 259
1 1295
2 476
2 409
2 1576
2 1204
2 1605
2 863
2 692
1 1109
2 716
1 1238
1 1519
2 1325
2 1511
1 1682
2 1166
1 151
1 1333
1 1394
2 1109
1 152
2 492
1 1754
2 661
2 931
2 481
2 1434
2 1281
2 1587
2 956
2 472
2 125
2 350
1 893
2 1211
2 424
2 1114
2 1191
1 1318
1 859
1 870
2 498
1 1770
2 1413
2 1350
1 141
1 1069
1 1415
2 1718
2 1477
2 157
1 648
2 1165
2 936
1 949
1 1182
1 1658
1 961
1 955
2 306
1 715
2 377
2 1593
1 1366
2 1512
2 1330
2 740
2 215
2 1438
2 1306
2 268
2 899
2 1775
2 1249
1 1270
2 813
1 1112
1 1766
2 462
1 1483
1 1337
2 749
2 1381
2 575
1 1725
2 726
2 480
2 1642
2 222
1 1734
2 1414
2 410
1 1242
2 23
1 488
1 1393
1 254
1 1160
2 92
2 1139
2 1545
2 1361
2 1233
1 1595
2 523
2 350
2 1572
1 723
2 1229
1 691
2 1504
2 590
2 487
1 192
1 4
1 1583
1 722
1 271
2 1623
1 1148
1 903
1 684
2 643
1 1450
2 1556
2 162
2 181
1 1645
1 962
1 1254
2 194
1 114
1 1380
2 609
1 712
1 533
2 1532
1 1498
2 71
1 220
1 267
1 1758
2 1407
1 1288
1 614
1 1719
1 1249
1 388
2 335
1 97
2 766
1 1773
1 872
2 1141
1 1708
1 1536
1 761
2 1315
2 1664
2 1347
1 1595
1 1638
2 1313
2 1711
1 1525
1 495
1 1668
1 669
1 796
1 674
1 1749
1 578
1 45
2 280
1 1067
2 1402
1 227
2 826
1 1346
1 43
1 664
2 1605
1 759
1 391
1 1775
1 1002
2 660
2 741
1 151
1 1523
1 1052
2 423
2 1214
1 1596
1 1264
1 1418
1 159
2 1584
1 366
1 259
1 290
2 519
2 293
1 1740
1 1693
1 577
1 1548
2 226
2 1334
2 647
1 1438
2 1632
2 1632
1 371
1 1704
1 980
2 238
1 862
2 1195
2 1441
1 1364
1 944
1 1536
1 1243
2 992
1 719
2 1319
2 161
2 1734
2 496
2 376
2 320
1 1388
2 1107
1 675
1 1035
2 258
1 1283
1 221
2 428
2 790
1 331
2 921
2 1111
1 1651
2 1640
2 471
2 502
1 254
1 541
2 243
1 345
2 343
1 1794
1 411
1 866
2 324
1 560
1 825
1 567
1 426
2 1514
1 1043
1 166
1 572
2 188
2 610
2 902
2 1711
1 301
1 1695
2 1592
2 1125
2 354
1 716
1 408
1 353
2 72
2 1697
2 64
2 1781
1 516
1 1503
2 443
1 964
1 160
2 198
2 1504
2 896
2 393
2 572
1 335
1 46
1 291
2 1679
2 793
1 211
2 1156
1 1722
1 458
2 834
1 526
2 910
1 4
2 138
1 715
2 1191
2 468
1 454
2 381
1 918
2 653
2 1032
1 63
1 103
2 1411
2 1403
1 686
2 1210
2 430
1 1428
1 672
2 1088
1 848
1 1352
1 48
2 1663
1 1782
1 1754
2 584
1 1265
2 644
2 788
1 1731
1 1021
2 1464
2 604
1 31
2 948
1 544
2 1177
1 528
2 205
2 1615
2 81
2 850
1 1696
2 322
2 1044
1 654
1 33
1 102
2 806
1 648
1 638
1 1467
2 1695
