3600 4500
2 760
2 1800
2 298
1 264
1 251
1 18
2 1592
2 815
2 564
1 1758
1 736
2 1311
2 386
1 93
2 642
2 742
1 99
1 1787
2 656
1 847
2 997
1 309
2 252
2 1118
1 444
2 63
1 170
2 1223
2 1095
1 148
1 851
1 511
2 359
1 796
2 1452
2 1651
1 410
2 1421
1 221
2 410
2 1226
2 1376
1 698
1 1285
1 219
1 1503
1 1792
1 762
2 686
2 1559
1 290
1 727
1 397
2 1072
1 436
1 1480
1 1601
2 1158
1 799
1 630
2 66
2 53
2 755
1 1259
1 930
2 1646
1 378
2 103
1 1346
1 1734
2 855
1 1530
2 1634
2 71
1 605
1 1498
1 1218
2 837
2 314
2 760
2 456
2 182
2 705
2 331
2 1289
1 23
2 61
2 254
2 213
1 77
2 766
1 1707
1 1780
1 622
1 1291
1 265
1 464
1 952
2 517
1 849
2 656
1 453
2 1470
1 1412
1 283
2 1327
1 590
1 1478
2 487
1 565
2 76
1 73
1 667
1 302
2 662
1 1502
2 1625
1 562
1 1135
1 1647
1 745
1 764
1 1268
1 118
1 415
1 908
1 120
1 1454
1 1631
2 1548
2 1321
1 1718
2 726
2 1332
1 940
1 431
2 1000
1 976
2 397
2 1529
1 1736
1 1416
2 1362
1 1268
2 530
1 820
2 1034
2 677
2 547
1 1506
2 994
1 1024
1 1180
1 1445
1 1286
1 240
2 1580
1 1438
1 448
1 878
1 625
1 486
2 1539
1 1660
2 1540
1 114
2 404
2 792
1 1227
2 318
1 1684
2 416
2 133
2 1732
1 951
1 1222
2 134
2 496
1 1384
1 1519
1 1471
2 1341
1 465
2 1395
2 1582
1 1488
2 1281
1 1688
2 256
1 1657
2 1750
1 96
1 428
2 1457
1 9
1 684
2 909
1 768
2 998
1 1353
1 19
2 1570
2 1730
2 611
2 1651
2 933
2 1320
2 447
2 1320
2 574
1 808
1 1067
1 1511
2 1083
1 1736
2 1287
1 1670
2 1065
1 1006
2 1603
1 345
1 1076
2 1182
2 403
1 1029
1 1533
1 1699
1 1467
1 365
2 131
1 291
1 1741
1 725
1 1462
1 1273
2 682
1 1555
1 1161
1 1086
1 1613
1 399
1 755
2 1750
2 997
1 540
2 166
1 1103
1 1794
2 12
1 104
2 1032
1 1368
2 878
2 108
1 882
1 624
1 116
2 514
1 512
2 515
1 1552
1 18
1 1506
1 537
1 1693
2 723
2 307
2 1208
1 1162
1 748
2 689
2 1490
1 1625
1 1141
1 1673
2 1351
1 360
1 1593
2 654
1 536
1 1108
2 976
2 471
1 377
2 1084
1 203
2 1388
1 17
2 27
2 1339
1 393
2 863
2 487
2 19
2 632
1 560
2 816
1 1460
2 1714
1 591
2 119
1 775
1 924
1 1436
2 873
2 1391
2 1404
2 852
1 82
1 1160
2 354
1 1327
1 1286
1 1288
1 707
2 1014
1 1534
2 472
1 1219
2 356
1 1144
1 1256
1 210
1 1441
1 567
2 297
2 623
2 639
1 385
1 1190
2 249
1 234
2 1542
2 867
2 777
2 479
1 1192
2 15
1 647
2 1097
1 79
2 730
1 811
1 1338
2 190
1 306
2 1269
1 222
2 391
1 1129
2 1379
2 328
2 1534
2 1223
2 1759
1 1373
2 1463
1 723
2 578
2 587
1 80
1 59
1 575
1 155
1 787
1 673
2 1334
1 737
1 1214
1 418
1 1311
1 266
2 1199
1 1630
2 1279
1 100
2 983
2 470
1 998
1 333
1 309
2 478
2 1146
2 701
2 204
2 527
2 744
2 1244
1 365
2 442
1 1696
1 1085
1 225
2 212
2 1325
1 234
2 807
2 335
1 332
2 1405
1 955
2 846
1 1641
1 1748
2 1734
2 722
2 680
1 775
1 390
1 577
1 294
2 1789
1 749
2 425
1 1782
2 912
2 1026
2 1228
1 1515
1 1216
1 1493
2 958
1 741
1 280
2 545
1 436
1 1250
2 651
2 915
2 790
2 461
1 555
2 205
1 676
2 1011
1 369
1 922
1 40
2 1422
1 524
2 1132
2 751
2 1275
2 1175
1 1381
1 1006
1 874
2 1071
1 1599
2 1698
2 1302
1 218
1 1508
2 1527
1 286
1 897
2 245
2 437
1 600
1 1523
2 65
1 1611
1 554
1 1010
2 1637
1 1323
1 51
1 828
2 1662
2 60
2 767
2 889
1 1344
1 826
1 55
2 1770
2 1687
1 1441
2 128
1 64
2 752
2 969
2 227
1 1553
1 1727
2 1445
1 321
2 1357
1 1363
1 682
2 631
1 1397
1 934
1 1499
1 1382
2 839
2 384
1 489
2 208
1 1056
1 1624
1 1491
2 596
2 1690
2 741
1 1786
1 1730
2 1148
2 1469
1 1562
2 1428
2 639
1 1712
1 500
1 1602
1 1612
1 922
2 158
2 1267
2 1639
2 105
1 387
2 85
2 70
2 228
1 1240
2 124
1 88
1 28
2 339
1 1425
1 152
1 446
2 1735
1 644
2 215
1 510
1 473
1 684
1 155
2 269
1 516
2 601
2 899
1 206
2 119
1 125
1 804
1 1475
2 1477
2 1384
2 134
2 749
1 657
2 711
2 1186
1 824
1 41
1 1654
2 634
1 743
1 281
1 1365
2 1265
1 729
1 1722
1 1202
2 492
2 546
2 628
2 524
2 398
2 1464
2 1775
1 1232
2 1201
2 1455
2 859
2 1380
1 441
2 1577
2 1745
2 1413
1 462
1 1028
1 229
1 197
1 130
2 292
1 177
2 776
2 1035
1 1087
2 316
1 1090
2 1095
1 432
1 987
2 373
1 205
1 1191
1 413
1 1210
2 1198
2 1531
2 1738
2 392
2 1259
1 930
2 1462
1 719
1 1001
2 192
2 1266
1 1159
1 606
2 1529
2 1322
1 669
2 813
1 1672
1 1187
1 135
2 1214
2 1550
1 952
2 635
2 221
2 58
2 1566
2 658
1 715
1 1342
2 897
1 1720
2 1211
1 372
2 1105
2 1685
1 1197
2 985
1 1731
2 1545
2 489
2 312
2 1292
2 1620
2 1107
1 1080
1 1566
2 1144
1 979
2 113
2 91
2 1487
2 169
1 14
1 756
1 201
1 122
1 1535
2 1742
2 550
1 526
1 149
2 311
1 287
2 1682
2 42
2 1257
2 852
2 1576
1 1793
2 1200
1 790
1 1213
2 975
2 942
2 482
1 706
2 1740
1 1203
2 1370
2 1245
2 459
1 497
1 1125
2 865
2 1463
2 452
1 709
2 818
2 402
2 629
1 451
1 1295
2 484
2 151
1 935
2 746
1 1627
1 860
1 757
2 1706
2 1207
1 640
2 871
2 688
2 244
2 700
1 611
2 1109
1 343
1 1323
1 1421
1 804
2 1348
1 270
1 1331
1 1104
1 1407
1 187
1 1724
1 563
1 160
2 1380
1 864
2 1241
2 667
2 1048
1 1614
1 968
2 1343
1 819
1 1400
2 943
2 871
2 1484
1 1209
1 1448
2 1567
2 1695
1 1171
2 1227
1 1291
2 74
2 1389
1 1408
2 1023
2 44
2 1638
2 571
2 779
2 595
1 1336
2 785
1 770
2 542
2 1634
2 1204
1 1301
1 1358
1 1262
1 1185
2 132
2 774
2 275
1 854
1 691
2 1509
2 16
1 461
2 1446
2 1482
1 1053
1 1122
2 615
1 1385
2 777
2 469
2 1775
2 860
2 430
1 272
2 614
1 1073
2 446
2 196
1 1632
2 964
2 224
2 407
1 1191
2 783
1 411
1 129
1 1426
1 1622
1 1642
2 1569
2 1657
1 490
1 368
1 1541
1 1138
1 48
1 323
2 1047
1 344
1 33
1 1060
2 33
2 799
2 32
1 510
1 1521
1 1770
1 1712
2 310
1 1283
2 763
2 1414
2 836
1 1330
2 528
2 620
2 528
2 380
1 1366
1 1117
1 61
2 535
1 231
2 1573
1 831
2 992
2 584
2 1168
1 1177
1 1050
1 1589
1 1520
1 1196
2 1713
2 1637
2 1795
2 1335
1 562
2 1026
1 840
2 896
1 307
1 176
2 1679
2 9
1 1233
2 1443
2 1044
2 1621
1 1495
1 1459
2 668
2 1110
2 1427
1 838
2 1410
1 363
1 1479
1 1779
2 958
2 838
2 1434
2 1513
2 765
2 898
2 187
1 1280
2 331
1 1345
1 233
1 840
1 1596
2 468
2 62
2 1628
2 653
1 1333
2 1796
2 95
1 1198
1 557
1 692
1 322
2 1476
2 1153
2 92
2 1435
2 691
2 1563
2 1530
1 238
1 1432
1 517
2 797
2 836
1 1482
1 337
2 475
1 374
2 1254
2 357
2 342
1 271
1 1003
2 1406
1 320
1 1208
1 1279
1 587
1 585
2 1040
1 817
1 992
1 906
1 212
1 100
1 407
2 191
1 1553
2 1226
2 1781
2 560
2 1377
2 554
2 1763
1 1180
1 1270
2 819
2 1069
1 214
1 1179
1 142
1 362
1 615
1 1093
1 520
1 1017
2 1249
2 1522
2 1148
1 108
1 1721
1 336
2 1335
1 66
2 542
1 391
2 1773
1 44
1 1252
2 1181
2 1174
1 1753
2 1492
2 938
1 1071
2 1411
2 1140
2 1314
1 814
1 271
1 986
2 91
2 1556
1 886
2 901
2 1798
1 566
2 81
1 1586
2 963
2 94
2 1629
2 668
2 892
1 145
2 89
1 1194
2 1528
2 1078
1 501
1 154
2 43
2 1193
2 1193
2 1720
1 1725
2 1697
2 1150
2 1465
1 1686
1 1175
1 1760
1 855
1 969
2 282
2 13
2 1581
2 926
2 551
1 158
1 404
2 604
2 1221
2 874
2 633
1 1580
2 1574
2 648
2 1460
2 649
2 1665
2 1537
1 792
1 962
1 616
2 1392
1 740
1 110
1 526
2 1313
2 694
2 638
1 1164
1 1052
2 283
1 11
2 59
1 317
1 439
1 443
1 884
2 1051
2 169
1 1621
2 143
2 455
2 1746
1 1584
1 1573
1 594
1 991
2 776
1 1013
1 747
2 1154
2 1461
1 417
2 362
2 488
2 687
1 455
2 58
1 1415
2 603
2 1070
2 1282
2 623
2 1560
1 1054
1 104
2 803
2 773
2 102
2 1043
2 598
2 800
2 110
1 196
1 113
1 473
2 1113
1 379
2 763
1 20
1 1192
2 702
2 262
1 458
2 1053
2 1164
1 1324
1 1169
2 674
1 1395
2 1619
1 1799
2 1549
1 360
1 72
1 718
1 1254
1 665
1 916
2 462
1 106
2 1636
1 885
2 1635
2 23
2 1176
2 1595
1 822
2 858
2 1554
1 841
2 1729
1 972
1 576
2 1096
1 1689
1 183
1 1129
2 559
2 650
2 666
1 507
2 174
2 406
2 721
2 1315
2 558
2 638
2 536
1 641
1 1167
2 371
1 902
1 1274
2 549
2 80
1 1615
1 848
2 888
2 285
2 987
2 901
2 1031
1 862
1 227
2 1020
2 972
2 3
1 444
2 1261
2 1264
2 515
1 1375
1 762
2 564
1 660
1 733
1 1158
2 821
2 440
1 1046
2 474
1 1049
2 311
2 827
1 261
2 449
1 1008
1 1723
2 1142
1 1773
2 1019
1 758
2 107
2 130
1 956
1 725
1 1111
2 415
1 573
1 938
1 448
2 569
1 685
2 653
1 68
1 522
1 980
1 74
1 1400
1 553
2 1272
1 551
1 798
1 752
2 834
2 974
1 333
2 1449
1 843
2 1781
1 319
2 544
2 1600
1 519
2 255
1 1276
2 1022
2 1502
1 244
2 1242
1 932
1 1761
2 435
2 1319
1 582
2 931
2 1763
1 867
1 1483
2 627
2 1493
1 1277
1 252
2 1691
2 1490
2 1518
2 1630
2 580
1 1350
1 209
1 171
2 1170
1 49
1 213
1 768
1 241
1 618
1 971
1 879
1 607
1 102
1 913
1 1370
2 498
1 481
1 537
2 41
1 1643
2 267
1 178
2 1757
2 883
2 488
1 925
1 1102
2 138
1 1359
2 1755
1 1709
2 978
2 812
1 1616
2 858
1 279
1 127
2 1058
2 1336
2 1717
1 832
2 1178
2 1309
2 724
2 111
1 1136
1 521
1 1609
1 207
1 10
1 999
1 1701
1 1752
2 144
2 791
1 982
1 103
1 706
2 863
2 1017
1 948
1 1054
2 1660
1 1468
2 470
2 1255
1 959
2 1120
1 914
1 1202
1 1669
2 651
2 1140
1 1640
1 765
1 1671
2 1512
1 726
1 257
1 121
1 1592
1 1620
2 999
2 927
1 806
1 739
1 728
1 1035
1 373
1 915
2 67
1 1274
2 1444
1 964
2 1597
1 168
2 919
2 1456
1 622
2 1765
1 655
1 991
2 960
1 1130
1 250
2 1093
2 464
1 543
1 508
1 877
1 1038
1 589
2 1430
2 224
1 214
2 299
1 971
1 876
1 1721
1 1283
2 1461
2 1731
2 944
1 979
1 1473
1 31
1 1062
1 906
1 492
1 721
1 153
1 791
2 1576
1 457
1 905
2 1525
1 729
2 1716
1 1304
2 1240
2 1361
1 62
1 970
2 1172
1 911
2 1547
2 1146
2 426
1 583
1 1011
2 389
1 793
2 1002
2 783
1 1767
2 800
2 1587
1 1149
2 1503
2 1113
1 1699
1 538
2 1563
1 1686
1 1314
1 1424
2 1504
1 162
2 300
2 1387
1 218
1 88
2 1236
2 1688
2 195
1 823
2 577
2 505
1 1271
1 907
1 1501
1 1365
1 1663
1 1611
2 270
2 963
1 1401
2 1706
2 1668
1 1127
2 1074
2 188
2 350
2 393
1 229
2 675
1 903
1 1423
1 1237
2 1583
2 1030
1 350
1 949
2 899
1 588
2 1766
2 1469
2 70
1 358
2 663
1 1451
2 655
2 326
1 471
2 1437
2 1605
2 603
1 581
1 618
1 1353
1 1134
1 454
2 1613
1 672
2 1247
2 1135
2 1097
1 880
2 575
2 1205
2 456
1 137
1 1650
2 482
2 761
2 1047
2 499
2 983
1 1299
1 46
1 453
2 673
2 1546
1 233
1 1414
2 849
1 1230
2 1002
1 1263
1 1085
2 1015
1 1629
1 1640
1 400
1 904
1 1393
1 1386
2 731
1 854
1 129
2 168
1 1710
1 773
2 1394
2 375
2 1234
1 1189
1 1702
2 975
1 166
1 859
1 96
2 847
2 532
1 1229
2 374
2 1281
1 230
1 936
1 1374
2 1173
1 1273
1 1525
2 424
1 815
2 734
2 1451
1 1638
1 523
2 1357
1 250
2 1751
2 1403
1 1584
2 1277
1 1762
1 265
1 829
1 1726
2 610
1 239
2 1512
1 334
1 1779
1 1296
2 38
1 94
2 939
2 769
2 255
2 1166
1 1228
1 1526
1 535
2 322
1 1665
2 1022
1 699
2 226
1 1785
1 895
1 246
1 934
2 753
2 505
1 647
2 1745
1 1656
2 1633
2 109
2 191
2 1796
2 359
2 891
1 548
2 1571
1 886
2 1743
2 589
1 1475
2 1249
2 1756
1 856
1 1312
2 52
2 1623
1 1200
1 237
2 569
2 509
2 299
1 947
2 908
2 78
1 1368
2 1189
1 131
1 48
2 1385
2 451
2 1157
2 253
2 285
1 175
2 1737
1 296
1 1299
2 1107
1 619
1 573
1 173
2 64
1 538
2 1547
1 1558
2 8
1 1791
2 1238
2 1321
1 1123
1 1716
2 892
1 1749
2 427
1 1156
1 660
1 1715
1 1578
1 148
1 1652
2 1253
2 928
1 146
2 788
1 341
2 1119
1 797
1 112
1 60
1 1557
2 266
2 1442
1 1574
2 931
1 1081
2 1037
2 240
1 417
2 1644
1 1715
2 1722
1 1082
1 1561
2 305
2 1110
2 5
1 376
2 809
2 1738
1 593
2 1375
2 1727
1 1045
1 594
2 353
1 674
1 600
2 140
2 1185
1 703
2 636
1 1703
1 47
2 989
1 1711
2 543
2 1560
1 825
1 637
2 1471
2 339
1 767
1 1099
1 570
2 1695
2 202
2 877
1 57
1 581
1 454
1 1599
1 98
1 1776
1 990
1 258
2 432
1 231
2 136
1 1575
1 1371
2 670
1 559
1 142
2 833
2 1459
2 1681
1 1609
1 1783
1 336
1 1744
1 764
2 31
1 811
2 1416
1 1683
2 1628
2 711
1 1312
2 1543
1 332
2 940
1 1769
2 1027
2 376
2 115
2 95
1 177
1 907
2 87
2 1155
1 1728
2 818
1 329
1 848
1 1610
2 120
1 730
2 1543
2 163
2 114
1 29
2 1772
1 495
1 167
1 16
2 924
1 734
2 325
1 1598
2 426
2 1239
1 1210
1 1489
2 1614
1 1797
2 293
2 421
2 220
2 291
1 1754
2 184
2 1128
1 412
1 1183
2 990
2 122
1 1527
1 628
2 163
1 1121
1 1473
1 1030
2 1142
2 258
2 608
1 1415
2 1757
1 1417
2 956
1 1040
1 419
1 630
2 124
2 731
1 1771
2 810
2 433
2 1551
1 1349
2 1225
2 491
1 923
2 1092
1 875
1 1623
1 605
2 932
1 273
1 200
1 1337
1 687
2 1693
2 1701
2 1114
1 1383
1 1139
1 429
2 302
1 824
2 844
2 1215
2 1159
2 579
1 525
1 1098
2 678
1 1290
1 1558
2 57
2 290
2 37
1 460
2 662
1 826
1 617
2 821
2 798
2 297
2 1453
2 141
2 180
2 1659
1 1589
1 801
2 1739
2 1572
1 693
1 1031
1 480
2 1676
2 175
1 68
2 1230
1 1774
1 621
2 55
1 208
2 598
2 1456
1 126
2 151
2 394
1 631
2 961
2 676
2 1087
1 1464
2 494
2 1466
1 574
1 1492
2 1790
2 1618
2 1692
1 263
2 1685
1 457
1 466
2 1
1 695
2 1081
1 1176
1 1511
1 1798
2 1447
1 1778
1 236
2 101
2 974
1 301
1 1676
1 219
1 123
1 256
1 414
1 1122
1 681
2 388
1 1764
2 338
1 317
2 159
1 1179
2 727
1 549
2 1656
2 632
2 1616
2 597
2 820
2 153
1 812
1 1340
1 136
1 1510
2 35
2 1655
1 807
2 1664
2 1666
2 866
2 937
1 743
1 1133
1 1051
2 1524
2 164
2 825
1 1440
2 1602
2 204
1 571
1 38
2 1654
1 1094
2 612
2 1626
2 513
1 744
1 1101
1 823
1 973
1 1596
1 435
1 714
1 194
1 1105
1 787
1 353
1 648
2 394
1 951
2 1372
2 36
1 1705
2 477
1 1458
1 1143
1 557
2 26
1 1224
1 115
2 1308
2 558
1 586
1 1109
2 295
1 977
1 1661
1 1794
1 1426
2 251
1 1740
2 625
2 1424
1 620
1 1661
1 1371
1 890
2 1300
1 547
1 1607
2 652
1 185
2 1059
2 368
1 1253
1 788
1 195
2 1104
2 1220
1 1078
2 1112
2 683
1 478
2 1046
2 27
2 1266
1 968
1 341
1 1447
1 1005
1 1255
1 694
1 910
1 1399
2 986
1 672
1 1010
1 689
1 1201
1 346
1 1508
2 576
1 1432
1 422
2 248
2 1420
1 1207
1 1232
1 1161
1 911
2 1064
1 380
1 351
1 993
2 1549
1 1056
2 793
1 1167
1 850
1 149
2 1339
1 1378
2 1206
1 408
2 1601
1 720
1 1496
2 188
2 652
2 1297
1 1203
2 506
1 1089
1 802
2 957
1 853
1 312
1 1649
2 1548
1 868
2 1565
2 1520
1 887
1 1212
2 1442
2 1049
1 1588
1 1555
2 1478
2 383
1 1100
2 378
2 1499
1 525
1 1133
1 438
2 441
2 3
1 1341
1 781
1 1393
2 1284
1 1700
1 1707
1 1514
1 501
1 159
2 1431
1 1480
1 176
2 398
1 1318
2 267
2 1317
2 1627
2 313
1 355
1 563
1 301
2 395
2 259
1 872
1 1018
1 1379
2 1541
2 1746
1 842
1 147
2 65
1 710
1 347
2 708
1 960
1 1483
2 1455
2 1134
1 845
1 747
2 183
2 1618
2 1343
1 352
2 666
2 713
1 1041
1 127
2 330
2 292
1 1410
1 981
1 78
1 344
2 1454
2 1608
1 259
2 354
1 105
2 24
2 857
2 1396
1 1332
2 1737
2 1595
1 702
1 1222
2 1165
1 610
1 939
2 602
2 572
1 781
1 579
1 1476
2 1082
1 1360
1 709
2 1524
1 1066
2 1787
2 1444
2 238
2 211
1 1094
2 962
1 514
1 385
1 893
1 539
2 609
1 117
1 1007
1 399
1 1131
2 555
1 1690
1 1000
2 1068
1 941
2 1733
2 695
2 627
1 198
2 548
2 107
1 1045
2 697
1 29
1 1575
2 6
1 732
2 718
1 112
1 1430
1 1710
2 982
2 841
2 1582
1 1362
2 1126
2 52
2 164
1 69
1 786
1 1440
2 1052
1 553
2 1708
1 10
2 1632
1 99
1 1151
2 54
1 1063
2 955
2 1092
2 1186
1 759
2 1397
2 1650
1 1354
1 961
1 1089
2 371
1 1057
2 604
1 1224
2 1429
2 690
2 745
1 4
2 1004
1 597
2 954
1 1337
1 1124
1 181
1 1372
2 1147
2 21
1 71
2 25
1 1373
1 925
1 1217
2 1331
2 1294
2 1797
1 422
2 1019
2 502
1 356
2 1070
1 141
1 1349
1 28
2 1753
2 950
1 1507
2 1302
2 1744
1 1063
1 1036
1 1648
1 1760
1 1586
2 1401
2 1309
2 1381
1 361
1 56
1 1505
1 246
1 593
1 1265
1 1386
1 1619
1 590
1 1519
2 785
2 895
2 887
1 1243
1 1041
2 735
1 1244
2 1631
1 7
2 477
2 349
2 1788
1 1450
2 1306
1 1205
2 758
2 1795
2 1645
1 293
1 1551
1 1726
1 1088
1 1565
1 613
1 409
1 434
1 700
1 753
2 237
1 1723
1 516
1 1528
1 920
1 1039
2 1666
1 1145
1 22
2 1607
1 160
1 420
2 657
2 802
1 1074
2 967
2 361
1 1669
1 1603
1 580
2 1427
2 235
2 324
2 1102
1 1008
2 1009
2 420
1 996
2 546
1 534
1 278
2 921
2 30
1 135
2 572
1 370
1 567
2 879
1 621
2 1042
1 1064
2 1235
1 1238
2 914
2 1163
2 181
2 171
2 156
2 412
1 1005
1 933
1 830
2 348
1 601
2 30
1 469
2 1275
2 32
2 1758
1 585
1 1581
1 827
1 1675
2 282
2 1402
2 1364
1 949
2 529
2 947
2 586
2 1453
2 626
1 641
1 165
2 86
1 614
1 828
2 703
1 1398
2 357
1 402
1 467
2 201
2 101
2 1585
2 1251
2 157
2 396
2 1260
1 739
2 1403
1 533
1 1767
1 145
1 1016
2 712
2 1088
1 1725
2 1780
2 592
1 366
1 375
1 39
1 966
2 1577
2 754
2 1084
2 81
2 1593
2 476
1 1077
2 1269
1 1316
2 1072
1 1539
1 146
2 396
2 230
1 1612
1 953
1 1772
1 1359
2 789
1 1247
2 413
2 1083
1 1338
1 1392
1 1536
1 1517
2 186
2 902
1 1768
1 1356
1 1583
2 566
1 794
2 1340
1 795
2 806
2 498
2 1487
1 1674
1 1250
2 1606
2 276
1 466
1 245
2 708
1 319
1 372
2 366
1 1024
1 1096
1 1495
1 746
1 414
2 1001
2 247
1 1507
2 592
2 1714
2 1516
2 1762
1 1329
2 1363
1 754
2 1486
2 1643
1 1604
1 348
2 1783
1 1413
2 86
2 1036
1 232
2 165
2 381
1 1677
2 1439
1 111
2 425
2 1705
2 1033
2 1743
1 483
1 1251
2 423
2 388
1 1711
2 1127
2 340
2 445
2 935
2 948
1 1294
2 277
1 1544
1 47
2 822
2 1199
2 1417
1 1021
1 1522
2 300
1 184
1 750
2 1652
1 76
1 343
2 264
1 133
2 1678
1 1137
2 920
1 13
1 831
2 495
2 1624
1 1702
1 75
2 832
1 609
1 82
2 1330
1 503
2 1012
1 1659
2 106
2 406
1 11
1 1494
2 334
1 1516
2 1111
2 916
1 989
2 1162
1 1498
2 1367
2 263
1 1374
2 90
2 728
1 853
2 20
1 645
1 1673
2 1383
2 167
2 325
2 654
1 683
1 1564
2 1157
1 260
2 596
1 261
2 759
1 868
2 1295
2 507
2 1178
2 1741
1 75
2 599
1 1257
2 236
1 475
1 642
2 342
1 929
1 296
1 1733
2 1648
2 1394
2 1231
2 1433
1 659
2 424
2 1667
1 494
2 1369
1 1014
1 1128
1 217
2 308
1 502
1 959
1 520
2 1151
2 1319
1 1241
2 1344
2 92
1 1058
1 1044
1 367
2 1196
1 504
2 1724
1 306
2 490
1 779
2 1479
1 891
1 894
1 26
2 1610
1 1626
1 1012
2 123
1 40
2 1149
2 1489
2 1239
1 389
2 1742
1 1261
2 1329
2 1540
1 479
1 434
1 157
1 1025
2 323
2 685
2 152
2 1292
1 1143
2 377
1 8
1 465
2 1597
1 714
2 139
1 1290
1 612
1 1662
2 1615
2 1325
1 954
1 202
2 1405
2 144
1 1635
1 984
1 583
2 1535
2 1062
1 1248
2 53
1 156
2 784
2 1670
2 1433
2 588
1 382
2 427
1 671
2 143
2 97
2 351
1 440
2 1042
1 679
2 109
2 121
1 872
2 328
1 408
1 305
1 928
2 276
1 801
2 1328
2 1786
2 624
2 363
1 898
1 1472
1 1694
1 761
1 1472
2 1271
1 1043
2 1258
2 232
2 1188
2 1477
2 223
2 1382
2 1681
1 1771
2 1023
1 116
1 864
1 1538
2 118
1 1412
1 697
2 967
1 326
2 140
1 1079
1 1169
2 162
2 1139
1 646
2 458
1 242
1 1168
1 1061
2 199
1 522
2 364
2 556
2 606
2 945
1 1060
2 1234
2 981
1 1672
2 518
2 837
2 1800
2 716
2 1785
2 1509
1 496
2 1184
2 1562
1 1704
2 1262
1 1579
2 352
1 912
2 1016
2 1428
1 1172
2 794
1 844
1 688
1 1484
2 830
1 1446
2 416
2 717
1 750
1 890
2 1404
2 483
1 1305
1 780
1 843
2 277
1 1356
1 1195
1 705
1 180
1 1617
2 45
1 248
1 1682
1 1141
1 288
1 678
1 1559
2 842
1 1526
2 671
1 649
1 1729
1 740
1 480
2 1697
2 1774
1 1504
2 1009
1 1407
2 54
1 1536
1 1236
1 910
2 1317
1 1091
2 84
1 1790
1 1747
2 272
2 178
1 1663
1 199
1 203
1 1136
2 313
2 1501
1 965
2 1784
1 1766
1 1287
2 1215
2 405
2 1748
1 174
1 774
1 699
1 281
1 1717
2 508
2 545
1 1513
1 704
1 117
2 421
2 1438
2 370
2 447
1 712
1 970
1 591
2 634
1 1131
1 918
2 442
2 1754
2 274
2 1457
2 834
2 988
2 736
1 1769
2 1306
1 862
1 883
2 1788
1 1761
1 881
2 1542
1 518
2 346
1 1778
2 247
2 1100
2 1367
1 1496
2 1636
1 607
2 1468
1 1165
1 568
2 1510
1 316
1 664
1 1021
2 1443
1 1153
1 439
1 748
1 995
2 355
2 1571
1 1517
2 917
1 506
2 1568
1 235
2 704
2 400
1 1067
2 1027
2 511
2 1160
2 809
2 771
2 460
2 950
1 138
2 161
1 880
1 1481
1 287
1 463
2 633
2 1719
1 1588
2 1280
1 1765
2 321
1 993
2 310
1 274
1 1532
1 584
2 386
2 839
1 161
1 1173
1 1439
2 260
2 945
1 1303
2 1099
1 1170
1 936
2 56
1 1301
2 428
1 1245
1 541
2 303
2 751
2 1494
1 278
1 814
2 1152
1 810
2 324
1 715
1 1569
2 977
1 383
1 6
2 1334
2 132
1 1436
1 1298
1 493
1 1735
1 34
1 1106
1 1639
1 782
1 637
1 303
2 900
1 437
1 1115
2 1466
1 813
1 733
2 499
2 1108
1 1452
2 927
1 1130
2 1606
1 1776
1 358
1 405
1 865
1 1216
1 1213
1 1258
2 1658
2 190
2 659
2 929
1 345
2 719
2 669
1 681
1 1590
2 284
2 664
2 701
1 1398
2 186
2 1354
2 1437
1 1218
2 1793
2 1435
1 613
2 179
1 1322
2 1784
1 1667
1 965
2 304
2 1655
1 870
1 937
1 308
1 1145
2 857
1 1263
2 1377
1 894
2 1
2 1552
1 994
2 46
1 995
1 429
2 636
2 1123
1 14
2 1195
2 1077
1 1390
2 485
1 523
2 1155
1 1481
1 1038
2 1137
2 1684
2 1174
1 1272
2 1434
1 1409
2 467
2 409
2 1183
1 367
1 1749
2 529
2 1467
1 83
2 978
1 170
1 1448
1 512
2 243
1 79
2 1293
1 881
1 1764
1 125
1 1645
1 716
2 1642
2 1347
2 1418
2 1188
1 1470
2 1545
1 905
2 207
2 1075
1 616
2 318
2 722
1 850
2 1300
2 1703
1 1759
2 1694
1 541
1 1171
2 1514
1 1622
2 1422
1 1799
2 1429
2 1713
2 223
1 1073
2 984
1 540
2 738
2 1342
2 1138
1 192
1 885
1 1264
1 1598
1 1013
2 1653
1 888
1 851
2 315
2 1204
1 661
1 172
2 1523
2 1419
2 1015
2 284
1 530
2 1544
2 556
2 1709
1 1604
2 1307
1 1190
1 1209
2 1768
2 4
1 1252
1 194
1 1564
2 944
2 1425
1 1293
1 390
1 550
2 724
1 756
2 1358
1 1728
1 1485
2 1423
2 320
2 1449
2 445
1 1557
1 1032
1 423
1 485
1 904
1 889
1 646
1 1500
2 996
1 670
1 1115
1 268
1 431
1 946
1 34
2 15
1 228
2 1318
1 737
1 1152
2 1119
1 1278
2 917
1 150
1 1791
1 1664
1 513
1 1242
2 137
1 1116
2 268
1 295
1 1420
2 717
2 257
2 327
1 873
1 42
1 1347
2 452
2 645
2 401
1 211
1 364
1 1147
2 896
2 387
1 1698
1 1649
2 49
2 1431
1 766
2 253
1 1297
2 1345
2 1069
2 1388
2 50
2 1029
2 1396
2 1387
1 1369
1 1675
1 90
1 1326
2 1350
2 521
1 953
1 1284
2 182
1 51
2 1124
1 1313
1 449
1 866
2 1066
2 1068
2 770
1 805
1 1211
1 509
2 179
1 1285
1 786
2 626
1 154
1 1777
2 347
2 209
2 795
2 289
2 418
2 661
1 926
1 816
1 206
2 1125
1 1532
2 243
2 463
1 1296
1 1533
2 1003
1 1692
2 757
1 1086
1 675
2 966
2 1704
2 1132
2 1246
2 710
1 217
1 1567
1 629
2 225
1 1310
1 856
2 1792
2 869
1 349
2 833
2 1126
1 340
1 1091
1 1647
1 1531
2 1419
2 1718
2 198
2 861
2 1777
1 692
1 484
2 450
2 552
2 220
2 288
2 650
1 1521
1 578
2 1310
1 771
1 216
2 1608
2 1578
2 1678
2 1789
2 698
1 921
2 1248
1 561
2 279
1 599
1 693
1 1653
1 796
2 37
2 1474
2 1668
1 1683
1 531
2 172
1 1025
1 1288
1 835
2 1546
1 870
2 275
1 1076
1 829
2 1020
2 617
2 1037
2 943
2 1389
2 1050
1 85
2 1316
1 1486
1 1600
1 713
1 1106
2 12
1 876
1 438
1 382
2 900
1 1348
2 1333
2 1117
2 294
2 189
1 568
1 1646
1 314
1 1605
2 468
1 1411
2 497
1 1039
2 403
2 635
1 1075
2 1474
1 77
2 1098
1 1364
1 338
1 83
1 957
1 1219
2 1304
2 1229
2 1184
1 1324
1 1270
1 35
2 680
1 200
2 289
1 696
2 1500
1 1194
2 1182
2 1163
1 1497
2 89
2 1360
1 808
2 1326
1 1590
1 269
1 1399
1 50
1 1406
2 782
1 87
2 644
1 476
2 778
1 222
2 1048
2 84
1 1243
1 544
2 527
1 1591
2 36
2 1485
2 1361
2 1488
1 1328
2 677
2 1154
2 735
1 534
1 2
1 335
1 474
1 504
1 39
2 1217
2 919
1 1282
1 861
2 942
1 519
2 128
2 315
2 1103
2 67
2 1121
1 1378
1 249
1 379
1 846
1 1782
1 805
1 570
1 1409
2 619
2 401
1 1055
2 1307
1 582
1 869
2 1376
2 643
2 337
2 1691
1 411
1 1065
2 980
1 1090
2 369
1 696
1 63
2 239
1 1617
2 539
2 1550
1 1518
2 602
2 459
2 780
1 97
1 241
2 1116
1 1118
1 1177
1 1156
1 1679
1 1538
1 2
1 242
2 1080
2 185
2 1390
2 330
2 384
1 173
1 1352
2 1570
2 1346
2 1708
1 1755
1 500
1 923
2 552
2 941
2 707
2 845
1 1568
1 1120
1 486
1 1465
1 1633
1 45
2 769
1 1150
1 189
2 1497
2 1278
1 1260
1 381
1 193
1 1572
2 1418
2 126
1 1680
2 1515
1 1308
2 640
2 1537
1 1687
1 1739
1 720
1 17
1 280
1 835
1 24
1 1579
1 1233
2 1391
2 918
1 1212
1 595
2 1594
1 1355
2 665
2 273
2 1677
2 884
2 1756
1 784
2 988
1 216
1 298
1 72
2 1751
2 1641
1 1237
2 1256
2 1352
2 973
1 1671
1 1061
2 443
2 7
2 533
1 1689
2 1004
1 419
1 738
2 433
1 903
2 663
1 946
2 532
1 1057
1 1556
2 430
1 1700
2 69
2 1351
1 1594
2 1355
2 1018
2 93
1 491
2 789
1 139
2 1674
1 1298
2 1450
1 1276
1 395
2 197
2 1166
1 1458
2 1181
2 1303
1 658
1 262
1 875
2 450
1 1079
2 327
1 1220
1 1408
1 286
1 226
2 1225
1 1747
1 481
2 1505
1 1114
1 1491
2 778
2 43
1 1752
1 803
2 392
2 304
2 817
2 772
2 1719
1 1221
1 882
1 1112
2 1101
1 1231
1 193
1 22
2 493
2 254
1 5
1 909
2 985
2 679
1 1197
1 147
1 1644
2 1235
2 329
1 150
1 1587
1 913
2 1055
2 561
1 1554
1 1696
1 98
1 690
1 1680
1 686
1 1289
1 608
2 893
1 25
1 1033
1 742
2 1034
2 1305
2 531
2 1402
1 1585
2 472
1 1315
1 503
2 643
2 1246
1 1028
2 1267
2 1591
2 732
2 1187
1 1561
1 215
1 1007
1 21
2 1206
2 1658
1 1366
1 1059
2 73
1 565
1 772
1 210
2 1732
