3600 2000
1 1517
1 1186
2 1641
2 1579
1 98
1 1670
2 1365
1 475
2 1046
2 222
2 1245
2 775
1 62
1 1617
2 124
1 1168
2 1213
2 810
2 561
2 1564
2 466
1 572
2 1288
2 1382
1 1219
1 288
1 1571
1 826
2 333
1 1020
2 1768
2 69
2 1772
1 335
2 704
1 1264
1 1106
2 202
1 1784
2 1025
2 1757
1 828
2 536
1 193
1 83
2 987
2 712
2 455
1 622
2 1416
1 1747
1 1452
2 747
1 1379
2 348
1 586
2 578
2 1440
1 755
1 1378
1 600
2 1113
2 1407
1 590
2 785
1 235
1 705
2 1392
1 441
2 7
2 256
1 1270
2 1404
2 115
2 1534
2 1458
2 637
2 1141
1 388
1 190
1 1604
2 1223
1 990
1 1702
2 1470
2 240
2 1599
1 1700
1 98
1 1524
2 1386
2 1619
1 975
2 1182
1 71
1 791
1 74
1 875
1 1735
2 802
1 669
1 24
1 845
2 293
2 140
2 389
1 384
2 1377
2 520
2 1099
1 1380
1 1651
2 908
1 403
1 1036
2 422
1 55
1 347
1 714
2 88
1 200
1 852
2 195
2 656
2 849
2 283
2 1537
2 1465
1 1690
1 407
2 75
2 1655
2 727
2 1667
2 502
1 1284
1 597
1 577
1 399
2 1283
2 1378
1 1185
2 698
1 1612
1 544
1 1
1 595
2 961
1 614
1 1514
2 1313
2 1584
2 378
2 1409
2 995
1 512
1 900
1 709
2 1535
2 1065
1 776
2 267
2 1686
1 557
2 1175
2 699
1 1434
1 1793
2 123
1 1776
1 498
1 1327
2 1167
1 428
1 388
2 441
1 917
1 621
1 1489
2 1090
2 598
1 1369
2 781
1 897
2 364
2 385
1 1730
1 638
2 452
2 1017
2 1110
2 1729
1 1089
2 883
1 302
2 311
2 529
1 1137
1 632
2 1589
2 50
2 334
2 909
1 1727
2 396
2 1676
2 913
2 177
1 144
2 421
2 1503
1 1651
2 1522
1 584
1 467
2 1142
1 557
2 252
2 1613
2 1294
2 832
2 921
2 848
1 179
1 666
2 1301
2 989
1 483
1 1300
1 332
1 138
1 39
2 729
2 47
2 1795
1 1410
1 1569
1 383
2 1360
2 304
2 690
2 1257
2 183
1 1703
2 1084
1 1494
1 888
1 679
2 513
1 879
2 656
2 1178
1 1593
1 899
1 638
1 103
2 950
1 35
2 1464
2 693
1 1529
1 1428
1 1749
2 1559
1 799
1 963
2 323
1 894
1 1429
2 333
2 1695
2 465
1 201
2 760
2 1304
1 1364
2 1705
2 931
2 142
1 1491
2 1531
2 284
1 1796
2 1508
2 1041
1 983
1 1156
1 1747
1 593
2 1344
2 286
1 1411
2 1440
2 1460
2 1527
2 118
2 1492
2 1513
1 902
2 1663
2 986
2 312
2 1437
2 711
1 1593
1 662
2 1102
2 1299
2 1119
1 1753
1 1095
2 1247
1 116
1 678
1 650
1 491
1 1574
1 1061
2 1430
1 725
1 735
1 772
2 939
2 479
1 141
2 550
2 208
2 684
1 364
1 187
2 280
2 1516
2 57
2 1718
2 448
1 1166
1 1184
1 691
2 643
2 592
1 748
1 1510
2 355
2 1221
1 160
1 1246
2 620
2 1711
2 395
2 1722
1 30
2 1284
1 933
2 512
2 579
1 487
1 803
1 768
1 432
2 1502
2 412
2 1083
1 226
2 145
1 1045
1 1720
2 654
2 1206
2 419
2 1203
2 298
2 1446
1 1108
1 1290
1 185
2 1639
1 1017
1 339
1 1001
2 991
2 1547
1 1210
2 889
2 513
1 539
2 149
2 1297
1 1160
2 1664
1 1131
1 1660
1 255
1 425
2 1526
1 1007
1 285
2 1124
1 455
2 1073
2 965
2 902
1 1349
2 352
2 1286
2 472
1 770
2 1552
2 325
1 1425
2 1152
1 1198
1 1592
1 331
1 277
1 1569
2 957
2 763
1 1465
1 1734
2 1471
2 1402
1 1086
2 1481
2 370
2 189
2 1272
2 1732
2 221
1 1246
2 1064
1 119
2 945
2 1612
2 495
1 1597
1 1539
2 1717
2 796
1 576
1 1408
1 456
1 174
2 88
2 1587
1 533
2 1030
2 79
2 128
1 263
2 745
2 1092
1 409
1 736
2 523
1 161
2 1444
2 1482
1 6
2 1688
1 1430
2 86
2 1285
1 1039
2 1162
2 384
1 665
2 741
1 1589
1 1128
1 19
1 737
2 1596
1 43
2 935
2 422
2 1117
2 1271
2 710
2 309
2 1081
2 764
1 1497
2 565
1 1447
1 601
1 56
2 1345
2 166
1 752
2 1722
2 1603
2 1462
1 1363
1 544
1 1185
2 751
2 1137
1 529
2 1143
2 28
1 1556
2 1634
2 920
2 264
2 1790
1 1474
1 833
2 946
1 1204
1 1287
2 118
1 251
2 1456
2 1356
2 815
2 1627
1 164
2 1689
2 1550
1 89
1 735
2 505
2 232
2 1196
2 36
2 125
2 1500
2 134
1 677
2 1079
2 1049
1 880
1 329
1 795
2 978
2 1071
1 331
2 406
1 1283
1 67
2 551
2 763
1 21
1 1551
1 20
2 1002
2 414
1 258
1 1401
2 845
1 42
1 1763
1 1281
2 321
2 23
1 1101
1 628
1 1164
1 1626
1 120
1 591
1 1598
1 447
1 663
2 1262
2 612
2 974
1 823
2 879
1 1396
2 1777
2 1636
2 180
1 1538
2 899
2 126
1 1310
2 863
1 292
1 401
2 254
1 1729
1 189
2 700
2 806
2 1363
1 1677
1 1225
1 630
1 297
1 549
1 1782
1 73
2 606
1 393
2 1328
2 625
2 581
2 1694
2 987
2 1118
1 983
1 129
1 571
1 979
2 988
2 313
1 1582
2 1273
1 315
1 631
1 869
2 726
1 1488
1 992
2 788
1 165
2 78
2 99
2 1056
2 1783
1 1306
2 766
2 1179
2 241
1 236
1 605
1 1751
1 861
1 258
2 11
1 370
1 805
2 1530
1 777
2 1139
2 1172
2 1721
1 157
2 535
2 767
2 1015
2 315
2 433
1 1498
2 1681
2 1531
1 550
1 138
2 107
2 1555
1 943
1 919
2 1649
2 326
2 1109
1 731
2 804
1 1296
2 105
1 1509
1 1637
2 80
2 696
2 1648
2 1217
2 746
2 17
1 615
1 1610
2 470
1 219
2 437
1 1654
2 1475
1 1375
1 1152
2 497
2 1333
1 38
2 941
2 699
2 1079
1 447
2 1721
1 278
2 1011
2 1314
2 1469
1 804
2 1629
2 1129
2 569
2 1094
2 486
2 882
1 1389
1 517
2 1396
2 1122
1 1251
2 866
1 743
2 1336
2 1642
2 1439
1 730
2 65
2 1335
2 1323
2 107
1 1329
1 75
1 620
1 490
1 482
2 511
2 1226
2 1454
1 506
2 1567
2 318
2 70
1 1471
1 1764
1 21
2 1
1 324
1 691
1 998
1 372
1 3
2 468
1 1740
2 980
2 1084
2 797
1 1279
2 838
1 819
2 1684
1 553
2 239
1 1085
2 1192
1 408
2 1457
2 105
1 1770
1 915
1 5
1 26
2 67
1 1701
2 1325
1 252
2 642
1 1166
1 559
1 537
1 47
1 1054
2 1034
2 1641
1 1689
1 453
2 1418
2 1558
2 659
2 413
2 319
2 619
2 627
1 1180
2 841
1 686
1 351
1 1518
2 652
2 1608
2 1397
1 676
2 345
2 148
2 344
2 825
2 1130
2 947
2 821
2 1346
1 641
2 839
1 1591
2 1774
1 1576
1 527
2 261
2 1666
2 1093
1 214
1 617
1 1438
2 909
1 1485
1 1711
1 731
1 1545
1 563
1 1364
2 830
1 476
1 1318
2 1148
2 779
1 942
1 1098
1 525
2 1326
1 405
1 1550
1 442
2 754
1 724
2 1212
2 1254
2 1034
1 1622
1 271
2 812
1 1248
1 1281
2 783
2 791
2 1719
1 1280
2 226
2 1309
1 168
2 1473
2 1475
2 1752
2 1014
2 1118
1 1125
2 1435
2 109
1 2
2 779
2 1520
2 385
1 1700
2 18
2 552
2 1578
1 1438
1 1691
1 366
2 565
2 1311
1 1029
1 1229
1 640
1 657
1 41
1 1456
2 1519
1 700
2 668
1 644
2 1442
1 855
1 808
2 767
2 393
2 868
2 108
1 211
1 1728
2 817
1 1269
2 740
1 1726
2 1235
1 1607
1 33
2 1759
2 1760
2 1495
2 38
1 1625
1 1027
2 1016
2 230
1 1373
2 802
2 1122
1 1532
1 493
1 1536
1 66
2 503
2 618
2 693
1 1021
2 302
2 1665
2 44
1 706
1 492
2 1011
2 489
1 140
2 569
1 1135
1 733
2 465
1 1636
1 534
1 139
1 1622
2 562
2 694
1 892
1 1222
2 762
2 218
2 725
1 1788
1 299
2 308
1 532
2 426
1 941
2 1455
1 814
2 159
1 63
2 786
2 1267
1 1352
2 509
1 1136
2 68
2 1656
1 652
2 574
2 498
2 940
1 1587
1 149
2 1570
2 480
2 387
1 1385
1 1327
1 1466
1 204
2 1678
2 1074
1 186
2 739
1 117
1 54
1 603
2 1510
2 986
2 570
1 1716
2 1609
1 1707
2 449
1 1629
2 368
1 1723
1 311
1 496
2 1006
2 1201
2 154
1 1422
1 1710
1 1245
2 12
2 1322
2 1057
2 956
2 1777
2 1001
2 1083
1 1453
1 1399
2 747
1 981
2 1673
1 1501
2 1377
2 1547
1 329
1 1463
2 624
1 1292
1 1398
1 466
2 117
2 539
1 1221
1 1308
1 578
2 716
1 577
1 1250
1 1505
2 1035
2 1303
1 352
1 1066
2 1498
1 1504
2 975
2 651
2 1210
1 541
1 895
2 973
1 1105
1 1563
2 1695
1 1685
2 1472
2 1228
1 1145
1 244
2 97
2 500
2 1339
1 1611
1 1797
2 1003
2 1032
1 1761
1 474
1 1494
1 1653
1 25
1 176
2 825
1 664
2 528
1 648
2 1577
1 243
2 889
2 74
2 104
2 446
1 85
1 129
1 1055
1 1335
1 1441
1 1733
2 1628
2 1793
1 1677
1 468
2 1362
1 1268
2 829
1 1713
2 1051
2 1582
1 1154
1 66
1 1098
2 580
2 1165
1 811
2 749
2 1313
2 92
2 296
1 896
1 1473
2 223
2 822
2 1624
1 1541
1 443
2 756
2 416
1 121
1 484
1 262
2 1187
1 494
1 131
1 32
1 1765
1 535
1 784
1 636
2 1663
1 994
2 563
1 1513
1 857
1 1691
2 1750
2 290
1 418
2 100
1 257
1 1675
2 237
2 1306
1 1484
1 1052
2 862
2 921
2 872
2 937
1 835
2 334
2 942
1 697
2 1693
2 571
1 1764
1 776
2 145
2 734
2 450
1 1782
1 1260
1 626
1 124
2 797
1 819
1 675
1 599
2 71
1 356
2 1391
2 1506
2 584
1 439
1 1517
1 741
1 1089
2 15
1 361
2 1046
1 1615
1 710
2 1400
2 1787
2 1019
1 1633
1 1277
1 169
1 1048
1 1213
1 1116
2 283
2 928
2 1337
1 690
1 788
1 1200
1 194
2 1350
2 820
2 1424
2 604
1 1338
1 1033
2 868
2 1133
1 1009
2 1647
2 1461
1 1400
1 640
1 886
2 1745
2 1755
1 245
2 886
1 94
2 203
2 1470
2 582
1 1315
1 1203
2 1699
1 1535
2 528
2 792
1 1144
2 1423
2 438
1 1357
1 522
1 45
1 890
1 552
2 655
2 1209
1 423
2 60
1 1781
2 1669
1 926
1 588
1 1676
1 127
2 770
1 1042
2 359
1 408
1 588
1 1321
1 989
2 507
1 842
2 1184
1 1317
1 310
2 166
1 1128
2 170
2 851
2 1668
1 1371
2 997
2 1467
2 1533
2 1178
1 99
1 1786
1 22
2 1740
2 1433
2 1595
2 1549
1 1474
2 1505
1 1156
2 373
2 516
1 811
1 349
2 796
1 225
2 1215
1 1304
1 1343
1 918
2 669
2 1317
1 1408
2 1447
2 376
2 1018
2 1504
1 1528
1 462
2 556
1 59
1 1358
2 184
2 589
1 607
2 812
1 1031
2 1630
2 1394
2 809
2 1405
1 531
1 712
1 1665
2 858
1 1331
1 8
2 1197
1 318
1 426
1 1439
1 1262
1 1121
2 49
1 1724
1 614
1 1521
2 1635
2 1459
1 1621
1 967
1 424
2 210
1 753
1 920
1 1709
2 175
1 526
2 1321
2 555
2 1162
2 1240
1 307
1 1149
1 1392
1 701
2 1072
2 854
1 492
2 854
1 1227
2 737
2 1242
2 1650
2 119
1 613
1 1016
1 1062
1 1518
1 644
1 860
2 1140
1 938
1 1769
1 1403
1 534
1 1323
2 376
1 1114
1 867
2 194
2 39
1 823
1 1224
1 519
2 1319
2 420
1 546
1 1263
2 1243
1 250
1 687
2 1586
2 993
1 1259
2 135
2 1766
1 250
2 872
1 914
1 128
2 1482
2 824
2 1005
1 1605
2 282
2 171
1 1093
1 300
1 291
1 1693
2 143
2 1000
2 504
1 1662
2 289
2 667
2 967
2 1103
2 658
1 477
2 803
1 1037
1 254
2 1104
1 1146
1 604
1 848
1 1652
1 1187
1 813
1 316
2 1696
2 1452
2 743
2 648
2 1350
1 971
2 1322
2 1423
2 17
1 773
1 1490
2 1207
2 707
1 581
2 1019
2 506
1 1357
2 1502
1 798
1 306
1 271
2 229
1 1232
1 715
1 259
2 1202
1 82
1 216
2 1337
2 1480
2 1735
1 125
2 507
2 184
1 1613
2 1264
1 1159
2 801
2 1606
2 215
1 1687
1 475
1 1728
2 457
2 860
1 1649
2 106
1 367
1 608
2 1461
1 1544
1 1252
2 231
2 1707
1 925
2 1225
2 1140
1 1059
1 1165
2 293
1 1705
1 1714
1 391
1 907
2 653
1 633
1 437
1 1503
1 1206
1 1389
1 1554
1 670
2 1182
1 757
1 622
1 1557
2 600
2 1199
2 1790
2 671
1 973
2 1765
1 765
1 1359
2 1568
2 1108
2 1282
2 1654
1 207
1 72
2 647
1 1500
2 1183
1 1285
2 1796
1 1480
1 1739
2 992
1 943
1 1744
1 358
1 404
2 971
1 984
2 527
2 295
2 126
2 102
2 151
1 488
1 279
2 1266
2 381
2 543
1 667
1 1779
1 959
2 1236
1 1536
1 1105
2 1731
2 1459
2 1779
1 1114
2 1678
2 1154
1 273
1 265
2 1155
2 54
2 1598
2 1798
1 152
2 1087
1 1176
1 386
1 1298
2 1618
1 611
1 559
1 674
1 115
1 490
2 58
2 1290
1 392
1 337
2 800
1 1103
1 1767
1 695
1 523
1 1706
2 1450
1 1748
2 394
2 713
2 402
1 1411
1 556
1 1353
2 1775
2 873
2 1332
2 1524
2 782
1 1616
2 760
1 1269
1 1774
2 573
1 964
1 833
2 1366
1 1075
2 1483
1 540
2 1315
2 1412
1 1202
1 1261
2 215
2 1169
1 684
1 1067
2 783
1 1647
1 598
1 968
2 1421
2 587
1 434
1 249
2 1736
2 1211
2 1451
2 1417
2 20
2 295
2 460
2 1124
2 926
1 981
1 1800
1 769
1 923
2 1334
1 842
1 1585
2 7
1 608
1 1003
1 1219
2 335
1 1030
2 56
1 37
1 1486
2 793
2 1214
1 1699
2 332
2 1253
2 1345
1 1431
2 198
2 446
1 697
1 1737
2 1426
1 1791
1 1698
2 623
1 1541
2 790
2 29
1 359
1 135
2 827
1 10
1 642
1 609
1 874
1 1012
2 305
2 944
2 1575
1 688
1 1302
1 1511
1 1671
1 396
1 514
1 24
1 1746
1 1230
2 1121
1 64
1 1672
2 704
1 314
1 1161
1 878
2 991
1 1477
2 1625
2 1340
1 866
2 68
1 957
1 821
2 1525
2 106
2 878
2 1157
1 123
2 444
2 1682
2 1386
1 1117
1 1338
1 951
2 1420
1 1584
1 1218
1 958
1 728
1 429
1 919
2 1528
2 664
1 417
2 1762
2 1296
2 171
1 499
1 382
2 998
2 1276
2 381
1 218
1 1488
2 1487
1 785
1 89
2 190
1 1207
2 454
1 1753
1 356
1 14
2 360
1 350
1 1416
1 1406
2 1614
1 196
2 1211
2 372
1 595
2 567
1 562
2 965
1 371
2 234
2 459
2 570
1 303
1 137
1 822
2 1320
2 1703
1 1603
2 1437
1 1781
2 104
1 1310
2 847
1 1208
2 533
1 1515
2 272
1 316
2 1752
2 48
2 1402
1 27
1 461
2 526
1 1236
1 1024
1 1507
1 464
1 1102
2 1336
2 990
2 1004
1 809
1 1132
2 815
1 580
1 1059
2 934
1 1063
2 686
2 73
2 771
2 382
1 1415
2 1683
1 314
2 1668
2 241
2 1682
2 1632
2 225
1 555
1 143
2 428
2 92
1 1674
2 1237
2 972
2 609
2 357
2 858
2 579
1 974
2 1069
1 718
1 708
1 328
1 4
2 501
2 1082
2 1384
2 518
2 1354
1 1609
2 1679
1 1491
1 1414
2 133
1 960
2 288
1 1326
1 272
1 480
1 692
1 28
2 1352
2 1149
1 615
2 636
1 616
2 884
2 1557
2 1714
1 629
1 1614
2 1576
2 575
1 1515
1 1126
2 81
1 1259
2 1138
2 724
1 1028
2 540
1 545
1 961
1 950
1 548
1 488
2 1551
2 464
2 1449
1 365
1 1005
1 651
2 759
2 233
2 517
2 276
2 1672
2 224
1 1485
1 1659
2 174
1 473
2 1655
2 1657
2 778
2 545
1 1750
2 1768
1 1197
1 547
2 31
1 1792
2 836
1 405
2 1607
1 701
1 1496
2 1091
2 596
1 1028
1 1151
1 522
2 1157
2 172
1 1212
1 158
2 173
2 390
2 122
1 25
1 806
1 101
2 970
2 1147
1 564
1 1445
2 1257
1 1554
1 1040
2 330
2 1467
2 1129
1 286
2 765
1 1303
2 16
1 1530
1 433
1 733
1 1057
2 470
1 818
1 1644
1 1637
2 1255
2 721
1 538
1 790
1 715
2 519
2 999
1 1115
1 703
1 1194
1 246
2 1684
1 1255
1 1231
2 473
1 275
2 674
2 1120
2 1442
2 1094
2 273
2 1116
1 1565
2 643
1 999
2 711
2 867
2 1148
2 84
2 740
1 1797
2 558
2 340
2 720
1 1632
2 55
1 1713
1 1020
1 1479
2 882
2 1062
1 262
1 538
2 1635
2 59
1 846
1 431
2 1602
2 1450
1 955
1 322
2 1120
2 1719
2 1720
1 893
2 568
1 1497
2 501
2 683
2 217
1 1173
2 401
1 730
2 1588
2 347
2 1704
2 1526
1 904
1 499
1 312
1 1014
1 120
2 479
1 561
2 50
1 1560
1 1342
1 489
1 966
1 1785
1 1493
1 219
2 235
1 985
1 593
1 211
1 1455
2 1772
2 354
1 840
1 1413
1 1052
1 792
2 238
2 365
1 995
2 133
1 1029
1 853
2 537
1 51
1 485
2 682
2 82
2 1311
2 309
1 14
1 1249
2 1640
1 1068
1 996
1 367
2 1302
2 1131
1 1180
2 1193
2 660
1 900
2 1662
1 1330
1 445
2 1168
2 1448
2 371
1 1424
2 726
2 924
1 948
2 386
1 1043
2 1370
2 269
1 1433
2 1250
2 1201
2 1756
1 443
1 1289
1 1036
2 881
2 213
1 910
1 1241
1 1216
1 113
2 1324
2 389
1 1150
1 838
1 69
1 1199
1 155
1 548
2 234
2 734
2 742
1 228
2 758
1 49
1 322
1 1373
1 391
1 863
1 554
2 1592
2 155
1 91
2 807
2 915
1 1248
2 1181
2 1742
2 197
1 810
2 246
1 1150
1 1053
2 1415
1 801
2 898
1 1758
1 723
1 876
1 800
1 1040
2 572
1 130
1 1333
1 576
1 485
2 1487
1 461
2 1274
2 655
2 175
1 1076
1 93
1 721
1 1314
1 44
1 930
1 683
2 1275
1 1742
2 77
1 1186
2 1623
1 982
2 79
2 1650
2 1791
2 1434
2 1427
2 659
2 83
1 1276
1 748
1 144
1 953
2 86
1 1008
2 305
2 132
1 1446
2 1715
2 1431
2 1486
1 1176
2 159
2 543
1 287
2 1642
1 1756
1 265
1 1023
2 968
2 874
1 1506
2 932
2 1048
2 1759
1 1136
2 146
1 199
2 1468
2 566
2 280
1 436
2 1088
1 1013
1 481
2 675
1 467
2 749
2 301
1 1725
2 337
1 626
2 888
2 342
2 984
1 510
1 1228
2 1289
2 976
2 327
2 1706
2 1680
1 953
1 1574
2 988
1 1244
2 298
2 477
1 1049
2 1080
1 1099
1 1191
1 1127
1 1738
2 268
1 1496
1 852
2 1739
1 1628
1 187
1 417
1 799
1 1520
2 1751
2 1483
2 191
1 355
2 603
2 681
2 780
2 1686
2 629
1 40
2 70
2 377
1 1620
2 794
1 228
2 321
2 1076
2 238
2 224
1 633
1 423
1 1324
1 1075
1 758
1 514
1 884
1 1731
1 736
2 685
2 508
2 623
2 1188
2 1007
1 911
1 353
2 1125
2 249
1 1053
2 1226
1 1594
1 1512
2 955
1 1573
1 922
2 1069
2 1476
1 738
2 759
1 289
2 546
2 1656
2 456
1 1538
2 755
1 1370
2 855
2 1568
2 912
2 1305
1 1775
1 1393
2 1432
1 994
2 1073
1 670
2 1068
1 723
1 156
1 503
1 432
2 1158
2 291
2 668
2 13
1 864
2 1060
1 264
2 1476
1 1561
2 834
1 871
1 1799
2 1343
2 1683
2 48
1 1227
1 817
2 1368
1 330
1 1763
1 646
2 1220
2 766
2 1111
1 958
1 551
1 717
2 1134
2 938
2 1060
1 436
2 200
2 645
1 828
2 1630
1 1425
1 1652
2 912
1 340
1 1130
1 1657
2 1780
1 247
2 1590
2 268
1 1368
1 413
1 1664
2 1773
2 907
2 360
2 1200
2 1224
2 281
1 435
1 948
1 275
1 843
1 30
1 1680
1 10
2 43
2 672
2 1112
1 1435
1 1643
1 661
1 1142
2 1762
2 1627
1 754
1 903
2 1361
1 1546
1 419
2 131
1 1767
1 430
2 1177
1 378
2 706
1 421
1 1623
1 203
1 515
1 1757
2 270
2 1566
1 1275
2 1399
1 952
2 1519
2 260
2 1133
2 1254
2 1325
2 649
1 217
1 1712
1 883
2 1013
1 877
2 366
2 1319
1 76
2 1716
1 1158
2 1571
2 52
1 156
2 9
1 1047
1 1247
2 722
1 722
1 112
2 348
1 1734
1 362
1 87
1 1353
1 292
1 520
1 1406
1 1113
1 698
1 859
2 1279
2 1077
1 374
1 709
1 407
1 985
1 864
1 369
2 1394
1 592
1 689
2 81
1 596
1 1006
1 1645
1 368
2 395
1 541
1 178
1 647
1 843
2 1282
1 807
2 934
2 673
2 1639
2 789
1 52
2 515
1 392
2 1658
2 1171
1 653
2 1305
2 95
1 970
2 851
1 11
2 757
2 1616
2 338
1 834
1 176
2 1537
2 862
1 1355
2 1553
2 946
2 91
1 628
2 982
2 775
2 1273
1 425
1 34
1 111
1 84
1 304
1 762
1 193
2 152
1 279
2 409
1 939
2 1478
1 1258
2 1004
2 1600
1 1143
2 1404
2 1548
1 182
2 1026
1 1679
2 440
2 1123
1 936
1 1723
2 1243
1 1405
2 27
2 929
2 1661
2 1508
2 1061
1 1230
2 695
2 530
1 205
1 462
1 671
1 363
2 1297
2 172
2 383
2 1391
1 1123
2 240
1 209
1 1626
2 486
1 891
1 893
2 1549
2 374
1 1583
2 1161
1 1645
2 150
1 147
1 1543
2 1789
2 61
1 764
2 1063
2 841
2 510
2 521
2 212
1 390
2 439
2 1312
2 216
1 266
1 1594
1 906
2 102
1 471
1 379
1 15
1 1395
1 768
1 1171
1 870
1 154
1 1600
2 231
1 1380
2 549
1 95
1 243
2 1346
1 1769
1 1669
1 494
2 1522
2 209
1 1784
2 451
2 192
2 482
1 354
2 1307
1 400
2 100
1 641
1 277
2 1572
2 1788
1 327
2 905
1 1070
1 1618
1 281
2 227
2 267
2 1232
1 1590
2 908
2 1532
2 458
1 554
1 247
1 1139
1 206
1 476
1 1170
2 483
2 761
2 1561
2 136
2 1688
2 380
1 434
1 472
2 1071
2 1316
2 42
2 1172
2 951
1 1309
2 739
2 1648
2 1169
1 1026
2 1414
1 1741
1 1134
1 1611
2 1580
1 350
1 1135
2 849
2 153
2 610
2 1312
1 1620
2 594
1 191
1 1443
2 784
2 1088
1 77
2 824
1 1542
1 214
1 223
1 935
1 45
1 1354
2 346
2 284
1 161
2 412
2 320
1 122
2 1234
2 136
2 530
2 960
2 361
1 1067
1 751
2 1351
2 344
1 639
2 263
2 351
1 1429
2 1065
2 1126
2 1666
2 373
1 1294
1 1238
1 778
1 1334
1 606
1 266
1 1390
1 1268
2 1559
2 677
1 1288
1 1441
1 1367
2 1448
2 585
1 36
1 1234
2 114
2 1301
2 1291
2 925
2 1543
1 206
1 601
2 1110
1 1054
1 165
2 521
1 484
2 1748
2 1332
1 403
2 1050
2 836
2 877
2 31
1 1573
2 1542
1 1195
1 41
1 127
1 319
2 346
2 680
2 518
2 93
1 1744
2 137
2 179
1 705
2 202
2 442
2 1242
2 76
1 1717
2 435
2 110
1 1661
2 1608
1 1193
2 1712
2 1501
2 474
2 220
1 505
1 780
1 1293
2 1010
1 294
2 1175
1 453
1 1252
1 399
1 1359
2 1173
2 394
1 676
2 1413
1 222
2 827
1 1786
1 1701
2 1127
1 1220
1 1239
1 1407
2 478
1 719
1 694
2 1045
1 728
2 232
1 320
1 1708
1 929
1 198
2 146
2 317
1 729
2 195
2 324
1 1743
2 416
1 1039
2 398
1 895
1 1341
1 850
1 591
1 597
1 1263
2 1418
1 1251
2 903
1 1160
2 1163
2 927
1 679
1 542
1 913
2 869
2 438
2 1469
2 410
2 1643
2 1388
2 1702
2 976
2 830
2 798
1 996
1 1605
1 1546
1 1119
2 148
1 732
1 844
1 274
1 300
1 918
2 1783
2 33
1 1443
2 478
2 1577
1 1383
1 1778
2 1746
1 253
2 959
2 847
2 1760
2 1766
2 1278
1 1064
1 380
2 1372
2 816
2 781
1 1667
2 853
2 338
1 928
2 1231
2 23
1 402
2 1697
1 924
1 1484
2 871
2 980
1 771
2 114
1 1596
2 1745
1 357
1 411
1 568
1 901
2 65
1 611
2 665
2 1078
1 1419
2 1244
1 887
2 1367
1 1780
1 752
1 1331
2 945
2 3
1 6
2 1307
2 101
2 831
1 1401
2 947
1 1318
2 205
2 718
2 358
2 63
1 398
1 230
1 774
2 1558
2 94
1 1170
1 1086
1 1694
1 840
2 619
1 181
2 646
1 685
2 183
1 1412
1 1395
1 153
1 856
1 1191
1 1298
2 881
1 738
2 1092
1 1427
2 1692
1 471
1 682
1 13
2 813
1 1698
2 649
1 244
2 362
1 313
1 880
1 96
1 745
1 1174
2 1670
1 134
1 85
1 1111
1 257
1 1586
1 808
2 906
1 1509
2 1021
2 940
1 782
1 1773
1 1159
1 481
2 1138
2 1360
1 624
2 1018
2 696
1 582
1 861
1 1339
2 1755
1 716
1 1027
2 1444
2 1575
2 57
1 397
1 64
2 221
1 1047
1 1562
1 448
2 1771
2 1690
2 1374
1 253
2 1606
2 753
1 761
1 1215
2 96
1 1674
1 1361
1 1644
1 1619
1 1795
1 964
2 1233
1 820
1 5
1 931
2 181
1 1581
1 1453
1 1566
1 1070
2 1256
1 1785
1 969
2 1708
1 1463
1 898
1 1527
2 310
1 1798
1 634
2 1132
2 110
1 1583
2 1730
2 979
1 1409
2 1379
1 536
2 353
1 269
1 599
2 1792
1 427
1 922
1 1385
1 1106
1 1107
2 87
2 109
2 627
2 635
1 40
2 1597
2 639
2 1107
2 248
2 1732
1 192
2 1464
2 1253
1 1237
2 1189
1 1570
2 1209
2 459
2 1151
2 1560
2 457
1 1025
2 1704
1 1794
1 1216
1 1741
1 933
2 1177
1 1308
1 1195
1 1754
1 1270
2 1521
2 1358
1 573
1 1799
1 1387
2 29
2 163
2 1229
1 53
1 236
2 379
1 51
1 525
1 814
1 1604
2 558
2 831
2 162
1 387
2 46
2 287
1 1249
2 708
1 789
2 680
1 1646
1 90
2 167
1 111
2 566
1 363
1 795
1 916
2 910
1 157
1 1601
1 1421
2 769
2 147
1 897
1 1581
2 1572
2 255
2 1362
2 1090
1 1472
2 1460
1 1671
2 197
1 1205
2 1436
2 160
2 142
2 1348
1 892
1 1761
1 1601
2 343
1 431
1 34
1 1374
1 1291
2 1602
2 132
1 524
2 1012
2 168
1 1330
1 1687
2 1265
1 914
1 303
2 196
1 1499
2 328
2 19
1 625
2 1144
1 1789
1 450
2 516
2 654
2 901
1 672
1 1432
1 727
1 1008
2 1208
1 1091
2 937
2 1095
2 463
1 1633
1 1621
2 1258
2 997
2 487
2 1388
1 1100
1 1167
1 1058
2 1347
1 875
1 1565
1 418
2 1675
2 1436
1 1340
2 1490
2 1646
2 1320
2 460
2 53
1 1640
1 687
1 1023
1 308
1 923
2 662
2 1445
2 1109
2 542
2 857
1 873
2 805
1 1375
1 742
2 493
2 714
1 58
1 631
1 583
2 1727
2 1659
2 207
2 772
2 1051
2 233
2 616
2 1758
1 1272
1 1194
1 963
2 590
1 1024
1 26
1 1348
1 158
1 1725
2 317
2 1115
1 1477
2 553
2 1085
2 1233
1 469
1 1599
2 1737
2 1204
2 1660
2 60
2 1617
2 1087
1 1316
2 1534
1 890
1 1163
2 1376
1 1624
1 8
2 1349
1 414
1 1260
2 617
2 865
2 1492
2 787
2 1365
2 692
2 1393
2 1552
1 1235
2 341
2 251
2 411
1 227
2 1718
2 1548
1 777
2 1066
2 1384
2 1043
1 377
2 936
2 1523
1 1692
1 949
1 524
1 586
1 904
1 1426
1 944
1 602
2 634
2 46
1 657
2 400
2 1342
2 1238
1 1595
2 956
2 876
2 972
1 532
1 1344
2 1022
2 744
2 204
1 1381
2 420
2 1376
2 1726
2 613
1 1563
1 688
1 290
2 954
1 504
1 342
1 454
2 602
1 1585
1 1638
1 1038
1 1724
2 1174
1 1454
2 245
1 1771
1 1050
2 905
1 1658
1 449
1 1146
1 37
2 1382
1 1516
1 850
2 865
1 1080
2 916
2 1743
2 560
1 1588
1 1038
1 162
1 1539
1 1478
2 954
2 1002
2 702
2 689
1 80
2 1556
1 1044
2 1681
1 451
1 1776
2 1104
1 239
1 1499
1 1300
1 511
2 1190
1 170
2 404
1 1420
1 1733
2 660
1 1369
2 583
1 1072
2 188
1 1274
1 62
2 574
1 978
2 1493
2 1710
1 1540
2 1239
2 666
2 1293
2 1032
2 1371
2 1794
2 1410
1 1198
1 178
2 816
2 610
2 72
2 859
2 210
1 164
1 1397
1 632
2 90
1 1673
1 1387
1 237
2 61
2 349
2 585
1 949
1 299
1 1468
1 1000
1 713
1 345
1 169
2 673
2 1479
2 1564
1 1696
1 1295
2 4
1 826
1 894
2 787
2 839
1 663
1 917
2 618
2 885
2 719
2 1507
2 336
1 186
2 1261
1 962
1 16
1 605
1 35
1 1055
2 829
1 497
2 22
1 375
1 962
2 415
1 1329
2 844
1 594
1 185
2 1189
2 259
1 650
2 612
2 278
2 201
1 336
1 1112
2 977
2 818
1 1299
2 1555
2 276
1 458
2 424
2 1078
2 229
1 326
1 248
1 756
1 1101
2 1022
1 1685
1 260
1 1489
2 1533
2 927
1 167
1 375
2 837
2 139
1 896
1 116
2 1403
1 564
2 1591
1 1631
2 1280
2 1366
1 575
2 1383
2 837
2 1096
2 930
2 681
2 717
2 1390
1 199
1 856
1 885
1 635
1 969
2 1271
2 1265
1 463
2 1514
2 1749
1 180
1 173
1 1615
2 887
1 977
2 208
1 1495
1 1031
2 1214
1 1578
1 1082
1 1181
2 1035
1 341
2 607
1 1286
2 429
1 1223
2 495
2 1241
2 108
1 1634
1 242
1 297
2 270
1 1419
2 1100
2 1462
2 1631
1 242
2 141
1 256
1 1553
1 567
2 220
1 1097
2 1512
2 339
2 150
2 1754
1 97
2 1240
1 397
2 452
2 1081
1 637
1 1077
1 1523
2 430
2 440
1 427
1 130
2 1540
1 645
1 285
2 531
1 750
1 1042
1 1190
2 103
2 163
1 296
2 1010
2 1800
2 786
1 560
2 1347
2 1451
2 1009
2 1736
2 832
1 1033
1 1356
2 1381
1 1179
2 911
1 406
1 325
1 343
2 1295
2 301
1 410
1 870
1 1715
1 1398
1 177
2 1770
2 1545
2 1044
2 732
2 720
1 1141
2 952
1 1196
2 18
1 121
2 1277
1 773
2 1267
2 891
2 932
1 294
2 323
2 182
1 1153
1 1422
1 496
1 793
2 1449
1 500
1 587
1 444
1 1787
2 1610
1 32
2 1183
2 509
2 1153
1 1697
2 744
2 589
2 213
1 993
1 1015
2 274
1 1164
1 750
1 151
2 746
1 966
1 621
2 1147
1 1287
1 9
1 1481
2 212
1 1041
2 112
2 703
2 502
2 1738
2 547
1 678
1 1145
1 415
1 445
1 469
2 1638
1 369
2 1525
1 1529
1 1778
1 1074
2 1328
2 1544
1 661
1 1097
1 1037
1 1579
1 1188
1 1567
1 846
2 658
2 1709
1 707
2 1466
2 702
1 1417
2 774
1 1217
2 835
1 78
2 1341
2 1457
1 1222
1 1511
2 188
1 12
2 491
2 1256
2 1155
1 261
1 2
1 1192
2 1355
1 1653
1 1266
1 1372
2 1205
1 282
1 307
1 794
1 630
2 1428
1 1292
2 306
1 1278
2 1580
1 113
1 508
1 1056
1 1562
2 1218
1 1458
1 1351
1 1096
2 1058
