3100 2000
2 559
1 615
2 859
1 1277
1 1214
1 115
1 490
2 1120
1 700
2 716
1 1227
2 809
2 648
2 1385
1 714
2 817
2 270
1 433
1 1109
2 1391
1 902
1 995
1 961
2 303
1 782
1 412
2 1533
1 1119
2 137
2 694
1 682
2 75
2 1242
1 149
1 1265
2 1479
2 1463
1 403
1 754
2 191
2 312
1 597
1 798
2 827
1 1514
2 230
2 1270
1 989
1 1458
2 102
1 891
1 534
2 1074
1 345
1 930
1 985
1 738
1 1108
1 532
2 448
1 1196
2 342
1 577
2 1510
2 811
2 206
1 1310
1 936
2 1020
2 399
2 1124
2 1369
2 1153
1 1550
1 207
1 1126
1 1046
1 149
2 2
2 1534
1 322
1 1027
2 1090
2 1477
1 996
2 1356
2 436
1 236
1 37
2 1041
2 385
2 582
2 208
1 374
1 282
2 320
2 351
1 795
2 1543
1 310
2 830
1 295
1 80
2 838
2 151
1 810
2 1503
1 1186
1 62
2 24
2 1273
2 1299
1 97
2 771
1 3
1 564
2 1476
2 164
2 1313
1 16
2 419
1 74
2 631
1 1469
1 1005
1 891
1 46
2 387
1 1131
1 1259
1 114
2 1286
1 505
1 251
1 184
2 1130
1 1549
2 1528
2 409
2 719
1 874
1 290
1 1546
2 1488
1 1256
2 1414
1 174
2 732
2 391
2 705
1 418
1 1308
1 1155
2 157
1 256
2 1095
1 87
2 425
2 998
1 537
2 251
1 1167
2 1132
1 250
2 199
1 1214
1 475
2 1398
1 217
1 702
2 767
1 969
2 1116
2 951
2 1429
1 280
2 1523
1 1023
2 1109
1 723
2 480
1 101
2 1083
1 1424
2 136
1 1342
1 469
1 736
2 1388
1 503
1 934
2 1271
1 5
2 408
1 733
1 777
1 1237
2 566
2 1314
2 1328
2 851
2 1038
2 1212
1 227
1 1139
1 1468
1 460
1 190
1 168
2 346
2 802
1 170
1 245
1 363
1 1208
2 1154
2 143
2 1100
2 1263
1 724
1 1040
2 441
2 1473
1 1320
2 1466
1 1427
1 1173
1 1517
2 628
2 1024
1 1512
2 748
1 271
1 948
1 509
1 506
1 1494
2 1332
1 469
2 96
2 1077
1 488
2 369
1 1351
1 204
1 1223
1 862
2 317
1 1497
1 520
2 453
1 532
2 587
1 58
2 747
1 1246
2 1377
1 711
2 586
2 327
2 1205
2 203
1 1505
1 1270
2 752
2 804
1 209
1 771
2 380
2 1435
1 128
1 304
2 881
1 247
1 433
1 422
2 836
1 600
2 413
1 490
1 265
2 1436
2 52
2 1328
2 1076
2 202
2 439
1 1484
2 1157
2 185
1 1483
1 160
2 23
2 430
1 995
1 1112
1 63
2 68
2 1298
2 290
2 332
1 491
2 489
2 449
1 1064
1 209
1 915
2 330
2 1408
2 1277
2 34
2 1386
1 861
2 827
2 1500
2 588
2 734
1 674
1 1023
1 556
1 383
1 38
1 1228
2 729
1 675
1 772
1 1235
2 95
1 668
1 617
2 1102
2 528
2 946
1 1125
1 1294
1 623
1 1190
2 177
2 1077
2 158
1 447
2 288
2 377
2 668
2 539
1 651
1 1084
2 910
1 1011
2 556
1 1232
1 1303
2 657
1 594
2 1060
1 325
2 904
2 1190
1 1284
2 1268
2 764
1 1534
2 180
1 65
1 855
2 1254
2 1295
2 193
1 1531
2 1430
2 265
1 683
2 1128
2 1051
1 1235
2 691
2 91
1 767
1 651
1 1422
1 655
2 620
2 835
1 863
2 1510
1 634
2 1481
1 1299
1 1029
1 1010
2 746
1 1346
1 1346
1 398
1 346
1 394
2 875
1 1419
1 726
2 1312
1 988
1 540
2 885
1 867
1 69
1 632
1 269
1 1408
2 1122
2 613
1 641
1 1515
1 898
1 1170
1 1191
2 1279
2 503
2 659
1 1141
1 135
2 508
1 238
2 665
1 1108
1 1207
2 1361
2 749
1 999
2 654
1 980
1 917
1 897
2 830
1 1538
1 351
1 337
1 660
2 1163
1 1129
1 273
2 366
1 420
2 1410
1 1296
2 1228
2 1533
1 1001
2 165
2 1285
2 828
2 869
2 1254
2 912
1 286
2 392
2 872
1 311
1 93
2 1311
1 614
1 546
2 1202
2 1043
2 1011
2 1421
1 1364
2 925
1 1412
2 1314
2 299
2 609
1 866
2 391
2 93
2 177
2 884
1 1367
1 1337
1 1187
1 56
1 226
2 873
1 826
1 976
1 497
2 51
2 264
1 1144
1 1189
2 1221
1 791
2 1082
1 1505
1 1034
2 694
1 650
2 1074
2 268
1 501
1 1103
2 293
2 368
2 485
1 94
2 634
1 937
2 228
2 1350
1 264
1 379
2 53
1 1143
1 1202
1 178
1 166
2 977
1 160
2 530
2 854
2 479
1 922
1 1548
2 515
2 501
1 518
2 476
1 118
1 142
1 807
1 1372
2 1021
2 214
1 1088
2 341
1 706
2 713
1 1238
1 523
2 882
1 535
1 19
2 811
1 1357
2 187
2 675
2 1440
2 1152
2 106
1 1169
1 1049
1 487
1 26
2 1
2 28
2 1470
1 1419
1 1046
2 1370
1 1306
1 1284
1 161
2 186
2 132
2 1400
2 266
2 1339
1 816
1 1439
2 325
1 773
2 1318
2 1300
2 1209
2 981
1 308
2 1357
1 326
1 841
2 377
2 467
1 553
1 1427
2 1459
2 89
2 663
1 205
1 1428
2 484
2 272
1 763
2 661
2 1176
1 512
2 322
2 10
2 1481
2 598
1 913
1 301
1 742
2 1159
2 292
1 110
1 196
1 274
1 692
1 1502
2 1382
1 1536
1 1029
1 1384
1 1052
1 595
1 986
2 938
1 559
2 944
1 296
1 966
1 689
2 1374
1 1193
2 964
1 1548
2 465
2 666
2 1363
2 298
1 1099
1 800
2 27
2 198
1 683
1 724
2 230
2 191
2 545
2 57
1 1234
2 655
2 224
1 1037
1 1160
2 1118
1 39
1 1360
2 461
1 140
2 78
1 672
2 781
2 953
2 429
2 1323
1 111
2 489
1 1135
1 113
2 1402
2 1391
1 529
1 901
1 1042
1 26
1 172
1 791
1 1087
2 1494
1 507
2 544
2 920
2 82
1 569
2 868
2 1512
1 832
2 223
1 104
2 615
2 1403
2 644
2 1348
1 1183
1 103
2 753
1 500
1 222
2 1104
2 389
1 693
1 108
1 531
1 650
1 681
2 365
1 622
1 1304
2 690
2 1198
2 1465
2 1434
2 449
2 750
1 1395
2 714
2 1305
2 468
2 227
1 1026
1 360
1 243
2 55
1 316
2 1307
2 540
1 747
2 1258
1 642
1 1537
1 1180
1 807
2 947
2 335
1 1350
2 632
1 1473
2 701
1 423
2 1354
1 1539
2 1324
1 1252
2 1476
2 471
1 1301
2 1094
1 1256
1 1219
1 1341
1 864
2 831
2 535
2 1493
1 1111
2 656
2 1354
1 678
1 460
1 1518
2 835
1 350
1 1189
2 736
1 639
1 951
2 621
2 1495
1 1412
2 992
1 1187
1 516
2 1213
2 242
1 1210
1 182
2 1103
1 73
2 257
2 850
2 806
2 450
2 263
2 269
2 990
2 190
1 1174
1 462
2 219
2 447
2 890
2 731
1 1013
1 225
2 1376
1 942
2 1369
2 1226
2 1083
1 244
2 806
1 1165
2 139
1 1515
1 872
1 1063
2 1053
1 1098
1 163
2 1365
2 352
2 796
1 90
1 1188
1 558
2 1062
2 376
1 1056
2 426
1 221
1 1304
2 1416
1 289
1 1177
1 1184
1 585
1 707
2 931
1 569
1 819
2 357
1 1484
2 1333
2 927
1 70
1 1382
2 232
2 846
1 1069
1 1462
2 903
1 550
2 1057
2 1437
2 64
1 786
1 499
2 1106
1 1097
2 1499
2 1050
1 241
1 1279
2 1137
1 1249
1 1217
2 205
1 1223
2 311
2 757
2 222
1 879
2 1055
2 664
2 513
2 1394
2 352
2 808
1 656
2 864
2 989
2 574
1 1433
1 496
1 1066
2 1332
2 743
2 120
2 697
1 575
2 406
2 728
2 941
2 789
1 741
1 1428
1 645
2 106
1 101
1 1390
1 945
2 361
2 285
2 1002
1 1245
1 941
2 538
2 618
2 7
2 252
1 300
1 679
1 1525
1 1386
2 979
1 1243
2 1084
2 1125
1 145
2 956
1 246
1 823
2 1262
2 595
2 1413
1 533
1 687
2 996
2 585
1 417
1 746
1 1398
2 224
2 1498
1 259
1 1298
2 161
1 824
1 796
2 1091
1 1440
2 1349
2 525
2 50
1 968
2 895
1 102
2 40
1 117
2 99
1 1443
1 393
2 757
1 1318
1 1365
2 601
1 774
2 784
1 1516
1 33
1 593
2 952
1 314
1 1404
2 945
1 42
1 1038
2 148
1 188
1 1289
2 364
2 1044
1 188
2 1489
2 1172
2 986
1 1079
1 1275
1 409
1 181
2 563
2 925
2 1509
1 329
2 67
1 431
2 1504
2 537
2 1426
1 785
1 707
1 1071
1 1209
1 999
1 979
2 820
2 1395
2 755
2 453
1 919
2 843
2 685
2 1465
1 343
2 764
1 1329
1 662
1 142
1 511
1 797
2 147
1 1207
2 321
2 1334
1 982
2 9
2 372
2 480
2 1140
1 31
1 611
1 402
1 1151
1 229
1 677
1 770
2 451
1 624
2 414
1 6
2 279
2 1012
1 533
2 231
1 939
1 213
2 1200
1 212
2 506
2 1243
1 54
2 233
1 1222
1 438
1 94
2 1333
1 878
2 1500
1 562
2 974
2 954
1 720
2 725
1 1545
2 300
2 719
2 483
1 696
2 1442
1 1220
1 491
1 315
1 1148
2 669
1 358
2 1026
2 1166
1 781
2 1067
1 203
1 179
2 643
1 118
2 527
2 216
1 933
2 406
2 1295
2 184
1 487
2 1446
2 18
2 100
2 477
1 1205
2 119
1 32
2 173
1 578
2 942
1 653
2 1290
1 884
1 1303
1 886
1 193
1 124
2 697
1 1015
1 345
1 16
1 284
2 859
2 842
1 1522
2 1541
2 671
1 888
1 1274
1 589
1 1486
2 463
2 1378
1 653
2 309
1 561
2 1453
2 213
1 1414
1 1242
1 1502
1 419
2 1475
2 131
1 74
2 605
1 301
2 1218
1 1110
1 997
2 411
2 439
2 1442
2 384
1 1542
1 916
1 17
1 1248
1 71
1 1158
1 1018
2 1444
1 309
1 1266
2 1035
1 1060
2 410
2 1262
2 1226
1 1538
2 713
2 527
1 852
2 371
2 1335
1 502
1 163
1 392
2 442
1 1068
1 572
1 448
2 61
1 977
1 472
1 1508
1 239
2 623
1 682
2 198
1 1014
2 1547
2 276
2 1179
1 1415
1 1002
1 1492
1 1107
2 1435
1 828
1 1229
1 1172
2 938
2 1403
1 1245
2 722
2 709
1 294
1 1511
2 731
1 393
2 129
1 847
1 415
1 529
1 1107
1 906
2 1230
2 1090
2 348
2 1221
1 1239
1 1171
1 1137
2 79
1 331
2 583
1 494
1 220
1 1255
2 477
1 813
2 1131
2 1521
2 1323
2 712
1 658
2 964
1 1471
1 1175
2 622
2 1397
2 1368
2 483
2 547
1 259
2 587
1 522
2 1291
2 601
1 560
2 1199
2 889
1 1224
2 1136
2 627
1 435
2 200
1 728
1 1236
2 592
2 1007
2 725
1 349
1 680
1 531
2 1449
1 1443
2 917
2 486
2 603
1 1088
2 718
1 684
2 689
2 1331
2 1151
2 5
2 551
2 765
1 613
1 935
1 194
1 1280
2 217
1 1309
2 236
2 892
1 1278
2 22
2 21
1 297
1 842
1 1047
2 92
1 663
1 1031
2 381
1 576
1 571
1 1448
2 492
2 405
2 162
2 463
2 967
2 920
2 515
2 1124
1 1121
1 404
2 730
1 139
1 1024
2 1179
1 47
1 708
2 1445
2 60
2 362
2 378
2 684
1 180
1 1163
1 424
1 894
2 1487
1 750
1 457
1 1511
2 900
2 780
2 1340
2 456
1 21
2 1342
2 507
1 441
1 1387
1 267
2 558
1 254
2 1104
1 923
1 437
2 337
2 248
2 1325
2 847
1 1470
2 812
2 348
1 304
1 333
1 762
2 1390
1 1259
1 30
1 1457
2 141
2 196
2 1411
1 932
1 579
2 504
2 876
1 814
1 1211
1 1324
2 1392
1 254
1 474
2 1145
1 553
1 113
2 146
1 759
2 519
2 1105
2 355
2 1048
2 693
1 335
2 619
1 454
2 1420
2 937
2 1472
1 704
2 788
1 426
1 1359
1 356
1 114
2 1231
2 1344
2 138
1 870
2 1474
2 415
1 473
1 794
1 122
2 580
2 885
1 583
1 914
2 794
2 1195
2 25
2 638
2 1181
1 863
1 349
1 497
1 262
2 1361
2 804
2 314
2 1456
2 502
1 1194
1 955
2 776
2 274
2 1425
1 1451
2 1257
1 1127
1 1545
1 1376
1 513
2 1499
1 112
1 1367
1 1268
1 328
1 935
1 1520
2 1487
2 1292
1 1451
2 340
2 50
2 813
1 340
1 1156
2 1330
2 649
2 1091
2 62
2 965
2 1217
2 285
2 1416
2 1352
2 846
2 65
2 1121
2 202
1 590
2 1031
1 407
2 612
1 931
2 691
1 637
1 673
2 1399
2 432
1 801
2 382
2 805
1 840
2 520
1 621
2 496
1 268
1 115
1 258
1 396
2 156
1 1466
1 557
2 1432
2 59
2 1464
1 312
2 939
1 1436
2 637
2 155
1 1432
2 110
2 326
2 1378
1 135
2 1005
2 66
2 669
1 29
1 628
1 890
2 334
1 323
1 86
2 1030
2 957
2 766
2 299
1 541
1 1345
1 991
1 1035
2 1294
1 1315
1 1433
2 1092
1 20
1 68
2 857
1 276
1 1070
1 34
1 709
1 167
1 1343
1 500
1 1025
2 960
2 344
1 1490
2 1475
2 1045
2 238
2 162
1 1537
2 1019
1 1525
1 129
2 140
2 353
1 440
1 797
2 619
1 287
2 472
2 761
1 174
1 58
2 1326
1 1519
2 715
1 522
2 60
2 1183
2 1257
1 778
1 470
1 1147
1 122
1 630
1 389
2 1501
1 1201
1 905
1 1033
2 356
1 568
1 1519
1 1407
1 305
1 752
2 1177
2 773
1 1306
2 46
1 396
1 1409
2 703
1 589
2 1353
1 1063
2 923
1 991
1 444
2 1130
2 983
1 980
2 354
1 858
2 206
2 737
1 961
2 318
1 73
2 116
2 237
1 1379
2 880
2 1423
1 911
1 1452
1 871
1 1445
1 1338
2 959
2 907
1 1409
1 423
2 1297
1 610
1 740
1 478
1 249
2 192
1 49
2 1069
2 856
2 910
2 1075
1 1013
2 983
1 1016
2 1460
1 48
2 1280
2 317
2 649
1 1296
2 55
2 717
1 805
2 1321
2 635
2 1478
2 2
2 704
1 15
2 1139
2 1152
1 42
1 1482
2 517
2 420
1 514
2 1267
2 275
2 967
2 1015
1 1127
1 790
2 451
1 948
1 176
1 1489
2 1309
1 1093
1 867
1 1392
2 229
1 510
2 903
1 638
2 1450
2 1244
1 1453
1 1336
1 1120
1 273
1 457
2 1508
1 179
1 1381
1 1293
1 13
1 1044
2 758
2 742
1 284
2 67
1 617
2 1197
2 117
2 625
2 966
2 868
2 698
1 85
1 461
1 611
2 103
1 97
1 344
1 1379
1 1258
2 685
1 734
2 252
1 260
1 826
1 136
2 630
2 953
2 1176
1 710
1 698
2 1532
1 1526
2 861
1 616
1 119
1 63
1 1330
2 347
2 1313
2 401
1 1
2 1117
2 123
1 1364
2 83
2 401
2 1162
2 1349
1 400
2 627
2 424
2 775
1 1072
1 900
2 1447
2 518
1 538
2 755
1 1030
1 12
2 819
2 572
1 1411
2 599
1 549
1 896
2 542
2 386
2 154
2 7
2 786
2 509
2 1126
2 1102
1 247
2 882
1 248
1 1315
1 730
2 1327
1 1154
1 53
2 1085
2 85
1 676
1 933
1 775
2 197
1 256
2 644
2 544
1 233
1 825
1 1182
1 44
1 799
2 354
2 51
1 1055
2 603
1 575
2 1406
1 98
2 1106
2 1509
2 565
1 584
2 1115
1 313
2 1543
1 1054
1 739
2 1076
2 18
1 1418
1 183
1 262
1 860
1 1393
2 562
1 924
2 1162
2 1211
1 1472
1 257
2 700
2 608
2 1492
2 82
2 388
2 1269
1 207
1 1028
2 1167
1 887
1 1240
2 492
2 591
2 679
2 218
2 333
1 8
2 856
2 576
1 751
1 1145
2 567
1 887
1 181
1 1222
2 1149
1 652
2 1135
1 1150
2 1164
2 706
1 690
1 412
1 1531
2 89
1 1204
1 994
2 599
2 1003
1 1132
1 199
1 1447
2 1501
1 1115
2 984
2 756
1 358
1 620
2 676
2 1496
2 1140
1 133
2 1491
1 702
1 739
2 1423
1 1241
2 1061
1 536
2 145
1 673
1 666
1 854
2 1186
2 586
2 839
2 371
1 1317
2 1347
2 336
2 1122
2 722
1 38
1 1410
2 780
1 753
2 153
2 790
1 1283
1 971
1 437
2 319
2 545
1 1098
2 600
1 664
2 1247
1 776
1 972
1 717
2 543
1 1116
2 906
2 1197
2 557
2 1362
1 566
2 787
1 1056
1 411
1 282
2 924
1 670
1 963
1 858
2 911
1 1394
1 1434
2 550
1 792
2 658
2 874
1 320
2 820
1 66
2 1157
1 798
1 1362
2 386
2 851
1 336
1 784
2 1218
2 801
1 1479
1 692
2 272
2 1438
1 35
2 744
2 568
1 548
1 1530
2 1016
2 466
2 1291
1 1078
1 334
1 376
1 1008
1 270
2 495
1 865
1 239
2 902
2 1431
2 1532
2 484
2 465
1 40
2 570
2 818
1 228
1 289
2 1110
1 1067
2 1305
2 1199
2 1405
2 90
2 231
1 456
2 98
1 280
1 523
2 581
1 1252
2 1272
2 657
1 1321
1 1336
2 1507
1 1418
2 1286
2 57
2 1261
1 852
1 618
1 4
2 865
1 1134
1 789
1 306
2 696
1 1036
1 1081
1 1331
1 1449
2 47
2 1198
1 1488
2 1397
2 208
2 15
2 1081
1 1182
1 488
2 899
2 471
2 466
2 602
1 921
2 1025
1 281
2 1265
1 1095
2 1467
2 216
1 992
2 281
2 295
2 399
2 1399
2 390
2 1021
1 883
2 253
1 1444
1 1513
2 141
2 671
2 116
1 699
2 30
2 606
2 1185
1 1037
1 459
1 1201
2 159
1 853
2 888
1 418
2 261
2 1450
2 1352
2 1516
1 567
1 45
1 1260
2 662
2 636
1 712
2 918
2 665
2 1146
2 189
1 555
1 413
2 1123
1 840
2 395
2 606
1 607
1 126
1 1128
1 547
1 1170
2 324
2 1344
2 4
2 667
1 1366
1 246
2 729
1 687
1 735
2 1524
2 1368
1 880
1 749
1 554
1 1020
1 1335
1 841
1 829
1 795
2 1215
1 167
1 661
1 1054
2 19
1 1383
1 1301
1 1001
1 1225
2 751
2 150
1 912
2 255
1 359
2 1246
1 9
1 1094
1 170
1 1504
1 1311
1 1231
1 1017
2 957
1 13
1 590
2 635
2 192
2 1341
1 832
1 416
1 570
1 1417
2 1266
2 548
1 616
1 383
1 1417
2 215
1 965
2 328
1 582
1 571
2 1192
1 44
1 949
2 158
1 25
1 380
1 809
2 877
2 107
1 893
1 338
2 307
1 782
2 1006
1 305
1 201
1 225
2 542
1 1276
2 552
1 169
2 80
2 475
1 610
2 1316
2 1080
1 243
1 20
2 777
2 517
2 1322
2 138
2 77
2 889
2 464
1 319
2 1219
1 374
1 277
1 779
1 1329
2 552
1 1089
2 370
2 787
1 1236
2 173
1 905
2 1123
1 1113
1 1474
2 1401
2 1288
2 235
2 1406
2 1161
1 367
2 1272
1 1085
2 1446
2 431
2 1112
1 639
1 760
2 1251
1 1373
2 1482
1 774
2 95
2 470
1 422
2 1114
2 368
2 1441
2 521
1 723
2 972
2 1184
1 594
2 10
2 1164
1 220
2 1522
2 407
1 330
2 120
1 821
1 367
2 652
1 1425
1 218
2 849
1 324
1 291
2 802
2 659
1 1105
1 378
1 283
1 761
2 241
2 1141
1 822
1 1393
1 1459
2 688
1 1360
2 1529
2 1517
2 339
1 1065
2 1178
2 210
2 341
1 373
1 372
2 379
2 605
2 908
1 1521
1 1032
1 1238
1 1404
1 88
1 973
2 370
1 970
2 1374
1 1549
2 960
1 1389
1 1006
2 52
2 381
1 1547
1 1381
2 1539
1 1274
1 79
2 829
1 72
1 107
2 479
1 473
2 516
2 130
1 1066
2 982
2 364
1 607
2 1530
1 1204
2 36
2 59
2 428
2 514
2 952
1 1101
2 1477
2 151
1 994
2 121
1 1375
1 1281
2 800
1 1224
1 185
1 1355
1 551
1 397
1 949
2 1439
1 1535
1 482
1 81
2 978
1 478
1 1401
1 1007
1 897
1 244
2 1050
1 508
1 131
1 641
2 485
1 88
2 1285
1 332
1 323
2 310
1 984
2 1507
1 240
1 886
1 1371
2 1149
1 1101
1 430
1 1158
1 357
2 316
2 1009
2 293
1 1087
2 279
1 812
2 1396
2 895
1 1113
1 1174
1 402
2 432
1 695
1 1073
1 105
1 766
2 1293
2 1064
2 331
2 1356
2 1045
2 450
2 1071
1 260
2 71
2 43
2 148
1 768
1 579
1 814
2 1405
2 452
1 969
1 394
1 765
2 1480
1 604
1 261
1 1384
1 1471
2 1203
1 715
2 524
1 541
1 648
1 521
1 1334
2 48
2 860
1 1061
1 1250
2 150
2 1283
1 298
2 1278
2 821
1 633
2 1400
1 916
2 643
2 96
2 536
1 604
2 1009
2 124
2 369
2 421
2 462
2 848
2 1317
2 1156
1 824
1 434
2 640
1 175
2 43
1 926
1 504
2 677
1 1380
2 153
1 321
2 1068
1 64
1 1288
1 1014
1 1319
1 498
2 443
2 39
2 932
2 926
1 893
2 815
2 355
2 395
1 877
2 922
2 1100
2 194
2 1212
2 435
1 1276
2 133
1 803
2 598
2 1448
2 128
1 1171
2 234
2 640
2 1220
1 816
1 748
2 839
2 792
1 143
2 584
1 680
2 35
1 405
1 894
1 976
1 1237
1 788
2 929
1 815
1 1358
1 327
2 1004
2 578
2 365
2 512
2 338
2 1142
2 1057
2 1178
1 1143
1 92
2 1180
1 1496
1 940
2 278
2 1526
1 1229
2 1072
2 1518
2 915
1 271
1 363
1 45
2 445
1 31
1 1297
1 1032
2 111
2 277
2 172
1 837
2 291
1 166
2 1513
1 1275
1 458
2 1086
2 1173
2 581
2 125
2 234
1 427
2 1540
1 27
1 446
2 913
2 258
1 1193
2 315
2 1216
2 943
1 421
1 1080
1 878
1 1353
1 17
2 1536
1 249
2 1043
2 564
2 1070
1 1495
1 833
2 1462
2 772
2 390
2 1389
1 360
1 1034
1 1375
2 1338
2 1263
1 1114
1 1493
1 1290
2 670
1 1168
2 226
2 464
2 525
2 215
2 459
1 660
2 614
1 1282
2 1424
1 1150
1 1461
1 1402
1 848
2 189
1 950
2 1345
1 958
1 624
2 1052
2 1546
2 493
1 455
2 84
1 100
2 940
2 823
2 1454
2 1027
1 1255
1 971
2 803
2 727
1 302
1 1273
2 78
2 1267
2 892
2 1181
1 397
1 768
2 759
2 1175
2 436
1 1491
2 32
1 1463
2 342
1 1373
1 1119
1 91
2 843
1 3
1 1042
2 1524
2 1422
2 1097
1 1264
1 159
2 1234
2 1282
1 732
2 1506
1 1010
1 353
1 283
2 474
1 1520
2 104
2 1138
2 41
1 534
1 361
2 61
2 727
2 444
1 403
1 286
1 1033
2 1062
2 171
2 125
1 1312
2 121
2 1000
2 482
2 1415
2 642
1 1233
1 1441
1 526
1 1118
2 1320
1 164
1 428
2 452
1 1111
2 183
1 1347
2 908
1 36
1 1358
1 49
1 560
2 505
2 831
2 645
2 182
1 1065
1 1325
2 1541
1 672
2 499
2 1348
2 907
2 574
2 495
1 1437
1 876
1 410
2 1230
1 1372
2 1287
2 219
1 12
1 22
1 297
2 157
1 1377
2 446
2 440
1 288
2 197
2 1456
1 1452
1 1075
2 1096
1 1058
2 608
2 850
2 845
1 1012
2 1371
1 845
2 1480
1 588
1 1192
1 1307
2 56
2 597
2 561
2 126
2 1159
2 1058
2 602
2 373
2 112
1 770
1 1429
2 168
1 1478
1 178
1 718
1 1485
2 738
1 818
1 147
2 204
1 762
1 1244
1 77
2 1203
2 1073
1 837
1 1117
1 1292
1 84
2 954
1 511
1 631
2 1339
1 871
1 362
2 963
1 1540
1 425
2 154
2 563
1 758
1 242
2 1370
2 1225
1 862
2 237
1 711
1 33
2 1136
2 528
1 1053
1 526
1 8
1 577
2 187
2 539
1 99
1 1359
1 1486
1 919
2 1134
1 1142
2 822
1 137
1 1129
1 1253
1 1232
2 294
1 543
1 1527
2 146
2 1008
2 1413
1 743
2 37
1 1431
2 844
2 23
1 1082
1 1099
2 1208
2 741
1 970
1 75
1 1092
1 898
2 14
2 1289
1 83
2 883
1 735
2 109
1 1216
1 132
2 703
1 1430
1 1468
2 524
1 1396
2 592
1 134
1 1133
1 930
2 429
1 221
2 647
1 769
1 1363
1 1247
1 855
1 1529
1 904
2 710
1 962
2 519
2 29
2 978
2 1051
1 1194
1 347
2 1240
2 195
1 1169
2 1438
2 105
2 708
1 998
2 769
2 870
2 580
1 498
2 833
1 636
2 974
2 28
2 250
2 1542
2 699
1 303
1 899
2 1078
2 866
2 1133
2 1048
2 1322
2 434
1 950
2 1004
1 1191
2 1380
1 654
1 988
1 808
2 1454
2 1185
2 210
1 1388
2 458
2 849
1 212
2 1000
2 733
2 1039
2 1287
1 275
2 646
1 573
1 438
2 1096
1 1022
2 455
2 701
1 109
2 442
2 127
1 921
2 1498
2 1326
1 686
2 927
1 245
1 609
2 554
1 186
1 565
2 1196
1 1028
1 86
2 1461
2 1018
2 793
1 1059
1 467
1 901
2 1340
2 1327
1 87
1 123
2 686
2 647
2 779
1 1146
1 817
2 1086
1 171
1 1457
2 214
2 152
2 313
1 1503
1 633
1 72
2 958
2 400
1 869
2 546
2 69
2 1385
2 359
2 339
1 1458
2 156
1 1269
2 176
2 929
1 629
2 329
1 1036
2 1460
2 481
1 278
1 990
1 674
1 756
2 387
1 1426
1 1535
2 1527
1 987
1 646
1 1253
1 1155
2 1544
1 165
1 997
2 778
1 1144
2 825
1 1302
2 928
1 510
1 987
2 1469
2 530
2 1490
2 1421
2 1215
1 1523
1 223
1 593
1 681
1 108
1 1544
1 918
2 909
1 1089
1 721
1 783
1 740
2 1483
1 267
1 1148
2 591
2 292
2 1485
2 1153
2 1550
2 127
2 1022
2 928
2 1506
1 962
2 705
1 936
2 1239
2 302
1 1351
2 914
1 232
2 1168
1 678
1 881
1 1420
2 1310
2 70
1 1343
2 454
1 144
2 1195
1 716
2 1261
1 11
2 1241
1 1383
1 445
2 793
2 799
2 1165
2 875
1 1497
1 1206
2 1019
2 1316
2 169
2 24
1 721
2 175
2 41
1 398
1 955
2 836
2 1248
2 1281
1 946
2 1467
2 476
1 573
1 754
2 857
2 76
2 834
1 1161
2 1302
2 968
1 1308
1 211
1 1271
2 1250
2 1355
2 366
1 959
2 975
2 943
1 763
2 1079
2 76
2 384
2 1251
1 909
2 6
1 745
1 844
1 1040
1 350
1 783
2 385
1 785
2 744
1 1407
1 549
1 1213
2 625
1 388
2 1059
1 975
2 1003
2 1047
2 596
1 1514
1 973
2 1464
1 1188
2 1206
1 1455
2 1039
1 416
1 1017
1 343
2 240
2 720
2 427
1 1455
2 235
1 308
2 993
2 695
2 200
1 417
1 468
2 956
2 404
2 596
2 934
1 667
2 1233
1 745
1 1366
1 306
2 1210
1 54
1 1337
2 201
2 810
1 318
2 853
1 375
1 263
1 81
1 1528
2 493
1 947
1 1138
1 688
1 414
1 481
1 1147
1 1227
2 873
1 11
1 1166
2 879
1 382
1 195
1 981
1 486
2 155
2 14
1 626
1 134
2 211
2 1319
1 1049
1 287
1 612
2 1387
2 1260
1 494
2 1160
1 1264
1 993
2 443
2 307
1 408
2 726
1 896
1 144
2 296
1 1300
2 838
2 834
1 555
1 152
1 760
2 626
1 985
1 1041
2 737
1 375
1 629
2 253
1 1093
1 1249
1 255
2 1200
2 130
2 266
1 944
