3100 5000
1 1430
2 1092
1 725
2 685
2 335
1 894
2 701
1 1471
2 870
1 243
1 945
1 1451
1 628
1 897
1 874
1 1128
1 1385
2 57
1 629
1 717
1 709
2 775
1 1041
1 833
1 471
1 743
1 1242
1 1174
1 1363
1 1095
1 543
2 1519
2 1286
1 1316
2 778
2 382
2 608
1 203
2 1456
2 247
2 1142
1 557
2 251
2 1169
2 1250
2 1333
1 596
2 21
2 1380
1 898
1 740
2 1419
2 683
1 184
1 892
1 15
1 1207
2 112
2 519
2 117
2 1281
2 352
2 776
2 1394
1 1508
2 6
1 111
2 1431
2 928
1 679
1 1451
1 78
2 908
2 34
2 804
2 978
1 1285
2 207
1 1349
2 696
1 1244
1 540
1 1115
1 592
1 603
1 129
1 1383
2 302
2 440
1 27
2 1178
2 78
2 1475
2 744
2 635
2 604
1 1450
2 965
2 728
2 658
1 816
1 1066
1 826
2 719
1 1290
2 122
2 1014
2 194
2 1047
2 1119
1 1341
2 930
2 552
2 480
1 545
1 118
1 165
1 463
2 1231
2 1326
2 202
2 151
1 340
1 1155
1 487
2 264
1 118
2 347
2 919
1 210
1 29
2 941
2 177
2 178
1 708
2 183
2 12
2 1234
2 903
1 901
1 1017
1 695
1 1373
2 665
2 1287
2 1235
2 715
2 601
2 1314
1 576
1 732
2 1342
2 310
1 1251
2 1237
2 1409
2 478
1 1460
2 1416
1 1091
2 785
1 893
2 638
1 236
2 1436
2 1126
1 1479
1 834
2 309
2 1057
2 56
2 818
1 1048
1 181
1 392
2 1004
1 854
2 313
1 247
1 938
2 1026
2 636
2 800
1 1419
2 924
1 580
2 204
1 263
2 402
1 1538
1 844
1 871
2 579
1 326
2 1523
2 1013
2 486
1 386
2 568
1 262
1 1479
1 199
2 16
2 22
1 896
2 1392
1 433
2 607
2 1442
2 300
2 648
1 32
1 425
1 1284
1 487
2 1154
1 66
1 548
2 85
1 1360
1 566
1 1039
2 322
2 1185
2 367
2 590
1 1072
2 1438
2 951
2 161
1 1470
1 1510
1 79
2 974
2 1164
1 364
2 610
1 1387
2 682
2 1076
1 1340
1 723
2 842
2 272
2 976
2 1034
2 1538
2 193
2 395
2 131
2 831
1 1033
1 557
2 59
1 346
1 870
2 64
1 7
1 173
1 726
2 584
2 676
1 563
1 1245
1 304
2 518
1 1465
2 529
1 722
1 447
1 835
1 1066
2 1195
1 769
2 921
1 423
2 925
1 1305
1 229
2 555
2 1439
1 764
1 120
2 365
2 1512
1 194
2 219
2 1027
2 1186
2 1156
2 1309
1 698
1 563
1 799
2 1335
2 513
1 1278
1 1507
1 74
2 935
2 642
1 891
1 329
1 1481
1 94
1 583
2 19
1 666
2 763
2 492
2 1068
1 75
2 253
1 224
2 641
2 453
1 27
2 780
2 1010
1 881
2 249
1 501
2 221
1 1492
1 58
2 1516
2 57
2 1182
1 1073
1 1165
2 549
1 1088
1 1103
2 656
1 983
1 141
1 1428
1 585
2 465
2 1108
2 1052
2 1544
1 3
2 1200
1 1090
1 443
1 1056
2 868
1 864
1 971
2 1310
1 537
1 609
1 100
1 80
2 726
1 132
1 197
1 1339
1 1171
2 264
1 1205
1 109
2 628
2 562
1 965
2 1483
1 1253
2 1520
2 63
1 422
1 914
1 240
2 1344
2 1228
2 832
1 912
2 786
1 155
2 1386
2 1144
2 830
1 1540
1 162
2 1036
1 773
1 435
1 1459
1 142
2 1138
1 225
1 1397
1 56
1 532
1 164
1 1011
2 1476
2 223
2 614
1 1141
2 185
2 647
1 838
1 510
2 1276
1 745
2 270
1 1190
2 1092
2 267
1 375
1 798
1 1242
1 886
1 39
2 20
1 934
2 964
2 1057
1 744
2 839
2 303
2 1270
1 572
1 1394
2 1079
2 68
1 718
1 198
1 109
1 1025
2 1193
1 690
2 383
2 10
2 577
2 505
2 149
2 512
1 45
2 391
2 990
1 875
1 393
1 845
2 1527
1 567
1 1098
2 663
2 737
2 274
2 676
2 520
1 1262
2 1048
1 1483
2 196
1 396
2 327
1 51
2 1187
2 762
2 1089
1 126
2 1193
2 524
1 977
1 140
1 771
2 256
2 1037
2 470
2 1445
1 732
1 1232
1 584
1 466
1 54
2 860
2 265
1 570
2 337
1 40
2 32
2 889
1 808
2 21
2 1471
2 124
2 90
2 1433
2 279
2 710
1 1135
1 426
1 1224
1 139
1 1073
2 591
2 188
1 235
2 1234
2 830
1 622
2 340
2 50
2 1061
2 1495
1 618
2 796
2 574
2 1426
1 904
1 63
2 718
2 1547
1 1444
1 671
1 909
1 1423
1 770
1 611
1 988
1 1535
1 435
1 1355
1 644
1 1265
1 156
2 735
1 214
2 287
1 467
2 1459
2 1402
1 809
1 88
1 567
2 936
2 674
2 269
2 233
1 1058
2 1015
2 1199
1 862
2 1337
1 1077
1 668
2 1330
2 1197
1 998
2 434
2 1434
2 1054
2 66
1 1157
1 302
2 1311
2 1033
1 177
2 967
2 372
1 613
2 110
1 1206
2 1432
1 222
1 168
2 752
2 998
2 51
2 48
1 1112
2 1288
1 724
2 1068
2 1294
1 1244
1 598
1 1484
1 507
2 72
1 171
1 1524
1 280
1 381
2 390
1 311
1 203
2 155
2 251
2 1088
2 864
2 1439
2 990
2 69
1 1521
1 573
2 1417
1 779
2 1447
1 1211
2 500
2 1125
1 1522
2 857
2 596
2 917
1 136
1 1203
2 1040
1 969
1 156
1 789
1 474
2 1506
1 33
1 762
2 1350
2 483
2 1306
1 1086
2 802
1 1095
2 418
2 660
2 1100
2 1156
2 150
2 307
1 1346
1 242
2 774
1 1043
2 1526
1 1541
1 811
2 315
2 873
1 1354
2 1422
2 899
2 1177
1 822
2 1209
1 931
2 1239
1 728
1 296
2 963
1 611
2 1365
2 703
1 722
1 1243
1 1012
2 380
2 219
1 943
1 823
2 376
2 144
2 574
1 1504
2 926
2 1019
1 414
1 464
1 497
1 159
2 505
2 837
1 1150
2 321
2 906
1 484
1 724
1 11
2 995
1 1107
2 1240
1 978
1 1352
1 681
1 1256
1 616
2 344
1 418
1 644
2 384
1 767
2 1267
2 1403
1 455
2 1275
1 259
1 658
1 322
2 499
1 1424
2 902
2 135
1 1042
1 159
1 648
1 86
1 984
2 1499
1 1239
1 1454
1 614
1 1295
1 41
2 166
1 427
1 428
1 1006
2 303
1 881
2 205
2 1266
1 1400
2 868
1 171
1 1143
1 834
2 889
1 1490
1 1124
1 72
2 1403
2 1341
2 1296
1 105
1 589
1 420
2 709
2 542
1 1170
1 1502
1 944
1 189
1 1494
2 70
1 293
2 189
1 904
1 494
1 630
1 377
1 711
2 1114
2 1505
2 1521
1 1248
1 897
2 132
1 71
2 1441
1 1163
1 77
1 1527
2 903
1 231
1 1321
1 143
2 1524
1 697
2 136
1 659
1 782
1 1465
2 348
2 657
2 333
1 662
2 199
1 883
2 138
1 61
1 416
2 1112
2 373
1 940
1 625
2 1291
1 799
1 1145
1 1191
1 945
2 688
2 914
1 299
2 85
2 768
1 74
2 913
1 276
2 587
2 1325
1 1122
1 989
2 638
2 782
1 941
2 237
2 1251
1 1116
2 49
2 1194
2 1406
2 795
2 389
1 334
2 43
2 750
1 821
2 1113
2 1093
2 504
2 1100
2 1199
2 10
2 1145
1 378
1 1109
2 1362
1 984
2 937
2 1227
2 1105
1 250
1 804
2 1121
1 1140
1 1152
2 121
1 188
1 1510
1 689
2 122
1 24
1 541
2 119
1 1436
1 86
2 293
2 1003
1 661
1 1308
2 84
2 634
1 1356
2 1226
2 564
2 455
1 929
2 184
1 1361
1 1236
1 1204
1 1482
1 969
1 1489
2 950
1 333
1 131
1 321
1 403
1 83
2 822
2 349
2 1358
1 798
2 1472
2 1277
2 1005
2 376
2 787
2 405
2 469
2 1340
2 1435
2 958
2 116
2 1192
2 1183
1 1122
2 933
1 1343
1 104
1 490
2 326
2 489
1 646
1 1512
1 236
2 1274
2 341
1 191
1 399
1 330
1 910
2 620
1 714
1 305
1 1196
2 306
1 201
2 875
2 352
1 1179
2 753
2 788
2 716
2 717
1 1384
2 1233
1 208
2 1125
1 675
1 1429
2 1443
2 1289
2 1378
1 1087
2 533
1 1317
2 133
2 1304
2 741
1 1054
2 1399
1 876
2 753
1 1400
2 630
1 2
1 1053
2 785
1 704
1 379
2 654
2 825
1 631
2 1427
1 807
1 516
1 87
1 37
2 1216
1 1437
1 1111
2 687
1 1410
1 378
1 357
2 571
1 684
2 995
2 318
1 457
2 660
2 1407
2 1085
2 905
2 182
1 850
1 370
1 792
1 482
1 312
2 1530
1 1218
2 1453
1 1107
1 672
2 460
2 968
2 887
2 1270
2 92
1 486
1 468
2 1305
1 1528
1 211
1 1258
2 370
2 1131
2 598
2 206
2 615
2 245
2 167
2 877
2 1323
1 277
2 1069
2 707
1 396
1 507
2 297
2 14
1 1104
1 956
1 1081
2 593
1 1424
1 627
1 1111
2 3
2 1420
2 786
1 337
1 1499
1 819
2 1449
2 1161
2 588
1 453
1 1503
1 192
2 1442
2 241
1 1117
2 958
2 28
2 1342
2 848
1 827
2 286
1 430
2 1014
2 1139
2 1022
1 645
2 878
1 633
2 542
2 640
1 1298
2 1017
1 1084
1 650
2 1225
1 1106
1 88
1 417
1 1000
1 297
1 1218
1 377
2 146
2 583
1 649
1 1053
1 148
1 931
2 444
1 1213
2 144
2 1289
2 501
2 911
1 45
2 1493
2 1431
1 220
2 1463
1 65
1 99
1 642
2 710
2 820
2 1545
2 398
1 1102
2 147
2 740
2 204
1 550
2 1024
1 639
1 1388
2 551
1 301
2 979
1 1257
2 913
1 1345
1 1382
2 1469
2 895
1 1257
2 805
1 737
1 846
1 383
2 1254
2 685
2 1292
2 858
1 1380
2 1312
1 95
2 498
1 405
1 290
2 1029
1 1091
2 1517
1 499
2 514
1 408
1 1485
1 668
2 1545
1 705
1 992
2 42
1 1389
2 972
2 1411
1 790
1 31
1 1478
2 172
2 646
2 1106
1 523
1 125
2 1513
2 699
2 119
2 372
1 953
1 445
2 101
1 52
1 1271
1 382
2 576
1 715
1 147
1 643
2 1443
2 758
1 1314
1 421
2 957
1 621
1 791
1 261
2 1395
1 1462
1 887
1 1015
2 13
1 1201
2 862
2 7
2 163
2 559
2 606
1 1272
2 1198
2 283
1 76
2 226
2 600
2 290
1 358
2 1210
1 363
2 1030
1 468
2 1383
2 491
1 1457
1 1336
1 772
1 777
2 595
1 1203
2 1308
2 266
2 462
1 1219
2 561
1 105
2 316
2 736
2 991
1 1120
1 284
1 1414
1 522
1 1011
2 516
1 1099
2 985
1 67
1 844
2 126
1 1438
2 439
2 976
1 460
2 1016
1 112
2 294
2 224
2 817
1 840
1 1263
2 1267
1 397
2 99
1 670
2 1213
1 349
1 1333
2 616
1 564
1 225
1 1149
1 1458
1 1319
1 100
2 1003
2 777
1 8
1 1496
1 552
2 332
2 575
1 531
1 1448
2 645
2 11
2 590
2 851
1 778
1 68
2 622
1 1282
1 982
2 454
1 385
2 1425
2 1361
2 174
2 1080
1 113
1 1264
2 502
1 350
1 392
2 731
2 865
1 720
1 1450
2 121
1 948
2 417
1 1090
2 852
2 655
2 261
1 696
1 1070
1 979
1 1279
2 1525
1 1280
1 738
1 1415
2 102
1 1237
2 1252
2 736
1 1550
1 467
1 41
2 768
1 1548
1 1332
1 1320
2 33
2 249
2 76
1 686
1 430
2 1376
1 1467
2 780
2 1037
1 625
1 355
2 1249
2 1345
2 292
1 605
2 791
1 1415
1 873
2 335
2 108
2 1478
2 1378
1 534
1 347
1 623
1 1488
2 401
1 503
1 688
1 1168
1 1322
2 949
2 327
2 408
1 902
2 482
1 774
1 36
2 509
2 1344
2 623
1 580
2 1503
2 928
2 538
2 406
1 368
1 1309
1 650
1 664
1 550
1 102
2 1035
2 811
2 369
1 810
2 922
2 996
2 841
1 1537
2 87
1 886
1 1548
2 951
2 470
1 1316
2 699
1 908
2 1191
2 1452
2 1519
1 653
2 1410
1 339
2 1214
1 50
1 1486
1 626
2 174
1 1196
2 452
2 1374
1 682
1 169
1 807
1 924
2 1460
1 613
2 1031
1 127
1 526
2 1325
1 1319
1 1481
2 1207
2 512
1 784
1 73
2 25
1 248
1 1146
2 1167
1 1060
2 1463
2 1366
1 739
2 1491
2 130
1 527
2 841
1 1096
1 215
2 936
2 731
1 310
1 1222
2 46
1 165
1 217
1 1494
2 601
1 610
1 1300
1 1537
1 1007
2 734
2 1097
2 359
1 985
1 909
2 257
2 1348
1 200
2 863
2 399
2 659
2 115
2 1144
2 796
2 1027
2 702
2 579
1 1071
2 698
2 866
1 17
2 541
2 1356
1 365
1 1427
2 832
1 1293
1 242
1 431
1 389
1 1406
1 704
2 653
2 526
1 741
2 1116
2 1035
1 689
1 1518
2 55
1 806
2 1475
1 565
1 1397
2 1134
2 1495
1 34
1 812
1 890
2 898
1 361
2 439
1 209
1 661
1 1404
2 647
1 673
2 1259
2 680
1 234
1 901
1 485
2 402
2 582
2 167
1 1376
2 506
1 1421
2 1127
2 818
1 593
1 233
1 1198
1 1338
1 1167
2 1324
2 556
1 1382
1 706
1 597
1 1388
2 946
2 1032
2 90
1 801
1 362
1 769
2 797
1 1355
1 1086
2 607
2 942
2 343
2 1283
2 1186
2 595
1 285
1 1544
2 667
1 912
1 1338
1 932
1 1377
1 351
1 1464
1 61
1 98
2 1212
1 1172
1 1158
2 1197
2 1212
1 1441
1 1000
1 907
2 423
2 1464
1 695
2 757
2 683
1 1360
2 751
2 425
2 1189
2 544
1 205
1 263
1 187
1 1216
2 1131
1 432
1 197
2 629
2 1098
1 926
1 539
2 1484
2 836
1 1058
2 586
1 1473
1 1126
1 1134
2 758
2 1354
2 1045
1 1516
1 1496
1 450
2 316
1 1375
2 2
1 694
2 859
1 1187
1 624
2 1176
2 1009
2 771
2 665
1 361
1 900
2 329
1 823
2 755
1 554
2 217
1 31
1 463
2 749
2 1368
1 932
2 312
2 160
1 446
1 1052
1 761
2 92
2 181
2 1284
2 1028
1 1407
2 767
2 773
1 1062
1 788
2 80
2 1359
2 776
2 1505
2 733
2 1269
1 380
1 403
1 471
1 1367
2 1470
1 271
2 867
2 339
1 517
1 216
1 525
2 1136
2 1511
1 888
2 230
1 1065
2 535
1 1318
2 125
1 1137
2 245
2 944
2 1268
2 670
1 1332
2 319
1 1390
2 1502
1 413
1 1490
2 1367
2 255
2 166
1 1501
1 291
1 444
2 150
1 1044
2 46
1 899
2 29
1 1373
1 289
1 1370
1 705
1 1238
1 1506
1 436
1 1453
2 319
2 1381
1 179
1 104
2 615
1 1347
2 999
2 533
2 1173
1 1312
2 201
1 1365
1 880
1 752
1 632
1 1399
2 238
1 727
2 116
1 1247
1 1517
2 1042
1 974
1 874
1 986
2 1526
1 221
2 916
2 1137
2 375
1 1021
2 458
2 152
2 821
1 475
2 1321
2 809
1 1217
2 885
2 880
1 185
2 761
2 989
1 258
2 1002
2 1387
2 643
1 186
2 139
1 342
1 1408
2 157
1 933
1 1241
1 432
2 79
2 1044
1 1422
2 157
1 675
1 134
2 915
1 388
2 1094
2 1391
2 35
2 747
2 1549
2 362
1 539
1 1401
1 856
1 1539
1 421
1 1138
1 1132
2 1291
1 669
1 815
1 605
1 872
1 947
2 797
1 1062
2 1093
2 573
2 738
1 20
1 939
2 476
1 454
2 137
1 345
2 957
1 934
1 1331
1 604
2 1395
1 1072
1 1079
2 307
2 107
2 60
2 518
2 254
1 808
2 1315
1 589
1 123
1 1299
1 1315
1 123
1 1020
1 1368
1 810
2 222
1 620
1 1
1 853
2 1150
1 888
1 846
2 388
2 624
1 681
2 458
1 749
1 1075
1 341
2 1448
2 145
1 111
1 836
1 1005
1 1468
2 919
1 838
2 1153
1 1539
2 1083
2 368
1 1023
2 1498
2 1343
1 1164
1 268
1 1031
2 113
1 328
1 252
1 1051
1 62
2 9
1 1051
2 441
1 632
1 226
2 1536
2 950
2 708
1 1089
1 1007
2 1423
1 801
2 549
2 1296
2 1083
1 1285
2 849
1 548
2 1364
1 1018
2 110
1 515
1 1170
2 1514
1 246
1 1153
2 813
1 907
2 1525
1 206
1 269
2 1474
2 1546
1 438
2 523
1 9
1 331
1 1456
1 406
2 1165
2 815
2 1515
2 474
1 743
1 1369
2 569
2 828
1 1
1 1173
2 970
1 770
2 1214
2 175
1 37
2 530
1 566
1 711
1 1292
2 686
1 524
1 1074
1 1160
2 1310
1 325
2 400
1 386
1 106
1 447
1 1105
1 1023
2 1245
2 273
2 1279
2 1061
1 697
2 330
1 828
2 1065
2 713
2 636
1 895
2 582
2 231
2 1304
1 1219
1 551
2 1071
1 652
2 1121
2 1402
2 1425
2 1028
2 742
1 1430
1 1220
2 472
1 787
2 1381
2 1313
2 783
2 38
1 1162
1 867
1 714
2 223
1 419
2 677
2 1022
1 235
2 876
1 152
1 871
1 1038
1 387
1 344
2 1301
2 585
2 980
1 1371
1 437
1 367
2 918
2 1181
1 436
1 973
1 381
1 1417
1 448
1 1009
2 816
2 742
2 1067
1 975
2 315
2 134
2 1045
1 763
2 987
2 1094
2 212
2 1351
1 1536
1 158
2 1162
2 98
1 692
2 618
2 954
2 272
1 853
1 148
1 1171
2 1273
1 215
1 1101
1 427
1 1287
1 1440
1 1220
2 473
2 745
2 366
2 1179
2 489
1 49
2 882
1 960
2 960
1 410
2 1352
2 619
2 1235
1 275
1 1084
2 1192
2 278
1 806
1 1247
2 241
1 528
2 1293
1 725
2 1396
1 949
1 603
2 835
1 671
2 954
1 212
2 1504
1 843
2 1418
2 101
1 795
1 214
1 756
1 18
1 560
2 493
1 1533
2 1434
1 469
2 1260
1 438
2 25
1 1328
2 547
2 858
2 1002
2 175
1 348
2 538
1 790
1 279
1 568
1 1114
1 130
1 1229
2 1350
1 578
2 350
2 1223
1 1336
2 856
2 793
1 1040
2 1455
1 700
1 1085
2 12
1 1335
2 176
2 783
1 411
2 1010
1 1353
1 1222
2 649
2 678
1 1433
2 1283
2 627
1 982
2 1021
2 44
2 89
2 295
1 892
1 137
1 308
2 1127
2 209
2 267
1 1531
1 716
2 1046
2 450
1 207
2 404
2 1295
1 1322
1 149
2 286
2 429
2 275
1 1075
2 1036
1 602
1 1236
2 239
2 1158
1 497
1 855
1 448
2 748
2 176
1 190
2 1357
1 592
1 371
2 424
1 1540
2 1547
1 1366
1 927
2 1136
2 1518
2 529
2 678
1 544
1 1282
2 680
1 521
1 1258
2 441
1 1221
2 993
2 641
2 1550
2 1528
2 1446
1 401
1 981
1 411
1 1396
1 1320
1 1313
2 1148
1 138
2 586
2 506
2 311
2 1429
1 1288
1 1113
1 869
2 575
2 1501
1 964
1 971
1 701
2 1420
1 1132
1 1379
2 1225
1 1129
2 510
2 994
2 500
1 1151
2 265
1 1317
1 483
2 198
1 1421
1 103
2 39
2 905
2 1348
1 250
2 5
2 1124
2 746
2 999
2 158
1 805
2 294
1 831
1 651
2 73
1 1359
2 1485
2 766
2 1202
2 70
2 663
2 1001
2 854
1 845
1 759
1 1273
2 1461
1 260
1 1508
1 336
2 282
1 1488
1 1146
2 481
1 433
2 1147
2 384
1 65
1 896
2 975
1 1208
1 602
2 569
1 1025
2 1195
1 955
1 599
2 200
1 1160
1 1509
1 938
2 535
1 1393
2 1227
2 1449
2 232
1 588
2 277
1 1418
2 477
2 1059
2 67
2 1183
1 760
1 750
1 1189
2 1155
2 581
2 426
1 511
2 351
2 1034
2 1371
1 824
2 54
1 637
2 1280
2 323
2 1445
1 280
2 553
2 1413
1 94
1 398
1 1180
2 4
2 654
1 515
2 488
1 1514
2 1409
2 513
1 929
1 1298
1 993
1 1159
1 879
2 755
1 283
1 314
1 918
2 1486
2 1255
1 637
1 1346
2 794
1 781
2 1278
1 211
2 829
2 865
2 502
2 1217
2 213
1 82
2 1265
2 281
1 1020
1 1076
2 248
1 952
2 911
2 230
1 456
1 1326
1 151
1 163
2 1416
1 760
1 633
2 1004
1 239
2 1511
1 779
2 1541
2 1377
1 634
2 82
2 106
1 1082
1 754
1 26
1 190
2 1041
1 599
2 657
1 218
2 814
2 1386
2 475
1 842
1 1302
1 124
1 879
1 861
1 517
1 712
1 1008
1 260
2 781
2 15
2 253
1 495
1 983
1 748
1 545
1 1324
2 191
1 587
2 179
1 1133
2 1228
1 1157
1 703
1 800
2 719
1 852
2 456
2 937
2 1109
1 140
2 36
2 1362
2 84
1 1294
2 42
1 847
2 543
2 161
2 186
2 371
2 1147
1 1492
1 906
2 202
2 22
2 527
2 14
1 1476
2 1024
1 373
1 927
1 1515
2 479
1 612
1 1184
2 52
2 1182
2 1175
1 1230
2 192
1 1215
1 943
1 164
1 617
1 555
1 1500
1 997
2 1253
2 617
2 412
1 394
2 273
1 877
2 407
1 133
1 1474
1 1440
2 97
1 374
2 813
2 546
2 246
2 1172
1 154
2 1142
1 1334
1 484
2 843
2 491
2 1328
1 1246
2 374
2 793
1 129
2 1520
1 228
1 662
2 485
2 59
1 93
1 16
2 1426
1 345
2 1154
1 672
1 1466
2 1064
1 560
2 431
2 1281
2 1261
1 1522
2 522
2 35
1 1457
2 142
2 1169
2 893
2 734
1 180
2 357
1 495
1 962
2 953
2 959
1 353
2 980
1 1074
1 829
2 1110
1 1118
2 691
1 872
2 210
2 1432
2 1437
2 91
1 987
1 1262
1 1001
1 227
2 299
2 1130
1 729
2 1302
2 915
2 17
2 1201
2 473
1 1351
2 572
1 422
1 379
1 409
2 1047
2 1404
1 609
2 183
1 1301
2 1200
1 324
2 1412
1 266
1 1532
1 1534
2 702
1 291
2 1500
1 404
2 1019
2 756
2 1226
2 390
1 1337
1 1181
1 1249
2 531
1 754
1 195
1 1452
2 1311
2 1050
1 304
1 1206
2 1482
1 570
1 1385
2 117
2 1246
1 1039
1 1411
1 677
1 369
2 1275
2 452
2 687
2 332
1 922
2 1318
2 521
2 395
1 1148
1 655
2 1163
1 1290
1 1546
1 1030
1 69
2 635
2 1307
2 765
2 1299
1 966
1 1543
2 981
1 1349
1 1123
2 558
1 298
2 1104
2 1398
1 996
2 356
2 1143
2 1254
2 393
1 706
2 1303
2 1180
1 1414
1 145
1 154
2 160
1 318
2 619
1 923
2 81
1 1231
1 691
2 354
1 1266
1 1110
1 358
1 591
2 910
1 930
2 256
1 359
2 40
1 700
1 449
1 1327
1 1063
1 1461
1 900
2 840
1 26
2 1498
1 859
1 850
1 466
1 476
1 962
1 855
1 334
1 1413
2 942
2 23
1 923
2 240
2 554
1 690
2 338
1 364
1 1117
1 336
1 1255
2 1055
2 972
2 1259
1 1049
1 1233
2 1166
2 1238
2 1549
2 1175
1 313
2 274
2 839
1 866
1 48
2 30
1 956
2 244
2 103
1 1454
1 216
2 107
2 213
1 1232
2 730
2 83
1 612
1 1018
2 93
2 917
1 58
2 977
1 826
1 47
2 1455
1 730
2 309
1 44
1 1097
2 784
1 1534
2 847
2 540
1 1372
2 459
1 1412
2 281
2 343
1 789
1 1204
1 1215
2 289
1 1357
1 53
2 1276
1 1489
2 935
1 739
1 751
2 1159
2 252
2 775
1 955
1 38
2 1055
2 559
1 693
2 916
2 410
1 1458
1 508
2 1248
2 465
2 1081
2 1118
1 127
2 757
2 968
2 1141
2 437
1 420
1 81
2 128
1 1364
2 1078
2 208
2 366
1 1408
1 727
1 95
1 1374
1 325
1 1096
2 1535
2 1069
1 959
1 478
2 320
2 317
1 254
1 1272
1 514
1 819
2 1101
1 561
1 1375
2 848
1 721
2 1188
2 268
1 1261
1 1026
2 490
2 53
2 464
2 23
2 472
1 258
1 992
2 556
2 285
2 508
2 920
2 1108
1 1390
1 169
2 243
1 1469
2 656
1 445
2 812
2 257
2 1070
2 24
2 1221
2 4
1 77
1 1080
1 939
1 883
1 1240
1 461
1 884
1 244
1 356
2 863
1 300
2 967
1 1543
2 1049
1 878
2 446
2 817
1 1269
1 562
1 1529
2 693
2 1472
2 292
2 940
2 1473
1 1067
2 6
2 794
2 1250
2 746
2 1358
2 271
1 135
1 434
1 228
2 493
1 153
2 1531
2 1384
1 1369
2 498
1 1533
1 594
1 1329
1 988
2 994
2 1174
1 733
1 1331
1 415
2 451
1 1223
2 91
1 581
1 301
1 62
2 713
2 814
1 328
2 679
1 1339
2 461
2 360
2 424
1 851
1 1401
1 537
2 792
2 496
2 947
1 415
1 443
1 720
1 1130
1 921
2 19
1 1060
2 8
2 597
2 532
2 1202
2 173
2 64
2 1274
2 1389
2 1307
1 306
2 146
2 764
1 308
2 565
1 413
1 1286
1 1205
1 885
1 1277
2 652
1 459
1 170
2 180
2 259
2 973
2 1230
1 1493
2 305
2 925
2 1209
2 416
2 108
2 723
2 419
1 477
1 1271
2 1178
2 860
2 520
2 153
1 1135
1 712
2 536
1 1119
2 143
2 765
1 857
1 196
1 187
1 324
1 346
2 669
1 1300
2 97
1 1363
2 354
2 170
2 287
2 849
2 442
1 824
2 1256
2 952
1 667
2 1120
1 220
2 861
1 707
2 1530
1 1447
2 820
1 1487
2 331
2 948
1 1444
1 547
2 1194
1 47
2 60
1 128
1 961
1 1210
1 28
1 891
2 1099
1 1353
1 1115
1 400
2 1435
1 218
2 1190
2 1329
1 1140
2 558
2 323
1 1480
2 626
1 284
1 496
2 298
2 827
2 692
1 1176
2 1152
2 1224
2 1129
1 666
2 803
2 882
2 1184
1 442
1 1405
1 571
1 639
2 1123
1 1532
2 673
1 115
2 1477
1 394
2 492
1 193
2 457
1 1211
2 1468
1 1393
2 991
2 631
1 1391
1 270
1 276
1 525
1 503
2 825
2 1446
2 694
2 409
2 1297
2 1509
1 1008
2 1542
1 894
1 1185
1 1059
1 1477
1 651
2 1168
2 1139
2 1082
1 803
1 288
2 608
1 1306
1 553
2 684
1 1056
1 488
2 528
2 1038
1 30
1 449
1 1466
2 96
2 759
1 1006
2 317
1 1043
1 288
1 5
1 234
2 1303
1 18
1 997
1 1268
2 534
1 1260
1 1064
1 1208
1 1467
2 674
1 1103
2 1327
1 120
2 1087
2 735
2 578
2 440
1 182
2 429
2 1297
2 1029
2 640
2 946
2 729
2 594
1 884
2 1523
2 1013
1 1491
1 504
2 1347
2 837
1 114
1 397
2 536
1 282
2 1379
1 1487
2 1480
1 1050
1 721
1 1405
2 114
2 1133
2 963
1 295
1 766
1 314
2 479
1 961
2 387
2 237
1 890
1 480
2 412
1 1016
1 606
1 238
1 1497
2 481
2 530
2 494
1 355
1 1372
2 772
1 255
2 1078
1 1012
1 414
1 1252
1 141
1 178
2 1264
2 600
1 360
1 1330
1 1077
1 869
1 1032
2 519
1 168
2 13
1 172
2 353
2 1161
2 986
2 833
1 391
1 966
2 229
2 363
1 462
2 1392
1 1398
1 747
2 1323
1 1542
2 1507
1 89
1 577
1 970
2 1462
1 1151
2 1046
2 96
1 1229
1 232
2 55
2 195
1 802
2 451
2 1263
2 338
1 1370
1 43
1 1241
1 1063
2 1166
1 1529
2 664
1 1428
2 227
2 75
1 1243
1 385
1 511
2 320
1 296
2 1513
2 920
1 1188
1 1497
2 621
1 342
2 546
1 1102
2 71
1 1128
1 509
2 1177
1 428
1 262
2 407
1 1334
2 278
1 162
1 1149
