3100 2500
1 302
2 1110
2 13
1 528
2 538
1 1139
2 907
1 541
1 900
1 365
1 1273
2 1378
1 433
2 167
1 1164
1 988
2 1185
2 1513
2 979
1 211
1 914
1 716
2 131
2 12
2 1305
2 323
1 903
2 1299
2 135
2 692
2 1331
2 259
2 1071
2 541
1 788
1 1465
1 1272
2 361
1 1093
1 102
2 893
1 1412
1 746
2 580
1 798
2 1525
2 447
1 502
2 586
2 748
2 365
1 1416
1 149
1 850
1 148
1 461
2 1221
1 812
1 441
1 1005
2 943
1 199
1 889
1 513
2 1213
1 134
2 118
2 422
2 1375
1 48
2 159
2 951
2 246
2 1278
2 1266
2 204
1 1463
1 114
2 619
2 1222
1 1235
2 779
2 1192
1 222
1 161
2 616
1 424
2 134
2 896
2 981
1 375
2 286
2 46
2 1341
1 1131
2 1138
2 238
1 1159
2 1085
2 143
1 1114
2 844
2 462
2 479
2 673
1 783
2 1141
1 871
1 776
1 1032
1 86
2 1155
2 806
2 440
1 33
1 302
1 364
1 504
1 1191
1 1198
2 465
2 461
1 1495
1 931
1 13
1 1195
1 481
1 1099
2 121
1 809
1 18
2 1398
1 1083
2 680
1 1321
2 507
1 24
1 292
1 693
2 1162
2 444
1 282
1 898
1 876
2 371
2 1039
1 359
1 371
2 1544
1 1496
1 14
2 1118
2 558
1 1494
2 630
2 1124
2 1366
2 575
2 1098
2 1236
2 671
1 727
2 1299
2 192
2 1244
1 1088
1 119
1 734
2 1060
2 1060
2 1211
2 902
2 797
1 557
1 1274
2 386
2 794
2 1436
1 792
1 679
1 1218
2 634
2 22
2 249
1 1277
2 890
1 643
2 870
2 404
2 79
2 815
2 563
2 1046
1 26
1 1324
1 166
2 168
1 1019
1 1327
2 760
2 920
1 784
1 1073
1 245
1 476
2 1504
2 1410
2 1518
1 1501
2 709
1 332
2 143
2 639
2 402
2 396
2 1547
1 704
1 456
1 1146
1 61
2 1303
1 1400
1 305
2 1095
1 681
2 928
1 1098
1 343
2 1305
1 1035
2 869
1 154
2 458
2 65
2 183
1 432
1 1366
1 1407
2 333
1 1065
2 1243
2 682
2 402
2 311
1 1505
1 339
2 1362
2 433
2 949
2 16
1 39
1 771
1 633
1 22
2 1309
2 136
1 384
2 492
2 1539
2 36
2 1445
1 1077
2 836
2 15
1 1295
1 700
2 190
2 260
1 1373
1 1104
2 20
1 606
2 63
1 239
2 561
2 749
2 1132
2 483
1 906
2 912
2 490
2 221
2 993
2 373
2 765
2 566
2 553
1 1058
2 545
1 1404
1 409
1 187
2 1005
1 574
2 1254
2 75
1 925
2 537
1 357
2 1177
1 1526
1 650
2 1017
1 150
1 1137
1 998
1 1263
2 270
1 157
2 70
2 253
1 1347
1 1056
1 1469
2 820
2 1237
1 810
1 864
2 1460
2 1142
2 176
2 1452
2 168
1 358
2 1143
2 774
2 97
1 622
2 1271
1 173
2 1128
2 1442
1 1090
1 165
1 1337
2 542
1 1165
1 674
1 645
2 487
1 941
1 348
1 716
2 1276
1 497
1 755
1 738
2 138
1 589
1 814
2 1544
1 1520
2 1082
1 774
2 631
1 975
1 803
2 709
1 192
1 198
1 153
1 583
2 811
1 1391
2 1123
1 682
1 1467
2 1229
1 261
1 1102
2 1358
2 83
2 138
2 357
2 219
1 1149
2 73
1 585
1 1011
1 892
2 550
2 1325
2 648
2 1485
1 1199
2 599
2 1209
2 432
1 899
2 777
2 891
1 301
1 873
1 478
1 887
1 479
2 622
2 786
1 212
1 705
1 34
1 1215
2 1088
1 332
1 1528
1 227
1 1182
2 605
2 1336
1 787
2 1529
1 119
1 1256
2 75
1 952
2 1244
2 819
2 504
2 698
2 1440
1 1187
1 898
1 53
1 124
1 391
1 1444
2 1214
1 78
2 526
2 1175
2 1096
2 1189
1 595
2 928
1 1480
1 991
2 1395
2 1086
2 1363
1 963
2 533
1 934
2 947
2 1335
1 113
2 886
1 995
2 688
2 493
2 12
2 526
2 412
2 1105
2 1048
1 146
1 1245
1 1144
1 423
1 240
2 387
2 44
1 234
1 603
2 1008
1 84
2 354
1 265
1 424
1 273
2 1466
1 457
1 632
2 799
1 1495
1 849
1 509
2 1370
2 1330
2 1359
2 1423
1 802
1 1287
1 1489
2 1193
2 1057
2 1523
1 1126
2 627
2 536
1 1375
2 213
1 300
2 330
2 1400
1 19
1 672
2 191
2 1415
2 690
1 277
2 829
2 30
2 929
1 604
2 1067
1 1511
2 1308
1 1038
1 31
2 901
1 326
2 1473
2 1320
1 643
2 1082
2 1312
2 428
2 1438
2 1468
1 1194
1 51
2 600
1 423
2 846
2 1532
1 1017
2 238
2 419
2 506
1 969
2 1021
1 854
1 917
1 938
2 1179
1 1169
1 367
2 592
2 280
1 57
1 597
2 111
2 411
2 1249
2 554
1 1092
1 1107
1 356
2 1297
1 21
1 1502
1 209
2 1255
2 373
1 549
2 217
2 723
2 1070
2 1501
2 141
2 1076
2 42
1 135
2 767
1 618
2 1131
2 37
1 37
1 838
2 1195
1 88
2 1273
1 1426
1 1491
2 718
2 1119
1 458
1 939
2 567
2 1034
1 91
1 1522
1 1382
1 179
1 883
1 730
1 562
1 1512
1 1168
1 307
1 181
2 640
1 1536
2 1414
2 1164
1 216
2 978
2 395
1 154
1 1196
2 878
1 1452
1 1157
1 775
2 1422
2 974
1 127
1 1403
1 72
1 867
2 1141
2 539
1 609
1 398
2 775
2 1515
2 534
2 344
1 49
2 800
1 25
2 1173
2 821
2 120
1 936
1 1110
1 462
1 1346
1 1384
2 374
1 55
1 695
2 200
1 100
1 1223
2 929
1 233
2 8
2 1307
2 708
2 1022
2 1152
2 611
1 636
2 1389
1 1401
1 448
2 280
2 474
2 1280
2 186
1 393
2 263
1 985
1 350
1 969
2 839
2 820
2 1408
1 582
1 783
1 1478
2 880
2 281
2 508
1 338
1 1200
1 1274
1 1024
1 797
2 229
2 780
2 300
1 1428
2 155
1 493
1 1385
2 360
2 505
2 29
2 32
2 785
2 327
1 781
2 847
1 202
1 140
2 1183
2 1315
1 1077
1 530
1 532
2 1080
1 516
2 935
2 112
2 1310
2 205
1 1260
1 524
1 1292
1 821
2 1079
1 262
1 215
1 1231
1 1210
2 452
2 196
2 60
2 940
2 225
1 807
2 964
2 854
2 719
1 1238
1 366
2 1351
2 756
1 1047
2 122
2 862
1 457
2 959
1 687
2 353
1 1413
1 849
2 55
2 700
1 147
1 911
2 406
2 528
2 218
2 707
1 1460
2 488
1 852
1 666
1 840
2 715
1 1004
2 978
1 340
1 1417
1 407
2 564
2 233
2 1029
1 941
2 1259
1 1508
1 612
1 1048
1 1519
1 1258
1 1280
1 1453
2 1100
1 830
1 844
1 1127
2 460
1 1463
2 1053
2 1052
2 535
1 113
2 50
1 589
1 879
2 87
2 190
1 412
2 94
1 391
2 139
2 759
2 278
1 683
2 1502
1 686
2 500
1 1365
2 463
2 617
2 1336
2 19
1 590
1 816
2 56
1 483
2 66
2 340
1 1484
2 578
2 468
2 795
2 593
2 1543
2 225
2 1281
1 1429
1 651
1 674
1 58
1 520
2 657
2 1477
2 944
2 279
2 1524
1 673
2 805
1 1153
2 103
1 378
2 517
2 1101
1 289
2 1251
2 989
2 1114
2 1071
1 894
1 933
2 1224
1 696
2 384
2 1332
1 568
1 1304
1 1128
1 286
1 389
2 303
1 1371
1 408
2 467
1 951
2 1250
2 92
2 494
2 66
1 1008
2 1144
1 100
1 388
1 110
1 685
2 1007
1 1208
1 352
2 841
2 1204
1 1096
1 607
1 1027
2 1009
2 610
1 377
1 677
2 264
2 532
2 38
1 961
2 638
2 808
2 401
1 92
1 1538
2 1059
2 777
2 162
2 836
2 630
1 847
2 940
2 1256
2 1116
1 336
1 771
1 1427
2 979
2 1252
1 772
1 824
2 1291
1 1037
1 165
2 720
1 1293
1 860
1 1006
1 574
2 1367
1 415
1 1441
2 467
2 35
2 913
1 169
2 1413
2 1474
2 1293
1 959
2 5
1 1099
2 294
1 1365
2 663
2 2
1 707
1 145
2 175
1 1155
1 481
1 639
2 802
1 884
2 179
2 410
2 172
2 1270
2 546
1 437
2 1
1 241
2 62
1 990
1 252
1 889
2 1239
2 96
1 99
2 1063
1 1524
2 1275
1 223
1 796
1 1343
2 267
1 649
1 466
1 908
1 845
2 1044
1 592
2 623
1 971
1 995
1 1345
1 1266
1 67
2 1472
1 427
2 671
1 1169
2 974
1 1204
2 1033
1 1132
2 1352
2 669
1 724
2 769
1 837
2 191
2 201
2 416
1 220
2 1434
1 529
2 728
1 1013
2 1112
1 476
1 1470
2 816
2 729
2 1130
1 923
2 1406
2 271
1 1319
1 654
2 831
2 1410
1 210
1 915
2 243
2 1548
2 1267
1 1387
2 1465
1 414
2 1170
1 336
2 174
2 366
1 358
1 1151
2 625
1 1430
1 296
1 187
2 1233
2 730
2 826
2 585
1 632
2 1125
1 1428
2 212
2 862
1 1166
1 688
1 1113
1 1252
2 1434
2 1213
1 755
1 102
2 7
2 1542
1 750
1 904
2 421
2 69
1 660
2 523
2 828
1 218
1 408
1 1193
2 786
1 1354
2 344
1 393
2 1045
1 1399
1 480
2 763
1 351
1 608
1 946
1 1549
1 197
2 245
1 51
2 1454
1 485
1 926
2 934
1 1487
1 697
1 188
2 546
1 804
2 699
1 843
1 65
1 306
1 381
1 525
2 610
1 236
2 1120
1 726
1 1539
1 45
1 1402
2 781
2 242
1 361
1 785
1 1464
2 598
1 231
1 1057
2 990
2 89
1 472
2 1397
2 224
2 1158
2 1030
1 710
1 321
1 1190
2 130
1 1419
2 152
2 956
1 1416
1 244
2 1179
2 1108
2 1158
2 1166
2 1301
1 1219
1 40
2 1514
2 163
1 983
2 743
2 107
1 1248
1 841
1 921
1 1097
2 1370
2 965
2 478
1 205
2 294
2 76
1 764
1 1013
1 189
2 40
2 331
1 1509
1 1440
1 1318
2 801
2 1475
1 718
2 1361
1 1181
2 377
1 129
2 1051
2 30
1 540
2 989
1 1173
2 1069
1 383
1 267
2 314
2 1339
1 230
2 182
2 499
2 1264
1 576
2 543
2 1492
1 1545
1 1087
1 1388
2 768
1 966
2 788
2 1206
2 242
2 1264
2 213
2 318
1 229
2 1473
1 827
2 1392
1 194
2 930
1 395
1 1449
2 234
2 36
2 733
2 95
1 737
2 962
1 60
2 324
2 731
2 1443
2 691
1 510
1 916
1 1225
1 1220
2 736
2 56
1 1486
1 509
2 385
2 257
1 814
1 584
2 1040
1 583
2 1451
2 905
1 329
2 1065
2 317
2 1536
1 717
1 1201
1 871
2 1409
1 569
2 115
2 78
1 266
2 588
2 339
1 948
2 363
2 1436
2 1170
2 621
1 1105
1 1209
1 251
1 587
1 1000
1 1243
2 661
2 425
2 1527
1 1323
2 1148
1 106
2 1498
1 450
2 1242
1 1275
1 1479
2 1451
2 1322
1 790
2 95
1 817
1 428
1 370
2 442
2 439
1 1455
2 516
1 749
1 1284
2 1031
1 620
2 1528
2 1346
1 1133
2 741
1 226
2 363
2 415
1 1547
1 164
1 43
2 25
1 1360
2 64
1 789
2 1236
1 942
1 93
2 745
2 232
1 1192
2 826
1 1461
2 1490
1 883
2 1431
2 1439
2 486
1 435
2 1388
2 767
1 346
1 613
1 626
2 220
2 628
2 257
2 301
1 949
1 1405
2 352
1 1462
2 558
1 125
1 248
2 782
2 1396
2 1036
1 1237
1 1081
2 107
1 1289
2 712
2 445
2 1023
1 735
2 1374
1 17
1 835
1 1171
2 1115
2 1272
1 99
2 519
1 295
1 565
2 1227
1 1097
2 376
2 296
2 1290
1 297
2 1139
1 1254
2 1167
2 968
1 935
1 1003
1 548
1 679
1 221
2 976
1 732
1 1537
2 407
1 714
2 556
1 237
2 992
2 320
2 419
2 752
2 964
2 651
1 1174
2 1024
2 900
2 1127
1 1517
2 1124
1 1028
1 756
2 443
1 1308
1 1319
1 203
2 380
1 778
2 1163
1 1391
1 909
1 905
2 1175
2 691
1 521
2 939
1 791
1 15
2 1034
2 451
2 1326
1 656
2 1247
2 324
2 118
1 1253
2 1401
1 1240
2 1311
2 23
2 1459
1 960
1 848
1 764
1 460
2 1103
2 151
2 663
2 850
2 48
2 454
1 1377
1 565
2 275
1 1521
1 126
1 1373
2 1121
2 158
1 374
1 668
2 787
1 635
1 1302
1 1357
1 3
1 495
1 82
2 851
1 1230
1 112
1 1517
2 620
2 162
1 98
1 106
1 1014
1 268
1 742
1 249
2 144
2 1412
1 7
2 455
2 338
1 556
1 317
2 1091
2 231
1 1510
1 813
2 782
1 101
1 896
2 63
1 1482
1 379
1 1526
1 865
1 1442
1 1149
2 315
2 1107
1 1458
2 98
1 160
1 293
2 349
1 920
1 9
1 744
2 1322
2 1357
1 1321
2 35
2 1534
2 501
2 676
1 160
2 1177
2 1095
2 1298
2 866
1 858
1 1303
2 815
2 1332
2 470
2 328
2 600
2 311
2 599
1 1049
1 1174
1 1201
1 977
2 1309
1 562
1 520
1 1000
1 1278
1 1257
1 1327
2 1506
1 52
1 703
2 1297
2 1358
2 1333
2 1355
1 283
1 382
2 1111
1 77
2 1111
1 68
1 524
2 1206
1 1286
1 1420
1 1074
2 732
2 1225
1 304
2 1106
1 255
1 1190
1 1469
1 1006
2 779
1 62
1 1083
1 128
2 869
1 833
2 690
2 260
2 1267
1 455
2 1121
2 987
2 1089
2 559
1 369
2 256
1 652
2 471
1 431
2 1156
1 1232
2 1279
1 292
2 304
1 729
2 174
2 827
2 487
2 988
1 1542
1 81
1 1062
1 263
2 1411
1 645
1 345
2 1448
1 910
2 247
1 1203
2 798
2 497
1 251
1 770
1 808
2 443
2 1300
2 1219
1 1369
2 635
1 1511
2 1486
1 750
2 722
2 1109
2 316
1 678
1 1361
2 824
2 117
1 1003
2 132
1 285
1 575
2 1061
2 557
1 763
2 272
2 23
2 944
2 176
2 1240
2 1546
2 177
1 331
1 1010
2 1260
2 1326
2 564
1 955
1 306
1 471
1 1004
2 305
1 133
2 210
2 1330
1 1317
2 310
2 394
1 1150
1 910
1 1540
2 793
2 1055
2 1136
1 203
1 148
1 1318
1 754
2 1478
2 293
2 1421
2 321
2 1294
1 1310
1 1499
2 271
2 1488
2 1043
1 703
2 1262
1 692
2 44
2 721
2 637
2 1435
1 1167
2 672
1 601
2 1197
2 1205
1 322
1 79
1 1380
2 484
2 1147
1 1133
1 607
2 1106
1 872
2 42
1 1047
2 71
2 954
2 466
2 925
2 758
2 1200
1 1162
2 1269
1 618
1 1228
1 316
1 1117
1 178
1 1398
1 738
2 758
1 298
2 1143
2 464
2 409
1 1387
1 184
2 1394
2 863
2 1347
2 1393
1 1447
1 1221
2 1390
1 616
1 194
1 894
1 244
2 308
2 422
1 773
1 997
2 1369
2 1202
1 355
2 908
2 996
1 534
1 272
1 956
1 918
2 85
2 1350
2 163
2 313
2 1334
2 1423
1 236
1 29
2 863
2 701
2 1183
1 653
1 751
1 368
1 518
1 762
1 259
2 1033
2 753
1 658
2 208
1 1550
1 823
2 152
2 794
1 136
1 144
2 258
1 382
2 523
2 1282
2 1268
2 27
2 1429
1 1328
2 1140
1 474
2 1211
1 580
2 1359
2 1072
1 1493
1 642
2 1122
1 961
2 122
1 1344
2 1068
2 1500
2 888
1 594
2 1520
2 743
2 430
1 1353
1 542
1 982
2 1103
2 1066
2 287
1 1042
2 193
2 47
2 512
2 26
2 625
2 1510
2 735
1 426
2 149
1 1404
1 503
2 215
2 473
2 89
2 646
1 1025
2 694
1 1354
2 61
1 1533
1 1068
2 68
1 488
1 1348
1 1094
2 861
1 291
1 1422
1 505
2 9
2 1178
2 650
2 1492
2 855
1 206
2 1315
2 997
2 1503
1 598
2 1153
2 1194
2 83
1 1249
2 733
2 101
2 1302
1 958
1 828
2 1228
1 1328
2 2
2 108
1 1481
1 899
1 342
1 946
1 1333
1 31
2 429
2 731
1 856
2 436
1 745
1 822
2 69
1 1353
1 1196
2 726
1 1301
1 164
1 389
2 1446
1 968
1 866
2 855
2 254
2 1150
2 53
2 1119
2 1355
2 1217
2 895
2 1055
2 128
1 492
1 348
1 1435
1 684
1 355
2 1432
2 1439
2 665
2 762
1 32
1 888
1 1028
1 189
2 1072
2 943
1 1026
2 1216
1 1393
2 473
2 59
2 1335
2 209
1 406
1 1363
2 1334
2 399
1 868
1 629
2 52
1 362
1 1197
1 1094
1 515
1 1016
2 1408
1 67
2 1025
2 482
2 954
1 789
1 1550
2 1136
2 544
2 1223
1 766
1 1027
2 247
1 116
1 921
1 932
1 659
2 634
2 586
2 124
2 1054
2 977
1 766
2 1015
1 237
1 214
1 933
2 517
2 494
1 1230
2 591
2 1349
1 1494
1 1066
2 547
2 1372
2 780
1 1533
1 350
2 1251
2 1089
2 903
1 1325
1 593
1 1258
1 1247
2 1146
2 1364
2 1479
2 297
2 1078
2 1424
2 1188
2 167
2 1438
2 859
2 538
2 515
1 584
2 1545
1 696
1 923
2 1376
1 1419
1 87
2 196
2 1010
1 1250
2 1090
2 698
2 1283
1 875
1 1032
2 980
2 631
1 1409
2 88
2 1350
1 706
1 982
2 667
1 1296
2 388
1 644
1 41
1 1368
1 85
2 1379
2 799
2 1518
2 1002
2 1483
1 1227
2 133
2 699
1 1233
2 1508
2 720
2 1020
1 832
1 1437
2 1210
1 418
1 1383
1 1012
1 654
1 1184
2 250
2 981
2 882
1 130
1 155
2 310
1 644
1 697
2 725
1 400
1 803
1 1447
2 449
1 1014
1 670
1 805
1 1421
2 1262
2 485
2 356
1 960
1 445
1 1314
2 1403
2 418
1 1268
2 86
2 950
2 681
1 1534
2 240
2 1446
2 1207
2 533
2 1381
2 980
1 1187
2 506
1 354
2 705
1 1036
2 955
2 1372
1 320
2 284
2 465
2 1543
2 1069
1 930
1 1356
1 994
2 518
2 1257
2 1471
1 142
2 1286
2 881
2 769
1 182
2 1212
2 279
2 983
1 991
2 641
1 694
1 171
2 890
2 638
1 111
1 1509
2 329
2 839
2 711
1 747
2 1484
2 394
2 453
2 719
2 861
2 853
1 609
1 522
2 475
2 1507
1 1516
2 665
1 335
1 1380
2 333
2 132
2 142
1 282
1 334
2 993
2 721
1 1285
2 84
1 1329
1 489
1 689
1 463
1 1050
2 1523
1 1417
1 446
1 922
2 396
2 1222
2 1497
1 932
1 577
2 1512
1 1337
2 736
2 1163
2 904
2 1056
1 309
1 80
1 459
1 649
2 1394
2 381
2 1338
1 1084
1 1433
2 655
2 318
2 342
1 795
1 1062
2 1011
2 547
2 1086
2 1426
1 1481
1 624
2 1443
2 811
1 74
2 4
2 477
2 475
2 870
1 1054
1 531
2 109
2 1471
1 529
1 734
2 232
1 1118
2 1418
1 224
1 1383
1 90
1 551
1 667
1 327
1 1040
1 701
1 796
2 1311
2 521
1 1461
1 199
1 183
1 712
1 299
2 623
1 353
1 456
2 511
2 942
1 1185
1 792
1 156
1 109
1 158
2 1029
2 927
2 1532
1 346
1 258
2 17
1 568
1 810
1 576
1 895
1 531
2 180
1 857
2 621
2 1109
1 500
2 275
1 722
1 444
2 1362
2 911
1 429
2 999
2 1506
1 219
2 1023
2 105
1 421
1 1180
1 1241
2 464
1 1386
2 1122
1 254
2 1220
2 413
1 611
1 874
1 1043
2 713
2 1397
2 123
1 1424
2 362
2 490
2 59
1 754
1 405
1 1255
1 573
2 1129
1 435
1 470
1 1392
1 1016
2 1431
2 491
1 214
2 169
2 540
1 660
2 1157
2 1087
1 114
2 1079
1 778
2 536
1 683
1 1246
2 276
2 173
2 1453
2 1030
2 714
1 909
2 64
1 1384
1 172
1 1342
1 1382
1 170
1 1052
1 1021
2 10
1 347
2 555
2 1376
2 1246
2 198
1 207
1 427
1 724
1 513
1 647
2 1
2 440
2 1022
1 446
2 748
1 825
1 1351
2 1181
1 666
1 1472
2 1020
1 1529
1 256
2 879
2 1352
2 885
2 1207
1 1307
1 723
2 1226
2 884
2 1084
2 265
2 902
1 71
1 865
2 633
1 676
1 43
2 27
1 560
2 498
1 386
1 1018
2 18
2 491
1 314
1 867
1 264
1 1287
2 572
1 1135
2 223
1 693
1 938
1 664
2 1541
2 131
1 602
2 105
2 596
1 970
1 1466
2 1061
2 452
1 604
1 715
2 1298
1 975
1 1378
2 1425
2 856
2 1343
2 400
2 1152
2 341
2 727
2 835
1 545
1 1500
2 1134
2 58
1 1385
1 842
2 891
1 601
1 351
2 1342
2 552
1 1115
1 325
2 1044
1 563
2 670
2 555
1 502
2 193
2 1224
2 178
2 945
2 834
2 953
1 567
1 757
1 1092
2 1156
1 274
2 117
2 364
1 47
1 853
1 137
1 121
1 126
2 140
1 93
2 1522
1 137
1 345
1 1205
2 986
2 840
2 312
2 1042
2 1241
2 185
1 195
2 1490
2 274
2 503
1 1390
2 323
2 127
2 1235
2 1018
1 288
1 857
2 912
1 1296
1 572
1 1530
2 1379
1 996
1 74
2 570
1 549
2 907
2 1140
1 1549
2 1487
2 439
2 689
2 1527
2 28
1 1498
1 103
1 664
2 1129
1 1137
1 230
2 204
2 1259
2 495
1 312
1 1176
2 334
1 115
2 10
1 602
2 6
1 498
2 139
1 1476
2 668
2 915
2 1395
1 399
1 1491
2 367
2 999
1 239
1 1371
2 804
1 273
1 278
1 1535
1 790
2 383
2 41
2 397
1 235
1 241
2 166
1 253
1 950
2 972
2 507
1 1093
2 283
1 1441
2 1454
2 587
1 765
1 875
2 375
1 325
2 728
2 1104
1 499
1 1457
1 184
1 590
2 747
2 752
2 1126
1 1427
2 1265
2 94
1 661
1 603
1 1514
2 1341
1 544
1 1467
2 303
1 401
1 687
1 878
1 711
1 1525
2 228
1 880
2 372
2 1405
2 248
2 675
1 1151
2 858
1 1389
2 1480
2 680
1 897
1 1507
2 629
1 1271
1 1142
1 449
2 287
2 1031
1 801
2 957
1 496
2 579
1 226
2 1377
1 872
1 807
2 277
1 1313
1 1063
1 994
2 437
2 832
1 284
2 448
2 985
2 885
2 335
1 591
1 963
2 341
1 1102
2 76
1 195
2 612
1 512
2 1279
1 1231
1 876
1 613
2 489
2 1348
2 843
1 1214
2 776
1 553
1 967
2 713
2 1238
1 1367
1 970
1 1160
1 1475
2 1338
2 486
2 948
1 965
2 818
2 1449
1 450
2 922
2 501
1 812
2 637
2 1456
2 90
2 937
1 6
1 886
2 1041
1 641
1 1457
2 559
1 1270
1 1035
1 551
1 1538
1 952
1 1381
2 1203
1 1316
2 1234
2 1064
2 1188
2 704
1 322
2 359
2 1085
1 1282
2 206
2 1038
1 438
1 655
2 268
1 319
1 669
2 1160
2 825
2 1261
1 514
1 1294
2 1516
2 45
1 197
1 760
1 646
2 508
2 145
1 436
2 1425
2 1002
1 1041
2 290
2 1145
2 1001
2 626
1 1521
1 924
2 46
2 614
2 864
2 208
2 309
1 1100
1 739
1 1430
1 1345
1 595
1 116
2 597
2 897
1 848
2 1462
1 984
2 725
1 937
1 581
1 1186
1 1015
1 647
2 527
2 157
2 250
2 1285
2 1455
2 1154
1 170
1 791
1 560
2 201
1 537
1 1019
2 1464
1 662
1 5
2 1073
2 834
1 924
2 1051
1 882
1 1191
1 426
1 1229
1 1386
1 1288
2 227
1 1232
1 1269
2 913
2 425
1 54
2 744
2 1180
1 1199
2 125
2 1074
1 104
1 337
2 1067
2 628
2 972
2 403
1 1432
2 1300
1 1009
2 153
2 442
1 141
1 831
2 1483
2 1202
1 740
1 276
1 757
1 1323
1 833
2 653
2 1340
1 1292
1 753
1 926
1 385
2 1154
1 986
1 1075
2 1546
1 343
1 648
2 1418
2 216
2 702
1 289
2 530
2 1450
2 1130
1 392
1 97
2 535
1 57
1 1339
2 269
1 800
2 1076
2 1356
1 1091
2 1161
2 1399
2 420
2 1276
1 636
1 390
2 252
1 1482
2 1489
1 1433
1 430
1 1263
1 874
2 96
1 337
1 1291
1 740
1 838
2 1284
1 434
1 571
1 998
2 1265
1 1406
1 973
1 188
1 1178
2 8
1 151
1 678
2 1306
2 20
1 1320
2 1496
2 773
2 1531
1 246
2 1007
1 659
2 1184
2 614
2 459
1 403
2 390
1 1123
1 582
2 1148
2 966
1 561
2 228
1 4
2 570
1 742
2 392
2 1037
1 1226
1 1312
1 947
2 642
2 1070
2 1505
1 369
1 901
2 1402
1 38
2 658
2 566
1 434
1 1168
1 917
1 416
2 1059
2 1306
1 695
1 417
2 469
2 1414
1 873
2 784
1 640
2 21
2 290
1 1513
1 123
1 615
1 606
1 1039
1 927
2 1172
1 1189
1 818
1 624
2 1304
2 431
2 1407
1 525
1 594
2 1444
2 313
1 1450
1 368
2 1281
2 859
1 539
1 1290
1 1261
2 477
1 552
2 806
1 285
1 453
1 615
1 945
1 1340
1 522
2 962
1 1415
1 1176
1 1468
2 1116
2 146
1 987
2 617
1 261
2 156
1 202
2 262
1 1503
1 295
1 1368
1 472
2 1476
1 1212
1 110
2 484
2 405
2 1283
1 1360
2 973
1 1239
2 299
1 511
1 1459
1 1135
2 1138
2 222
2 159
2 851
1 480
1 217
1 958
1 496
1 596
1 469
2 550
1 1314
1 328
2 608
1 1134
1 931
2 1125
2 291
2 326
1 298
2 737
2 211
2 468
2 1159
2 91
2 1535
2 319
2 378
2 916
1 49
1 914
1 70
1 1046
1 1456
2 1165
1 627
1 410
2 1364
1 708
2 893
1 971
1 543
2 54
2 11
1 186
1 710
1 881
1 967
1 1045
2 578
1 1540
1 605
1 957
2 398
2 397
2 1530
2 822
2 404
1 108
2 1344
1 1493
2 984
1 200
1 1182
1 14
1 1113
2 1217
1 72
1 868
1 1145
2 770
1 266
2 992
2 746
1 307
1 235
1 1001
1 877
2 1058
2 269
1 177
1 1208
1 451
1 1324
1 976
1 819
1 1075
2 652
2 685
1 1497
1 1012
1 573
1 120
2 761
1 1050
2 761
1 1317
1 1171
2 1101
2 1485
2 1448
1 1245
2 846
2 1049
1 577
2 39
1 243
2 1470
2 1289
1 1026
2 706
1 77
1 420
1 1064
1 34
1 288
2 347
1 454
1 684
2 150
1 73
1 918
1 376
2 1253
1 571
2 877
1 837
2 1488
1 1313
1 417
2 514
2 1108
2 147
2 1198
2 842
1 181
1 1541
2 171
2 413
1 270
2 656
1 919
1 161
2 1186
2 702
2 1396
2 1477
1 349
1 1548
1 739
1 906
1 1117
2 308
1 657
1 772
2 3
2 370
1 207
2 330
1 845
2 579
2 28
1 1288
1 768
1 411
1 677
2 860
2 554
2 1458
1 569
1 255
2 1120
1 793
2 892
1 548
2 675
2 180
1 759
1 662
2 1242
2 372
2 1411
2 919
2 1161
1 1499
2 441
1 1248
1 82
2 1316
2 823
1 1515
2 1331
2 852
2 1215
1 24
2 1531
1 1112
2 581
1 686
2 315
2 1147
2 887
2 447
1 829
1 175
2 817
1 830
1 482
2 414
2 1437
1 1234
2 1349
1 1081
1 1277
2 16
2 510
1 1078
2 1519
1 1374
1 813
2 387
2 1216
2 1474
2 619
2 185
1 281
1 379
2 519
1 1537
2 129
1 751
2 81
2 104
1 809
1 741
2 50
1 33
1 1420
2 1053
2 1080
2 1295
2 1504
1 380
2 1445
1 588
2 953
2 527
2 1172
2 80
2 360
1 1329
1 717
2 11
1 1218
2 438
2 936
