3100 3500
2 1281
1 1446
1 727
2 132
1 1340
1 182
2 1109
2 54
1 1133
2 961
2 651
1 558
1 1057
2 364
1 510
1 1217
1 705
2 167
1 850
1 469
1 8
1 1523
2 618
1 680
2 1319
1 1485
2 1035
1 1207
2 53
1 683
2 739
1 1323
1 1436
1 478
2 171
1 691
2 211
2 139
2 969
2 779
1 1375
1 597
1 1492
1 816
2 892
2 688
1 1288
1 633
1 657
2 314
2 1089
1 661
1 1270
1 206
2 1129
2 557
2 196
1 726
2 1444
2 1505
2 806
2 488
1 1040
2 46
2 1195
2 1198
2 584
1 1469
2 591
2 72
2 361
2 370
1 1090
2 1386
1 333
2 244
2 990
2 1199
2 881
2 1056
2 1150
2 1390
1 486
2 173
1 878
1 190
2 1258
1 987
2 1127
1 719
2 861
1 1515
1 784
1 1037
2 906
2 1049
1 1380
1 937
1 346
2 931
1 833
1 759
2 358
2 562
1 823
1 1178
2 1014
2 1159
1 1026
1 1442
2 1264
2 1448
2 662
2 328
1 175
2 353
1 76
1 306
1 1514
1 1084
2 1009
2 910
2 385
1 387
2 43
1 260
2 338
2 53
2 396
1 1220
1 955
2 216
2 493
1 740
2 1305
2 1262
2 5
1 748
2 796
1 484
2 1454
1 94
1 1028
2 316
1 1271
2 105
1 827
1 835
2 1283
1 1273
2 180
2 637
2 941
1 1449
2 774
1 578
1 752
1 295
2 1408
2 1273
1 34
2 763
1 1363
1 926
1 325
1 658
2 1230
1 499
2 305
1 461
2 1356
1 1142
2 138
1 714
2 576
2 1344
1 1477
2 1137
1 362
1 118
2 1056
1 127
1 41
2 708
2 865
2 591
1 97
1 674
1 1376
1 619
1 17
1 1497
1 689
2 1318
2 80
2 671
1 1308
2 760
2 795
2 1437
1 730
1 231
1 185
1 219
2 656
2 1358
2 891
2 855
2 429
2 1201
1 378
1 648
2 419
2 904
1 1361
2 1188
2 947
2 964
2 649
2 913
2 667
1 1517
2 157
1 793
2 810
2 1468
1 453
2 294
1 730
2 798
2 1393
1 944
2 604
1 1487
2 1509
2 343
1 994
2 973
1 1064
1 238
2 945
2 153
1 444
2 179
1 612
2 25
2 407
2 738
1 943
2 1021
1 1077
2 1171
2 1065
2 761
2 405
2 741
2 524
2 1533
1 971
1 1047
2 448
2 1198
1 1016
2 500
1 596
2 226
2 88
2 58
2 942
1 1467
2 111
1 863
1 362
2 1431
2 1292
1 820
2 1357
1 1402
1 884
2 818
2 1482
1 1377
1 577
1 1518
1 147
2 543
2 675
1 1153
2 695
2 1392
1 436
2 480
2 376
1 450
1 1505
2 1394
1 1494
1 183
2 1343
2 1166
2 304
2 302
2 997
1 1051
1 1299
2 717
1 359
2 1003
1 939
2 530
2 375
2 893
2 490
2 93
1 853
1 420
1 642
1 930
2 1189
2 412
2 115
2 927
2 978
2 998
1 794
1 1502
2 58
2 1266
1 278
1 344
2 224
2 26
2 687
1 670
2 460
1 1193
2 251
1 1371
2 622
1 549
2 1366
2 1223
1 312
2 520
2 1274
2 1326
2 1110
2 1367
1 1527
2 213
1 1161
2 945
1 880
2 322
2 1503
1 349
2 844
2 442
2 112
1 77
2 1399
1 1424
2 146
2 1332
2 547
2 148
1 1050
1 1541
1 842
1 1407
2 207
1 339
2 115
2 981
1 188
2 1147
2 776
1 59
2 1088
1 421
2 292
2 1404
2 106
2 1546
2 875
1 1462
1 282
2 357
1 411
2 325
1 778
2 1064
2 51
1 1407
1 1364
2 613
2 755
1 1544
2 240
1 643
1 401
1 618
1 1134
2 526
1 1061
2 1074
2 1415
1 1065
1 40
2 716
1 459
2 709
2 567
1 1111
1 1313
1 729
1 1452
2 386
2 741
1 281
1 1460
1 539
2 983
1 57
1 1300
2 1081
1 1416
1 825
2 144
2 1372
1 706
1 1532
2 653
1 1463
1 98
1 358
1 1344
1 1027
2 1243
2 425
2 930
1 123
1 218
1 1477
1 1480
2 1023
2 815
1 972
1 552
1 1488
1 920
2 561
2 1091
2 609
1 195
2 126
1 496
2 1005
1 522
2 288
2 844
1 604
2 821
1 946
2 169
2 544
1 7
1 641
1 1254
1 257
1 1032
2 228
2 669
1 635
1 1115
1 322
1 190
1 984
1 306
1 897
2 291
2 1151
2 911
1 790
2 1236
2 1380
1 1256
1 907
2 1311
2 1433
1 293
1 1120
1 1173
1 1409
2 121
1 1384
2 1131
1 404
1 1483
2 268
1 1022
1 372
1 1234
1 225
2 337
1 481
2 1415
2 45
2 1181
1 401
1 665
1 1154
1 1278
1 230
1 1461
2 864
2 826
2 71
1 1228
1 1194
2 435
1 691
2 579
2 121
1 985
2 1088
1 1345
1 482
2 1238
2 940
1 950
2 117
1 1024
2 75
1 523
2 255
2 1441
1 145
1 1178
2 360
1 5
1 136
2 505
2 1242
1 639
2 1060
2 944
1 1018
1 72
2 1101
1 699
2 1531
1 839
2 269
1 538
1 382
1 862
2 103
1 1050
1 249
2 1037
1 1523
1 879
1 414
2 427
1 1018
2 113
2 793
1 1087
2 836
2 833
1 958
2 834
1 399
2 541
2 1117
2 1445
2 1422
1 748
1 771
1 1496
2 1508
1 1048
1 715
2 1012
1 303
2 1164
1 919
2 1225
2 727
2 1163
2 266
2 228
1 712
2 290
2 1025
1 70
2 247
2 1158
1 199
1 1175
2 950
1 445
1 1170
1 256
1 443
1 960
2 297
2 900
1 1095
1 1305
2 1216
1 983
1 696
1 609
2 510
2 210
1 1524
2 1451
1 1225
2 559
1 1419
2 673
1 66
2 970
1 1301
2 1386
1 1015
1 354
1 128
1 1067
2 1348
2 20
2 1512
1 383
1 110
2 587
1 728
2 211
2 378
2 318
2 388
1 1347
2 654
1 235
2 1517
1 655
1 598
1 1205
1 500
1 458
2 940
1 1288
1 13
2 1353
1 363
1 1395
2 513
2 1124
2 1124
1 1138
1 957
2 1156
1 151
1 1002
1 1322
2 808
1 1430
1 18
1 550
2 703
1 575
2 11
2 465
1 78
1 1257
2 101
2 1222
2 1255
2 387
2 901
2 574
1 1149
2 92
2 137
1 858
1 934
1 197
1 355
1 218
1 1442
2 1267
1 406
2 882
1 742
2 1340
2 802
1 996
2 319
1 140
1 885
1 1245
1 731
2 1150
1 118
1 415
2 287
2 1282
1 1300
2 1012
2 1002
1 746
1 1171
2 554
1 726
1 1008
1 580
1 1306
2 246
1 620
1 902
2 825
1 1221
2 47
1 1220
1 354
1 308
1 245
2 1485
2 631
2 744
2 1059
2 459
1 1055
2 256
1 449
2 1200
2 386
2 1464
2 750
1 1232
2 336
1 605
1 62
1 440
1 23
1 1229
2 1054
1 535
2 330
2 916
2 810
1 410
2 1209
1 1294
2 1029
2 551
1 1048
1 1413
2 351
1 208
2 586
2 92
2 517
1 1031
1 685
2 1034
1 1542
2 899
1 1156
2 1209
2 631
1 313
2 1436
2 390
1 1190
1 105
2 1358
1 1167
2 1249
1 414
2 935
2 1321
1 778
2 1456
1 525
1 281
1 1393
2 487
1 1336
1 814
2 686
1 854
2 237
2 225
1 1027
2 1228
2 1420
2 966
1 321
2 786
2 424
2 1066
2 150
1 813
2 164
2 1320
1 1145
1 349
2 1092
1 1303
2 556
2 107
2 991
1 928
1 533
2 1295
1 1227
2 614
2 1201
2 223
1 77
2 296
2 76
1 1206
2 104
1 262
2 266
1 82
2 56
1 606
1 1235
2 297
2 615
1 982
1 1149
1 546
1 1544
1 208
2 1035
2 114
2 12
1 1338
2 134
1 400
1 777
2 1337
1 1527
2 9
2 324
2 735
2 928
2 848
2 1335
1 980
1 762
1 1499
2 1460
1 1547
2 1180
2 1482
1 487
2 1528
2 1459
2 791
2 1348
1 816
1 1009
2 797
1 436
2 743
2 132
1 709
2 19
1 1484
2 1104
2 1229
2 1466
2 435
1 571
2 1312
2 1005
1 1119
2 398
2 1513
2 73
2 1367
1 984
1 881
1 1330
1 52
1 541
1 369
1 949
2 760
2 1114
2 520
2 75
1 1177
2 943
1 1254
2 1216
1 1112
1 49
1 908
1 465
2 3
1 551
1 1116
1 265
2 447
1 819
2 1430
2 257
1 879
2 30
2 970
1 583
2 405
2 843
2 1466
2 200
2 452
2 1108
1 814
1 742
1 1453
2 1250
1 472
1 205
2 309
1 721
1 355
2 667
2 486
1 1137
1 1426
2 317
1 913
1 426
2 1113
1 1494
1 1041
2 1197
2 708
2 332
2 1420
2 593
2 1404
1 253
1 801
1 656
1 350
1 209
1 935
1 1392
2 51
2 592
1 196
2 716
1 868
2 1397
1 1316
1 305
2 979
1 1187
1 170
2 1279
2 683
1 1087
2 1370
2 212
2 172
1 194
2 504
2 860
2 595
1 1165
1 521
1 156
2 841
1 516
2 889
2 1549
2 999
2 1079
2 1260
2 1298
1 1519
2 283
2 1226
2 230
2 1063
2 1285
1 119
2 866
2 288
2 1269
1 1350
2 50
2 152
2 977
1 189
1 1081
2 1530
1 1465
2 721
1 1194
1 1126
2 335
1 390
2 417
2 811
2 326
2 1097
1 1114
1 1103
2 639
2 706
2 371
1 1489
1 768
2 1324
1 156
1 130
1 67
1 968
2 122
2 304
1 260
1 1072
2 1215
2 611
1 828
2 565
2 381
1 988
2 244
1 623
2 356
2 508
1 1164
1 1051
2 1428
1 497
1 96
1 1085
1 756
1 1236
2 104
2 777
1 274
2 310
1 70
2 493
1 1214
2 1501
1 711
1 960
1 969
2 929
2 1414
1 229
1 193
2 294
2 555
2 32
2 1244
1 821
1 1057
1 471
1 923
1 632
1 480
2 1499
1 399
2 344
1 397
2 42
1 1321
2 468
1 740
1 1045
1 853
1 1176
2 718
2 1071
2 736
2 589
1 492
2 534
1 1473
1 352
1 124
1 330
2 519
2 367
2 1475
2 1454
1 738
1 581
2 1360
1 1098
1 26
2 647
2 1208
1 347
1 102
2 1175
2 19
2 621
2 50
2 822
2 1431
2 954
1 1224
1 1046
2 171
1 188
2 39
1 1461
2 337
2 744
2 1486
1 987
2 795
2 961
2 291
1 789
1 238
1 1374
2 996
1 1336
1 189
2 986
2 504
2 560
1 811
2 1116
2 831
1 1401
1 876
2 1385
2 1373
2 829
2 998
2 1464
1 598
1 1206
2 1520
1 248
1 1024
2 817
1 1434
2 914
1 1258
1 1233
1 160
2 515
1 786
2 1294
1 705
2 772
1 48
2 286
2 651
1 925
1 250
2 109
2 1396
2 222
1 992
1 932
1 834
1 68
2 1365
2 1203
2 411
1 643
2 1414
2 1268
2 1263
2 213
2 1383
1 477
1 181
2 846
1 1510
2 276
1 681
2 29
2 607
1 646
2 152
1 343
2 35
2 1119
2 1
1 1099
1 1038
2 923
1 925
1 496
1 700
1 149
1 1459
2 867
1 1185
2 1033
1 1331
2 693
2 33
2 106
2 1377
2 917
2 431
1 1011
1 430
1 134
2 373
2 660
1 1186
2 1285
1 267
2 826
1 672
2 926
2 1042
2 1356
1 272
1 1281
2 408
1 1076
1 1483
1 688
2 851
1 1509
1 1029
2 1098
1 10
2 277
1 886
2 845
2 660
1 1237
1 1069
1 521
1 111
1 885
1 454
2 452
1 548
2 1307
2 392
1 1123
1 841
2 602
2 474
2 1368
2 1360
1 1359
1 1458
2 675
1 815
2 245
2 1261
2 1351
1 689
2 234
2 366
2 55
1 1343
2 64
2 267
2 1545
1 894
2 63
2 1238
1 1379
2 1289
2 1282
1 797
2 650
2 1061
2 1104
1 962
2 771
1 1257
1 1427
2 702
2 702
2 129
2 765
1 664
2 184
1 1170
2 483
2 808
1 131
1 1522
2 1287
2 114
2 1173
2 1508
1 725
1 1516
1 143
1 529
2 446
1 323
1 1053
1 1495
2 971
2 365
1 384
1 818
1 690
2 308
2 1146
2 1277
2 81
1 393
2 101
1 1293
1 407
2 918
1 669
1 1320
1 905
1 164
1 603
1 1219
1 1372
1 1374
1 1500
1 1071
1 1032
2 1467
1 597
1 406
2 157
2 784
2 593
2 374
2 910
2 764
2 1069
2 560
1 1251
1 737
1 907
1 852
1 345
2 1262
2 1000
2 340
2 782
1 242
1 506
1 403
2 1341
1 1349
2 871
2 1128
2 1130
1 476
1 915
1 809
1 417
1 89
2 564
1 959
2 788
1 43
2 792
1 419
1 1357
1 90
1 909
2 1352
2 649
2 759
2 927
2 14
2 18
1 203
1 1099
1 1107
1 1
1 714
1 856
1 611
2 1038
1 36
2 780
2 974
2 1325
2 1545
2 712
2 566
2 1218
2 350
2 1157
2 177
2 193
1 581
2 202
2 1145
2 1439
1 448
2 1252
1 475
2 896
1 264
2 668
1 1125
2 753
1 1096
2 451
1 1115
2 837
1 828
1 1232
2 364
1 263
2 1272
1 216
1 516
2 215
1 271
2 1540
2 300
1 1105
2 877
1 933
2 1550
2 1107
1 888
1 986
2 464
2 78
2 697
1 659
1 831
1 1423
1 463
1 764
1 1435
2 1484
2 1284
1 703
2 775
2 1290
2 455
2 261
1 1272
2 204
2 1179
2 1247
1 653
2 162
1 301
1 1146
1 572
2 186
1 221
2 1176
2 680
1 391
1 384
1 1155
1 327
2 642
2 962
2 861
1 198
2 758
2 570
1 952
2 1016
1 1329
2 914
2 207
2 687
2 1265
1 83
1 365
2 1168
2 1538
2 222
2 1084
2 902
1 919
2 1296
1 644
1 1172
2 918
2 754
1 67
1 1396
2 240
1 1197
2 1162
1 32
1 198
1 145
1 1429
1 1128
2 86
1 109
2 957
2 423
1 876
2 1447
2 1163
1 511
1 751
1 55
2 951
1 1112
2 1503
2 931
2 762
2 937
1 1462
1 1400
1 1384
1 81
2 56
1 800
2 812
1 1076
1 922
1 83
2 697
2 1549
1 331
2 890
2 174
2 342
1 1255
1 1469
2 1511
1 505
1 1007
1 217
1 28
1 155
2 1222
2 1123
1 806
1 1044
1 1317
2 951
2 252
1 1457
2 1191
2 461
2 229
2 743
2 1373
1 1405
2 1424
1 1196
2 1390
1 393
1 920
2 259
1 1020
1 1260
2 314
2 1537
2 953
1 739
1 472
2 1452
1 1515
2 956
2 175
1 1179
2 530
1 652
2 546
2 518
2 1152
2 515
2 938
1 290
1 1465
2 900
2 613
2 754
2 799
1 812
1 1449
1 151
2 589
2 1421
1 388
2 1432
1 372
2 848
2 470
1 259
2 568
1 1062
2 1443
1 829
1 685
1 347
2 761
2 776
2 601
2 84
2 98
2 1287
1 1434
2 317
2 1073
1 1157
1 154
1 542
2 316
1 912
1 431
2 224
2 28
2 1409
2 628
1 430
1 627
2 1082
2 1323
2 268
1 791
2 485
1 849
2 1188
1 1210
2 20
2 1230
2 453
1 1399
2 1473
1 1286
2 471
1 440
1 1278
2 1003
2 1013
1 594
1 7
1 1161
1 30
2 629
2 85
1 107
1 1151
2 1103
1 441
2 529
2 274
2 139
2 1369
2 586
2 1419
1 1011
2 166
1 1379
2 1479
2 1422
2 434
1 679
1 1174
1 640
1 694
2 948
2 507
1 623
2 315
1 146
2 617
1 676
2 1274
1 283
1 1455
2 1147
2 182
1 788
2 262
1 509
1 252
2 236
1 1504
1 319
2 483
2 54
1 368
2 905
2 1144
2 232
1 686
1 410
1 859
2 873
1 1324
2 583
2 342
1 477
1 49
1 840
1 59
1 1328
1 582
2 1200
1 79
1 74
1 1279
1 17
2 1004
1 912
2 1106
2 1212
2 241
2 1052
2 329
2 497
1 1231
2 801
2 562
1 830
2 2
1 1106
1 839
1 563
1 580
1 1418
2 1202
1 605
1 893
2 473
2 491
1 1317
2 85
2 273
1 664
2 133
1 805
2 346
1 1511
2 862
2 1286
1 1304
1 1182
1 202
2 183
2 1496
2 277
2 376
1 845
1 1547
2 614
2 625
1 1310
2 503
1 1446
2 607
2 1141
2 1370
2 464
1 842
1 241
1 666
2 561
1 1334
2 745
2 585
2 1325
1 872
1 502
2 547
1 847
1 864
1 1339
2 889
2 250
1 275
1 1120
1 756
1 773
2 309
1 1246
1 1139
1 100
2 1478
1 272
2 1471
1 1148
2 508
1 258
1 594
1 205
2 874
1 168
2 158
1 569
2 1223
1 15
2 116
1 514
1 1478
2 850
1 484
2 1391
2 367
1 404
1 1247
1 746
1 1129
2 501
2 903
1 285
2 1006
1 766
2 333
1 135
2 1530
1 142
2 432
2 733
2 27
1 1110
2 1337
2 478
1 428
2 619
1 565
1 488
2 1455
1 522
2 621
2 1246
1 696
1 95
1 1531
2 36
2 1195
1 323
1 298
2 757
2 148
2 869
2 1186
2 1339
1 1513
1 1143
2 1086
2 1328
2 507
2 1412
1 200
2 275
1 1233
2 1359
2 783
1 1241
2 1077
1 138
2 397
2 177
2 31
2 395
1 84
2 654
2 380
1 537
2 31
2 615
1 1387
1 501
2 1450
2 46
2 1040
1 462
2 1248
1 780
2 1533
1 1529
2 936
2 627
2 630
2 37
1 1521
1 280
2 1490
1 1010
1 133
2 1301
1 181
2 1536
2 582
1 1403
1 1481
1 536
1 432
1 52
1 466
2 120
2 479
2 1010
1 1105
1 199
1 534
2 956
1 707
1 1199
1 783
1 965
1 69
1 817
2 303
2 1417
1 1347
2 1289
2 1280
2 870
2 805
2 363
1 978
2 542
2 90
1 991
2 6
1 124
1 1365
2 684
2 1448
2 457
2 1364
1 1185
1 494
1 71
2 499
2 1330
2 1297
1 1378
2 1346
1 149
1 331
1 1172
2 832
1 854
1 359
1 236
1 994
1 166
2 767
1 1391
1 624
2 722
1 1066
1 398
1 191
2 588
1 897
1 1046
2 662
1 160
1 616
2 512
1 159
2 1397
2 1083
2 1212
1 1211
1 901
2 155
1 954
2 985
1 494
1 603
2 620
2 1083
1 178
2 1078
1 872
2 837
1 694
1 1371
2 1388
2 1366
2 396
1 772
1 979
2 1031
1 638
2 1333
2 1275
1 426
2 1154
1 640
2 1026
1 1000
2 1122
2 1234
2 1450
1 1476
1 1438
1 1284
1 1438
1 1181
2 329
2 375
1 700
2 677
1 849
2 39
1 1187
1 916
2 733
1 468
2 165
1 416
2 89
2 1218
1 192
2 370
1 564
1 1180
1 711
2 1319
1 1470
2 1221
1 438
1 377
2 474
1 237
1 723
2 24
2 1535
2 174
2 1060
2 894
2 334
1 1111
1 286
2 338
2 219
2 88
1 1410
1 271
1 882
2 47
1 415
2 1303
1 173
2 13
1 1251
2 147
2 713
2 1322
1 1353
2 1268
1 736
1 785
2 1049
2 673
2 678
2 127
1 939
1 299
2 194
2 1063
2 1418
1 1543
1 1401
1 608
1 57
1 1432
2 787
2 1039
2 490
1 214
2 11
2 798
2 1283
1 1072
1 16
1 1368
2 1211
2 413
1 345
2 23
2 313
1 1445
1 1108
1 1125
2 715
1 1295
1 1264
1 509
1 647
2 40
1 936
2 792
1 752
1 1387
2 824
2 311
2 1152
2 663
1 300
2 1080
1 1338
2 427
1 859
2 110
2 1058
2 790
2 632
2 1068
1 451
1 1080
2 380
2 383
2 1362
2 868
2 100
2 1044
2 765
2 552
1 1259
2 698
1 1169
1 263
1 1345
1 482
2 1296
2 587
1 704
2 1504
1 704
1 1093
1 802
2 409
2 670
1 977
1 226
1 1470
1 475
1 74
1 233
2 1109
2 973
2 1474
2 695
1 517
1 1383
1 298
1 857
2 1249
2 289
2 663
2 732
1 820
2 827
2 1006
2 1394
1 1502
1 1054
2 819
2 1269
1 1550
2 6
2 989
2 1205
2 553
2 455
1 1385
1 1096
2 1023
1 1245
2 231
1 1363
2 976
1 129
2 1121
2 723
2 64
2 1214
2 1349
2 953
2 1342
2 1543
2 1403
1 249
2 10
1 626
2 45
1 1135
1 1075
2 612
2 898
2 830
2 227
2 60
1 195
1 807
1 1267
1 579
2 757
2 1405
2 873
1 590
1 655
2 610
1 1537
2 585
1 1413
1 95
2 91
2 921
2 1168
2 326
1 137
2 782
1 922
1 310
2 774
1 15
1 1426
2 524
1 460
1 948
1 681
2 265
1 221
1 1417
2 823
2 1208
2 770
1 1270
1 1375
2 1240
1 952
1 666
1 446
1 1276
1 1036
2 1019
1 787
1 340
2 368
2 523
2 1013
1 1540
1 1463
2 212
1 3
2 1406
2 856
1 898
1 575
1 874
2 921
2 1451
2 734
2 254
2 544
2 804
1 690
1 1052
2 1184
2 1313
2 321
2 1526
1 1127
2 1100
1 284
1 320
1 637
1 571
1 758
1 1311
2 596
2 445
1 545
1 539
2 1310
2 1239
2 1207
1 408
1 102
2 963
2 1291
2 438
1 1073
1 1036
2 1486
1 1001
2 1487
2 1034
2 261
2 1524
2 769
1 855
1 1196
2 215
1 538
2 634
1 1059
1 99
2 572
1 1444
2 1015
2 813
2 858
1 14
1 630
2 1302
1 1302
1 941
1 964
1 82
1 1291
1 895
1 1314
2 27
2 1132
2 566
1 1510
2 1428
1 180
2 1398
1 16
2 588
2 454
1 1142
1 295
2 33
1 1498
2 65
2 492
2 1250
1 68
1 443
1 988
2 348
2 1280
1 246
2 1132
2 513
2 540
2 1041
2 909
2 361
2 769
2 531
1 891
1 179
2 450
2 1315
2 870
2 150
1 549
1 887
1 172
1 1244
1 1376
2 201
1 693
2 1495
1 892
2 1136
1 1429
2 731
2 1117
1 724
1 324
2 1074
1 29
2 568
2 573
1 243
1 1155
1 1326
2 883
1 1078
2 646
1 1539
2 402
1 491
1 235
1 672
2 44
2 423
2 906
2 437
1 1314
1 1519
2 1501
2 966
1 1335
2 1210
2 584
2 1102
1 932
2 1468
2 878
1 495
1 1308
1 1261
1 143
2 557
1 569
1 1355
1 1352
2 176
2 543
1 528
1 1472
1 1192
1 144
2 933
1 1538
2 965
1 371
1 1136
1 1490
2 243
2 220
2 1318
1 112
2 1094
2 444
1 61
1 763
1 498
1 745
2 502
2 270
1 527
2 1398
2 296
1 254
1 781
2 773
1 289
1 1192
1 258
2 884
2 1126
1 1184
1 1479
1 1329
2 1541
1 341
2 130
1 94
1 63
2 1472
2 887
2 616
1 1447
2 503
2 203
2 1203
1 1042
2 495
2 352
1 550
2 142
2 1219
2 713
2 434
1 1481
1 766
2 955
1 187
1 1043
1 645
2 1316
1 768
2 824
2 1378
1 626
2 456
2 328
1 1443
2 753
1 418
2 1239
2 1439
1 990
1 38
1 307
1 315
1 880
2 1410
2 1474
1 749
2 87
1 1381
2 1354
2 21
2 888
1 1480
2 767
2 1497
1 676
2 353
2 606
1 1381
2 665
2 1327
2 140
2 1298
1 600
2 770
1 1516
2 126
2 38
1 553
1 1226
2 1039
2 469
2 394
1 794
2 1162
2 192
2 1546
2 395
2 360
1 755
1 982
1 1369
2 1097
1 1133
2 1361
1 1086
1 184
2 563
1 677
2 154
2 624
2 1548
2 418
2 617
2 1248
1 661
1 1158
2 1433
1 369
2 1092
1 1004
1 99
2 163
1 210
2 1493
1 537
2 924
1 1354
1 1536
1 476
2 481
2 929
2 732
1 684
2 869
2 91
2 232
2 489
2 1437
2 1362
1 37
2 1389
2 1014
1 1134
2 658
1 1341
2 108
1 886
1 1304
2 278
1 1456
1 1514
1 1518
2 1085
2 860
1 1512
2 832
2 890
2 282
1 865
2 863
1 959
2 1312
2 692
2 1144
2 73
2 285
2 674
1 311
1 682
2 779
1 1411
2 949
2 1191
1 1425
2 650
2 12
2 747
1 659
1 239
2 1167
1 999
1 412
1 857
2 1458
1 1089
1 167
1 1183
1 628
2 989
1 1033
2 24
2 170
1 456
2 1525
2 1231
2 22
1 636
2 1030
2 671
1 1307
2 947
2 1160
1 123
2 570
2 1025
1 441
2 895
1 710
1 622
2 1542
1 1153
1 1457
2 299
2 838
1 635
1 4
1 1062
1 1492
2 48
1 1166
1 273
1 972
2 1440
1 576
2 1333
2 1500
2 1204
2 750
2 1082
2 187
1 1423
2 1525
1 1091
2 292
2 4
2 511
2 108
1 531
1 220
2 447
1 995
1 915
1 334
1 351
2 974
2 967
2 44
1 1263
2 339
1 9
2 1102
2 1067
1 1507
2 720
2 1177
2 201
1 608
2 1227
2 554
1 318
2 301
2 600
1 242
2 161
1 735
1 633
1 847
1 8
1 1131
1 233
1 1143
2 402
2 25
1 657
2 1334
2 1290
1 332
1 899
2 1535
1 668
1 65
2 548
1 536
1 442
1 1276
1 807
2 836
2 421
2 122
2 692
1 307
1 1522
2 389
1 975
1 1094
2 264
2 374
1 161
2 1306
1 234
2 428
1 1309
1 1275
1 645
2 1030
2 1489
1 1100
1 335
2 747
2 1224
1 131
2 924
1 578
1 720
1 341
2 1521
1 276
1 41
1 462
1 1293
2 751
1 1093
1 634
1 803
2 577
2 42
1 1090
2 1388
1 877
2 458
1 574
1 470
2 1058
2 377
1 1079
1 599
2 1001
1 382
2 467
1 883
2 159
2 489
1 413
1 217
2 128
1 103
1 785
1 1427
1 601
1 1121
1 1406
2 162
1 981
2 518
2 1008
1 86
1 559
2 638
2 279
2 373
2 116
2 61
1 851
2 385
1 394
2 66
1 422
2 1453
2 141
2 722
2 1213
2 838
1 1421
1 1402
1 699
1 1277
1 545
1 590
1 1020
2 535
2 1425
2 1491
1 270
1 113
2 141
1 1315
2 724
1 528
2 799
2 1022
1 422
2 867
1 1070
1 992
2 1346
2 1055
2 822
1 1476
1 896
1 1148
2 227
1 1017
2 1130
2 775
2 1118
1 1488
1 125
2 1019
1 1539
2 1529
2 532
1 269
2 381
1 1068
2 1528
2 1331
1 804
1 96
2 165
1 527
1 1043
1 467
2 135
2 729
2 648
2 789
1 625
1 1017
1 1174
1 506
2 366
2 153
1 938
2 1113
1 87
1 540
2 248
1 644
1 980
1 223
1 1182
1 21
2 968
2 1028
2 852
2 1252
2 519
2 1526
2 1122
2 1241
1 429
2 279
1 1140
1 525
1 253
1 558
1 1435
2 163
2 280
1 526
2 1309
2 80
2 1440
1 209
1 416
1 1471
2 1256
1 1160
1 439
2 1395
2 707
2 610
1 176
2 934
1 284
1 908
2 1411
2 1075
1 734
2 1327
1 592
1 191
2 479
2 1532
1 169
1 967
1 473
2 737
2 701
2 336
2 1135
1 514
1 1342
1 1213
1 1021
2 1215
1 641
1 1240
2 781
2 34
2 946
1 911
2 1193
1 749
2 567
1 287
1 719
2 1169
1 1299
1 403
1 1382
1 904
1 2
1 1183
2 186
1 206
2 701
1 1139
2 1235
1 425
2 22
2 485
1 1350
2 379
2 678
2 97
2 1491
2 168
2 1506
2 1070
1 871
1 158
1 993
2 62
1 728
2 976
1 1242
2 1400
1 409
1 1441
1 239
2 698
2 348
1 437
1 1520
1 1237
1 875
2 1047
2 1271
2 1253
2 1253
1 595
1 60
2 498
1 1548
1 1534
1 1159
1 357
2 1493
1 1189
1 204
1 312
2 682
1 1416
1 1412
2 717
1 69
2 1217
1 573
2 718
2 119
1 843
2 800
1 93
2 533
2 1259
2 185
1 1351
1 214
2 255
2 1498
2 809
1 1297
1 136
2 710
1 532
2 1095
1 247
2 1355
1 1045
1 251
2 391
1 424
1 79
1 320
1 1332
1 379
1 1534
1 117
1 1408
2 556
2 512
1 599
2 1165
1 457
2 846
2 389
1 327
2 1118
2 178
1 35
1 942
1 555
2 1265
2 1202
2 917
1 903
1 602
1 1382
2 963
1 449
2 1475
2 1266
1 1140
1 997
1 302
1 1053
1 197
2 958
1 466
2 125
2 1506
2 652
2 120
2 1243
2 796
2 1190
2 636
2 463
1 725
2 835
2 420
1 866
1 1204
1 1141
2 975
1 1389
1 293
2 1101
2 840
2 356
2 1292
2 1138
2 1507
1 439
2 995
2 679
2 629
2 433
1 1007
1 433
1 392
2 993
1 400
2 803
