3600 3000
2 1253
1 446
2 1378
2 764
2 1046
1 937
2 1729
2 864
2 973
2 930
1 1606
1 271
2 453
2 1130
2 202
1 1364
1 405
1 113
2 229
2 1268
2 443
1 1695
1 307
1 1144
2 660
1 832
1 990
2 575
1 1668
2 1026
2 1529
1 966
1 441
1 600
1 962
2 1422
1 451
1 335
2 139
1 511
2 1226
2 1058
2 1097
1 1771
1 1342
1 3
2 377
1 366
1 694
2 1703
2 948
2 786
2 1023
2 1774
2 310
1 353
2 1551
2 1384
1 1004
2 1415
1 770
1 270
1 1191
2 471
2 433
1 407
1 552
2 1267
2 369
1 626
2 1657
2 284
1 898
2 234
1 1690
2 1508
1 319
2 702
1 1405
2 817
2 1788
1 794
2 651
2 440
2 1426
2 563
2 1300
1 1750
2 148
2 1776
1 1393
2 969
1 821
1 34
2 1583
1 855
2 903
1 1105
1 222
2 1149
2 1204
1 542
1 1329
1 1201
2 750
1 342
2 167
2 1003
1 1339
1 1290
1 1234
2 892
1 411
2 1609
1 1503
1 95
1 1677
2 1581
1 1446
2 1247
2 947
1 1590
2 194
1 863
1 1108
2 22
1 1345
2 1027
1 609
1 358
2 1049
1 1557
1 576
2 816
1 1709
2 625
1 106
2 747
2 1765
1 489
1 140
2 1480
1 567
2 534
2 755
1 1566
2 1785
2 263
2 1214
2 1612
2 882
2 392
1 1039
1 1613
2 1556
2 1798
1 1093
1 574
1 152
1 221
1 928
1 1462
1 708
1 693
2 1463
2 809
1 1587
2 1155
2 1412
1 1367
2 744
1 1678
1 1199
2 566
1 1035
1 1313
2 11
2 945
1 32
2 1029
1 1786
1 540
1 1670
2 988
2 794
2 246
2 175
2 1365
2 1782
2 398
1 1007
1 158
1 1557
2 130
2 360
1 1553
2 465
1 719
1 1317
1 110
2 622
1 248
2 1254
2 885
2 765
1 792
1 553
1 118
1 1577
2 605
2 907
1 341
2 1675
1 1057
2 75
2 1553
1 1667
1 1484
1 209
2 1714
2 500
1 649
2 1107
2 237
2 259
1 1730
2 475
2 998
1 1257
1 108
2 371
1 663
1 684
2 1568
2 261
2 547
2 549
1 592
2 630
2 66
2 1156
1 122
1 320
1 1612
1 232
1 1642
2 1739
2 1277
1 323
1 599
2 112
1 1117
1 765
2 1477
2 448
1 281
2 1454
2 1320
2 1038
1 1720
2 1649
1 1481
2 829
2 1700
1 1476
2 801
2 481
2 38
2 1527
2 859
2 1059
2 225
1 1588
2 760
2 899
2 1177
1 11
1 923
2 952
2 1690
1 1732
2 268
2 589
1 1088
2 99
1 401
1 550
2 167
1 123
1 1360
2 453
1 1602
2 1219
2 1091
2 648
2 254
2 702
2 1291
2 903
2 858
1 841
1 1136
1 306
2 829
2 12
1 293
1 1129
1 811
1 1673
1 331
1 361
1 841
2 316
2 1048
1 1495
2 404
2 828
1 65
2 638
1 1086
2 184
1 388
1 872
2 971
2 995
1 48
2 799
2 594
1 1106
1 613
1 1742
2 680
1 950
1 177
2 845
1 895
2 185
1 984
2 1800
2 867
1 1271
1 1672
2 1014
1 1222
2 732
2 685
2 411
2 1055
2 1654
1 1432
2 678
2 1443
2 555
1 590
1 9
2 1104
2 176
2 771
1 25
1 345
1 554
2 902
2 1279
1 753
2 1563
1 1538
2 706
2 1330
1 1688
2 210
2 890
1 1655
1 1474
2 355
2 1407
1 768
2 1501
1 1122
1 1015
1 79
1 1586
1 87
2 1554
1 294
1 1309
1 141
2 1164
1 90
2 1121
1 154
2 870
1 387
2 377
2 417
1 559
1 569
1 60
1 1666
1 241
2 39
2 90
2 1535
2 1791
1 390
1 335
2 1686
2 1234
1 586
1 1767
1 1573
2 19
2 82
1 875
2 186
2 1795
1 428
2 1466
1 1302
2 634
2 516
1 884
1 1682
1 1562
2 1336
2 446
2 149
2 1227
2 830
2 235
1 690
2 385
2 862
1 746
1 1171
1 650
2 233
2 409
2 516
2 124
1 1166
1 1411
2 915
2 1619
1 963
1 166
2 103
1 282
1 1561
1 1145
2 937
2 347
2 507
2 627
1 1519
1 40
2 736
2 585
2 1660
2 539
1 452
2 590
1 1132
2 734
1 1140
1 469
1 1599
1 880
2 785
2 1237
2 1334
2 330
1 1455
2 120
2 1577
1 918
1 1278
1 899
1 830
1 325
1 478
2 1453
1 616
1 514
2 527
1 1491
2 1653
1 1590
1 1007
1 1594
2 88
1 1167
2 1528
2 1113
1 723
2 190
2 708
2 79
1 1635
1 206
2 423
1 1005
2 1709
2 595
2 730
1 1470
2 724
1 232
2 874
2 762
2 255
1 202
1 320
1 92
1 1531
1 1574
2 594
2 313
2 156
2 1214
2 812
2 1513
2 1485
1 406
1 252
2 1328
1 1451
1 825
2 1253
2 1146
1 1542
1 1624
2 761
2 789
1 850
2 26
2 974
1 735
1 1737
1 818
1 384
2 638
2 1230
2 264
1 725
2 1545
2 86
1 881
1 1100
1 253
1 1540
2 848
2 1482
1 1232
2 44
2 1158
2 1665
2 45
1 1349
1 127
2 1076
1 1202
1 464
1 1205
2 1634
2 1417
2 1717
1 754
1 601
2 1641
1 239
1 945
1 713
2 762
2 1437
1 119
1 1206
2 172
1 600
2 1784
2 696
1 347
2 38
2 383
2 289
2 1522
2 563
1 1433
1 132
1 650
1 763
1 1571
1 1760
2 195
1 686
1 64
1 917
1 1687
1 1095
1 966
1 1319
2 1579
1 1632
1 1026
2 1484
2 346
2 906
2 1184
1 737
1 681
2 1376
2 831
2 326
1 282
1 1053
2 151
1 1241
1 52
1 512
1 116
2 251
1 1440
1 228
1 146
1 1080
1 328
2 1212
2 1630
1 1670
2 1404
2 1646
1 1172
1 1734
2 1200
2 1122
2 407
1 511
2 33
1 1799
1 1505
1 1488
2 119
2 1754
1 1315
1 1260
1 1223
1 1296
2 532
1 1390
1 1209
1 1211
2 25
2 1317
1 1686
1 240
2 198
1 50
2 631
2 1574
1 1497
2 1446
1 1068
1 618
2 1104
1 1212
2 953
1 1777
1 16
2 1235
2 104
2 1160
1 160
2 351
2 33
2 1296
2 1370
2 727
2 1739
2 1184
2 624
2 853
1 795
2 749
1 1555
1 944
1 900
2 1736
1 1229
2 1593
1 244
1 1471
1 1374
1 742
2 1759
2 73
1 1729
1 635
2 372
2 162
1 640
1 1024
2 1190
2 717
1 797
2 1124
1 1287
1 1785
2 47
1 674
1 1228
1 1174
2 1406
2 607
2 1175
1 603
2 69
2 610
1 1270
1 217
2 469
1 1793
2 1447
1 1555
1 775
2 1236
2 740
1 1226
1 771
1 67
1 1702
2 1503
2 1322
1 351
1 825
1 436
1 871
1 412
1 1762
2 1079
1 229
1 848
1 1389
1 383
2 621
2 815
1 200
1 1533
1 7
1 1107
1 1409
1 746
2 111
1 141
1 1582
1 793
1 926
2 644
1 608
1 98
1 293
1 558
2 819
2 61
1 49
1 1091
1 1153
1 1398
1 1195
2 1083
1 338
1 1789
1 1217
2 822
1 544
1 970
1 1517
2 632
2 1233
2 13
1 722
2 1696
2 618
2 538
1 1622
1 1691
2 1424
2 1380
2 1674
2 1013
2 68
2 779
2 1710
2 1188
1 323
2 579
1 1550
1 1494
2 215
1 637
2 855
1 1757
1 850
1 135
2 743
1 392
1 98
1 109
2 1097
1 821
1 1250
2 1689
2 1416
2 1582
1 896
1 1479
1 893
2 36
2 990
2 37
2 18
2 391
1 315
2 933
1 1123
1 412
1 1144
1 925
1 1630
2 1041
1 852
1 1051
2 1532
1 322
1 1662
1 368
1 1073
1 1451
1 959
2 804
1 1644
2 1680
2 1353
2 1069
2 819
2 1263
2 243
1 1481
2 643
2 362
2 318
1 1020
1 1448
2 339
1 183
2 1
1 1061
1 885
1 1337
1 191
1 1340
2 938
1 980
2 1769
2 1306
1 157
1 1372
2 665
1 1110
2 476
1 1140
2 834
1 97
2 614
2 243
1 1087
2 1447
1 81
2 781
2 1283
2 1294
2 973
1 1712
1 786
2 934
2 1173
2 968
1 1425
2 413
1 1567
1 1141
2 674
2 942
2 1305
1 1219
1 1743
1 791
2 1756
2 134
1 784
1 1087
2 35
1 926
1 689
1 586
1 1401
1 484
1 1393
1 60
2 1699
2 1648
1 802
1 1136
1 316
1 622
2 209
2 1098
2 1563
1 1134
1 965
2 776
2 513
1 1519
2 1192
2 314
1 1127
2 1343
1 1509
1 1225
2 971
1 778
2 1795
1 1750
1 69
2 1600
2 1066
2 147
1 348
2 67
1 223
2 1115
1 1095
2 1723
2 1362
2 783
2 1664
2 1423
2 972
1 840
1 1032
1 299
1 421
2 479
2 1790
2 617
2 615
2 767
1 92
1 1388
2 619
1 1416
1 996
2 1796
1 741
1 1250
1 1188
1 682
1 395
2 1597
1 1383
2 159
1 1415
1 683
2 1429
2 504
2 1741
2 1717
2 1168
2 1354
1 766
1 43
1 524
1 1440
2 1221
2 1428
1 1231
1 1075
1 583
2 30
2 1687
2 1051
1 434
2 374
2 720
1 455
2 1516
1 31
2 1610
1 1457
2 324
2 1181
2 1693
1 892
1 460
2 540
1 486
2 574
2 374
2 839
2 1000
1 1190
2 1204
1 1215
1 982
1 465
1 1006
2 872
2 297
1 869
2 1493
1 646
2 389
1 584
2 449
1 1044
2 824
1 224
1 495
1 296
2 1626
1 87
2 417
1 163
2 941
1 1454
1 1714
1 218
1 922
1 1615
2 1246
2 787
2 1444
1 1640
2 1500
2 579
1 1197
2 1227
1 1578
2 457
2 1220
1 1535
2 1405
1 1229
1 1266
1 56
1 1735
1 22
1 1453
2 321
1 1321
1 907
2 1414
2 1232
1 1384
2 1628
2 568
2 107
2 1753
2 1096
2 1101
1 14
1 1637
1 479
1 835
1 491
1 894
1 826
1 1585
1 337
2 958
1 920
2 1706
1 1286
1 1722
2 575
1 1420
1 956
2 1634
1 1029
2 1510
2 805
1 659
2 81
1 238
2 1312
1 6
1 437
1 596
1 537
2 1056
1 967
1 895
2 1377
2 1399
1 1461
2 1297
2 853
2 1182
1 535
2 1671
2 1249
1 695
1 1265
1 721
1 1217
1 1318
1 801
2 1124
2 1468
2 45
1 847
1 102
1 396
1 761
2 1353
1 647
2 438
1 1605
1 1476
1 1580
1 94
2 663
1 1243
2 943
2 961
1 773
1 1509
2 1022
1 1032
2 1019
2 1699
2 597
1 1427
2 796
2 1037
1 1751
1 1324
1 1153
2 1614
1 419
1 96
1 1740
1 302
2 1636
2 208
1 1318
1 1186
2 53
1 924
1 502
1 1062
1 706
2 429
1 34
2 1292
1 10
1 1703
1 435
1 965
1 349
2 1711
1 1394
1 728
1 72
1 1775
1 763
2 1422
1 1466
2 1468
1 1161
1 1272
2 1507
1 1298
1 1255
2 247
1 904
1 653
2 951
2 533
2 77
2 277
1 51
2 989
2 271
2 61
2 1412
2 1166
1 1490
2 1127
2 909
1 777
2 259
1 781
2 635
2 678
2 877
1 274
1 530
1 262
1 1763
2 954
2 150
2 1138
2 1242
2 256
2 1348
2 726
1 1539
1 1541
2 1534
2 1731
1 1340
1 505
1 701
1 210
2 278
1 948
2 1388
2 1177
2 478
1 946
1 1664
2 837
1 773
1 1788
2 1743
1 1523
2 1449
1 6
1 1325
1 440
1 495
2 197
2 1157
2 248
2 1395
2 1411
1 1499
1 1015
1 1142
1 1075
2 1323
1 1363
1 696
2 1595
2 1705
2 703
2 514
2 332
1 1169
2 1479
1 732
1 905
1 551
2 500
2 1620
1 952
2 561
1 136
1 975
2 1725
1 307
2 645
2 1539
1 565
1 652
2 10
1 1623
1 1413
1 1683
1 1436
1 1489
2 1228
1 178
2 490
1 513
1 501
1 1583
2 1482
2 1179
1 1238
1 1437
2 1016
1 543
1 790
2 1068
1 986
1 386
1 1770
2 884
2 1372
2 82
1 1109
2 1442
1 546
2 148
1 205
1 115
2 1187
2 571
1 488
2 358
2 1698
2 1061
2 1794
2 676
2 1251
2 1332
2 1021
2 1238
2 1137
2 458
2 427
1 1510
2 731
2 1040
1 980
2 578
1 287
1 1379
1 1033
2 946
2 107
2 1641
1 1070
1 207
1 93
2 50
2 567
2 1341
2 1189
2 856
2 1564
1 1692
2 1768
2 658
2 1373
1 448
2 1706
1 1194
2 1786
1 1033
1 73
1 1369
1 1277
2 886
1 919
1 588
1 1084
1 1131
1 193
1 1707
1 879
1 1101
2 564
1 1331
1 1310
1 778
2 883
2 1407
1 144
2 1487
2 777
2 964
2 1474
1 1663
1 542
2 311
1 673
2 1065
1 1659
1 484
1 363
2 180
1 463
2 415
2 1695
1 646
2 1576
1 691
1 1645
1 1052
2 1572
1 1585
2 134
1 704
2 687
1 286
1 63
1 1671
2 675
1 1240
1 1379
1 820
2 1421
2 314
1 1269
1 838
1 231
2 1639
2 1770
1 1042
2 356
1 1779
1 190
2 1284
1 132
1 957
1 1537
2 108
2 733
2 814
1 1674
1 1019
1 312
1 1676
2 1684
1 959
2 125
1 184
1 826
1 1681
2 1165
2 97
2 1499
2 715
1 1758
1 1498
1 1652
2 1396
1 969
1 908
2 379
1 591
2 179
2 715
1 707
2 814
1 1473
1 930
2 255
2 573
2 1060
1 949
2 925
2 212
1 1438
1 1262
1 886
2 103
1 741
2 1387
2 1512
2 1259
2 447
2 402
2 1085
2 1633
1 914
2 472
2 559
1 1730
2 418
2 31
1 1170
2 1116
2 518
1 577
2 415
1 262
2 1112
2 74
2 1162
2 1009
2 993
2 21
2 1025
2 487
1 1791
1 276
2 239
2 458
2 1556
1 730
2 373
1 1445
2 1267
2 129
1 598
1 1045
1 234
2 599
1 461
2 1189
1 915
2 1295
2 1125
1 1404
1 955
2 1418
2 519
1 1475
1 47
2 1022
2 1551
2 1694
1 1623
2 1172
1 1010
1 1389
1 592
2 317
2 439
1 748
2 1139
1 1285
2 1713
1 1589
2 1721
1 506
2 654
1 1256
1 613
1 1194
1 1575
2 1159
1 23
1 1588
1 1419
1 1483
2 1011
1 199
1 406
1 843
2 350
2 1151
1 1311
2 1013
2 381
1 1336
1 117
2 279
2 175
2 298
2 467
1 1796
2 878
1 694
2 1477
2 1185
2 1517
1 1314
1 283
2 1001
1 1143
2 875
1 1168
1 454
2 367
1 1278
1 1085
1 1661
1 1303
2 1790
1 1361
2 1293
1 1071
2 1380
1 1106
2 1514
2 70
2 1723
1 1747
2 297
2 991
2 58
1 1530
1 997
2 1193
1 1350
2 1776
1 153
1 1312
2 796
1 1421
1 161
2 988
2 1704
2 1320
2 1764
1 1316
2 560
2 1218
1 151
2 1056
2 496
2 1647
1 1382
2 1090
2 1616
2 121
1 1528
1 631
1 905
2 1712
1 336
1 66
2 521
1 410
1 911
2 921
2 672
1 862
2 359
2 912
1 303
1 1040
1 1208
1 1077
2 436
2 558
2 387
1 312
2 1128
1 1682
2 1464
2 1603
2 1359
2 1030
2 454
1 1163
1 127
2 642
2 1215
1 668
1 931
2 13
1 1028
1 1471
1 1120
1 912
1 1382
1 1771
1 1309
1 309
1 290
2 1678
2 808
1 1072
2 498
1 1728
2 359
1 913
2 397
2 979
1 280
1 1047
1 432
1 308
1 932
2 999
2 612
1 1397
2 85
1 1472
2 247
2 1351
1 640
2 206
1 644
1 1402
2 325
2 1366
2 309
1 981
1 913
1 485
1 1268
2 292
1 1512
2 502
2 582
2 1661
2 1430
1 1273
1 1547
2 654
2 1604
1 1086
2 350
1 725
1 425
2 419
2 887
2 1025
1 783
2 562
1 1792
2 1526
2 1342
1 329
1 252
1 968
1 8
1 957
2 1781
1 1518
2 870
2 213
2 245
2 1368
1 219
2 471
2 456
2 1486
2 812
2 716
2 54
1 404
2 1289
1 1779
1 867
1 1078
2 48
2 1593
1 420
2 9
1 1459
2 122
2 800
2 671
2 871
1 165
2 1456
1 426
2 672
1 1002
1 1653
1 1600
1 489
2 723
2 705
1 758
2 1356
2 94
1 481
2 583
1 196
1 873
2 1203
2 803
1 522
1 1751
1 1350
1 1492
2 356
2 1126
2 603
1 1195
2 1647
1 1745
1 1621
2 1326
1 462
2 1143
2 360
2 842
2 1128
1 486
1 1473
2 1685
2 164
1 1514
2 1255
1 242
2 572
1 1089
2 445
1 1669
1 1537
2 1218
2 994
2 1511
1 1726
1 1060
2 421
2 42
1 485
2 712
2 363
2 1459
1 1023
1 1081
1 1346
1 1150
1 896
1 601
1 1348
2 711
2 1472
1 1627
2 939
2 1374
2 1488
1 1591
2 1452
1 1328
1 438
1 1570
2 308
2 505
2 581
2 1548
1 187
1 1099
2 1441
2 984
2 1119
1 797
1 382
1 21
2 1147
2 1584
1 544
2 889
2 1358
2 1571
2 153
2 1635
2 1070
1 315
1 1261
1 838
2 1722
1 747
2 1787
1 288
2 704
2 844
1 840
1 1669
1 679
1 1408
2 570
2 675
1 1010
2 1236
2 1579
2 236
2 693
1 671
2 116
2 1783
1 265
2 1651
1 806
2 270
2 1617
2 140
2 1599
2 378
1 1578
1 774
1 1039
2 942
1 333
2 1741
2 131
2 817
2 955
2 1363
1 281
2 1740
2 519
1 1789
1 932
1 157
1 349
1 1304
2 551
1 851
2 1264
1 1162
2 587
1 1618
2 64
2 712
2 1774
1 1628
2 1192
2 251
1 784
1 1367
2 787
1 172
2 1073
1 1798
2 321
1 1115
2 249
2 849
1 124
2 827
2 1361
2 1147
1 1105
1 914
2 1549
1 1711
2 961
2 1467
1 1501
1 269
2 1264
1 1460
2 620
2 326
2 561
2 1057
2 1715
1 876
2 1708
2 365
1 1418
1 424
1 233
1 497
2 1431
2 668
2 1199
1 788
1 1298
2 1281
2 503
2 528
1 266
1 1343
1 891
2 1536
2 1270
1 710
1 1203
2 609
1 992
2 1231
1 1058
2 1680
1 144
1 1658
2 940
2 1443
1 1485
2 101
1 553
1 257
2 764
1 738
1 1289
1 1163
2 1606
1 1673
2 651
1 1103
1 76
2 435
2 978
1 1368
1 739
1 1334
1 1617
1 571
1 204
1 1248
2 395
1 800
2 1271
1 652
2 691
1 1139
1 462
1 541
1 639
2 581
2 1125
2 218
2 630
1 1050
2 676
2 460
1 1608
1 149
1 620
2 549
1 432
1 1274
2 633
1 751
1 1233
2 245
2 1333
1 891
2 442
2 2
2 928
2 520
1 138
2 547
2 331
2 1773
1 352
1 515
2 1637
1 877
1 735
1 1371
2 1185
1 1062
1 960
2 189
1 556
1 798
1 1603
2 726
2 1697
2 1047
2 428
1 1547
2 1018
2 1381
1 1505
2 353
2 216
2 510
1 30
1 745
1 1352
1 1524
1 1092
2 405
1 582
2 824
2 343
1 123
2 1012
1 164
1 192
1 1565
1 856
2 311
1 1569
2 187
2 260
2 605
1 1378
1 1076
2 828
2 345
2 1375
1 1658
1 1357
1 36
1 977
1 1643
1 688
1 1507
2 772
1 1469
1 619
1 1552
1 742
1 1720
2 1445
2 450
1 570
1 253
1 1183
2 625
2 1279
1 40
1 1692
1 785
2 1043
2 1276
1 399
2 29
1 170
2 386
1 1414
1 637
2 1390
1 400
1 203
2 986
2 344
2 394
1 859
1 1631
2 217
1 1525
2 1016
1 121
1 155
1 373
2 722
1 714
2 204
2 922
2 364
1 332
2 1149
1 1285
1 378
2 1338
1 857
2 827
2 753
2 211
2 59
2 114
2 1031
2 1020
2 5
2 593
1 526
2 131
2 1178
2 653
2 275
2 357
1 1046
2 1385
2 656
1 480
1 910
2 1765
2 385
2 430
2 906
1 1207
2 133
1 897
2 1321
1 4
1 1410
2 137
1 382
1 496
2 220
2 1001
1 989
2 1566
2 1259
2 1489
2 587
1 1433
2 1561
1 224
1 1677
1 1457
2 1054
2 1592
2 813
2 1110
1 836
2 823
1 99
1 1742
1 288
1 933
2 1609
1 284
2 1239
1 749
1 1133
2 459
1 1208
1 506
2 1324
2 1781
1 1524
2 525
1 641
2 659
1 279
1 1702
1 1021
2 760
2 940
2 1154
1 1114
2 1799
1 927
1 692
2 375
2 1520
1 1175
2 401
2 1691
1 115
2 1358
2 78
2 472
2 313
2 272
2 372
1 193
1 1633
1 1335
1 1084
2 743
1 908
2 578
1 1755
1 584
2 292
1 1331
1 62
2 936
2 1403
1 1133
1 1780
1 963
2 1202
2 623
2 1538
1 580
1 1614
1 560
2 191
1 1663
1 1089
1 1667
2 739
1 1613
1 604
1 57
1 813
1 188
1 1248
2 182
1 673
1 804
1 5
1 364
1 354
2 1240
1 163
2 845
2 1017
2 143
1 1725
2 257
1 789
2 241
2 146
2 1713
2 44
2 265
2 1066
2 1439
1 235
1 643
1 171
2 1596
2 1074
2 1469
1 1752
2 865
2 1109
1 156
2 717
1 1490
1 1465
2 1239
1 1748
1 1531
1 1668
1 168
2 776
1 1006
1 1281
2 782
2 543
2 629
2 934
2 1536
1 1141
1 55
2 1760
2 1608
2 1656
1 208
2 1327
2 565
2 1337
2 1632
2 1450
2 439
1 42
1 893
2 1552
1 298
1 1777
2 1513
2 1351
1 1728
2 96
2 1604
1 1220
2 1196
1 999
2 28
1 734
1 548
2 1683
1 531
2 459
1 211
1 1649
1 464
1 1736
1 1747
1 854
1 1520
1 1780
2 348
2 686
2 909
2 3
2 276
1 162
2 1752
2 267
2 1198
1 1546
1 1252
2 546
1 1
1 795
1 661
1 1009
1 1619
1 1266
1 879
2 327
1 196
1 57
1 782
1 624
2 434
2 709
1 1280
1 1607
1 1493
1 227
1 106
1 1716
1 1082
1 577
1 1727
1 1738
2 1618
1 1094
2 699
2 269
1 515
2 145
1 1035
1 128
2 221
1 449
2 334
2 145
2 173
2 918
2 1182
2 1375
2 499
2 1160
2 337
2 139
2 371
1 883
1 1679
2 68
1 1497
2 296
1 1586
2 1659
2 1117
2 420
1 1504
1 220
1 1548
2 223
2 58
2 80
1 887
1 474
2 1102
1 894
2 815
2 155
1 182
2 521
1 470
1 336
1 1430
2 263
1 669
2 1381
2 744
1 1502
2 1697
1 410
2 329
2 457
2 935
2 1352
1 408
2 766
1 305
1 258
1 655
2 273
2 864
2 537
2 1330
1 1386
1 1345
2 1174
1 295
2 1596
1 1074
1 183
2 28
2 510
1 780
2 1560
2 1286
1 1346
1 793
1 285
2 714
2 301
1 1303
2 1611
2 1533
2 878
2 692
2 470
2 503
1 416
1 483
2 109
2 1409
1 1054
1 687
2 533
1 591
2 888
2 1008
1 475
1 342
2 1355
2 1151
2 983
2 1102
2 1201
1 1576
1 1707
2 902
1 920
1 20
1 231
2 86
2 522
2 1452
2 846
1 1034
2 427
2 230
2 629
1 541
1 1543
2 340
2 556
1 572
2 832
2 1365
1 1700
2 507
1 1132
2 174
2 135
2 1748
2 1014
1 1417
1 860
2 1718
2 1761
2 1103
2 1394
1 1654
2 180
1 1696
1 1126
1 617
2 477
2 205
2 1221
1 352
1 1044
1 1183
1 1745
1 1772
1 1288
1 504
1 1523
1 1605
2 260
1 249
2 705
2 633
1 129
1 295
2 1042
2 254
1 74
2 1300
2 290
1 137
2 833
2 1063
1 1366
2 1383
2 396
1 46
1 1322
1 1333
1 17
2 1757
1 528
2 995
1 1521
1 1064
1 647
1 1554
2 1655
1 632
1 987
2 665
2 1732
2 1244
1 1542
2 757
2 1142
2 679
2 194
2 1129
1 467
2 1108
1 612
1 138
2 365
1 310
2 286
2 1508
1 1639
1 1283
2 666
1 425
2 852
1 1327
1 1377
1 390
2 1638
1 608
1 466
2 1392
2 1213
2 322
1 1783
2 389
2 1344
1 303
1 289
1 491
2 178
1 1008
2 1486
2 1616
2 93
1 110
1 171
1 1287
2 626
2 1652
2 214
2 1205
2 1610
1 1307
2 1684
1 473
1 264
1 413
1 398
2 1793
2 943
2 43
1 806
1 1332
1 657
1 161
2 39
1 1455
2 24
2 769
1 91
2 422
1 343
1 1275
1 59
2 573
2 1449
2 1775
2 1155
1 837
2 1191
2 670
1 1222
2 1094
1 240
1 1511
2 1435
1 683
1 433
1 1478
1 1276
2 83
2 181
2 71
2 272
2 645
2 689
2 900
2 1148
1 1731
2 857
2 1758
1 1048
2 1458
1 230
1 1311
2 1275
1 623
1 910
1 1694
2 173
1 100
2 1644
2 1767
2 846
1 682
2 402
1 147
1 1341
1 849
1 1425
1 523
2 1031
1 1323
1 1216
1 474
1 1679
2 201
2 1260
2 557
1 1498
2 174
1 1718
2 964
2 1598
1 1395
2 1527
2 810
1 661
1 1100
1 1756
2 808
2 1406
1 1724
2 111
1 166
1 1396
2 1800
1 84
2 455
2 1676
2 1357
1 226
1 1373
2 1601
1 1028
1 1005
2 287
1 266
1 1402
2 391
1 606
1 1581
2 1570
1 1643
1 1543
2 226
1 1093
1 1495
2 418
2 1515
2 664
1 1118
1 494
2 1744
2 1111
1 113
1 1045
1 1052
1 333
1 545
2 557
1 71
1 1565
1 526
2 791
2 938
1 568
1 357
1 126
2 1385
1 1401
2 615
1 1660
1 509
1 27
1 1261
2 1376
1 222
2 566
1 901
1 1083
2 1391
1 291
1 1434
2 1549
2 1067
1 927
2 189
2 641
1 847
2 569
1 1158
2 721
2 370
1 41
1 658
2 152
1 1173
1 1002
1 728
2 32
2 1646
1 1169
2 1598
1 950
1 1225
2 273
2 70
2 20
1 1211
2 8
2 1269
1 1206
2 258
2 83
2 1719
1 201
2 76
2 851
2 430
2 468
2 770
1 695
2 1759
2 1235
2 1247
2 1410
1 1436
2 52
1 1413
1 1665
1 78
2 117
1 1344
1 285
1 1439
2 924
1 1529
2 368
2 369
2 1675
2 1550
2 1121
2 874
2 1615
1 524
2 585
2 1622
2 956
2 798
2 954
1 1316
1 868
1 159
1 498
2 1426
1 731
2 456
1 105
1 1280
2 89
2 1601
1 18
1 667
2 492
1 677
1 1003
2 1458
1 170
1 1293
2 63
1 550
1 1099
1 1245
1 250
2 1522
1 120
2 953
2 1526
2 1768
1 844
1 1398
2 1123
2 1456
1 105
2 865
2 868
1 1036
2 596
1 657
2 985
2 1544
2 1620
1 1572
2 967
1 1130
2 1114
1 1638
1 388
2 754
1 1584
2 1251
1 1096
2 607
2 917
1 41
1 823
1 244
2 408
1 755
2 1560
1 1145
2 536
2 437
2 1480
2 341
1 660
2 866
2 1241
2 409
1 1288
2 621
1 698
2 1090
2 517
1 1778
2 588
2 869
2 1681
1 1591
1 1360
1 176
1 2
1 1198
1 1011
1 278
2 1627
2 1475
1 158
1 212
1 1746
1 1362
1 219
1 291
2 225
1 1134
2 1516
1 1156
2 669
1 1263
1 403
1 977
2 403
2 444
2 509
2 1420
2 328
1 169
2 1766
1 1050
2 1568
1 1036
2 951
1 274
1 267
1 1116
2 1179
1 1207
1 1525
1 752
2 1573
1 300
2 941
2 858
1 816
2 1534
1 534
2 422
2 1726
1 355
2 611
1 1465
2 1148
2 1431
2 576
2 499
2 670
1 1325
1 1067
2 1518
1 1611
2 1666
2 1392
2 1069
1 1112
2 888
2 1464
1 283
1 593
2 102
1 716
1 595
1 1704
2 476
2 1423
2 1299
2 346
2 960
2 527
2 639
1 681
1 261
1 759
1 384
2 1558
1 56
1 1483
1 16
2 1698
1 1408
1 463
1 237
1 1467
2 334
1 4
1 518
1 1580
1 820
2 589
2 1181
1 1719
2 487
1 523
1 774
1 738
1 1301
1 1515
2 1131
2 1297
1 1064
2 1304
2 861
1 530
2 1438
1 1541
1 49
1 751
2 1059
1 1120
1 701
2 1329
1 649
2 873
1 1735
2 1081
1 916
1 128
2 1049
2 1773
1 1734
1 1448
1 125
1 1631
1 1721
1 1424
2 1460
2 709
1 1249
1 1146
1 150
2 939
1 580
1 745
2 719
1 1200
1 985
1 1037
1 662
2 1435
2 324
2 1164
2 195
2 724
1 981
2 198
1 104
1 921
2 727
1 756
2 77
1 181
2 46
2 552
1 949
2 1428
2 769
2 1419
1 1797
2 242
1 1176
2 1246
2 85
1 772
1 301
2 1506
2 51
1 1119
2 1295
2 740
2 431
1 512
1 330
2 1559
1 788
1 340
1 1432
1 1399
2 710
1 758
1 1063
2 1178
1 1294
2 300
1 929
1 517
1 1710
1 15
2 904
1 545
2 375
2 1335
1 890
1 452
1 1291
1 461
2 294
1 983
2 1012
1 101
1 442
1 628
2 366
1 1171
1 1636
2 1594
2 177
2 680
1 1349
2 361
2 1223
2 775
2 861
1 1651
1 807
1 95
2 1764
2 1642
2 1092
1 768
1 1209
1 188
1 1043
1 1165
2 17
2 1569
1 1273
1 548
2 1339
2 876
1 199
1 1491
2 1701
1 1065
2 703
1 394
1 947
2 688
2 944
1 1310
1 1689
1 1326
1 1397
1 468
1 998
1 1274
1 318
2 1650
1 1755
1 1284
2 492
1 711
2 1685
1 416
1 277
1 802
1 628
2 809
2 1744
2 962
2 380
2 1369
1 236
1 860
1 1562
2 1607
1 805
1 1170
1 1587
2 539
1 1364
2 536
1 976
2 186
2 1150
1 185
2 667
1 916
2 490
2 538
1 62
2 1302
1 75
1 1072
2 656
2 482
2 1602
2 19
1 483
2 982
1 929
2 901
2 810
1 1282
1 179
1 1347
2 975
2 1778
1 376
1 1216
2 1766
2 627
2 114
2 1258
2 1306
2 493
2 1038
1 216
2 1305
1 1262
2 1558
2 748
2 1564
2 1727
2 445
1 414
2 614
1 160
2 1071
1 1444
2 803
1 1135
1 1737
1 642
1 889
1 1167
1 978
2 1371
1 811
2 1187
1 1018
1 1186
1 757
1 976
1 1592
2 699
1 12
1 972
1 1762
1 1118
2 477
1 1540
1 987
2 1754
2 1391
2 529
1 881
2 380
2 1138
2 1254
2 1645
2 37
1 256
1 698
2 690
2 54
1 55
2 1161
1 1000
2 756
2 1749
2 525
2 1650
1 1506
2 1763
2 1152
2 1792
1 1772
2 299
2 35
1 1053
1 29
1 1245
1 1210
1 636
1 790
1 1597
2 729
2 1624
1 911
2 994
1 306
2 1546
1 1716
1 1290
2 370
2 1688
2 1429
1 1693
1 200
2 759
2 23
2 354
2 1625
2 554
2 381
2 1559
1 1496
2 1244
2 118
1 1708
1 1180
2 1640
1 736
2 84
1 1314
1 1078
2 752
2 142
1 441
2 842
2 562
2 1180
1 1733
1 1434
1 136
1 779
2 1157
2 133
2 1224
2 1301
2 1282
1 1470
2 611
2 602
2 1733
1 214
1 26
2 268
2 473
1 1629
2 319
1 250
2 1738
2 1319
1 1530
1 854
1 423
2 1079
1 1292
2 168
2 970
1 1746
1 1625
2 482
1 508
2 1041
2 996
1 203
1 863
1 1504
1 1672
1 1701
1 597
1 1657
1 53
2 100
2 1034
1 1629
2 494
2 750
1 1478
1 339
1 1258
1 843
1 602
1 666
2 737
1 1753
1 685
2 1595
1 836
1 1749
1 1387
1 302
2 564
2 866
2 718
2 367
2 379
2 1494
2 1648
2 1256
2 606
1 72
1 24
2 1492
2 1403
1 958
2 304
1 65
1 697
2 1197
1 399
1 275
1 362
2 1154
2 648
1 444
1 555
2 835
1 799
1 818
2 1027
2 1265
1 897
2 1532
1 1450
2 431
1 1098
1 142
1 1662
1 424
1 493
1 497
1 707
1 1308
2 1575
1 729
1 213
1 169
2 501
2 130
1 1230
1 1315
2 1055
1 15
1 898
1 393
2 426
1 1462
2 451
1 1705
1 1487
2 1441
1 935
1 1442
2 1272
1 400
1 215
2 1017
2 535
2 1338
2 1386
2 684
1 480
1 1176
2 979
2 227
1 305
2 1461
1 1243
1 393
1 720
2 338
1 1252
1 1088
2 1193
2 636
2 882
2 634
2 767
2 1307
1 1152
1 520
1 1113
2 1761
1 112
2 991
1 488
2 1213
2 1224
1 604
1 1356
1 1769
1 1308
2 1313
2 529
1 1370
2 1082
2 1004
2 839
1 1400
2 1463
1 974
2 1589
2 327
2 610
1 397
1 1500
2 1135
2 1347
1 1427
2 1502
2 992
2 14
2 1545
1 822
2 1359
2 1196
1 1077
1 165
2 792
2 143
1 1242
1 1159
2 1299
1 1715
1 1354
2 80
1 807
2 126
2 531
1 700
2 344
1 89
2 443
2 1400
1 1544
1 655
2 197
1 1724
2 1567
1 238
2 1111
2 664
2 1257
1 713
2 91
1 192
1 207
1 317
2 1030
1 1210
2 780
2 304
1 700
1 833
1 1794
1 532
2 246
2 1656
1 27
1 919
1 1355
1 414
1 1782
1 228
1 466
1 1137
2 733
1 447
1 1787
1 1024
1 880
2 931
2 450
1 508
1 997
2 88
1 598
2 936
2 677
1 1621
2 1521
2 1496
2 1626
1 616
2 1080
2 1784
1 1797
1 831
1 923
2 993
1 697
1 1237
1 834
1 718
1 7
2 662
2 154
1 376
1 429
2 280
