3600 7500
1 502
2 1636
2 1342
1 1178
1 102
1 1373
1 1643
1 569
2 1103
2 1044
1 265
2 1200
2 919
1 174
2 273
2 963
1 988
1 1187
1 743
2 1180
1 499
1 1772
1 1174
1 823
1 647
2 1305
1 1268
1 938
1 1650
2 884
1 736
1 116
1 31
1 255
1 358
1 1624
2 1454
2 397
2 730
1 1248
1 179
2 1760
1 676
2 1683
2 14
1 1584
1 1318
1 35
1 1207
1 1419
1 1561
2 825
2 541
2 249
1 1625
2 290
1 1049
2 1354
1 1484
2 624
1 1088
2 1270
1 146
1 343
2 681
2 534
1 750
2 735
1 1036
2 819
2 1676
1 316
1 1282
1 960
2 868
2 1372
1 42
1 210
1 1346
2 622
1 824
1 1446
1 558
1 1539
2 1607
1 384
1 1544
2 1418
1 378
1 1240
2 942
2 981
1 253
2 773
1 1004
1 94
1 1798
2 1689
1 986
1 1413
2 595
2 798
2 268
1 558
2 427
2 1028
1 926
2 315
1 899
2 786
1 600
1 1266
1 1033
2 929
1 1215
1 1171
1 1301
2 365
1 1497
2 1376
2 1139
2 830
1 1021
2 133
1 507
1 469
1 900
1 998
2 1583
2 1322
2 405
1 1385
2 1123
2 244
2 1161
2 423
2 1709
1 800
2 687
2 770
2 817
2 1630
2 1494
1 702
1 5
1 553
1 528
2 129
2 325
1 734
1 1723
2 809
1 36
2 1087
1 872
2 373
1 412
2 876
1 243
1 1049
1 551
1 1243
2 229
2 1502
2 1226
1 623
2 793
1 777
1 1138
2 1730
1 1421
1 326
1 238
2 827
1 429
1 210
2 280
2 1250
2 587
1 62
1 58
2 918
1 626
1 680
1 43
1 1468
1 1457
1 1154
2 1222
1 822
1 661
1 640
1 979
2 277
1 1319
1 187
1 943
1 1180
2 266
2 78
2 1645
2 1299
2 371
2 1439
1 1486
1 39
2 148
1 607
2 1615
2 498
1 760
2 427
2 159
1 169
1 1279
2 370
2 1445
1 1354
1 1635
1 1569
1 1224
1 1208
2 1594
1 1276
2 631
1 967
1 1460
2 526
1 1257
1 1389
1 388
1 716
1 217
1 184
2 1130
1 584
1 1597
1 1474
2 249
2 75
1 1495
2 1240
2 952
1 1273
1 711
2 122
2 595
1 325
2 943
1 1707
1 402
2 340
2 289
1 1509
2 1572
2 1664
1 908
2 1283
1 1530
1 262
1 1722
1 1440
2 902
1 431
1 956
1 168
1 131
2 1105
1 1517
1 843
2 1701
2 1235
2 1670
2 760
2 1058
2 1687
2 1315
1 707
2 690
1 261
1 294
1 1728
1 995
1 519
1 360
1 713
2 950
1 154
2 359
2 264
2 1560
2 903
1 1156
1 792
1 1137
1 67
1 827
2 1285
2 492
2 994
1 842
1 588
2 1267
1 1682
1 958
1 124
1 141
2 1288
1 1698
2 555
1 1730
2 1337
2 1239
2 323
1 1317
2 1672
2 267
2 1344
2 1129
2 1206
1 1506
1 1736
1 188
2 602
2 495
2 877
2 527
1 245
1 1673
1 308
1 891
2 131
2 1139
1 1364
1 357
2 626
1 1713
1 1126
1 480
1 1193
2 707
2 656
1 482
2 49
1 623
1 796
1 601
2 911
2 875
2 1411
1 173
1 766
1 1176
1 1778
2 175
1 119
1 377
1 846
1 330
1 1070
2 536
2 554
1 1124
1 1518
2 631
1 1196
1 1698
2 1182
2 548
1 645
2 350
1 99
2 715
2 1197
2 1655
2 127
2 1533
2 535
1 157
2 675
2 388
2 928
2 1749
1 804
2 357
1 1343
2 853
1 756
2 332
2 124
1 1425
2 201
1 1212
2 195
2 1026
2 1761
2 1275
2 1638
2 1419
2 578
1 138
2 918
1 272
2 818
1 1496
2 753
2 182
1 1033
2 888
1 454
2 1201
1 1499
2 1695
2 717
2 764
2 1700
2 841
2 7
2 734
1 1417
2 1642
2 973
2 1011
1 1724
2 1102
2 683
2 1390
1 1145
2 1260
1 1359
1 268
1 264
1 776
1 1368
2 844
1 567
2 1737
1 161
1 1387
2 1604
2 331
1 873
2 440
1 211
2 1026
2 409
2 471
2 288
2 319
2 1079
2 869
2 385
1 1766
1 656
2 815
1 467
2 848
2 346
2 1722
1 1643
1 1237
2 416
1 450
1 1089
2 1598
1 1460
2 1056
2 1528
2 1121
1 236
2 653
1 1353
2 1132
1 510
2 1478
1 1559
2 609
2 579
2 866
1 654
2 929
1 311
1 1196
1 308
1 393
1 608
1 814
1 1621
2 1269
1 313
1 1429
1 34
2 727
1 1694
2 166
2 1218
2 408
1 839
2 1383
2 1504
1 154
1 1152
1 928
1 1478
2 737
1 394
2 1626
2 1076
1 366
2 795
2 345
1 1201
2 1052
1 612
2 1351
1 1007
2 167
1 93
1 1151
1 1618
2 834
2 1290
2 569
2 467
2 1040
2 361
1 505
1 674
1 1436
2 1261
2 1409
1 1430
1 3
1 1440
1 632
2 1128
1 633
2 265
2 957
1 398
1 666
1 1296
1 1729
2 8
1 1672
1 270
2 1626
2 652
2 34
2 1074
2 1480
1 1433
2 1065
2 781
2 809
1 686
1 806
1 1490
2 488
1 40
1 507
1 699
2 892
1 241
2 1792
2 1345
2 424
1 358
2 47
2 291
1 548
1 1397
2 1202
1 1169
2 35
2 1327
1 701
2 1536
2 664
1 38
2 296
1 1663
2 389
1 861
2 1042
2 674
2 1548
2 1603
1 790
2 78
1 1230
2 156
1 152
2 240
1 376
1 1590
2 461
2 383
1 1009
2 101
1 1341
2 1759
2 775
1 1727
2 1337
2 957
1 1379
1 1710
2 259
2 1573
1 618
1 1202
1 850
2 1223
2 901
1 1189
2 1082
2 703
2 252
2 44
2 1706
2 945
1 1386
1 977
1 95
2 874
2 1732
2 352
2 1583
1 991
1 1438
1 450
1 724
1 1232
2 1304
2 1563
2 1228
2 565
2 1071
1 1274
2 1488
1 86
1 840
1 1197
2 1166
2 1409
2 1479
1 280
2 291
2 1228
1 121
2 1600
1 1169
1 982
2 1628
2 349
2 1774
1 585
1 1276
1 771
2 208
1 251
2 564
2 1400
1 895
2 622
1 568
1 1311
1 1069
2 11
1 1715
1 1163
1 1537
2 804
1 1763
1 535
1 1532
1 1140
2 236
1 870
1 1356
2 966
1 834
1 1664
1 722
2 842
1 1093
1 79
1 1779
1 1391
2 856
1 789
2 663
1 89
1 281
2 1003
2 1435
2 845
1 207
1 714
1 1769
2 160
2 1531
1 1018
1 443
2 911
1 592
2 837
1 1610
1 574
1 353
2 613
1 976
2 1072
1 1455
1 1217
1 1723
2 1527
2 1486
2 1605
2 718
1 250
2 447
1 1383
1 1712
2 628
1 1072
1 309
2 1199
2 820
2 1454
2 26
2 119
2 22
2 1083
1 1246
2 207
2 1345
1 277
2 585
1 1343
1 1046
2 1349
1 1364
1 1747
1 395
2 1508
1 962
2 1117
1 73
1 1097
1 679
2 676
2 907
2 581
1 917
2 1602
1 1248
1 546
1 1572
2 1480
1 464
1 191
1 354
2 1319
1 386
1 593
2 770
1 1013
2 1392
2 1119
1 829
2 889
2 160
2 1795
2 691
2 608
1 1348
1 1241
2 989
2 251
2 46
2 889
2 898
2 410
2 364
2 1311
2 205
2 203
1 1472
2 1408
1 1648
2 627
1 1509
2 820
1 689
2 1520
2 1579
1 868
1 621
1 688
1 803
2 1481
2 1658
1 1157
1 671
1 1732
2 475
1 319
2 219
1 423
1 1394
1 279
2 904
2 550
1 117
1 615
1 931
2 1761
1 1757
2 1441
1 214
1 753
2 218
1 538
1 1333
2 922
1 848
2 163
2 521
1 754
2 685
1 1728
1 1492
2 566
2 1093
1 473
2 1733
1 1431
2 130
2 1184
2 977
1 946
2 1795
1 519
1 1546
2 1299
1 981
1 866
1 742
2 65
1 863
1 1216
2 442
2 1690
1 1441
1 182
2 582
1 1362
1 441
1 1607
2 351
1 465
1 283
1 1241
2 1247
2 414
2 1694
1 471
1 1401
2 733
2 367
2 1010
1 1242
1 662
2 33
1 938
1 1623
1 441
1 1667
1 155
2 1090
1 479
1 1511
1 1777
1 1005
1 433
2 1231
1 9
1 769
1 1754
1 403
2 165
2 1477
2 748
1 489
2 1479
1 1660
2 443
1 438
2 1068
2 445
2 170
1 1251
2 1150
2 1375
1 951
2 916
1 452
2 728
1 145
2 983
1 1262
1 1171
2 68
2 1587
1 1483
2 1639
2 1393
2 639
2 1438
1 1159
2 1519
2 854
1 133
1 1024
1 638
1 883
1 1220
2 293
2 1219
1 1365
1 1469
2 1403
1 192
2 1096
2 1764
1 1275
2 1557
2 939
1 1794
2 645
2 104
1 1398
1 1473
2 1580
2 1161
1 544
2 1111
2 1292
2 334
1 381
2 1444
2 784
1 1559
1 1073
2 956
1 110
2 1308
2 650
1 1445
2 13
2 1482
1 738
2 739
2 1090
2 1550
1 1417
1 524
2 930
2 1641
1 1530
2 1781
1 41
1 741
1 795
2 315
2 243
2 490
2 860
1 1198
1 226
1 1382
1 1437
2 1167
1 147
2 221
1 612
1 283
2 1377
1 1199
1 91
2 1620
1 64
1 1086
2 563
2 1375
2 1021
1 192
1 994
2 1103
1 687
2 57
1 25
1 721
1 668
1 740
2 1668
2 719
2 1636
1 1046
1 1616
1 335
1 658
1 716
1 1800
2 1019
1 224
1 830
1 890
2 1535
1 894
2 406
1 761
2 1650
1 1526
1 1215
2 1428
2 1308
1 671
1 1029
1 153
2 54
1 1497
2 729
1 274
1 1690
1 1188
2 673
1 1679
1 428
2 1157
1 156
2 1744
1 1702
2 167
2 1188
1 254
2 1066
2 1591
2 1747
1 508
2 913
2 755
1 1335
1 123
1 1581
1 1589
1 403
2 758
1 269
2 1461
1 975
2 440
2 430
1 1740
1 1631
2 1768
1 1153
2 295
2 1289
1 768
2 1360
2 459
1 45
1 327
1 1252
1 347
2 731
2 1327
2 1565
1 297
2 43
2 1043
1 1593
1 1749
2 359
2 1524
2 529
2 98
1 988
2 1325
2 1684
2 1434
1 562
1 1341
2 1230
2 322
1 1654
2 1733
1 1335
2 847
1 1065
1 153
1 644
1 525
1 590
1 811
1 111
1 341
2 778
1 522
1 1086
1 1434
2 1296
1 896
1 328
1 1405
1 1578
1 421
1 972
1 597
1 1523
1 1466
2 551
1 557
2 453
1 839
1 1556
2 1216
1 811
1 1714
2 563
1 1468
1 1067
2 468
2 992
1 828
1 1596
2 1186
2 993
2 984
2 783
2 354
2 675
2 228
2 523
2 703
1 847
1 267
1 1243
2 1094
2 673
1 605
2 829
1 200
2 1346
1 601
1 1027
1 576
2 190
1 914
2 1101
2 411
2 1285
2 1317
1 1647
2 854
2 864
2 1390
1 508
2 600
2 1708
2 1003
1 739
1 134
1 547
2 788
2 550
1 1553
2 1009
2 404
2 1106
1 76
1 1701
1 462
2 1703
1 1112
2 106
2 1412
1 1006
1 1099
1 935
2 1448
1 1119
1 896
2 1175
2 324
1 1080
2 1329
1 831
2 187
2 30
1 276
2 348
1 1244
1 867
1 178
1 726
2 1735
1 1141
1 84
2 1791
2 893
2 1644
1 171
1 1579
2 985
2 81
2 1379
1 860
1 803
1 961
1 1770
2 1035
2 222
2 70
1 746
2 611
1 1031
2 407
1 157
2 1582
2 936
2 1758
2 307
1 206
2 1314
2 1469
2 1750
2 256
2 527
1 1005
2 930
1 475
2 1462
1 383
2 361
1 1575
1 1374
1 299
1 1685
1 477
2 36
2 367
2 1316
2 1534
1 1145
1 1098
2 1358
1 48
2 335
1 346
2 497
2 489
1 83
2 1367
1 28
2 966
2 1134
1 194
1 1716
1 1336
1 2
1 953
1 752
2 1599
1 331
1 468
1 422
1 965
2 672
2 1797
2 1302
1 1148
2 426
1 1097
2 598
1 95
1 791
1 942
2 925
1 1238
1 1659
2 1374
1 759
2 1024
1 773
2 429
1 926
2 56
1 80
1 1783
2 128
2 1765
1 188
2 732
2 1456
2 491
2 599
2 303
1 1272
2 180
1 1726
1 1667
1 1020
2 17
2 695
2 879
2 1212
1 1746
2 326
1 1682
1 526
1 125
1 436
2 42
2 194
2 893
2 1599
1 82
1 593
1 1688
2 414
2 169
1 1146
2 492
1 961
1 143
2 426
1 865
2 1095
1 416
1 190
2 1123
2 177
1 1293
1 870
2 1707
2 517
1 1578
1 1689
1 1234
1 87
1 53
2 59
1 1281
2 1211
1 1246
2 417
2 1404
1 516
2 1099
2 1044
1 411
2 991
1 892
2 1045
2 79
1 1511
1 298
2 978
2 455
2 37
2 1210
1 1155
1 1326
2 699
2 1193
1 1632
2 1254
1 941
1 491
2 1677
2 140
1 1340
1 1172
1 407
1 384
2 1091
1 1415
1 305
1 1725
1 1258
2 100
1 493
2 1715
2 999
2 266
1 1651
2 1063
2 1775
1 946
1 446
1 1280
1 606
2 287
1 379
1 1121
1 135
2 1085
2 536
2 948
2 1745
2 1007
1 1475
1 1360
2 262
2 464
2 1494
2 1136
1 970
1 375
1 1322
2 1590
2 545
2 1312
2 1277
2 808
2 63
1 1415
1 1131
2 1541
2 203
1 987
1 680
1 420
1 1514
2 1290
1 1286
1 111
1 329
2 372
1 503
2 250
2 1410
1 1606
2 978
2 1432
2 376
2 722
2 1148
2 1655
2 1108
2 48
1 903
1 587
2 932
1 1208
1 718
2 807
1 199
1 1389
2 857
1 87
1 915
2 1680
1 1386
2 174
1 1566
2 1518
1 835
2 1789
2 522
1 1705
1 418
2 934
2 620
2 1245
1 144
1 1637
1 732
1 726
2 923
1 641
1 543
2 497
1 1418
1 1652
2 1023
1 1696
1 80
1 478
1 1203
2 532
1 762
1 1214
2 215
2 1693
2 470
1 126
1 212
2 575
2 488
1 1604
2 947
1 959
2 825
1 698
1 1295
2 342
1 1038
1 1192
2 1414
2 396
1 984
1 1517
2 1561
2 282
1 1254
1 696
1 1237
2 641
2 816
2 1192
2 1060
1 1174
2 605
2 466
2 1431
1 976
1 32
2 538
2 1113
1 1779
2 435
2 525
2 1674
2 503
1 1485
1 224
2 1349
1 591
2 1213
1 1426
1 1019
2 515
2 530
1 855
1 200
2 1750
2 69
2 1060
2 179
2 965
2 1491
2 747
1 439
2 980
1 1207
1 104
2 1013
2 881
1 1717
2 19
2 20
1 166
2 1351
1 1587
1 609
2 849
1 1470
1 1621
2 1388
1 1738
2 342
1 904
1 776
1 598
2 257
2 1608
2 730
2 1426
2 1637
1 1264
2 1449
2 1444
1 751
1 1786
2 1378
1 199
2 348
1 1675
1 91
2 81
1 858
1 1114
1 183
1 238
1 1147
2 2
1 1210
2 415
1 939
1 723
1 955
2 1209
2 1357
1 838
1 1683
2 495
2 1695
2 1324
2 1699
2 337
2 1502
1 1591
2 1082
2 193
1 1489
1 404
1 1100
2 1110
2 682
1 1116
2 1366
2 221
2 1676
2 230
1 479
1 906
2 684
1 1135
1 472
2 63
2 219
1 374
2 629
2 1452
2 369
1 610
1 391
1 664
1 1325
2 16
2 1592
2 494
1 1686
1 229
2 1162
2 1662
2 693
1 1556
2 727
1 553
2 1665
1 801
1 806
1 9
1 510
1 137
1 1755
2 852
1 1286
1 1307
1 1150
2 123
1 263
2 151
2 1785
2 21
1 122
1 178
2 421
2 1040
2 1762
2 1753
1 1096
2 387
1 831
1 781
2 300
2 850
2 1452
1 143
1 1284
1 1134
2 583
2 351
1 1000
2 692
1 1092
1 1295
1 1004
2 208
2 431
2 1398
1 1328
1 1736
2 997
2 1323
1 885
1 741
1 1057
2 651
1 371
2 1699
2 339
2 430
2 1596
1 1629
2 514
1 402
2 1416
2 400
1 968
2 797
2 552
1 1384
2 779
1 886
2 1525
1 705
2 1471
2 729
2 375
1 941
1 544
2 113
1 1421
2 1092
1 1309
1 66
1 1620
2 1785
2 1106
1 1586
1 1101
1 815
2 1047
1 1465
2 1490
1 1629
2 241
2 116
2 987
2 300
1 785
1 310
2 517
1 1742
2 453
2 655
2 1574
1 537
2 990
1 189
1 1467
1 1709
2 678
1 559
2 1256
1 905
2 1274
2 658
1 872
1 589
2 1041
2 875
2 924
1 954
1 684
2 1465
2 702
2 1010
2 712
2 1610
2 1693
1 27
2 1380
2 193
2 630
2 710
2 1754
1 88
2 1651
1 120
1 141
1 1776
2 444
1 1758
2 1035
2 1510
2 1190
2 1721
1 457
2 1692
1 1238
1 949
2 1673
2 1588
1 362
1 665
2 1742
2 1618
1 230
2 922
2 1129
1 1017
2 1239
1 1302
1 1369
1 428
2 660
1 1653
2 1704
2 742
1 723
2 1177
2 1381
1 1461
2 1326
1 1757
2 278
2 586
2 369
2 1787
2 863
2 189
1 69
1 1173
1 1775
1 1402
1 120
1 301
2 1786
1 1498
1 876
2 706
2 1127
1 62
2 537
1 1357
1 1543
2 184
1 1205
1 596
2 1773
1 1436
1 1681
1 451
2 1032
2 235
2 616
1 1443
1 662
2 570
2 1224
2 869
1 882
1 833
1 846
2 312
1 1030
1 594
1 1038
1 1158
2 318
2 263
1 1564
1 1731
1 571
1 901
2 1022
2 127
1 886
1 1640
2 1027
1 1292
1 1001
1 865
2 787
2 714
1 1503
2 1016
2 1152
1 1566
2 1214
1 269
1 1671
2 1577
2 1537
2 1017
2 888
2 1602
1 944
2 1329
2 1260
2 1144
1 1800
1 1446
2 1762
2 1310
2 937
1 115
2 1501
2 1617
2 235
1 419
2 1634
1 532
2 735
1 318
2 1012
2 921
1 360
2 1395
2 573
2 982
1 52
1 1403
2 511
1 17
2 1231
2 1646
2 287
1 1000
2 724
2 1068
1 1759
2 474
2 40
1 1763
2 100
1 1259
1 572
1 1204
1 118
2 1406
2 1612
1 1554
2 1586
1 591
2 227
2 1790
2 50
2 1532
1 294
1 1142
1 257
2 936
2 232
1 1332
1 1719
2 549
2 1149
1 1678
1 1666
2 1797
2 780
1 648
2 1624
2 813
2 1258
2 1378
1 298
2 940
1 1391
2 500
2 339
2 1435
1 1410
1 1455
1 181
1 1504
1 677
2 1449
1 255
1 209
2 391
1 552
2 473
1 408
1 1153
2 126
1 149
2 425
1 1735
1 1598
1 817
1 481
2 1135
2 967
1 1160
2 749
2 1459
1 398
1 1203
2 712
2 720
2 578
1 909
2 763
1 883
2 478
1 1687
2 172
1 1782
2 1330
2 509
1 16
2 659
1 76
1 873
1 252
1 1109
2 694
1 304
1 368
1 340
1 1493
1 1039
2 543
1 1287
2 1074
1 1189
2 628
1 334
2 447
2 1552
2 466
1 1547
2 667
2 485
1 1576
1 1114
1 580
2 1312
1 1030
1 1720
2 706
2 542
1 1555
1 771
2 890
2 165
1 161
2 484
1 247
2 1767
2 694
2 1714
2 1594
1 640
1 1793
1 23
1 341
1 1496
2 1255
2 1313
2 1685
2 1281
2 84
2 757
2 1627
1 964
2 614
2 151
1 472
1 343
2 802
2 1122
2 1116
2 843
1 1540
1 924
2 233
1 1646
2 1331
1 1571
1 1539
2 415
2 802
1 1508
2 1577
2 613
2 597
1 1111
2 1118
2 449
2 746
2 1484
1 772
2 1107
2 1543
2 175
1 64
1 52
2 58
2 821
1 1018
2 745
2 1222
2 1597
2 1741
2 713
1 128
1 747
2 1412
2 1724
1 139
1 794
2 99
2 1456
1 1677
2 83
1 1656
1 1094
1 759
1 1170
1 566
2 150
2 636
1 1462
2 668
1 1155
2 1085
1 1330
1 701
2 1190
1 445
1 1633
1 1439
2 1422
1 515
2 1370
2 625
1 523
1 1740
2 577
2 796
2 1717
1 1088
2 1475
2 1520
1 1647
2 778
1 1313
2 140
1 859
1 409
1 1104
1 205
2 344
2 1751
2 1187
2 1638
1 1371
2 933
2 282
1 115
1 1570
1 607
2 878
2 1156
2 618
1 1253
1 1109
2 1584
1 260
2 1373
2 1703
2 1555
1 630
1 396
1 1653
2 417
2 459
2 32
1 1619
1 1380
2 317
2 413
1 1515
1 520
2 1799
1 1198
1 1507
2 332
1 1137
1 1334
1 11
2 1272
2 1186
1 920
2 617
2 1138
2 643
2 1219
2 213
2 1627
1 301
1 1067
2 1158
2 306
1 1183
1 1505
1 1367
2 1232
2 1500
1 958
1 838
2 615
1 144
2 1167
1 923
1 272
1 1606
2 762
1 720
1 1447
2 1713
2 530
2 1303
1 1331
2 1528
1 317
2 783
1 1136
1 85
2 1226
1 26
2 108
2 504
2 562
1 1545
2 310
1 897
2 1571
2 1014
1 373
1 823
1 1622
2 216
1 1402
1 1077
1 15
1 500
1 812
2 1407
1 129
1 121
2 1195
2 1075
1 27
2 186
1 328
1 1669
1 217
2 456
1 1558
2 1057
1 1641
1 1288
1 1601
1 837
1 871
1 898
1 862
2 1635
1 602
2 541
1 874
2 237
1 96
1 448
1 135
1 564
2 1168
2 654
1 501
2 1752
2 1413
1 971
1 1081
2 1492
2 155
1 1614
2 861
1 170
1 419
2 109
2 51
2 286
2 239
2 950
2 204
2 1048
2 25
1 231
1 1185
1 1427
1 285
2 1233
1 1081
1 378
1 1336
1 880
1 355
1 215
1 520
1 805
2 1363
2 1531
1 910
1 902
1 1752
2 181
1 560
2 681
1 919
2 774
2 1662
1 1542
1 1143
1 1458
1 1408
1 1772
1 767
2 1184
2 1613
1 754
1 1278
1 972
1 1118
2 1756
1 1175
2 667
1 1025
1 389
2 1513
1 632
2 321
2 1034
2 68
1 366
2 1006
2 545
2 323
2 1505
1 1395
2 750
1 1416
1 1649
2 624
2 29
1 1538
2 1551
2 908
2 996
1 953
1 577
1 1309
2 30
2 611
2 832
2 1303
2 290
1 1568
2 1756
1 457
2 1358
1 1782
2 437
2 514
1 819
2 117
1 794
2 1609
2 1423
2 765
2 476
2 1162
2 1307
1 574
2 1657
2 921
2 258
1 1488
2 152
1 1495
2 1059
1 791
2 1217
2 6
1 1050
1 1369
1 1209
2 1204
2 438
2 1252
2 125
2 386
2 333
1 884
2 913
2 1020
2 813
1 812
2 338
2 1765
2 1433
1 1760
2 1251
1 700
2 856
1 1339
2 1493
2 225
1 92
2 344
2 197
2 1095
1 1036
2 1519
2 862
2 1536
1 1087
1 1575
1 1173
2 900
2 8
2 1549
2 1666
1 274
1 10
2 1227
1 279
2 1055
2 589
2 644
1 1482
1 1506
2 1640
2 1521
2 1348
2 849
1 980
1 435
2 895
2 1588
1 1399
1 113
1 1229
2 916
2 1453
2 1771
2 647
1 669
1 476
2 3
1 365
2 465
1 1223
1 1534
1 71
2 1112
2 483
2 320
1 1280
1 573
2 494
2 940
1 1077
2 390
1 1743
2 1263
1 284
1 504
1 201
2 634
1 1249
2 1589
1 1411
1 463
2 756
2 1727
1 1679
1 90
2 54
2 1179
1 405
1 745
2 1200
1 1304
2 655
1 1614
1 1084
1 57
1 1022
2 333
2 599
2 70
1 705
1 96
2 841
2 1799
2 246
1 460
2 715
2 1721
1 1115
1 629
2 556
1 816
2 1507
2 1
1 810
2 1242
1 1657
2 1798
2 1644
1 7
1 424
1 810
2 1541
1 1476
2 1146
1 278
1 755
2 985
1 1630
1 561
2 1464
1 1297
2 14
1 1333
1 1574
1 852
1 997
2 185
2 452
2 1551
2 1533
2 934
2 295
2 1151
2 1670
1 836
1 1774
2 740
1 284
2 5
2 1705
2 907
2 769
2 1269
2 114
2 1743
2 327
1 529
2 1608
2 513
2 401
2 22
2 1381
2 867
2 1233
1 1334
1 1739
2 222
1 782
2 1515
1 840
1 1178
2 1632
1 912
1 1744
1 1127
2 528
1 1702
1 1298
2 1182
1 1491
2 390
1 1503
2 477
2 973
1 1164
1 717
1 363
2 483
2 657
1 1448
1 1580
1 1037
2 1259
1 1771
1 1225
2 799
2 1328
2 1249
1 993
1 118
2 234
2 709
2 660
1 986
2 88
1 130
1 540
1 1401
1 1631
2 594
2 24
2 196
1 826
2 499
1 1788
1 1075
2 1324
2 202
2 97
2 1181
2 109
1 1500
2 392
2 1616
1 59
2 764
2 643
2 549
1 1263
2 1523
1 818
2 437
1 6
2 1159
1 1567
2 1213
2 4
2 748
1 559
2 1029
1 355
2 1688
2 1058
1 606
1 1016
1 836
2 1422
2 368
2 877
2 132
1 240
2 330
2 518
1 303
2 1064
1 556
2 242
2 1642
2 700
2 1648
2 1301
2 38
2 1400
1 1451
2 134
1 757
1 1008
2 768
1 1117
1 728
2 1353
1 1234
2 1140
1 1291
2 1777
1 969
2 990
2 413
1 915
2 1089
2 1372
1 61
1 93
1 880
1 1042
1 397
2 395
2 1261
2 509
2 1287
1 567
1 1070
1 1218
1 12
1 899
2 98
2 1262
1 1396
2 1008
1 672
2 385
2 1110
1 1404
2 826
1 286
1 1305
2 305
2 540
2 239
1 1056
1 533
1 101
1 657
1 1681
2 1130
2 214
1 797
2 1034
2 1392
2 1051
1 1132
2 253
2 1002
2 425
2 1388
2 112
1 581
1 177
1 784
1 1605
1 534
2 516
1 1658
1 1420
1 197
1 67
1 964
2 271
1 649
2 1265
1 1352
2 617
2 19
2 1315
2 709
1 947
1 1661
2 1126
1 1633
1 47
2 1339
1 362
2 1165
1 382
2 145
2 696
1 1387
1 1783
1 1792
1 105
2 1052
2 168
1 382
1 1766
2 891
1 1266
1 1342
2 1793
1 66
1 106
2 1055
2 1790
2 743
2 779
2 496
2 871
1 1548
2 448
1 677
2 374
2 1512
1 887
2 482
2 103
1 909
1 418
2 1466
1 1665
2 1170
1 73
2 885
1 149
1 635
1 1425
2 1062
1 555
2 21
2 1593
1 289
1 102
1 1054
2 1432
2 162
2 176
2 1294
1 311
2 146
2 1080
1 692
1 1154
1 1025
1 1576
2 603
1 296
2 725
2 951
1 44
1 1059
2 370
1 97
2 704
1 725
1 1350
1 1053
1 356
1 338
2 463
2 533
1 931
2 275
2 1102
2 1516
2 324
2 845
1 412
1 1442
2 1595
2 635
2 1691
1 948
1 1382
2 945
2 925
1 350
1 800
1 663
1 666
2 546
1 1726
2 1718
2 1091
1 304
1 1376
2 1471
1 329
1 37
1 1279
2 642
1 1501
1 661
2 46
2 422
2 449
2 247
1 55
1 420
1 1780
2 486
2 1015
2 1338
1 461
1 60
2 625
2 1794
2 1451
2 142
2 637
2 228
2 1784
1 484
2 281
2 761
2 1363
2 347
1 275
2 260
2 1697
1 1359
2 1601
2 1661
1 4
2 493
2 1623
1 1206
2 56
2 565
1 60
1 1473
2 710
1 790
2 897
1 1458
1 772
1 512
1 90
2 86
1 881
2 108
2 150
2 512
2 1686
2 1144
2 1423
1 273
1 1780
1 1098
1 678
1 651
2 1205
2 434
2 1012
2 1001
1 1639
2 998
2 737
1 1612
1 1529
1 380
2 1142
1 1562
1 1592
1 1567
2 1442
1 1789
1 1565
2 353
2 1617
1 765
2 307
1 114
1 588
2 451
1 1048
1 738
1 636
1 1355
1 1700
2 855
1 690
1 1731
1 506
2 474
2 10
2 683
2 1368
2 1405
2 572
2 379
2 1078
2 309
2 1562
2 1734
2 539
2 1420
1 708
1 793
1 975
2 1522
2 960
2 1253
1 1678
2 20
1 246
1 688
1 1729
2 314
2 136
2 292
1 270
2 1546
1 1297
2 1406
2 322
1 1371
2 92
1 652
2 646
1 1424
1 406
2 1603
2 1712
2 689
2 1163
2 1338
1 1745
1 1764
2 1037
2 833
2 1545
2 45
2 731
1 513
1 487
2 968
2 216
1 575
1 380
2 191
2 560
2 1581
2 1659
1 232
2 41
2 1680
1 642
1 1595
1 1166
2 139
2 1306
1 721
1 89
1 1069
2 944
2 1293
2 1399
2 1181
1 1011
1 1769
1 571
2 1563
2 352
1 1083
1 1
2 444
2 1540
2 1115
2 49
2 568
2 1054
2 377
1 832
2 763
1 223
1 669
2 1316
1 686
1 1310
2 1738
1 455
2 774
2 148
2 1191
2 844
1 1443
2 1050
2 1704
2 1450
1 1663
2 627
1 107
2 1684
2 1768
2 933
2 490
2 744
2 708
1 1549
2 313
2 50
1 1463
2 822
1 1427
2 75
2 1720
2 72
1 752
2 1447
1 1791
1 1396
1 292
2 983
2 1355
1 1321
1 1278
2 1675
1 1716
2 1696
2 1611
1 1235
1 72
1 1649
1 547
1 808
1 621
2 824
1 180
1 1706
2 1671
2 1277
1 172
2 521
1 259
1 1669
2 653
1 1522
2 996
2 620
2 302
2 1078
2 864
2 1748
1 242
2 51
1 306
2 1298
2 917
2 393
2 670
1 1459
1 1120
2 604
1 570
2 285
2 39
1 261
2 766
1 33
1 206
1 524
1 498
1 24
2 798
1 1634
1 1165
1 1656
2 580
1 711
2 1045
2 55
1 619
2 786
1 1014
2 1526
1 1294
2 356
2 828
2 234
1 1053
2 1113
2 789
1 531
2 698
1 456
1 1384
1 399
2 163
1 1393
2 1185
1 603
2 345
1 1796
1 1039
1 213
2 400
1 959
1 995
2 314
2 1464
1 616
1 1784
2 697
2 1125
2 1611
2 1547
1 1527
2 1318
1 879
2 381
2 432
2 542
1 336
2 561
1 186
1 137
2 107
1 136
2 1524
2 952
1 1176
1 336
2 785
2 1079
1 736
1 288
2 276
1 1407
2 312
1 614
2 1271
2 204
2 496
2 1133
1 805
2 801
1 1062
2 1084
2 646
1 176
1 1781
1 1739
2 1128
2 1499
2 162
1 1613
2 1104
1 1265
1 196
1 337
2 1257
2 905
2 1470
2 758
2 248
1 1746
1 1748
1 1107
1 697
2 927
1 1776
1 31
2 1767
1 1064
2 887
1 173
1 799
1 695
1 1615
1 777
2 1149
2 462
2 364
2 1569
1 1697
2 633
2 65
1 582
2 363
1 1485
2 992
1 814
2 74
1 110
1 211
1 77
2 1741
1 212
2 1283
2 1306
1 1544
2 436
1 1041
1 511
1 237
1 1023
2 1160
1 439
1 878
1 1100
2 1195
1 458
2 1652
2 787
1 1002
2 220
2 1660
1 927
2 18
2 782
2 531
2 399
1 882
2 1788
2 1513
1 650
2 1147
1 1125
1 989
1 949
1 1558
1 1282
2 1227
2 1344
1 1320
2 583
2 15
2 974
2 1510
1 12
1 1172
2 433
2 23
2 1350
1 142
1 1467
1 13
1 590
2 579
2 1753
2 749
2 1220
2 1229
2 1191
2 1692
2 1267
2 648
1 1268
1 1609
2 442
1 851
1 1356
1 1347
2 1071
2 1047
2 1066
1 744
2 1271
1 1437
1 682
2 480
2 1256
2 1365
1 592
2 1061
1 906
1 955
2 501
2 1273
2 1755
2 1370
1 1718
1 320
1 202
1 1472
1 1483
1 679
2 1284
1 209
1 460
1 1550
1 158
1 1124
2 1481
1 638
2 1183
1 132
1 619
2 807
1 158
2 220
1 454
2 1394
2 1645
1 853
1 502
1 610
1 372
2 1521
1 1734
1 1424
2 245
2 604
1 1553
2 691
1 434
2 1711
2 1179
2 733
2 458
2 1573
2 227
2 1710
1 1585
1 233
1 302
1 857
1 1323
1 401
2 1628
1 962
1 1168
1 1487
1 1487
1 1300
1 486
2 103
2 195
1 767
2 71
2 506
1 105
2 1711
2 225
1 18
1 1708
1 1477
2 164
2 1498
1 1514
2 254
2 596
1 1516
2 1361
1 1377
1 780
1 912
2 858
2 1622
1 1177
2 1255
2 584
1 1787
1 685
1 1164
1 937
2 1512
2 1043
2 1131
2 719
2 29
1 1474
1 932
1 1347
1 1725
1 1625
2 1221
1 1133
1 198
1 446
2 1270
2 218
1 1221
2 910
1 974
2 1414
1 1751
1 1291
1 1654
2 1120
2 244
1 1535
1 82
1 94
2 1430
2 704
2 231
2 1194
2 1453
1 586
1 185
2 1476
1 969
2 138
1 1245
2 971
1 1397
2 1568
1 1340
2 1557
1 1463
2 1236
2 487
1 1450
1 1585
1 271
2 226
1 1582
2 670
1 1225
1 970
2 77
2 788
1 1489
2 223
1 554
2 85
2 1141
1 183
1 349
1 637
1 1332
1 859
1 894
2 751
2 851
2 539
1 659
2 256
1 1457
1 821
2 392
2 979
1 1538
1 410
2 1244
2 1247
2 147
2 1542
2 1031
1 1108
1 1073
2 1564
2 1362
1 1619
2 321
1 112
1 469
2 171
2 1250
1 299
1 1719
1 1028
2 920
1 1570
1 470
2 1529
1 1674
1 1554
2 1668
1 954
2 1314
2 74
1 634
1 1015
1 1076
1 1600
1 258
2 198
1 1051
2 518
2 1361
2 1289
1 1320
2 1143
1 1429
1 1122
2 1552
2 999
1 1778
1 1366
1 935
2 1321
2 53
2 485
1 1300
2 576
1 1352
1 1105
2 1385
2 316
2 1194
2 159
2 293
1 835
1 1061
2 505
2 557
1 432
2 387
2 1773
1 1264
2 1063
1 1770
2 775
2 963
1 693
1 792
1 914
1 639
2 1236
1 665
2 61
2 297
1 1032
1 481
2 1428
1 649
2 1525
2 1211
2 1737
1 28
2 1691
2 394
2 1560
1 164
1 248
2 1796
