3100 5500
1 983
2 307
2 1144
2 633
2 1182
2 68
2 1274
1 615
1 898
2 535
2 974
1 306
1 1439
1 674
1 1147
1 1530
1 571
2 340
1 377
2 900
2 1102
2 107
2 707
2 161
1 1492
2 379
1 248
2 544
1 1237
2 1223
1 139
2 308
2 1454
2 581
2 1305
1 18
2 431
2 858
2 1174
1 590
2 731
2 1418
1 921
1 1159
1 77
2 1317
2 659
1 250
2 1360
2 755
1 1514
2 1532
2 1475
2 1101
1 786
2 1487
1 1052
1 562
2 181
1 1457
2 1544
1 1472
1 1090
2 575
1 750
1 320
2 1211
1 1491
1 10
2 470
2 1545
1 1344
1 1379
2 353
2 1233
2 856
1 428
2 587
2 1217
1 612
1 471
1 1169
1 840
2 85
2 675
1 1116
1 258
1 1505
2 239
2 166
2 299
1 538
1 1060
2 687
2 636
2 82
2 827
2 138
2 1496
1 1285
2 1120
1 901
2 191
1 1299
2 1549
2 1221
1 1530
2 1481
2 1425
1 952
1 205
2 1525
1 970
2 1239
2 1445
1 923
2 77
2 1301
2 1330
2 797
2 803
1 829
1 643
2 531
2 123
1 626
2 229
2 1045
2 1202
1 1137
2 948
1 1042
1 36
1 835
2 942
1 739
1 871
1 940
2 177
2 870
2 205
2 419
1 1495
2 529
1 24
1 556
1 27
2 978
2 1141
1 1318
2 1465
1 1173
2 19
2 1175
2 1313
2 699
1 1397
1 1140
1 604
2 1331
2 46
2 128
2 323
1 1047
1 476
1 918
1 864
1 1167
1 1321
2 1421
2 350
1 1386
2 1420
2 504
1 757
2 999
1 252
2 272
2 1391
2 1065
2 623
1 1315
1 537
2 1396
1 539
2 1350
1 260
2 546
2 1180
1 584
2 510
1 1336
2 669
1 1060
2 342
1 429
1 979
1 1082
1 1468
2 251
1 183
1 867
2 1053
1 838
2 475
1 1038
1 189
2 1465
1 1196
2 146
2 884
2 1511
2 696
2 64
2 713
2 392
2 621
1 41
1 1064
1 1058
1 824
2 683
2 1283
1 144
2 1359
1 484
2 216
2 246
2 833
2 11
2 141
1 652
2 1091
2 122
1 758
2 1246
2 790
1 789
1 1089
2 916
1 236
1 158
2 53
1 549
1 426
2 210
1 463
2 517
2 1461
1 1079
1 1078
1 759
2 279
1 678
1 124
2 1133
2 1016
2 448
1 1179
1 826
1 1503
2 800
2 51
1 87
1 1383
2 729
2 181
2 25
2 785
1 1384
1 207
2 1425
1 57
1 1369
1 975
2 1317
1 1417
2 964
2 1304
2 1050
2 614
1 1512
2 305
1 907
2 1310
1 628
2 1206
2 987
2 1129
2 153
1 715
2 391
1 188
2 170
1 1349
1 939
1 1283
1 1032
1 505
1 944
2 1062
2 1100
1 1306
2 1400
1 1163
1 1038
2 1198
1 1392
2 1191
2 274
1 63
2 344
2 920
1 1324
2 844
1 1437
1 827
1 818
2 1189
1 1115
2 100
2 629
1 86
2 1071
1 1407
2 836
2 624
1 772
2 526
2 1087
2 753
2 1192
1 1495
1 887
2 180
1 814
2 126
1 1526
1 752
2 206
2 895
2 399
1 176
2 1449
2 1017
1 1184
1 796
1 327
1 337
1 943
1 434
1 1456
2 603
2 5
2 682
1 882
1 1509
2 1518
2 1486
2 1240
1 1474
1 437
2 256
1 730
2 714
1 1243
2 762
1 1042
2 555
1 416
2 1061
2 1096
2 377
2 727
1 289
2 1037
1 739
1 16
2 1251
2 382
1 1400
1 1055
1 859
2 1142
1 246
2 1445
2 835
2 1490
2 1371
1 462
2 4
2 897
2 771
2 611
2 710
1 825
2 294
1 1254
1 1362
2 760
1 1273
1 1347
1 1012
2 1007
2 964
1 1422
1 1077
2 841
1 852
1 485
2 119
1 358
1 551
2 447
1 78
2 653
2 602
1 233
2 1008
2 1127
1 483
1 1295
2 49
1 1308
2 547
2 599
2 329
1 766
1 1204
1 1122
2 116
1 928
2 702
2 418
1 283
2 651
2 933
1 157
2 450
2 1093
2 1536
1 644
2 763
1 1138
2 1340
2 1134
1 491
2 820
1 886
2 825
1 226
2 17
2 428
1 1189
1 744
2 52
2 816
2 414
2 1059
2 632
1 967
1 310
2 106
1 1539
1 1006
2 683
1 1095
2 295
2 120
2 1242
2 355
1 660
1 264
2 464
1 1109
1 200
1 174
2 1403
2 372
1 503
1 1382
2 756
2 35
2 751
2 403
1 874
1 369
2 849
1 430
1 7
1 1382
2 1260
1 1110
1 1004
1 1342
1 743
1 1194
2 1282
1 568
2 316
1 594
2 634
2 66
2 750
2 776
1 1532
2 1075
2 1008
2 860
2 1166
2 677
1 175
2 896
2 1387
1 1152
2 423
2 929
1 1301
2 1432
1 1365
1 552
1 1049
2 424
1 1390
2 519
2 926
2 782
1 153
2 774
1 80
2 641
1 1345
1 1340
2 1531
1 59
1 460
1 966
1 773
1 265
2 1155
2 21
1 836
1 1295
1 202
2 439
1 1374
2 919
1 351
2 1020
2 1536
1 394
1 1327
1 1071
1 317
2 445
1 725
1 597
1 347
1 249
1 527
2 275
2 1379
2 558
2 993
2 771
1 910
2 616
2 795
2 797
1 700
1 1440
2 573
1 498
2 810
1 108
2 655
2 1314
1 641
2 1279
1 1235
2 1360
1 267
2 1096
1 794
2 885
2 770
2 247
1 359
2 1302
2 1426
2 805
2 266
1 854
2 1001
1 895
1 686
2 704
1 8
2 612
1 1039
1 1307
2 1431
2 1142
1 297
2 839
1 978
2 1231
1 133
2 393
2 950
1 113
2 473
1 1181
2 207
1 665
2 1292
1 1034
2 782
2 1257
1 1066
2 1514
1 896
1 548
1 610
1 419
1 712
1 1158
1 1310
1 1274
2 1005
1 1177
1 1343
1 812
2 680
2 778
2 1297
1 929
1 1259
1 1533
1 31
1 197
1 7
2 566
2 282
1 203
1 43
1 1110
2 308
2 1024
2 1277
2 1452
1 556
2 1040
1 1092
1 72
2 1087
1 1036
2 51
1 927
2 55
2 1126
2 1129
2 1287
1 1421
2 971
1 709
2 1273
2 105
1 112
1 15
2 1545
1 58
2 141
2 1170
1 1272
2 456
2 1261
2 915
2 918
2 331
2 348
2 409
2 936
1 1541
1 1463
2 70
2 65
1 497
2 1143
1 906
1 1416
1 935
2 185
1 399
1 61
2 1380
1 1009
1 281
1 1288
1 510
2 886
1 1165
2 633
2 1366
1 559
1 1457
1 56
1 1161
2 6
2 1143
1 532
2 587
1 134
2 700
1 23
1 478
1 1192
2 1229
1 412
1 662
1 1325
2 147
2 282
1 1484
1 1291
2 206
1 872
1 1449
1 341
1 1335
1 348
1 928
2 1104
1 370
2 278
2 987
2 1494
2 1245
1 1366
2 921
2 384
1 71
2 1248
1 857
2 878
2 773
2 155
2 509
1 558
1 195
1 1160
1 996
2 381
1 1011
1 1497
2 1105
2 667
1 935
1 1354
2 1287
1 564
2 22
1 401
1 1076
2 492
1 448
2 585
1 1378
2 220
1 1353
2 300
1 1151
1 1262
1 1265
2 867
2 718
2 661
1 1546
2 751
1 830
1 1199
1 118
1 748
1 720
2 1107
1 1067
1 804
1 1226
2 1229
1 584
2 1362
2 1148
1 1410
2 468
2 232
2 1500
2 202
1 619
1 676
1 1359
1 710
1 1057
1 760
2 75
1 442
1 568
2 817
1 512
2 1160
1 1428
1 380
1 484
2 565
2 63
1 681
1 519
2 701
2 150
1 425
2 150
2 231
2 668
1 330
2 871
1 49
2 1451
1 159
1 778
2 467
1 1002
1 68
1 1136
1 441
2 883
1 644
2 1063
2 1428
1 1332
2 922
1 667
2 253
2 1407
1 1118
1 1534
2 431
2 1356
2 1464
1 1064
1 3
1 412
1 1256
1 522
2 37
1 542
2 48
1 972
2 1401
2 712
1 800
1 580
1 531
1 1480
1 1434
2 44
2 314
1 879
1 1072
2 1246
1 1168
2 1380
1 259
2 640
2 1542
1 1293
1 1316
1 1088
2 225
1 741
1 764
1 1484
1 1410
2 70
2 626
2 553
1 155
2 984
2 413
2 11
1 1511
1 682
1 884
2 200
1 303
2 828
2 37
1 516
1 148
1 1257
2 174
1 654
2 1157
2 1416
2 1101
2 427
2 1130
2 1526
2 1013
2 18
1 1376
2 648
1 363
2 1258
1 103
2 406
2 608
2 278
1 638
2 1066
1 1187
2 1357
2 312
2 1364
1 97
2 634
1 1232
1 807
1 1409
1 1120
2 1330
1 711
1 887
1 192
1 1538
2 1048
2 260
1 382
2 930
1 969
2 990
1 1216
1 1549
1 658
2 1099
1 1212
2 992
2 398
1 247
2 151
2 768
2 1354
2 19
2 1172
1 1402
2 1367
1 550
1 407
2 341
2 917
2 453
2 374
2 1423
1 96
2 400
2 1411
1 1055
1 716
2 888
2 120
1 607
2 47
2 629
2 480
2 1519
1 1200
1 371
2 1303
1 357
2 1453
1 869
1 1252
2 60
1 889
2 731
2 1002
2 164
2 1313
1 235
1 589
1 1215
1 1537
1 88
2 536
1 793
2 777
1 1092
2 591
2 589
1 1444
1 395
2 10
2 1023
1 394
2 190
1 944
1 1156
2 1080
2 108
2 1190
2 147
1 614
2 1183
1 1431
1 863
1 523
1 1513
1 1512
1 1098
1 941
2 1291
2 1504
1 997
2 905
2 509
2 958
2 272
2 1086
1 1111
1 262
2 788
1 503
2 1519
2 701
2 157
2 596
2 1307
1 1282
1 136
2 1435
1 15
2 1041
1 947
2 965
2 1520
2 418
1 26
2 1373
2 349
1 665
1 113
1 335
1 953
1 630
2 1069
1 966
1 296
2 972
1 728
1 99
2 368
1 258
1 813
2 593
1 323
2 1244
1 302
2 794
2 1346
2 219
1 1194
1 1284
1 336
1 601
1 1259
2 1015
1 1074
1 1533
1 298
2 436
2 146
2 557
2 755
1 24
2 67
2 1372
2 296
1 1408
1 1084
1 1548
1 1485
1 176
2 339
1 236
2 1361
1 890
2 868
1 58
1 1370
1 94
1 534
1 577
1 811
1 572
2 1394
2 811
1 1441
2 1166
2 148
2 747
2 1488
2 1147
2 840
2 380
1 914
2 71
2 215
2 783
1 902
2 805
2 1522
1 230
2 767
2 238
2 1355
2 1270
2 281
2 1319
2 1195
2 968
1 470
2 749
2 223
2 610
1 127
2 846
2 729
2 252
1 31
2 1323
2 533
2 1237
2 214
2 1210
1 1099
1 670
1 317
2 324
2 477
1 288
1 1540
1 1505
1 757
1 959
2 106
1 1176
2 910
1 212
2 196
2 1100
2 1498
2 1483
2 203
1 86
1 679
2 1016
1 411
1 1399
1 1280
2 125
1 493
1 1222
1 1224
2 695
2 650
1 128
1 161
1 1025
1 1158
1 1247
2 1389
1 709
1 1326
1 1014
2 320
1 417
1 518
2 606
1 22
2 528
1 931
2 330
2 834
2 837
1 1207
2 1036
2 160
1 719
2 1331
2 107
2 111
1 576
2 312
2 1172
2 1208
1 92
2 563
2 132
2 1137
2 529
2 714
1 772
1 1111
2 1085
1 259
2 33
2 373
2 781
2 844
1 280
1 657
2 105
1 698
2 889
1 1068
1 989
1 171
2 56
1 925
2 1460
1 436
2 361
1 598
2 1136
1 673
1 74
2 984
2 851
2 550
1 1342
1 968
1 1343
2 191
2 745
2 432
2 1537
2 569
1 42
1 1033
2 769
2 1535
1 1105
1 881
1 996
1 501
2 1454
1 121
1 954
1 1298
1 524
2 1124
1 1124
1 1528
1 904
1 358
1 429
2 13
2 1177
2 1126
2 1487
2 837
2 737
1 500
1 1074
1 1242
2 1083
2 732
1 1550
2 168
1 779
1 1367
2 276
2 74
1 1311
1 1083
1 80
2 356
2 722
2 613
1 1238
2 848
1 499
1 1275
2 188
2 1041
1 233
2 562
2 469
1 234
1 1523
2 505
1 293
1 736
2 298
2 1169
2 199
1 426
2 30
2 916
2 664
2 496
1 331
2 718
1 376
2 696
2 1134
2 541
1 241
1 213
2 375
2 239
2 823
1 699
1 243
1 328
2 196
2 199
2 957
2 1112
1 403
1 514
1 110
2 483
2 374
2 131
1 407
2 1319
2 437
2 843
1 866
2 657
1 193
2 432
2 625
1 766
1 819
1 1267
2 1165
1 685
1 90
1 395
2 1438
1 1202
2 474
2 293
2 1504
1 269
2 1458
1 1054
1 508
2 1000
1 1065
1 1153
2 79
1 261
2 1294
1 1523
1 806
2 815
1 129
1 97
2 705
1 939
2 999
2 160
1 334
1 970
2 1268
1 1084
2 777
1 167
1 1095
1 1381
2 703
1 1352
1 444
1 2
2 1535
2 873
2 227
1 434
1 453
1 479
1 294
2 761
1 277
1 616
1 862
2 990
2 1185
2 1148
1 961
1 156
2 231
1 832
1 765
1 227
1 1212
1 1218
1 114
2 1175
1 466
2 240
2 1462
2 159
2 89
1 937
2 1210
1 91
2 1045
1 208
2 1063
2 1429
2 1446
1 216
2 393
1 304
1 270
2 826
2 605
2 991
1 1204
1 378
1 674
2 1426
2 828
2 517
1 1260
1 496
2 367
1 478
2 13
2 645
2 1356
1 1351
2 1027
2 291
2 152
1 458
2 1093
2 1146
2 553
2 373
1 917
1 362
1 1109
1 315
2 754
1 1106
2 1278
1 103
1 169
1 1118
1 1228
2 400
2 1005
1 676
2 618
2 1241
2 449
2 1518
1 1220
2 65
1 735
1 615
2 119
1 802
2 882
1 791
2 1444
2 742
2 1436
2 847
2 594
2 1503
2 539
2 54
2 971
1 87
1 301
2 1332
2 1479
1 786
1 152
1 1218
1 253
1 974
2 1328
2 879
1 264
2 608
1 994
2 1043
2 590
2 1067
2 1252
2 934
2 1315
1 703
2 1026
2 981
2 318
2 960
1 1524
2 225
2 733
1 430
1 1272
2 808
2 29
2 1550
2 824
2 83
1 1213
1 946
1 512
1 438
2 145
1 397
1 1393
2 1057
2 1316
2 274
1 455
2 404
1 982
2 1520
1 474
2 389
1 39
1 1522
2 1494
1 1486
1 446
1 1496
1 59
1 912
1 287
1 775
1 433
1 468
2 1467
2 527
1 318
2 876
1 442
1 792
1 95
2 1409
1 1001
2 1039
2 130
2 891
1 791
2 969
1 779
2 276
2 305
2 498
1 1214
1 758
2 903
1 1451
2 695
2 332
2 1350
2 372
1 746
1 905
2 1447
1 301
1 903
1 1517
2 540
2 597
1 1383
2 952
1 534
1 670
2 55
2 894
1 1517
1 290
2 292
2 602
2 366
1 1086
2 1469
1 32
1 789
1 1200
1 1346
1 645
2 601
1 865
1 631
1 1250
2 799
1 117
1 735
2 25
1 1168
2 850
1 1275
1 440
2 129
1 265
2 533
1 1051
2 494
2 209
1 1117
1 465
2 1508
1 67
2 1320
1 582
2 1406
1 1358
1 1524
2 165
2 12
2 1068
1 79
1 1191
2 20
1 942
1 1058
2 605
2 229
1 868
1 12
2 899
2 717
2 642
1 457
1 1187
1 1203
2 1267
2 604
1 934
1 244
2 314
1 485
2 138
2 892
2 1442
2 949
2 520
1 785
2 543
1 607
1 1371
1 41
2 481
1 549
1 187
1 208
1 560
2 901
1 1477
2 111
2 1167
2 574
1 1017
2 872
1 675
1 251
1 506
1 1293
1 1439
2 853
2 1180
2 511
1 1459
2 1318
2 210
1 383
2 92
2 1294
2 212
2 571
2 1268
1 151
2 552
1 1430
2 592
1 1104
2 439
1 502
2 1388
2 472
1 564
1 1468
1 23
1 72
2 759
2 728
2 173
2 908
1 444
1 726
2 1304
1 899
2 446
1 1289
2 799
2 727
1 1
1 1031
2 637
1 1000
1 831
2 240
2 482
1 924
1 845
1 197
1 1405
1 919
1 923
2 600
2 235
2 1215
1 691
2 932
2 166
1 1358
1 1450
2 692
2 490
1 234
1 962
1 454
2 660
1 1184
2 640
1 392
2 1309
2 104
1 1040
1 222
1 1322
1 865
1 516
2 387
2 1146
2 1376
2 1199
1 1413
1 370
1 523
2 956
2 536
2 693
2 988
2 1269
1 311
2 1047
2 445
1 1539
1 1044
1 691
1 311
1 335
1 748
2 224
2 854
2 35
1 958
1 489
2 1464
1 1288
2 768
2 1461
1 1131
2 721
2 1374
2 1123
1 949
2 555
1 271
2 242
1 163
2 156
1 1015
1 1082
1 1154
2 1197
2 306
1 224
2 410
1 980
1 242
1 986
1 1329
1 741
1 813
1 325
1 569
1 638
2 855
1 528
2 787
2 134
2 175
1 1364
2 926
1 639
1 4
2 1453
2 1132
2 1211
2 878
1 354
2 1450
2 963
2 16
2 1121
1 1472
1 572
1 535
2 672
1 1049
2 398
1 345
1 1474
2 1097
1 1043
2 459
2 1171
2 725
2 104
1 42
1 1394
1 659
2 416
2 663
1 1452
1 255
1 1525
2 857
2 658
2 733
2 1235
2 1116
2 2
1 1222
1 1391
1 821
1 1395
2 1547
2 1548
1 495
2 84
2 355
2 708
2 632
2 946
1 677
1 1034
1 217
2 353
2 846
1 671
2 1489
1 409
2 598
2 960
1 1046
1 1351
2 21
2 1207
2 1225
2 171
2 1322
1 1279
1 1183
2 628
1 951
1 1201
1 1403
2 948
1 463
1 781
2 721
1 1163
2 586
1 965
2 458
1 866
2 1233
2 218
2 378
1 336
1 115
2 724
1 144
2 1353
1 391
2 262
1 1430
1 1029
1 364
1 613
2 1290
1 806
2 1223
2 1018
1 557
2 142
2 140
2 66
2 1009
2 411
2 753
1 502
2 745
1 1011
1 1081
2 688
2 1085
1 424
2 537
1 931
1 499
1 1473
1 332
2 1373
2 763
1 245
2 1178
2 413
1 1510
2 1112
1 322
1 1423
2 1459
1 1139
1 268
1 649
1 130
1 583
2 1145
1 275
2 743
2 912
2 663
1 1269
1 1234
1 719
2 764
1 1012
1 885
1 1203
1 257
2 383
2 574
1 109
2 76
2 890
2 1303
2 559
2 1397
1 1179
1 303
2 1090
2 1021
1 693
1 91
2 1217
2 168
1 50
1 976
2 860
2 1006
1 1263
2 435
1 784
1 950
1 481
1 96
1 154
2 1324
1 1448
2 842
1 180
1 1515
2 979
1 1161
2 1435
2 582
1 877
1 1145
2 452
1 88
2 179
1 1347
1 226
1 630
1 214
1 1375
2 1178
2 1338
2 898
2 1368
2 858
1 734
2 938
2 593
2 1381
2 1024
2 154
2 1543
1 809
1 1030
2 1243
2 704
1 1311
2 241
1 1363
2 940
1 1285
2 506
2 565
2 325
1 1437
2 1483
1 186
1 957
1 561
2 1312
1 486
2 40
1 1157
1 244
1 596
1 357
1 1073
2 841
1 441
2 1103
2 622
2 913
1 309
1 32
1 1240
1 804
1 849
2 1321
1 360
1 9
2 1278
1 1230
2 548
2 1216
1 169
2 351
2 1433
1 507
1 1018
2 1232
1 1355
2 530
1 989
1 600
1 1363
1 389
1 100
1 810
2 1415
1 404
2 1266
2 126
1 1314
1 1521
1 967
2 90
1 671
1 1276
1 1412
2 515
1 1251
1 1424
2 201
2 34
1 476
1 1263
2 646
2 250
1 1509
1 1372
1 60
2 365
1 909
1 459
1 1025
2 291
2 1029
1 221
1 976
1 1300
1 248
2 1132
2 1429
2 1019
1 255
1 822
2 822
2 375
2 1333
1 1224
2 1508
2 1527
2 137
2 581
2 1271
2 894
1 500
2 994
2 647
2 361
1 507
2 73
1 801
1 443
1 343
1 821
2 1070
1 1337
1 363
1 694
1 807
2 981
1 1498
2 1150
2 902
2 1226
2 1079
1 1185
2 1206
2 43
1 875
2 1420
1 359
2 365
2 1140
1 1198
2 591
2 339
2 1481
1 1341
2 585
2 356
1 842
2 577
1 408
1 845
2 213
1 48
1 652
2 179
1 1477
2 998
1 941
2 737
1 222
2 257
2 848
1 554
2 209
2 288
2 340
2 379
1 831
2 1056
1 14
2 1529
2 1529
1 471
1 525
1 1389
2 78
2 420
2 1255
2 1176
1 488
2 666
2 1262
2 861
2 415
1 1469
2 230
1 1046
1 876
2 1013
1 513
2 490
1 542
1 673
2 809
1 337
1 1434
2 520
1 193
1 1115
2 1348
2 321
1 9
1 722
1 1370
1 280
1 1236
1 118
1 38
1 1193
1 17
1 524
1 862
1 689
2 101
2 655
1 1348
1 1253
2 883
2 636
1 861
2 333
1 427
1 1333
2 730
1 793
1 784
2 145
1 82
1 956
2 187
2 1258
2 390
2 684
1 84
1 893
2 447
1 163
2 461
1 1186
2 477
1 127
1 273
2 1440
2 338
1 338
1 1467
2 44
1 366
1 1338
2 85
2 1334
1 1513
2 526
1 1456
1 1478
1 1482
2 1405
2 1130
1 75
2 1493
1 817
2 344
1 1534
1 1078
1 947
1 650
1 915
1 277
1 1173
2 1337
1 1470
2 1402
1 472
1 256
2 238
2 1022
2 744
1 930
1 1297
1 263
1 1507
1 487
2 962
1 1516
1 1089
1 954
1 586
2 93
2 578
2 1521
1 1245
1 863
1 765
2 1261
2 875
1 904
1 1471
2 609
1 578
1 1489
2 651
1 1102
1 619
2 1023
2 1149
1 218
1 1408
1 579
1 123
2 795
2 551
1 1501
2 1306
2 1031
1 711
2 62
2 410
1 631
1 1088
2 595
2 1414
2 1276
1 1378
1 352
2 567
1 1418
1 620
2 1298
1 504
2 953
2 347
1 1195
1 267
1 69
1 1424
2 514
1 618
1 647
1 192
2 684
2 1309
1 69
2 304
1 271
2 1433
1 1080
2 451
1 279
2 1377
1 661
2 1028
1 1404
2 173
2 752
1 1225
1 451
1 796
2 405
2 1117
1 1414
2 1010
2 421
2 1447
1 1488
1 1220
1 988
1 364
2 666
2 57
2 1070
1 1035
2 1196
2 1228
2 1471
2 1422
1 313
1 184
2 1478
1 1188
2 81
2 1075
1 254
1 1406
1 911
1 1284
1 1463
1 1368
1 452
2 20
1 1248
2 1393
2 853
2 1335
2 114
1 1482
2 1527
2 1138
2 1336
1 513
1 388
2 1139
1 83
1 995
2 839
2 622
1 1170
2 425
2 1438
1 1446
2 346
1 880
2 623
2 713
2 1003
2 1401
1 368
2 554
2 991
2 29
2 563
2 762
1 489
2 52
2 3
1 986
2 313
1 1466
1 820
2 397
1 617
2 1113
2 124
1 1485
2 184
1 932
2 570
2 1003
1 951
2 1193
1 1125
1 327
1 93
2 268
2 1230
2 435
2 1436
2 740
1 1144
2 1114
2 122
1 897
2 877
2 402
2 371
1 664
2 680
1 1123
1 354
1 270
2 310
2 254
1 1108
2 937
1 938
1 1404
1 843
2 1205
2 143
2 672
1 900
2 995
2 132
2 479
1 1271
1 480
2 1214
2 525
2 1305
1 560
2 1035
2 573
1 343
2 186
2 1502
1 1395
2 396
1 801
2 28
1 34
1 204
1 211
2 1227
2 545
2 211
1 880
1 654
2 1208
1 570
1 869
2 1462
2 494
2 1019
2 975
2 798
1 1231
2 1458
2 473
1 189
1 182
1 1026
1 1506
2 873
2 1538
1 812
2 1327
1 756
2 692
2 295
2 788
1 243
2 286
2 724
1 1073
2 115
2 834
2 454
2 1256
1 390
1 697
1 508
2 1239
1 859
1 648
1 985
1 384
2 1300
2 740
2 319
1 544
2 1345
2 149
2 936
2 1114
1 1155
1 856
1 1396
1 1244
1 385
2 284
2 421
1 1103
1 183
1 292
2 736
1 1249
2 1480
1 945
1 688
1 125
1 402
2 532
2 360
2 201
2 1499
2 761
1 646
2 190
2 440
2 350
1 109
2 1238
2 1254
2 1501
1 716
1 776
1 770
2 461
2 1164
1 833
2 1050
2 694
1 1247
1 284
2 482
1 237
1 1213
1 545
1 50
2 94
2 76
2 973
2 1320
2 1375
2 45
1 1154
1 1127
2 653
2 583
1 1094
2 1385
2 449
1 1415
2 158
2 1188
1 637
2 185
2 1369
1 131
2 465
2 566
2 492
1 195
2 1077
1 385
2 1164
1 417
2 830
2 599
2 723
2 460
2 488
2 1352
2 1412
2 685
2 1219
2 838
1 396
2 178
1 540
1 464
1 686
1 177
1 774
1 588
1 116
2 1413
1 1020
2 345
2 423
1 769
2 595
2 1500
2 1030
1 925
1 64
1 635
1 575
1 387
2 1032
1 1182
2 511
2 702
2 708
1 1476
1 780
1 668
1 99
2 204
2 649
1 732
2 422
2 369
1 133
1 705
1 249
1 961
2 973
2 706
2 783
2 515
2 1455
2 775
1 1004
2 1507
2 414
2 1094
1 798
2 819
2 1302
1 814
2 342
1 1119
1 5
1 816
1 998
1 1386
2 792
2 1264
2 62
2 1546
1 1037
1 747
2 1131
1 1181
2 1113
1 1540
2 541
1 1125
1 143
2 1390
2 1062
1 1493
1 1323
2 909
1 112
1 137
2 172
2 588
1 818
2 808
1 1479
2 749
2 352
2 319
1 715
2 624
2 102
2 1497
2 455
1 73
2 592
2 1048
1 906
2 1448
1 220
1 993
1 943
2 1253
1 1385
1 606
1 135
2 888
2 1490
2 170
1 1341
1 219
1 1053
1 567
1 493
1 1491
1 881
1 726
2 620
1 530
1 46
1 1221
2 734
1 1296
2 803
1 913
2 697
1 98
2 215
2 1547
1 1339
2 720
1 346
1 1308
1 823
1 1054
2 1292
2 1149
2 855
2 101
1 687
1 8
2 263
2 269
1 1152
1 54
2 408
2 1312
2 142
1 1442
1 1516
1 1119
1 237
2 443
2 1384
1 1128
2 39
1 381
2 1427
2 1159
1 261
1 1007
2 286
2 420
2 475
1 164
2 456
1 1250
2 1506
2 924
1 1266
1 561
2 815
1 223
1 232
2 955
1 334
1 1476
2 543
2 983
2 1326
2 367
2 908
1 495
2 1028
1 982
1 1286
2 1289
2 1133
1 1108
1 1201
1 486
2 1296
2 1106
2 1443
1 1022
1 1328
2 405
2 167
2 228
1 690
1 997
2 61
1 959
1 466
2 1069
2 977
1 627
2 14
1 870
2 679
2 1135
2 1091
1 1399
2 738
1 1515
1 538
2 307
1 1174
1 290
2 162
2 300
1 893
1 832
1 920
1 406
1 874
2 1334
1 1528
2 1492
1 1460
2 386
2 1141
2 1205
2 283
2 1281
2 1475
1 1135
1 790
2 656
1 45
2 6
1 1419
1 678
1 182
2 326
2 28
2 1
1 1455
2 462
1 977
2 1398
1 611
2 1156
1 1544
2 321
1 302
2 1441
1 1153
2 1290
2 1021
1 1052
1 1264
1 927
2 1010
2 522
1 1044
1 1466
1 1081
2 467
1 140
2 643
1 627
2 945
1 723
1 579
1 1014
2 1209
1 1510
1 89
2 742
1 891
2 309
2 135
1 1281
1 1365
1 625
1 1121
1 36
2 707
2 1098
1 329
1 110
1 521
1 324
2 285
2 617
1 852
1 1190
1 580
1 1357
1 914
1 1473
1 1219
1 642
2 603
2 1033
1 1531
2 501
1 1209
1 662
1 717
2 892
2 1061
1 985
1 316
2 1325
2 285
2 162
2 386
2 1470
1 53
2 328
1 621
2 1419
1 102
2 1107
1 980
1 1277
1 1255
2 690
1 362
2 1377
2 26
2 178
2 297
2 98
1 1411
2 1056
2 1249
1 289
2 217
1 165
2 81
1 933
2 322
1 576
1 911
2 681
2 1234
2 780
1 1076
2 401
1 738
2 1329
2 149
1 698
1 487
2 787
2 518
2 33
2 422
2 1241
2 469
2 228
2 121
1 864
2 767
2 38
1 497
1 992
1 851
2 1186
1 547
2 1349
1 450
1 1072
1 1388
1 1227
2 1502
1 963
2 287
2 521
2 706
1 333
2 433
2 1499
1 1361
2 847
2 47
2 326
2 639
1 829
2 299
1 1128
2 754
2 1162
1 689
2 194
2 172
1 1265
1 1171
2 139
2 1542
1 1236
1 1122
2 1398
2 40
2 1543
1 609
2 1162
1 27
1 457
1 376
1 95
2 1280
1 1286
1 349
2 415
2 1150
2 1059
2 30
2 746
1 850
2 221
2 388
1 1417
2 1051
1 1387
1 1097
1 1443
1 315
1 198
1 1432
1 955
1 1299
2 194
2 1197
1 1270
2 922
2 438
2 1392
2 1151
2 1427
1 635
1 546
1 1344
1 907
2 245
1 198
1 136
1 669
1 117
2 656
1 273
2 802
1 491
2 266
1 1027
1 1339
2 1541
