3100 7000
2 47
2 1188
1 1105
2 297
1 259
2 650
1 752
2 323
1 1243
2 138
2 868
2 1114
1 862
2 1040
2 1350
2 1164
2 1402
1 742
1 761
2 69
2 402
2 1547
1 502
1 633
1 1426
2 56
2 1132
1 658
2 360
2 459
2 450
1 395
2 1090
1 430
1 1192
2 455
2 1270
1 806
1 366
1 1486
1 1021
2 1409
1 922
2 198
2 469
1 773
1 1039
1 1382
1 1379
2 537
2 1177
1 1007
2 1080
2 572
1 445
1 595
2 675
1 1056
2 569
1 1008
2 138
2 263
1 431
1 327
1 113
1 633
2 403
2 134
2 645
2 1143
1 1393
1 976
1 1218
2 652
2 123
1 1246
1 235
1 717
2 1189
1 1185
2 1364
2 1326
1 701
2 1545
2 64
2 431
1 583
1 940
1 483
2 904
2 682
1 125
1 850
2 488
1 1146
2 1406
2 51
2 906
2 559
2 795
2 1176
2 109
1 919
2 19
1 928
1 1100
2 1513
2 73
2 835
2 920
1 1001
2 116
2 837
1 437
1 958
2 317
1 1304
1 1053
2 933
2 678
2 716
2 1
2 1519
2 612
2 792
1 499
1 746
1 1216
1 489
2 682
2 690
2 22
2 1401
1 176
1 543
2 260
1 146
2 483
2 131
2 556
2 515
2 234
1 1381
2 46
1 226
2 1034
1 609
1 771
2 1120
1 824
1 532
1 1074
2 828
2 436
2 817
1 464
2 580
1 105
1 553
2 1164
1 1494
1 373
2 1473
2 197
1 280
2 1355
2 810
2 490
2 439
2 1311
1 718
2 903
2 1459
1 208
1 852
1 400
1 503
2 248
1 1305
1 1358
1 978
1 581
1 1168
2 1098
1 697
1 106
2 716
2 207
1 410
1 991
2 1179
1 131
1 715
2 246
2 632
2 869
1 549
2 1054
1 861
2 1475
2 800
1 418
1 314
1 514
1 460
2 164
1 68
2 841
2 141
2 586
2 1319
1 1404
2 453
1 403
1 596
2 563
1 1154
1 945
2 294
2 654
1 8
1 662
1 963
1 1526
2 172
2 1343
1 449
1 1229
1 1161
2 1170
1 1105
2 1029
2 310
1 709
2 806
2 1477
2 1326
1 433
2 97
1 1452
2 261
2 1125
1 733
1 1492
1 769
1 200
2 1408
2 1241
1 1184
1 1072
2 1360
1 426
2 1101
2 1337
1 608
1 1247
2 987
2 1244
1 588
2 1167
1 60
1 496
1 150
1 848
1 1436
2 859
1 9
2 39
1 398
1 1103
1 908
1 699
2 738
1 1013
2 1208
2 1212
2 1483
2 778
1 88
1 1183
1 1522
2 328
2 1107
2 1075
2 1377
2 1237
2 475
2 182
2 1412
1 59
2 679
2 199
1 570
1 788
2 202
2 332
1 968
2 1219
2 1371
2 409
1 1178
2 1352
1 399
1 649
1 96
2 112
1 1394
2 1200
2 720
1 1433
2 886
1 1265
1 550
1 481
2 284
2 1405
2 838
1 415
1 323
1 1262
2 813
1 699
2 237
1 310
1 84
2 1427
2 290
2 546
2 779
1 1263
2 1004
1 1256
1 668
2 387
1 506
2 1042
1 862
1 1499
2 12
1 184
1 270
1 1376
1 28
2 1169
1 802
1 167
2 1296
2 1550
1 1497
1 646
1 1223
2 1019
2 1048
1 884
2 845
1 1530
2 994
2 1162
1 15
1 491
1 922
2 369
2 1092
2 600
2 272
1 1467
2 1400
1 1265
2 984
1 1228
1 660
1 1480
1 194
2 1160
2 1193
1 1348
2 1490
2 705
1 609
2 665
1 564
2 577
2 404
2 74
2 1134
2 1051
2 1027
1 595
2 1186
2 1429
1 97
2 441
2 246
2 1049
2 834
2 787
2 649
1 1127
2 1139
1 686
2 703
1 1443
1 1217
2 775
2 995
1 802
1 666
2 853
1 1087
1 605
1 270
1 1524
2 219
2 1323
2 1200
2 1121
2 1116
1 13
2 376
1 1519
2 1418
2 473
2 715
2 693
1 1067
1 422
2 1216
1 696
1 1541
1 190
1 1546
1 1482
1 1346
2 378
1 892
2 300
2 855
1 943
2 1235
1 478
2 1341
2 466
2 779
2 1165
1 363
1 587
1 894
1 782
1 672
1 422
2 414
2 990
1 600
2 1174
1 1257
1 558
1 434
2 1280
2 955
1 914
1 94
2 1017
2 1413
1 432
2 319
1 541
1 2
1 714
1 884
1 548
2 476
1 1081
2 1123
2 755
2 1283
2 664
2 1141
1 827
1 1152
1 1328
2 1466
1 1148
1 1190
1 104
2 588
1 856
2 45
2 948
1 1448
1 444
1 1266
1 1161
2 1431
2 1518
2 905
2 388
2 949
1 33
2 894
2 1362
2 352
2 771
1 830
2 1450
2 661
1 171
1 343
1 1275
1 777
2 571
2 648
2 889
2 612
1 1255
1 256
2 1095
1 996
1 3
1 306
1 550
2 1366
2 631
1 1198
2 438
2 803
1 147
2 375
1 1171
2 389
1 1434
2 1325
1 1370
2 440
2 1383
2 824
1 59
1 419
1 766
1 162
1 49
1 1119
1 1407
1 168
2 1020
2 882
2 1211
1 951
2 333
1 1166
1 1091
1 254
1 905
2 381
2 1406
2 1316
1 319
2 676
1 1276
1 872
2 978
1 554
1 133
1 1535
2 818
1 520
1 1135
2 193
2 1150
1 507
1 358
1 79
1 285
1 1226
2 462
2 179
2 1414
2 602
1 913
2 1282
2 1330
1 191
1 736
1 597
1 349
1 614
2 866
2 674
1 181
2 700
2 1468
2 938
2 1009
1 1446
2 819
1 1085
1 763
2 1253
1 1120
2 1173
2 1510
2 1030
2 1448
2 1064
2 1422
2 1375
2 1300
1 65
2 368
2 977
1 7
2 1226
2 1060
1 1054
1 1017
2 632
1 570
2 1312
1 8
1 1536
2 80
1 1158
1 217
1 890
2 591
1 772
2 206
1 1040
1 956
1 148
2 1312
2 856
2 1415
1 486
2 171
2 1453
2 953
1 562
2 1404
1 1347
1 589
1 538
1 1055
2 981
1 96
2 1469
1 234
1 1387
2 1480
2 726
2 406
2 757
1 1070
2 322
2 220
2 807
1 973
1 918
2 1249
1 1231
2 575
2 874
2 1236
2 1037
2 82
1 1444
2 292
1 74
2 453
1 576
2 1478
1 468
2 1322
2 1498
1 297
2 1028
2 1072
2 1126
2 813
1 1525
2 1272
2 497
1 471
1 1486
2 42
1 739
1 1289
2 505
1 681
1 838
1 1049
1 134
1 1203
2 1363
2 989
1 1230
2 1064
1 1055
2 924
1 627
1 258
1 817
2 236
2 1047
1 1428
2 1392
2 32
1 413
1 487
2 993
2 1021
1 1079
1 1255
1 87
2 169
1 16
2 655
2 1489
2 344
2 673
1 335
2 474
2 1175
1 1320
1 804
2 1186
1 1042
2 1257
1 341
1 1537
1 719
2 713
2 287
1 1474
2 443
1 80
2 1114
2 564
2 413
2 1078
1 573
1 1005
2 1422
1 957
1 730
2 91
2 1102
2 499
2 1460
1 189
1 1048
2 939
1 1493
2 1411
2 618
1 1484
2 139
2 611
2 1338
1 735
1 247
1 559
1 366
1 1298
2 653
2 537
2 872
2 959
2 1308
1 533
2 579
1 412
2 70
2 1344
1 407
1 263
2 1279
2 731
2 1147
2 277
1 752
1 678
1 334
1 479
2 1485
1 958
2 674
1 804
2 899
2 561
2 303
1 584
2 473
1 624
1 151
2 516
1 1391
2 744
2 406
1 1438
1 1345
1 506
2 1244
2 371
2 1147
1 1507
2 1342
2 1295
2 700
1 250
2 818
1 1458
1 467
1 842
1 266
1 737
1 796
1 1521
2 1507
2 1163
1 1140
1 305
2 866
2 1262
2 954
2 436
2 545
1 356
2 24
2 130
1 593
1 443
2 176
2 642
1 333
2 1140
1 1329
2 451
2 128
2 1527
2 943
1 709
1 15
1 41
2 746
2 776
2 565
1 1038
2 960
2 145
2 1284
2 83
1 330
1 689
1 901
2 1399
2 293
1 241
1 252
2 951
1 464
1 1002
1 1079
1 1345
2 1430
2 983
2 23
2 1085
1 1369
2 1076
2 1033
2 1365
1 1110
2 391
1 634
2 617
1 677
1 634
1 445
2 68
1 311
1 748
1 1367
2 1044
1 109
1 965
2 895
1 277
2 692
1 48
1 765
1 395
2 614
1 797
1 387
2 133
1 125
2 1267
2 1528
1 1441
2 92
1 1342
1 1479
1 849
2 980
2 867
1 1268
1 273
2 1506
2 563
2 1022
2 1015
1 6
2 565
1 658
2 607
2 1397
1 338
2 645
1 1397
2 461
1 1205
1 345
2 577
1 759
2 1343
2 1110
2 1012
2 669
1 662
2 103
1 1178
2 229
2 849
2 1052
1 313
1 1294
1 480
2 237
1 484
2 557
2 1517
1 948
2 110
2 149
1 218
2 694
1 651
2 1385
2 373
2 482
2 1078
1 193
2 575
1 1273
2 1288
1 957
1 1377
1 1537
1 1308
2 816
1 209
1 986
2 306
1 719
1 1238
1 230
1 504
1 568
2 1516
2 912
2 173
1 960
1 870
2 677
2 950
2 318
2 240
1 536
2 62
1 282
2 1098
2 853
1 810
2 22
2 622
2 1306
2 777
1 200
2 1052
2 1411
1 586
1 153
2 1281
2 789
1 1435
2 1451
1 112
1 1135
2 863
1 470
2 847
1 992
2 627
2 3
2 1008
2 831
1 1356
2 1204
2 156
1 78
1 758
2 1260
1 822
1 738
2 667
1 868
1 308
2 832
1 770
1 582
2 504
2 1113
2 712
1 1309
2 1236
2 1387
1 318
1 1382
1 407
2 1374
1 1154
1 657
2 1272
1 203
1 1474
1 257
2 887
2 1503
1 161
2 1511
2 982
2 1535
2 92
1 774
2 562
1 1281
1 799
1 980
1 841
1 1024
2 233
1 454
2 639
2 969
2 214
1 976
1 695
1 243
2 900
1 653
2 1037
1 1168
2 1131
2 547
2 211
2 1070
1 1118
1 27
1 535
2 1491
1 1324
2 332
2 901
2 953
1 675
1 442
2 1018
2 1099
1 498
2 1185
1 629
1 1223
2 517
1 1336
1 935
1 823
1 589
1 863
1 352
2 542
2 629
1 312
1 17
1 767
2 891
2 707
1 747
1 534
1 695
2 217
2 1327
1 621
1 1188
1 1222
2 212
2 1464
1 865
1 962
1 463
1 941
1 756
2 280
1 67
2 1456
1 1162
1 673
1 295
1 99
1 598
1 1032
2 416
1 411
1 221
2 476
1 1497
1 946
2 1157
1 711
1 41
2 912
2 698
1 910
2 924
2 315
1 1034
2 999
2 811
2 888
2 1533
1 393
2 86
1 860
1 805
1 1089
2 47
1 325
1 427
2 66
1 1210
2 25
1 997
2 1370
1 1450
1 341
1 85
1 73
2 1367
1 908
1 1014
2 367
1 104
1 928
2 1199
1 24
1 591
2 185
1 1302
1 228
2 558
1 364
2 1419
1 1353
1 973
1 529
1 1540
1 845
1 587
1 1238
2 848
1 1071
1 605
2 1259
2 724
1 1547
2 475
2 651
1 714
1 663
1 349
1 290
1 52
1 1261
2 1118
1 857
2 512
1 1510
1 947
1 250
1 384
2 1311
1 526
2 34
2 548
2 316
1 825
2 30
2 209
1 1081
2 1115
2 1435
2 281
1 121
1 940
2 275
2 789
2 774
2 227
2 897
2 828
1 1233
2 55
1 725
2 1303
2 790
2 1151
2 1337
2 730
2 69
1 206
2 1010
1 1136
2 88
2 702
1 734
1 566
2 541
1 1051
2 1015
1 1138
1 320
1 745
1 351
1 893
2 1062
2 891
2 1263
2 1423
1 465
1 1447
1 694
2 242
1 1083
1 505
1 942
2 212
1 46
1 379
2 750
1 363
1 607
1 278
2 1220
2 401
2 1089
2 797
2 359
1 707
2 232
1 846
2 210
1 1214
2 1521
2 1309
2 292
2 1189
2 923
2 902
1 348
2 1282
1 836
2 546
2 1515
2 452
1 251
2 87
2 744
2 1241
2 1026
2 1383
1 242
1 684
2 302
2 213
1 1286
1 1416
2 879
1 1230
1 264
2 830
1 1088
2 93
2 875
2 1350
2 1489
2 1227
2 249
2 81
2 117
2 833
2 527
2 981
2 52
2 20
2 89
2 1240
1 1149
2 669
1 519
2 447
2 985
1 82
1 524
2 717
1 920
1 1221
2 907
1 44
2 986
1 952
2 296
1 1296
1 998
2 833
1 1088
2 472
2 1339
1 7
2 1420
1 1495
2 1505
2 844
2 1176
1 1043
2 265
1 295
2 680
2 736
1 219
2 1193
2 1094
1 704
1 304
2 451
1 832
1 1317
2 21
2 521
2 684
2 457
2 1007
1 1511
1 703
2 778
2 698
2 1534
1 527
1 921
1 1494
2 42
1 1045
2 1104
2 419
1 574
2 1115
2 950
2 770
2 1389
1 679
1 154
1 1252
2 115
2 732
1 1440
2 750
2 397
1 690
1 137
2 95
2 1221
2 795
2 377
1 990
2 1056
1 1359
1 820
2 1260
1 1449
1 1142
1 1156
1 1426
2 883
2 1503
1 1323
1 187
1 619
1 1429
1 572
2 190
1 1211
2 238
2 65
1 944
1 919
1 1269
2 1249
2 1298
1 1264
1 807
2 1402
1 975
2 1526
1 1278
2 1360
1 1082
2 40
1 816
1 1505
2 37
1 485
2 279
1 111
1 427
1 163
1 1190
1 997
1 197
1 934
2 517
1 1167
1 137
2 1331
1 485
1 225
2 1538
1 526
1 204
2 596
1 1202
2 1415
1 854
1 1163
1 1209
1 1027
1 1058
2 545
1 1266
2 1462
2 972
1 423
2 1195
1 926
1 153
1 354
1 727
2 1240
2 821
1 142
2 239
1 101
1 487
2 509
1 136
1 626
1 594
1 941
2 530
1 409
1 1207
1 38
1 1501
1 877
1 949
2 1321
2 1361
1 530
2 1492
2 76
2 942
1 1531
2 1075
2 1403
2 1137
1 1254
1 294
2 557
1 317
2 883
1 1453
1 721
2 388
2 1508
2 1357
2 1549
2 857
1 216
1 876
2 809
1 1279
1 449
1 1361
2 177
1 1201
1 1205
1 391
1 1349
1 385
2 999
1 871
1 915
1 1536
2 1119
1 1504
1 831
1 355
1 814
2 1488
1 118
1 213
1 1036
2 536
1 968
1 988
1 620
1 324
1 878
2 456
2 1251
1 60
1 756
1 188
1 610
1 606
1 345
1 1443
2 1434
1 1173
1 590
1 1003
1 1401
2 53
2 1423
2 336
1 478
1 481
1 631
2 1424
1 1124
2 1496
1 324
1 340
1 1527
2 1274
2 1181
2 362
2 1294
2 1016
2 1009
1 644
2 205
2 174
1 528
1 196
1 642
2 471
1 540
1 1413
2 755
1 135
1 1291
1 390
2 298
1 1436
1 425
1 111
2 400
2 70
1 1414
2 987
2 267
2 685
1 1373
2 671
2 1499
1 434
2 420
2 610
1 117
1 470
1 500
1 235
1 353
2 421
1 749
1 1437
2 1283
2 544
1 132
2 122
2 792
2 1069
2 328
2 1290
2 1539
1 791
1 10
1 947
2 737
1 975
1 971
1 938
1 874
1 689
1 1467
1 769
2 1534
1 370
1 1096
2 1477
1 743
2 932
2 839
1 139
1 1117
1 1073
2 515
2 45
2 1315
1 1473
2 1045
2 1125
1 710
2 179
2 1096
2 616
1 622
2 560
2 521
2 472
2 1006
2 379
1 258
1 18
1 1246
2 1113
2 1292
2 251
1 446
2 1471
2 269
1 180
2 834
1 1393
2 224
1 266
2 156
1 158
1 1011
1 256
2 394
2 637
1 365
2 17
2 75
2 244
1 54
2 1215
1 967
1 129
2 688
1 793
1 508
1 1538
2 1023
1 43
2 1514
1 733
1 307
1 1432
1 1057
2 1005
1 1395
1 608
1 1491
1 1144
2 141
2 1242
1 877
1 969
2 794
2 1409
2 299
1 643
1 754
1 508
1 27
1 1087
2 1132
2 1451
1 1134
2 211
2 870
2 835
1 585
2 628
1 98
2 62
2 496
1 936
1 815
2 979
2 1270
2 899
1 1063
1 439
2 1128
2 959
2 1488
2 1395
2 842
1 1000
1 1228
1 1376
2 840
1 528
1 1333
2 1471
2 1030
2 77
1 129
2 1210
1 885
1 1420
1 873
1 1539
1 1458
1 808
2 1327
2 48
1 287
2 785
2 1487
1 231
1 220
1 484
2 1466
1 26
1 331
1 393
2 1239
2 583
2 465
1 625
2 253
2 458
2 459
2 329
1 278
1 722
2 601
2 1204
1 12
1 829
2 288
2 1271
1 542
1 337
2 1529
2 1086
2 1153
1 222
2 284
2 100
1 293
1 1549
2 787
1 551
2 155
2 781
2 1320
2 501
1 671
1 1447
1 1318
2 269
2 1316
2 396
1 1313
1 259
1 592
2 76
2 768
2 1461
1 713
1 495
2 647
2 640
1 1449
2 56
1 655
1 161
2 202
2 556
2 429
1 205
2 1209
2 1524
2 1187
1 72
2 1214
2 221
1 798
2 1016
2 791
1 1044
1 613
2 346
1 150
1 502
2 31
2 1424
1 1390
2 808
2 1502
1 1476
2 728
1 1465
1 29
2 1375
2 896
1 964
1 516
2 448
1 843
2 35
1 185
2 1065
2 1293
2 58
2 897
1 1109
2 1196
1 1033
1 172
2 327
1 372
2 547
2 1303
2 1050
1 1372
2 1369
1 1155
1 1288
1 686
1 1259
1 1419
1 1349
2 1412
1 31
1 405
2 641
2 1032
2 859
2 1001
1 1057
2 972
1 1130
1 120
2 1026
2 477
2 523
2 1208
1 967
1 1533
1 523
1 798
1 549
1 386
1 846
1 1445
2 124
2 1353
1 353
1 1340
2 338
1 374
1 815
2 1421
2 907
2 903
2 145
2 1481
2 1289
2 630
2 189
1 898
1 313
1 418
1 712
2 794
1 929
2 183
2 881
1 1068
1 1368
2 1332
1 233
2 146
2 1384
1 314
2 85
2 72
2 225
2 1150
2 510
2 110
2 1187
2 383
1 936
1 875
2 887
2 597
1 152
2 685
2 192
1 1357
2 147
1 1359
2 593
2 961
2 1151
1 916
2 1093
2 500
1 1242
2 1455
2 732
2 910
1 255
1 934
1 166
1 826
1 1307
1 729
2 479
1 312
1 799
2 1004
1 1455
1 272
2 603
1 182
1 1310
1 1504
1 1454
2 1139
2 1058
2 283
1 170
2 1512
2 923
1 900
2 143
1 568
1 1095
1 26
1 979
2 410
2 1371
2 1024
2 127
2 408
1 79
2 539
2 151
1 1224
2 726
2 1234
2 886
2 392
1 1170
2 1287
2 1237
1 101
2 1469
2 1199
2 165
2 1130
2 998
1 1378
1 390
1 604
2 384
1 898
2 440
1 116
2 38
2 956
2 611
1 426
2 1086
2 57
2 346
1 305
2 1495
2 1321
2 482
2 421
1 1123
1 1101
2 687
2 381
2 375
1 1335
2 524
1 1248
1 1373
1 1374
1 1532
2 279
1 1159
2 1437
1 529
1 635
2 1280
2 260
1 1301
1 77
2 911
1 1041
2 1191
1 974
1 820
2 1509
2 495
1 1235
1 218
2 638
1 1010
2 946
2 937
2 244
1 1264
2 71
2 925
1 348
1 766
1 1520
2 582
1 165
2 1043
2 1077
1 1354
1 1122
2 106
2 330
1 300
2 1103
1 554
2 245
2 1461
2 1493
2 701
1 585
1 61
1 44
1 803
1 1509
1 1398
2 262
2 210
1 238
1 520
2 740
1 311
2 119
2 721
1 827
2 441
1 636
2 985
1 1314
2 1128
2 512
1 1180
2 1354
1 136
1 1159
2 223
2 812
1 1129
2 130
1 1314
1 1276
1 446
1 367
1 1529
2 1169
2 173
1 1019
2 1142
1 664
2 944
2 399
2 860
1 1439
2 1297
2 1136
2 762
2 1475
1 493
1 1217
1 160
2 435
2 63
2 288
1 320
1 644
1 1160
2 735
1 1219
1 1225
1 1380
2 140
1 619
2 970
2 1372
2 1362
2 1338
2 1250
1 513
2 555
1 187
1 1146
1 425
2 1464
1 1099
2 14
2 1133
2 1515
1 1227
1 1470
2 1417
1 114
1 793
1 11
2 491
2 374
1 762
1 665
1 303
1 1513
2 623
2 966
2 1459
2 401
1 321
2 119
2 881
2 1292
2 160
1 1196
2 811
1 307
2 509
2 1035
2 725
2 356
2 1285
1 1299
1 916
1 522
1 1388
1 930
2 601
2 1318
1 594
1 783
2 584
1 1144
1 1460
2 1025
2 378
1 243
2 1155
2 1165
2 1444
1 571
1 344
2 825
1 155
2 1428
2 788
2 1061
2 850
1 983
1 1222
2 291
2 826
1 659
2 67
2 760
1 389
1 963
2 57
2 1091
1 386
1 1532
1 55
1 1258
1 672
2 1166
1 1352
1 118
1 507
1 1368
2 40
2 1251
2 461
1 1442
2 954
2 785
1 203
1 1457
1 1023
2 812
2 1172
2 276
1 334
2 510
1 1285
2 540
2 339
2 1074
1 34
1 361
2 335
2 670
2 28
2 743
2 1039
2 274
2 1207
1 2
2 1403
1 397
1 1290
1 757
1 1102
2 1066
2 858
1 1425
2 904
1 360
2 342
1 412
2 996
1 688
1 166
2 265
2 207
2 1545
1 895
2 415
1 325
1 408
1 551
1 414
2 1020
1 935
1 405
2 553
2 704
2 1107
1 784
2 1077
1 257
2 641
2 1278
1 839
1 1446
2 273
2 1183
1 1258
1 224
1 105
1 240
1 544
2 1248
1 1364
2 1234
1 566
1 1247
1 152
1 6
1 215
2 107
1 428
2 1157
2 488
1 283
2 624
2 992
2 455
1 1254
1 1141
2 555
1 1256
1 163
2 1522
1 635
1 1358
1 1502
2 1097
2 576
2 350
1 442
2 775
1 1084
2 142
2 1106
1 271
1 1481
1 493
2 1201
1 1483
2 39
1 5
2 927
1 286
1 1121
2 1111
2 764
2 1347
1 154
1 1194
1 411
2 4
1 289
2 1229
2 248
1 428
1 581
1 252
1 1336
1 864
1 758
1 964
2 1268
1 304
2 809
2 623
2 864
1 1108
1 1324
2 753
2 966
1 489
2 362
1 683
2 535
2 371
1 103
1 1457
1 613
2 1441
1 917
1 1100
1 1109
1 783
2 534
1 1440
1 955
1 869
2 175
1 416
2 514
2 680
1 1396
2 343
2 708
2 448
1 952
2 1366
1 773
1 5
2 1213
2 1145
2 452
1 932
1 274
2 1133
1 98
2 1299
1 457
2 149
1 937
1 216
2 1197
2 1544
2 1528
1 511
1 285
2 417
1 982
1 921
2 1253
1 754
1 667
1 1442
2 984
1 245
2 780
1 625
2 1329
2 1331
2 492
1 977
1 339
2 616
1 1046
2 115
2 329
2 745
2 1212
1 13
1 350
1 1304
1 805
2 1530
2 174
1 255
2 578
1 1243
1 184
1 592
1 1399
1 538
1 84
1 1385
1 402
2 1389
1 86
1 1129
2 23
1 195
1 102
2 1472
1 939
1 1391
2 836
2 1520
1 741
2 1310
2 90
1 424
1 486
2 1092
2 742
1 249
1 1390
1 359
1 164
1 32
2 666
1 94
1 1041
2 340
1 1498
2 1071
2 1490
2 691
2 1006
2 626
1 840
1 569
1 132
2 1340
1 140
1 37
1 1156
2 1014
2 214
2 602
2 1418
1 851
2 1386
1 1011
1 1138
2 262
1 531
2 560
2 759
1 169
2 1174
2 1351
1 513
1 1295
1 178
1 539
2 215
1 852
1 229
2 33
2 858
1 191
1 847
2 1117
2 1182
2 186
2 786
1 462
2 599
2 606
2 1302
1 926
2 1013
2 268
2 1544
1 518
2 782
1 347
2 628
1 14
2 1093
2 1224
2 254
1 1269
2 466
2 1225
2 1177
2 851
2 230
1 909
1 1050
1 1313
2 988
1 1297
1 691
1 751
2 424
2 1149
1 1548
1 54
1 188
2 880
1 1191
1 1525
2 552
2 81
1 873
2 64
1 1038
2 1398
1 885
2 1355
2 370
2 1067
1 1319
2 718
1 906
2 21
1 1131
2 1365
2 144
2 309
1 1516
2 1025
2 518
1 177
2 1463
1 720
2 1396
2 1275
1 1220
1 195
1 696
1 930
1 1182
1 93
2 321
1 107
1 760
2 180
1 1031
1 710
2 1083
2 580
1 1405
1 394
2 837
1 525
2 888
2 1203
2 357
1 531
2 124
1 1542
2 1291
1 382
2 1456
2 1472
1 322
1 282
2 1328
1 336
1 786
2 656
1 1300
1 796
2 615
1 432
1 1245
1 1501
1 99
1 1325
2 497
1 18
2 1392
1 1518
1 1066
1 965
2 913
1 1465
2 302
1 120
2 603
1 444
2 376
2 620
2 1470
2 878
2 10
2 108
2 781
1 801
2 578
2 1425
1 962
1 1271
1 1053
2 1116
1 522
1 286
1 1407
2 178
2 876
2 372
1 1003
2 326
1 749
2 20
1 355
1 1506
2 657
1 63
1 361
2 1239
2 995
2 751
2 1137
1 61
2 494
2 1293
1 1482
2 1062
2 740
2 748
2 1245
1 567
2 460
2 316
1 1452
2 765
1 1421
1 468
1 843
2 1346
2 226
1 646
2 723
2 268
2 450
1 1179
1 705
2 135
2 854
2 126
2 1084
1 697
2 123
2 354
1 276
2 1523
2 501
2 892
1 1029
2 991
1 1512
1 711
1 91
1 1344
2 1046
1 357
2 299
1 1317
1 1112
2 159
1 1334
1 882
2 342
1 1028
1 1068
2 728
2 239
2 1454
1 404
2 380
1 1145
2 398
2 604
2 1332
1 1548
1 1035
2 100
2 420
2 1080
2 1445
1 1408
1 1000
2 498
1 1175
2 337
1 1018
1 1181
1 772
1 1192
2 127
2 75
2 477
1 1122
2 247
2 1277
2 687
2 1484
1 1286
2 829
1 281
2 1184
2 729
1 369
2 271
2 660
2 253
2 917
1 223
1 1206
2 121
1 1206
2 267
2 741
2 16
2 598
1 231
2 1202
1 1542
1 365
2 144
2 364
2 458
1 1416
1 1306
1 1439
1 931
1 157
1 1094
2 1431
2 383
1 1022
1 43
2 1386
2 162
2 654
2 1380
2 533
2 1215
2 447
2 647
2 855
2 1106
1 1333
1 1012
1 1410
2 480
2 989
1 35
2 670
2 201
1 511
2 347
2 1330
1 1252
2 1517
2 198
1 573
2 1059
1 1126
2 861
1 552
1 1462
2 503
1 1112
2 993
2 143
1 192
1 148
1 1232
2 1476
2 29
1 636
2 1335
2 1550
1 683
2 896
2 1267
1 298
2 790
2 561
2 9
1 1485
1 1438
1 994
1 1284
2 78
2 865
1 970
1 615
1 1541
1 1500
1 1060
2 722
2 1417
2 659
2 429
2 1197
2 929
2 308
1 902
1 456
1 380
1 301
1 228
1 801
1 1274
1 974
2 617
2 186
1 1468
2 590
1 368
1 1400
1 1384
1 71
2 618
1 656
1 261
2 89
2 638
1 1363
1 914
2 879
1 1233
1 927
1 181
2 438
1 663
1 915
1 1500
2 1410
2 822
1 1348
2 1487
1 1356
2 183
2 392
2 706
2 1152
2 1307
2 126
2 1
2 574
2 113
1 1036
2 1158
1 1069
2 25
2 1082
1 621
1 814
1 236
1 264
2 11
2 331
1 880
1 19
1 196
1 30
1 437
2 51
1 761
2 739
2 1378
1 784
1 1195
2 1463
2 800
1 36
2 1322
2 1261
2 661
1 767
1 933
1 1031
1 454
2 823
1 417
1 1334
1 291
1 358
1 232
2 1108
1 648
2 1543
2 168
2 1171
2 50
2 1277
1 167
1 1232
1 747
1 158
1 650
1 639
2 1433
1 494
2 911
1 1379
1 708
2 114
1 643
1 159
2 128
2 194
1 640
1 1305
1 1523
2 315
2 867
2 175
1 490
1 1180
2 1351
2 1478
2 1496
1 309
1 909
2 961
1 1543
2 95
1 289
2 724
1 727
2 925
1 58
1 1427
1 1063
1 1111
1 227
2 1381
2 1198
1 706
2 435
1 519
1 1104
1 780
1 36
1 630
2 637
1 208
1 1076
2 1153
1 351
1 1250
2 201
1 157
2 871
2 1479
1 326
2 433
1 377
1 296
2 1127
1 90
1 1061
2 889
2 668
1 122
1 1301
2 532
2 652
2 1432
1 1315
1 579
1 734
2 467
2 1514
2 474
1 241
1 844
2 50
1 692
2 382
2 776
1 199
1 681
2 1065
1 108
2 764
2 1394
2 931
2 768
1 1148
1 893
1 102
2 1540
1 1546
2 702
1 469
2 49
1 275
1 492
1 204
1 53
1 676
2 1059
2 1194
2 1073
1 222
2 945
2 1143
1 723
2 918
2 301
2 463
1 385
1 1388
2 4
1 971
1 1339
1 1218
1 170
1 1090
1 1508
1 753
1 430
2 1124
1 1097
2 599
2 819
1 821
2 567
2 1273
2 66
1 1341
1 423
2 763
1 525
2 1531
2 83
2 890
2 693
1 1172
2 1213
2 731
2 1430
2 1047
1 543
2 1287
1 1231
1 396
2 1002
