3600 6500
2 1072
2 1225
2 765
2 1363
2 799
1 1773
2 197
2 277
1 1075
1 1271
1 1065
2 1296
2 1631
2 904
2 1212
1 834
2 485
1 859
1 1021
2 225
1 1467
2 664
1 1588
1 713
2 1324
2 1062
2 904
1 1522
1 863
2 50
1 357
2 1642
1 99
1 577
2 690
1 656
2 1698
2 436
2 1021
1 381
1 463
1 1456
1 1486
2 1612
2 210
2 1317
2 1114
1 1081
1 1593
1 1431
2 1776
2 1332
2 1289
2 264
1 1048
1 66
2 1555
2 144
2 1283
1 1541
2 815
2 43
2 930
2 193
2 1379
1 511
1 1772
2 1729
2 1630
1 194
2 1778
1 1085
2 565
2 1672
1 1200
2 1362
1 287
2 1681
2 759
2 1044
1 878
2 174
2 257
2 1031
2 1632
1 1190
2 1409
1 1491
1 426
2 1169
1 507
1 637
1 1002
1 1751
1 536
1 1585
2 925
2 444
1 755
2 506
1 737
2 1762
1 1094
2 905
2 1507
1 489
2 1282
2 887
1 186
1 629
2 1004
2 572
1 589
2 558
1 1683
1 1678
1 913
1 802
2 1683
2 920
2 790
1 716
2 1535
1 812
1 674
2 756
2 8
2 1689
2 885
2 492
2 74
1 981
2 914
2 170
1 416
2 806
1 616
2 363
2 1166
2 5
1 373
2 125
1 666
1 216
2 352
2 1284
1 1217
1 619
1 835
1 1746
2 318
1 958
2 323
2 776
2 1286
1 1692
1 952
2 1773
2 61
1 1524
2 1153
2 1084
2 229
2 471
2 807
1 364
2 1348
1 455
2 1342
2 1171
1 1427
1 531
1 1706
1 288
2 1149
2 1396
2 845
1 789
2 318
2 843
2 679
1 1427
1 881
2 1239
2 661
2 1766
2 325
2 912
2 543
1 212
1 883
2 1437
1 940
2 1067
2 1537
2 633
1 71
1 1756
2 832
2 96
1 88
2 15
2 1285
1 1177
1 476
2 457
2 743
1 1731
2 7
2 623
2 1595
2 1611
1 77
2 1341
2 178
2 1351
2 838
2 564
1 1070
2 1478
1 1097
1 1106
2 609
1 843
2 952
1 1695
2 983
1 1717
1 923
1 183
1 262
2 174
1 173
1 118
1 608
2 231
1 1569
2 1216
2 22
1 428
2 1647
2 613
2 1794
2 933
1 977
1 1661
1 220
2 1111
1 1248
2 635
2 1562
1 77
1 1359
1 742
2 454
1 203
1 617
1 1243
2 148
2 847
2 1692
2 1546
1 191
2 625
1 168
1 114
2 157
1 88
1 136
2 159
2 1114
2 1142
2 1369
2 1736
2 1500
2 831
1 1458
2 1119
1 1410
1 1785
1 1360
2 1320
1 1611
1 281
2 1531
2 183
2 1624
1 1193
2 1524
1 1638
2 1779
1 1116
1 931
2 915
1 1723
1 286
2 1231
2 1727
1 1618
2 1234
2 324
2 1219
1 1288
2 1466
1 1194
2 1742
2 666
2 1638
1 1350
1 868
2 31
2 402
1 1476
2 1209
1 1452
1 30
1 839
2 328
2 377
1 1063
2 747
2 408
2 149
2 1490
1 691
2 1399
2 1005
2 8
2 536
1 1483
1 128
1 662
2 1024
1 1079
2 199
2 1112
1 1419
1 1640
2 238
2 1111
1 1430
1 638
2 868
1 1518
1 97
2 1688
2 635
2 1010
2 1546
1 176
2 520
2 576
1 1790
2 548
2 1682
1 187
1 450
2 730
1 1800
2 778
2 56
2 60
2 1186
1 651
2 1557
1 474
2 1218
2 431
2 357
1 615
1 1670
2 1492
1 1637
1 1254
2 1774
2 493
1 631
2 1719
1 293
1 561
1 570
1 1571
1 234
2 241
2 1736
2 1086
2 248
1 1497
1 217
1 334
2 73
1 278
1 696
1 616
2 915
1 1378
2 1292
1 1609
2 484
1 1644
1 268
2 517
2 1617
1 1705
1 703
2 470
1 1141
2 556
2 1276
1 711
1 326
2 1560
1 1320
1 234
1 1258
1 107
1 1235
1 290
2 1474
2 848
1 361
1 1567
1 413
1 658
2 683
1 1343
1 1178
2 1408
2 1091
1 1385
1 1730
1 310
2 1150
2 1203
1 668
1 793
1 1758
1 974
2 1404
1 535
2 972
2 322
2 18
2 818
2 1590
2 1456
1 1511
2 1267
1 876
1 1413
2 1587
2 1301
1 1547
1 162
1 1747
2 1707
2 273
1 1433
2 171
1 1599
2 1012
2 370
2 600
1 1388
1 1414
1 687
1 353
2 865
2 185
1 1394
2 260
1 811
1 975
2 1218
1 842
2 256
2 1001
1 554
2 907
2 492
2 664
2 250
1 924
1 10
2 1650
2 1389
1 1570
1 1757
2 1430
2 760
1 1206
1 273
1 1578
2 644
1 303
2 871
2 1567
1 953
2 1400
1 905
1 1171
2 218
2 841
2 118
2 1485
1 723
2 214
1 1156
1 1649
2 1605
2 440
1 347
2 478
1 395
1 1085
1 1511
2 768
2 1512
1 1164
2 156
1 1443
1 1371
1 1396
1 1471
2 860
2 969
2 540
1 1745
2 152
2 1411
2 1347
2 1628
2 437
1 306
2 1482
2 839
1 660
1 1568
2 1071
2 1784
2 1328
1 1243
2 897
2 1139
2 1275
2 643
1 182
2 1425
2 1459
2 414
2 42
1 938
1 1336
1 1278
1 798
1 1547
1 275
1 356
2 169
1 563
1 751
1 398
1 749
1 935
1 367
2 410
2 612
2 1223
2 425
1 261
1 1048
2 1604
1 999
2 1503
2 1052
2 63
2 722
2 28
2 572
1 16
2 857
2 315
1 1592
1 54
2 1203
2 110
1 1595
1 1088
2 1020
1 836
1 466
2 1440
2 84
1 998
1 449
2 652
1 371
1 829
2 1565
2 611
1 208
2 1074
1 1651
1 87
2 689
1 153
2 1477
1 308
2 1393
2 216
1 1721
1 142
2 222
2 579
1 335
2 468
2 391
1 816
2 39
1 1764
1 816
2 639
2 1367
1 898
1 561
1 510
2 1771
2 1059
1 1503
1 1488
2 214
2 1061
2 1215
1 135
1 1382
2 1482
2 570
1 1461
1 733
2 265
2 1398
2 1192
1 1301
2 209
2 824
2 985
1 518
1 997
2 114
2 1022
1 630
1 1759
2 1675
1 311
2 894
2 1300
2 308
1 1622
2 1574
2 546
2 379
2 1082
2 1454
2 581
1 1489
2 785
2 1022
2 1374
2 1037
1 1297
2 409
1 1481
1 280
1 551
2 1591
1 1227
2 12
2 53
1 1694
2 1657
2 1479
2 385
1 359
1 538
1 758
1 205
1 1314
1 620
1 1793
2 1780
2 1498
2 1418
1 1721
1 285
1 232
2 1466
1 583
2 670
1 182
1 461
2 1365
1 383
2 1536
2 1603
1 349
2 1075
1 294
1 1523
2 298
1 105
1 1275
1 462
1 1105
2 1709
2 555
1 1417
2 190
2 89
2 974
1 874
1 1143
1 556
1 726
1 686
1 610
2 1446
1 1137
1 732
1 1529
1 712
2 1069
2 1712
1 1098
2 220
2 886
1 34
1 1121
1 401
2 1599
2 869
1 1076
1 275
1 1776
1 242
1 1729
2 639
1 369
1 281
1 1380
2 179
1 254
2 1701
1 682
1 463
2 1366
1 1015
1 944
2 299
1 13
2 517
1 221
2 367
1 1516
2 239
1 244
1 897
1 398
1 217
1 1338
2 1199
1 32
2 545
1 1266
1 507
1 1025
1 1118
1 1189
2 1183
1 840
2 33
2 1424
1 1680
1 427
2 1248
2 1444
1 1707
2 113
2 1135
2 468
1 451
2 134
2 236
2 1487
1 946
1 1324
2 961
1 973
1 1423
2 633
1 1315
1 595
2 32
1 155
2 791
1 1478
2 560
1 1145
2 1260
1 727
1 1722
1 500
2 484
2 624
1 225
2 1341
2 1764
2 1191
1 434
1 1584
1 1481
1 1187
2 1390
1 1249
1 1533
1 47
2 541
1 1639
2 1055
2 549
2 410
2 219
1 242
1 1209
2 513
2 1615
2 127
1 681
2 1307
2 701
1 11
2 767
1 21
1 324
1 739
2 693
2 1058
1 1193
2 396
1 681
1 569
2 1070
1 1302
2 927
1 291
1 1043
2 150
1 990
1 192
2 1402
2 1646
1 1268
2 1453
2 1608
1 1722
2 1670
1 1787
1 186
2 771
2 574
2 133
1 968
2 1561
1 621
1 1740
1 1582
1 94
1 902
2 1322
1 1691
2 1617
1 1365
1 297
1 1288
1 1436
1 1663
2 495
1 1326
1 262
1 1370
2 1621
2 1264
1 314
1 26
1 134
1 1697
1 366
1 1366
1 804
2 1548
1 533
1 124
2 1202
2 910
1 189
1 135
1 853
1 1317
1 1004
2 1194
1 1108
2 684
1 1581
2 249
2 126
2 1407
2 734
1 729
1 566
2 626
2 1249
2 522
2 959
1 1030
2 837
1 1040
2 131
1 955
2 1368
2 1510
2 971
2 1093
1 1370
1 594
1 1410
1 264
1 1788
2 1125
1 1607
2 704
1 532
2 1003
2 893
2 828
2 1403
2 1221
2 446
1 450
1 263
1 230
1 1697
2 866
1 607
1 849
2 1121
2 1064
1 1273
2 1425
2 1623
2 207
2 966
2 659
2 1342
1 55
1 64
1 641
1 1009
1 1601
1 1420
2 966
2 260
1 544
1 1357
2 1018
2 1170
2 1583
2 1083
2 1597
2 614
2 1238
2 1521
2 1517
1 1779
1 378
2 759
1 863
2 66
1 316
2 521
2 1170
2 945
2 935
2 1484
2 1799
1 1608
2 31
1 634
1 550
2 577
1 1708
2 1581
2 1084
2 957
2 354
2 1650
1 86
2 1186
1 806
1 1333
2 1228
1 873
2 1057
2 479
2 1141
2 1127
1 1573
2 789
1 1302
2 702
1 909
2 772
2 1298
1 24
2 1339
2 292
2 1311
2 748
1 1277
2 853
1 404
1 50
2 95
1 1526
1 1551
1 895
2 72
1 1182
1 895
2 1477
2 797
2 1719
2 1115
1 344
1 615
1 144
1 910
2 929
1 68
2 815
1 1653
2 284
2 1039
1 1760
2 415
1 453
1 1056
2 1445
1 571
1 1462
2 1737
2 702
2 1468
1 1671
2 634
2 202
1 1080
1 555
2 1735
1 1431
2 237
2 1589
2 138
1 1780
2 892
2 698
2 1128
2 59
1 697
1 1741
1 776
1 668
1 388
2 1549
2 400
2 375
2 1326
1 821
1 943
1 757
2 336
2 1044
1 1439
1 75
2 1104
1 205
1 1205
2 1600
1 1132
1 1619
1 271
2 996
2 1201
2 1089
2 738
1 286
1 587
1 644
1 1011
2 739
1 774
2 165
2 76
2 604
2 1382
2 552
2 648
2 1160
1 1197
2 61
2 792
2 1190
2 419
1 1667
1 1408
1 490
2 1031
1 1250
2 448
2 1040
1 1160
2 488
1 1168
2 57
1 1364
1 1103
1 1626
2 1768
2 833
1 442
2 1582
2 663
1 723
2 812
2 1110
1 132
1 1654
1 851
2 864
2 582
2 651
1 83
2 1528
1 602
2 429
2 718
1 1313
1 9
1 1178
1 426
1 1663
2 328
1 1418
2 475
2 1420
1 46
1 1758
2 701
1 764
2 1507
2 297
2 1619
2 1469
1 647
1 1448
1 1499
2 401
2 1712
2 27
2 984
1 1006
2 706
2 177
1 495
1 348
1 534
1 1664
2 1159
1 1536
2 490
2 1766
2 167
2 1515
2 1397
2 1240
1 1336
2 1658
2 1101
2 423
2 669
1 999
1 758
2 137
2 1711
1 1639
1 1612
2 1514
2 1765
2 245
2 36
2 568
1 1010
2 1679
2 375
1 311
1 870
1 90
1 1359
1 1765
1 239
2 376
2 547
1 256
2 575
1 310
2 330
2 552
1 312
1 750
2 211
1 396
1 486
1 578
1 346
1 1220
1 402
1 1055
2 826
1 1506
2 292
1 1480
2 1175
2 872
2 1672
1 1483
2 525
1 226
1 1122
2 773
1 1329
1 514
1 104
2 1627
2 842
2 955
2 802
1 780
2 1233
1 1019
2 663
1 478
1 1323
2 1740
1 477
1 1450
1 173
1 1033
1 784
1 1093
2 851
1 1344
1 1002
1 3
1 1518
1 805
1 46
1 1716
2 156
2 1532
2 1726
2 1793
2 528
1 305
1 458
1 896
1 677
2 708
1 1508
1 87
2 1398
1 629
1 1381
1 523
2 1211
2 1287
1 1148
1 171
1 313
2 735
1 647
1 1750
2 1438
1 1376
2 342
2 456
2 381
1 1714
1 441
2 1334
2 1702
1 1749
1 745
1 840
1 1690
1 1204
1 91
1 1668
1 1107
2 460
1 687
2 422
2 1666
1 1197
2 326
2 335
2 30
2 466
2 971
1 240
1 838
1 725
2 418
2 1104
2 1283
1 1007
2 394
1 1615
2 1451
2 1588
1 104
1 1741
1 783
2 195
2 1335
1 222
2 1213
1 19
1 215
1 1303
2 301
1 373
1 500
1 403
2 1313
1 1007
1 146
2 1470
1 1499
1 482
1 630
2 1028
1 1337
2 565
2 425
2 540
1 49
1 149
2 233
1 1417
1 1711
2 120
2 17
2 389
1 1042
2 399
2 756
2 1413
1 391
1 321
2 677
2 1794
1 550
2 105
1 893
1 1274
2 896
2 1772
2 278
1 209
1 1610
2 1479
2 586
2 52
2 354
1 809
2 582
2 115
2 591
1 1304
1 1299
2 188
1 898
1 1122
1 1686
2 1023
1 47
2 1667
1 372
2 960
1 796
1 411
1 963
2 1694
2 291
1 224
2 1346
2 1625
1 123
1 339
2 1375
2 513
1 1344
1 1029
2 1771
2 1782
2 1627
2 1100
2 269
2 862
1 459
1 777
1 646
2 1440
1 1278
2 481
1 483
2 163
1 1192
1 200
1 1525
2 1502
2 53
2 341
2 567
1 648
2 509
2 1284
1 1051
1 395
2 1602
1 1664
1 223
1 486
1 1276
1 1790
1 1787
2 1386
1 285
2 101
2 360
1 376
2 282
2 350
1 724
2 41
2 976
1 270
2 112
1 994
2 787
1 751
1 978
1 1607
2 618
2 505
1 1755
2 740
2 753
1 1573
1 1109
2 1696
1 1062
2 282
1 362
2 1316
2 1454
1 1204
2 808
1 1264
2 1351
2 598
1 1752
1 413
1 1216
2 1195
1 1681
1 940
2 1362
1 790
1 937
2 631
1 788
2 1677
1 261
2 711
2 245
2 1684
1 719
2 1632
2 627
2 948
2 89
1 1415
1 1172
2 779
2 530
1 738
2 950
1 737
1 71
1 45
2 1039
2 4
1 1305
1 1163
2 995
1 154
2 1743
1 1542
1 1791
2 1105
1 336
2 69
2 717
2 49
2 521
2 736
2 786
1 987
1 1159
1 1358
2 195
1 529
2 1437
2 80
1 1501
1 699
1 825
2 430
2 1371
2 235
1 91
1 65
1 979
2 931
1 1685
1 1117
1 741
1 650
2 1527
1 708
1 204
1 1118
1 907
1 84
2 1270
1 271
1 296
2 1372
2 1009
1 532
1 458
1 83
2 1448
1 1034
1 1237
2 147
1 1036
2 992
1 1576
2 1289
2 132
1 620
2 1318
1 989
2 1724
1 1401
2 43
1 475
2 1725
1 537
2 927
2 1710
1 1502
1 537
1 103
1 365
1 720
2 1098
2 38
2 1042
2 787
2 1623
1 887
2 1087
1 1017
2 1800
1 1457
1 1700
1 362
2 79
1 762
2 1247
1 1724
1 657
2 185
2 1271
1 775
2 505
2 1222
2 268
2 1432
2 1575
2 1136
1 405
1 1208
2 1045
1 16
2 1127
2 509
1 1380
2 861
1 1147
2 387
1 301
1 794
2 710
1 1754
2 193
1 502
2 1058
2 1689
1 86
1 1522
2 1051
1 351
1 712
2 919
2 497
2 1125
2 1133
2 1661
2 948
1 355
1 341
1 332
1 703
1 718
2 246
1 1050
1 213
1 1553
2 772
2 1182
1 1339
1 81
1 432
1 964
2 743
2 1229
2 40
1 606
1 1796
1 1781
2 636
2 363
2 1094
1 1131
2 365
2 434
1 1073
2 1509
2 690
2 879
2 1538
1 409
2 1130
1 315
1 110
2 1552
2 957
1 603
1 1354
2 296
2 1166
2 791
1 130
1 143
1 748
1 1120
2 198
1 1261
1 330
1 699
1 1784
2 735
1 1115
2 1488
2 1222
2 25
1 636
2 1355
1 858
1 890
1 404
1 251
1 1462
1 1384
1 258
2 564
2 667
2 982
1 1000
1 698
2 656
2 1000
1 393
2 241
2 1356
1 801
2 460
1 900
2 1183
1 1254
2 1703
2 418
2 1620
2 1778
1 884
1 218
1 407
1 1126
2 342
1 338
2 244
1 45
1 112
2 368
2 498
2 1747
1 1158
1 917
1 1690
2 1220
2 1233
1 106
1 512
2 1642
2 542
1 941
1 1256
1 1246
2 117
1 1535
2 598
1 710
2 827
2 1656
1 768
1 1580
1 826
1 856
2 1157
2 1128
2 251
1 1152
1 1746
1 1457
2 101
1 1797
2 1327
2 1465
2 1777
2 1142
2 1126
1 1404
1 1272
1 303
2 700
1 967
1 742
2 899
2 515
1 980
1 753
1 288
1 1566
1 1475
1 892
1 642
2 170
2 503
1 1230
2 901
1 1388
1 40
1 166
1 916
2 1067
2 707
1 504
2 958
1 1060
2 1392
2 1543
1 501
1 58
2 187
1 611
1 1176
2 1629
2 1402
2 1708
1 867
1 1077
2 1307
1 1124
2 226
1 1463
1 1795
2 650
2 33
2 19
1 878
2 1384
1 508
1 882
1 203
2 928
1 576
1 1101
2 975
2 100
1 1215
2 279
2 989
1 493
1 337
1 1737
2 379
2 1146
2 962
2 1386
2 1447
2 148
2 1119
2 1305
1 970
1 1236
1 599
1 387
1 930
2 1762
1 237
2 1129
1 1767
2 92
1 1056
2 309
1 1447
2 1163
2 287
2 1327
2 1246
2 1429
1 1261
2 334
2 543
2 1200
1 97
1 1428
2 400
2 85
2 1356
1 1645
2 996
1 421
2 694
1 573
2 295
2 417
2 1497
1 670
2 35
2 17
2 424
2 1099
1 993
1 979
1 1033
1 304
2 731
2 847
1 1467
2 1669
1 705
2 1789
2 590
1 1315
2 1250
2 126
1 172
2 819
1 1717
2 337
1 175
2 740
1 1030
1 1525
1 1081
1 1047
2 1065
2 122
1 141
1 1512
2 765
1 773
2 1207
1 228
2 946
1 1621
2 1600
2 697
2 1310
2 1363
2 238
2 1631
1 28
1 983
2 1703
2 20
2 1641
2 136
1 1394
1 1469
2 1355
2 321
1 347
2 1533
1 480
1 473
2 147
1 1416
2 1279
1 429
2 172
1 494
1 1120
2 192
1 201
1 208
1 823
1 1435
2 314
1 1212
2 465
1 1348
1 563
1 1554
2 471
2 678
1 714
2 926
1 721
2 856
2 179
1 827
1 919
1 645
2 443
2 1133
1 820
1 695
2 1434
2 269
1 1050
2 553
2 1391
2 1184
1 1684
2 1132
2 470
1 1405
1 1630
1 1550
2 107
2 1073
1 155
2 883
2 1187
1 385
1 968
2 964
1 1700
2 36
1 90
1 824
1 932
2 161
2 98
1 1153
1 660
1 1668
2 494
2 1566
2 526
1 903
2 211
1 1559
1 1616
2 1330
1 1177
1 575
2 302
1 1572
1 1319
1 1556
2 592
2 1445
2 1295
2 553
1 1399
1 1513
1 1174
2 761
2 888
1 943
1 1279
1 762
2 1167
1 1653
2 819
2 103
1 800
2 255
2 1295
2 1274
1 236
1 1138
1 65
2 1207
1 1005
2 1258
1 1796
2 435
2 1678
2 609
1 623
2 706
2 858
1 719
2 452
2 106
2 1241
2 320
1 785
1 1060
2 1614
2 1245
2 1569
2 1179
2 1294
2 912
1 788
2 1350
1 184
1 298
1 406
2 388
2 1014
2 1175
1 1494
2 638
1 965
1 961
1 1734
1 1208
2 279
1 825
1 1032
1 1103
1 1635
2 1090
1 323
1 1495
2 506
1 1574
2 1660
2 430
1 1441
2 26
1 1460
2 284
2 861
2 141
1 1598
2 1290
1 1716
1 1472
2 937
1 1767
2 169
2 333
2 696
2 3
1 792
2 662
1 1652
2 29
2 439
1 715
1 675
1 139
2 283
1 1236
2 1140
1 1144
2 1227
1 855
1 422
1 795
1 693
2 1788
2 166
1 1308
1 1158
1 459
2 1654
2 665
1 1225
1 1027
2 519
1 810
1 1538
1 872
1 637
2 1455
1 1570
1 55
1 1316
2 1259
2 1782
2 345
1 1610
1 1613
1 1241
2 280
1 809
2 984
1 627
1 580
1 440
1 227
2 746
2 730
2 1329
2 717
2 487
2 1213
2 728
2 950
1 1057
2 1069
1 655
2 499
2 1038
2 1089
2 673
2 1251
2 1234
1 316
1 523
2 498
1 54
1 1636
1 837
1 852
2 597
2 601
1 1238
2 283
2 1140
2 485
2 160
1 1092
2 1285
1 386
1 1034
1 1217
1 833
1 928
2 1539
1 1303
2 329
1 21
2 901
1 142
1 1049
1 196
2 482
2 911
1 622
2 501
2 515
2 1169
2 1211
2 995
1 835
1 397
1 1242
2 1455
1 1470
2 80
2 1296
1 1291
2 247
1 180
1 1786
2 612
2 830
1 903
2 1728
1 1484
1 72
2 939
2 859
1 922
2 1769
1 108
1 986
1 1428
1 1397
1 455
1 380
1 1651
1 390
1 2
2 929
2 503
2 117
2 778
2 667
1 1373
1 1414
2 489
1 416
2 210
1 1321
1 502
1 386
1 864
2 443
1 941
1 596
1 457
1 1464
2 1129
1 1025
2 1392
1 874
2 519
1 653
1 622
1 769
2 1763
2 978
2 676
1 1643
1 520
2 1596
1 1407
2 1139
1 1273
2 1523
2 467
2 1709
2 1319
2 1739
2 1231
2 1579
1 757
2 1265
2 591
1 130
1 990
1 1091
2 877
1 879
1 1161
1 338
2 1061
2 1734
2 406
2 41
1 206
1 153
1 973
1 384
1 1553
1 131
1 588
2 1652
1 607
1 339
2 340
1 1463
1 1421
1 1757
2 1540
2 1325
1 140
1 1013
2 240
2 1718
2 1240
2 465
2 424
2 811
1 848
1 7
2 1265
1 184
1 1345
2 1293
1 464
2 9
1 483
1 253
1 76
1 232
1 1443
2 808
1 277
2 921
2 798
1 1046
1 1202
1 511
2 1148
2 352
1 1579
1 760
1 557
1 111
1 436
1 1340
1 1109
2 1733
2 925
1 411
2 775
2 626
2 124
2 608
1 1099
2 1676
1 569
1 374
2 1781
1 770
2 73
1 1102
2 25
2 514
1 754
2 1389
2 1492
1 962
1 1
2 722
1 1561
1 1633
2 456
1 122
1 784
2 344
2 771
1 781
1 949
2 1657
2 1074
1 763
2 408
1 1505
1 694
2 1150
2 1259
1 414
2 447
1 1340
1 228
2 1377
2 939
2 581
2 1391
2 1224
1 1311
1 1405
2 1649
1 658
2 1659
2 392
2 1155
2 1173
1 1774
2 741
1 439
2 1674
2 1718
1 1037
2 231
1 1100
2 1244
2 178
2 767
1 1715
2 1260
1 358
1 1224
2 274
2 1013
2 1412
2 877
2 654
2 1026
2 1565
1 849
2 557
2 844
1 56
1 614
2 1372
1 1691
1 1587
1 1416
2 1331
1 1373
1 449
1 59
2 527
2 800
1 469
2 1761
2 223
1 1068
2 1556
1 1620
2 371
2 1601
2 1777
2 567
2 841
2 621
2 770
2 1520
2 1564
1 499
1 885
2 1077
1 1791
1 299
2 39
1 1496
2 1795
2 1272
1 1751
2 1353
1 1287
1 661
1 481
1 645
2 1544
1 1053
1 951
2 977
2 1328
2 289
1 844
1 1019
2 1385
1 578
1 942
1 1312
1 1151
2 1606
2 1647
2 1585
1 75
2 254
2 763
2 1682
2 1549
2 109
2 516
1 676
1 1008
2 1596
1 881
2 1744
1 137
2 1687
1 671
1 967
1 886
2 227
2 619
2 176
1 1151
1 1541
2 1704
1 1641
1 1449
2 1337
1 1797
1 67
2 880
2 547
1 1076
2 766
1 1748
1 95
2 573
2 726
2 1577
2 445
2 782
2 1369
1 69
1 433
2 991
2 845
2 372
2 1768
1 1083
1 1367
1 253
1 312
1 1280
2 1465
2 1263
1 162
2 673
1 729
2 542
2 1210
1 1185
2 593
2 654
1 160
1 399
2 1531
1 969
2 12
2 1763
1 1146
2 159
1 143
2 1540
2 1047
2 20
2 1097
1 972
1 780
2 1036
2 1675
1 1633
2 1451
2 378
1 817
1 1576
1 412
2 1583
1 37
2 129
1 212
2 1106
2 525
2 1387
1 865
1 1753
2 243
1 4
1 1130
1 221
1 728
1 822
1 428
1 119
1 875
2 755
1 531
1 128
1 74
1 1043
2 1110
1 1534
2 610
2 1429
2 678
2 1080
1 1267
2 685
1 796
1 1471
2 64
2 528
1 1542
1 1229
1 407
1 1032
2 1334
1 2
1 911
2 1253
1 949
1 496
2 1214
1 889
1 199
1 1586
2 121
2 1733
2 1262
2 1701
1 435
1 985
1 129
2 1622
1 734
1 980
2 807
2 976
2 1376
1 1117
2 1124
1 1728
2 405
2 1755
1 353
1 1352
2 1263
2 981
2 154
2 600
1 720
1 562
2 1594
1 1713
2 1789
1 479
2 1082
1 1157
2 795
1 346
1 1720
1 781
2 546
2 914
1 1006
1 1161
2 1184
2 1358
2 180
1 829
1 764
1 1750
2 1346
1 98
2 1710
2 384
2 274
2 691
1 150
2 123
1 1196
1 113
2 270
1 145
2 1008
1 920
1 956
1 916
1 78
1 121
2 1759
1 119
1 1498
1 643
1 810
2 641
2 923
1 1798
2 1144
2 731
2 1476
2 1640
1 688
2 516
2 116
1 1071
2 828
2 640
2 29
2 1255
2 752
2 533
2 1461
2 562
1 860
2 1294
2 175
1 188
2 821
1 6
2 817
1 994
1 1090
1 1421
2 412
2 1078
1 198
2 1196
1 617
2 472
2 487
1 1586
1 1676
1 1012
1 814
2 618
1 360
1 993
2 736
2 42
2 1135
2 1016
2 451
2 774
2 10
2 1291
1 445
2 151
1 70
2 1521
1 1753
2 1281
1 1494
2 1343
1 168
2 1505
1 1361
1 1020
2 23
2 1282
2 266
1 1792
2 1577
2 202
1 1528
2 539
1 1079
1 99
2 1760
1 909
1 403
2 1442
2 189
1 1045
2 822
2 850
1 1143
2 1453
1 477
1 448
2 632
1 259
2 1545
2 369
2 1687
1 1723
1 1698
2 1335
1 535
2 846
1 1605
1 224
2 1357
1 1188
2 705
1 1137
1 1473
1 1262
1 873
2 624
2 325
1 1693
1 992
1 1063
1 1515
1 1598
2 1432
2 836
1 1297
2 1185
2 1496
1 954
1 869
1 605
1 1749
2 1590
2 81
2 1235
2 1634
1 709
2 1735
1 1548
2 497
2 747
1 1400
2 595
1 44
1 585
1 1785
1 1580
1 1018
2 1088
2 1674
2 1786
2 1618
1 67
2 1314
2 679
1 300
2 603
2 421
2 138
1 249
2 1645
2 374
2 655
2 1145
1 1783
1 246
2 317
1 305
2 1306
2 1053
2 1564
1 960
2 350
1 1181
1 1578
2 769
2 1426
2 15
2 295
2 161
1 566
1 1435
1 1493
1 1715
1 215
1 319
1 1575
1 545
2 1688
1 1568
1 574
1 313
2 1136
2 1318
2 397
2 684
2 918
2 1558
2 551
1 473
1 1508
1 302
1 1244
2 1364
1 1770
1 936
2 934
2 1349
2 526
1 692
2 177
1 541
1 890
1 596
1 1660
2 850
1 200
1 423
2 294
2 1685
1 1172
2 1680
2 38
2 48
1 329
1 867
1 908
1 1112
2 1011
1 1113
1 1489
2 1602
1 746
2 797
2 988
1 255
1 1024
1 947
2 1705
2 207
1 92
2 267
2 953
1 22
2 1087
1 671
1 1155
2 1387
2 1438
2 1530
1 933
1 695
1 908
2 754
2 688
1 1134
2 510
1 539
2 1290
1 1321
2 1550
1 491
2 293
2 1475
2 1726
1 1095
1 956
1 906
1 1268
2 317
2 1134
1 235
1 1323
1 1666
1 1490
1 58
2 1537
2 818
1 1752
2 1501
1 1206
2 1798
2 917
1 1226
1 1247
2 496
1 1562
1 875
2 247
2 1646
1 508
1 926
1 1113
1 1628
2 704
1 276
1 1563
2 1532
1 527
2 116
2 1495
1 1049
2 604
1 1312
2 936
2 1731
2 266
2 538
1 1293
1 1165
1 518
1 1636
1 752
2 588
1 35
2 491
1 560
2 1379
1 1149
2 1594
2 1269
1 447
1 1446
2 1167
1 1775
1 831
1 102
2 272
1 140
2 801
1 1338
1 1232
2 686
2 725
1 585
2 1468
1 1064
1 201
1 534
2 1738
2 474
1 1544
1 257
1 683
2 689
1 793
2 1092
2 37
2 432
2 1756
2 947
1 1138
2 259
1 1560
2 1487
2 724
1 1480
2 830
2 854
2 1210
1 1237
1 1519
2 571
2 333
2 1096
2 653
1 700
2 1003
1 675
2 1331
2 524
1 248
2 593
2 1559
1 866
2 1444
2 1411
1 761
2 732
2 1677
2 1714
1 1655
2 1375
1 1052
2 934
1 862
2 649
2 1286
2 63
1 1730
2 1473
1 1554
2 902
1 891
2 78
2 1280
2 744
1 229
1 1226
2 351
1 1644
1 804
1 1506
2 24
2 1228
1 1374
2 652
2 79
2 922
1 1713
2 289
1 1662
2 1189
1 1035
1 665
1 1029
2 62
2 1629
2 783
2 674
2 1699
1 1656
1 854
1 876
2 157
2 1673
2 692
1 1655
1 389
1 1510
1 1199
2 606
2 62
1 832
2 1
2 888
2 51
1 272
2 1637
1 766
2 602
1 1409
2 304
1 1096
2 744
1 1459
2 1253
2 524
2 1270
1 932
1 716
1 803
2 14
2 1232
1 1769
1 894
2 472
1 1706
2 587
2 368
2 366
1 327
1 194
2 590
1 461
1 1423
1 852
1 1702
2 120
1 672
1 1543
2 1424
1 1485
2 331
2 649
2 1592
1 1330
1 924
2 749
1 488
2 11
2 358
1 579
2 332
1 1168
1 640
1 1695
2 1732
1 1403
2 713
1 1027
2 779
1 1361
1 1309
2 438
2 965
2 1693
2 197
1 1214
1 594
1 1353
2 1066
2 1054
2 1035
1 1393
2 82
1 1162
2 204
2 1626
1 1452
2 1513
1 382
2 433
1 1147
1 1179
1 343
2 1165
1 1164
2 1230
1 462
1 1519
2 1257
2 164
1 349
1 1198
1 1201
1 361
1 814
2 18
2 1761
2 327
2 721
2 1345
2 685
2 127
2 605
1 1406
1 1792
1 233
1 1191
1 348
2 1458
1 963
1 987
2 165
2 1001
1 942
2 364
2 601
2 1671
2 1156
1 1514
1 1732
1 1517
1 1571
1 190
2 290
1 300
1 1390
2 68
2 745
1 659
2 803
2 1433
2 559
2 345
2 331
2 1347
1 306
1 1017
1 1783
2 1252
1 727
2 390
1 991
2 6
1 680
1 320
1 672
1 549
2 1534
2 1256
1 707
1 1028
2 1422
1 1368
1 558
1 1277
2 111
1 1395
2 1696
1 263
1 625
2 1754
2 467
2 1486
1 164
1 1727
1 1242
1 44
2 340
2 870
2 1299
2 1349
1 1552
1 1383
1 151
1 1306
2 1597
2 417
1 1174
1 1066
1 1673
2 871
2 1648
2 544
1 998
1 1308
1 1739
2 1354
2 1472
1 206
1 420
1 880
2 1378
1 1634
1 380
1 1436
1 27
2 680
1 997
1 1188
1 1251
2 307
1 13
2 938
2 250
1 1332
1 945
1 1252
2 1460
2 1406
2 1419
1 1563
2 1198
1 1609
1 1041
2 1516
1 846
2 1604
2 669
1 632
2 1616
1 1181
1 1699
2 94
2 1665
2 1107
1 1625
1 580
2 1426
2 568
2 1775
2 1266
1 1725
2 959
1 1509
1 1529
2 529
2 1545
1 1395
2 1162
2 1014
1 370
2 889
2 1422
1 1245
1 265
1 444
1 1500
1 1799
2 1292
1 158
1 882
1 1504
2 1613
2 1300
1 343
2 438
2 1474
2 1298
1 1584
2 454
2 512
1 1635
1 1255
2 51
2 1038
2 1744
1 1555
1 319
2 431
1 1442
1 1054
1 115
1 805
2 52
1 906
2 944
1 599
1 133
2 145
1 213
2 1152
1 1527
1 1176
1 109
1 1557
2 1016
2 799
1 464
1 1310
1 5
1 750
2 196
2 777
2 70
2 383
2 1665
1 1441
2 1539
2 613
2 34
2 884
2 442
1 243
2 1530
2 267
2 420
1 100
1 452
1 393
1 813
1 1205
2 377
1 1377
2 584
1 276
2 1046
1 1195
1 1123
1 82
2 181
2 125
2 1059
1 356
1 1325
1 559
1 597
1 427
1 453
2 394
2 657
1 93
2 1352
1 1558
2 1572
2 441
2 682
2 102
2 1704
2 152
1 1491
2 437
1 1108
2 108
2 530
1 1281
2 146
1 1173
2 1551
2 951
2 230
2 1015
1 1219
1 1748
2 900
2 1304
2 480
2 589
2 415
1 1504
2 583
1 786
2 1738
2 1526
1 1041
1 1401
2 715
2 392
1 93
1 1603
2 628
2 1309
2 1648
1 628
2 1662
2 1023
1 1591
1 813
2 191
2 1449
1 322
1 1643
1 355
2 834
2 219
2 359
2 1464
2 733
1 921
2 1154
2 1659
2 1669
2 85
2 252
2 986
1 1415
2 1322
2 714
2 548
2 857
1 1086
1 1269
1 1072
2 57
2 1180
1 1123
2 1658
2 1116
1 855
1 96
2 14
1 1239
1 1223
2 23
1 158
2 1614
1 823
2 48
2 1068
1 1360
1 1743
1 891
2 1154
2 163
2 982
1 307
2 504
2 382
2 1770
2 1381
1 1679
1 1078
2 970
1 918
2 1593
2 522
1 1257
2 954
1 1589
1 1439
2 167
1 1624
1 913
1 258
2 181
2 419
2 1131
1 709
1 139
2 1606
1 586
1 1686
1 309
1 1095
1 1412
1 1026
1 554
2 60
1 592
2 1221
1 1745
1 1102
2 1450
1 646
2 1493
2 988
1 1383
1 782
2 642
2 899
1 794
1 584
1 1180
2 1520
1 820
1 1742
2 1333
2 1720
1 252
1 1434
2 446
1 469
2 476
