3600 5000
1 346
1 850
1 725
2 84
2 1375
1 1640
2 273
1 541
2 1480
1 446
2 1071
2 1395
2 685
2 191
1 965
2 568
2 713
2 1384
1 320
2 1359
1 535
1 1585
1 428
1 388
2 427
2 5
2 916
2 980
2 1435
1 25
2 485
2 1330
2 177
2 162
2 1042
1 1719
1 1420
2 887
2 1274
1 1223
2 1138
2 925
2 918
2 837
2 1583
2 626
1 825
2 994
1 292
2 1497
2 302
1 526
2 452
2 1580
2 1707
2 1156
2 548
2 1762
2 997
1 681
1 652
1 1458
2 93
2 181
2 675
1 1560
2 1063
1 1104
2 1055
2 733
1 1760
1 1549
2 702
2 1434
2 1611
1 799
1 1157
1 1090
1 1781
2 3
2 1368
1 1185
1 1080
1 195
1 1528
2 506
1 329
1 461
2 291
2 752
2 961
2 913
1 149
2 1142
2 1353
2 262
1 230
2 58
1 1769
2 423
2 1088
2 664
2 601
1 564
2 1175
2 161
1 1506
2 1087
2 1800
1 114
2 374
1 1670
2 1452
2 1354
1 1478
1 1223
2 896
2 1533
1 399
1 571
1 1421
2 952
1 345
1 369
2 1006
2 193
2 435
2 1370
2 267
2 178
1 1465
2 426
2 1682
2 942
2 15
1 686
1 208
1 879
1 214
2 777
1 1250
2 924
2 1282
1 140
2 955
2 1035
2 236
2 22
1 1036
2 538
2 1604
1 1505
2 1754
2 417
2 1070
2 1470
1 165
1 1367
1 225
2 1441
2 1763
2 1212
2 304
2 90
1 1350
1 1135
1 702
2 1349
2 1061
1 1499
2 692
1 1339
2 558
1 1091
2 139
2 1514
1 1419
1 692
1 281
2 1677
1 1566
2 647
2 677
1 99
1 1663
1 1316
1 844
1 1775
1 204
1 1607
2 1163
1 1085
2 1216
1 471
2 1360
1 363
2 636
2 250
1 868
1 395
1 693
1 1412
2 1216
1 562
1 72
1 1258
1 1035
2 1177
2 788
1 357
1 430
1 608
1 801
1 1000
1 216
2 455
1 1380
1 276
2 1087
2 1739
2 783
2 546
1 640
2 185
2 1740
2 835
1 831
2 500
2 1109
2 1609
1 721
2 1426
2 1073
2 1799
2 1023
2 1657
2 653
2 633
1 1508
2 1286
2 1712
2 574
2 691
2 1690
1 20
2 1308
1 822
2 1332
1 1696
2 549
1 1001
1 426
2 182
2 385
1 1455
1 595
1 1081
1 495
1 243
1 1056
2 1139
2 1743
1 1542
2 372
2 1032
1 1665
1 1611
1 102
2 401
1 774
2 678
2 144
2 229
1 791
2 1282
2 1623
2 365
1 1711
1 946
2 289
2 1531
1 367
1 1379
2 1125
2 1534
2 864
1 427
2 1752
2 988
2 90
2 922
2 827
1 1397
2 1323
1 536
1 361
1 1792
1 1080
2 46
2 1766
2 1289
2 763
2 935
1 981
2 1777
2 76
1 1323
2 1565
1 1675
2 766
2 249
1 174
2 1615
2 1434
1 712
2 1630
1 1371
2 894
2 13
2 92
1 378
2 411
2 243
2 1785
2 1081
2 223
2 85
1 671
1 62
2 154
2 520
1 1641
2 1545
2 1735
1 1533
1 211
1 1132
2 1778
1 624
1 751
1 835
1 126
1 1224
2 1666
1 484
2 882
2 381
2 661
2 740
2 279
2 925
2 1011
2 529
2 360
2 451
1 1730
2 1050
2 1773
1 1627
2 884
1 1605
2 1094
2 611
2 419
1 875
2 1798
2 166
2 878
2 142
2 1631
2 1249
2 1365
1 349
2 1058
2 1709
2 680
1 839
2 1155
1 286
2 1408
2 972
1 1639
2 303
2 1022
1 1751
2 854
1 1639
2 1126
2 1469
2 109
2 1387
1 937
1 1131
1 1509
1 651
2 320
2 1687
2 871
2 727
2 1626
1 374
1 1244
2 1318
1 1188
2 431
2 319
1 455
1 61
1 1517
2 1169
1 1554
2 1729
2 845
2 773
2 990
2 1776
2 389
1 836
1 859
2 1683
1 694
2 54
1 1153
1 672
1 1797
2 118
1 11
1 103
1 24
2 97
1 533
2 1281
2 458
1 607
1 405
1 1641
1 1073
2 1255
2 557
2 39
1 165
1 1415
2 1670
1 615
1 1249
2 378
2 477
1 194
2 1512
1 997
1 510
1 1557
2 1591
1 625
2 1230
1 591
2 1220
2 1201
2 91
1 1550
1 746
1 183
1 1656
1 1361
1 1333
2 553
2 1521
1 1646
2 1076
2 798
2 817
2 1121
2 1739
1 1188
2 818
2 1614
1 1718
2 906
1 1229
2 1057
1 415
2 23
1 1230
2 921
2 846
1 134
1 348
1 543
2 240
1 1599
1 924
2 60
1 1343
1 442
2 588
2 83
2 633
2 1051
1 1513
1 36
2 620
1 978
2 1061
2 451
1 694
2 1019
2 1399
1 1334
2 1393
1 646
1 1674
1 555
1 1108
2 363
2 1093
2 142
2 1761
2 1574
1 896
1 1477
1 1391
1 476
1 1733
2 1187
2 147
2 235
2 1166
2 926
1 1544
1 431
1 1040
1 679
2 512
2 1357
1 789
2 35
1 356
1 29
1 986
2 1045
2 1040
1 394
1 628
2 621
1 1490
2 745
2 1243
1 860
1 1604
1 873
2 1413
2 1753
2 1194
1 1493
2 581
1 773
1 665
1 1510
2 589
1 244
1 1505
2 1009
1 393
1 207
1 292
1 325
1 1480
2 264
2 1079
1 1284
1 1636
1 121
2 493
2 335
1 166
1 41
1 1785
2 1593
1 334
1 893
1 897
2 644
1 1504
1 272
2 674
1 1033
2 474
2 331
1 1678
1 225
2 684
1 1324
2 321
1 559
2 1771
1 809
2 1646
1 1186
1 703
2 1171
2 1095
2 55
2 192
1 1451
1 636
1 43
2 579
2 70
1 1145
2 1317
1 982
2 1642
2 486
2 1654
1 623
2 34
1 6
2 1350
2 939
1 1029
2 843
2 1310
2 1311
2 872
1 515
1 1101
2 362
2 1321
2 270
1 153
1 1398
2 1251
2 731
1 902
1 75
2 213
2 256
2 1526
2 42
2 582
1 1750
1 222
1 1584
2 1199
2 52
1 1479
2 1004
2 208
1 21
2 423
2 1389
2 1083
1 793
2 169
1 1490
1 857
2 1049
1 432
1 212
1 312
2 1447
1 816
2 1463
2 464
1 1685
2 194
1 430
2 25
2 600
1 1786
2 396
2 1351
1 172
2 1529
2 1327
2 947
1 499
2 543
2 32
1 460
1 117
2 697
2 1757
2 1362
1 22
2 459
1 180
2 1493
2 1357
2 648
2 660
1 106
2 927
1 252
1 1343
1 755
1 1329
2 920
1 1414
2 149
2 514
2 1562
1 1217
2 984
2 828
2 761
1 256
2 405
1 895
2 391
1 106
1 1003
1 744
2 1697
2 806
2 491
2 1135
1 1577
2 1772
1 1334
1 1589
1 1501
1 1115
1 489
1 765
2 1114
2 912
2 840
1 482
1 287
2 45
1 889
1 1467
1 843
2 1564
2 639
1 907
2 1034
2 761
1 151
1 1212
1 271
2 1262
1 443
1 146
1 587
2 172
1 412
2 317
2 1662
2 1168
2 1193
1 1746
2 1328
1 1203
2 135
2 1151
2 831
2 1495
2 942
2 217
1 608
2 1598
1 439
2 128
1 283
1 1290
2 1184
1 718
2 892
2 169
2 1463
2 1043
2 1622
1 398
2 1773
2 1512
2 1339
1 1691
2 9
2 359
2 1141
2 1473
1 1102
1 802
2 1116
1 1664
2 1714
2 485
2 959
2 133
1 993
2 419
1 1084
1 150
1 1306
2 975
2 776
1 529
2 1124
2 8
2 867
1 1302
1 1650
2 931
1 219
1 1375
1 1045
1 917
2 877
1 332
1 752
1 124
1 366
1 1127
2 1734
1 553
2 537
1 864
2 1109
1 1016
2 857
1 598
1 844
1 209
2 167
2 1266
2 17
2 1669
1 1401
1 570
2 1722
2 309
2 1758
1 778
2 1086
1 1530
1 999
1 610
1 301
2 1
2 1335
1 86
2 874
2 998
2 10
1 293
2 1633
2 115
1 1577
1 1374
2 1159
2 527
1 552
2 501
2 1763
1 1150
2 1083
1 678
2 1137
2 1166
1 602
1 899
2 456
1 873
2 1644
2 159
2 1552
1 1158
1 1465
2 1668
2 488
2 538
1 671
2 1775
1 1676
1 739
1 601
2 1487
1 1742
2 5
2 590
1 15
2 982
1 1132
1 1437
1 1018
1 681
1 912
2 306
2 947
1 241
1 1002
1 236
1 1097
2 154
2 1386
1 1722
1 1352
1 1462
2 26
2 27
2 503
2 525
2 1280
1 1157
1 1252
2 1719
2 490
2 1159
2 614
2 1679
1 1152
1 1791
1 102
1 1628
2 700
2 698
2 948
2 544
1 1360
1 943
2 1626
1 1790
2 1026
2 832
2 133
1 1226
1 1163
1 1298
2 1758
1 577
2 326
2 1578
2 433
1 1438
1 1511
1 593
2 673
1 626
2 1417
1 861
2 1273
2 754
2 1536
1 473
1 367
1 495
2 658
1 1676
1 421
1 440
1 352
2 269
1 1068
1 1704
1 248
1 1122
2 1200
2 814
1 517
1 1315
2 534
1 1294
2 1768
2 1176
2 951
1 1685
2 187
2 1705
2 1543
1 1291
1 178
2 726
2 1774
2 1313
2 1796
2 200
1 1095
2 1491
1 511
1 1494
1 375
2 904
1 616
1 1402
1 1714
2 1635
2 1464
2 270
1 474
2 863
1 812
1 1531
2 64
2 1496
1 782
1 1672
2 820
2 665
1 1516
2 1376
1 339
1 1756
1 1616
2 1023
1 1075
2 205
2 1449
1 1787
2 1599
2 1283
2 715
2 1047
1 1736
1 706
1 65
2 1794
1 1728
2 37
2 519
2 1445
2 305
2 581
1 817
1 311
1 525
2 1407
2 1267
2 863
2 1617
1 1656
2 1429
1 1386
2 1418
1 1405
1 733
1 1261
2 1608
2 1111
2 1013
2 457
2 814
1 1692
2 1190
2 1214
2 1645
2 168
1 827
2 193
1 1524
2 1394
1 965
2 848
1 1569
1 755
2 1551
1 1519
1 1647
2 407
1 176
1 472
2 1148
1 859
1 901
2 295
1 1072
2 1762
2 1201
1 1104
2 1501
1 246
2 152
1 1383
1 1457
1 1229
2 1286
1 657
2 1215
1 1024
1 983
2 1395
2 780
2 1341
2 632
2 139
2 1285
1 995
1 175
2 736
1 389
2 1209
2 518
1 1275
1 969
2 1144
1 619
1 750
2 1708
2 856
2 649
1 1466
2 735
1 1136
1 219
2 920
2 1009
2 237
1 1766
2 1378
2 1495
2 3
2 834
1 1483
1 476
1 1619
2 1584
1 1431
1 1106
1 1527
1 1
1 546
1 883
2 1485
2 1398
2 280
2 992
1 1664
2 1694
1 1347
2 1169
2 28
2 804
2 1038
2 251
2 828
2 1507
1 220
2 158
2 1072
1 1592
2 179
2 654
1 434
1 425
1 1486
2 1155
2 355
2 210
2 750
2 232
1 43
1 468
2 1300
1 1305
2 526
2 830
1 1227
1 221
2 1217
2 724
2 1326
2 522
2 156
1 411
1 1583
2 1569
2 416
2 104
1 1571
1 40
1 1344
2 401
1 1240
1 1319
1 531
2 1487
1 27
2 1589
2 1108
2 1593
2 1112
1 47
1 1579
1 291
2 383
1 595
2 1133
2 1461
1 1088
2 1078
1 1497
1 1721
1 1185
1 1066
1 1215
1 644
2 1247
1 1191
1 1614
2 180
2 699
1 1304
1 1270
1 840
1 1246
1 1786
2 233
2 341
1 746
1 173
1 475
1 1700
1 639
1 1556
2 1518
2 1371
1 737
2 813
2 188
2 1605
1 1651
2 928
1 1541
2 364
1 690
2 1193
1 521
2 147
2 1065
2 506
1 1659
2 564
1 379
2 600
2 662
2 1508
1 1010
1 145
1 1503
2 1563
1 810
1 466
2 288
1 879
2 968
2 1039
2 1077
1 188
2 384
1 1196
1 901
1 446
2 1253
1 1280
2 321
1 1278
2 1788
1 347
2 104
1 107
2 1288
2 1693
2 396
1 1411
2 1743
1 1231
1 1325
1 695
1 59
1 112
1 905
1 1204
1 557
1 1058
1 528
1 957
1 1010
1 767
2 1600
2 589
2 1703
1 946
1 1606
2 1564
2 115
2 1715
2 1259
1 215
2 1052
1 918
1 524
1 1322
2 207
1 1320
2 136
1 174
2 1668
1 706
2 1106
2 1459
2 971
1 784
2 596
1 413
2 189
1 1454
1 1272
1 1777
2 259
2 73
1 685
2 722
2 572
1 715
1 1735
1 517
2 1318
2 224
1 1597
1 1706
2 9
1 89
1 1578
1 878
1 1484
1 606
2 1019
2 1211
1 469
2 1221
2 1789
2 1100
2 37
2 1792
2 253
1 998
2 398
2 1156
2 244
1 342
2 759
2 547
2 712
2 1483
1 1255
2 1420
2 387
2 1078
2 1621
1 1678
1 1234
2 1356
1 554
1 819
2 741
2 230
2 1293
1 1260
2 436
2 443
2 566
1 376
2 887
2 861
2 1271
2 470
2 1442
2 704
2 1671
2 229
1 254
1 1682
2 1266
1 977
1 1303
2 252
1 936
2 1007
1 962
2 700
2 1475
1 60
1 551
2 1449
2 645
1 266
1 1118
2 1717
2 696
2 1170
2 1225
2 1632
1 444
1 299
1 1112
2 290
2 560
1 1725
1 663
2 926
1 1347
2 381
1 609
2 1450
1 1697
1 492
2 1582
1 961
1 738
1 242
2 1412
2 122
1 170
1 971
1 656
2 1517
1 1102
1 762
2 1336
1 605
1 1125
1 1295
2 1219
2 1241
1 522
2 494
2 1291
1 1069
1 745
2 899
1 756
2 1176
2 811
1 1740
2 1795
1 1049
2 416
1 261
2 462
2 803
1 352
2 996
2 278
1 563
2 1390
1 312
1 1654
2 482
1 1570
2 1115
1 1565
2 69
1 1222
2 1681
2 135
2 605
1 569
1 804
2 1730
2 388
1 19
1 1068
2 518
2 322
2 1551
2 1309
2 1126
1 486
2 468
2 1140
1 851
1 409
2 1296
1 1683
1 630
2 764
2 1198
1 1536
2 206
2 1586
2 66
1 513
2 1099
2 1489
2 900
1 1404
2 28
1 1248
2 739
1 1568
2 953
2 1082
1 1117
1 502
2 1632
2 1124
1 1694
2 1151
1 661
2 1540
1 1130
2 298
1 31
2 1026
2 1044
2 591
1 574
2 1031
2 1314
2 932
2 124
2 634
2 1090
2 12
2 359
1 592
1 473
2 138
1 1732
2 1720
2 341
2 1695
2 1314
2 1118
2 1372
2 670
2 286
2 1633
2 1032
1 1661
1 402
1 1319
2 732
2 1728
2 584
1 1624
1 705
1 249
1 1130
2 549
2 1346
2 497
2 666
2 963
2 171
2 1189
2 93
2 1148
2 1628
2 1364
1 638
2 45
1 507
1 616
1 1754
1 1486
1 1691
1 386
1 1138
2 1705
2 1567
1 1479
2 815
1 520
2 197
2 1590
2 1388
1 1281
2 532
1 614
1 949
1 1793
1 308
2 1481
1 271
1 1238
2 1438
2 1522
2 1610
1 1030
1 140
1 1059
2 80
2 1738
1 1608
2 69
2 186
2 184
1 282
1 1609
2 433
1 524
2 848
2 533
2 577
1 1443
1 1506
1 1416
2 148
2 680
2 1325
2 1096
1 923
2 448
2 984
2 1196
2 1428
2 1733
2 1690
1 441
2 541
1 412
2 196
1 1144
1 150
1 1638
2 1134
1 276
1 77
2 1084
1 777
2 1519
2 951
2 118
1 949
1 1624
2 604
1 846
1 987
1 58
1 697
1 1367
1 483
2 1696
2 583
1 808
2 653
2 1620
1 1238
2 63
1 82
1 1254
2 1579
2 1410
1 12
1 611
1 395
1 1504
1 493
2 1074
1 1546
2 233
1 452
2 163
1 604
1 382
1 326
2 627
1 1173
1 1235
2 1772
1 969
1 871
2 197
2 505
1 652
2 465
2 1044
2 1751
2 544
2 1411
1 1079
2 26
1 274
2 400
2 657
2 1233
1 394
1 960
2 110
2 770
2 1333
1 127
2 1776
1 655
2 559
2 778
2 1548
1 218
1 1218
1 913
1 1076
1 580
2 903
2 1701
1 1448
2 78
1 1779
2 1113
2 826
2 1279
1 1397
2 1182
2 707
1 858
2 1161
2 547
2 96
2 1131
1 1748
1 1503
1 1749
1 1581
2 1511
2 1432
2 214
2 86
2 490
2 454
2 631
1 1771
1 1370
2 311
2 221
1 49
2 437
2 278
1 1121
2 126
2 1396
1 876
1 1707
1 1149
1 87
2 940
2 353
1 35
1 728
2 1103
2 890
2 1067
1 85
2 823
1 1382
2 81
1 1285
2 1408
1 1687
2 1430
1 370
1 1515
2 73
1 1317
1 1021
2 852
1 895
2 1521
2 340
1 24
1 576
2 1518
2 637
2 1556
1 1244
2 354
1 327
2 285
1 1541
1 774
1 1361
2 224
1 1264
2 1643
2 239
1 902
2 373
2 502
2 1012
1 780
1 1446
1 1353
1 1119
2 779
1 499
1 983
2 408
2 1725
2 754
1 101
1 1440
1 1723
2 463
1 669
2 445
1 1575
1 945
1 978
1 876
1 339
1 808
2 72
2 711
2 537
1 481
2 1297
2 1328
1 1098
1 1331
2 782
2 1652
1 588
2 1167
1 337
2 1542
1 1064
2 329
2 975
1 1263
2 1610
2 258
2 1210
1 17
2 1093
1 1679
2 496
2 146
2 57
1 775
2 466
2 275
1 50
1 884
2 103
1 1008
2 348
1 617
1 1567
2 487
1 342
2 13
2 910
1 383
2 890
1 1123
1 823
1 47
1 1675
1 1227
1 397
2 1195
2 410
2 960
2 1729
2 625
2 586
1 1469
1 569
2 1530
2 1606
1 1661
1 721
2 327
1 1524
2 14
2 578
2 131
2 1324
1 294
2 622
2 1613
1 1006
2 1268
1 1780
1 1422
2 1488
1 815
2 1755
1 954
2 880
1 1453
2 684
1 303
1 1101
1 186
1 1091
2 199
2 853
1 1459
1 334
1 1161
1 695
1 1228
2 759
2 837
1 1607
2 1041
1 308
2 1120
1 964
2 1246
1 751
2 387
1 1510
2 1576
1 841
2 67
2 309
1 539
1 112
1 391
1 865
2 571
1 548
1 869
1 245
2 1237
1 1456
2 708
1 1262
1 613
1 1025
1 71
2 1239
2 1532
2 1034
2 59
2 594
2 655
2 1222
1 852
2 1252
2 1219
1 1220
2 1557
2 1082
2 123
1 738
2 833
2 179
2 1150
1 330
1 1208
1 1765
1 1602
1 530
2 1012
2 1630
1 314
1 849
2 89
2 713
1 123
1 1433
2 747
2 1207
1 532
2 1471
1 445
2 658
1 137
1 1085
1 790
2 4
2 1256
1 136
2 1423
1 1684
1 735
1 226
2 565
2 107
2 116
2 263
1 687
2 769
1 985
2 1587
1 747
1 1062
2 1184
1 384
2 371
1 1187
2 464
2 834
1 257
2 957
2 302
2 1657
1 318
1 1110
1 1164
1 364
2 119
2 1467
1 704
1 167
2 55
1 1404
1 897
2 1770
1 494
1 1272
1 1637
1 141
1 550
2 1699
1 1428
1 1001
2 740
2 1662
1 158
2 914
2 962
2 1553
1 1527
2 889
1 555
2 1264
2 191
1 465
1 1494
1 1468
1 1580
1 634
2 609
1 885
1 1337
2 666
2 1028
1 676
2 1723
2 1405
1 75
2 1637
1 268
1 1114
1 1424
1 202
1 246
1 371
1 717
2 587
2 1489
2 552
1 794
2 403
1 266
2 202
2 940
2 1146
2 795
1 1292
2 1575
2 365
2 790
1 182
1 1417
2 921
1 116
2 351
1 1764
1 1016
2 1708
2 753
1 1706
1 1573
2 1154
2 1526
1 1127
1 1174
1 1356
2 839
2 1181
1 1462
1 29
2 203
2 851
2 788
2 1724
1 534
1 239
1 769
1 597
2 1528
2 1007
1 440
1 19
1 629
1 1634
1 122
1 909
1 667
2 1100
2 836
1 612
2 190
1 585
1 730
2 1122
2 1454
2 30
1 111
2 1031
2 189
1 1307
2 1421
1 376
1 1376
1 966
1 337
2 1618
2 330
1 356
1 1271
2 795
1 1064
1 274
2 776
2 1054
1 448
1 226
1 1143
2 254
2 185
2 649
2 1774
1 242
1 931
1 1053
2 316
2 781
2 615
2 1192
2 460
2 811
1 1570
2 933
1 1178
2 1538
2 267
2 331
2 507
1 1092
1 42
2 1789
2 1379
2 97
1 1756
2 1011
1 38
1 492
1 886
2 749
2 79
2 325
1 619
1 540
2 1269
2 34
2 98
1 1098
1 344
1 1452
1 144
2 132
2 536
2 1245
2 18
2 1724
2 1200
1 1591
1 496
1 813
2 1779
2 575
2 453
2 438
2 370
1 257
1 1346
2 964
2 621
2 164
2 462
2 820
2 679
2 404
1 724
1 716
2 833
1 92
2 397
1 1392
2 406
2 258
2 284
2 1406
2 622
1 586
1 1623
2 1183
2 1710
1 408
1 1116
2 736
1 275
2 584
2 635
1 471
2 354
2 1618
1 934
2 44
2 1340
1 228
1 1369
2 1369
2 928
1 995
2 1174
2 563
1 1086
2 1440
2 1329
2 1413
2 260
1 132
1 838
1 916
2 1330
1 442
1 1460
2 1202
1 163
2 1191
2 1342
1 1680
2 204
2 1704
1 1540
2 1359
1 800
1 648
2 967
2 1649
2 818
2 723
1 1037
2 1158
2 31
1 610
2 874
2 908
2 1160
2 1206
1 1549
1 741
1 999
2 21
2 441
2 74
1 796
1 120
2 771
2 478
1 1496
2 1111
1 195
2 938
2 749
2 1430
1 1165
2 491
1 1269
1 1800
2 1172
2 1529
2 744
1 976
1 797
2 1340
2 1419
1 1051
1 1652
2 368
2 175
2 988
1 400
2 1015
2 919
2 800
2 192
2 1407
2 1263
1 1147
2 1442
2 1545
2 1700
1 1316
1 1793
1 1027
2 1153
1 1391
1 511
2 176
2 1439
1 875
1 824
2 1515
2 67
1 1048
2 379
1 1640
2 1042
2 1240
2 314
1 683
2 475
2 914
1 1713
1 1208
2 624
1 991
1 1022
2 1146
1 1474
1 32
2 362
1 618
2 1213
2 860
1 663
1 606
1 424
1 1321
1 829
1 418
2 1423
2 1142
2 1559
2 1747
2 992
2 1471
1 1461
1 891
2 573
1 71
1 385
1 114
1 277
1 253
1 1278
1 528
1 737
2 503
1 637
1 7
2 1663
1 1753
1 567
2 742
2 358
2 786
1 80
1 1422
2 991
2 1514
2 1344
1 743
2 438
1 1761
2 83
2 1631
1 915
1 1711
2 1499
2 99
1 36
2 1059
1 322
2 672
1 959
1 110
1 1251
1 933
2 870
1 1634
2 985
1 1299
2 353
1 436
1 821
2 1027
2 300
2 950
2 826
1 1783
1 792
2 1673
1 1573
1 1745
2 542
1 20
1 345
1 1182
1 1475
1 265
2 1747
1 127
1 1431
1 340
1 763
2 1732
2 943
1 1243
2 1147
1 664
1 958
2 498
1 1341
1 1268
1 369
2 870
1 235
2 654
1 729
2 1186
1 119
1 16
2 1788
2 1498
1 1686
1 1586
1 1759
2 597
2 1647
1 1301
2 1162
1 467
1 261
1 94
1 458
1 807
1 689
1 1179
1 929
2 62
1 1750
2 1574
1 757
1 714
1 234
2 1764
2 1782
2 968
1 540
1 1488
2 1455
1 771
1 1362
2 428
1 1790
1 1620
2 108
1 1498
2 904
1 231
1 498
1 1046
2 1055
2 760
2 1279
2 1021
2 1453
2 82
2 683
2 76
1 1067
2 350
1 259
1 1385
1 1294
2 691
2 1433
2 205
1 1338
2 1798
2 319
1 881
2 1617
2 1119
2 1218
1 125
1 240
1 958
1 289
2 556
1 523
1 198
2 822
1 514
1 748
1 11
2 845
1 1561
1 1476
2 1558
1 1727
1 1525
1 435
1 272
1 1177
1 1643
2 1069
2 1348
2 1270
2 1727
2 183
1 338
2 830
2 1532
1 157
1 504
1 1358
1 989
2 1205
2 366
1 785
1 1050
2 457
1 1582
1 437
2 77
2 1105
2 1071
1 980
1 1377
1 642
1 1373
1 1738
2 51
1 81
2 701
2 273
1 63
2 768
1 930
2 1796
1 1054
1 1658
2 698
2 641
2 160
1 516
2 206
2 1401
1 1784
1 1017
1 976
2 1655
1 1213
1 659
2 1245
1 990
1 1337
2 1276
2 1716
1 98
1 338
1 1402
1 607
1 1742
2 1005
1 1523
2 1525
2 941
1 294
1 816
2 1265
2 638
1 459
1 927
2 1149
2 886
2 1783
2 1768
2 375
2 647
2 838
2 138
1 420
1 1587
2 855
1 1257
1 807
2 938
1 1547
2 764
2 1665
1 155
1 796
1 849
1 56
1 1298
1 612
2 1143
1 682
2 1237
2 1799
1 542
1 1247
1 645
1 1197
2 1267
1 1474
1 1345
2 470
2 170
2 561
1 305
1 821
2 1596
2 70
2 213
1 130
1 1320
1 1590
2 1293
2 1038
2 156
1 130
2 1414
2 632
1 1392
2 1017
2 1537
2 111
1 1290
2 1390
1 758
2 1070
1 56
1 1248
1 355
2 676
1 950
1 687
2 279
1 190
1 1560
1 7
1 247
1 948
2 283
2 1507
1 444
1 527
2 1043
2 729
1 1546
1 434
1 1625
2 87
2 1259
1 1622
2 1444
1 1133
1 1642
2 809
2 598
1 421
1 710
1 1372
2 295
2 447
1 422
1 1693
1 1477
2 1228
1 1795
2 791
2 351
1 1767
1 79
1 1425
2 1171
1 439
1 1020
1 709
2 1482
1 731
1 160
1 117
2 768
1 1066
1 711
2 725
2 1603
1 1364
1 911
2 519
2 1555
2 65
2 1555
1 168
2 344
2 390
1 469
1 1458
1 1203
2 1014
2 33
2 699
2 1550
2 1702
2 1349
2 120
2 1304
2 1352
2 583
1 1731
2 1672
2 1327
2 264
1 399
1 1047
1 865
2 1205
2 847
2 343
2 662
2 696
1 1698
1 888
2 723
1 656
1 407
1 125
1 775
2 1767
2 1232
2 642
2 1260
2 1354
1 970
2 720
2 61
1 869
1 1062
1 1741
2 1393
1 1473
2 1134
2 1653
1 1572
2 461
1 95
1 1242
2 1460
2 53
2 1380
2 1472
2 429
2 380
2 1553
2 143
2 454
1 1415
2 403
1 1194
2 450
1 505
1 1089
1 324
1 883
1 885
1 1716
2 703
1 301
2 1794
2 39
2 1491
1 480
1 842
2 487
2 1277
2 1558
2 1436
2 753
2 1522
1 1257
2 198
1 793
1 1585
1 510
2 1543
2 993
2 708
2 719
2 967
1 1509
1 868
2 1167
1 1636
2 1502
2 161
1 1688
2 970
1 480
2 1516
2 148
1 627
2 900
2 1381
1 1311
2 892
2 1594
2 262
2 1450
1 1612
1 173
2 1120
2 1562
2 812
1 1383
2 806
2 1162
1 726
2 894
2 599
2 1302
2 1199
1 1389
1 44
1 38
2 1192
2 255
2 255
1 1726
2 88
2 1139
1 677
2 238
1 223
2 1425
2 1638
1 1447
1 1013
1 1689
2 1418
2 1745
2 1601
2 1709
2 501
1 1572
1 500
2 1409
2 551
1 994
1 33
1 96
1 1534
2 765
2 1748
1 1598
2 346
2 1600
2 1451
2 891
1 1254
1 789
1 481
2 1296
2 265
2 203
2 328
1 299
1 1797
2 719
2 1221
2 911
2 429
2 1650
2 1075
2 1015
1 954
2 220
2 973
2 1306
2 910
2 1312
1 1388
1 1351
1 1033
1 489
1 955
1 640
1 650
2 1616
1 716
2 603
1 1660
1 643
1 1416
2 1005
1 1385
2 1289
2 336
2 94
2 1178
1 550
1 1660
2 757
1 105
1 392
2 1759
1 720
2 49
2 956
1 155
1 137
2 209
2 628
2 1234
1 211
1 772
2 1025
1 1602
1 888
1 1765
1 199
2 293
1 670
2 1241
2 1619
2 966
1 128
2 315
1 1552
2 1239
2 218
1 1065
1 222
1 368
1 280
1 1492
2 1366
2 1667
2 1426
2 1173
2 1195
1 66
2 558
1 159
2 508
1 986
2 1561
1 772
2 422
2 287
2 906
1 1523
1 228
2 1292
2 853
2 987
1 484
2 1018
1 1470
1 6
2 877
2 1164
1 650
2 675
1 23
2 1674
1 1231
1 1651
2 1396
1 798
1 1595
1 1571
2 402
1 1559
2 934
2 690
2 1681
2 1409
1 467
2 1653
1 1659
1 688
1 1464
2 580
1 728
2 575
2 792
2 1002
1 1037
2 881
2 357
2 1427
1 1781
1 361
1 1627
2 268
2 1702
1 1099
2 215
1 643
1 453
2 152
1 1698
2 953
2 593
2 1274
1 335
1 1744
2 1265
2 1410
1 1052
1 1667
2 1307
1 488
1 1113
1 1204
2 623
2 682
1 1145
2 30
1 1717
1 1603
2 1381
1 1258
1 915
2 216
1 756
2 1295
2 1197
1 668
1 1373
1 184
2 349
2 1482
1 1137
1 358
1 762
2 709
2 937
1 1444
1 1649
1 317
1 1435
1 760
1 1699
1 1648
1 1236
2 748
2 743
2 1048
1 686
1 907
2 1436
1 758
1 1020
1 479
2 841
2 91
1 1432
2 1737
1 456
1 1358
1 1168
2 1322
2 227
1 1305
1 1183
1 290
2 1648
1 310
2 245
2 1287
1 508
1 1309
1 260
2 944
1 373
1 1595
2 432
2 1365
2 1563
1 922
1 418
2 171
2 1355
2 404
2 164
2 1429
1 898
1 263
2 1778
1 1366
1 660
1 905
1 84
1 1535
2 310
1 1384
1 296
2 819
2 1152
1 785
1 767
2 449
2 516
2 977
1 651
1 129
2 829
2 1335
1 952
1 973
2 247
2 1036
2 250
1 313
2 932
2 234
1 1387
1 449
2 582
1 561
1 1629
2 513
1 109
2 862
2 602
1 413
2 1757
2 805
1 1345
1 1029
1 556
2 1301
2 88
1 227
2 64
2 1041
1 217
2 1368
2 1024
1 1308
2 630
2 296
2 945
1 386
2 718
1 1160
2 410
1 1253
1 1427
1 566
1 14
2 1297
1 908
1 1539
1 554
1 1129
1 1209
1 1492
1 801
1 447
1 134
2 923
2 48
2 1273
1 523
2 1136
2 323
1 1684
1 1538
2 1446
1 237
1 1726
1 1312
1 567
1 1399
2 121
2 688
2 1089
1 854
2 323
1 288
2 1741
1 1594
1 1769
2 799
1 1074
1 343
1 917
1 157
1 1181
1 1063
1 2
2 1180
2 248
2 599
1 981
2 54
1 730
1 1400
1 1377
1 1544
2 560
2 842
2 1394
2 1313
1 200
2 935
1 1481
1 1179
2 1547
1 1039
1 478
1 1713
2 1576
2 1784
1 1734
1 783
1 1107
1 802
1 1105
1 1242
2 143
2 539
1 1300
2 1028
1 1635
2 1190
2 269
1 512
1 570
2 53
2 1206
1 578
2 504
2 732
2 477
2 545
1 974
2 51
1 108
2 50
2 450
2 479
2 425
1 641
1 979
1 1000
1 717
1 1588
1 620
1 545
1 803
1 1128
1 893
2 576
2 1103
2 1596
1 779
2 1686
2 1500
1 734
1 162
2 1669
1 1456
2 1520
2 406
2 689
2 1226
2 1303
1 1746
2 1645
2 1791
1 585
2 903
1 105
2 153
1 1400
1 1688
2 509
2 742
2 996
1 1123
2 1406
1 1277
2 1568
2 10
2 1715
2 1363
2 347
2 1718
1 956
2 390
1 1110
2 1712
2 392
1 68
1 232
1 1770
2 590
2 572
1 306
1 1287
2 1232
1 1592
2 866
2 1175
1 1275
2 95
2 1342
2 579
2 1484
1 613
1 1057
2 1566
2 304
2 1457
1 2
1 936
1 1233
1 1403
1 714
1 251
1 941
1 74
1 282
1 113
1 727
2 1107
2 424
2 972
2 1276
2 1060
1 141
1 667
1 101
2 1214
2 1261
2 1283
2 847
2 377
1 631
1 129
1 420
1 898
2 284
2 1172
2 1597
2 979
1 930
2 1644
2 618
2 1443
2 1612
1 1468
2 1053
2 360
2 515
1 46
2 1625
1 300
2 989
1 535
1 1154
2 1250
2 1046
2 1363
1 929
1 313
2 241
2 674
1 1755
1 52
2 1374
1 573
1 100
2 1170
2 629
2 1129
2 1332
1 145
2 1695
2 201
2 824
2 659
1 201
1 531
2 1588
1 1500
2 483
1 1478
2 850
2 40
2 855
1 415
1 1299
1 568
2 333
2 805
1 786
2 882
2 1140
1 825
1 307
1 238
1 562
2 4
1 866
2 472
2 1472
1 1256
1 1310
1 68
2 594
2 1096
1 1445
2 1701
1 315
1 1378
2 1677
2 1680
1 307
1 1180
1 18
2 592
2 1655
1 1744
1 944
1 1284
1 1780
2 1348
2 770
2 1731
2 78
2 497
2 810
1 297
1 1613
1 372
2 1097
1 382
1 858
1 646
1 131
2 318
2 1128
1 867
2 1338
1 1581
1 766
1 1424
1 1236
1 797
1 297
1 1117
1 1673
2 963
2 1658
2 151
2 673
2 1439
1 787
1 1710
2 57
2 710
2 1703
1 316
2 1782
1 1094
1 722
2 196
1 1077
2 701
1 1210
2 281
1 1736
1 1326
1 1476
2 377
1 1008
1 324
2 1141
2 1003
1 1448
1 1535
1 596
2 565
2 177
2 1382
2 1537
2 1403
2 210
1 41
2 1198
1 1621
2 603
2 414
2 669
1 1752
2 1554
1 1520
1 1189
1 48
1 1211
2 1225
1 212
1 668
1 617
2 332
2 231
2 1288
1 328
2 872
1 16
2 1030
2 277
1 1615
1 784
1 635
2 919
1 856
1 1466
2 1548
2 298
2 1336
1 336
1 1601
2 1331
1 1014
1 1629
2 1235
1 409
2 181
2 1720
1 707
2 530
1 463
1 880
2 100
1 521
1 705
1 1485
1 734
2 1165
2 909
1 1721
2 417
2 350
2 285
1 380
2 1441
1 333
2 1202
1 1749
1 1224
2 1692
2 1689
2 8
2 832
1 393
1 1355
2 1666
2 1060
1 1207
2 794
1 1004
1 509
1 1502
1 1760
1 1092
2 1056
2 113
1 1671
2 787
2 1539
2 1437
1 1315
1 939
2 414
2 1513
1 1787
1 781
1 1737
1 974
2 862
1 187
2 693
