3100 6000
1 480
1 103
1 722
1 614
2 566
1 17
2 983
1 118
1 992
2 1150
1 1357
2 830
2 876
2 121
2 1092
1 335
2 1529
1 1499
2 1155
1 1487
1 1526
2 1014
1 502
2 968
1 118
2 171
2 1419
1 375
2 576
1 953
1 220
1 542
1 1465
1 496
1 151
1 1117
2 905
1 1151
1 1476
2 932
1 441
1 1408
2 705
2 1409
1 630
2 1119
2 1460
1 675
1 459
1 640
1 1358
2 98
1 1147
1 1457
2 1250
1 903
1 1317
1 345
2 111
2 613
2 1449
1 1412
1 782
1 420
2 607
2 40
1 827
1 1520
1 428
2 1117
2 570
1 997
1 650
2 737
2 143
2 247
2 74
2 164
1 1002
1 572
1 872
2 867
2 830
2 1215
2 1408
1 953
1 901
1 889
2 1472
2 223
1 518
2 493
1 1377
1 1112
2 1085
1 689
2 974
1 863
1 1003
1 53
2 27
2 128
1 948
2 1496
2 1255
2 825
2 488
2 266
1 1120
2 758
2 749
1 367
2 727
1 112
2 1414
2 16
2 832
2 337
2 1403
2 1098
2 1438
2 50
2 1446
2 1504
1 1036
1 960
1 780
1 22
1 1290
2 947
1 239
2 1341
2 408
2 350
1 911
2 916
2 913
1 1328
1 491
1 451
1 1467
2 617
1 746
2 604
2 220
2 775
1 670
1 519
2 1268
1 906
2 535
1 603
2 904
1 450
1 809
2 1370
2 1414
2 386
1 1175
2 573
2 188
2 1524
1 1026
2 312
2 1370
1 569
1 624
1 734
1 509
1 1233
2 1296
2 1264
2 667
2 437
1 845
1 1016
1 312
1 1131
2 1259
1 539
1 1038
1 544
2 510
2 1077
2 1276
2 1544
2 1329
1 170
1 1144
2 241
1 976
1 638
1 1498
2 89
2 840
2 94
2 56
1 1145
1 107
2 1168
1 729
2 801
1 235
1 122
2 1526
2 1385
2 1533
1 991
1 1263
1 332
2 917
2 159
1 579
1 318
2 1489
2 50
2 3
1 51
2 3
2 33
1 138
2 487
2 647
1 248
1 695
1 134
2 129
1 871
2 1065
1 1054
1 250
2 14
2 97
1 450
1 1323
2 821
2 1252
2 1447
1 179
2 1025
2 634
2 1238
2 1314
1 904
1 730
2 629
2 200
2 756
1 804
2 521
2 162
1 1326
1 123
2 1498
2 311
2 29
1 777
2 283
2 1022
2 1243
1 53
2 376
1 963
1 1463
2 934
2 1299
1 978
1 86
1 1096
2 1127
2 803
2 907
1 844
1 277
1 292
1 1291
1 1194
1 495
2 901
2 1507
2 1025
1 1275
1 814
2 334
1 1328
2 720
2 1548
2 1219
2 113
2 504
1 1054
2 222
2 24
2 20
2 775
2 1443
1 1333
1 1372
2 1545
2 389
2 290
2 175
2 820
2 1446
2 524
2 1419
1 1261
2 468
1 871
1 920
1 939
2 1371
1 768
2 308
1 1068
2 1149
1 840
1 180
2 17
1 636
2 96
2 136
2 980
2 884
1 1519
1 1228
1 935
1 1406
1 153
1 1495
2 55
1 581
2 1171
2 1076
1 891
2 365
1 838
1 214
2 1028
1 966
2 293
2 323
2 1244
2 697
2 1178
1 870
2 240
1 449
2 757
2 733
1 360
1 460
2 230
1 561
2 809
1 1147
1 242
1 79
1 48
2 635
2 177
2 827
2 1433
1 624
1 432
2 1246
1 350
1 176
1 849
1 797
2 351
1 853
2 1000
2 508
1 1132
2 349
2 156
2 1043
1 574
2 1425
2 1496
1 223
2 1518
1 1050
2 707
1 1148
1 1488
2 1316
1 353
2 937
2 805
2 1148
1 1166
2 467
1 996
1 88
2 341
2 1114
2 135
1 646
1 1133
2 1169
2 446
2 575
1 369
1 915
2 1397
2 813
1 1029
2 817
1 427
2 1182
2 979
2 619
2 107
1 333
2 229
1 1242
1 30
1 1055
1 419
2 252
1 1112
2 651
2 117
2 1334
2 21
1 780
1 1270
2 160
1 1515
2 783
1 1207
1 1105
2 587
2 634
1 331
2 1078
1 239
2 47
1 534
2 1066
2 785
2 407
2 1140
1 616
1 403
1 747
2 1298
2 323
1 580
1 711
1 1247
2 699
1 85
1 998
2 1534
1 249
2 1523
2 935
2 218
1 602
1 221
2 654
2 123
1 81
2 1018
2 372
1 1251
2 640
1 29
2 1353
1 738
1 516
1 774
1 1451
1 1529
2 1478
1 455
1 1444
1 1437
1 629
2 455
1 1539
2 1314
2 76
2 1091
1 924
2 1532
2 36
2 1354
1 405
2 364
2 309
2 324
2 125
2 1530
2 793
2 57
1 1340
1 1353
1 161
1 1285
2 1503
2 749
2 1450
1 1300
1 432
1 121
2 555
1 1542
1 1265
1 24
1 1177
2 1055
2 1139
1 244
2 465
2 1074
2 865
2 45
2 1380
2 643
1 1309
2 1131
1 1278
2 1471
1 665
2 637
2 1180
1 712
1 846
2 781
2 1318
2 721
2 1523
1 201
1 1163
2 765
1 619
2 586
2 1318
1 1344
2 658
2 95
2 584
1 678
2 402
1 1269
2 933
1 302
1 771
1 1306
1 1009
1 927
2 1477
1 1041
2 1017
2 1283
2 1186
2 167
2 988
1 348
1 475
2 355
2 600
2 1491
1 1426
2 48
1 923
1 352
1 417
2 421
1 58
2 664
2 864
2 1283
1 774
2 1060
2 883
2 386
2 892
1 644
1 431
1 816
2 582
1 844
1 1120
1 1040
1 383
1 140
2 1517
1 1108
1 660
2 520
2 647
1 1130
1 443
2 681
2 645
1 456
1 253
1 999
2 82
1 321
2 168
1 357
2 98
1 1308
2 719
2 205
1 1396
1 678
1 661
2 643
2 796
2 97
2 1458
2 197
2 1376
1 141
1 982
2 423
1 1142
2 1090
1 1042
2 154
2 601
1 790
1 551
1 1393
1 887
1 1007
1 583
1 264
2 346
2 649
1 848
1 1056
1 879
1 1021
1 367
1 1288
1 857
1 532
1 1009
2 45
1 1541
2 113
2 755
2 1047
1 515
2 1078
1 1441
2 642
1 1468
2 938
2 414
2 90
2 479
2 1338
2 1085
2 379
1 1019
2 1387
1 627
1 682
2 1398
2 936
1 855
1 1355
1 574
1 698
2 829
2 1205
2 1531
1 671
1 307
2 1066
2 94
1 628
1 712
1 1310
1 545
2 694
1 1083
2 998
1 155
2 1204
1 1417
1 1110
2 343
1 1461
1 433
2 1015
2 918
1 452
1 1267
1 529
1 1514
2 501
1 1400
2 1303
1 675
2 492
2 252
1 174
2 305
2 474
2 268
2 610
1 810
2 1509
2 717
1 977
1 760
1 560
1 236
2 621
1 550
2 923
1 771
2 1072
2 434
1 41
2 1451
1 1028
1 478
1 1000
2 1439
1 270
1 19
2 554
1 791
1 282
1 219
1 388
1 398
1 878
1 1503
1 729
1 1333
2 237
2 44
1 1462
1 841
2 112
2 711
2 1265
2 1381
1 1521
2 739
2 789
1 763
1 1388
1 1452
1 263
2 828
2 555
1 567
2 1309
1 951
2 1345
2 1440
1 78
1 1407
2 1224
2 875
2 1256
1 5
2 898
2 1103
2 626
1 1299
1 486
1 1375
1 549
2 1190
2 558
2 668
2 730
1 1109
2 385
2 191
1 241
2 1089
2 319
1 514
2 823
1 470
1 170
1 1550
1 553
2 204
1 89
1 1399
2 1124
2 1006
1 33
1 1437
1 748
1 1386
1 1210
2 1053
1 354
2 1432
1 84
1 202
1 267
1 533
1 559
1 1230
1 438
1 1097
1 819
1 1063
2 1198
1 289
1 297
2 523
2 171
2 2
2 1273
1 974
1 444
1 834
2 1013
2 268
1 1100
2 424
2 1232
2 861
1 999
1 192
2 528
2 124
1 1321
1 208
1 1183
1 371
1 137
1 1237
1 907
1 616
1 1001
1 74
2 1137
2 890
2 1304
1 1512
2 863
1 891
2 867
2 902
1 1262
1 1505
1 563
1 70
1 243
2 883
1 1298
1 958
1 1172
1 1157
2 881
1 1218
1 1170
1 1031
1 1039
1 265
1 522
1 255
2 317
2 1046
2 492
1 540
2 154
1 585
1 718
1 1292
1 1321
1 178
2 105
2 1288
2 1528
2 513
2 338
2 722
2 559
1 416
1 1105
2 160
1 926
2 1106
1 264
2 615
2 1186
1 743
2 668
1 1175
1 778
1 1519
1 987
1 1245
2 653
1 683
1 380
2 537
2 114
2 122
1 925
2 1213
2 69
2 734
1 843
1 78
2 1118
2 1192
1 538
2 1399
2 1135
2 751
1 829
1 434
2 498
2 1463
2 1196
2 1513
2 193
1 562
2 1394
1 37
1 362
1 221
2 1388
2 1092
1 202
2 84
1 1073
2 248
1 337
2 914
2 1064
1 1541
2 381
1 571
2 687
1 1235
2 962
2 324
1 360
1 759
2 490
1 623
2 1448
1 1125
2 984
1 1251
1 1238
1 695
2 28
1 1335
1 1374
2 591
2 336
2 243
2 740
1 1086
2 885
1 411
1 341
1 765
2 713
2 1378
1 457
1 806
2 881
1 1482
1 993
1 299
2 530
2 1435
2 870
1 401
2 1327
2 1071
1 365
2 1122
1 565
2 306
2 49
2 400
1 346
2 332
2 1061
2 1242
1 1247
1 1099
1 1208
1 195
2 327
2 1466
1 333
2 235
2 207
2 145
2 969
1 463
1 527
1 913
2 1191
2 182
1 1159
1 176
2 767
1 1071
2 274
1 1449
2 201
1 1473
2 498
1 1474
2 1136
1 764
2 542
2 108
1 665
2 552
2 1259
2 954
2 279
1 394
1 751
1 991
2 924
2 1257
1 786
1 213
1 1466
1 752
2 1404
1 298
2 1253
1 1128
2 1233
1 497
1 762
2 961
2 1434
2 80
1 745
2 104
2 802
2 384
1 1146
1 233
1 387
1 954
1 1279
2 1418
1 286
2 1398
2 973
2 663
1 433
2 147
2 594
1 485
2 1425
2 726
2 266
1 532
1 1177
2 899
1 946
2 674
1 1213
2 1245
1 441
1 611
2 51
1 115
1 1220
2 511
1 1330
1 971
1 1163
1 644
1 1160
1 1411
2 962
2 1099
2 1113
1 396
2 476
1 1176
2 502
2 26
1 1217
1 1280
2 707
2 944
1 767
2 637
2 1345
1 831
1 165
1 36
2 679
2 461
1 75
2 565
2 573
2 705
1 119
2 625
1 708
1 745
2 68
1 196
2 1093
1 1067
1 1415
1 551
2 916
2 1313
1 413
1 209
2 703
1 224
2 34
2 834
1 973
1 1302
1 315
1 897
2 1184
1 1211
2 1277
1 272
2 514
1 144
2 1445
2 1081
2 200
2 919
1 608
1 6
2 169
2 931
1 384
2 1107
2 632
1 1396
1 1236
1 23
2 135
1 960
2 306
2 946
1 363
1 43
2 1488
1 287
1 227
1 262
1 908
1 419
2 37
2 1380
2 232
1 738
2 62
1 1049
1 1397
1 18
2 1477
1 1030
2 1457
1 817
1 1080
2 126
1 1127
2 1339
2 772
1 815
2 621
2 247
2 409
2 425
1 133
1 1422
2 363
2 981
2 322
2 410
1 411
1 763
2 912
2 1240
2 60
2 597
2 892
2 1337
2 684
1 228
1 1373
1 32
2 253
2 391
1 769
1 72
1 1289
1 399
1 543
1 1337
2 1156
2 1357
1 580
1 216
1 1108
2 390
1 405
1 372
2 81
2 1303
2 1460
1 715
2 623
1 1445
2 1239
1 944
2 965
1 799
1 836
2 819
2 90
1 1501
2 1222
2 947
1 917
1 857
1 593
2 1205
1 287
2 1217
1 1323
2 662
2 1114
1 1540
1 66
1 1508
2 242
2 1228
2 5
2 1029
1 454
2 468
1 494
1 429
1 101
2 408
1 1133
1 1356
2 604
2 773
2 599
1 666
2 1331
2 1359
1 1162
2 1026
1 157
2 56
1 888
1 724
1 1142
1 1295
1 145
1 477
2 750
2 696
1 279
2 1434
1 909
2 864
1 984
1 1145
1 308
2 748
2 85
1 1474
2 467
1 756
1 1173
1 518
1 1249
1 1012
1 750
1 569
1 1293
2 475
1 1543
2 1546
2 278
2 1331
2 108
2 1181
1 319
2 258
1 1014
2 1342
2 1082
2 320
2 349
1 444
2 39
2 143
1 1073
1 948
2 1310
2 524
1 270
1 631
1 1239
2 768
1 43
2 431
1 1287
2 677
2 38
1 1347
1 992
2 531
2 544
1 427
2 1485
1 654
1 39
1 503
1 1391
2 617
1 708
2 99
1 1252
1 15
1 1254
1 1486
1 75
2 198
2 345
2 955
1 1308
1 1274
2 1416
2 1197
1 964
2 212
2 288
1 458
1 1111
2 811
1 1341
2 930
2 970
1 424
1 257
2 592
2 720
2 413
1 1525
1 744
2 1172
2 1023
2 52
1 860
2 1231
1 547
2 1291
1 1141
1 168
1 691
1 868
2 1284
2 754
1 818
1 1443
2 127
2 387
1 521
1 1349
2 1278
1 970
2 1159
1 1118
2 534
1 245
1 826
2 685
2 732
1 536
1 593
2 1285
2 967
1 869
1 406
1 445
2 880
1 866
2 482
1 808
1 1284
1 1373
1 1441
1 679
1 513
2 1386
1 528
2 1439
2 359
1 1294
2 1250
1 1240
2 1249
2 877
1 1520
2 1193
1 203
1 1522
2 1037
1 93
2 231
2 234
1 690
2 342
1 1500
2 627
2 1004
1 735
1 1063
1 378
2 845
1 667
2 922
1 894
2 1075
2 760
1 1432
1 1204
2 615
1 1506
2 1272
1 584
2 147
2 1115
1 1343
1 1362
1 158
2 1261
1 347
1 79
1 178
2 269
1 73
2 461
1 1109
2 1038
1 1524
1 300
1 11
1 995
1 497
2 439
1 896
1 234
1 714
1 682
1 900
1 1340
2 1510
1 426
1 1129
2 1311
1 1372
1 1243
2 895
2 797
2 525
2 561
2 613
1 861
2 1203
2 850
1 1531
1 733
2 1436
1 300
2 655
1 1124
2 910
2 389
2 1339
2 493
1 1021
2 1125
2 692
2 254
2 813
2 1440
2 1231
2 1511
1 1236
1 208
2 1294
2 641
2 1325
2 246
2 506
2 822
1 228
1 1060
2 966
2 1235
2 921
1 1199
1 546
2 648
2 858
2 884
2 487
2 1469
2 370
1 91
1 1549
1 1102
2 238
1 1241
2 369
1 971
1 19
2 133
1 1084
2 1103
1 58
1 481
2 1138
1 484
1 1521
2 190
1 463
2 1266
1 539
1 167
1 541
2 689
1 57
1 1382
2 1293
2 11
2 736
1 153
2 1464
2 1031
1 969
2 779
1 1188
1 1319
1 412
2 1489
1 1070
2 1180
1 792
2 1256
1 658
1 632
2 676
2 1010
1 873
1 297
2 905
1 1129
2 1006
2 1058
2 1195
1 1494
2 666
1 212
2 826
1 835
2 190
1 1385
1 224
1 596
2 1389
2 161
2 199
1 1170
1 382
2 1305
1 1435
1 787
2 246
2 855
1 1427
1 529
1 226
2 1332
1 1459
1 556
2 471
2 994
2 900
1 418
1 648
2 620
2 409
1 1119
2 996
1 945
2 255
1 15
1 1490
1 370
1 152
1 388
2 798
2 744
1 1010
2 1165
1 828
1 1507
1 1184
1 296
2 507
2 291
2 1087
2 1253
2 1040
1 1348
2 1166
1 21
1 622
2 526
1 211
2 700
2 106
1 1549
1 949
2 1501
2 64
1 1043
2 987
1 1317
2 347
2 1347
2 164
1 859
1 1002
2 725
2 1330
1 120
1 217
2 1455
2 646
1 280
2 1027
2 1378
1 673
2 874
2 753
2 710
1 794
1 589
2 1167
1 1018
1 1499
2 260
1 803
1 271
2 400
2 357
2 1058
2 1505
1 1237
1 517
1 356
1 1202
2 256
2 491
1 1086
2 1019
1 810
1 358
1 816
2 1420
1 1061
1 321
2 1082
1 385
1 1070
1 479
2 1492
1 16
2 833
2 1476
1 841
2 1100
1 512
1 40
1 1376
1 684
2 866
2 1377
1 1479
1 225
2 383
1 1062
2 1444
2 1392
2 309
1 800
2 860
1 1179
2 1212
2 838
2 325
2 978
2 981
1 914
1 1130
1 218
1 9
1 129
2 950
1 789
2 1072
2 447
1 1516
2 393
2 110
2 1453
2 305
2 451
2 77
1 338
2 325
1 87
2 406
1 440
2 696
1 1005
1 7
1 1164
2 230
2 941
1 686
1 822
2 538
1 1076
2 506
2 162
2 366
2 543
1 1517
2 311
2 13
2 1201
1 124
1 288
1 875
1 469
2 485
2 1279
1 260
2 1518
1 1212
1 442
2 725
1 342
2 343
2 339
2 693
2 899
1 1122
2 100
2 728
1 52
2 1042
1 481
1 1391
2 103
2 219
2 802
1 1470
1 499
2 379
1 669
1 1394
1 1433
2 9
2 957
1 526
1 1393
1 633
2 1039
1 299
2 1164
1 1079
2 599
2 1369
1 681
2 732
1 1481
2 639
2 1360
2 1045
1 313
1 275
2 399
2 1156
2 407
2 766
1 893
1 1023
2 456
2 701
2 23
1 59
2 1126
1 1409
2 833
2 1324
2 184
1 1161
2 151
1 882
2 281
1 688
2 1034
1 142
2 278
2 852
2 172
1 1365
1 294
2 1146
1 1200
1 1497
1 704
2 1111
2 1150
1 494
1 772
1 1350
2 880
1 356
2 344
2 14
2 114
1 192
2 395
1 869
2 361
1 1493
1 815
2 1429
2 1258
2 545
1 755
2 598
2 1032
1 1260
1 1062
2 1144
2 856
2 1209
2 1088
2 1193
2 908
1 1216
2 1537
2 1137
1 1287
1 568
2 1324
1 776
1 1045
1 274
2 486
1 436
2 500
1 229
1 965
1 1084
2 1361
2 811
2 236
2 876
2 859
1 92
2 956
1 1057
1 685
1 477
2 854
2 731
1 1371
1 1306
2 348
2 1282
2 717
1 301
1 1037
2 1368
1 316
1 641
1 800
1 786
2 1455
1 273
2 1509
2 801
2 1272
1 1413
2 422
1 897
1 303
1 531
1 1326
2 588
1 148
1 462
1 1059
2 1087
2 303
1 609
2 215
2 1102
1 795
2 65
1 489
2 314
1 959
1 478
2 507
1 1336
1 351
1 1123
2 583
2 1234
1 183
1 152
2 480
1 761
2 328
1 688
2 256
2 601
1 358
1 295
2 141
1 426
2 310
1 1442
2 257
2 1417
1 945
1 612
1 1196
2 30
2 1101
1 391
2 204
1 35
2 770
2 1352
1 726
1 132
1 1426
1 290
2 657
2 773
2 836
1 1016
2 199
1 672
2 233
1 1453
2 1097
1 1367
1 307
1 1134
1 1056
1 183
2 825
1 397
1 163
1 77
1 331
1 1188
1 975
1 354
1 578
2 1343
1 853
2 1143
1 1515
1 1219
2 868
2 1454
2 393
2 1049
2 778
1 473
2 69
1 1338
1 254
2 397
2 968
1 508
2 88
1 179
1 669
2 994
2 489
1 557
1 139
1 1362
1 804
2 454
2 458
2 511
2 546
1 429
2 517
1 1470
1 927
2 355
2 757
2 877
1 435
1 1214
1 694
2 1223
1 214
2 1332
2 929
2 687
2 943
1 716
1 557
2 1155
2 1473
2 1479
2 371
2 1206
2 972
2 598
2 1542
1 402
1 102
2 612
2 398
1 1290
2 1315
1 766
2 1485
2 1316
1 600
2 510
2 572
1 185
2 375
2 906
2 1268
2 1011
2 138
2 618
1 1364
2 1450
2 1547
2 715
1 1536
2 476
1 1384
2 1471
1 382
1 1123
2 516
2 839
1 1090
2 856
2 373
2 982
2 1301
1 130
2 509
2 1081
2 116
2 44
1 754
1 197
1 1538
1 1214
1 34
1 1472
1 1383
2 1429
2 1395
1 932
2 1185
1 1424
1 607
2 922
2 352
2 115
1 1263
2 527
2 295
1 888
1 1465
2 718
2 490
2 1005
1 1548
1 1547
1 919
1 1007
2 964
1 1232
2 885
2 10
2 602
2 742
2 769
2 128
1 1098
1 401
2 723
1 1358
1 418
2 776
1 1537
1 7
2 1540
2 662
2 653
2 416
1 779
2 261
1 787
1 957
2 166
1 663
2 940
1 86
2 1423
1 824
2 852
2 172
1 926
2 519
2 862
2 1091
2 896
2 1464
2 1322
1 1209
2 155
2 410
2 1113
1 547
2 655
2 25
1 1281
1 1083
1 1475
1 1178
1 752
2 1418
2 380
2 95
2 699
2 175
2 1044
2 512
2 807
1 536
1 60
2 758
1 706
2 724
1 963
2 1154
2 587
1 186
2 1422
1 777
2 937
1 1511
2 618
2 1077
2 22
2 1346
2 327
2 931
2 1329
1 368
1 366
1 63
1 1334
2 1482
2 577
1 63
2 788
2 191
2 886
2 697
2 1356
1 1126
2 1197
1 558
2 1336
2 2
1 184
1 471
1 703
1 420
2 903
2 1484
1 783
1 495
1 1138
1 1427
2 541
2 753
2 594
1 1442
2 437
2 895
2 1535
2 956
2 276
1 977
1 1305
1 196
2 1104
1 1057
1 873
1 32
1 902
1 656
2 723
1 318
2 198
2 1011
2 262
1 353
1 1307
2 483
2 395
2 1280
2 1379
1 1174
2 368
1 578
1 958
1 245
2 80
1 660
2 403
2 180
1 571
2 1544
1 1502
1 71
1 824
2 1545
1 951
2 622
1 316
1 1141
1 4
1 1017
1 1486
2 105
1 1020
1 473
2 1458
2 952
2 1034
1 377
1 1223
1 134
2 548
2 100
1 1286
2 466
2 298
1 146
2 150
1 396
2 832
2 422
2 1492
1 1075
1 882
1 1487
2 71
1 440
2 447
1 1342
1 1359
1 166
2 195
1 1350
1 225
2 1093
1 104
1 206
1 187
1 1222
2 317
2 839
1 320
2 1047
2 1132
1 596
2 438
2 659
1 645
2 1033
1 995
2 31
2 59
2 1227
1 64
2 683
2 1264
1 986
1 806
1 533
2 261
1 784
2 1032
2 1168
2 412
2 227
2 232
1 1273
1 874
2 1244
1 339
2 210
2 727
1 1035
2 1423
1 1415
2 501
2 18
1 452
1 523
1 742
1 898
1 1160
1 282
2 1248
1 250
2 1182
2 735
2 639
2 259
1 251
2 1349
2 788
2 1315
1 1447
2 570
2 1048
1 1095
2 1536
1 939
2 942
2 710
2 997
1 614
1 848
2 814
2 1143
2 1095
1 470
1 55
1 119
2 737
2 222
2 1404
2 700
2 146
2 464
2 818
1 46
1 564
2 1395
1 843
2 483
1 277
1 68
2 659
1 1387
2 150
1 1116
1 650
2 930
2 1539
2 1514
1 1121
2 1297
1 186
2 38
1 187
2 605
1 130
1 1260
2 1024
1 174
2 285
2 1255
2 1456
2 1462
1 269
2 770
1 912
1 445
2 794
1 719
1 61
2 436
1 1171
1 862
1 310
1 1226
1 990
2 1208
2 1271
1 189
1 1153
2 482
2 1179
1 1421
1 548
1 1431
2 887
1 301
2 1004
2 41
1 106
1 131
1 1015
2 674
2 188
1 1024
2 1459
1 812
1 1533
1 631
2 691
1 1382
1 581
2 721
2 381
2 280
1 1301
2 1065
1 453
2 1365
2 1504
2 1067
1 1297
2 1134
1 216
2 889
2 70
1 1420
1 1277
1 109
2 240
1 126
1 460
2 562
2 289
2 1296
1 635
1 1158
1 111
2 1215
1 716
1 1363
2 592
2 292
2 1354
2 1192
2 1325
2 588
2 293
1 330
2 793
1 362
1 967
2 677
2 137
2 217
1 1522
2 207
2 1
2 808
2 76
1 842
1 568
2 1360
2 226
2 1406
1 1368
2 1480
2 1483
2 1128
1 1121
2 394
2 950
2 530
2 520
2 284
2 181
2 1154
1 878
1 158
1 1088
1 1270
2 560
2 941
1 595
2 943
1 404
1 1436
1 606
1 505
1 1481
1 701
1 1484
1 203
1 1140
2 93
2 1424
1 1448
2 46
1 1187
1 1051
2 651
1 131
1 1402
1 704
1 439
1 522
1 1152
2 1469
1 847
2 1351
1 1224
1 792
2 503
2 563
2 1218
1 488
2 1191
1 165
1 244
1 1110
2 464
2 374
2 99
1 505
1 1139
1 739
1 430
1 237
1 457
1 985
2 390
2 1282
2 1189
2 820
2 499
2 417
2 706
1 886
2 925
1 1304
1 784
1 249
1 1267
2 285
1 504
1 849
2 1194
2 933
2 686
1 929
1 453
1 764
1 785
2 928
2 361
1 496
1 799
1 340
1 761
2 1366
1 1008
1 837
2 854
1 676
2 258
2 136
2 1176
2 1052
1 194
1 430
2 1068
2 159
2 109
1 673
2 1069
1 1494
1 157
2 812
1 693
2 144
1 1033
1 846
1 1355
1 1295
1 1044
1 428
2 67
2 702
1 920
1 1169
2 1195
1 27
2 62
1 976
1 642
2 893
1 359
1 377
2 54
1 577
2 263
2 54
1 1401
2 281
2 672
2 169
1 449
1 329
1 1410
2 149
1 1185
1 82
2 851
1 273
1 585
2 35
2 4
1 879
2 425
2 1468
2 1187
2 525
1 215
2 709
1 177
2 1059
2 127
1 1512
2 92
1 1246
1 302
1 652
2 911
2 1502
2 1381
1 231
1 446
2 185
1 1367
1 73
2 304
2 1421
2 42
1 194
2 1274
2 1532
2 404
1 949
1 13
2 1348
1 1064
2 993
2 575
1 910
2 537
2 1402
2 65
1 1258
1 1048
1 462
2 1254
1 117
2 1189
2 392
1 1346
2 1206
1 1527
1 267
2 552
2 1012
1 597
1 1535
1 1107
1 181
2 983
2 8
1 1225
1 791
2 414
1 1051
2 91
1 1528
2 330
1 1530
2 259
1 1229
2 442
2 1248
1 1161
2 326
1 626
2 1008
2 1135
1 1020
1 8
2 736
1 566
2 743
2 1080
2 1069
1 1094
2 1216
2 211
2 313
2 582
1 567
1 61
1 1405
1 942
2 336
1 459
2 140
2 1183
1 670
2 474
1 553
2 1320
2 294
2 500
1 1430
1 728
1 251
2 979
1 1074
2 1428
1 322
1 1200
2 731
1 986
1 1495
1 671
2 472
2 781
1 1410
2 205
2 620
2 1089
2 1412
1 1262
2 1036
2 296
1 959
1 47
1 469
1 915
2 630
1 1300
2 1203
1 1389
1 1153
1 1149
2 1312
1 554
2 1190
2 1165
1 1221
2 980
2 193
2 448
2 1403
2 472
1 1221
2 515
1 823
2 628
1 692
2 10
1 72
2 1384
1 392
1 579
1 376
1 709
1 1276
2 1207
1 1379
2 1257
1 1226
1 101
1 746
2 625
1 31
2 1266
1 373
1 865
2 286
1 276
1 633
2 142
1 831
2 67
2 1456
2 1030
1 1289
2 1550
1 1115
1 328
2 1538
2 909
2 611
1 1374
2 1352
2 936
1 610
2 821
1 590
1 608
1 1198
1 842
2 484
2 272
1 928
1 961
2 173
2 1152
1 1096
2 149
1 66
1 934
1 1390
1 1225
2 1480
2 209
1 798
2 1
2 1366
1 609
2 1116
2 1320
1 762
2 1157
2 858
1 271
2 1525
2 96
2 1546
1 796
1 87
2 120
1 335
2 1220
1 657
1 1508
2 1199
2 1230
2 1416
2 1271
1 1307
1 1510
1 940
2 265
2 1311
1 1050
1 606
1 1210
2 638
2 25
2 1475
1 12
2 975
1 1313
1 690
2 661
1 1363
2 1269
2 1302
2 1478
2 238
2 1405
1 1211
1 1079
1 1516
1 1035
2 698
1 1241
2 1467
1 283
1 291
1 415
2 1052
2 1364
1 1428
2 1003
1 740
1 1167
1 1234
2 1174
2 636
2 894
1 535
1 1400
2 1390
1 550
2 1344
2 1506
2 759
1 1335
2 210
2 837
2 1181
2 872
1 28
1 680
2 315
2 116
2 1041
2 1202
2 423
1 921
1 20
2 156
2 1101
1 443
1 1392
2 918
1 1431
1 988
1 448
1 1411
2 589
2 1292
2 1369
2 564
2 148
1 990
1 714
2 1104
2 603
1 1312
1 1022
2 1351
1 1281
2 955
2 741
1 989
2 125
2 1001
1 952
1 1491
1 989
2 1407
1 713
2 1361
2 680
1 605
2 314
1 1046
1 1322
2 549
2 652
1 83
2 1151
2 304
1 206
1 790
1 1454
1 42
2 850
1 1438
2 6
1 132
2 1527
2 782
2 556
2 1430
1 1319
1 1053
2 163
1 435
1 835
2 340
2 465
2 795
1 1483
2 378
1 649
2 747
1 1229
1 1497
1 1227
2 415
2 102
2 1534
2 49
2 334
2 1493
1 421
1 595
1 1013
1 83
1 275
2 1173
1 1094
2 26
1 12
2 344
2 938
1 329
2 182
1 972
2 656
1 576
1 326
1 1513
1 851
1 591
1 1201
1 1383
1 664
2 1275
2 741
1 890
1 110
1 139
1 284
1 374
2 213
2 807
1 466
1 702
2 1327
2 1490
1 1543
2 1162
1 1136
2 1027
2 847
1 1500
1 586
2 1106
1 1461
1 1375
1 189
2 1158
1 985
2 1286
2 1413
2 805
2 1401
2 540
1 1452
1 364
1 590
1 173
