3100 6500
2 315
2 470
2 820
2 1445
2 878
1 230
1 1350
2 928
2 465
1 1135
2 870
2 1367
1 428
2 1437
1 38
2 191
1 405
1 920
2 651
2 199
1 350
1 163
2 1547
1 1065
2 166
2 79
2 90
2 516
1 137
1 1516
2 7
1 908
2 273
2 18
2 1128
2 959
1 438
1 1282
1 711
1 1219
1 278
1 152
2 851
1 766
2 804
1 1492
2 218
1 510
1 1336
1 1027
1 1440
1 1423
1 819
2 67
2 93
1 1139
2 384
2 621
2 1018
2 1398
2 909
2 287
1 1530
2 818
1 172
1 1249
1 505
2 1448
2 1197
1 1399
2 422
1 1534
1 560
1 520
1 674
2 854
1 932
2 703
1 757
2 128
1 518
1 642
2 693
1 1103
2 1209
2 1329
2 49
2 167
2 1411
1 830
2 964
1 1246
2 1486
1 769
1 896
2 346
1 259
1 487
2 706
2 963
2 1136
1 302
1 1501
1 1352
1 343
1 383
2 940
1 747
2 132
2 830
1 120
1 251
1 799
2 1452
1 130
2 1165
1 1393
1 31
1 1481
1 984
2 363
2 443
2 1306
1 1233
1 1316
1 852
2 857
1 1506
1 897
2 1007
2 1204
2 396
1 186
2 305
1 771
1 632
1 522
2 404
1 434
1 1159
1 596
1 278
2 794
1 521
1 660
1 469
2 197
1 4
2 87
1 1512
1 1125
1 1043
1 449
2 61
2 1277
2 1114
2 192
2 374
2 572
2 666
2 8
1 300
1 1439
2 361
2 265
2 159
1 151
1 417
1 1062
2 297
1 117
2 752
2 65
2 1
1 1151
2 1085
2 260
1 354
1 1532
2 185
1 1103
1 613
2 544
2 622
2 522
1 1234
1 1231
1 2
1 48
1 1122
2 301
1 1089
1 404
1 991
2 464
2 616
2 1269
1 1286
2 1453
1 1066
2 206
2 651
1 1476
1 1422
2 873
1 1342
2 498
1 1248
2 954
1 926
2 622
1 564
2 1192
2 226
1 373
1 1073
1 205
1 167
2 1285
1 1144
1 241
1 1392
2 497
1 490
1 388
1 6
2 1109
2 845
2 1000
1 453
1 707
1 259
2 762
1 439
2 1229
1 864
2 1369
2 1546
1 491
2 304
2 1321
1 935
1 1305
1 209
2 1318
1 1151
2 718
2 1468
2 475
2 437
1 513
1 1145
1 53
1 924
2 1464
2 1504
1 321
2 586
2 321
2 1520
2 279
1 1474
2 617
1 588
2 436
2 343
1 106
1 556
2 478
1 851
2 235
2 1400
2 1481
1 501
1 850
1 654
2 362
1 1432
1 430
2 1166
2 1217
2 1021
1 641
1 187
1 369
2 504
2 618
1 582
1 1417
1 837
2 1284
2 654
2 1525
2 1054
2 33
2 922
1 8
2 1360
1 438
1 856
1 589
1 1505
2 1039
2 216
1 363
1 333
2 1108
2 313
2 1320
2 894
2 1359
2 736
1 671
1 813
2 1205
1 1232
2 369
1 1309
2 192
1 174
1 773
2 528
2 295
2 1326
2 1029
2 676
2 377
1 661
2 737
1 614
2 657
1 403
1 1341
1 731
1 849
2 213
2 5
2 540
1 1177
2 261
2 1129
2 910
1 399
2 233
2 1004
1 96
1 926
2 41
2 131
2 507
1 181
2 807
2 1098
1 1509
2 285
2 610
2 1344
1 1079
1 1038
2 558
1 748
1 326
2 62
2 552
1 1541
2 1021
1 1233
1 1480
1 484
1 1440
1 1540
1 904
1 394
2 1312
2 512
1 649
1 418
2 378
1 451
2 77
1 373
1 1362
2 1091
1 850
1 387
1 165
2 147
2 557
2 786
1 715
2 1260
1 1508
2 1479
2 545
2 750
1 585
2 1384
2 1160
1 40
1 95
2 1031
2 1200
1 713
1 655
2 861
2 244
1 691
2 413
2 1435
1 1547
1 496
1 1023
1 638
2 435
1 292
1 727
1 1016
2 214
1 22
2 1097
2 1176
2 1403
2 26
2 1125
1 1167
1 1228
1 1364
2 999
1 337
2 932
2 692
2 958
1 370
1 1307
2 886
1 293
1 1268
2 1483
1 764
2 582
2 106
2 1039
2 95
1 221
2 769
1 567
2 274
2 803
2 1162
2 1333
2 1138
1 901
1 591
2 927
1 991
2 455
1 1002
1 481
1 1526
1 712
2 996
1 1267
1 1152
2 531
2 788
1 597
2 403
2 257
2 1420
1 480
1 1179
2 1375
2 570
1 883
1 524
1 685
1 1237
1 1210
2 1082
2 196
2 1060
1 555
2 1308
2 170
1 1051
2 488
1 581
2 1116
2 901
1 406
2 1074
2 389
2 1281
1 939
1 1265
1 633
1 414
1 1058
1 379
1 1430
1 1424
1 768
2 171
2 833
2 1191
1 578
1 648
2 381
2 907
2 1497
2 99
1 20
1 609
2 892
1 120
2 421
1 969
2 1450
2 1327
1 1188
1 1240
2 1275
1 499
2 100
2 460
1 111
1 806
2 1250
2 1519
2 1333
2 549
2 1270
2 357
2 174
1 141
1 1055
2 246
2 1061
2 534
1 1280
2 1168
1 1402
1 792
2 177
1 773
2 165
1 190
1 1277
1 200
2 1533
2 636
1 974
1 1317
1 848
2 1388
2 1025
1 439
1 908
1 1485
1 594
1 461
2 244
1 772
2 1536
2 687
2 600
2 888
2 1144
2 1247
2 1434
1 1011
1 1008
1 938
1 656
2 482
1 1370
2 625
2 503
2 936
1 1231
2 1497
1 240
1 362
2 66
2 355
2 1211
1 1139
1 1262
2 220
2 1207
1 555
2 858
1 719
2 1244
2 29
2 444
2 933
1 1531
1 328
1 112
2 28
1 1461
1 1242
2 626
1 1469
1 62
2 37
1 228
2 838
1 511
1 1205
2 60
2 1241
1 1313
2 197
2 583
2 1246
2 556
1 337
2 1455
1 1308
1 694
1 1158
2 611
1 560
2 1183
2 89
2 231
1 679
1 760
1 1372
1 868
2 1549
2 1433
1 257
2 1390
2 1410
1 509
1 827
1 682
1 783
2 544
2 448
1 762
2 1349
2 887
1 1330
2 1060
2 858
2 60
1 157
2 623
2 1368
2 1293
2 148
1 1127
2 1282
1 353
1 1400
1 143
1 47
1 413
2 930
1 893
1 153
2 1213
1 468
2 380
1 968
1 70
2 181
1 956
1 266
2 1462
1 935
2 1303
1 1332
1 1018
2 750
1 730
2 25
1 393
2 382
2 995
1 884
2 1477
1 1093
1 1458
1 1225
1 1026
1 682
2 764
2 341
2 277
1 1459
2 1309
1 720
1 1153
2 749
1 780
1 1133
2 338
2 727
2 346
1 1394
1 1487
2 1426
1 916
1 931
1 472
2 1037
1 1005
2 598
1 859
2 147
2 1323
1 843
2 286
2 329
2 864
1 17
1 608
1 961
2 949
1 1487
1 351
1 530
1 109
1 798
2 306
2 1286
1 317
1 1023
2 970
2 1472
1 829
1 832
2 741
1 1451
1 1133
1 289
2 183
1 775
1 1356
1 113
2 1311
1 76
1 104
1 433
2 1180
2 71
2 925
2 1397
1 386
1 821
2 1190
2 1517
1 612
2 1058
1 1293
1 32
1 597
2 317
1 331
1 903
1 1062
1 1229
1 1395
2 429
1 704
1 834
2 503
2 327
2 466
1 898
1 1271
1 678
1 476
1 735
2 914
2 284
2 41
2 592
2 1108
2 1297
1 13
2 825
2 267
1 1199
2 1321
2 1471
2 771
1 292
2 419
1 799
2 420
2 1245
2 481
1 684
2 6
2 1475
2 169
2 639
2 603
1 1013
2 1317
1 1152
2 1465
1 1222
1 447
2 169
2 1255
1 275
2 792
1 1221
2 48
1 78
1 1095
1 189
2 1331
1 833
1 844
1 665
2 331
1 662
1 1264
2 942
2 42
2 1506
2 1020
2 202
1 1349
2 903
1 295
1 1048
2 1099
2 358
1 937
2 912
1 465
2 1544
2 1423
2 1213
2 787
2 233
1 1285
2 390
2 896
2 1120
1 798
2 1346
1 546
2 1398
2 1026
2 1477
1 1092
1 150
1 533
1 980
2 594
1 1244
2 840
1 541
1 640
2 871
2 474
2 1456
1 1118
1 677
2 513
1 1449
2 400
1 128
2 919
1 626
1 904
1 441
1 975
2 751
1 791
1 849
1 36
2 1424
1 359
2 15
2 735
2 1115
2 40
1 663
1 419
1 124
1 1116
1 755
1 692
2 780
2 410
2 468
1 324
2 454
2 615
2 607
1 1323
2 195
2 264
2 1075
2 1351
1 1148
1 1493
2 1067
1 235
1 212
1 246
2 920
2 698
1 449
1 875
1 587
2 1086
1 1221
1 781
1 24
1 1306
2 922
2 1328
1 389
1 955
1 379
2 911
1 1071
1 380
1 1090
1 728
1 366
2 1470
2 309
1 808
2 489
2 563
2 268
2 286
2 1371
2 1100
1 146
2 994
2 347
2 44
1 840
2 1193
2 1382
2 822
2 982
1 109
2 443
2 1479
2 397
1 178
2 563
1 758
2 237
1 1263
2 1192
2 237
2 553
1 856
2 283
2 294
2 211
1 471
1 74
1 269
1 325
1 839
1 1072
2 1045
1 508
2 1550
1 53
1 220
2 1304
1 1425
1 847
1 1322
2 902
2 1448
2 1488
1 1433
1 1403
1 862
1 946
2 1372
1 1094
2 1289
1 593
1 1536
2 888
1 553
2 245
1 1167
2 505
1 1239
2 537
2 204
2 1453
1 634
1 770
2 1198
1 322
2 1220
2 107
1 855
2 1348
1 863
2 88
1 475
2 719
2 984
1 1366
2 143
2 897
1 668
2 1131
2 661
1 158
1 989
2 55
2 666
2 472
1 1237
2 1518
2 1429
2 430
2 835
2 1421
2 1406
2 229
1 1260
1 1149
1 1515
2 406
1 514
2 311
2 919
1 1077
1 1279
2 755
2 319
2 554
1 1230
1 1278
1 284
1 1341
2 912
2 258
1 1045
1 805
1 1410
2 1418
2 1528
2 706
1 1040
1 861
1 636
2 10
1 1223
2 398
1 1354
2 196
2 1460
1 841
2 500
1 248
1 312
2 697
2 102
1 905
2 203
1 564
2 1463
1 828
1 658
1 1287
2 1302
2 425
1 1428
2 76
2 1338
1 190
1 224
2 1535
1 803
1 909
2 1209
2 59
1 1163
1 726
2 1050
2 328
1 542
2 761
2 1358
1 825
2 1052
1 863
1 720
1 89
2 551
2 705
2 213
2 643
1 471
1 786
1 7
1 69
1 635
2 807
2 285
2 229
2 411
1 440
2 1082
1 1154
1 796
2 898
2 287
2 35
2 1216
2 1300
2 184
1 152
2 1184
1 1499
1 461
2 924
2 1521
2 1356
1 996
1 547
1 882
2 225
1 330
1 859
1 131
1 793
1 392
1 690
1 1265
1 950
2 784
2 427
2 464
2 715
2 1147
2 824
2 1270
1 1381
2 1376
2 1025
1 1068
1 742
1 417
1 265
2 1036
2 1276
1 1374
2 1168
2 1386
1 890
2 356
1 1326
1 1047
2 1512
1 1178
1 381
1 142
2 770
2 1511
1 316
2 162
2 276
1 446
1 571
2 336
2 1522
2 569
1 1104
1 1429
2 288
2 312
1 355
1 647
1 1457
1 1215
2 23
1 504
1 672
1 140
1 444
2 67
2 333
1 559
2 154
2 498
1 1387
2 39
1 565
1 642
1 848
1 103
1 1081
2 599
2 987
1 538
1 11
1 663
1 628
2 680
1 400
2 717
1 565
1 168
2 149
1 887
1 1291
2 821
1 1449
1 1009
1 611
1 1218
2 180
2 1475
1 1271
1 335
1 600
2 15
1 452
2 1495
1 724
2 646
1 1094
1 772
2 1178
2 1528
1 102
1 696
1 963
1 494
1 753
2 1106
1 428
2 318
2 250
1 683
2 1407
2 407
2 1207
1 1380
2 890
1 1334
2 442
1 1337
1 27
1 925
2 816
1 142
2 361
1 238
2 387
2 700
1 776
2 1458
1 972
2 270
2 303
2 391
1 1499
1 1035
1 44
2 520
2 188
1 1014
2 889
2 176
2 1523
2 1007
2 210
1 14
1 1473
1 469
2 407
1 747
2 590
1 496
1 1461
1 562
1 976
1 1019
1 1084
1 1517
1 1548
2 895
2 283
1 1096
1 1284
2 800
1 1416
2 280
1 51
2 774
2 1524
1 1194
2 595
1 294
2 1250
1 251
1 1533
2 90
1 516
2 263
2 1261
1 831
1 1546
1 123
1 364
2 315
1 956
1 367
1 378
2 1179
2 75
1 938
1 1442
1 847
1 639
1 886
2 1170
1 134
1 34
1 1187
2 1535
1 1138
1 488
2 250
2 985
2 320
2 1466
2 103
2 1409
2 126
2 1136
1 967
2 978
1 722
1 1064
1 1074
1 1281
2 1069
1 1441
2 289
1 253
1 308
1 671
1 386
2 46
1 1010
1 947
2 91
2 941
1 885
1 223
1 820
2 1118
2 765
2 569
1 1177
2 223
1 1002
2 985
1 431
2 997
1 606
2 1344
2 1299
1 395
2 375
2 605
1 150
2 1514
1 57
1 900
2 1431
1 1401
2 1169
1 588
2 415
2 105
1 835
2 1454
1 405
1 182
1 1006
1 368
1 1474
1 376
1 1163
1 1040
2 811
1 1161
1 966
1 1111
1 288
2 359
2 280
2 349
2 576
1 1132
1 1446
2 110
2 841
1 918
2 23
1 1214
1 1290
2 132
2 1220
1 519
2 391
1 1069
1 1291
2 136
1 877
1 291
1 1430
2 1345
2 401
1 701
2 157
1 290
2 357
1 409
2 1274
2 517
1 804
2 1110
1 493
1 1141
1 744
1 697
2 1470
1 1079
2 530
1 688
2 1173
2 329
2 398
1 1130
2 584
2 114
1 708
1 334
2 10
2 1347
2 1539
1 116
2 811
1 207
2 514
1 1302
2 667
2 776
2 1278
2 527
2 945
2 1415
2 1170
1 1389
2 968
1 534
1 485
2 1061
2 994
2 252
1 1175
1 660
1 1463
2 314
2 330
1 902
1 754
1 1446
1 501
1 957
2 252
2 725
1 1496
2 456
2 227
1 297
2 913
2 1548
2 709
2 1057
1 1230
2 869
1 733
2 1
2 500
2 1527
2 352
2 699
2 962
1 499
2 1239
1 1335
2 631
1 757
2 1419
2 1215
2 646
1 219
2 88
1 1185
2 986
2 951
1 495
1 1478
1 1467
1 846
1 734
2 816
2 1550
1 17
1 318
2 644
2 1331
2 1451
1 1373
2 1202
2 627
1 156
2 1524
1 1016
1 1342
1 412
2 1454
2 944
1 473
2 778
1 121
2 423
1 1249
1 1191
1 624
2 717
2 718
1 47
2 730
2 22
1 215
1 50
2 832
2 1195
2 1090
1 1378
2 483
1 368
1 1280
1 473
1 1387
1 502
2 983
1 80
1 977
1 63
2 1520
1 1543
1 819
1 795
1 178
1 630
2 43
2 1022
1 486
2 1130
1 721
1 1105
2 434
2 1236
1 1364
2 1436
2 823
1 1173
1 737
1 1011
2 411
2 1502
2 964
1 227
2 521
1 652
1 695
2 1264
1 791
2 1063
2 75
1 813
1 1028
1 789
1 247
1 602
2 670
2 1363
2 1510
1 189
1 944
2 836
2 894
2 634
1 947
2 873
2 1160
2 817
1 98
2 1267
1 52
1 370
2 123
2 972
1 880
1 1298
2 1397
1 618
1 1315
2 1488
2 467
1 874
1 1346
2 506
1 1056
1 11
2 1258
2 240
1 1325
2 767
2 1225
2 1501
1 759
1 969
2 782
2 613
2 763
1 693
2 1299
1 56
2 712
2 1494
2 254
2 1495
1 1472
1 271
1 77
1 26
2 952
2 875
1 115
1 1371
1 1256
1 1405
1 1411
2 1243
1 929
1 883
1 1095
1 1455
2 843
2 137
2 323
2 485
2 686
2 1216
1 725
2 1413
1 1171
1 637
1 595
1 202
1 342
1 865
1 536
1 1143
1 1347
1 1046
2 812
2 455
1 1041
1 812
2 970
2 1081
2 768
1 1416
2 1385
2 1134
2 80
1 184
1 607
1 1017
1 1452
2 608
1 290
2 16
1 1334
1 915
1 1337
1 307
1 1208
1 1480
1 1491
2 982
2 1235
1 1203
1 1322
2 364
1 962
1 310
2 1383
2 868
1 110
1 732
2 1214
1 191
1 1080
2 1019
1 580
1 685
1 1425
1 435
2 1493
2 326
2 1471
2 752
1 532
2 930
1 1149
1 728
1 19
1 459
2 694
1 1117
1 1274
1 279
1 860
2 1097
1 97
2 586
1 305
2 630
2 1263
1 261
1 300
2 356
2 1234
2 1105
1 56
2 164
1 1182
1 1183
2 1482
1 437
2 85
1 943
2 1119
2 1161
2 1052
2 614
1 1083
1 451
2 740
1 831
2 1351
2 249
2 609
1 24
2 1037
1 360
1 243
2 1121
2 490
2 1370
1 1360
2 327
2 583
2 82
1 1485
2 339
2 974
2 348
1 675
1 823
1 805
1 585
2 78
1 690
2 108
2 554
2 1148
1 1189
2 561
1 659
1 322
2 1368
2 234
1 422
2 1001
1 162
1 371
2 577
2 1312
1 104
2 1435
1 1417
2 1393
2 1427
1 159
2 1420
2 354
2 1292
2 548
2 1464
1 1112
2 574
2 100
2 761
2 201
2 635
2 69
1 1272
2 1156
2 939
1 1367
1 680
2 1439
2 180
1 460
2 1113
1 1127
2 1507
1 960
2 1445
2 58
2 55
2 1067
1 543
2 1338
2 183
1 783
2 536
2 1043
2 173
1 790
2 236
1 1184
1 127
2 1388
2 86
1 610
1 992
2 1476
2 116
1 1319
2 988
2 299
2 1055
2 316
2 782
1 79
2 1490
1 699
2 1252
1 1399
1 1354
1 1486
2 1325
2 124
1 1228
2 164
2 19
1 1483
2 410
2 815
2 979
1 1159
2 986
1 298
2 1419
2 927
1 1157
2 303
1 1539
1 1542
1 746
1 826
2 1112
1 688
2 1379
2 477
2 619
1 446
1 1374
1 1132
2 949
1 1181
1 948
1 1469
2 1232
2 107
2 1251
2 188
2 809
1 906
1 923
1 344
2 1100
1 301
2 566
1 136
2 1355
1 1332
2 1034
2 119
1 1009
1 1357
1 268
1 401
2 740
1 1172
2 696
1 987
1 179
1 627
2 201
1 1012
2 392
2 1031
1 1401
1 477
1 1457
1 1269
2 700
1 552
2 1394
2 308
2 1017
1 1046
2 1259
1 934
2 921
1 39
1 54
1 1150
1 524
1 1434
1 990
2 130
1 1505
2 1443
2 1135
1 1298
2 1508
1 260
1 800
2 119
2 738
2 743
2 1375
1 151
1 593
1 1311
1 1106
1 965
2 1196
2 1330
2 629
1 951
2 5
2 418
2 872
2 1088
1 866
1 621
2 704
2 853
1 1549
1 1111
2 399
2 3
1 35
2 155
2 810
1 937
2 115
1 993
1 276
1 853
2 620
2 1339
1 1320
1 734
1 1407
1 931
1 1340
1 1545
2 1142
2 1365
2 575
1 205
2 12
2 1319
1 1537
2 371
2 1365
2 1396
1 140
2 1145
2 1316
2 112
1 714
2 511
1 1384
2 1024
1 953
1 867
1 372
2 1294
2 1051
1 1027
2 541
1 870
2 774
2 1030
1 1085
2 977
1 1218
1 1530
1 72
2 34
2 1114
2 604
1 1361
2 1288
2 702
1 85
2 914
2 1022
2 998
2 1122
2 314
1 1529
2 1327
1 1015
2 1519
2 1525
1 138
1 1003
1 605
2 491
2 1261
2 1203
1 108
1 1157
2 94
2 1541
1 341
1 1014
2 1335
1 814
1 1102
2 1044
1 86
1 54
1 936
1 535
1 869
1 532
1 426
2 884
2 1273
2 1238
1 1421
1 1102
1 1142
1 674
2 1120
2 408
2 893
1 456
1 1523
1 631
2 256
2 1155
2 695
2 775
1 91
1 1222
2 961
1 450
2 1146
2 714
2 1383
2 1500
2 126
2 1093
2 876
1 628
1 365
1 139
1 726
1 225
1 332
2 1189
1 12
1 729
2 1210
1 568
1 1303
2 526
2 1542
1 844
2 1460
1 467
2 1353
1 943
2 817
2 1266
1 170
2 1208
2 548
1 993
1 214
1 1190
2 533
2 325
2 1049
2 83
2 1053
1 1396
1 21
2 1489
2 1514
2 781
2 612
1 517
2 952
1 1015
2 1414
2 638
2 172
2 916
2 573
2 264
1 377
1 546
2 571
1 1012
1 281
1 1236
2 1185
1 971
1 637
2 1496
2 557
1 874
2 1414
2 677
1 195
1 1543
1 1147
2 669
2 515
2 73
2 118
2 1089
2 676
1 161
2 492
2 273
1 669
2 262
2 298
1 1041
1 862
1 1412
2 1078
1 510
2 122
2 414
2 215
2 891
2 929
1 1438
1 736
2 1110
2 71
1 1490
1 1005
2 1357
2 1003
2 1171
2 967
2 1444
1 302
1 1324
1 1301
1 1377
2 1272
2 1092
2 1287
2 350
2 591
1 256
1 275
1 125
1 723
2 1109
1 1224
1 1431
1 1001
2 1131
2 1140
2 558
1 578
2 790
2 81
1 1359
2 133
2 1164
1 691
2 1091
1 787
1 224
2 304
1 1381
2 1166
1 412
2 1227
1 1494
1 911
1 222
1 802
2 824
2 93
2 1329
1 1212
2 1226
1 881
1 1126
2 1196
2 146
1 649
2 281
2 744
2 1509
1 32
2 910
2 480
2 1545
1 1256
2 65
2 1247
1 156
1 31
1 296
1 814
1 745
2 1200
2 705
1 891
1 763
1 176
2 1071
1 262
1 653
2 1066
1 18
2 689
1 506
1 550
1 1266
1 668
1 482
1 709
2 433
1 899
1 1314
1 1049
2 291
1 1080
1 1254
1 458
2 309
1 1219
1 664
2 1107
2 384
2 1047
2 1315
2 1254
2 194
2 641
1 114
2 625
2 248
2 575
2 272
2 230
2 1211
1 63
1 1540
2 98
2 432
2 198
2 2
1 402
1 508
2 1084
2 662
1 836
2 1137
2 1467
2 559
1 1395
1 645
1 644
2 589
1 1204
2 97
1 573
1 339
2 584
2 148
1 959
1 420
1 940
2 358
2 185
1 942
2 1164
1 9
1 177
1 336
2 241
2 795
2 122
2 579
1 1503
2 1028
2 141
1 1020
2 135
2 1088
2 650
2 153
1 580
2 946
1 193
2 655
1 1187
1 1198
1 129
2 127
2 494
2 1243
1 335
2 1426
1 1529
2 1124
1 293
1 796
1 1294
2 1313
2 445
1 801
1 1101
1 1418
1 1409
1 809
1 1415
1 376
2 194
2 602
1 385
2 975
1 416
1 547
2 1436
2 568
1 881
1 222
1 1172
2 587
2 166
1 889
2 721
2 1507
1 1113
1 1390
1 617
1 885
2 667
1 1404
1 632
2 1195
1 1350
1 1427
1 395
2 440
2 527
2 1348
2 1104
1 1379
1 1059
1 754
2 519
2 1297
2 269
1 1510
1 537
1 423
2 16
2 454
1 187
2 463
1 175
2 474
2 429
1 236
2 1056
1 129
1 424
2 921
1 277
1 882
1 1392
1 551
1 540
2 562
2 30
1 751
1 263
2 1438
2 1515
2 340
1 846
2 1502
2 979
1 818
1 319
2 479
2 52
2 242
1 68
1 1279
1 1032
1 4
1 1050
2 1406
1 239
2 200
1 973
2 1378
1 1126
2 158
2 352
2 523
1 348
1 1134
2 463
1 1154
1 175
1 745
2 1432
2 1101
2 742
1 802
1 535
2 657
1 1257
2 332
1 1087
2 643
2 596
2 20
1 743
1 1199
2 1162
1 1340
1 686
1 382
2 515
2 842
2 1518
2 543
1 479
2 258
1 878
1 457
1 1283
1 933
2 33
2 426
2 960
1 659
2 1238
1 442
2 1504
1 198
1 1115
1 64
2 687
2 784
2 980
1 1443
2 1489
2 981
1 1273
2 74
1 228
1 489
2 1405
2 566
1 915
2 645
2 673
2 1343
1 523
2 208
1 383
2 698
1 561
1 978
2 570
1 710
1 212
1 94
2 702
2 30
1 965
1 155
1 1155
2 1498
2 179
1 118
1 616
1 528
2 746
2 653
2 453
1 37
2 834
2 117
2 509
1 470
1 209
1 917
2 741
2 13
2 913
1 416
2 161
2 1363
2 495
2 778
2 342
1 958
2 1064
1 815
1 139
1 1262
1 917
2 670
2 345
1 976
2 615
2 145
1 1259
2 121
1 221
1 1386
2 941
1 1307
1 483
2 567
2 1141
1 267
1 271
2 1310
2 396
1 457
1 493
1 999
1 866
2 1382
2 1004
1 574
2 441
1 1408
2 1484
1 995
2 1385
1 105
2 948
1 1290
2 1404
2 1036
2 673
1 877
2 538
2 1158
1 539
1 829
1 9
1 365
1 1456
1 1314
2 307
2 1336
1 1527
1 1042
2 1532
2 711
1 1296
2 421
2 163
1 879
1 83
1 598
1 1030
2 73
1 492
2 1526
1 249
1 1212
2 1076
2 1235
1 3
1 1369
1 1428
1 1206
1 954
1 998
1 173
2 310
2 313
1 826
1 808
1 49
1 624
2 1202
2 57
1 1175
2 1072
1 254
1 1402
2 1276
1 231
1 1117
1 466
2 1500
2 1253
2 375
1 1059
2 619
1 1194
2 372
1 758
1 345
1 724
1 217
1 549
2 1343
2 738
2 723
2 135
2 681
1 427
2 1201
1 218
2 452
1 650
1 1301
2 134
1 1437
1 1038
2 1503
1 239
1 550
2 349
2 590
1 640
2 1143
1 1242
1 144
1 990
2 981
1 46
2 255
1 1492
1 581
2 592
1 827
1 366
1 367
1 733
2 385
2 828
2 1193
2 1197
2 899
1 92
1 1482
2 880
1 710
2 431
1 99
1 45
1 1044
2 245
2 168
1 950
1 797
2 867
2 906
1 1180
2 1465
1 1442
2 854
1 518
1 203
2 81
1 199
1 971
2 756
2 1048
1 1057
1 338
1 1521
2 606
2 707
2 785
1 1068
2 274
2 476
2 679
2 1289
2 282
2 1176
2 1098
2 1024
2 748
1 207
1 810
2 1544
2 353
1 629
2 66
2 749
2 684
1 837
2 1362
2 1070
1 1537
2 1444
2 577
2 620
2 648
2 50
2 852
1 955
2 966
1 1462
2 238
1 1224
1 599
2 658
1 497
2 1128
2 70
2 432
2 623
2 1498
1 1538
2 1376
1 767
1 731
2 739
1 487
2 1391
1 1358
2 1251
1 900
1 918
1 1181
2 997
2 1324
2 1182
2 255
2 1186
1 232
1 462
2 953
2 1129
2 732
1 1186
2 1010
1 1513
2 1206
1 579
1 1296
1 647
1 788
1 1119
2 857
2 448
2 1288
1 701
1 459
2 64
1 1174
1 243
1 462
1 860
2 436
2 101
1 234
2 51
2 601
2 1165
2 722
2 409
1 28
1 872
2 182
1 766
1 1292
2 1065
1 154
2 1538
1 1063
1 1345
2 1099
1 801
1 1054
1 82
2 656
2 36
1 133
1 576
1 68
1 445
2 486
1 1033
2 111
2 542
1 1412
2 1466
1 160
1 1070
1 871
1 1468
1 777
2 1473
1 408
1 502
2 340
2 299
1 311
2 208
1 633
1 216
2 664
1 1522
2 58
1 484
2 1077
1 1078
2 193
1 478
1 1447
1 334
1 1174
1 760
2 186
1 1033
2 512
2 272
2 84
1 1034
1 14
1 1413
1 210
1 450
1 1253
2 171
2 507
2 777
1 1140
1 842
1 1035
2 1006
1 360
1 1353
1 1032
2 779
2 1268
1 1156
2 1534
1 113
1 531
2 703
2 458
2 1300
1 923
1 1459
2 545
2 785
2 539
2 716
2 1042
2 447
1 45
1 845
2 945
2 344
1 665
2 1123
1 1083
2 1087
1 739
2 226
2 144
1 266
2 1257
2 270
1 206
2 1137
1 145
2 1255
2 324
2 765
2 38
2 681
2 957
1 992
2 1096
2 390
2 1013
1 839
1 388
1 1123
1 425
1 988
1 1075
1 296
2 779
2 306
2 1295
1 247
2 928
2 1150
1 351
2 983
1 424
1 753
1 232
1 1275
2 1146
2 211
2 759
1 1355
1 149
2 1053
2 1366
2 729
2 42
2 415
2 323
2 393
2 1491
2 708
2 1153
2 1201
2 789
1 204
2 989
1 675
2 101
2 1328
2 892
2 525
2 756
2 1124
1 29
2 1076
2 253
1 1318
2 1447
1 716
2 603
2 1217
2 1107
1 1121
1 1513
1 84
1 72
2 27
2 1391
1 1223
2 125
2 855
2 397
1 1245
2 61
1 1373
2 217
2 793
1 1169
2 876
2 96
1 838
2 895
2 160
2 320
1 1441
1 1188
1 347
2 1248
2 604
2 794
1 572
2 1000
2 374
2 92
1 1478
1 1377
1 1304
2 683
2 879
1 1380
1 526
1 1516
2 797
1 1008
2 1361
1 934
1 1305
2 138
2 525
1 689
2 1240
2 219
2 672
2 1252
2 87
2 529
1 822
1 1258
1 1531
2 1029
2 394
2 865
1 1283
2 402
2 1422
1 1408
2 1389
2 1226
1 1241
2 21
2 907
1 1086
1 713
2 242
2 905
2 529
2 59
2 1295
2 678
1 1450
2 1339
2 1073
1 25
1 973
2 601
2 282
1 1484
2 1227
1 1352
1 652
1 43
1 806
1 1511
2 1310
