3600 6000
1 928
2 230
2 680
2 1751
1 1730
2 1728
1 1715
1 476
2 1284
1 1617
2 1065
1 1417
1 1043
1 575
1 1593
2 1637
1 981
2 489
1 409
1 1031
2 988
2 560
2 455
2 1565
1 402
1 1470
1 1585
2 1111
1 596
2 360
2 1693
2 947
1 1345
1 1188
2 87
2 868
1 1671
2 929
2 1094
2 1310
1 103
1 352
1 280
1 556
1 674
2 1323
1 1557
1 345
1 330
1 589
1 520
2 313
2 398
2 1453
2 720
1 1052
2 1795
2 247
2 1260
1 1671
1 561
2 1243
1 1622
1 1402
1 967
2 956
2 642
1 1759
2 619
1 1107
1 550
1 195
1 1655
2 1392
2 348
1 490
2 723
1 40
2 907
1 659
2 1360
1 267
1 135
2 539
2 900
2 1444
2 1314
1 274
1 1082
2 1049
2 443
2 1215
2 1430
1 673
1 654
2 1650
2 644
1 220
2 1005
1 28
1 589
1 724
2 656
2 1167
2 1365
1 1167
2 1514
1 1639
2 1445
2 870
2 1672
1 312
1 1030
2 1170
1 1579
2 1117
2 1154
1 1573
1 1
1 335
1 540
1 1339
1 1500
1 257
1 497
1 1405
1 1713
2 628
1 825
1 88
2 1756
2 870
1 425
1 429
2 1570
2 413
2 449
1 75
1 513
1 1603
2 471
1 856
2 198
1 1788
2 377
1 996
2 663
1 522
1 141
2 254
1 1401
2 1528
1 1652
1 42
2 1656
1 1668
1 1490
2 1184
1 1268
1 1191
2 1696
2 264
2 1442
2 432
1 1291
1 1241
1 1427
2 964
2 1255
2 1712
1 877
2 1084
2 1452
1 82
1 1398
2 98
2 1429
2 1611
1 886
2 1023
1 1135
1 976
1 1428
1 386
2 1414
2 865
2 1604
1 1653
2 482
1 1736
2 950
2 1584
1 1201
2 1272
2 1408
1 285
2 1217
1 293
2 8
2 810
2 1029
1 388
1 321
2 1625
1 1158
1 132
1 1774
2 765
1 1073
2 916
2 728
1 1580
1 1358
2 380
1 1687
1 806
2 117
1 571
1 1628
2 1705
1 620
2 1107
2 1002
2 249
1 1632
2 22
2 332
2 1697
1 862
1 378
1 1599
1 631
1 1253
2 694
2 896
2 1144
1 1165
2 1220
2 1319
1 1537
2 700
1 639
2 1441
1 1227
1 1187
1 371
1 954
2 1696
1 1207
2 1596
2 1273
1 1009
1 1212
2 1174
2 1417
1 1461
2 662
1 602
1 1415
1 912
2 37
2 226
1 1436
1 558
1 1502
2 1172
2 1074
2 1606
1 986
1 1343
1 1180
1 1242
2 731
2 366
2 1123
2 482
1 103
1 1195
1 535
1 144
1 1250
2 617
1 856
2 1549
1 862
1 1173
1 1337
2 1598
1 63
2 678
2 1719
1 1793
2 805
1 1258
1 1688
2 1623
2 1332
1 1077
1 1092
1 465
1 918
1 403
2 1296
2 1262
2 405
2 1032
2 1611
1 173
2 971
1 154
2 1609
1 1115
1 648
2 641
1 250
1 269
2 446
1 832
1 1051
2 1800
2 554
2 1506
2 534
2 993
2 1129
2 356
1 483
1 147
1 1540
1 535
2 238
1 1765
1 1288
2 231
1 1108
2 712
1 1333
1 1474
1 799
1 941
2 1776
2 1341
2 73
1 1479
2 1590
2 809
2 893
2 1351
2 1630
1 478
2 1019
1 1743
2 1127
1 1006
2 1747
2 182
2 1412
1 637
1 162
1 64
2 1247
1 1153
1 410
1 1699
1 1147
1 141
2 929
2 1255
1 965
1 1057
1 255
1 615
2 97
1 177
2 1675
2 761
1 901
1 155
2 1292
1 551
2 1191
2 1496
2 1205
1 859
2 339
1 413
2 1409
2 1614
1 1465
1 1663
1 1379
1 152
1 1298
2 1001
2 337
2 92
1 263
2 902
2 605
1 68
1 1658
2 894
2 373
1 472
2 1375
1 157
1 1304
2 583
2 909
1 672
1 1377
1 1162
1 257
2 149
2 1055
1 10
1 1192
2 1386
2 651
1 1398
1 1352
1 1134
1 151
2 461
1 265
2 1500
1 1690
1 729
1 40
2 59
1 378
1 454
2 1045
2 331
1 991
2 951
2 1626
1 1451
1 661
2 374
1 830
1 1454
1 762
2 600
1 35
1 1751
2 1420
2 132
2 1433
2 990
2 680
2 205
1 350
2 560
1 594
1 1504
1 476
2 344
2 444
2 730
1 968
1 858
2 992
2 1577
1 353
2 1499
2 579
2 334
2 1022
2 1110
1 58
2 1013
1 384
1 376
1 1627
2 1597
2 536
1 1020
1 866
2 1389
2 1705
1 448
1 850
2 1175
1 1369
1 1216
2 1043
2 1639
2 397
2 29
2 1032
2 1601
2 1643
1 467
2 1190
2 1143
1 182
2 358
2 1534
2 1190
1 21
2 788
2 817
2 1407
2 1456
1 833
1 1364
2 608
1 1036
2 1551
1 1620
2 1735
2 26
1 1300
2 368
2 1080
1 1545
2 1591
2 1202
2 342
1 692
2 1624
2 705
1 1572
1 1535
2 1058
1 188
2 725
2 1625
1 911
1 41
1 1394
1 1636
2 1021
2 1314
1 1345
1 1587
1 1688
2 625
2 333
2 33
1 1771
2 1427
2 667
2 165
2 15
1 1412
2 1446
2 955
2 1561
1 194
2 1335
1 283
2 99
2 1220
2 1375
2 1469
2 1664
1 1634
1 1612
2 1769
1 1294
2 463
1 25
1 1764
2 199
2 1753
1 867
2 1272
2 1725
1 106
1 22
1 1344
2 1019
1 1076
1 101
1 491
2 1786
1 71
2 1739
2 937
2 424
2 213
2 1485
2 38
1 1151
2 1111
2 485
2 672
2 79
1 1665
1 477
2 777
2 1372
2 211
1 1595
2 1455
2 271
2 145
2 1567
2 569
2 1086
2 1405
1 223
2 1042
1 884
1 1428
2 314
1 888
1 89
1 541
2 239
2 1340
2 675
1 1718
2 506
1 495
1 202
2 1252
2 215
2 562
2 559
1 1038
1 1400
2 1456
2 1631
1 805
1 624
1 753
1 1536
2 945
1 1344
2 925
1 1177
1 949
2 1716
2 1219
2 497
2 983
2 30
1 353
1 1281
1 1424
2 1501
2 1337
2 1339
2 1050
1 1308
2 295
1 1597
2 420
2 869
1 255
1 1384
2 1689
2 1348
1 506
1 1620
1 51
1 411
2 1364
1 1429
2 566
1 781
1 110
2 677
2 1291
2 231
1 436
1 850
1 1575
2 1000
2 1245
2 468
2 612
1 530
1 466
1 833
2 1282
1 340
1 273
1 1214
2 359
2 1780
2 116
1 52
1 1548
1 1373
2 1784
1 1472
1 123
1 1419
1 1333
1 972
1 291
1 1661
1 1393
2 1662
2 179
2 85
2 585
2 829
2 1435
1 85
2 1465
1 863
1 1133
1 210
1 1263
2 754
2 501
2 646
2 1194
2 252
1 213
2 1681
1 83
2 1651
1 756
2 252
2 1146
1 979
2 949
2 1297
1 1455
2 128
1 517
1 1378
2 669
2 557
2 1583
2 674
2 1746
1 716
1 95
1 957
1 815
2 876
1 572
2 21
1 369
2 17
1 1416
1 1572
2 800
1 1325
2 1438
2 1221
1 1046
1 258
2 66
2 946
1 1797
1 789
1 904
2 127
1 474
2 1050
2 209
2 1631
1 36
2 294
2 1457
2 1794
1 636
2 1010
2 1789
2 1548
2 627
1 823
2 301
2 703
2 808
1 1231
1 53
2 686
2 1411
1 509
2 1775
1 839
2 834
1 1104
2 536
1 1765
2 399
1 838
2 320
2 751
2 91
2 395
1 269
2 1723
1 1451
2 1109
1 228
2 1391
2 895
2 1154
1 515
2 227
2 1265
2 738
2 878
1 1181
2 647
2 725
1 780
1 305
1 1280
2 1182
2 1203
1 1788
1 1594
2 425
1 175
2 1415
1 1594
1 1244
2 462
2 1741
1 508
1 1401
2 1633
2 1394
1 577
2 190
1 385
1 445
2 1036
2 1467
1 1744
2 980
2 690
2 332
1 57
1 818
2 1051
1 900
1 1119
2 665
1 284
1 136
1 797
1 880
1 249
2 582
2 212
2 1290
2 1098
2 542
2 212
2 196
1 1723
1 1119
1 827
1 1727
1 1139
1 362
2 1431
1 1695
1 1357
1 318
1 713
1 545
2 447
2 1778
2 1657
1 11
2 1290
2 1666
1 874
1 665
2 415
1 207
2 1102
1 919
1 1562
1 711
2 19
1 1031
1 1478
1 233
1 1552
1 1382
1 1523
1 1374
2 123
2 1737
2 1800
1 1103
2 1552
2 722
1 1437
2 844
2 607
2 1604
2 139
2 1724
2 1093
1 108
1 473
1 1752
1 101
1 335
2 1306
2 243
2 852
1 401
1 723
2 172
2 495
2 842
1 1135
2 71
2 278
1 687
2 254
2 1226
1 985
1 42
2 361
1 1383
1 702
2 729
2 94
2 1421
1 406
1 1760
2 1576
2 1193
2 1128
1 1256
2 1423
2 133
1 504
1 1721
2 77
1 989
2 1758
2 1722
2 1340
2 1213
2 1395
2 1685
1 763
1 1100
1 831
1 1334
2 580
1 174
1 522
2 828
2 1658
2 916
1 1341
2 1257
1 509
2 135
2 398
1 897
2 973
1 1150
1 1079
1 75
1 1030
1 785
2 463
1 1309
1 163
2 1366
2 642
2 1473
1 772
1 1703
1 1717
1 102
2 1373
2 696
1 1140
1 1124
2 1559
2 118
1 907
2 1326
2 1327
2 62
1 156
2 752
1 1169
2 751
1 1486
1 1256
1 393
1 823
2 1739
1 122
1 1316
2 1794
2 1039
2 1423
1 1582
1 1540
2 898
1 150
2 1673
1 1749
2 1371
2 640
2 217
2 813
2 357
1 1062
1 892
2 475
2 1301
1 471
2 1640
1 474
1 1261
2 73
2 1701
1 1066
1 1400
1 1480
2 1212
2 298
2 1038
2 1676
2 987
2 1125
2 1214
1 978
2 689
1 1693
1 306
1 121
1 277
1 383
1 1096
2 1799
1 324
1 908
1 303
2 591
2 1504
1 1479
2 811
1 1016
1 16
2 1786
2 183
2 601
2 1439
2 1734
2 347
1 349
2 1335
1 1056
1 1768
1 98
2 558
2 930
2 1790
1 1281
1 113
2 1731
1 37
2 69
2 989
1 13
1 484
2 1161
1 650
1 571
2 998
2 354
2 234
2 595
1 480
2 1647
1 1068
2 1085
1 238
1 325
1 1308
2 1663
1 692
1 926
1 381
2 520
2 1312
2 261
2 390
1 29
2 840
2 1732
1 1681
1 1462
1 748
2 1591
2 1084
1 113
1 844
1 551
2 1648
1 1152
2 1060
2 1068
2 286
2 1566
1 758
1 364
2 1142
2 82
2 982
2 1613
1 1218
1 477
1 460
1 481
1 1534
1 552
2 1471
1 537
1 115
2 1564
2 543
2 1302
2 1755
1 153
2 1094
2 1161
1 434
2 939
1 771
2 1785
2 1387
2 1368
1 1447
2 993
2 1236
2 885
1 1267
1 849
1 14
1 1136
2 308
1 905
2 1044
2 1164
2 1574
1 965
1 1012
1 1380
2 1659
2 1494
2 904
1 883
2 253
1 616
1 691
2 557
1 1488
2 275
1 122
2 392
2 121
1 857
1 861
2 366
2 1358
1 100
2 1269
1 72
2 1558
1 960
1 1440
2 1550
1 1004
1 794
2 1649
1 236
1 1554
2 1760
1 419
2 428
2 414
1 550
2 1523
2 1125
2 1299
2 886
1 1518
1 80
1 984
2 105
2 668
1 170
2 245
1 1529
2 1593
2 1059
2 733
2 1678
1 1785
2 839
1 708
1 637
2 307
2 355
2 1698
1 581
1 701
1 438
1 177
1 60
2 288
1 1093
1 753
2 1461
1 426
2 1746
2 1311
1 1224
1 344
2 658
1 636
1 1576
1 484
2 1762
1 564
1 1545
1 388
2 431
2 235
1 1755
2 400
1 1638
1 272
1 1110
2 1484
2 309
2 1779
2 574
2 935
1 441
2 846
2 1434
1 1211
1 510
2 719
1 276
2 178
1 51
2 1616
2 655
1 30
2 90
1 1495
2 755
2 909
2 1186
2 1547
2 188
1 683
2 1542
1 1322
1 871
1 768
2 87
1 1286
1 788
1 1105
2 617
2 1240
1 147
1 62
2 1022
1 675
1 1098
2 1363
1 1753
2 902
2 1228
2 1371
2 791
2 114
2 596
2 1018
2 524
1 251
2 1095
1 1493
1 111
2 742
2 287
1 1677
2 646
1 1468
2 208
1 1275
2 793
1 889
2 660
2 218
1 1226
1 813
1 1349
1 609
2 1711
1 638
1 1183
2 834
2 1516
2 1259
1 836
1 802
2 362
2 698
1 867
2 118
2 647
2 464
1 1691
2 678
1 8
1 112
2 1769
1 663
2 1433
2 566
1 1007
1 1586
1 1464
1 1078
1 643
2 586
1 1395
2 847
1 739
2 604
2 998
2 180
1 746
2 853
1 421
1 1734
1 899
2 537
1 1013
2 653
1 906
2 460
2 942
2 270
2 240
1 1466
1 836
1 1354
2 45
1 549
2 273
1 189
2 1480
1 72
1 120
1 1521
2 1685
2 1151
2 826
1 818
1 822
1 1740
1 863
2 1179
2 679
2 331
1 1713
1 1508
2 937
2 94
1 1011
1 1589
2 581
2 395
1 1302
1 1232
2 879
2 1568
2 737
1 782
1 1509
1 1026
2 399
2 866
2 1202
1 1471
2 28
1 168
1 1118
1 318
1 545
1 266
1 1153
2 527
1 853
2 199
1 323
1 1081
2 503
1 699
1 245
1 296
1 609
1 1162
2 1744
2 1740
1 1694
2 1501
1 1440
2 424
1 300
2 1343
2 174
1 1034
2 200
2 311
1 1016
1 369
2 1025
2 464
1 769
2 1224
2 129
2 503
1 979
1 643
2 1498
2 759
1 1041
1 461
1 1608
2 1015
1 1028
2 44
1 505
1 1621
1 816
1 89
1 1292
2 237
2 999
1 1164
1 1101
1 831
1 1758
2 423
2 876
1 1498
2 16
2 52
1 491
2 1644
1 76
2 1300
2 1189
2 74
1 975
1 556
1 322
1 1615
2 671
1 1389
2 175
2 966
2 224
2 404
1 1278
2 874
1 1060
1 962
1 35
2 1040
2 142
2 126
2 1553
1 116
2 248
2 124
1 191
2 948
2 871
2 492
1 493
1 43
2 750
1 359
1 20
2 879
2 376
2 187
1 480
2 1792
2 285
1 752
1 666
1 19
1 164
1 1482
2 824
2 1664
2 1581
2 1268
1 10
1 640
1 634
1 1682
2 68
1 148
1 1771
2 1352
2 1046
1 891
2 699
2 651
1 1124
2 1227
1 920
1 1112
1 630
1 739
2 195
2 1362
2 1234
1 728
1 437
2 959
1 379
2 361
1 717
1 391
1 310
2 279
2 810
1 1686
1 1709
2 1483
2 1378
2 765
2 980
1 457
2 667
2 1132
2 652
1 171
2 784
2 1615
2 115
2 1178
2 917
1 622
1 17
1 734
2 229
2 456
2 1754
1 470
1 814
2 1578
1 1448
2 1356
1 222
2 1668
2 1515
1 1328
2 708
2 662
1 1777
1 1511
1 1729
1 1475
1 171
2 987
1 547
1 1766
2 1695
2 1714
1 1644
1 1486
2 942
2 1630
1 1434
1 644
2 367
1 935
1 387
2 1497
1 633
1 563
1 1652
2 747
2 1503
1 1170
1 1083
1 348
1 1485
1 289
2 932
2 845
2 239
1 1462
2 289
2 1070
2 1635
1 250
1 139
1 473
1 338
1 1126
1 1436
1 597
1 1113
1 920
2 969
2 1476
1 1768
2 421
2 800
1 449
2 1496
2 1698
1 1115
2 538
2 1666
2 282
2 1273
1 681
2 408
2 963
2 1011
2 1355
1 1388
1 1796
1 1549
1 304
1 1413
1 13
1 342
1 1449
1 512
2 855
2 1689
2 1553
2 1336
2 1230
2 1626
2 575
2 606
2 1735
2 478
1 845
1 1067
1 1459
2 519
1 1218
1 1259
2 622
1 523
2 877
2 1432
2 926
2 125
1 1305
2 137
1 681
1 1137
1 1165
1 54
1 1513
2 204
1 1460
2 743
1 32
2 1182
1 1351
1 755
2 964
2 1262
2 1120
2 1317
1 1158
2 718
2 496
2 403
2 1197
2 241
2 450
2 339
1 432
1 1709
1 1444
1 1071
1 159
2 790
2 1425
1 838
2 134
1 153
1 588
2 1126
1 507
2 156
1 236
1 1240
1 1589
1 46
1 770
1 1729
2 846
2 775
1 832
2 903
1 774
1 787
1 1463
1 299
1 1304
2 1679
2 162
2 1114
2 1416
2 1773
1 343
1 1027
1 1049
2 500
2 546
1 567
1 1466
1 1684
2 1159
2 227
2 525
1 511
2 837
2 1318
1 1282
1 1402
2 540
2 1528
2 1370
1 1184
1 1798
2 1627
1 145
1 1797
2 1157
1 157
2 1217
1 1028
1 338
1 1086
2 357
2 208
1 1305
2 910
1 598
2 1087
2 1002
1 1487
1 621
2 1475
2 93
1 1617
1 76
1 1647
1 146
2 1355
1 778
2 781
2 1176
1 1197
2 1522
1 1476
1 452
1 995
1 1670
2 580
1 1616
2 670
2 69
1 319
1 297
1 1359
2 26
1 1383
2 438
2 1044
2 1708
1 397
2 144
1 1674
1 1266
2 1588
2 158
1 910
1 1370
1 1185
1 1048
1 1726
1 1198
1 857
2 1618
2 12
1 1602
2 346
1 563
1 185
1 1580
2 2
1 623
2 1704
1 713
1 1478
1 934
2 1338
1 309
2 487
2 1225
1 921
1 216
2 117
1 130
2 435
2 1269
1 1653
1 953
2 1575
1 1775
1 997
2 367
1 1610
1 90
1 469
2 1037
2 158
1 96
1 1742
2 134
1 1174
2 275
1 120
2 25
1 38
2 773
2 1684
2 1527
2 1386
2 1234
1 819
1 1091
1 1117
2 633
1 843
1 686
2 1491
2 1738
2 957
2 1541
2 1024
1 994
2 70
2 34
1 1230
1 1691
1 352
2 893
1 905
1 613
2 211
1 140
2 801
2 104
2 983
1 668
2 159
2 843
2 519
1 516
1 1633
2 804
2 1321
2 270
2 219
1 1099
2 445
1 304
1 1712
1 1477
2 760
2 109
2 1441
1 1279
2 1293
2 392
2 547
2 56
2 314
2 67
1 1059
2 1237
1 897
1 232
2 963
1 1487
1 561
1 246
2 934
1 1321
1 315
2 808
2 1503
2 1253
1 394
1 1140
1 447
2 1532
1 1143
1 264
2 443
1 513
1 719
1 1538
1 1100
1 518
1 1130
1 530
1 1207
1 1258
1 895
1 635
1 1669
2 657
1 1163
2 1316
1 1392
2 107
2 653
1 740
1 618
2 467
1 1539
1 351
2 60
2 734
2 1156
2 1192
1 1654
2 587
1 944
2 812
1 771
1 1410
1 429
2 442
2 323
2 883
1 756
1 472
2 706
1 1257
2 61
2 1353
2 1554
1 1574
2 1571
2 1717
2 562
2 1670
1 220
2 780
2 822
2 661
2 954
1 1122
2 468
2 276
2 715
1 852
2 977
2 1649
1 58
1 1061
1 1295
1 614
2 1148
1 586
1 693
1 882
1 854
2 890
2 958
2 529
2 1667
1 1701
1 689
1 894
1 442
2 743
2 1066
2 885
2 346
2 27
1 55
1 694
1 278
2 258
2 214
2 1348
1 1454
2 619
2 341
2 481
1 363
1 192
1 259
2 107
2 631
2 1546
2 1390
1 1332
1 1602
1 1634
1 715
2 1687
2 291
1 567
2 229
1 64
1 1058
2 1139
1 1399
1 1700
1 201
1 1587
1 1763
1 1558
1 736
1 1235
2 1039
1 1342
1 682
2 248
2 1130
2 514
1 1317
2 281
1 932
1 529
2 272
2 1079
1 754
1 654
1 1676
2 693
2 1406
2 143
1 1360
1 383
2 1017
1 81
1 1271
1 1276
1 594
1 835
2 555
2 444
2 1623
1 1331
2 1379
1 961
2 923
2 178
1 583
2 1777
2 737
1 219
2 541
2 923
2 1596
2 189
2 872
1 1265
1 328
2 679
2 308
1 1035
1 848
2 1680
1 283
1 218
2 284
2 198
1 329
2 260
1 1613
1 1643
1 5
1 1090
1 1686
1 1406
1 1524
2 1229
1 27
1 241
1 1047
1 1247
1 1233
1 1326
2 1112
1 977
1 1037
1 475
2 1194
1 465
1 1054
1 1025
2 840
2 1648
2 450
2 1783
2 825
2 364
2 854
2 333
2 731
1 795
2 1134
2 559
2 749
1 1155
2 911
1 1619
1 1385
2 1384
2 1061
2 1520
2 698
2 1347
2 1178
2 41
2 1419
1 1699
1 664
2 815
1 975
1 247
1 1078
1 1397
1 798
1 620
1 1168
1 1733
2 1773
2 48
2 507
2 1024
1 1743
1 119
2 1096
1 951
1 131
2 380
1 1798
2 1692
2 785
1 1571
1 757
2 287
1 1742
1 168
2 1403
1 921
1 1064
2 225
2 837
1 936
2 1027
2 1157
1 1052
1 928
1 809
1 225
1 261
1 570
2 44
1 624
1 1519
2 96
1 814
1 593
1 470
2 1683
1 592
1 297
2 717
1 732
1 423
2 329
2 887
1 1782
2 1138
1 542
2 127
1 615
2 1006
1 377
1 300
2 166
1 695
2 185
1 684
2 891
1 914
1 457
1 1737
1 1088
2 1396
1 294
1 1122
1 1200
1 603
1 433
1 544
2 1560
1 1761
2 1640
2 1432
2 265
1 1592
2 1774
2 1210
1 767
2 1313
1 656
2 1536
2 1418
2 1525
2 1538
1 49
1 1251
2 859
2 370
2 1275
1 1141
1 927
1 703
1 724
1 1533
1 1014
2 1001
1 1438
1 1171
2 428
2 1201
1 1239
2 435
1 105
1 1377
2 282
2 78
2 459
1 1531
1 384
2 1248
2 1081
2 576
2 160
2 590
1 326
1 948
2 1669
1 262
2 1530
2 486
1 1390
1 1163
2 1329
1 1087
1 1008
2 803
1 288
2 972
2 532
1 1446
1 773
2 307
1 738
1 1424
2 430
2 919
2 940
1 714
1 317
2 356
1 796
1 440
1 412
2 1216
2 417
1 295
2 485
1 169
2 1426
1 1404
2 1399
1 1710
1 718
2 1228
2 576
1 614
2 568
2 286
2 243
1 489
2 1761
1 221
2 1757
1 956
2 533
1 502
1 860
2 1711
2 433
1 1026
1 716
2 847
1 271
1 710
1 953
1 959
1 1029
1 305
1 1069
2 92
2 1599
1 148
2 1250
1 913
1 140
1 1715
2 317
2 1447
2 1229
1 390
2 597
2 1673
1 1606
1 861
2 479
2 1544
1 1641
2 204
2 1285
2 587
2 1310
2 1295
2 93
2 1410
2 1254
2 328
2 1706
1 160
1 1168
2 237
1 1235
1 774
1 66
2 1646
2 1374
2 382
2 1152
1 1209
1 1298
2 24
2 1404
2 6
1 1320
2 1324
2 414
2 1095
2 320
2 821
1 634
1 1525
1 685
2 170
1 816
1 1204
1 1238
2 394
1 1750
1 824
1 1543
2 941
2 721
1 1747
1 973
2 526
2 1414
1 1277
2 784
2 570
1 1313
1 990
2 499
2 568
1 986
2 682
2 527
1 1116
1 1329
2 1330
1 952
1 1799
2 1551
2 1278
2 496
2 193
2 70
2 130
2 1537
1 1692
2 1714
1 1385
2 1366
2 191
2 849
2 577
1 166
2 787
2 1665
2 111
2 544
2 828
2 418
2 630
1 1198
2 868
2 687
2 992
1 290
1 1793
1 741
2 1489
1 1531
2 1767
1 758
1 1725
1 1547
2 1361
2 1473
1 1106
1 1133
1 1544
1 108
1 372
1 792
2 1195
1 226
2 483
1 1127
1 206
1 1318
1 1795
1 306
1 1080
1 311
1 1566
2 209
1 86
1 1453
2 1791
2 1169
2 292
2 1223
1 1199
1 1090
2 627
1 102
1 1767
1 543
2 702
2 1515
1 1722
1 315
1 1156
2 971
2 1598
2 1056
2 1072
1 150
2 546
1 1185
1 1105
1 1103
1 1242
2 14
1 1650
2 1204
1 532
2 1706
2 782
2 1499
1 1607
2 453
2 655
1 1787
1 293
2 302
2 777
1 1521
1 337
1 1020
1 943
2 1102
1 908
2 334
2 677
2 214
1 1142
1 389
2 131
1 1225
1 1766
1 292
2 1243
2 1330
2 922
1 1507
2 1215
2 422
1 645
1 881
1 673
2 1254
1 994
1 1238
2 1776
1 1233
1 945
1 1629
1 420
2 1509
1 1260
1 228
1 604
2 1610
2 379
1 451
2 1138
2 1728
1 1336
1 1588
1 1088
1 20
1 1208
1 499
2 1014
1 936
1 440
1 165
1 1246
1 1097
2 1458
2 128
2 1512
2 730
1 1075
1 1327
1 1619
1 1183
1 873
2 1555
1 11
2 129
1 1172
2 1731
1 764
2 434
1 223
1 46
2 749
1 260
1 1362
2 1741
2 1363
2 1222
2 1092
1 1697
1 649
2 1452
2 453
1 1005
1 1045
2 50
2 1064
1 603
1 232
1 350
1 326
2 639
2 1595
1 84
2 1562
2 740
1 1703
2 1131
1 1073
1 1381
1 599
2 299
2 1307
2 1745
1 15
2 523
1 303
1 181
2 1003
2 1783
2 246
1 336
2 829
1 1368
1 757
2 1113
1 1792
2 3
1 1590
2 24
1 1542
2 969
1 1563
2 914
2 494
1 1675
1 1672
2 1219
2 234
2 688
2 1160
2 203
1 691
2 1137
1 1075
1 1573
1 539
1 685
2 1757
1 915
2 186
1 1557
2 1155
2 267
2 797
1 649
1 709
1 779
1 1287
2 1458
1 1083
1 149
1 396
1 1541
1 996
1 726
2 1021
2 1199
1 163
2 1443
1 251
1 1520
1 707
1 628
1 1186
1 63
1 807
2 590
1 1518
2 1270
2 1469
1 1091
2 1206
2 950
1 114
1 875
1 976
1 322
1 626
1 511
1 707
2 927
1 1120
2 455
1 783
1 349
2 705
1 1303
2 917
2 766
1 722
2 39
2 768
2 203
1 676
1 922
1 80
2 1063
2 1561
1 1577
1 1517
1 776
1 508
2 697
2 1116
1 217
2 426
1 184
2 521
1 431
2 960
1 1667
2 1074
2 1121
1 1418
2 1160
1 1010
1 1778
2 1607
2 632
1 1457
1 584
2 958
1 365
1 1762
2 1567
2 202
2 1109
2 1569
1 1349
1 12
2 1023
2 1750
1 1222
1 205
2 890
1 648
2 1071
1 47
2 1581
2 1101
1 1463
1 1408
1 2
2 152
2 1106
1 1505
2 1618
2 110
1 657
2 416
1 1213
2 899
2 1311
1 1660
1 1252
1 1347
1 1159
2 512
1 280
2 330
2 1193
1 1067
1 944
2 1583
1 1508
1 1089
2 1482
2 230
2 1070
2 1507
1 181
1 660
2 1176
1 621
1 1382
1 1492
2 578
2 1388
1 65
1 1756
2 1267
2 1720
1 1721
2 616
1 629
1 763
2 611
1 1000
2 1012
1 1422
1 1533
1 764
1 7
2 23
1 1651
2 750
2 1495
1 486
2 1468
2 327
1 1387
2 493
2 1603
2 281
2 889
2 786
1 1145
2 554
1 1391
1 896
2 880
2 1015
1 1535
2 33
2 666
2 1040
2 1085
1 1636
1 1443
1 1645
1 534
1 172
2 1246
2 1543
1 817
1 1529
2 1555
2 1077
1 851
2 1053
1 732
1 1148
2 1008
2 671
1 422
2 1791
2 138
2 606
1 801
1 1306
1 382
2 124
1 48
1 54
2 1393
1 452
1 999
1 277
2 595
2 1493
1 1380
2 869
2 488
1 406
1 799
2 313
2 548
1 23
1 1208
1 873
1 742
1 79
1 50
2 279
1 1430
2 1239
1 405
2 1136
2 437
2 77
2 1502
2 1196
2 830
1 1248
1 190
2 59
1 588
2 459
2 1661
2 1720
2 1361
1 1764
1 524
1 500
2 1403
1 1727
1 858
2 427
1 1614
2 351
1 746
2 404
2 974
2 1283
1 263
1 735
1 690
2 194
1 112
1 456
1 454
2 1236
2 1600
2 913
2 736
1 760
2 793
1 947
1 1779
1 1211
2 599
2 767
1 1179
2 1149
1 316
2 1203
1 81
1 1034
2 938
2 274
1 1770
1 1397
1 224
1 1263
2 242
2 1280
2 1621
1 1062
1 301
2 607
1 912
1 683
2 779
2 1556
2 1048
1 1331
2 528
2 851
1 427
1 173
2 479
2 154
2 501
1 794
2 104
1 569
1 242
1 1539
1 848
1 1359
2 169
2 984
1 1033
1 786
2 504
2 373
1 402
2 704
1 298
2 795
2 498
1 302
1 1346
1 164
2 1749
1 360
2 207
2 1307
1 1726
2 1123
1 1657
1 1492
1 375
2 525
2 744
1 1004
1 137
1 1586
1 488
2 888
2 1146
1 610
2 711
1 835
1 584
1 1
1 555
2 1526
2 409
1 235
2 1622
1 553
1 664
2 789
2 458
1 1166
2 200
1 1559
2 1289
2 918
2 1097
2 266
1 1221
2 875
1 1409
2 826
1 1683
1 1506
1 436
1 1637
2 1274
1 985
2 1511
1 340
2 903
1 370
2 517
2 878
1 1342
2 206
1 841
1 769
2 572
2 391
2 1608
2 610
1 184
2 1277
1 176
2 408
2 1099
2 700
1 396
2 1682
1 1118
1 1532
1 1516
2 669
1 518
1 462
2 1283
1 1188
1 549
1 1716
2 1789
1 712
2 626
2 345
2 812
1 709
1 1270
2 1700
2 1042
1 1007
1 1121
1 1579
1 898
2 1662
1 446
2 327
1 721
1 197
2 1439
2 419
1 343
1 494
1 55
2 638
2 1780
2 1730
1 1047
1 1354
1 1251
2 1338
2 726
1 744
2 136
2 720
2 1568
2 347
1 1205
2 1781
1 924
2 1707
1 1209
1 1009
1 1690
2 336
1 1659
1 210
2 1563
1 591
2 1624
1 4
1 598
1 371
1 1642
1 791
1 36
2 7
1 1680
2 1707
1 1450
2 498
2 1274
1 240
1 748
1 256
1 804
1 676
1 625
2 1569
2 841
1 387
1 952
2 1474
2 1517
2 593
2 1759
2 179
2 1315
1 1294
2 1484
2 1645
1 233
1 658
2 1710
2 1489
2 319
2 1237
2 253
2 1284
2 355
1 1149
2 1449
2 1407
1 1494
2 1108
1 1514
1 684
1 803
2 49
2 641
1 1353
1 1206
1 1656
1 1719
2 374
1 792
1 1287
2 997
2 1426
2 99
1 872
2 961
2 602
1 1546
2 1289
1 745
2 1053
1 83
2 1231
1 962
1 991
1 363
2 1490
2 1271
1 1736
2 618
2 1585
2 1309
2 1144
2 733
2 1017
2 167
1 842
1 605
2 864
1 106
2 1241
2 515
2 1491
1 548
2 78
1 970
2 1376
2 701
2 1592
2 697
1 1129
1 939
1 1320
2 1782
2 1249
2 441
1 1738
2 221
2 9
2 216
2 201
2 31
1 1369
2 565
1 821
1 1041
2 1200
2 505
1 1421
2 573
1 807
2 1718
2 981
1 933
1 183
2 526
1 39
1 1035
1 466
2 1104
1 268
2 1560
2 1367
2 222
1 1266
1 1150
1 193
2 97
2 864
2 1082
1 451
2 1763
1 1605
2 553
2 579
1 881
1 186
1 776
2 196
2 65
1 820
2 119
1 316
1 490
1 514
2 938
2 161
2 564
2 930
1 88
1 538
1 1114
1 1171
1 1166
2 410
1 95
1 1057
2 1745
1 925
1 1472
2 1629
2 448
1 521
1 901
1 1702
2 386
1 1674
1 84
2 1748
1 1513
1 706
1 884
1 1459
1 244
1 585
1 966
2 180
1 502
1 790
1 1325
1 430
1 1467
2 1612
1 5
1 31
1 187
1 1442
2 778
1 1286
1 1694
2 1210
2 611
2 632
2 192
1 578
2 469
1 407
1 573
2 1063
1 1324
2 1754
1 1505
2 1470
2 268
1 310
2 1724
1 670
2 1772
1 354
1 1422
2 151
1 1752
2 381
1 1319
2 1128
2 1413
1 759
1 1460
2 623
2 1635
1 1512
1 43
2 67
1 802
2 1131
1 650
1 827
2 770
1 1315
2 393
1 1678
1 1642
1 1564
2 416
1 34
1 714
2 531
2 1519
1 968
2 735
1 1628
2 1069
2 1297
1 1450
1 887
2 1732
2 1488
2 528
2 1526
1 53
2 3
2 582
1 312
1 1530
1 1288
2 368
2 1264
2 978
2 1065
1 510
1 61
2 882
2 1522
2 761
2 1582
1 1312
2 1322
1 600
2 1510
2 1033
1 1055
2 695
2 613
1 933
2 418
1 1180
1 9
2 197
1 417
1 1641
1 1565
1 161
2 1638
1 1655
2 1323
1 18
2 1175
1 439
2 1601
2 74
1 143
1 1187
2 1527
1 126
1 1702
2 1632
2 1276
1 1350
2 492
1 1464
2 775
2 1223
2 1556
1 47
2 772
1 696
2 811
2 516
1 1790
1 1232
2 798
1 1435
1 796
1 1279
1 659
2 100
1 1437
2 1770
2 1660
1 1787
1 375
1 946
1 1381
1 142
2 1483
1 1244
2 931
2 1189
1 262
1 407
2 865
2 574
2 601
1 1264
2 629
1 762
1 91
1 704
2 1396
2 1181
2 487
2 1141
1 645
2 1748
1 259
2 995
1 1704
2 741
1 415
1 1350
1 401
1 1249
2 931
1 1570
1 1796
2 860
2 1772
2 906
1 1367
2 1346
1 1296
1 1445
1 1420
2 385
1 766
2 967
1 612
2 552
1 1147
1 325
2 155
1 1261
1 747
1 1781
1 652
2 167
1 533
1 1328
2 1054
2 215
2 1003
2 109
2 915
1 1089
2 806
2 1784
1 1425
2 296
1 635
1 819
1 988
1 1285
1 1600
1 1550
2 1411
1 855
1 974
2 608
2 125
1 1177
1 783
1 1076
1 1605
1 1245
1 727
1 1018
2 138
1 1481
2 1301
2 565
1 592
2 412
1 4
2 6
2 56
1 341
2 389
1 1524
1 1356
1 439
1 411
2 256
2 1196
1 372
2 710
2 1584
1 1654
2 1497
1 18
2 982
2 1376
2 1477
1 146
1 970
2 32
1 1173
1 1431
1 1145
1 133
1 290
1 1510
2 57
1 176
1 531
1 727
2 1299
1 1334
1 1609
2 1132
1 45
2 1646
2 1293
2 924
2 1448
1 321
1 1708
1 688
2 1677
2 955
1 892
1 1072
1 324
1 1578
2 358
1 820
2 365
1 1303
2 86
1 745
2 940
2 1372
1 1733
2 1357
2 1481
2 244
2 400
2 1679
1 458
2 1365
2 943
