3100 4500
1 562
1 654
1 1284
1 564
2 437
2 983
2 1261
2 246
2 1521
1 847
2 1287
1 1380
2 1063
2 1309
1 259
1 413
1 1167
1 142
2 225
2 594
1 1133
2 378
2 78
2 786
2 349
2 501
1 1057
2 1434
1 1095
2 1377
1 634
2 1222
2 703
1 1071
1 755
2 513
1 332
1 938
1 1044
1 643
2 1049
1 797
1 1035
2 1451
2 99
2 1153
1 1344
2 1511
2 541
2 742
2 90
2 1504
2 1294
2 936
2 1171
1 1249
1 645
2 1100
2 1007
1 1356
2 1247
1 562
1 393
1 191
1 82
2 1469
2 1365
2 1529
2 1463
1 680
2 1475
1 251
2 1024
1 1483
1 498
2 294
2 342
2 864
2 554
1 854
2 197
1 126
1 608
2 1433
1 1260
2 149
1 462
2 662
2 133
1 389
1 296
1 687
2 732
2 575
2 784
1 419
2 127
2 768
1 659
1 409
1 1428
1 278
1 1136
1 1175
2 769
1 799
2 329
1 1331
1 1171
2 1094
1 152
1 1072
1 805
2 1457
2 508
2 1266
1 674
2 465
1 387
1 932
1 1042
2 41
1 1492
2 1068
2 1048
2 973
1 245
1 1014
1 541
1 1534
2 1270
1 1219
2 746
1 1201
1 887
1 6
2 312
1 1053
1 672
2 984
2 1245
2 292
2 856
1 1452
1 1512
2 376
1 602
2 195
2 1328
1 805
2 63
2 360
1 111
2 718
1 288
2 1211
2 1488
2 495
2 426
2 653
1 1411
1 1132
1 993
2 841
1 1149
1 201
2 933
1 1399
2 552
2 525
2 1471
1 551
2 1368
2 885
2 518
1 1154
1 1263
1 76
1 1217
1 914
1 103
2 1398
2 839
1 234
1 1496
2 118
1 335
1 944
1 456
1 1170
2 1491
2 1143
2 857
1 359
1 1119
2 236
2 1117
2 344
2 826
1 424
1 11
1 883
1 1363
1 114
2 1195
1 185
2 910
2 791
2 1018
2 1162
1 755
2 598
2 1545
2 563
1 1048
1 760
1 1466
2 690
1 1400
2 716
2 1041
2 235
2 812
2 1423
1 1494
2 1047
1 1176
2 961
1 1151
2 701
2 1264
2 300
1 1183
1 1059
1 267
2 1015
1 317
1 721
2 856
1 492
2 240
1 542
2 1011
2 1096
1 404
1 1335
1 1306
2 509
2 381
2 287
1 692
1 1435
1 566
2 780
1 1430
2 730
2 752
1 569
1 1548
2 650
2 745
1 8
2 521
2 952
1 1491
1 693
2 939
1 1259
2 954
2 736
1 1074
1 44
1 670
2 962
2 1244
1 798
1 1508
2 1023
1 120
2 649
1 928
1 841
1 666
1 1470
2 598
2 730
2 1002
2 256
2 1184
1 543
2 1506
2 1533
1 777
2 710
2 73
2 820
2 747
2 1307
1 639
2 375
2 1324
2 1269
2 1228
1 1336
1 829
2 1547
2 1251
2 1235
1 472
2 1198
2 949
2 1422
2 557
2 1295
2 836
1 1143
2 1206
1 1485
2 876
2 250
1 1144
1 793
1 1149
1 1375
2 1336
1 278
2 684
1 421
2 1265
1 1481
1 1228
1 1191
1 1348
1 1240
2 1224
1 67
2 823
1 1103
2 1482
2 1040
2 16
1 868
1 10
1 999
2 601
1 1117
1 955
1 1129
2 202
1 1304
1 831
1 131
1 989
2 213
1 269
1 494
2 837
1 256
1 508
2 611
1 945
1 695
1 321
2 844
2 453
1 1411
2 1169
2 1214
2 537
2 1124
2 1256
2 1318
2 998
2 125
1 154
2 34
2 221
2 927
1 530
2 781
1 1480
1 39
1 490
1 794
1 1315
1 828
2 622
2 1127
1 1111
2 1471
1 473
2 897
1 265
2 1519
1 482
1 673
2 539
2 458
2 97
1 1406
1 559
2 1231
1 1370
1 813
1 1010
1 442
1 1126
2 1415
2 496
1 889
1 986
2 1321
2 750
2 1036
2 531
2 1022
2 1087
2 1122
2 824
2 1168
2 534
1 585
2 616
2 899
2 661
1 557
2 276
1 1232
1 620
2 1020
2 412
2 450
1 949
2 384
1 584
1 48
1 215
1 1290
1 146
1 1516
2 666
2 1303
1 362
1 664
2 631
2 665
2 176
1 414
1 886
2 1547
1 1190
2 997
1 981
2 1262
1 189
2 244
2 1137
1 1172
1 25
1 754
1 1209
1 477
2 1009
1 152
2 969
2 467
2 203
2 1051
2 586
1 1477
2 1054
1 64
2 1483
1 1090
1 1458
2 807
2 463
1 1463
2 565
2 1113
1 263
2 839
2 366
2 1254
1 685
1 1257
1 1543
2 4
2 1005
1 1242
1 70
1 470
2 1080
1 1298
2 19
2 892
2 1308
2 1078
1 1280
1 1050
1 282
1 504
2 873
2 1268
1 1104
1 1517
2 602
1 744
2 633
2 136
2 816
2 95
1 827
2 1223
2 242
2 979
2 291
1 426
1 791
2 1338
2 1403
1 1323
2 1290
2 1279
1 130
1 290
1 872
2 465
1 252
1 542
2 632
1 475
2 1266
1 216
2 1308
2 109
1 1013
2 395
1 1256
2 248
2 635
2 1232
1 1349
1 1377
1 1161
1 487
2 1160
1 589
2 282
2 546
1 193
1 148
1 758
2 1394
1 8
2 698
2 881
1 1479
2 435
2 931
2 495
1 211
1 801
2 168
1 1393
1 119
2 260
1 1188
2 877
2 943
2 1129
2 1239
2 449
1 615
2 1072
2 1226
2 200
1 494
1 1351
2 1140
1 877
1 731
2 333
2 1340
1 1253
1 135
1 829
2 323
2 958
2 621
1 190
2 121
1 1208
2 1147
1 186
1 399
1 285
1 12
2 1194
1 17
1 209
1 321
2 1088
1 554
2 382
1 916
2 1082
1 1468
1 1097
2 718
1 51
2 281
1 116
1 91
2 1542
1 671
2 1539
2 985
2 630
2 101
1 978
2 1444
1 113
2 582
1 1163
2 642
2 112
2 348
2 783
1 1042
2 21
1 550
2 721
1 283
1 1246
1 210
2 1199
1 1075
2 1245
2 1193
1 1333
2 960
2 1069
1 948
2 1449
1 289
2 105
1 669
2 1069
2 667
2 998
1 567
2 1494
1 1414
1 772
2 160
1 169
2 348
1 792
1 907
1 354
1 230
2 422
2 24
1 1248
1 957
2 1031
1 1441
2 289
2 567
1 167
2 1433
2 134
2 867
1 1465
2 287
1 231
2 514
2 595
1 430
2 469
1 403
1 1349
1 96
1 1300
1 502
2 732
2 103
1 1490
2 964
1 444
2 840
2 1182
1 222
2 1501
1 430
2 600
1 124
1 459
1 939
1 1470
2 334
2 449
2 396
2 751
2 1209
2 117
1 1535
2 1493
1 1114
2 1150
2 934
1 13
2 1366
2 482
2 135
1 606
1 532
2 272
2 12
2 1540
1 848
2 1247
2 1007
2 1419
2 1194
2 1288
2 1307
1 5
1 1402
1 1175
1 855
2 1330
1 879
1 710
2 609
1 636
2 881
1 176
1 1536
1 1312
1 1094
2 411
1 1165
2 1406
2 1016
1 1203
2 1187
1 1202
1 1282
2 454
1 1230
1 53
2 642
2 373
2 806
2 659
2 899
2 399
2 588
2 238
2 878
2 63
1 849
1 1045
1 922
1 311
2 1361
1 777
1 1341
1 611
1 772
2 825
1 358
2 1002
1 924
1 59
2 333
1 122
1 233
2 492
2 1334
2 1013
1 4
1 28
1 1237
2 788
1 1455
2 177
2 1073
2 582
1 57
2 476
2 1220
2 670
2 740
1 1378
1 452
1 575
2 320
1 104
1 262
1 371
2 990
1 116
2 1140
1 35
2 1286
1 490
2 268
1 1382
1 258
1 583
2 641
2 775
1 644
2 96
2 375
1 782
1 497
2 783
1 316
2 1386
2 137
2 68
2 538
1 61
1 1452
1 456
1 888
1 361
1 237
1 275
2 967
1 1427
2 1428
1 568
2 343
2 943
1 607
1 808
1 813
2 185
1 1364
2 270
2 440
1 383
1 366
1 1231
2 403
1 633
1 343
1 837
2 1148
1 217
1 1270
1 132
1 223
1 475
2 1112
2 428
1 158
1 1204
1 106
1 363
2 432
1 762
1 1173
2 34
1 1012
1 1271
1 156
1 735
1 965
2 1476
2 503
1 819
1 930
2 729
2 963
1 451
1 1030
1 293
2 1510
1 1037
1 338
2 228
2 1397
2 1431
1 1180
2 808
1 43
1 1334
1 699
2 293
1 405
2 1147
2 1181
2 244
2 1296
2 985
1 402
1 629
1 369
1 581
2 401
1 1354
2 1196
2 441
1 1489
2 128
2 1333
2 186
2 1550
1 344
2 773
1 438
1 862
2 549
2 682
2 980
2 253
1 394
1 1357
2 452
2 737
1 367
1 472
2 425
2 1409
2 652
1 387
1 1297
1 190
2 656
1 759
1 55
2 1479
1 529
2 214
2 1321
2 471
1 1169
1 1285
2 743
1 1497
1 540
2 142
1 1081
1 510
1 682
1 336
2 1099
1 576
1 1539
1 1079
2 700
1 637
1 858
1 219
2 923
2 500
1 389
2 514
1 906
1 532
1 763
2 168
2 464
1 22
1 524
1 861
2 1215
2 1544
2 310
1 530
1 26
2 1086
2 332
1 1103
2 134
1 1000
1 364
1 97
2 361
2 771
2 941
1 329
2 1451
2 136
2 790
1 228
1 1384
1 726
2 1268
1 1049
1 522
1 518
2 1034
2 1319
2 897
1 619
1 1346
2 1059
1 559
2 950
1 977
1 973
2 37
2 931
1 473
2 757
1 716
2 1166
1 1330
2 1511
2 1415
1 37
2 1341
2 319
1 762
2 767
1 1329
2 499
1 141
1 319
1 234
2 350
1 138
2 1548
1 1055
1 988
1 308
2 1450
1 932
1 1386
2 1312
2 1124
1 1241
1 1144
1 1252
2 773
2 825
1 363
1 546
2 697
2 239
2 328
1 580
1 471
2 1482
1 3
2 683
2 161
2 265
1 1500
2 331
2 1441
2 30
2 1383
2 1106
2 574
1 505
2 1378
1 417
2 200
1 776
2 859
1 18
1 1101
2 360
2 1342
2 558
1 391
2 538
2 1454
2 457
2 1381
2 601
2 300
2 1327
2 99
1 1527
1 379
1 1298
2 775
1 811
1 706
1 445
1 420
1 955
1 1549
2 239
1 916
2 1060
1 1342
2 215
1 1453
1 1343
1 901
2 657
2 218
2 847
1 461
2 204
1 1157
2 1372
1 273
1 410
2 1361
2 1442
2 147
1 1003
1 1150
2 866
2 1329
2 264
2 1138
2 1216
1 572
2 315
2 876
2 1381
2 1012
2 545
1 1238
1 1467
1 1474
1 416
1 394
1 1054
2 796
1 164
1 1248
2 197
1 1071
1 211
1 800
1 741
2 1207
2 624
2 110
1 623
2 1468
1 1151
1 971
2 1346
2 483
1 851
2 306
2 1138
2 1385
1 579
1 23
1 515
1 987
2 1508
1 528
2 398
1 592
2 486
2 614
1 1009
1 345
1 971
1 446
1 216
2 1543
1 798
1 298
2 628
1 1426
1 1359
2 1424
1 921
2 423
1 173
2 915
1 545
1 1219
1 527
2 1390
1 675
1 1447
2 1364
1 526
2 875
1 1206
1 977
1 553
2 169
1 618
2 853
1 1076
2 578
2 498
2 368
2 784
1 53
2 208
2 489
1 1394
1 1498
2 207
1 694
2 720
2 1112
1 448
1 873
1 1533
1 1440
2 1142
2 427
2 884
1 433
2 513
1 201
2 1066
2 632
1 91
1 22
2 1010
1 480
2 734
1 975
1 1179
1 596
1 59
1 56
1 525
1 551
2 486
2 1053
1 1531
1 605
2 789
1 413
1 1478
1 306
1 818
2 1234
1 905
1 205
1 627
1 1314
1 1437
2 1183
1 944
1 917
2 356
1 860
1 326
2 1347
1 953
1 1417
1 714
2 1530
1 285
2 1376
2 2
1 996
2 1091
2 1214
2 267
2 1001
1 1084
1 1425
1 719
2 683
1 1089
2 663
2 1492
2 445
2 192
2 1477
2 292
1 1021
2 1283
1 1332
2 844
1 919
1 902
2 1309
2 1337
2 749
1 1224
1 455
2 1274
1 296
1 182
2 737
1 902
2 1379
1 1490
1 625
2 812
1 1299
1 162
1 1115
2 60
2 87
2 1061
2 1521
2 719
2 787
2 1244
1 842
2 1161
1 111
2 1538
1 144
1 1495
2 23
2 1339
1 381
2 1444
2 571
2 874
1 821
2 1236
1 678
1 1501
2 861
2 150
2 685
1 181
2 1295
1 1218
1 388
1 1205
1 391
1 1120
2 172
2 1099
1 956
2 1396
2 600
2 561
1 124
1 1502
1 1455
1 954
2 1156
2 1079
1 1445
2 870
2 67
1 1424
2 965
1 1332
1 766
1 779
2 1347
1 330
1 429
1 1375
2 769
1 269
2 692
1 1546
2 524
2 1523
1 1205
1 44
1 838
2 577
2 1283
2 1509
1 1227
2 1152
2 1177
1 328
1 1155
1 1550
1 1208
2 1227
2 243
2 80
1 776
2 55
1 416
2 647
1 785
2 850
2 933
1 1423
2 935
1 1437
2 38
1 179
1 1136
2 153
1 560
2 27
1 1046
1 1036
2 404
2 752
2 617
2 488
1 212
1 1187
2 663
1 1418
2 993
2 1517
1 596
1 1101
2 102
2 1025
1 820
2 129
2 1097
2 54
2 263
1 665
1 370
1 681
1 1275
2 1164
1 880
2 594
2 688
2 31
2 100
2 604
2 561
2 550
1 1116
2 205
1 1326
1 1409
2 439
1 230
2 165
2 187
2 929
1 1310
1 1403
2 1462
2 978
2 1532
1 1102
1 845
2 817
2 804
2 247
1 599
2 580
2 785
2 246
1 1064
2 1530
2 925
1 904
2 1461
1 1473
1 129
1 865
1 1356
1 1282
1 5
2 1070
1 1018
1 114
1 822
1 1534
2 863
2 1392
1 165
1 1186
2 1278
1 896
1 431
1 509
2 749
1 819
1 966
2 144
2 355
2 1537
1 1457
1 1464
1 380
2 705
1 942
1 170
1 676
1 1353
2 370
2 198
2 20
1 913
1 458
1 1337
2 888
2 268
1 806
2 1067
1 302
1 591
2 72
2 1
1 1019
1 227
1 1399
2 684
1 1237
2 743
2 1296
2 1011
1 442
2 162
2 141
2 284
1 969
2 272
1 1160
2 284
1 544
1 764
1 1522
1 436
2 840
2 199
1 865
2 649
2 1096
2 247
2 1241
2 1509
1 688
2 1503
2 1515
2 1442
1 553
1 1024
2 491
2 698
2 6
2 980
1 1546
2 1189
2 616
1 174
1 2
1 1221
1 613
2 209
2 258
2 1426
1 909
2 1115
1 612
2 1052
1 46
1 849
1 795
2 573
2 180
1 961
1 1102
1 924
2 107
2 833
2 1172
1 143
2 1484
2 1432
1 589
1 406
2 26
1 1026
1 314
1 1516
1 75
1 160
1 1434
1 1456
1 305
2 88
2 735
1 1421
1 745
1 371
2 960
2 511
1 701
2 708
2 1456
2 937
1 107
1 1526
2 1212
1 108
1 1004
1 27
2 592
2 497
2 499
2 349
2 1027
1 1339
2 1354
1 691
2 1218
2 220
1 102
2 644
2 1410
2 605
1 266
2 959
2 1538
2 1240
2 958
2 1015
2 64
2 1267
2 1080
1 790
1 763
1 89
1 1044
2 759
1 528
2 180
2 276
2 1130
1 648
1 882
1 516
2 814
2 1058
2 590
1 903
1 213
1 799
2 714
2 385
2 464
1 648
2 946
1 585
1 764
2 52
1 337
1 770
1 1264
2 1438
2 1316
2 459
1 1362
2 307
2 639
2 248
1 1133
2 1513
2 90
2 1355
2 1068
1 506
2 836
1 77
1 322
2 570
1 1317
2 652
1 154
2 1388
2 578
1 15
1 534
1 1225
1 1520
2 1267
2 72
2 478
1 1389
2 188
2 1154
1 608
1 487
1 1369
1 739
2 974
1 1493
1 678
2 1485
2 184
1 101
1 1371
2 1510
2 1028
1 1057
1 1401
1 1289
1 830
2 1221
2 586
2 377
2 1003
1 314
1 522
2 893
1 869
2 115
1 85
2 57
1 1276
2 1447
1 466
1 672
2 1544
1 848
1 1188
2 318
2 196
1 1159
2 563
2 638
1 1239
1 249
1 850
1 39
1 1420
2 668
2 1368
1 720
2 780
2 803
1 675
2 232
2 47
1 1030
1 942
1 98
1 474
1 746
1 148
2 941
2 651
1 7
1 778
1 1398
2 1065
1 294
1 1549
2 697
1 1111
1 1499
2 855
2 912
2 1045
2 1499
2 448
1 846
2 1215
2 1128
1 895
2 35
1 940
1 113
2 420
1 65
1 911
2 115
1 1446
2 1410
2 1425
2 1488
2 1367
1 626
2 917
1 1311
2 1292
2 989
1 821
1 1051
1 70
2 674
2 1481
2 1469
2 390
1 884
2 556
1 571
1 493
2 940
2 1405
2 1289
2 1294
1 139
1 40
1 175
1 225
1 425
2 1203
2 110
1 908
2 983
1 782
1 477
2 1382
2 194
1 71
2 58
2 1008
2 689
2 1352
2 382
1 1439
1 1387
1 878
1 597
2 1360
1 178
1 1391
2 184
2 1540
1 1062
1 1301
2 1297
2 379
2 1413
1 235
2 1487
2 1373
2 485
2 603
2 1191
2 927
2 291
1 1362
2 1107
2 301
1 1489
2 56
1 1439
1 1281
2 1123
2 19
1 1056
1 281
2 1496
2 231
1 789
1 51
1 910
2 1458
1 724
1 315
2 947
1 753
1 1280
2 729
1 418
2 414
1 645
2 1515
2 1460
1 170
2 853
1 92
1 657
1 1177
2 1027
2 463
1 1395
1 1440
2 117
1 1029
2 1236
1 707
2 1229
2 1272
1 1535
2 634
2 342
2 936
1 1190
2 255
2 1422
2 1525
2 765
1 923
2 325
1 150
1 1429
1 412
2 864
1 80
2 171
1 1170
1 870
1 227
1 694
1 42
1 622
1 1145
1 446
2 1233
1 1225
1 1365
2 1162
2 1210
1 1331
1 262
2 516
2 1100
2 355
2 429
1 347
1 474
1 1327
1 570
1 199
2 202
2 1165
2 214
1 46
2 257
2 709
2 995
2 1109
1 79
1 1075
1 437
1 93
2 238
1 1299
1 556
2 640
1 765
2 970
1 823
1 863
2 133
2 1514
1 1478
1 779
1 1473
1 548
1 1474
1 302
2 1253
2 1120
1 787
1 1038
1 20
2 1429
1 1213
1 928
1 156
2 548
1 1520
2 615
1 1532
1 1524
1 406
1 372
1 224
1 533
1 1186
1 226
2 1238
2 1179
2 1350
1 547
2 1055
1 723
2 1504
1 1093
1 1016
1 879
1 1086
2 1028
1 728
1 921
1 155
2 351
1 327
1 555
1 468
2 871
2 1522
1 1195
1 1396
1 893
2 536
1 500
1 1460
2 1234
2 257
2 889
2 507
2 439
2 859
1 195
1 517
1 241
1 322
1 680
2 1502
2 364
2 661
1 17
1 986
2 220
1 593
1 81
1 1526
1 66
1 646
2 196
2 1174
1 527
2 438
1 11
2 326
2 1118
1 569
1 171
2 816
1 1130
2 427
2 38
1 951
2 904
1 1274
2 995
1 132
2 1343
2 1273
1 45
1 9
2 392
1 1197
2 1373
2 1091
2 131
2 353
1 106
2 1125
2 75
1 95
1 742
1 1293
1 435
2 1277
1 433
1 728
1 1388
1 1131
1 352
2 417
1 818
1 1328
2 669
2 1417
1 987
1 357
2 990
2 771
1 702
2 926
2 1476
1 1210
1 1325
2 353
1 1358
1 415
2 1229
1 1178
1 843
1 1223
1 297
1 1192
1 1189
1 667
2 972
1 1345
2 470
1 1345
2 194
2 1527
2 1265
1 788
2 1106
1 13
1 259
2 362
1 1322
2 455
1 457
1 915
1 32
1 1278
1 1405
2 50
1 828
2 203
1 890
1 838
2 507
2 1416
1 736
2 261
2 1008
1 515
1 324
1 699
2 1083
1 709
2 462
1 617
2 687
2 711
2 121
1 1006
1 832
2 704
2 274
1 529
1 900
1 432
2 959
2 1454
2 143
1 340
2 1443
1 346
1 1021
1 467
1 123
2 1541
2 1300
2 469
1 1524
1 1340
2 1407
1 242
1 950
2 1200
2 1413
1 436
2 733
1 224
1 1432
2 422
1 738
1 724
2 341
1 138
2 1480
1 1305
1 252
1 748
1 1020
2 245
1 320
2 741
1 517
2 1164
2 454
1 991
2 365
2 1235
2 679
1 968
2 1459
1 140
2 377
1 1139
2 270
1 1507
2 1213
2 1414
1 1073
2 560
1 1155
2 105
2 891
1 428
2 481
1 62
2 754
1 708
1 1258
2 988
1 447
1 520
1 1061
1 69
1 279
1 703
2 118
2 982
2 1459
1 151
1 962
2 1369
1 963
1 1397
1 286
1 424
2 173
2 1081
1 1032
2 219
1 1201
2 896
1 109
1 50
2 1135
1 100
2 1513
1 93
1 280
2 54
2 334
2 1041
1 1185
1 408
1 1367
2 1063
1 584
2 313
2 1173
1 1246
2 1258
2 908
1 679
2 1207
2 217
1 1052
2 443
2 331
1 1126
1 723
2 887
2 78
2 590
1 1393
2 94
1 1142
1 61
1 760
2 336
2 1475
1 1418
2 1421
1 1085
1 58
2 288
2 891
2 717
2 894
1 233
2 299
1 802
1 1302
1 98
1 297
1 1098
1 918
2 1436
1 1139
1 179
1 655
2 658
1 1505
2 774
2 1448
1 1286
1 1371
2 1039
1 369
1 397
1 1043
1 576
1 94
2 587
2 304
1 822
2 253
1 713
2 9
1 229
2 1366
2 883
2 1176
2 948
1 1376
1 613
2 484
2 521
2 1077
2 1395
1 309
1 1220
2 139
1 1148
1 488
2 345
1 1035
1 503
2 997
1 47
2 914
1 1178
2 947
2 120
1 677
2 810
1 1291
2 298
2 725
1 1193
1 45
1 1022
1 1408
1 146
2 1427
1 308
1 565
2 568
1 1166
1 1293
1 164
2 1323
1 405
2 380
2 619
2 926
2 312
2 84
2 566
1 1254
1 30
1 1167
2 922
1 1087
1 1541
2 747
1 1443
2 218
1 1301
2 1380
1 673
2 1062
2 451
1 1222
1 650
2 1078
2 1453
1 1484
2 579
2 77
2 251
2 1
1 722
2 1401
2 892
1 434
2 84
2 1311
1 453
1 189
2 1040
1 66
1 880
2 274
2 1263
2 918
1 182
2 1310
1 159
2 407
1 1462
2 621
2 1276
2 1277
1 898
2 614
1 1523
2 558
2 183
2 255
1 1181
2 1529
2 900
2 966
1 970
2 753
2 16
1 885
2 815
1 1505
2 206
1 1226
1 206
2 1093
1 1077
2 757
1 83
2 1536
2 676
1 167
1 635
1 1135
2 236
2 1134
2 128
2 40
2 31
1 1412
2 774
2 415
1 1400
2 597
1 1105
1 664
1 41
2 890
1 1243
1 1019
1 794
1 662
1 126
1 1047
2 671
2 151
1 1370
2 1287
2 770
2 903
2 33
2 10
2 1528
2 996
1 127
1 1391
2 1472
2 1467
1 1163
1 157
1 851
2 481
2 1448
1 1288
2 1110
2 254
2 208
1 313
2 390
2 207
1 1506
1 803
1 536
2 226
1 49
2 1110
2 147
2 286
1 1383
1 905
2 981
2 71
2 852
2 229
2 112
1 1313
1 750
2 668
2 854
1 968
1 609
2 1392
2 1284
2 956
2 1180
2 275
1 1497
2 73
1 1113
2 1145
2 411
2 845
1 81
2 574
1 1359
1 641
2 191
2 826
2 696
2 1092
1 108
1 653
2 894
2 1271
2 1137
2 1319
2 1127
1 338
2 1032
2 192
1 715
2 347
1 163
1 461
1 1050
1 460
1 440
2 920
2 354
2 161
2 21
2 301
2 1407
1 1037
1 1043
2 1182
1 1119
1 824
1 756
2 1034
2 408
2 1486
1 1465
1 1107
2 29
1 1260
2 277
2 87
1 1498
2 519
1 271
2 83
2 705
1 1272
1 42
2 869
2 835
1 751
2 317
2 872
2 232
1 76
1 1305
1 49
2 175
2 647
2 1157
1 871
2 1014
1 526
2 1313
1 496
1 43
2 523
1 581
1 1156
2 254
2 982
2 316
2 1146
2 1542
1 1446
2 802
2 1438
1 1445
2 1083
1 1242
1 1545
2 627
2 681
1 1385
1 1017
1 696
2 946
1 1105
1 407
2 796
1 163
2 511
1 1255
1 305
2 476
1 722
1 1076
1 1262
1 1006
1 409
2 290
1 994
1 418
1 868
2 831
2 1436
2 1419
2 866
1 383
1 441
2 733
1 830
2 397
1 1486
1 898
2 1211
1 325
1 352
1 1302
2 1090
1 104
1 1416
1 1372
1 1192
2 691
1 1507
2 1118
2 376
2 330
2 1363
1 1269
2 992
2 1064
1 86
1 809
2 327
2 221
1 901
1 857
1 25
2 1316
2 1141
2 79
2 945
1 307
1 704
2 159
1 1387
1 237
1 1503
1 628
2 374
2 809
1 1291
1 356
2 69
2 1512
1 711
2 610
2 1023
2 183
2 222
1 460
1 925
2 1159
2 800
2 520
2 833
2 484
2 677
1 1281
2 573
1 1358
2 443
1 547
2 875
1 1404
2 1273
1 537
1 934
1 1431
2 976
2 964
2 781
2 1123
1 1257
2 832
2 485
1 396
1 1420
1 912
2 1058
2 1402
1 1335
1 1134
2 1348
2 480
1 310
2 815
1 1109
2 595
1 339
2 984
1 807
1 450
1 793
2 937
1 14
2 350
1 273
1 756
1 610
2 1060
1 1464
1 913
1 468
1 386
2 1255
2 1500
1 166
1 1217
2 631
2 1324
2 1216
1 974
1 655
1 130
1 1317
1 1292
1 351
2 707
1 137
2 153
1 512
2 1085
2 337
1 1306
2 210
1 295
2 811
2 249
2 501
2 1320
2 410
2 725
2 636
1 335
2 1261
2 734
1 1519
1 630
2 1005
1 938
2 1131
2 3
2 1250
2 706
2 1379
2 911
2 392
2 1025
1 817
2 323
2 1039
1 1355
2 365
2 1197
1 145
2 726
1 1092
1 125
1 1249
1 929
1 629
1 65
2 1168
2 957
2 279
2 572
2 1259
1 1285
1 401
2 768
1 358
1 1518
1 523
1 637
1 587
1 539
2 123
1 431
2 505
2 660
1 15
1 1325
1 384
2 1279
1 89
1 1200
2 991
2 29
1 1116
1 303
1 512
1 140
1 24
2 717
2 727
1 1198
1 748
2 858
1 378
1 1350
2 713
1 62
1 1125
2 930
2 1029
2 1098
1 658
1 1065
1 466
2 283
1 250
2 1344
2 1528
2 82
2 660
1 1351
2 1320
1 651
1 827
1 835
1 920
1 479
2 60
2 444
1 1153
1 177
1 359
1 624
1 1184
2 909
1 953
1 1174
2 906
1 1212
1 555
1 447
2 260
2 744
1 1374
2 1303
1 491
1 907
2 1121
1 119
1 1067
2 886
2 1449
1 1404
1 181
1 212
2 1031
1 1001
2 531
1 1531
1 85
1 1199
2 1408
2 693
1 261
2 395
2 373
2 535
1 919
2 1084
2 423
2 36
2 479
2 1196
1 1000
1 646
2 1412
1 92
2 1466
1 1004
1 32
1 1017
1 1066
1 519
1 1128
2 1374
2 625
1 393
2 1243
2 593
1 992
1 1518
1 86
1 1122
1 318
2 804
2 1033
1 1088
1 874
2 638
1 1146
2 502
1 243
1 591
2 1202
1 1353
2 1033
1 766
2 1487
1 52
1 299
1 122
1 504
1 603
1 620
2 155
1 145
1 976
2 339
1 1318
2 801
2 834
2 1472
2 583
1 324
1 739
1 533
1 814
1 994
2 419
1 690
2 74
2 1322
2 1514
1 967
2 506
2 1430
1 606
1 535
2 240
2 702
1 1338
2 1315
1 862
1 972
1 157
1 623
2 400
1 767
2 599
2 577
1 1233
2 28
1 48
2 303
2 564
1 1357
1 188
1 385
1 1046
2 374
1 1461
2 852
1 1132
1 1252
2 493
2 1304
1 1230
1 695
2 149
1 1495
2 778
2 400
1 543
2 311
1 187
2 540
2 264
2 740
2 1104
2 372
2 686
2 1038
2 952
2 810
1 731
2 166
1 241
2 193
2 738
2 1435
1 340
1 712
1 761
2 834
1 368
1 951
2 1251
1 1525
2 786
2 421
1 172
2 1537
1 178
2 204
2 712
2 1389
2 979
1 1360
2 1185
1 1326
2 434
2 975
2 1314
1 7
1 761
1 1384
1 626
1 792
2 843
2 1158
2 1141
2 510
1 895
1 266
2 483
2 271
1 1108
1 1250
2 386
2 357
1 367
2 867
2 935
2 1082
2 686
2 74
2 1450
2 1089
2 1152
1 654
1 1158
1 1095
1 588
1 33
1 656
1 1204
2 1070
2 612
1 727
1 549
1 795
1 643
1 797
2 68
1 842
1 309
1 689
2 1108
2 88
2 1026
2 1056
2 346
2 860
2 295
1 478
2 489
2 388
2 36
1 618
2 552
2 280
1 604
1 607
2 1275
1 1114
2 402
1 640
2 198
1 158
1 1121
1 1074
2 846
1 341
1 304
1 277
1 14
1 758
1 1352
2 223
2 18
2 700
1 544
1 999
1 715
2 882
2 398
1 174
1 1390
