3100 3000
2 1532
1 1194
2 443
2 75
2 42
2 1342
1 248
1 544
1 194
2 1136
1 612
1 206
1 435
1 1321
1 1262
1 1068
2 942
2 795
1 359
2 647
1 920
1 7
2 531
2 1414
2 918
1 867
1 507
1 645
1 1352
1 231
2 419
1 124
2 587
1 211
1 792
1 783
2 540
2 76
2 475
2 250
2 828
1 1157
2 744
2 576
1 879
2 56
1 902
2 1124
2 6
2 329
2 825
2 351
1 1460
1 37
2 973
1 198
1 1316
2 114
1 1249
1 307
1 737
1 1401
1 1022
2 594
1 287
2 9
2 470
1 975
2 70
2 1452
2 1409
2 262
1 1171
2 1079
1 8
2 527
2 776
2 1461
2 268
1 569
1 1425
1 401
2 789
2 797
2 1119
1 487
1 581
1 71
1 103
1 487
2 1526
1 647
1 1383
1 1290
2 1549
1 697
1 303
1 1251
1 566
1 1215
1 362
1 145
2 392
1 1455
2 28
2 536
2 1197
2 1444
1 691
1 714
1 42
2 254
1 901
2 332
2 808
2 392
1 1471
2 465
2 203
2 825
1 1146
2 1439
1 724
2 1169
1 1160
2 379
2 948
2 482
2 1490
1 346
2 1449
1 271
2 1056
2 680
2 1008
1 271
2 986
1 1520
2 1442
1 1027
2 1267
1 553
1 539
1 406
1 1349
1 1541
2 954
2 1190
2 660
2 665
1 677
1 1293
1 1549
2 1347
2 519
1 326
2 718
1 357
2 840
1 892
2 1113
1 55
1 440
2 1054
2 432
1 172
1 857
1 418
2 25
2 421
2 149
1 725
1 1269
1 64
2 221
1 684
1 930
2 783
2 291
1 349
2 1505
2 646
1 320
2 1225
2 1290
1 1110
1 541
2 406
1 943
2 1497
2 1063
2 481
1 383
2 921
2 675
2 537
2 563
1 793
2 951
1 1103
2 761
2 1220
2 668
2 771
2 1536
1 1475
1 1283
1 623
1 290
1 984
2 493
1 1243
1 473
2 13
2 1272
1 1414
1 380
2 1157
2 533
1 1324
1 1189
2 923
1 277
1 140
1 953
1 466
2 528
2 160
2 1266
1 109
2 1108
2 1514
1 167
2 280
1 1164
1 438
1 1228
1 313
1 1233
1 50
1 982
2 608
2 948
2 1018
1 1117
1 343
2 897
2 552
1 1470
2 1278
2 1473
2 1046
2 596
2 676
2 854
2 1545
1 796
1 1344
2 101
1 356
1 1539
1 43
1 425
1 453
1 999
1 199
1 407
2 1097
2 1187
2 1029
1 1329
1 389
2 60
2 497
2 1341
2 387
1 195
1 1358
1 338
1 1305
2 1258
2 213
1 1185
2 1519
1 1313
2 1282
1 450
1 91
2 210
2 777
1 1395
2 950
1 810
2 1486
1 1066
2 866
1 728
2 370
1 542
2 752
1 787
1 702
1 1300
2 1325
2 1280
2 1393
2 1003
1 545
2 489
1 687
1 586
2 183
1 1498
1 61
1 1368
1 944
2 1126
1 1321
1 334
1 546
1 464
2 1544
1 219
1 353
1 1150
2 757
2 1285
1 1384
2 667
1 27
1 340
1 397
2 95
1 990
2 849
1 1064
2 53
1 1035
2 1455
2 1446
1 435
1 408
1 1401
1 1248
1 851
2 1034
2 1212
1 199
2 1543
1 1015
2 1256
2 890
2 15
2 121
2 1236
1 688
1 670
1 1176
1 903
1 416
1 907
1 206
2 823
2 1247
1 980
1 1133
1 170
2 77
1 1527
2 58
2 94
1 743
2 1023
1 1218
2 1529
2 90
2 469
1 669
1 1462
2 1302
2 51
2 815
2 1284
1 1457
1 968
1 987
2 107
2 1009
2 1406
2 151
1 969
2 314
2 1466
1 428
1 1416
2 978
1 587
1 1162
1 598
1 591
1 790
2 734
1 365
1 832
1 1535
1 1512
2 588
2 1370
1 4
2 272
1 747
2 107
2 1260
1 39
1 194
1 593
2 1231
2 270
2 350
1 1260
2 432
1 680
1 1265
1 1423
2 319
2 651
2 1228
1 930
1 1032
2 1104
2 956
2 691
1 860
1 1247
1 837
2 1168
1 116
2 1148
1 812
1 1028
2 1515
2 1385
2 880
1 5
2 708
1 153
2 827
1 123
1 572
1 1161
1 1272
1 821
2 871
1 1224
1 82
1 1316
1 556
1 237
1 732
2 958
2 1074
2 29
1 726
1 1147
2 1526
1 324
1 601
1 1467
2 741
2 1307
2 1279
2 551
2 676
2 1436
1 233
2 309
1 332
1 727
1 1080
2 1195
1 68
1 1024
1 1273
2 511
2 1291
1 38
1 1022
1 611
1 1262
2 459
1 1062
1 1298
1 561
1 619
2 1132
1 184
1 1240
1 477
1 1419
2 488
2 483
2 451
1 976
1 474
1 382
2 1103
2 1187
2 733
1 649
1 307
1 1071
2 140
1 1081
2 803
1 202
1 113
2 22
1 846
2 239
1 323
1 1161
2 1519
2 184
2 295
1 1409
2 335
1 9
1 849
1 931
1 1117
2 226
1 926
1 620
1 1273
1 902
2 81
2 448
1 322
2 254
2 1357
1 427
2 309
1 822
1 1499
2 1234
1 724
1 63
1 1421
1 1318
1 61
2 1477
1 807
2 1458
1 1082
1 1011
1 872
2 896
2 264
1 633
2 377
2 242
1 1441
2 1376
2 152
2 317
2 1317
1 841
2 769
2 590
1 114
2 636
2 1419
1 1098
1 886
1 171
2 910
2 1058
2 685
2 705
1 669
1 134
2 1524
1 1069
1 93
1 1017
2 869
2 600
2 198
2 86
2 137
1 273
1 477
2 340
1 1008
2 292
2 138
2 16
2 937
2 518
2 310
2 383
2 22
2 778
1 1250
2 1332
2 29
1 127
2 143
2 545
2 726
1 614
2 363
2 771
2 1438
2 30
1 150
2 161
1 592
2 972
2 187
1 177
1 519
2 524
2 41
1 13
2 1035
2 761
2 1230
1 115
1 740
1 1283
1 945
2 822
1 1464
2 1120
2 1090
2 553
2 1060
2 730
2 384
2 809
2 1006
1 1433
2 21
2 1442
2 282
2 557
2 1299
2 1178
2 641
2 1531
1 824
1 32
1 267
1 259
2 611
2 522
2 753
1 992
2 1348
2 626
1 1538
2 907
2 1391
2 1408
1 1242
1 862
1 1451
1 32
2 1421
1 155
2 105
1 40
1 520
1 178
2 589
1 253
1 915
2 573
1 87
2 394
1 201
1 1085
1 475
1 449
2 1454
1 1045
2 262
2 1241
2 10
1 117
2 130
2 960
1 904
2 748
2 798
1 426
2 1100
2 1191
1 320
2 900
2 879
1 962
2 1488
1 157
2 946
2 151
1 312
1 908
2 757
2 970
1 1107
2 763
1 396
1 133
2 1289
2 162
1 255
2 181
2 836
1 439
1 908
2 486
1 434
1 772
1 1304
2 503
1 615
1 27
2 1498
2 273
1 595
2 161
2 451
2 492
1 583
2 313
2 981
2 917
1 1237
2 1050
2 1479
2 1348
2 46
2 1384
2 1387
1 68
2 1213
1 396
2 1351
1 1129
2 786
1 549
2 52
2 589
1 547
2 1239
1 809
2 1112
1 1135
2 1314
2 454
1 884
1 463
2 746
2 1153
1 299
2 327
1 824
2 1431
2 1070
1 409
1 1355
2 1089
1 639
2 328
1 1369
1 1013
2 1286
2 881
1 250
2 1094
1 1406
2 1546
1 1504
1 635
2 580
1 1497
2 749
1 717
2 1255
1 1277
1 1427
1 534
1 1331
2 558
1 886
2 927
2 893
2 424
2 674
2 1428
2 1547
2 355
2 159
2 974
2 1389
2 430
1 1466
1 1257
1 622
2 339
1 1415
2 607
2 1523
2 156
1 1473
2 146
1 1054
2 674
1 982
1 153
1 552
2 30
2 707
1 1550
2 368
1 577
1 276
2 636
2 1137
1 720
1 91
1 565
1 778
2 283
2 382
2 868
2 221
2 1334
1 182
2 1062
1 754
1 1411
2 606
1 1015
2 1375
2 985
1 1026
1 1172
2 620
1 17
2 416
1 1377
2 574
2 411
2 1464
1 792
2 449
2 876
1 200
1 1031
1 438
1 450
2 1281
1 100
2 806
1 1004
2 1098
2 387
2 582
1 64
1 458
1 1024
2 593
1 1265
1 975
1 1180
1 1134
2 130
2 972
2 852
2 197
1 208
1 1125
2 758
1 548
2 546
2 1241
2 1139
1 1534
1 784
1 955
2 1
1 1127
2 582
1 98
2 1413
1 931
2 595
2 602
1 1335
1 1539
2 717
2 306
2 405
2 1536
1 1089
2 44
1 191
2 818
1 455
1 1510
2 1330
2 551
1 293
2 762
1 604
1 653
2 605
1 227
2 1303
1 1245
2 650
1 720
2 1346
1 1496
1 1328
2 78
1 1090
2 163
1 269
2 1106
2 20
2 1412
2 231
1 118
1 75
2 1033
1 315
1 1147
1 350
2 69
1 1381
1 1110
1 301
1 99
2 858
2 1456
1 207
2 341
1 1370
1 722
1 1000
1 786
1 754
2 1020
2 599
2 1203
1 361
2 1430
2 193
1 147
2 1232
2 1328
1 641
2 1448
1 710
1 1451
1 1523
1 359
1 1293
1 689
2 372
2 799
2 574
2 401
1 347
2 370
1 1443
2 76
1 1048
1 736
1 1365
1 35
1 38
1 1067
1 764
1 1317
2 562
2 154
1 55
2 1168
2 697
2 1470
1 1073
1 494
2 1184
1 421
2 1481
2 944
2 461
2 455
2 187
2 1480
1 472
2 505
1 775
2 247
1 120
2 747
1 1393
1 830
2 760
1 821
1 955
1 1336
1 711
2 1410
2 653
2 1547
1 1332
1 609
2 1038
1 177
1 286
1 289
1 866
2 1034
1 1504
1 1154
1 415
1 1349
1 57
1 1459
2 679
1 56
1 258
1 67
1 462
1 440
1 752
2 1055
1 63
2 1489
1 246
1 1197
2 1216
1 858
1 1180
2 336
2 217
2 1287
2 1363
2 791
1 933
2 133
1 1252
2 8
2 521
1 215
2 610
2 1396
1 1484
1 1309
2 433
1 1235
2 616
2 785
1 237
2 603
1 1544
1 1396
1 1306
2 1036
1 543
2 1493
2 152
2 1151
2 922
1 116
2 337
2 1201
1 642
1 638
1 1424
2 1472
2 1114
1 1362
2 447
1 1379
1 1170
1 170
1 1472
2 302
1 1261
2 523
2 889
1 517
2 300
1 772
2 1540
1 377
1 112
2 666
2 162
1 918
1 305
1 957
2 963
2 492
2 294
1 1341
2 1343
1 1251
2 1537
1 442
2 7
2 1412
1 1005
1 630
2 126
1 132
2 166
2 797
1 1301
1 1428
2 830
2 1509
1 916
1 188
2 88
1 1108
1 1010
1 35
1 1186
1 844
2 915
1 781
1 80
2 1400
2 1253
1 1357
1 530
2 1515
2 933
1 1056
1 288
2 1224
2 175
2 1386
1 1433
1 1495
2 1408
1 1264
2 1196
2 704
2 422
1 1308
2 69
1 1066
2 1149
1 1131
1 818
1 1145
1 59
1 1521
1 296
1 770
2 805
2 688
1 363
1 142
1 330
2 835
1 1322
2 1244
2 1380
1 1264
1 158
2 106
2 1521
2 1510
2 1055
2 634
2 297
2 1222
2 912
2 629
1 1518
2 256
2 661
2 501
1 1223
2 1226
1 1368
1 298
2 1326
1 18
2 1177
1 1192
2 255
2 919
1 1042
2 156
2 1061
2 1064
2 1354
2 860
1 961
1 325
1 831
2 709
1 765
2 971
1 357
2 17
2 985
2 395
1 1358
2 1360
1 514
2 565
1 1482
2 304
2 1051
2 354
2 1053
2 914
2 1492
1 1143
1 744
1 1249
1 445
1 471
1 207
2 484
2 1128
2 490
1 11
2 940
1 668
2 800
2 947
2 762
2 681
1 19
2 779
1 169
2 1026
2 1426
1 608
1 749
1 31
2 99
2 842
2 1389
1 654
2 1516
2 12
1 403
2 1359
2 467
2 73
1 833
2 536
1 163
1 820
1 998
1 667
2 841
2 567
2 223
1 883
1 1163
2 1286
1 1019
1 388
2 1049
1 92
1 444
1 637
2 71
1 135
1 670
2 776
1 862
1 1188
1 619
1 125
2 768
2 823
1 847
1 1243
1 337
1 373
1 506
2 728
2 244
2 1101
1 652
1 349
1 538
1 509
2 878
1 1170
1 1072
1 707
2 721
2 1462
1 885
2 441
2 1469
1 560
1 471
1 1130
2 123
1 1113
1 331
2 1303
2 120
1 391
2 1087
2 1057
2 1527
1 260
1 1450
2 1452
1 949
1 530
1 1267
2 1046
1 690
1 1057
1 1050
2 1208
2 354
2 1186
1 627
2 78
1 716
1 526
1 570
2 750
2 1215
2 483
2 696
2 897
1 701
1 785
2 54
2 1023
2 959
1 1230
1 832
2 298
2 205
2 259
1 1417
2 86
2 995
2 431
2 681
2 1096
2 1391
1 189
1 1135
1 1310
1 816
1 1058
2 1116
1 95
2 621
1 719
1 1424
1 1235
1 469
2 977
1 817
1 1099
1 839
1 579
1 784
2 14
2 423
1 512
2 1333
2 1039
2 675
2 111
2 504
2 976
2 1144
2 1366
1 722
1 1301
2 685
1 1508
1 494
2 842
2 1196
2 426
1 299
1 1068
1 1420
1 360
2 1043
1 501
1 1302
2 485
2 222
2 190
2 801
1 462
2 478
2 1
1 310
2 143
2 715
1 1350
1 853
2 846
1 1121
2 397
2 1288
2 878
1 1514
1 1240
1 585
2 515
2 1418
2 1159
1 909
1 692
1 1109
1 1407
1 689
2 1232
1 1221
1 1206
1 1156
1 418
1 560
1 1049
1 388
1 308
1 102
1 131
2 925
1 1229
1 998
1 405
2 245
1 1274
2 745
1 65
2 1003
2 1284
2 1505
1 924
2 684
1 415
2 452
2 1292
2 958
2 916
1 279
1 894
1 876
2 639
1 375
2 1246
1 376
2 662
2 1175
2 723
2 446
1 1244
1 183
2 1364
2 1496
1 210
1 1122
2 110
2 537
2 1347
2 122
2 845
2 481
2 60
2 89
1 735
1 1478
2 136
2 33
1 1413
2 1000
2 314
1 391
1 856
1 819
2 318
1 1483
2 1202
2 1476
2 694
2 1047
1 202
1 991
2 1167
2 742
1 578
2 94
2 664
2 1014
1 70
1 137
1 622
2 278
2 1334
2 437
1 225
1 742
2 342
1 658
2 1503
2 623
2 957
2 791
1 1371
1 470
2 399
2 920
1 848
2 1268
2 1237
1 229
1 361
1 883
2 1339
2 1189
2 1151
1 1457
2 1115
1 408
1 154
2 671
2 1213
2 1289
2 442
2 1259
1 146
2 460
1 459
1 164
2 66
2 1513
2 1158
2 1447
1 159
1 1245
1 410
1 316
2 1250
1 901
1 1543
2 815
2 725
1 431
2 663
2 764
2 665
2 921
1 1356
2 67
1 1111
1 10
1 1016
1 441
1 568
1 1219
1 131
1 1410
2 1077
2 1294
1 456
1 686
2 719
1 738
2 525
2 612
2 1094
1 529
1 990
2 369
1 446
1 342
1 887
2 1486
1 141
2 147
1 903
1 84
2 810
2 6
2 1009
1 634
1 1138
2 79
1 751
2 343
1 1052
2 1185
1 978
1 524
1 1097
2 963
2 500
1 969
2 971
2 176
2 865
2 735
2 575
1 557
1 267
1 880
1 1531
2 44
1 1030
1 249
2 745
2 1164
1 479
1 308
2 1461
2 1021
2 62
2 979
2 954
1 258
2 1344
1 966
1 1276
2 1118
2 713
1 490
1 840
2 1331
2 1508
1 1037
1 1545
1 705
1 1032
2 996
1 129
1 1390
2 484
1 1208
2 263
2 712
1 1199
2 898
1 1501
1 919
2 1152
2 1065
1 798
1 1149
1 85
2 820
2 74
2 204
2 1082
2 1475
2 710
2 1345
2 946
2 117
2 1364
2 628
2 196
1 621
1 531
1 243
2 1002
2 1440
1 1048
1 234
1 436
1 773
1 997
1 289
1 910
1 251
2 964
2 295
1 122
1 1211
2 1059
1 1199
1 192
1 21
2 209
1 788
2 223
2 260
2 1078
2 433
2 480
2 1530
2 1533
1 204
1 1315
2 981
1 711
1 356
1 799
2 488
2 1271
1 993
1 473
2 1352
2 558
2 315
2 1014
2 352
2 195
2 252
2 85
1 656
2 626
1 169
1 200
2 445
1 1314
1 968
1 1310
2 372
2 1300
1 967
2 1086
2 239
1 888
2 1005
1 1182
1 597
2 1450
2 1144
1 947
2 419
2 197
2 3
2 189
2 703
1 941
1 1041
1 695
2 48
1 1501
2 1028
2 236
2 225
1 1268
2 696
1 1366
2 1485
2 888
1 1095
2 348
1 1399
2 743
1 834
2 489
1 629
1 994
2 252
1 1325
1 843
1 1077
2 686
1 1333
1 292
1 857
1 65
2 294
2 1320
1 1128
1 269
1 1524
2 1382
1 873
2 62
2 631
1 1118
1 404
2 900
1 500
1 601
1 1355
2 773
1 1369
2 1254
2 367
2 1053
2 1323
1 1073
2 1065
1 905
2 1182
2 1154
2 806
2 291
1 573
1 316
1 303
1 906
2 872
2 767
2 454
2 1031
2 220
2 613
2 1212
1 1548
2 1165
1 1156
2 568
1 230
1 1200
1 788
2 965
2 480
2 265
1 803
1 34
2 274
2 509
1 826
2 794
2 24
1 139
2 81
1 1489
1 755
1 186
1 868
1 766
2 616
1 245
1 452
2 1312
1 1229
2 1432
2 1383
2 1123
2 385
2 1261
2 664
2 486
2 959
1 1095
1 638
2 659
2 847
1 583
2 1116
2 1210
1 1287
1 1360
2 1204
1 607
2 811
2 476
2 1525
2 643
2 843
1 1042
2 630
2 1203
2 448
2 218
2 472
1 663
1 323
2 498
1 274
2 734
1 389
1 345
2 584
2 580
1 853
1 1101
1 642
1 1088
2 1327
1 112
2 992
1 795
1 787
2 1338
2 535
2 1395
1 1385
1 1142
1 1479
1 499
2 765
1 673
1 348
1 105
2 1295
2 615
1 50
1 550
1 1084
1 219
1 800
2 1143
2 321
1 1494
2 165
2 729
1 23
2 16
1 698
2 1166
2 281
1 381
1 591
2 890
1 779
1 1313
1 1012
2 485
1 228
1 232
2 540
1 297
2 737
1 679
1 1359
2 286
1 805
2 338
1 808
1 683
1 555
2 121
1 576
1 478
2 594
1 393
1 1043
1 430
1 26
2 1476
1 224
2 870
1 1330
2 1411
2 173
1 1454
1 1485
2 780
2 715
1 513
2 193
2 1487
2 1403
1 1254
2 447
1 129
1 1125
2 610
2 358
1 1405
1 25
1 925
2 763
1 673
1 1246
1 584
2 844
1 464
1 1087
2 181
2 1126
2 508
1 1239
1 1337
2 1069
2 324
2 727
1 1030
2 1120
2 1119
2 1139
2 1309
2 1453
1 700
1 1432
2 554
1 1465
2 1044
2 150
2 732
2 1029
2 48
2 581
2 1474
1 212
1 547
1 1167
2 1298
1 819
1 1351
2 227
1 1036
2 1458
2 465
2 1398
1 1165
1 1350
1 1362
1 1130
1 1340
1 1315
1 1171
1 367
1 873
2 850
1 507
2 168
2 657
2 190
2 321
1 1417
2 802
1 379
2 180
1 1200
1 1365
2 456
1 1181
2 839
2 179
2 482
2 1494
1 235
1 723
2 1288
2 24
2 989
2 253
1 614
1 527
1 813
2 505
2 936
2 882
1 1374
1 326
1 1402
2 1184
1 513
1 995
2 1181
1 794
1 1045
1 149
1 1129
2 18
1 318
1 322
2 649
2 1242
2 1142
2 217
1 1270
2 1279
1 1488
2 178
2 512
1 1091
1 83
1 1179
1 1012
2 913
2 423
1 1342
2 1255
2 1427
2 775
1 996
1 782
1 816
2 938
1 831
2 854
1 835
2 20
1 1542
2 1363
2 402
1 556
1 796
2 845
1 1020
1 196
1 19
1 463
2 1072
1 635
2 1067
2 236
2 1104
2 515
2 1216
2 637
1 141
2 1375
1 1480
2 693
1 867
1 1271
2 1138
1 759
1 306
1 1146
1 655
1 1502
1 1528
2 1207
1 1397
2 812
2 365
2 1173
2 1276
1 176
1 1356
2 12
2 1123
1 1511
1 203
1 1499
2 1195
2 1436
2 738
2 251
2 33
2 1076
2 917
1 54
2 864
2 160
1 1220
2 1258
2 378
1 1469
2 468
1 52
2 1194
1 276
2 476
1 941
2 1205
1 411
1 333
1 209
2 895
2 59
2 103
2 157
2 278
1 814
2 1160
1 814
2 1398
1 341
2 939
1 951
2 503
2 863
1 144
2 414
2 145
1 1037
1 493
2 1381
1 1169
2 1132
2 1460
2 882
2 804
2 1221
1 1397
1 662
1 185
1 311
1 229
2 1493
1 240
1 135
1 541
2 175
1 319
2 672
1 989
2 1337
2 261
1 362
2 1217
1 1431
2 339
2 164
2 856
2 1083
2 457
2 1390
1 284
2 174
2 1001
1 1231
2 1076
1 909
1 1259
1 678
2 974
1 939
2 656
1 437
2 461
2 682
2 598
1 374
1 943
2 1445
1 555
2 585
2 590
2 991
1 502
2 1227
1 428
1 802
2 1361
2 770
1 1534
1 409
1 510
1 964
1 268
1 417
1 1174
2 938
2 171
2 73
2 238
2 928
2 929
2 155
2 1509
1 961
2 506
1 525
2 296
2 935
2 911
2 2
2 563
2 79
2 345
1 549
1 1137
1 928
1 502
1 1535
1 1500
1 523
1 640
1 368
1 571
2 1153
1 869
2 34
2 1467
2 331
2 967
2 1155
1 1127
2 1207
2 43
1 1225
1 1188
1 929
2 829
2 706
1 97
1 1091
2 119
1 301
1 1001
1 49
2 666
1 988
1 212
2 1463
1 1105
2 1166
1 644
2 1304
2 386
1 1226
2 101
1 1106
1 364
1 1507
2 1234
2 1477
2 166
1 1102
2 1319
2 1122
2 627
2 443
2 1307
1 1040
1 603
1 47
2 851
1 384
2 1422
1 333
1 327
2 1299
2 241
2 424
2 600
2 330
2 1430
1 119
2 633
1 1134
2 904
1 1041
1 1437
2 1517
2 739
2 1371
1 1372
1 1211
2 1529
1 859
1 413
1 884
2 922
1 661
1 26
2 1253
2 1140
1 1308
1 1109
1 570
2 272
2 887
1 559
1 1007
2 1270
1 11
1 1275
2 404
2 275
2 801
2 82
1 1025
2 352
2 911
2 366
1 952
2 1256
2 924
2 257
2 1019
1 906
1 124
2 1387
2 733
1 1236
1 1326
2 1429
1 997
2 347
1 279
1 398
2 232
2 855
2 1214
2 894
2 325
1 648
2 695
2 109
1 609
2 937
2 172
1 174
2 1191
1 1277
1 965
2 905
1 115
1 168
1 1382
2 371
2 1205
2 529
1 1512
1 420
1 850
2 538
2 980
1 881
1 1306
2 1096
2 353
1 334
1 1074
2 127
1 517
2 1459
1 1088
2 1318
1 631
2 139
2 1468
2 132
2 1478
1 934
2 1148
2 1345
1 467
1 714
2 693
1 740
1 712
2 521
2 604
2 774
2 535
2 973
1 1474
1 533
2 597
2 994
2 41
1 179
1 98
2 913
2 1006
1 683
1 4
1 293
2 618
1 468
2 14
1 1021
1 230
1 1416
2 400
2 83
1 1378
1 457
2 1159
2 1292
1 282
1 1322
2 672
2 970
2 1038
2 243
1 1482
2 1320
2 520
2 5
2 288
1 1380
1 214
2 1075
2 1471
1 741
2 1426
2 718
1 586
1 852
2 249
2 1198
2 407
2 1275
2 624
2 1353
2 1538
2 932
1 1319
2 934
1 526
1 865
2 660
1 999
1 952
2 439
1 281
1 811
1 932
2 128
1 1263
2 624
1 777
2 1367
1 730
2 45
1 369
1 899
1 1052
2 218
2 1086
1 275
2 412
1 247
2 1198
2 1386
2 351
2 402
1 756
1 522
2 284
2 988
1 1297
2 768
2 182
1 1550
1 90
1 1513
1 1463
2 759
2 892
1 118
1 1448
2 381
1 704
2 1017
1 1190
1 1227
2 280
1 678
1 495
1 766
2 287
2 1492
1 599
2 940
1 532
2 891
1 1092
2 1282
1 645
1 1404
2 205
2 1100
1 1456
1 739
1 499
1 1522
1 1353
2 374
2 1051
1 395
2 1532
1 874
1 721
2 304
2 516
2 1418
2 1511
2 896
2 244
1 302
1 53
2 1107
2 658
2 694
2 605
2 1175
1 1278
1 1025
1 571
2 548
2 1405
2 497
2 654
2 403
1 37
1 1434
1 1533
2 496
2 241
2 655
2 1453
2 566
1 1329
2 659
1 870
1 984
2 1517
2 1114
2 889
2 510
2 1502
1 491
2 1446
2 1002
2 344
2 498
2 1394
2 97
1 148
2 1542
2 687
1 1136
1 836
2 1075
1 185
2 559
1 1209
1 328
1 912
1 39
1 344
1 542
1 1487
2 1081
2 648
2 898
2 511
2 618
2 1204
2 702
2 31
2 1174
1 632
1 1092
1 3
2 1078
2 532
2 453
2 578
2 1004
1 1150
1 1522
1 1016
2 496
1 753
1 1291
2 364
2 750
2 966
1 386
1 49
2 1238
1 699
1 290
2 534
1 767
1 1105
2 1323
1 781
2 15
2 756
1 504
1 936
1 125
2 945
2 632
2 729
1 780
1 644
1 864
2 167
2 1124
1 1423
2 1070
1 1219
1 1404
1 57
1 942
2 677
1 1392
1 1327
1 837
1 1445
2 1011
1 429
1 77
2 682
2 579
1 329
1 186
1 242
2 479
1 373
2 1484
2 84
2 838
2 987
2 208
1 346
2 895
1 1374
1 1434
2 709
1 1080
1 300
2 93
2 1177
2 1047
2 1145
2 1295
2 949
1 746
2 390
1 47
2 962
1 544
2 380
2 270
2 216
1 96
2 1540
2 104
1 562
2 827
1 336
2 201
2 1394
2 625
2 1172
2 625
1 1206
2 804
2 1193
1 248
1 1044
2 1403
2 233
1 1296
2 1093
2 1018
1 700
2 885
2 1257
1 950
2 1214
2 46
1 104
2 366
1 863
2 1429
1 983
2 191
2 1060
2 1449
1 1141
2 192
1 422
2 1407
1 1311
1 277
1 1010
2 1266
2 829
1 317
2 265
2 516
2 1516
2 1084
1 285
2 1437
2 1269
1 893
1 495
2 1296
1 1530
1 158
2 699
1 1439
2 923
2 1222
1 606
1 1102
2 358
2 628
2 1280
1 1218
1 215
2 1193
2 378
2 1503
2 58
1 28
1 935
1 1422
2 165
2 577
1 1178
2 953
1 1491
1 703
1 1468
1 1274
2 414
2 983
2 1158
1 1440
2 1338
2 1507
1 214
1 1183
1 1297
2 514
1 617
2 960
2 390
2 1217
2 758
1 1339
1 588
2 80
2 285
1 838
1 1179
1 1152
1 926
1 698
1 1140
2 1131
1 1079
2 220
1 1093
1 136
2 789
2 828
1 871
2 760
1 92
2 283
1 793
2 877
2 1438
2 51
1 874
2 1500
1 335
2 979
2 1435
2 371
1 425
1 1112
2 420
2 311
2 1335
2 617
2 561
2 1373
1 508
2 1491
2 564
2 385
1 1447
2 66
2 927
1 1285
2 134
2 113
2 108
2 240
1 875
2 1506
2 1548
1 376
1 1040
1 528
1 45
2 222
2 360
1 102
1 1444
2 1163
1 180
1 826
2 1400
2 312
2 1013
2 914
2 755
1 1071
1 144
2 731
1 790
2 564
1 434
2 1192
1 592
1 1441
1 1027
2 1367
2 142
1 877
1 100
2 238
2 692
2 956
1 859
1 1252
2 569
1 602
1 1495
1 1392
1 1435
1 1099
1 572
2 1263
1 87
1 1173
1 774
1 261
2 1155
2 596
1 1420
2 226
1 1336
2 1061
1 96
2 1425
1 1111
2 1083
1 106
2 216
1 575
1 224
1 246
2 518
2 1305
1 861
2 1033
2 782
1 266
1 110
2 2
1 993
1 1402
1 736
1 1340
1 257
1 234
2 460
1 1311
2 88
1 543
1 1039
2 833
2 701
1 173
1 393
1 650
2 1223
1 1361
2 690
2 427
1 1388
1 1373
1 1176
2 1007
2 256
1 1378
2 1209
2 436
1 466
1 128
2 458
2 211
2 899
2 1354
2 1294
2 1537
1 1518
2 671
2 1238
1 444
2 394
1 36
1 652
2 188
2 429
2 731
2 305
1 1121
1 613
1 111
2 1506
2 1377
2 417
2 491
2 539
2 855
1 1546
2 708
1 1376
2 706
2 1201
1 355
2 817
2 148
2 1202
1 751
1 640
1 834
1 1248
1 72
1 646
1 1324
2 40
2 412
1 1183
2 1379
1 413
1 1415
2 400
1 264
2 1481
2 1528
2 550
1 1388
1 23
1 1162
1 1399
2 567
1 263
2 1490
2 108
2 1541
2 1443
1 375
2 716
2 138
2 643
1 1085
2 213
1 861
1 1312
1 977
1 1525
1 1343
1 74
2 89
2 1133
2 228
1 399
2 410
2 1115
1 1141
2 1063
1 398
2 875
2 657
2 1233
1 1372
1 891
2 769
1 36
2 848
2 651
1 813
1 1520
1 235
1 126
2 1059
1 986
2 474
2 807
2 266
1 713
1 748
1 1210
1 72
1 1483
2 1346
1 554
2 1281
1 1465
