3600 7000
1 1452
1 1197
1 920
1 1141
2 1454
1 1676
2 425
2 1255
1 806
2 1576
2 1299
1 75
1 1014
2 517
1 1605
1 463
2 1507
1 1680
1 542
2 893
2 442
2 88
1 194
2 610
2 88
2 668
2 538
2 406
1 1795
2 866
2 1023
1 1280
2 1003
2 459
1 694
2 788
2 653
1 795
1 373
2 1437
1 1180
2 649
2 309
2 1109
2 615
1 1210
1 369
2 1641
1 1245
1 1573
1 1237
2 353
1 1447
1 604
2 365
1 1042
1 950
2 942
2 153
2 1263
2 33
2 541
1 1732
1 1594
2 322
2 1646
1 1647
2 1399
2 302
1 454
1 1575
1 1723
2 1491
2 1598
2 30
2 534
1 1034
1 595
1 1329
1 276
1 898
2 926
2 1621
1 1768
2 843
1 573
1 157
2 1570
1 24
1 884
2 1108
1 1588
1 1266
1 434
2 1327
1 44
1 712
1 1064
1 1341
1 1006
1 568
2 489
1 662
1 456
1 80
2 57
1 720
2 512
1 1311
1 1063
1 760
2 1577
2 242
1 294
1 1544
2 926
1 682
2 1498
2 268
2 800
1 698
1 1687
2 1697
1 947
1 1672
2 1358
2 1133
2 1739
1 1068
2 1336
2 1636
1 862
2 895
2 1176
2 1515
1 733
2 1011
1 1579
1 1392
2 1489
2 607
1 1695
2 1645
2 1289
2 415
1 301
2 1067
1 1431
1 1588
2 738
1 341
2 281
1 1778
1 341
2 1550
1 473
1 1045
1 1706
2 1019
1 765
1 114
2 133
2 1148
2 1257
1 854
2 1650
2 525
2 1344
1 1669
1 1392
2 93
1 846
2 1736
1 1201
1 581
2 701
1 686
2 1567
1 1448
1 923
2 1597
2 446
1 228
1 579
1 286
2 723
2 162
2 143
2 1405
2 670
2 619
1 1348
1 316
2 1445
1 645
2 206
1 1202
1 1157
2 1433
1 648
2 1792
2 410
1 30
1 807
2 821
1 147
1 1257
2 1322
1 1563
2 671
2 1203
2 174
1 203
2 443
2 1465
2 1241
2 1562
1 629
1 1276
1 1026
1 1742
1 243
2 1335
2 1424
1 1641
2 154
2 956
1 1671
2 1531
2 718
2 1610
1 945
2 139
1 887
2 810
2 959
2 376
1 748
1 676
1 1740
1 1455
2 1273
2 1197
1 1668
1 101
2 113
2 1112
1 688
2 142
2 1527
1 303
1 1612
2 1427
2 146
1 308
1 13
2 771
1 1421
2 1550
2 227
2 110
1 1705
2 1781
2 1615
1 330
2 1705
1 862
2 811
2 1422
1 1298
2 944
1 420
1 647
1 1316
1 689
1 750
1 983
1 359
1 879
1 1679
2 1352
2 338
2 993
1 275
1 427
1 431
1 1074
2 880
2 1510
2 166
1 173
1 907
1 1142
1 479
2 966
1 497
2 822
1 1183
2 108
1 403
1 321
2 1589
2 1479
1 741
1 12
1 1055
2 688
2 1192
2 100
2 1553
2 614
2 213
1 1069
2 638
2 1332
1 767
1 1035
1 642
2 1128
1 1522
1 503
2 957
2 1549
2 238
2 168
2 372
1 589
2 1007
1 356
2 459
2 7
1 948
2 1101
2 1117
1 1532
2 979
2 1373
2 717
1 1401
2 193
1 625
1 706
1 549
2 524
2 305
1 1170
2 465
2 790
2 1579
2 334
2 1083
1 104
2 799
2 141
2 59
2 399
2 1752
2 1591
2 664
1 813
2 1477
2 514
2 39
2 1378
1 915
1 1526
1 1383
1 187
2 836
2 922
2 174
2 1527
2 429
1 1393
1 940
2 266
1 552
1 782
1 737
2 500
2 147
2 232
1 858
2 424
1 1149
2 757
2 1127
2 602
1 1316
1 129
2 172
2 1351
2 15
2 251
1 19
2 1373
2 161
1 1581
1 1041
1 1005
1 1657
1 1053
2 775
1 681
2 1302
2 794
1 1649
2 1449
2 69
2 1491
2 1356
2 647
1 239
2 1291
1 998
2 1435
1 323
1 1330
2 556
1 634
1 1286
2 386
2 989
2 50
1 1645
2 724
1 1162
2 563
1 1412
1 1111
2 1571
1 17
2 1096
2 51
1 661
1 1458
2 1175
2 314
2 246
1 1050
1 1242
2 119
1 1258
1 191
2 1320
2 1720
2 416
1 1134
2 1560
1 847
1 1536
1 985
1 198
2 1108
2 322
2 1603
1 130
1 1773
2 1466
1 725
1 787
1 617
1 656
1 838
2 1303
1 934
2 1629
2 1258
2 1097
2 1146
2 420
1 140
1 1223
1 398
2 617
2 1484
1 800
2 1671
1 1150
1 771
2 537
1 299
1 354
2 1643
2 679
2 332
2 640
1 161
1 814
1 249
1 34
1 1261
2 1554
1 1551
1 1300
2 1072
1 1557
2 573
2 368
1 1745
2 160
1 1502
1 86
2 1655
1 1764
2 1748
2 1437
1 370
2 665
1 1215
2 1061
2 139
1 95
2 1394
1 473
1 128
2 474
1 901
1 453
1 656
1 1407
2 695
1 225
2 1321
2 1514
1 1071
1 66
1 732
1 189
1 439
2 1203
1 638
1 1653
2 765
2 925
2 1732
1 1059
1 55
2 948
1 42
1 871
2 1286
1 749
2 411
2 616
2 380
1 509
2 314
1 937
1 1606
1 611
1 1353
1 423
2 958
2 1682
2 1246
1 66
2 563
1 1504
2 693
2 241
1 709
1 1076
2 183
2 339
2 1466
1 1357
1 1008
1 1691
1 1733
2 1105
2 1583
1 551
1 362
2 1268
1 987
2 1628
2 721
1 1111
1 512
2 138
2 45
1 636
2 1277
1 1200
1 940
2 395
2 16
1 1326
2 1775
2 1195
2 880
2 1662
2 1033
1 713
1 1240
1 669
2 159
2 1238
1 955
2 96
2 575
2 1308
1 1217
2 840
2 496
1 1079
2 125
1 1709
1 163
2 1330
2 357
1 158
2 1449
1 753
2 958
1 816
1 630
2 1677
1 1407
1 891
1 1014
1 170
1 885
1 275
2 1460
2 229
2 1481
2 1368
1 1350
1 745
1 124
1 1254
1 1264
1 1095
1 1306
1 1517
1 366
2 1113
1 788
1 1086
2 1483
2 76
2 639
2 623
1 837
1 405
1 516
2 1725
1 700
2 63
1 1530
2 772
1 472
2 1226
2 1667
2 1520
2 1176
2 1385
1 990
2 901
1 1290
2 927
2 165
2 605
1 79
2 875
1 1572
2 1269
2 339
1 1036
1 331
1 61
1 1030
1 1027
1 131
1 1221
1 946
1 841
1 1251
2 1632
1 544
1 1735
2 1501
1 1688
1 824
1 407
2 436
2 892
1 1301
1 438
2 41
1 493
1 1563
1 692
1 1459
2 785
1 1657
1 802
1 1797
1 84
1 1315
1 962
2 1188
1 1081
2 18
2 603
2 886
1 935
2 1642
2 508
2 1023
2 226
2 1012
1 857
2 1020
1 1222
1 425
1 1729
1 269
1 543
2 1715
1 529
2 1087
2 1081
2 1668
1 1798
1 148
2 296
2 204
2 651
2 930
1 1469
2 1763
2 492
2 641
2 1224
2 1412
1 913
2 1786
2 14
1 1119
2 1796
2 1272
1 986
1 217
2 1640
2 1149
2 1144
1 1309
1 162
1 934
1 1555
2 1541
1 1332
1 327
1 1734
2 62
1 1454
1 1024
2 351
1 375
1 1750
2 381
1 1603
1 254
2 441
1 5
1 1233
2 619
1 812
1 682
1 121
2 1544
1 820
2 21
1 1718
1 474
2 907
2 965
2 1000
2 1543
2 951
1 1470
2 476
1 759
2 211
2 961
2 711
1 894
1 65
1 1369
2 1515
2 355
2 510
2 304
1 290
2 1663
2 1708
1 1787
1 115
2 635
1 917
1 643
2 214
1 1737
1 1574
2 725
2 550
1 903
1 727
1 598
2 1494
2 1751
1 840
1 825
2 1225
1 1021
1 700
2 1741
2 1194
2 1345
2 1727
1 797
2 1339
1 145
2 684
2 1318
2 1730
1 1331
1 988
1 991
2 992
2 809
2 734
2 1360
1 1239
2 1043
1 826
1 1337
2 456
1 583
1 1523
2 3
2 701
2 554
1 1545
1 1423
2 927
1 1103
2 1171
1 1764
2 1275
2 1078
2 1085
2 1640
2 593
2 999
1 1525
2 1164
1 1128
2 964
2 485
2 636
1 510
2 118
2 1535
1 1282
2 1267
1 1567
1 1216
1 481
2 598
2 1426
1 1089
2 558
2 176
1 293
1 690
1 1698
1 1659
2 874
2 877
2 1688
2 288
1 472
2 1314
1 1241
1 195
1 1690
2 494
1 794
2 1574
2 1348
2 141
1 860
2 565
2 1274
1 1264
1 122
2 1703
2 1130
2 1205
2 1126
2 1233
2 408
1 1700
2 328
1 1135
2 626
2 1296
2 1488
1 1010
2 681
1 1436
1 435
2 349
2 783
2 252
1 1762
1 6
1 27
2 876
1 1624
2 498
1 1468
1 848
2 1092
2 1630
2 214
1 415
2 1191
1 155
2 1661
2 1638
1 1377
2 98
2 183
1 1572
1 37
1 278
2 1170
1 446
1 902
1 1381
2 1583
1 3
1 1091
1 419
1 994
2 1490
2 347
2 1080
1 71
2 1099
2 500
1 476
1 856
2 1451
1 2
2 1383
2 1145
1 356
2 1418
1 1689
1 1212
1 1062
1 911
1 1187
2 1283
2 1488
2 673
1 285
1 724
2 363
1 150
2 1580
1 467
2 465
1 642
1 1730
2 1613
1 993
1 1148
1 963
1 301
2 1305
1 1714
2 1270
2 903
1 1140
1 1270
1 988
1 47
1 888
2 106
2 1158
2 1237
1 1408
2 1726
1 1247
2 475
2 1172
2 240
1 1448
2 36
1 577
1 498
1 315
2 499
2 967
2 452
1 1496
2 97
2 1389
1 1060
1 186
1 854
1 1507
2 1766
2 864
1 171
2 777
1 1533
1 68
1 1723
2 675
2 1644
1 396
2 236
2 1672
1 249
1 1120
1 855
2 855
1 1371
1 1582
1 1609
2 382
2 1726
2 315
1 175
1 368
2 935
1 1054
2 1354
2 1516
2 730
2 372
2 1573
1 609
2 565
1 1040
2 13
2 1399
2 1326
2 1145
2 1673
2 601
2 956
1 1760
2 1451
2 1402
1 495
1 258
2 405
2 1065
2 366
2 898
2 1346
1 1313
1 1484
1 1712
2 284
1 966
2 283
2 381
1 899
1 1073
2 520
1 1479
1 1564
1 1586
2 418
2 1547
1 1758
2 1746
1 1435
1 874
2 933
2 1609
2 810
1 329
2 442
2 1426
2 1728
1 562
1 1524
1 702
1 618
2 99
1 844
1 949
2 115
1 1295
1 1566
1 369
2 533
2 282
2 1554
2 349
1 138
1 893
2 942
2 1548
2 116
1 683
2 1342
2 434
2 1760
1 1181
1 1067
2 34
1 1404
2 255
1 674
1 462
1 1051
1 739
2 720
2 666
1 1319
2 749
2 1709
1 753
2 87
1 812
1 421
1 752
1 1516
2 1543
2 624
2 496
2 260
1 1147
2 502
1 951
2 72
2 799
2 845
2 1101
2 100
2 82
1 918
2 634
2 1503
1 1113
1 1690
2 1656
2 389
2 252
1 374
1 312
1 715
2 292
1 890
2 212
1 1522
2 1648
2 1091
1 705
1 1526
1 201
2 1485
1 870
1 1418
1 1387
1 914
2 1201
2 493
2 722
1 490
1 53
1 1334
2 1473
2 815
1 1229
2 625
1 257
2 518
1 995
2 203
1 1147
1 680
2 1172
2 1601
2 1776
2 1721
1 1512
2 859
1 1553
1 1759
2 1051
2 1627
1 413
2 324
1 814
2 387
1 525
2 1490
2 517
1 466
2 1456
1 413
2 1794
2 1013
1 1057
1 1552
2 1779
1 628
2 1593
1 1530
1 1223
2 43
2 1478
2 1477
1 1308
1 22
2 430
1 364
1 1396
1 99
2 363
2 914
1 129
2 1541
1 20
1 1731
2 909
2 1058
1 159
1 703
1 1230
2 1054
2 577
2 726
2 27
2 1620
1 1416
2 571
1 28
1 1066
2 597
2 1556
2 882
2 1193
1 693
1 1349
1 208
1 1352
1 1415
1 1686
2 615
1 1596
1 154
2 98
1 489
1 197
1 829
1 1440
2 1651
1 1613
1 1523
2 1528
2 513
2 20
1 755
1 428
1 384
2 437
1 566
1 1381
2 1073
1 1156
2 1259
2 1476
2 1691
1 687
2 703
1 25
1 1087
1 1596
2 1463
2 1474
1 1556
1 1469
2 165
1 256
1 1142
2 15
2 1304
2 606
2 608
1 335
2 282
2 458
2 908
1 33
1 1692
1 40
2 264
2 4
2 1167
1 1124
1 1086
2 759
1 196
1 694
2 39
1 1025
1 1017
1 445
2 105
1 1646
2 1417
2 1767
2 1475
2 1577
2 1706
1 764
1 963
1 1279
1 1422
1 1504
2 1265
2 284
2 564
1 1229
2 1783
2 47
2 1614
1 521
2 1311
2 237
2 313
2 1395
2 401
1 285
2 1110
2 1211
2 1708
1 1408
2 1260
1 1390
2 1748
2 1209
1 900
2 1673
1 953
2 1139
2 110
2 1578
1 1065
1 424
1 1768
2 62
1 1334
1 667
1 786
1 430
2 292
2 1519
1 1175
2 253
2 1016
1 657
2 1652
1 440
2 1321
1 167
2 443
1 69
2 626
1 1196
2 150
1 1474
1 310
2 1306
1 1300
1 1679
2 1077
2 18
1 164
2 1361
2 1699
1 513
1 1664
1 1785
1 1467
1 1173
2 847
2 567
2 1161
1 827
2 1266
2 531
1 959
2 737
1 622
2 891
2 947
2 1380
2 817
2 379
1 1174
2 1235
1 223
2 530
1 1597
1 1647
2 11
2 830
1 870
1 1359
2 134
1 850
1 727
1 1309
2 1397
1 620
2 1375
2 823
2 1428
1 243
1 482
2 52
2 127
2 778
2 537
1 911
1 109
1 708
2 291
2 582
2 1009
2 731
2 916
1 709
2 1775
1 811
2 1717
2 612
1 1495
1 1281
1 1591
2 334
1 220
1 1007
1 776
1 1642
1 340
2 1654
1 919
1 570
2 348
1 1735
2 875
1 555
1 231
2 1774
1 1186
1 766
1 287
2 1438
1 32
2 194
1 210
2 515
2 94
1 1386
2 1075
2 137
1 440
1 1268
1 1749
1 224
1 77
2 861
1 1096
1 659
2 1342
1 1714
2 1606
2 1659
1 527
1 490
1 1071
2 791
2 188
2 1109
2 491
2 1314
2 1244
1 1589
2 600
2 825
2 406
1 650
1 499
1 990
1 1131
2 955
2 1397
2 1234
1 422
1 64
2 1298
1 1443
1 325
1 1303
1 980
1 414
2 85
1 1231
1 1782
1 558
1 51
1 199
1 283
1 1367
1 713
1 1737
1 91
2 708
2 48
1 1227
2 1236
2 342
1 390
1 627
1 1153
1 1389
1 843
1 1359
1 817
2 551
2 1513
1 572
2 1001
2 602
1 311
2 544
1 899
2 996
1 1501
1 361
2 91
2 1322
1 774
1 433
1 541
1 143
1 395
1 1720
2 769
1 1562
1 974
2 1375
1 873
2 77
2 534
1 652
2 1457
2 1434
2 543
2 584
2 279
2 337
1 751
1 432
2 1288
2 28
2 87
1 186
1 1094
2 851
1 467
2 1116
2 721
2 289
1 1250
2 152
2 136
2 939
2 1487
2 1183
2 1260
2 1138
1 1080
2 732
2 31
2 548
1 1409
2 1771
2 1133
2 548
1 1041
2 1163
2 1284
2 435
2 1340
2 754
2 524
1 1150
2 444
2 269
2 633
2 1570
1 1125
2 1433
1 1206
1 896
2 1670
2 448
2 1234
2 478
1 1675
1 202
2 262
1 450
2 74
2 281
2 549
1 1371
2 711
2 128
1 1056
1 798
1 225
1 1620
2 1271
1 1281
1 1430
2 640
1 758
2 121
1 1536
2 1129
1 417
2 560
1 470
2 691
1 468
1 78
2 568
1 1571
1 1750
1 587
1 1718
2 971
1 1235
2 486
2 1060
1 1684
2 307
1 221
1 1338
2 1310
2 1218
2 547
2 1069
2 1521
1 937
1 1196
2 791
2 1177
1 1401
2 1483
1 412
2 1486
2 354
1 760
2 1114
1 1252
1 1623
1 918
2 494
1 1328
2 344
1 390
1 1538
1 4
2 930
2 1315
1 1447
1 1391
1 852
2 1374
2 539
1 520
2 1475
1 1253
2 49
1 1019
1 632
1 1143
1 308
2 1776
1 1059
1 885
2 483
1 564
2 1628
1 763
1 1633
2 841
1 866
1 1773
1 1075
1 1736
1 1489
1 228
2 485
1 1077
2 1239
1 1053
2 869
2 185
2 1025
2 318
2 1127
2 335
1 849
1 511
2 853
2 277
2 116
2 1566
1 1707
1 253
2 1094
1 789
1 1751
2 1357
2 1063
2 365
2 1564
2 660
1 1756
2 1696
1 773
2 692
1 1105
2 160
2 234
2 1650
1 1753
1 409
1 1351
1 557
2 860
1 784
2 429
1 1391
1 529
1 735
1 761
1 266
2 1675
2 1532
1 845
2 1702
1 220
1 364
1 624
1 1665
1 683
2 668
1 967
2 1370
2 1482
2 1496
1 1738
2 842
1 1492
1 1639
1 387
1 1587
2 601
2 578
2 828
2 650
1 209
2 779
2 1765
1 680
1 399
1 177
2 188
2 1114
2 1513
1 603
2 1482
1 881
2 1362
1 554
1 621
1 1425
1 756
1 222
2 1521
2 853
1 482
2 394
2 586
2 1625
2 1193
1 1545
2 1429
1 1757
1 1088
2 455
2 1018
1 247
1 644
1 1386
2 238
1 1164
2 1185
2 1537
2 813
1 802
2 1173
2 1110
2 149
1 254
2 1661
2 1124
2 340
1 569
1 941
1 1546
2 1616
2 338
2 839
1 516
2 126
2 1336
1 663
2 1402
1 136
2 1122
2 329
1 352
1 1043
1 1085
2 819
1 952
1 1379
2 1363
2 920
2 1115
1 781
1 1409
1 1542
2 1506
2 863
1 1353
1 79
1 1160
1 798
2 265
1 126
2 952
1 1318
2 1393
1 852
2 614
2 1349
2 295
1 477
1 263
2 995
2 36
1 1790
2 333
2 892
1 1676
2 1607
2 932
2 696
2 89
2 1107
2 1364
2 506
2 451
1 592
2 23
2 1788
2 569
2 1291
2 835
2 789
2 460
2 1165
1 863
2 687
2 1440
1 1780
1 763
1 1651
1 1758
1 1116
1 1198
1 388
1 1243
1 1358
2 1066
1 1098
2 1565
2 717
2 219
2 697
2 169
1 272
1 912
1 882
2 777
2 270
2 1471
2 179
2 1182
1 226
1 1225
1 1388
1 1341
1 1042
1 421
2 522
2 1438
1 464
2 671
1 987
2 1793
2 1519
2 1724
1 607
1 780
2 1767
2 654
2 1038
1 919
2 132
2 881
2 1168
2 307
2 1622
2 1769
2 528
2 1717
1 1559
2 702
1 1704
1 869
2 1654
2 1003
1 1503
2 1238
1 313
1 447
1 676
1 964
1 1243
2 1511
1 1626
1 300
2 773
1 1195
1 172
1 297
2 1429
2 480
2 1001
1 975
1 620
1 1292
1 1528
2 1072
2 590
2 1372
2 1419
2 452
1 1356
2 1062
2 124
2 1745
1 288
2 1343
2 1715
1 135
1 938
2 190
1 227
1 299
1 982
1 213
1 215
1 38
2 305
1 1015
1 135
2 58
2 178
2 1619
1 1505
2 523
2 1584
2 1143
2 177
2 1552
2 503
1 1413
2 1102
2 1245
2 972
2 1012
1 1747
2 471
1 5
2 1104
1 1578
1 105
2 261
1 1204
1 1132
2 518
1 1055
1 336
1 1004
2 1460
1 1799
1 1362
2 431
1 1151
1 1694
2 1590
1 471
1 1590
2 1181
2 1608
2 393
1 739
2 1765
1 742
2 582
2 1674
1 1121
1 756
2 484
1 1363
1 1585
1 1681
1 651
2 1769
2 321
1 1461
1 392
2 714
1 1450
2 404
1 302
1 1347
1 1637
1 978
2 823
1 295
2 1739
1 351
2 360
2 1509
1 1611
2 180
2 1182
2 731
2 1214
2 658
2 915
1 923
1 746
2 973
1 1017
2 670
2 786
2 32
1 1594
1 1129
2 865
2 58
1 1227
2 1792
2 783
2 833
1 350
1 280
1 1115
1 1615
1 155
1 1384
2 536
1 1220
1 716
1 1289
1 929
2 1134
2 250
2 432
1 357
2 906
1 655
2 1784
2 1423
2 402
2 861
2 1299
1 1117
2 1791
2 1592
2 216
1 540
2 231
2 205
1 1048
2 1787
1 404
1 954
1 1050
2 672
1 303
1 949
1 1761
2 868
1 449
2 580
2 102
1 427
2 492
2 1666
1 770
1 1385
1 359
1 997
2 605
2 1313
1 1388
2 1340
1 73
2 332
1 977
1 1199
2 532
2 902
1 133
2 1379
2 1683
1 776
2 971
1 1444
2 1269
2 117
1 580
1 1779
2 1247
1 1325
2 944
2 809
1 1132
2 1584
1 1254
1 1510
2 336
1 1637
2 1631
1 547
1 1755
2 663
2 1560
1 969
2 908
2 1734
2 371
2 1800
2 8
2 1004
2 414
2 1634
2 1540
2 1179
2 233
2 507
2 1547
2 274
1 1719
1 1395
1 710
2 152
2 1200
1 932
2 1219
2 1586
2 1207
1 1604
2 1102
2 64
2 1549
1 235
1 1039
1 1068
2 1463
1 1139
1 905
2 712
2 1163
2 1184
2 571
2 1138
1 25
2 218
1 697
2 1512
1 257
2 912
2 1535
1 199
1 1663
1 367
1 764
1 1622
2 883
1 383
2 1624
1 24
1 1141
2 803
2 497
2 1534
1 795
1 156
1 1517
1 1406
2 655
2 1262
1 590
1 1493
1 1154
1 1228
2 1473
1 93
2 337
2 80
2 968
1 1159
1 22
2 1464
1 1331
1 1702
2 1400
1 546
2 508
1 1415
1 1664
2 1411
1 844
1 331
1 714
2 1416
2 325
2 286
2 1666
1 1445
1 1511
1 204
2 904
1 118
1 1658
2 111
1 969
2 1035
1 260
1 806
2 1082
2 856
1 1800
1 222
2 535
1 970
2 219
1 1177
1 696
2 1794
2 793
1 119
2 1221
1 60
2 675
1 1046
2 998
1 1601
2 1168
2 1317
2 250
1 974
1 1252
1 1461
1 595
2 487
1 1681
1 1178
2 1514
1 616
1 1100
1 44
2 921
1 1092
2 1627
1 1595
2 679
1 1665
1 505
1 1432
2 210
2 192
2 1653
1 604
2 86
2 8
1 1727
2 1355
2 326
1 92
2 242
2 1505
1 1036
1 74
2 1424
1 1789
1 319
2 374
2 1048
1 1413
1 279
1 1559
1 1236
2 1495
1 1255
1 1540
2 1199
1 820
1 1667
1 192
2 423
2 797
1 585
1 1029
1 56
1 355
2 391
1 26
2 113
2 1486
1 1213
1 462
1 224
1 1518
1 1468
2 1660
2 310
2 234
2 1686
2 173
2 1777
2 1555
2 879
1 1210
2 1015
2 803
2 271
1 895
1 1369
1 1432
1 1382
1 132
2 396
2 611
1 1660
2 153
2 487
1 699
1 236
2 1325
1 550
2 501
1 1267
1 740
1 385
1 1047
1 1436
1 1188
2 979
1 646
1 606
2 1031
1 928
1 169
1 83
2 787
2 1294
2 828
2 23
2 1049
2 370
1 980
2 936
1 622
2 589
2 1301
2 287
2 888
2 1687
1 707
2 1610
2 1414
1 581
1 1032
2 185
1 216
1 635
2 665
1 1104
2 1569
2 1533
2 450
1 984
2 768
2 417
1 31
2 531
2 570
1 994
1 181
2 1444
2 514
2 1630
2 1431
1 190
2 588
2 1551
2 646
2 68
2 1032
2 652
1 645
1 560
2 991
2 804
1 176
2 867
2 402
1 1078
2 1312
2 738
1 1617
1 629
1 1220
1 659
2 588
2 1442
1 859
2 574
2 9
1 755
2 246
1 112
1 968
2 81
1 1144
2 184
1 953
1 1693
1 751
1 821
1 426
1 1618
1 1010
2 1380
1 1093
1 906
2 1719
1 822
1 1360
1 805
1 770
1 530
2 830
2 309
2 1022
1 1790
1 1410
2 49
1 567
1 695
2 796
1 65
1 449
1 1377
1 1307
1 241
1 1366
2 1016
1 1366
1 1480
2 1752
2 722
1 667
2 612
1 1305
2 240
1 889
2 527
1 886
1 291
1 896
2 1498
1 244
2 1722
2 403
2 848
1 1022
1 1394
1 1090
1 410
1 1064
2 261
1 532
1 1430
2 689
2 84
2 1602
2 1261
1 878
1 1595
2 1002
1 258
1 519
1 56
2 317
2 578
2 1459
1 255
2 1729
1 392
2 1403
1 890
1 1152
1 1742
2 808
2 1292
2 1215
2 1040
1 504
1 1310
1 641
1 451
1 37
2 106
2 1090
2 193
2 1638
1 1485
1 533
1 1282
2 61
1 894
2 596
1 1411
1 1044
2 816
1 829
2 277
1 1644
1 1005
2 631
1 43
1 170
1 1744
1 1191
2 653
2 575
2 137
1 343
2 984
2 83
2 55
2 929
1 412
2 1329
1 379
1 19
1 628
2 73
2 1284
2 1370
2 1771
1 728
2 103
1 673
2 1791
1 273
1 130
2 1000
1 842
2 1499
1 1121
2 938
1 1
1 233
1 837
2 464
2 857
2 928
2 562
1 1256
1 1372
2 1190
2 378
1 1376
1 780
1 1701
1 661
2 1795
2 1049
2 1499
2 1384
2 1462
2 182
1 643
2 1319
1 42
1 1419
1 271
1 1324
2 1728
1 90
2 1746
2 506
1 1169
2 469
1 259
2 1013
1 78
1 1253
2 1155
2 1039
1 1378
2 439
1 1703
1 41
1 1290
1 1009
2 273
2 367
2 85
2 294
2 599
2 1766
2 208
1 1656
2 486
2 790
1 1439
1 1037
1 54
2 1273
2 1167
1 858
1 747
1 82
2 205
1 658
2 1166
1 1350
1 556
2 1242
1 67
1 704
2 591
2 526
1 1275
1 1365
2 726
2 1616
2 528
2 377
1 1674
1 1582
2 89
2 936
1 819
1 593
1 1619
2 383
2 1542
1 461
2 600
2 343
2 151
1 779
1 1011
1 263
1 910
1 1724
1 1251
2 1187
2 1026
1 409
2 986
1 1274
2 576
1 1464
2 744
1 1457
2 1629
1 774
2 792
2 555
1 1639
1 1089
2 1561
2 144
1 677
1 1262
2 1754
2 545
2 685
2 140
2 633
2 718
2 1052
1 131
1 344
2 1693
2 1344
1 522
2 1140
2 1453
1 304
2 211
1 53
1 272
1 223
2 1184
2 1598
1 202
1 1396
1 691
1 1058
2 504
1 350
1 1123
2 1213
1 1155
1 1206
1 546
1 1518
2 566
1 594
2 388
2 900
2 1785
1 981
2 1649
2 1390
1 545
1 1721
2 868
2 438
1 832
2 248
1 736
1 836
2 723
1 960
2 1208
1 1333
1 975
2 1030
2 453
2 538
1 230
1 97
1 1056
1 1700
1 1083
1 1157
2 561
2 1793
2 290
1 1047
2 832
1 391
2 917
1 766
1 660
2 1782
2 686
1 1756
1 436
2 1529
2 1635
1 1198
2 1226
1 418
1 523
2 1079
2 11
1 834
1 1796
1 1487
1 835
2 960
2 201
1 824
2 1006
1 623
1 475
1 1710
2 398
2 1434
1 333
2 1076
1 976
2 1118
2 745
1 876
2 50
2 376
2 1643
2 1100
2 1568
2 536
2 1631
1 742
1 1287
2 1256
1 1670
2 1136
2 621
2 1648
2 501
1 1453
2 163
2 1218
2 1355
2 924
2 1621
2 419
2 1296
2 1361
1 215
2 559
2 1493
2 730
2 1506
2 1472
1 1020
1 1685
1 666
1 1202
1 1587
1 1367
1 1713
1 1328
1 804
1 1652
1 1046
2 280
2 553
1 21
1 293
1 318
2 52
1 1446
2 1364
2 1084
2 179
2 14
1 630
2 416
2 1569
2 904
2 1277
2 1743
1 1082
2 785
2 1265
2 1529
2 1626
2 996
1 507
2 1441
2 296
1 992
2 380
2 1002
2 67
1 639
2 1753
2 961
2 2
2 1211
2 1508
2 1125
1 1538
2 982
1 149
1 1458
1 1135
1 59
1 1287
2 1599
1 657
2 480
1 1021
2 1249
2 1711
1 1107
2 1711
1 877
2 16
2 1634
2 189
2 1755
2 1494
2 1230
2 950
2 320
1 1093
1 871
2 707
1 752
1 1618
2 101
2 690
2 259
1 1278
1 1162
1 267
1 191
1 818
1 792
2 7
2 362
1 1324
2 1152
1 1600
2 1295
2 1045
2 57
2 535
2 157
1 484
1 184
1 1327
1 704
1 597
2 495
1 1537
2 382
2 586
1 552
1 574
2 378
1 767
1 637
1 509
1 385
1 1669
1 1525
1 1557
2 1636
2 1169
1 400
1 1084
2 933
1 455
2 699
1 276
1 323
2 1580
2 729
1 96
1 145
1 761
1 664
2 1733
2 1725
1 10
1 71
2 212
2 1565
2 196
1 867
2 1122
2 478
2 1478
2 924
1 1374
1 1097
1 962
2 677
1 342
1 444
1 591
2 1098
1 38
1 237
2 235
2 1738
2 1278
2 109
2 1770
2 182
1 1178
1 1678
1 197
1 437
1 743
1 865
2 1696
1 1232
1 743
1 1683
1 1465
2 394
1 1778
1 1492
2 1365
2 1744
2 526
1 1249
1 1189
1 1658
2 1222
2 198
1 1312
1 1607
1 618
1 1421
2 479
2 801
1 10
2 833
2 1772
2 111
2 584
2 1531
1 864
2 1216
2 561
2 883
1 1585
2 999
2 1470
2 1617
2 400
2 1425
2 684
1 1240
1 1280
2 195
1 1704
2 519
1 1472
2 1689
1 171
1 267
2 1160
2 311
2 411
2 458
2 289
1 851
1 1441
1 1471
1 1716
2 1293
1 29
1 1462
1 1106
2 146
1 637
1 1754
2 1304
1 1387
2 40
1 95
1 239
2 540
1 610
1 401
1 1710
2 1228
1 175
2 9
2 1539
1 1088
1 466
1 1480
2 747
2 1272
2 320
1 104
1 1712
2 1701
2 943
2 1581
2 1467
2 1179
1 1337
1 613
1 29
2 268
2 778
2 505
2 470
2 511
2 447
1 736
2 1061
1 1534
2 377
2 345
1 1231
1 168
1 1136
2 426
2 768
2 1279
2 1611
2 1403
2 72
2 746
2 1605
1 1307
1 1786
2 1204
2 70
2 1623
1 1343
1 905
2 654
1 1599
2 1722
2 1428
1 1317
1 1568
2 187
2 805
1 801
2 559
2 1741
2 728
2 1333
1 389
1 328
2 347
2 1368
1 1248
2 1057
1 1770
2 1165
2 978
1 921
1 6
2 649
1 353
2 1293
2 1189
2 1354
2 872
2 1119
1 461
1 1146
2 1103
2 206
1 386
2 592
2 1655
1 1208
1 1575
1 1034
2 117
1 245
1 1797
2 1212
1 1398
2 1018
1 981
1 1602
2 1323
1 887
1 946
1 1038
2 1246
1 521
2 632
1 1180
2 1037
1 897
2 939
1 262
2 1576
2 360
2 46
1 849
1 251
1 1443
2 1250
2 348
2 1400
2 827
2 1749
1 710
1 1777
2 627
2 397
2 457
2 1192
1 1420
1 1427
2 1452
2 330
2 1120
1 729
1 265
1 306
2 346
1 957
2 1604
1 758
2 1294
1 158
1 989
2 1662
2 54
2 433
2 142
2 1154
1 408
1 831
1 1171
1 678
1 705
1 445
2 156
2 209
2 1283
1 706
1 1158
2 217
1 1131
2 1781
2 1798
2 181
1 1214
2 1633
2 232
2 945
2 1406
1 1207
2 1450
1 1502
1 298
1 1151
1 1137
1 1558
2 965
2 977
1 734
2 245
1 448
2 393
1 1763
1 576
1 270
1 1625
1 1716
1 784
1 35
2 719
2 1190
1 166
1 1335
2 997
1 1217
2 909
1 1446
1 972
1 481
2 757
2 1320
2 1288
1 872
2 931
1 26
2 92
1 407
2 1546
2 807
1 1713
2 1123
1 1052
2 1740
1 648
1 12
2 454
1 609
2 1118
1 1762
2 123
1 122
1 539
2 1500
2 358
1 662
1 1508
1 248
1 457
2 1592
2 70
1 1194
2 1743
1 371
2 1697
2 120
1 1747
2 678
1 1276
2 1
2 1788
2 1789
1 1027
1 327
1 17
1 207
2 685
1 278
1 1695
2 1509
1 1759
1 608
1 672
2 1376
1 112
2 1099
1 35
2 579
1 1692
1 1780
1 1707
2 884
2 468
1 1694
2 750
2 324
2 1070
1 1682
2 1784
1 748
1 762
1 1405
2 352
2 831
1 740
1 1382
2 1028
2 976
1 1070
1 200
2 477
1 1008
1 127
2 973
2 594
2 815
1 916
1 120
1 178
2 397
2 1635
1 1632
1 839
2 298
2 557
2 587
2 46
2 1153
1 125
1 63
2 793
1 1398
2 1031
2 889
2 970
1 1612
1 754
2 669
2 1232
2 1271
2 553
2 1558
2 834
2 1248
1 1593
1 428
2 1219
1 1442
1 1414
2 469
1 1600
1 599
2 1285
2 1185
1 1345
2 1757
1 256
2 1106
2 346
2 1126
2 358
1 1524
1 878
1 733
1 775
2 488
2 1497
2 345
1 1404
2 103
2 1783
1 1772
1 1338
1 1539
1 144
2 719
1 1698
2 167
1 826
1 954
1 781
1 108
1 300
1 1561
2 373
1 515
2 1439
2 818
2 1259
2 441
1 221
1 769
2 306
2 1799
1 180
2 1024
2 1186
1 1497
1 312
1 1520
2 1420
2 207
1 229
2 316
2 1130
1 1481
1 762
2 1347
2 910
1 1699
1 1500
2 1608
2 75
2 1684
2 164
2 1112
2 1678
2 983
2 1166
2 925
1 90
1 60
1 715
1 674
2 716
1 1044
2 796
2 1685
2 102
1 846
1 460
1 274
1 384
2 1285
2 542
1 613
2 114
1 1033
1 1761
2 1417
2 873
2 941
1 1205
1 1297
2 1302
2 375
1 1161
1 1476
2 985
1 850
2 1244
2 94
2 943
2 644
1 741
1 1456
2 107
2 1677
1 264
1 361
2 48
1 1028
1 297
1 1680
1 631
1 931
1 463
1 1614
1 1455
1 1159
1 1095
1 244
2 698
1 1774
2 1137
1 151
1 1297
1 583
2 488
1 772
1 1548
1 1731
1 123
2 491
2 200
2 744
2 808
2 218
1 107
1 897
1 148
2 247
1 838
1 483
2 76
1 596
2 502
2 45
2 1209
2 735
1 1346
2 1156
2 585
2 81
2 1323
2 913
2 134
1 782
1 1263
2 1410
2 572
1 922
1 1029
2 422
1 317
2 326
2 1174
2 230
1 1339
2 319
2 1224
1 1074
