3600 1000
2 1450
2 1400
2 1163
2 1282
1 656
1 1193
2 78
2 1477
2 945
1 154
2 723
1 582
2 754
1 257
2 1330
2 898
2 1224
2 310
2 1557
2 1118
2 474
1 279
1 858
1 1102
2 504
2 1074
2 193
1 238
1 788
2 78
2 1717
2 830
1 743
1 1066
1 1398
1 1211
1 1142
1 1621
2 451
1 380
1 878
1 1222
2 178
1 76
1 1467
1 377
1 1632
2 1043
1 105
1 595
1 220
1 447
2 581
1 56
2 417
2 1556
1 514
2 1085
1 1160
1 109
1 983
1 1253
2 158
1 1715
1 1483
2 730
1 842
2 1265
2 1768
1 1573
2 525
2 214
1 315
2 873
1 858
1 430
1 1222
2 1361
2 844
2 533
1 1506
2 1684
1 406
2 470
1 1572
2 810
2 555
1 1479
1 1378
2 879
1 607
2 834
1 1598
1 343
1 1569
1 1373
2 473
1 129
1 1333
1 1459
2 1128
2 547
2 725
1 137
2 1699
1 1042
2 1455
2 1659
1 1449
2 579
1 94
1 709
1 547
1 1125
2 375
1 414
2 1453
1 931
1 447
2 1076
1 199
1 535
2 1210
1 61
2 1119
2 727
2 606
2 1614
1 709
1 135
2 699
1 192
1 1617
1 63
1 1125
2 695
1 1666
1 925
2 1599
2 1566
2 17
2 1079
2 1014
1 933
1 362
2 904
1 1090
1 46
1 1316
1 403
2 1097
2 954
2 1548
2 413
1 441
1 1581
1 1527
1 1064
2 1315
1 1078
1 660
1 830
2 21
1 1586
1 45
1 502
1 727
1 107
1 551
2 304
2 674
2 157
1 517
2 44
2 1061
2 369
1 240
2 1147
2 363
2 1680
1 102
2 486
2 1584
1 371
2 1800
1 391
1 332
2 760
2 591
1 1663
1 1307
1 1736
2 205
1 1505
2 1235
2 1282
2 757
1 519
2 150
2 1365
2 41
1 733
1 364
2 946
2 1228
2 896
2 600
2 161
2 1416
2 1187
1 628
1 1757
1 1792
2 562
1 116
1 1148
2 758
2 759
1 1551
1 325
2 410
2 841
1 1027
1 895
1 481
2 1368
2 106
1 993
2 570
2 1223
1 602
2 421
1 25
1 1499
2 704
1 1629
1 350
2 92
2 1205
2 1336
2 1200
1 636
2 259
2 1542
1 1712
1 638
1 1009
1 790
2 398
2 953
1 949
2 917
1 105
2 1006
2 890
1 1798
1 1347
1 123
1 1535
2 1447
2 762
1 1186
1 171
1 239
1 763
2 1293
1 620
1 503
1 206
2 625
2 1228
2 56
2 1614
2 1675
2 488
2 233
1 1391
1 1660
1 823
1 1221
2 184
2 389
2 344
1 1050
1 260
2 402
2 418
2 89
1 1162
2 959
2 98
2 464
2 1189
1 412
1 759
1 916
2 99
1 740
2 1764
2 1724
1 1579
1 1194
2 74
1 1405
2 232
2 1448
1 1677
1 1224
1 838
1 128
1 621
2 908
2 1610
2 298
2 1423
2 616
1 575
1 1709
2 857
1 94
2 848
1 1555
1 1272
2 1723
2 588
1 414
2 1676
2 188
1 208
2 1799
1 1372
1 62
1 1791
2 835
2 581
1 1381
2 931
2 716
2 330
2 1364
1 148
1 506
1 1246
2 471
2 1691
1 126
1 1551
2 544
2 1349
1 849
1 576
1 1438
1 323
2 1620
1 1433
2 140
1 283
1 528
1 1135
2 927
2 706
1 67
2 1427
2 301
2 587
1 1537
2 495
1 880
1 1259
2 1774
1 437
1 537
1 349
1 118
1 485
1 168
1 1087
2 887
2 1703
1 1130
2 1396
2 323
1 1324
1 977
2 1115
2 134
2 393
1 246
2 1640
2 1124
2 1784
1 542
2 250
2 1376
1 198
1 145
1 803
1 297
2 1740
1 448
1 599
1 1164
2 1116
1 546
2 1706
2 1000
1 716
2 1112
1 1360
2 1696
1 1540
2 843
1 111
1 1714
2 218
1 723
2 1696
1 764
2 1389
1 1662
2 1084
1 962
2 411
2 37
1 975
2 639
2 1007
2 343
1 420
1 1225
2 748
1 534
1 1085
2 621
1 1064
1 1293
1 899
2 867
1 194
2 1008
2 862
2 128
1 1521
1 1537
1 1471
2 1527
1 1517
1 1708
1 1087
2 1758
1 1231
2 950
1 1109
2 1251
1 1408
2 1718
2 472
2 1180
2 1429
1 1249
2 850
1 424
1 1646
1 529
2 1121
1 296
1 612
1 132
1 1596
1 1049
1 647
1 1727
1 745
2 1306
1 200
2 1302
2 881
2 400
2 142
1 32
1 804
1 1010
2 1606
2 172
1 1008
2 559
1 380
2 514
2 1189
1 1667
1 1049
1 1278
1 361
2 466
2 92
1 948
1 408
1 609
1 1022
1 1183
1 66
2 1075
1 809
2 673
1 1581
1 1572
1 59
2 676
1 362
2 901
2 373
1 134
1 839
1 569
1 226
1 344
2 1155
1 593
2 466
2 555
1 275
2 235
2 439
1 775
1 95
2 273
1 1486
2 434
1 826
1 1260
2 207
2 226
2 766
2 1126
1 1553
1 665
1 1180
1 1411
2 152
1 770
1 1106
1 576
2 1577
2 1781
2 1651
2 872
2 697
2 117
2 710
1 1793
2 907
2 622
1 986
1 146
2 1220
1 1352
1 817
2 676
1 596
2 370
1 948
1 79
1 1028
1 39
2 1404
2 297
1 1554
2 1496
1 1354
1 1214
1 824
1 646
2 329
2 1182
1 1035
1 491
1 183
2 822
1 267
1 543
2 1393
1 1638
1 165
1 680
1 288
2 1797
1 1134
2 926
1 1564
2 701
1 1171
2 939
2 1418
2 1714
1 254
1 1070
2 1563
2 1481
2 112
2 1506
1 1421
2 464
1 1745
1 1295
2 962
2 686
2 728
2 354
2 207
1 179
2 70
2 585
2 961
2 1518
1 1297
2 465
2 909
2 1475
1 1688
1 195
1 1609
2 428
1 1356
1 453
1 905
1 52
1 1417
1 1
1 1305
1 1270
2 633
1 1261
1 1469
1 1567
2 796
1 417
1 1308
2 409
2 159
1 1466
2 608
2 1509
2 458
1 415
2 1237
2 1376
2 999
1 525
2 1631
1 985
1 764
2 943
2 1741
2 1730
2 745
1 149
2 114
1 1119
1 1539
2 153
2 1519
1 1511
1 1264
2 1695
2 373
2 536
1 1528
2 191
2 669
1 1761
1 293
1 1262
1 799
2 1694
2 1465
2 1177
1 1630
1 503
1 383
2 1046
2 1159
2 1562
1 285
2 189
1 545
1 475
2 602
1 65
2 1750
2 1710
2 1156
2 215
2 753
2 169
1 655
1 1605
2 312
2 169
2 1787
1 1322
1 290
1 358
1 1719
2 1196
2 1675
2 219
1 818
1 236
2 1303
2 1651
1 751
2 1460
1 62
2 1284
2 1701
2 1101
1 1363
1 1405
2 553
2 1444
1 1172
2 744
2 599
1 1120
1 1618
1 720
1 1765
1 489
2 802
1 748
1 163
2 494
1 303
1 372
2 491
2 160
2 186
2 658
2 241
2 6
2 519
1 968
1 25
1 131
2 2
2 685
1 603
2 1225
2 1001
2 88
1 1754
1 960
2 663
1 1270
2 1420
1 1772
1 1436
2 122
2 438
2 1583
2 528
1 544
2 1414
2 1579
2 708
2 1244
2 1158
1 649
1 691
1 1622
1 27
1 1044
1 1313
1 365
1 1287
2 1207
2 163
1 1783
2 741
1 614
1 1056
2 1686
1 425
1 1441
1 1529
1 1016
2 775
2 1234
1 285
2 1753
2 1745
2 1600
1 1619
1 699
1 1362
2 1379
1 1383
1 12
2 436
2 731
2 241
1 1721
1 1209
2 239
2 419
2 543
2 1231
1 1764
2 578
1 1319
1 1340
2 859
2 798
2 539
2 1221
1 1255
1 235
2 1637
1 68
1 615
1 1271
1 33
2 732
2 1062
2 286
2 1326
2 1570
1 405
2 649
2 1519
1 1787
2 192
2 257
1 784
2 1232
1 609
1 1700
2 801
2 1374
1 672
2 914
1 1497
2 639
2 1132
2 1100
1 1148
1 701
1 1212
2 910
1 262
1 993
1 1641
1 1425
1 87
2 369
1 1610
1 1731
2 610
1 1054
1 75
1 337
1 917
1 1072
1 1031
2 836
1 455
1 1073
1 255
1 334
1 302
1 244
1 361
2 58
1 1404
1 1216
1 1373
1 317
1 991
2 364
1 1546
2 162
2 473
2 396
2 350
2 1490
1 1214
2 1464
2 1544
1 561
1 1190
1 1025
2 432
1 284
2 288
1 969
2 1152
1 453
2 197
2 9
2 1136
2 906
1 1685
1 276
2 1725
2 879
2 1390
1 1245
1 778
2 1190
2 999
2 546
2 313
2 222
2 1664
1 83
2 1482
1 1238
1 1127
1 1042
1 1485
2 1602
1 397
2 1774
1 978
1 1186
2 868
2 979
1 1642
2 1389
1 1296
1 1074
2 1410
1 672
2 213
1 201
2 532
1 141
2 223
2 426
2 1578
2 1727
2 717
1 501
1 1705
2 1586
1 863
2 445
1 1553
2 16
1 719
2 772
2 1103
1 55
1 513
2 14
2 956
2 435
1 635
1 535
1 1304
1 1184
2 1034
2 1276
2 1693
1 597
2 1673
1 920
2 1345
1 1047
1 104
2 1464
1 1554
2 864
1 787
2 1622
2 1441
2 1682
1 941
1 35
1 589
2 1740
1 1032
2 1785
2 245
1 115
2 1483
1 212
2 651
1 538
2 1480
1 327
1 757
1 1371
2 458
2 1440
1 1130
2 1279
1 947
1 512
1 1208
2 1591
1 1173
2 39
1 1300
2 909
2 217
1 264
1 564
1 1024
1 1412
1 245
1 952
1 1546
1 1424
2 1339
2 278
1 144
1 880
1 899
2 755
2 1449
2 1383
1 390
2 821
2 875
1 1154
1 1051
1 1387
1 407
2 552
1 1512
1 1280
1 1323
1 188
2 263
2 182
1 1056
2 455
1 10
1 186
1 306
1 1342
1 1631
2 890
2 631
1 1252
1 1463
2 1031
1 870
2 1327
1 877
2 622
1 1017
1 386
2 1099
1 1574
1 202
1 833
1 50
1 1027
2 1699
1 217
2 578
2 1499
1 1475
2 866
2 1683
1 1456
1 1549
2 647
2 1634
1 629
2 807
1 1073
1 1278
2 1013
2 1138
2 218
2 1576
2 309
2 15
1 662
1 81
2 1627
1 80
1 318
1 756
2 1206
1 912
1 1492
2 1689
1 1754
1 992
1 925
2 1184
2 1317
2 664
1 272
2 1232
2 508
2 889
2 249
2 127
1 189
2 668
2 1303
1 28
2 1640
2 290
1 377
1 334
1 1301
2 1315
2 250
1 670
2 682
2 1752
2 742
1 1044
1 195
1 1400
1 328
2 1215
1 1019
2 1489
1 1681
2 870
2 1036
2 972
1 1329
2 132
1 1665
1 173
2 219
2 801
2 950
2 322
2 616
2 1627
1 1670
1 1652
1 665
2 1266
2 1698
2 399
2 636
1 1626
1 492
1 1497
1 877
1 1530
1 1486
1 137
1 630
2 752
1 628
1 1620
1 232
1 588
1 1685
2 1649
2 1095
1 1355
1 90
1 1377
2 88
2 1390
1 552
2 1377
1 1153
1 1017
2 549
1 261
1 444
2 1728
2 1595
1 1199
1 456
2 1434
1 645
1 1750
2 994
1 1122
1 679
2 1644
2 800
1 769
1 936
1 1637
1 814
1 579
2 1127
1 1312
2 527
1 654
1 1240
2 1420
2 891
2 1151
1 156
1 1285
2 680
1 174
1 1138
2 687
1 532
2 542
2 1029
2 641
1 251
2 554
2 511
2 945
1 116
2 1525
1 526
1 1679
1 966
1 454
2 926
1 1328
1 106
2 164
1 1164
1 244
2 617
1 559
1 702
1 1734
2 423
2 419
2 768
2 1280
1 1663
1 1594
1 524
1 1732
2 703
1 1060
1 356
2 984
1 1022
2 815
1 393
2 376
2 53
2 1292
1 48
2 1534
1 1217
2 1603
2 1139
2 1149
2 1430
1 1402
2 1157
1 1704
1 1084
1 1287
1 1591
1 1317
1 1254
2 210
2 592
1 1650
2 1645
2 1226
2 847
1 427
2 1348
1 85
1 855
1 1075
1 1057
1 811
2 1433
1 384
2 333
2 1131
2 520
1 800
1 1021
1 500
2 935
1 1065
2 162
1 1015
2 45
2 1780
1 1746
1 697
2 1386
2 728
2 1135
1 1422
1 155
2 388
1 1407
2 1261
1 30
2 1332
2 167
2 1597
2 1294
1 1009
1 80
1 1791
2 985
2 761
2 1510
1 550
2 553
1 1713
2 423
2 1397
2 1325
1 1369
2 1245
2 1059
2 478
2 1794
2 1795
1 852
2 718
1 1668
2 773
2 1648
1 1248
1 1188
1 1117
1 1538
1 1000
1 1532
2 1252
1 1733
2 308
2 1569
2 696
2 1442
1 229
2 923
2 777
1 351
1 472
1 357
1 1346
2 1516
2 1407
2 1304
1 684
2 1585
2 942
1 1273
2 551
2 160
2 574
2 620
2 657
2 489
1 1729
2 1403
1 1626
2 1237
2 768
1 1491
2 1758
1 268
2 1542
1 125
1 1762
2 138
2 1325
2 1296
1 1306
1 1461
2 1249
1 1150
2 412
1 883
2 892
2 929
2 1046
1 384
2 1604
2 1674
1 253
2 1388
2 206
1 1344
2 561
2 366
2 698
1 443
1 653
1 459
2 418
1 378
2 1331
2 1181
1 15
2 1134
2 1584
1 1048
2 729
1 1058
1 357
1 1063
2 1291
1 1197
2 556
2 791
2 855
1 1587
1 1045
2 970
2 1250
1 184
2 74
1 1737
2 654
1 1488
2 784
2 43
1 995
2 1348
2 1097
1 1653
1 1247
2 696
2 600
1 199
2 75
1 1158
2 1126
1 1053
1 1746
2 55
2 61
1 1541
1 1088
2 1656
2 336
1 1695
2 1340
2 679
2 467
1 499
2 1141
2 684
1 1655
1 1401
1 1257
1 1452
2 394
2 1286
1 935
1 977
2 739
1 990
2 1033
1 1406
2 1212
2 144
2 1083
1 840
2 1504
1 1321
2 1540
1 1669
2 842
1 1552
1 274
1 151
2 247
1 339
1 480
2 346
1 661
1 242
1 733
1 574
2 474
1 368
2 348
1 637
2 301
1 577
1 783
1 1219
1 1227
2 1623
2 57
1 1341
2 773
2 972
2 499
2 693
2 1359
2 767
1 1741
2 894
2 524
1 1494
1 1192
2 243
1 287
1 530
2 1095
1 531
2 437
1 265
2 1242
2 354
1 99
1 1268
1 1482
2 1779
1 1201
1 1744
2 1092
1 1594
1 1146
2 992
1 1086
1 1656
2 1106
2 1203
1 1185
1 1673
2 1460
1 259
2 1387
2 1585
1 1508
2 1472
2 1468
2 1178
1 625
2 1255
2 408
1 320
2 738
1 915
1 765
2 426
1 841
1 794
2 1574
2 43
2 1277
2 1406
2 1098
1 1790
1 1328
1 131
1 1485
1 626
1 1780
1 885
2 1150
2 1597
2 1588
2 114
1 658
1 98
2 721
2 498
2 941
2 1607
1 480
2 1539
1 1208
1 1054
1 1593
2 1060
1 211
1 828
1 1776
2 1558
1 395
1 1266
2 878
1 1132
1 712
1 1096
2 312
2 1205
2 1613
1 706
1 1354
2 860
2 1465
1 1330
1 1550
2 1654
2 1777
2 1409
2 967
1 1709
2 689
1 885
1 791
2 1694
1 185
2 82
1 832
2 1661
2 988
2 1775
2 1592
2 632
2 65
2 185
1 601
2 796
1 1113
1 479
1 1092
2 476
1 1161
1 177
1 634
1 1366
2 618
1 753
2 29
1 1513
2 688
2 541
1 1484
2 583
1 133
1 849
1 1667
1 829
1 1575
2 1550
2 944
2 1541
1 793
1 1528
2 1243
2 980
2 1731
1 828
1 573
2 1265
1 1649
1 1375
1 1041
2 159
1 1332
2 1068
2 1331
1 831
1 566
1 292
1 808
2 1635
2 305
2 640
2 840
2 780
1 1601
1 347
2 619
2 900
1 44
1 1635
1 1200
2 1496
2 1198
1 313
1 23
2 158
2 708
2 1028
2 136
2 87
2 54
2 1503
2 783
1 874
2 1157
1 111
2 1636
1 1431
2 214
2 495
1 1061
1 1717
2 1003
1 1090
2 691
1 572
2 642
1 1035
2 1436
2 341
1 686
1 71
1 36
1 776
1 1375
2 1702
2 124
1 7
1 115
1 1511
2 407
1 1781
1 117
2 973
2 963
1 291
1 1351
2 1451
2 154
2 1299
2 1538
2 319
1 1691
1 496
2 1069
2 227
2 1779
1 1005
1 1274
2 1098
1 51
2 321
2 1769
1 1367
1 409
1 681
1 1726
1 671
1 450
2 853
1 451
2 271
1 1477
2 867
2 366
2 1543
1 611
1 139
1 1118
2 510
2 1379
2 939
2 1399
2 73
1 1018
2 790
2 1588
2 1480
2 814
1 933
2 1141
2 545
1 306
2 685
2 570
2 1048
2 382
1 360
2 782
1 113
1 750
1 1018
2 1391
1 874
2 1498
1 662
1 1674
2 1719
2 1415
1 121
1 107
1 1466
1 1418
2 1458
1 593
2 853
2 1235
1 1495
1 1077
1 1395
1 771
1 746
2 1616
2 1493
1 1116
1 1470
1 252
1 785
1 1654
2 1786
2 1176
1 385
1 1661
1 797
1 310
2 590
2 1752
1 27
1 1722
2 1145
1 1318
1 693
2 619
2 537
1 1690
1 420
1 151
1 812
1 296
2 1653
1 193
2 196
2 638
2 1605
2 1001
1 1515
2 17
1 1019
1 1419
2 1677
2 1437
1 957
1 633
2 84
2 1615
1 774
1 352
2 208
1 1516
1 897
2 613
1 1241
1 1665
2 822
1 1641
1 729
2 1710
1 1067
1 236
2 1168
1 238
1 797
1 1583
1 265
1 523
1 1501
1 1137
2 1223
1 84
2 604
1 898
1 143
1 973
1 1081
2 411
1 1393
2 1613
2 623
2 360
1 281
1 816
2 907
1 629
2 1773
1 475
2 381
1 258
2 21
2 1263
1 1736
2 79
2 1757
2 431
1 20
1 1334
2 1562
1 76
2 1443
2 1179
2 1341
2 1295
2 461
1 772
2 971
1 270
2 166
2 1036
2 321
2 1730
2 987
1 394
1 1747
1 781
1 782
1 388
1 1378
2 1218
2 152
1 280
1 274
1 1038
1 3
1 1508
1 848
2 631
2 1639
2 1438
1 276
1 49
1 1051
1 1107
1 1002
1 762
1 919
1 596
2 196
2 1353
1 1355
2 270
1 416
2 605
2 1495
1 147
2 1735
1 1275
2 1606
2 1129
2 1111
2 915
2 648
1 1652
1 40
2 441
1 1690
2 11
1 1174
1 351
1 1671
1 1672
2 246
1 487
2 808
1 488
2 624
2 263
1 1633
1 273
1 26
1 101
1 607
2 660
2 187
2 386
2 231
2 947
2 1101
2 452
1 1233
1 439
2 41
1 687
1 1773
1 1600
2 997
1 1749
1 1311
2 1565
2 428
1 703
1 1520
2 204
2 969
2 1032
2 352
1 851
1 989
2 1089
1 583
1 1082
2 1461
1 13
2 401
2 1151
1 5
1 1611
1 627
1 710
2 1159
2 1748
1 1521
1 11
1 718
1 400
2 1175
2 1729
1 1589
1 1713
2 1718
1 243
1 705
2 823
2 146
2 1688
2 1536
1 330
1 1473
1 1337
1 756
1 1662
2 1239
2 230
1 817
1 1329
2 328
1 1558
1 934
1 868
1 732
1 77
1 1193
1 540
2 857
1 294
2 286
2 531
2 1557
1 592
1 429
2 1618
1 1738
1 715
1 1365
2 1468
1 1079
2 1442
2 755
1 1140
1 268
2 1701
1 1154
1 927
2 1188
1 1229
2 1024
2 508
2 1289
1 637
2 586
1 594
1 780
1 1658
2 522
2 1198
2 641
2 683
2 669
2 1536
1 379
1 166
2 1568
1 432
1 1057
2 57
2 1104
1 1413
1 724
1 1275
2 1432
1 829
2 19
2 526
1 225
2 608
2 1236
2 119
2 8
2 91
1 22
1 1444
1 886
1 1678
2 1408
1 1697
1 383
2 157
2 601
2 1633
1 289
1 982
1 1094
2 533
2 997
1 871
1 1687
2 1582
1 399
2 229
2 224
1 331
1 970
1 965
2 886
2 1342
2 1041
2 998
1 1669
2 1577
1 1531
1 1071
2 181
2 571
1 643
2 827
1 1385
1 1109
1 150
2 1402
2 984
1 422
2 996
1 882
1 253
2 1091
1 695
1 1446
2 302
2 42
2 1093
1 200
1 1392
1 1500
1 353
2 19
1 341
2 1089
1 180
2 1112
2 324
2 556
2 1239
1 624
1 1580
2 272
2 737
1 1524
2 603
1 1422
2 194
1 307
1 664
1 1680
1 1529
1 1066
2 182
1 476
1 490
1 1645
2 572
1 1029
2 125
2 1658
2 406
1 1302
1 1
1 1706
1 129
1 50
2 1277
2 1242
2 287
1 1290
1 174
1 640
2 1657
2 224
2 222
1 1345
1 449
1 1360
2 681
2 1206
1 854
1 1170
1 719
1 346
2 786
1 1145
1 237
2 1120
2 1274
2 837
2 187
1 497
2 1715
2 327
1 9
1 634
2 1793
2 1756
1 141
2 1643
2 191
1 462
2 819
1 126
2 771
2 1144
2 465
2 1502
2 1288
1 1789
1 834
1 957
1 403
2 911
2 1413
2 390
1 577
2 1065
1 261
2 1094
2 826
1 813
2 1023
2 536
2 704
2 1533
1 958
2 1650
2 212
1 1770
2 1796
2 436
2 1320
1 104
1 493
1 900
1 1276
2 1269
2 1435
1 651
1 1100
2 171
2 635
2 1451
2 462
1 336
1 1607
1 1335
1 30
1 391
2 750
2 1532
2 1463
1 177
2 40
1 1114
1 359
2 1181
1 1560
1 1370
1 1446
1 1514
1 953
2 142
1 1288
2 1428
1 1033
1 1555
2 1568
2 130
2 1292
2 908
2 148
1 82
2 1283
1 1384
1 820
2 326
2 1300
1 256
2 1313
2 974
2 8
1 1105
1 1755
2 1299
1 460
2 42
1 1474
2 1167
2 258
1 1248
2 445
1 936
2 1563
1 1337
1 1726
2 264
2 1072
2 1011
2 337
1 678
2 1352
2 1183
1 456
2 1263
2 1080
1 326
1 689
1 1432
1 318
1 66
2 1728
1 1798
1 1385
2 1006
2 1165
2 1417
1 1487
1 1281
1 1479
2 252
1 201
1 1310
2 161
2 496
2 47
2 518
1 819
1 348
1 363
2 1108
2 1507
2 742
1 1336
1 1357
2 648
1 569
2 6
2 1580
1 340
1 355
1 833
2 515
1 1309
1 91
2 1592
2 986
1 726
1 711
2 2
1 743
1 690
2 1346
2 876
2 673
1 831
1 103
1 175
1 1505
2 838
1 807
2 754
1 1593
2 181
1 720
2 1487
1 928
2 422
2 795
2 1297
2 1078
2 538
2 1430
1 389
1 251
1 295
1 1628
2 785
1 1700
1 513
1 1753
1 774
2 444
2 500
2 338
1 1285
1 1628
2 1501
1 613
1 1587
1 1069
2 1711
2 571
1 108
1 1458
2 1431
1 1570
1 739
2 484
1 110
1 23
1 1576
2 359
1 1323
2 1197
2 1096
1 1453
2 1363
2 1624
2 203
1 944
1 190
2 228
1 89
1 1199
2 1454
1 632
2 1670
2 338
2 349
1 1350
2 1004
1 1165
1 652
1 1772
1 1233
2 46
2 1492
2 1481
2 934
1 677
2 881
2 1543
1 1192
1 557
1 1179
1 854
2 33
1 136
2 541
2 1512
1 63
2 1140
2 484
2 1030
1 650
2 722
1 1549
2 299
2 149
2 339
2 1778
1 1213
1 786
1 216
1 1152
2 735
1 884
1 145
1 932
1 1081
1 802
2 529
2 666
1 1760
1 1359
1 892
1 1026
2 256
1 1471
2 930
1 1294
2 837
1 133
1 940
1 871
2 1682
1 271
1 490
2 1012
1 4
1 1207
1 345
1 1595
2 170
1 1374
2 1566
1 1759
1 847
2 792
2 856
1 1457
2 816
2 183
1 1657
2 661
2 951
2 1739
2 975
2 1380
1 381
2 738
1 1489
1 1082
1 1264
1 69
2 1227
1 485
1 1476
1 707
1 778
2 1273
1 1226
1 1783
1 155
1 1166
1 930
2 1076
2 103
1 1792
2 888
1 598
2 1162
2 1117
1 827
1 1110
2 1236
1 395
1 1091
1 1443
2 314
1 1445
2 979
1 961
1 410
2 1687
1 1590
2 711
2 741
2 996
1 1514
2 269
1 164
1 1742
2 1668
1 227
2 1318
2 1133
1 967
2 1616
2 1047
1 767
1 440
1 976
2 1124
2 913
2 1531
1 1321
2 766
2 815
2 307
2 584
1 998
1 1114
2 895
1 906
2 237
2 1689
2 736
2 1711
2 584
2 86
2 590
1 118
2 1707
1 721
2 1502
2 3
1 213
1 1429
1 102
2 734
2 221
2 713
2 1560
2 234
1 385
2 744
1 666
2 1409
1 690
1 983
2 113
1 1143
2 1196
2 918
2 1167
2 469
2 1301
2 966
1 1632
2 1034
1 24
1 942
2 1367
1 1093
1 1724
2 375
2 913
2 943
1 1447
2 1026
2 1254
2 946
2 1603
1 736
2 317
2 568
2 1671
2 882
1 1788
2 358
1 923
1 1062
2 820
2 492
1 1596
1 1601
1 922
1 965
1 416
1 1621
1 305
2 140
2 404
2 1450
2 49
1 851
1 1392
1 374
1 248
2 1039
2 558
2 1535
2 329
1 1476
2 1133
2 1484
1 37
2 1361
1 1784
2 623
2 1452
2 663
1 1045
1 335
2 873
1 722
1 205
1 765
1 522
2 730
1 1338
2 179
1 968
1 1068
2 580
1 976
2 1582
1 1202
2 919
2 220
1 283
1 1547
1 291
2 1629
1 1722
1 1364
1 1790
2 1013
1 1771
2 1469
1 1412
1 1210
2 415
2 1037
2 657
1 1602
1 1734
2 86
1 1220
1 293
2 995
2 1174
2 971
1 130
1 955
2 568
2 1457
2 342
2 70
1 678
1 747
1 308
2 69
2 1565
2 846
1 1692
2 1260
2 1086
2 1509
2 1771
2 367
2 507
2 248
1 311
2 627
1 1115
1 505
2 714
1 54
1 1712
2 228
1 319
2 378
2 1102
1 539
1 1322
2 1556
2 1698
2 604
1 429
2 1343
2 1253
2 446
2 1708
2 1204
2 567
2 507
1 794
2 494
2 516
2 1599
1 1002
2 1123
2 1144
1 1240
2 1142
2 875
2 798
2 1732
2 1782
1 1797
2 493
1 818
2 1763
1 606
1 1256
1 345
2 1211
1 300
1 805
1 434
1 1625
2 262
1 804
1 554
1 670
2 1131
1 981
1 991
1 1707
2 1716
1 567
1 1388
1 856
2 573
1 197
1 421
2 1250
1 1067
2 626
1 740
2 461
1 1038
2 1488
1 269
2 1128
2 897
1 1350
1 1520
2 1755
2 314
2 1343
2 511
1 1428
1 1421
2 10
1 861
2 1590
1 203
2 32
1 1411
1 659
2 1327
1 1338
2 266
2 799
2 333
1 38
2 1545
1 504
1 1523
1 477
1 617
2 13
2 1659
2 1666
1 1204
2 949
2 405
2 982
1 101
2 614
2 1761
1 1217
1 371
1 521
1 843
2 198
2 165
1 1216
1 59
1 298
2 124
2 692
2 223
1 894
2 1523
2 401
1 230
2 645
2 955
2 1219
1 240
1 1307
1 331
1 565
2 605
2 202
2 97
1 38
1 951
2 1644
1 698
2 865
1 100
1 852
2 1401
2 893
2 1108
2 1749
2 726
2 487
2 1020
1 905
2 1723
2 987
2 928
1 73
2 580
1 1795
2 342
1 430
2 1169
2 1025
1 355
2 598
2 1778
2 97
1 72
1 1578
1 793
2 888
1 71
1 477
2 1720
1 1686
1 761
2 1059
1 835
2 839
2 813
1 1785
2 1234
1 446
2 64
1 1403
1 1448
2 523
2 1381
1 1284
1 883
2 1316
1 749
2 1515
1 509
2 896
2 482
2 1176
2 1182
1 1615
2 1738
2 1504
2 176
1 789
1 821
2 560
1 347
2 1298
2 1766
1 618
2 563
1 810
1 1702
2 12
2 929
2 382
1 234
2 216
1 1552
1 876
2 1399
1 1256
1 121
2 1559
2 1683
2 1525
1 746
1 806
2 1545
1 438
2 1647
1 675
2 824
2 370
1 715
2 1398
2 1415
1 1478
1 1624
2 558
1 1445
1 713
2 989
2 372
2 1474
1 667
1 231
1 587
2 1655
1 575
1 1424
1 534
2 1370
1 1218
1 1737
2 650
2 22
2 254
1 1015
1 1039
1 595
1 295
2 1636
1 1258
1 825
1 1169
1 1796
1 1129
2 548
2 1362
2 1589
1 387
2 1548
2 95
2 153
1 26
1 392
2 924
2 34
1 324
2 1241
1 85
1 1149
1 1191
1 335
2 682
2 565
1 81
2 1163
1 457
2 1612
1 712
1 1623
2 277
1 1058
2 735
2 1763
1 1742
1 1638
2 1011
1 463
2 964
1 1187
1 1478
2 903
2 1247
2 527
1 1491
1 869
1 204
2 1271
1 1155
2 1743
2 311
2 707
1 731
2 994
1 988
1 956
2 1564
2 1230
2 1123
2 1040
1 1172
2 300
2 1800
2 292
1 959
2 170
1 1456
2 498
2 1462
2 825
2 1608
1 1756
2 901
1 442
1 1012
1 860
2 1161
2 518
1 1777
2 1283
2 64
1 659
2 910
2 425
1 540
2 303
2 36
2 1326
2 809
1 1770
2 1077
2 1705
1 1462
2 119
1 478
2 549
2 724
1 173
1 914
1 1386
1 1794
1 1122
1 1678
2 893
2 320
2 1498
2 1660
1 1530
2 1494
1 1526
2 53
1 937
1 1238
1 938
1 1767
1 1439
1 1697
2 688
1 904
1 530
2 1394
2 1286
2 172
2 1334
2 460
2 1289
1 96
2 763
1 1050
1 1739
2 769
2 1426
2 642
1 1269
1 1522
2 1684
1 612
1 175
2 1788
1 652
2 1703
2 787
2 402
1 668
1 1319
2 1268
1 398
2 483
1 954
2 459
2 1369
2 615
1 1195
1 1467
1 4
2 281
1 653
2 506
1 427
2 365
1 1366
2 1426
2 1473
1 671
1 924
1 1099
2 1744
1 1007
1 1625
2 481
2 751
2 562
2 747
2 1003
2 920
2 1575
1 1567
2 505
2 1547
1 1611
2 705
2 396
1 1372
2 18
2 749
1 675
1 211
2 1423
1 1335
1 502
1 1185
1 1023
2 482
1 1609
1 340
2 282
1 903
1 644
1 1358
1 683
1 918
2 1021
1 1716
2 1171
1 93
2 1229
1 655
1 700
2 963
2 656
2 921
1 1137
1 93
1 677
1 1630
2 1534
2 1619
1 294
1 120
1 1121
1 1267
2 60
1 47
1 865
1 1160
1 760
2 483
1 1113
2 884
2 72
1 1209
2 1257
2 789
2 866
2 795
1 67
2 911
1 805
1 1676
1 1459
1 1598
1 788
2 1052
1 225
2 1493
2 289
2 1258
2 1608
2 267
2 1246
2 1055
1 585
1 594
1 168
2 611
2 1030
2 714
1 521
1 1281
1 1733
2 249
2 1173
1 777
1 1681
2 952
1 1358
1 467
2 1324
1 332
1 694
2 471
2 811
2 1305
2 52
1 1782
2 112
2 178
2 1382
2 644
1 20
1 1679
2 844
2 215
1 1751
2 1262
1 110
2 872
1 850
1 1672
2 501
1 889
1 752
2 440
2 1721
1 902
2 404
2 1259
1 120
1 516
2 1267
1 5
2 1786
1 1647
2 1490
2 515
2 392
1 424
1 1020
1 836
1 1251
1 1382
2 1639
1 31
1 156
1 433
1 1766
2 887
1 1195
1 1071
1 280
2 1357
2 260
2 643
2 1434
2 1427
2 958
2 1510
2 356
2 1291
1 221
1 255
1 1642
1 1425
1 1178
2 1748
1 1203
2 1513
1 912
2 277
1 1435
2 1743
2 31
2 586
2 990
2 233
1 566
1 282
2 1055
2 717
2 1648
2 96
1 1765
2 674
2 1202
1 1147
1 479
1 1416
1 1333
1 725
2 692
1 1143
2 509
2 1356
2 1349
1 209
2 1524
1 367
1 463
2 1004
2 1768
2 770
1 1643
2 1440
1 123
1 1063
1 981
2 902
1 1053
2 14
2 16
2 443
1 1704
1 316
1 806
1 387
1 139
2 1394
2 1692
1 1419
2 1320
2 452
1 486
2 210
2 35
2 1107
1 1559
2 433
1 180
1 1646
2 1339
1 1693
2 24
2 469
1 1014
1 517
2 108
1 916
1 932
1 135
2 1503
1 776
1 454
1 564
2 68
1 845
1 442
2 781
1 242
1 1170
1 1507
2 278
1 1166
2 1735
1 1005
2 1518
2 940
2 1080
1 1146
1 1414
2 109
2 737
1 1272
1 77
2 29
2 1314
2 1410
1 167
2 1751
1 1368
2 353
1 190
2 376
1 938
1 1344
2 1384
2 1311
2 1351
2 1437
1 1380
1 450
2 864
2 468
1 1776
2 18
2 520
2 28
1 1500
1 812
2 315
2 1201
1 1168
2 921
2 1561
2 209
1 589
2 1664
2 448
2 832
2 1789
2 1156
2 1472
2 51
2 563
2 1105
2 1010
1 1470
1 147
1 1455
1 1139
1 1309
2 100
1 548
1 1191
2 597
1 630
2 1310
2 435
1 247
1 758
1 468
1 582
1 1111
1 1769
1 550
1 891
1 1037
2 497
1 1153
2 138
1 1070
1 846
1 449
1 646
1 470
1 1604
1 557
2 1612
2 374
2 964
1 413
2 122
2 1312
1 1571
2 1617
2 1747
2 845
2 1110
1 1522
2 863
1 978
2 1243
2 266
2 60
2 1571
1 1298
1 1395
2 1561
2 1397
2 510
2 1083
2 1314
2 1767
1 1371
2 431
2 1177
2 803
2 48
1 1799
2 309
2 1454
2 1104
1 1517
2 694
2 862
1 1720
1 974
2 1634
2 1088
1 869
1 1194
1 700
2 512
1 1308
1 368
1 1103
2 702
2 83
1 1762
2 1215
2 610
1 1533
2 275
1 560
1 1213
1 1760
2 861
1 34
2 1136
1 1775
2 734
2 58
1 779
1 980
1 591
1 1290
1 1573
1 1347
2 859
1 1175
2 316
1 922
1 960
1 127
1 322
1 937
1 1052
2 1353
2 325
2 176
1 143
1 379
1 1396
1 1244
1 667
2 7
1 1043
2 779
1 1725
1 284
2 1526
1 1759
2 299
2 457
1 279
1 1279
2 397
1 792
1 1439
1 1230
1 90
1 304
2 1040
2 1016
1 1544
