3100 4000
2 1204
1 1414
1 244
2 474
2 93
1 262
1 449
2 338
2 1225
1 294
1 598
2 485
2 1119
2 257
2 1319
1 708
2 493
2 214
1 1066
2 765
2 642
1 1172
2 997
1 555
2 854
2 1170
1 555
2 1057
1 859
1 1483
2 311
1 611
2 1363
2 519
1 286
2 1179
1 966
2 395
2 869
1 785
1 41
2 1489
2 1550
2 1094
2 1144
2 1036
1 126
2 515
2 802
2 1453
1 260
2 1535
1 39
1 60
1 832
1 980
1 331
2 512
2 1237
2 669
1 722
1 1361
1 1302
2 1102
1 1095
2 361
2 97
1 1522
2 637
2 333
1 1435
2 1384
2 1152
1 50
1 674
2 1232
1 1334
2 974
2 607
2 1006
2 886
1 448
2 7
2 809
1 500
2 913
1 1300
1 128
2 1155
1 747
2 1470
2 1062
1 313
2 610
1 404
1 1446
2 783
2 978
2 173
2 895
1 991
2 1293
2 129
1 749
2 1541
2 417
1 1118
2 74
1 515
2 629
2 640
2 1287
2 704
2 1007
1 228
2 193
1 1107
2 1548
1 83
2 1488
1 569
2 1097
2 1301
2 984
1 1337
1 149
2 1421
2 964
1 811
2 538
1 170
1 882
2 475
2 1083
2 879
1 919
2 751
1 1041
2 823
1 450
2 472
1 819
2 406
1 1097
2 989
2 30
2 1209
1 964
2 1211
2 1089
1 299
1 1193
2 1015
2 1163
1 482
1 180
2 901
2 247
1 1228
1 657
2 121
1 705
1 1364
2 824
1 622
2 1384
1 1365
1 1177
1 944
1 1093
2 1311
1 573
2 937
2 412
1 166
2 919
1 1087
2 535
2 2
1 476
1 198
2 373
2 578
2 648
2 907
2 1332
2 19
2 615
1 1487
1 13
2 1017
1 1318
2 1240
1 864
1 974
2 1248
2 1092
1 1280
1 1374
2 1164
2 788
2 897
1 994
1 517
2 518
1 399
2 1446
1 422
1 125
1 1088
1 991
2 1232
1 295
1 1441
1 617
2 467
2 1401
2 310
2 1027
2 1113
1 3
2 1298
2 1263
2 196
1 1368
2 355
2 155
2 260
1 471
2 627
2 1385
2 161
2 880
2 924
2 805
1 268
2 986
2 296
1 1411
2 5
2 364
1 730
2 231
1 367
2 199
2 1112
2 1221
2 192
2 507
2 1111
1 1054
1 864
2 746
2 1032
2 556
1 653
2 1035
1 283
1 930
2 1106
2 956
2 20
2 1424
1 56
1 766
1 1291
2 394
2 81
2 209
2 663
2 1007
2 261
2 661
2 251
2 780
2 55
1 187
2 110
1 338
2 412
1 136
1 23
2 499
1 1023
1 468
1 430
2 943
1 1241
1 368
1 1309
1 1392
2 735
1 1020
1 450
1 184
2 1234
2 102
1 740
1 1357
2 1471
1 1300
1 1382
2 933
1 109
2 1460
2 636
2 1222
2 472
1 1266
2 139
1 299
2 1104
2 1267
1 1013
1 163
2 315
2 194
2 213
1 154
1 1003
2 1195
1 585
1 452
1 848
2 1386
1 1492
2 1084
2 885
1 697
1 438
2 595
1 1488
1 430
1 1337
1 111
2 1505
2 1369
2 105
2 1192
1 1418
1 1203
1 171
2 1175
1 1107
1 1324
1 369
2 513
2 977
2 849
2 262
2 494
2 1265
1 626
1 926
1 1126
2 842
1 1245
2 30
1 1340
1 965
2 232
1 536
2 658
2 620
2 170
1 521
2 863
2 669
2 1352
1 457
1 825
1 1520
1 96
1 309
2 1194
1 1264
1 1521
2 484
1 820
2 682
2 1024
2 415
1 962
1 265
2 1357
2 939
2 1295
2 501
1 370
1 1259
2 276
1 764
2 1383
2 580
1 1449
2 1254
2 160
1 1499
1 1484
1 1141
1 899
1 1192
2 248
1 812
2 1056
1 915
2 1505
1 1173
1 1125
1 646
1 367
2 982
1 1016
1 541
2 700
1 1310
1 108
2 1502
1 266
1 910
2 179
1 132
2 839
1 1285
2 1169
2 419
2 828
2 278
2 104
1 44
1 745
2 1258
1 441
1 912
1 1438
2 198
1 772
1 18
2 1333
2 972
1 255
2 425
1 383
2 1483
2 727
1 420
1 242
2 263
1 1027
1 1349
1 1099
2 1425
1 1352
2 807
2 753
2 1153
1 835
1 158
2 157
1 1256
1 99
2 776
1 397
2 101
2 427
2 1100
2 358
2 1292
2 1388
1 398
1 1335
1 760
1 959
2 1510
2 229
1 1207
2 210
2 1019
2 938
1 1534
2 704
1 592
2 495
2 962
1 270
1 772
1 1502
1 1091
2 348
2 372
1 8
1 1513
1 152
1 371
1 119
1 405
1 1414
1 1252
1 142
1 884
2 612
1 70
2 729
1 832
1 317
1 1540
1 397
2 976
1 1534
1 1512
2 1286
1 442
1 1282
2 540
2 167
1 1372
1 1519
1 1322
2 1367
1 146
2 135
1 1082
1 963
2 311
1 1407
1 944
1 924
2 1004
2 1458
1 378
1 1070
1 544
1 1480
2 1043
1 1340
2 1418
2 268
2 39
2 761
2 993
2 493
2 256
1 28
2 626
1 476
2 706
2 1326
2 362
1 1288
1 323
1 1363
2 254
2 886
1 713
1 1351
1 1008
2 235
1 150
1 1428
1 1092
2 963
1 1436
2 384
2 1372
2 1489
1 1479
2 738
2 750
1 844
1 167
1 159
1 533
2 134
2 247
1 1263
1 80
2 9
1 266
1 971
1 490
2 989
2 141
2 1344
1 557
2 858
2 909
1 89
2 135
2 241
1 179
1 934
2 539
2 349
1 492
1 151
1 113
2 1174
1 1444
1 1390
2 1240
1 1186
1 1111
1 673
1 245
2 836
1 467
1 926
2 1029
1 1033
2 215
1 1086
2 1191
2 949
1 153
1 1217
1 1023
1 1054
2 242
1 1369
1 479
1 1473
2 1509
2 1459
1 443
2 201
1 1329
1 6
2 953
1 575
1 1405
1 1026
1 1461
1 1293
1 979
1 781
2 526
1 1528
1 1034
2 122
1 1046
1 277
1 427
1 807
2 1224
1 685
2 718
2 82
1 205
2 938
1 598
1 654
1 100
2 320
1 859
1 1542
2 19
2 670
2 1382
2 910
1 1238
1 837
1 1385
1 543
2 794
1 320
1 520
1 597
2 272
2 932
2 1474
2 276
2 1226
1 810
1 73
2 870
2 548
1 1039
2 433
2 123
1 1498
1 914
2 791
2 958
1 350
1 1209
2 343
2 599
1 146
1 1389
1 1179
2 651
1 1346
1 689
2 439
1 1314
2 185
2 908
2 1154
2 545
2 156
1 1261
2 539
1 771
2 545
2 1005
1 1081
1 451
1 1011
2 690
2 857
2 464
1 21
1 209
1 169
2 191
2 715
1 645
2 1220
2 612
2 1215
2 1030
1 891
1 1165
1 1353
2 1048
2 747
2 1439
1 386
2 1064
1 1305
2 815
1 1187
2 127
1 1173
2 25
1 586
1 739
2 478
2 792
1 1392
2 702
2 992
1 1430
2 89
2 1225
1 881
1 524
2 1427
2 339
1 1443
1 777
1 1514
2 14
1 789
1 433
2 1423
1 654
1 584
2 589
2 159
2 98
1 968
2 1160
2 269
1 710
2 220
2 1518
2 1329
2 98
1 492
1 1415
2 1170
2 86
1 429
2 234
2 534
2 200
2 1516
1 1396
2 840
1 1071
1 141
2 552
2 799
1 1047
1 491
2 1396
2 86
2 849
1 1342
2 239
2 774
2 27
2 189
1 1317
1 56
2 471
2 831
2 432
2 809
1 841
1 294
2 313
1 466
2 205
1 694
2 1021
1 95
2 123
2 931
1 1085
1 1316
2 107
1 1157
2 1426
2 800
2 1178
1 958
2 337
2 1177
2 1348
1 1039
2 65
1 1324
1 782
2 1307
1 760
2 378
2 1461
2 14
1 1460
2 421
1 1108
1 496
2 1533
2 1355
1 1336
1 9
1 869
1 1222
2 1018
1 1517
1 448
1 643
1 1398
2 129
1 794
1 304
1 682
2 1509
1 87
2 929
1 434
2 1288
1 285
2 973
2 1091
1 469
2 274
1 787
1 1063
2 1321
2 1347
2 1426
1 402
1 1079
1 867
2 755
1 114
1 53
1 328
2 227
1 366
1 954
2 1478
2 679
2 1109
2 1228
2 755
2 456
2 676
2 786
1 674
2 608
1 675
2 985
2 258
2 973
1 1501
1 281
1 716
2 439
2 692
1 1524
2 456
2 1442
2 1492
2 1536
1 1306
2 1322
1 697
2 710
1 908
2 1124
2 352
1 1102
2 1030
1 241
1 1150
2 903
2 574
2 1312
1 61
1 392
1 54
1 1373
2 631
2 698
1 759
1 44
1 230
1 435
1 967
2 817
1 619
1 18
1 905
1 1068
2 1044
1 49
1 208
1 1270
2 1155
2 178
2 12
1 530
1 1176
2 332
1 1543
1 850
2 40
2 596
1 403
1 13
2 678
2 752
2 724
2 1221
1 1320
1 1432
2 1117
2 725
2 186
1 572
2 1354
1 389
1 1130
2 1219
1 137
2 947
2 1525
2 218
2 190
1 935
1 1535
2 1261
2 1338
2 431
1 11
1 594
1 758
2 1465
1 835
2 1133
2 302
1 928
1 1003
1 224
1 834
1 1197
2 1171
2 1151
2 565
1 1220
2 709
2 398
1 912
2 818
1 601
1 1434
2 1167
1 936
2 1507
1 409
2 1160
1 995
2 1467
2 1351
2 844
1 982
1 261
1 602
2 673
1 1049
1 307
2 470
1 1508
1 718
1 1311
1 841
2 1131
2 197
1 913
2 1545
2 1121
1 705
1 1270
2 335
2 780
1 857
2 540
1 1506
1 884
1 1527
2 636
1 725
1 865
2 923
2 1421
1 1250
1 900
2 1061
2 192
2 693
1 271
2 847
2 1273
2 252
1 723
1 631
2 999
2 199
2 102
1 117
1 1279
1 1191
1 1210
1 138
1 201
1 1199
1 904
1 801
2 606
2 504
1 1105
2 804
2 327
2 1099
1 788
1 1412
1 322
2 814
2 128
2 1473
1 126
1 590
1 502
1 879
1 50
2 662
2 1449
1 816
2 48
1 1494
2 1343
2 87
2 413
1 280
1 466
2 1161
1 3
2 694
1 1229
1 38
2 1064
2 769
2 190
1 893
2 212
1 219
1 1343
2 1118
1 1218
1 838
1 600
1 1078
1 1181
1 516
1 1471
1 73
2 1104
2 1110
1 334
2 902
1 569
1 1459
1 535
1 434
1 655
2 387
2 52
1 967
2 1035
1 1196
2 251
2 243
1 235
2 1233
1 1245
2 1230
2 883
2 1158
1 639
1 1330
1 1422
2 889
1 1476
2 1437
1 423
2 1466
2 1148
1 107
1 375
2 298
1 966
1 1290
2 951
1 1077
2 342
1 1021
2 1378
1 1014
2 463
2 381
1 145
2 1156
1 1529
1 1156
2 865
2 630
2 67
1 460
1 1366
2 1480
1 1440
1 59
2 273
2 1086
2 759
1 224
1 377
1 618
2 1249
1 194
1 695
2 955
1 263
2 524
1 491
2 756
2 259
1 906
2 703
2 554
1 1065
1 851
1 298
1 4
1 340
2 707
2 1412
1 482
1 1211
2 1313
2 229
2 1501
1 207
2 1067
2 237
1 1233
2 1447
2 174
1 1304
1 1380
1 473
1 1523
1 1146
1 1425
1 1469
1 1448
1 164
1 1128
2 616
1 1122
2 429
2 458
1 856
1 473
1 744
1 1429
1 1476
2 605
2 1394
1 1403
2 793
2 42
1 1419
2 836
2 284
1 1180
1 333
2 360
1 180
2 220
1 221
1 291
1 403
1 1143
1 817
2 1397
1 862
2 401
2 753
1 140
1 528
2 97
2 483
1 1482
2 1294
1 1125
1 308
2 416
2 750
2 1310
1 663
2 176
2 643
2 425
2 1477
1 1075
1 1025
2 1330
1 1268
1 920
1 825
2 941
1 326
1 1424
1 206
1 624
1 111
1 954
1 791
1 900
2 431
1 140
2 1456
1 221
2 1395
2 304
2 1538
2 1127
1 1128
1 1022
1 785
2 876
1 717
2 393
1 390
2 1120
1 1526
2 584
2 329
2 1539
2 959
1 701
1 79
1 1009
1 906
1 861
1 1144
1 1121
2 1299
1 487
1 335
2 1286
1 285
1 1241
1 106
1 1176
2 671
1 917
1 722
1 590
2 752
2 915
2 494
1 1344
1 996
1 702
1 115
2 464
2 484
2 344
2 1215
2 428
1 1227
2 283
2 279
1 1112
2 405
2 932
1 1135
1 1172
2 77
1 347
1 1200
1 640
1 1273
2 154
1 468
1 1506
2 372
1 404
2 992
1 553
1 1470
2 1072
2 889
2 1077
2 519
1 215
2 684
1 1243
2 1493
1 17
1 1255
2 1174
1 227
2 1313
2 505
2 150
1 1420
2 305
1 105
1 754
2 1214
1 892
2 826
2 690
2 918
2 1157
2 300
2 554
1 1388
2 823
2 236
1 985
2 1371
2 861
1 32
1 562
1 565
2 1012
2 295
2 1504
1 130
1 923
2 15
1 1135
2 1087
1 609
1 1496
1 961
2 177
1 1499
1 83
1 845
1 1208
2 746
1 649
1 1204
1 946
2 681
2 1278
1 1376
2 853
1 1252
1 1011
1 293
1 707
1 736
2 644
1 936
2 62
1 250
1 447
2 1445
2 409
2 391
2 331
1 1323
1 1058
2 1281
2 152
2 787
2 1411
2 558
1 764
2 525
1 1429
2 957
1 165
1 609
2 887
1 599
1 1408
1 735
2 336
1 381
2 503
2 1295
2 1090
1 934
2 611
1 1237
1 914
1 668
2 873
2 534
1 1538
1 1212
2 203
1 1450
2 802
1 375
1 1339
2 1058
2 239
1 474
2 82
1 847
1 1053
2 161
1 714
2 1327
1 513
2 950
2 387
1 495
1 43
1 994
2 1525
1 727
2 158
2 1123
1 1475
2 576
2 498
1 978
2 916
2 440
1 332
2 1325
1 117
1 625
1 26
1 38
1 542
1 289
2 1346
1 762
1 7
2 925
1 49
1 1115
2 692
1 340
2 264
2 171
2 1370
1 418
1 921
1 1302
1 444
2 265
2 568
1 902
2 868
1 608
1 1511
1 981
1 1168
2 1059
2 1126
2 175
1 789
1 683
2 1415
1 33
2 121
2 1190
2 211
2 327
2 688
1 1292
2 292
1 1101
2 935
1 1010
1 249
1 1238
2 59
1 1216
2 566
2 768
1 623
1 671
2 153
2 68
2 1309
2 798
1 27
1 1052
1 1006
2 1549
2 1199
2 136
1 952
2 393
1 307
2 1491
2 878
1 421
2 162
2 1362
2 374
1 1335
2 1257
1 1477
1 1408
1 942
2 1132
1 323
2 562
1 1433
2 1341
2 614
1 1122
1 281
1 1082
1 996
1 522
2 1438
1 1545
1 454
2 1400
1 322
1 282
2 965
1 92
2 1201
2 842
2 1146
2 341
2 575
2 1043
1 1213
2 664
1 773
2 1178
1 1038
1 69
1 1498
1 1407
2 275
1 950
2 1198
1 983
1 1264
2 1265
2 821
2 571
1 633
1 191
1 689
2 1103
2 345
2 1253
1 903
1 553
1 1539
1 600
2 379
1 1379
2 1206
2 74
2 549
2 678
1 1065
2 1377
2 1182
2 730
1 1308
1 351
2 1026
1 95
2 577
1 743
2 778
1 1168
2 1076
1 270
2 315
2 531
1 1262
1 1029
1 665
2 1001
1 222
2 890
2 219
1 243
2 63
1 728
1 31
1 144
2 1503
2 1495
2 1361
1 61
1 1495
1 365
2 677
2 1060
2 1373
1 1464
2 1189
1 939
2 984
2 1433
2 106
2 1050
1 1049
2 568
1 1522
1 1402
2 426
1 514
2 1080
2 717
2 1540
2 223
1 769
2 898
1 78
2 1246
1 899
1 716
2 1017
2 1015
1 1002
2 845
1 523
2 66
2 1130
2 1040
2 775
1 143
1 36
1 455
2 1009
1 579
1 411
2 253
2 1254
1 1453
1 508
1 417
2 173
2 840
1 453
1 92
1 360
1 364
1 1423
2 593
2 998
2 90
2 70
2 650
1 606
2 732
1 1031
2 48
2 1147
1 529
2 803
2 32
1 662
2 365
1 1000
1 1294
2 960
2 1061
2 1123
2 721
1 570
1 546
1 1464
1 854
2 380
2 1184
1 1549
2 424
1 724
2 52
1 999
2 1031
1 217
1 1129
2 1283
2 182
1 1328
2 1223
2 830
2 873
2 391
1 741
1 348
1 110
1 130
1 821
1 459
1 827
1 726
2 1028
1 503
1 277
1 1236
2 1047
2 1085
1 1546
1 1068
2 1154
1 1517
1 1200
2 202
1 309
2 696
2 196
1 45
2 550
2 1466
1 1318
1 1358
2 675
2 1427
1 195
1 1025
1 1359
1 937
1 922
1 773
2 1276
1 1381
2 321
1 286
2 1276
1 1046
2 1364
2 1315
2 667
1 445
1 1034
1 1368
2 1393
1 1210
1 1193
2 778
1 76
2 1387
2 1207
1 1399
2 1045
2 1268
1 526
2 1358
1 815
2 183
2 486
2 733
1 766
2 580
2 1001
2 839
2 1451
2 1474
2 602
2 1143
2 647
2 1138
1 820
2 684
2 498
2 230
2 1394
1 125
2 660
1 642
1 537
2 336
1 465
1 1514
2 1547
2 1145
2 1083
1 620
2 400
2 1158
1 1050
2 770
1 1138
1 16
1 214
2 679
1 586
1 1247
1 874
1 139
2 1194
1 366
2 803
2 659
1 745
1 1371
2 1056
2 801
2 1542
1 622
1 1420
1 204
1 509
1 916
2 927
1 76
2 894
1 275
2 1493
1 628
2 1152
2 137
1 1180
2 510
1 1208
1 661
2 646
2 1195
1 1236
2 306
1 1544
2 1530
2 310
1 1201
2 995
1 1406
2 300
1 1383
2 1442
2 1375
1 1448
1 1282
1 579
2 1116
2 1490
2 1342
2 567
1 108
1 607
1 47
1 571
2 732
2 615
1 319
2 1202
2 359
1 888
1 576
2 660
1 1391
1 570
2 250
1 581
2 318
1 1151
1 834
1 1094
1 195
1 993
2 656
2 1404
1 1279
1 254
1 1362
2 1468
1 449
2 1284
1 264
1 1500
2 1002
1 1430
1 891
1 582
1 293
1 6
1 905
1 1182
1 272
2 356
2 1463
1 246
2 1500
2 867
2 830
2 897
2 120
1 1188
2 1269
2 240
2 290
1 649
1 617
1 79
1 502
2 1190
1 228
1 16
2 1527
1 446
2 1327
2 601
1 1137
1 1481
1 1518
1 445
1 292
2 486
2 37
1 234
2 64
2 733
2 497
2 1504
1 269
2 527
1 274
2 952
2 712
1 896
2 1008
1 47
1 591
1 699
2 742
1 1074
2 1365
2 133
1 882
1 1129
2 1117
1 721
2 407
1 1109
2 402
2 124
1 970
2 28
2 1491
1 796
2 383
2 800
2 1181
1 1216
1 481
1 51
1 1519
1 1055
2 385
1 634
1 960
1 1497
1 29
1 691
1 94
1 1356
2 223
1 267
1 700
2 373
1 112
1 911
1 162
2 563
2 413
1 706
1 1136
1 1096
2 1028
2 672
2 55
2 355
2 1226
2 497
2 1308
1 1159
2 349
1 1533
1 175
2 625
2 1224
2 1256
1 901
2 1379
1 193
2 1262
2 131
1 1235
2 971
1 561
1 172
2 1139
2 687
2 986
2 529
2 91
1 169
1 303
1 93
1 478
2 1278
1 799
2 1482
2 1253
1 233
2 1120
2 1166
2 458
2 380
2 1497
2 559
2 943
1 297
1 1314
1 487
1 1132
2 666
2 1312
1 34
2 521
2 1266
2 271
2 1447
1 37
1 77
1 768
1 1242
2 634
1 101
2 22
2 813
2 942
2 945
2 920
1 588
2 1089
1 1401
2 26
1 148
1 1336
2 1134
1 1403
1 369
2 460
2 226
1 1095
1 71
1 1297
2 112
2 1040
1 1214
1 1032
2 318
2 846
2 172
2 301
1 501
2 793
2 504
2 629
1 1503
1 792
1 124
1 1044
2 1163
2 635
1 956
1 252
1 621
1 810
1 572
1 777
1 357
1 1537
1 240
1 1289
1 713
2 783
2 1076
2 1333
2 1290
1 833
2 189
1 371
1 645
1 306
2 1149
2 546
1 536
1 24
2 904
1 46
1 163
1 644
2 955
2 324
1 181
2 863
2 1490
2 582
1 388
1 813
2 489
1 233
1 488
2 218
2 20
2 1164
2 1359
1 157
2 1297
2 547
2 740
2 843
2 720
1 851
1 122
2 249
1 420
2 818
1 100
1 1431
2 1349
1 1
2 797
1 1069
2 58
1 329
2 1218
1 1304
1 350
1 930
2 1024
1 1267
1 182
2 808
1 90
2 739
1 676
1 1389
1 1417
1 1079
2 831
1 216
2 1486
1 1472
1 797
2 651
1 1244
2 1305
1 1481
2 613
2 160
1 1202
1 896
2 648
1 51
2 85
1 1321
2 822
1 987
1 1526
1 805
2 581
1 1298
2 1332
2 819
2 1274
2 461
1 975
2 921
1 514
1 723
2 1037
2 75
2 65
1 975
1 1242
2 1316
2 480
2 88
2 10
1 1071
2 316
2 1012
2 1478
1 1315
1 138
1 354
2 1360
1 664
1 447
2 1296
2 168
2 558
2 790
2 5
1 1271
2 1434
2 610
2 856
2 1258
1 712
2 343
1 1248
1 843
1 1331
2 17
1 1269
1 1196
1 587
1 957
1 1377
2 875
2 917
2 947
1 166
1 1239
1 168
2 103
1 253
1 1409
2 1096
1 188
1 868
2 583
1 909
1 24
2 71
1 1299
2 436
2 790
2 520
2 314
1 574
2 222
1 997
2 347
1 23
2 308
2 563
2 731
1 118
2 341
2 382
1 438
1 1247
1 763
2 592
1 1463
2 1440
2 35
2 770
2 1038
1 390
1 1325
2 213
1 346
2 386
1 1167
2 876
2 866
1 1145
2 559
2 36
2 1080
1 1326
2 2
2 1159
1 596
2 22
1 1022
2 655
2 1110
1 1303
2 452
1 509
2 1048
1 796
2 1124
2 481
2 1187
2 627
1 699
1 743
2 183
2 604
2 1259
2 541
1 595
2 744
2 1404
2 1548
2 57
1 1183
2 1161
1 946
1 330
1 325
1 587
2 1062
1 1378
2 1251
2 878
2 200
2 392
1 363
2 15
2 972
1 1060
1 734
1 1018
2 686
1 1462
1 1468
2 548
1 164
2 210
2 621
1 1271
2 149
1 855
1 1036
1 231
1 816
2 1257
2 647
1 1101
2 184
2 751
1 658
1 29
2 928
2 401
1 1457
2 1073
2 374
1 489
1 147
1 1306
1 850
1 925
1 1134
1 1417
2 1019
1 1486
2 353
1 798
2 479
1 1098
1 696
2 1432
2 970
2 440
1 1016
1 1249
1 1467
1 507
2 528
1 57
2 85
1 356
2 147
2 354
1 757
2 1402
1 880
2 1479
1 103
1 414
2 1393
1 874
2 8
2 1399
2 267
2 118
2 1171
1 641
1 368
2 638
2 1165
1 665
1 1004
1 927
1 566
1 998
1 408
2 688
1 892
1 940
2 500
2 556
2 523
1 257
2 116
2 1291
1 1244
1 1386
2 1452
2 1255
1 567
2 715
2 1457
2 550
1 530
2 1053
1 685
1 604
1 399
1 477
1 1169
1 577
2 1283
1 871
2 1229
2 477
2 637
1 1231
2 624
1 1465
1 779
1 1374
2 278
1 334
2 560
1 1307
1 88
2 394
1 132
2 907
2 894
2 543
2 1536
2 980
2 127
2 988
1 1452
1 1075
2 774
2 763
1 687
2 782
2 248
1 1281
2 758
1 1073
1 1014
2 475
1 605
2 1529
1 1175
2 761
2 314
2 465
2 887
2 211
1 1458
1 1277
1 1078
2 877
1 1090
2 987
1 116
1 742
1 981
2 951
1 1436
2 1197
2 1441
1 319
1 1472
1 443
1 424
2 1186
1 1149
1 419
2 1063
1 1410
2 463
2 1395
1 436
1 929
1 1057
2 848
1 551
1 480
1 54
2 1516
1 35
1 148
2 691
2 895
2 301
2 779
2 1319
1 1203
1 1428
1 236
1 1189
2 1531
2 244
2 362
1 1347
1 80
2 377
2 1051
2 204
1 326
2 591
1 1350
2 12
1 165
1 561
1 120
2 361
1 1055
1 389
1 72
1 940
1 1287
2 1148
1 469
2 1142
1 1367
2 422
1 470
2 1341
1 698
2 544
2 933
1 1185
2 719
2 776
1 188
1 506
2 396
2 1353
1 588
2 630
2 762
1 953
1 1439
2 1496
1 25
1 977
2 508
2 358
1 527
1 1515
1 1205
2 983
1 656
2 1381
1 1360
2 683
2 808
1 1166
1 1235
1 918
1 538
2 41
2 1416
1 1320
2 1162
1 104
2 837
1 1137
2 238
1 969
1 324
1 1185
1 968
1 202
1 858
1 1139
2 289
1 1512
1 376
1 66
2 516
2 875
1 1206
2 734
1 511
1 410
1 771
2 614
2 1188
2 290
2 1275
1 453
2 187
2 871
2 1543
2 1183
2 681
2 1119
1 619
1 948
1 1397
1 505
1 1350
2 659
2 1339
2 1005
1 485
1 1106
2 408
2 1223
2 291
1 1284
1 1147
2 795
2 693
1 451
2 345
1 711
2 1405
2 1140
1 728
2 948
2 1345
1 846
2 446
1 1114
1 795
1 775
1 635
1 547
1 522
1 1303
1 517
2 99
2 537
1 639
2 885
1 786
1 806
1 583
1 337
2 297
2 711
2 459
2 287
2 1541
1 1251
1 34
1 1
1 342
1 1033
1 829
2 457
1 4
2 860
1 1059
1 1422
2 245
2 312
2 829
1 1205
2 1217
1 1070
1 151
2 1513
2 1088
1 352
2 633
2 1323
2 922
2 1334
1 53
1 302
1 1338
2 767
2 1275
2 207
2 1331
1 726
2 43
1 961
1 69
1 67
2 672
1 1544
2 63
2 748
1 1445
1 1108
1 258
2 709
2 931
2 870
2 325
1 1212
2 1537
1 667
2 741
2 737
2 1494
2 838
1 33
2 1431
1 754
2 58
2 216
1 411
2 225
2 279
2 1356
2 134
1 1532
1 1136
1 81
2 395
1 1507
2 353
1 812
2 416
1 714
2 96
2 410
2 1260
2 287
1 357
1 686
1 1416
2 1375
1 1366
2 641
1 176
1 432
1 305
1 1142
1 853
2 1127
2 181
1 131
2 949
1 578
2 206
1 551
2 321
1 1419
1 828
2 784
1 68
2 680
1 781
1 1435
1 428
2 330
1 1530
1 990
1 359
2 115
2 701
1 1230
2 573
1 1456
2 496
1 255
1 1098
1 1485
2 376
1 461
2 1213
2 806
1 441
1 518
2 860
2 1272
2 542
2 1380
2 62
1 84
2 1444
2 1234
2 296
2 888
2 1289
2 979
1 1406
2 379
2 883
2 454
1 418
1 444
1 1084
2 1348
1 804
2 703
1 455
1 1093
1 1391
1 1013
2 1387
2 1532
2 680
1 668
2 21
1 273
2 1067
2 990
1 1114
2 695
2 1239
1 11
2 177
1 677
1 814
1 1317
1 757
1 312
2 650
1 490
1 462
1 652
1 749
1 1455
2 603
1 1162
1 1390
1 1524
2 666
1 212
2 1547
1 1487
1 893
1 415
2 969
2 638
1 1100
1 1113
1 1413
1 597
2 549
1 1042
1 406
1 1354
2 145
1 60
2 1037
1 511
1 811
2 1531
2 499
1 945
1 280
1 303
1 119
2 1485
2 1376
2 72
2 632
2 94
1 388
2 344
2 1277
2 78
2 1052
2 822
1 1274
2 238
2 653
2 1243
1 40
1 1131
2 197
2 1066
1 911
2 833
1 1462
2 1184
1 616
2 756
1 217
1 1010
1 737
1 351
2 533
1 370
2 738
2 618
2 512
2 552
2 557
2 91
2 1072
2 45
1 442
1 1133
1 1285
2 1150
1 144
1 31
2 237
1 784
1 731
1 613
1 532
1 593
1 1510
2 988
1 862
2 1355
1 316
2 866
2 531
1 203
1 748
1 652
1 1475
1 1140
2 1153
1 855
1 1451
2 1484
2 877
1 1000
1 46
2 657
1 1410
2 1116
2 594
1 142
1 1370
2 396
2 256
1 628
1 155
1 226
2 1550
1 976
2 827
1 462
1 1231
2 1296
2 1409
2 1454
1 1045
1 881
1 284
1 585
2 42
2 1198
2 720
2 898
2 84
2 346
1 1280
2 246
1 109
2 719
2 603
1 1141
1 1081
1 890
2 767
2 560
1 114
2 488
2 282
2 435
1 400
1 143
1 363
1 232
2 174
2 437
2 178
2 589
1 564
1 1246
1 941
1 225
1 483
1 186
2 1508
2 1515
1 1042
1 708
1 317
2 133
1 1115
1 506
1 423
1 208
2 1345
1 156
2 1521
1 64
2 532
1 288
2 328
2 1219
2 1227
1 632
2 729
2 1103
2 1455
1 259
1 339
2 1450
1 1443
1 1020
2 1400
2 525
2 1469
1 1051
2 426
2 1454
2 670
2 564
2 1398
2 1074
2 1260
2 185
1 1413
2 1301
2 872
1 765
1 407
1 736
1 385
1 288
2 1437
2 437
2 1546
1 872
1 113
1 1272
2 824
1 382
1 1328
1 1520
1 826
1 623
1 1511
1 1105
2 414
2 852
2 384
1 10
2 1528
2 1041
2 1523
2 1069
1 1250
2 510
2 75
1 852
