3600 4000
2 926
2 1796
2 172
2 21
1 1683
1 678
2 1686
2 1561
1 110
2 1409
1 37
2 940
1 565
1 702
1 1671
1 474
2 490
1 419
2 1382
1 60
1 222
2 252
1 626
2 1088
2 1748
2 1566
1 1416
1 42
1 277
2 716
1 154
2 1658
1 777
1 1207
1 1457
2 885
1 342
1 50
1 1246
2 1081
2 512
1 1633
2 1121
2 932
2 1078
1 1753
1 124
2 822
1 1378
2 806
1 1167
1 1206
2 786
1 597
1 194
2 817
2 643
1 1031
2 1348
2 258
1 1131
2 1605
1 1373
1 1395
1 1515
2 924
2 1571
1 1230
2 20
2 948
1 1066
1 1785
1 159
2 821
2 560
1 949
1 980
2 193
2 708
1 417
1 1352
1 1332
2 182
1 1419
1 1416
2 935
1 1751
2 375
1 1795
1 1610
2 405
2 1396
1 1796
2 912
1 28
2 615
1 273
2 658
2 1575
2 578
1 747
2 1287
2 543
1 567
1 752
2 1257
2 1499
2 1501
1 302
1 1450
2 161
2 1720
1 142
2 647
1 1118
1 1357
2 1709
1 140
2 885
2 551
2 5
2 459
2 839
2 500
1 478
1 915
1 366
2 228
1 717
2 89
1 1607
1 1698
2 1759
2 1141
2 628
1 175
2 1631
1 1069
2 808
2 950
1 1207
2 1370
2 1146
2 1752
2 631
2 294
2 140
1 1395
2 1614
2 1488
2 1220
2 1269
1 1508
1 453
1 583
2 241
2 531
1 1701
2 1174
1 14
2 913
1 1592
2 1310
1 599
2 111
1 328
2 1268
2 1168
2 1268
2 846
1 996
1 1731
2 163
2 1193
2 526
1 947
2 681
2 1768
1 344
2 570
2 106
1 125
2 307
2 662
2 1428
1 925
1 197
1 1213
1 213
1 1766
1 412
1 838
2 1717
2 110
2 325
1 921
1 93
2 564
2 147
1 1692
1 397
2 1494
2 833
1 202
2 645
2 148
2 1439
1 330
1 984
1 1005
1 244
2 725
2 802
2 1679
1 750
1 318
2 788
2 1747
1 1006
1 1124
1 870
1 1138
1 1537
1 1299
1 29
2 1287
1 413
2 131
2 103
1 1004
1 449
1 1512
2 1198
2 638
2 763
2 561
1 549
1 610
2 416
2 454
2 948
2 1728
2 143
1 1102
2 201
2 1169
2 1253
1 718
2 53
1 557
2 735
1 51
2 995
1 349
2 679
1 656
2 981
2 1708
1 477
1 1441
1 89
2 419
2 632
1 159
2 1259
1 187
1 183
1 703
2 1741
2 718
1 1086
1 623
1 7
2 1458
1 661
2 1578
2 1738
1 1485
1 1022
1 1705
2 100
1 310
1 655
1 1162
2 1464
2 888
2 369
2 69
1 364
1 1596
1 1587
2 1005
2 1632
2 107
1 438
1 473
2 920
1 635
2 209
1 1786
1 1011
1 1318
2 291
2 530
2 1759
1 900
2 694
1 236
2 648
2 1531
1 1700
1 137
2 922
1 411
1 1532
1 754
2 869
2 847
2 14
2 313
1 1000
2 1385
1 27
2 663
2 142
2 1117
2 526
1 1200
2 538
1 1469
1 336
2 942
1 96
2 255
1 1741
2 1314
1 387
1 1039
1 855
2 374
1 1422
2 450
1 940
1 1093
2 213
2 734
1 443
2 1689
1 1023
1 1550
1 1285
1 1623
2 354
1 640
2 928
1 167
2 1231
1 1498
1 1662
1 84
2 580
2 1294
1 292
1 1573
1 1652
1 1622
2 875
2 1082
1 1737
1 1793
1 666
2 1155
1 70
2 612
1 362
2 758
2 127
1 1070
1 857
1 1330
1 242
2 1777
1 90
1 633
1 285
2 1026
2 118
1 583
1 1352
1 219
2 598
1 1520
2 466
1 1371
1 1413
2 1699
1 1297
1 1345
1 990
2 1002
1 1660
1 120
2 983
1 596
1 74
1 800
1 1557
1 1063
2 281
2 295
2 941
2 749
1 77
2 658
1 104
2 624
1 1360
1 595
1 1565
2 1361
2 535
1 1536
1 1674
2 287
2 797
1 1025
1 1456
2 627
1 713
1 1106
1 1189
1 219
1 854
2 169
1 1351
2 1563
1 15
1 330
2 620
1 1391
2 357
2 1105
1 87
1 284
2 1782
2 760
1 799
1 1186
2 1770
1 591
2 967
2 1754
1 1524
1 1522
1 226
1 953
1 651
2 1101
1 541
1 192
2 175
1 797
1 359
2 937
2 1766
1 1487
2 342
2 1672
1 188
2 1553
1 1407
2 1792
1 1631
1 1040
2 1778
1 1650
1 1634
2 391
2 1408
2 820
1 112
1 1531
1 956
2 1353
1 1195
2 1597
1 1265
2 947
1 499
1 1405
1 828
1 682
2 1426
2 1627
1 753
2 1576
2 455
1 1168
1 1789
1 300
2 383
1 1111
1 1049
2 45
1 657
1 833
2 1236
2 17
2 139
1 444
2 458
1 31
1 738
2 1343
2 1084
2 1201
2 1452
2 892
1 1501
2 541
1 677
1 936
2 1769
2 1014
2 1714
1 798
2 1195
2 439
1 277
1 1613
2 1618
1 431
1 1716
2 1473
1 602
2 1278
1 287
1 503
1 887
1 196
1 218
2 1151
1 1250
1 1427
2 796
1 318
1 1432
1 371
2 868
1 743
2 510
2 850
1 964
2 944
1 1462
2 1133
1 1100
2 426
1 122
1 530
2 1297
1 1216
1 690
2 1144
2 1564
2 504
2 412
1 827
2 1699
1 603
2 1475
2 300
1 1579
2 1740
2 1715
1 483
1 616
1 852
1 1465
1 1480
2 1281
1 723
2 1136
2 1444
2 1653
1 255
2 1304
1 1425
1 1783
2 1103
1 1417
1 1120
1 441
1 1141
1 1761
1 550
1 67
2 757
1 284
2 1107
2 109
2 659
1 916
2 805
2 343
1 1151
1 517
1 1037
2 741
2 370
1 869
2 1294
1 544
1 1329
1 642
1 620
2 1639
2 1261
2 1502
1 1192
2 961
2 467
1 738
2 339
2 204
2 571
2 740
1 1041
2 637
2 87
2 873
2 430
2 1058
1 38
2 157
1 1130
2 463
2 117
2 1099
2 1460
2 237
1 1412
1 1221
1 1441
2 293
1 276
2 289
2 680
1 857
1 1748
2 1708
2 867
2 780
1 1534
2 279
2 1675
1 423
1 1799
1 832
2 1196
2 6
1 1459
2 604
2 1624
1 1756
1 26
1 1474
1 253
2 1007
2 763
2 754
1 1186
1 1224
2 1350
2 719
1 1406
2 1589
1 1586
1 970
2 734
1 1387
1 768
2 1208
2 1035
2 173
2 1750
1 584
2 337
1 555
2 461
1 1138
2 629
2 1225
2 929
2 686
2 1776
2 374
2 1284
1 606
2 641
1 35
2 1255
2 1574
2 568
1 1134
2 601
2 1582
1 1445
2 166
2 112
1 898
2 713
1 518
2 39
1 977
1 268
1 1241
1 575
2 815
1 1327
2 1616
1 183
1 71
1 1087
1 447
2 540
2 418
2 679
1 951
1 593
2 1247
2 617
2 988
2 608
1 380
2 938
2 960
1 500
1 1175
1 1421
2 795
2 1289
1 26
2 1670
2 187
2 387
2 1042
1 1043
1 872
1 1333
2 608
2 1276
2 520
2 955
2 931
2 7
2 1237
1 506
1 1725
1 781
1 1617
1 1529
2 147
1 59
2 429
2 696
1 1128
2 311
1 118
1 288
1 1402
1 84
2 501
1 1488
1 1362
2 1184
2 1096
2 838
2 574
2 1206
1 805
1 1702
2 1562
2 203
2 1685
2 1110
2 1660
2 261
1 390
2 430
1 1076
1 69
1 1017
1 492
1 1208
2 614
2 381
2 1349
1 355
2 237
2 1744
1 720
1 1394
1 636
1 350
1 267
2 890
2 573
1 524
1 1056
2 1669
1 1030
2 1549
1 1439
1 825
1 959
2 128
1 1366
2 745
2 1342
1 605
2 834
1 95
2 200
1 609
1 1217
1 785
1 1455
1 1492
2 786
1 928
2 1465
2 1408
1 1283
2 1166
2 484
1 516
2 1063
1 528
1 1435
2 414
1 1148
2 744
2 1123
1 1367
1 59
2 392
1 502
1 1137
2 649
1 996
2 736
2 1225
1 1514
2 301
2 1636
1 453
2 1087
1 693
2 932
2 1383
1 306
1 1321
2 1203
1 1078
1 1074
1 1265
1 369
2 172
2 1511
1 200
1 1392
2 966
2 1049
1 1666
2 146
1 879
1 999
2 802
1 859
2 353
1 206
2 1260
1 1114
2 1652
1 750
1 903
2 1771
2 539
2 146
1 185
1 883
2 933
2 1625
1 545
2 522
2 991
2 542
2 777
1 423
1 1480
2 1306
1 1187
2 868
2 1500
2 978
2 1474
2 56
2 1059
2 1418
1 711
2 916
1 793
1 168
2 324
1 816
1 1476
1 574
2 335
2 1780
2 432
2 937
2 820
2 547
2 896
2 1629
2 1378
2 941
2 411
2 19
1 1091
1 1012
2 1298
2 235
1 1714
1 1218
2 83
1 62
1 1612
2 249
1 1235
1 194
1 150
2 858
1 1438
2 893
2 1161
1 599
2 1311
2 1368
1 1746
2 1045
1 1461
2 525
2 1127
1 1484
1 179
2 1341
1 420
1 4
1 1154
2 1433
2 1521
1 139
1 878
1 50
1 1081
1 1045
1 475
2 1755
2 1249
1 426
2 1604
2 1518
1 1745
2 611
2 52
2 1000
1 1468
1 899
1 1495
2 1013
2 1489
1 81
1 1523
1 246
2 1257
2 314
2 293
1 1476
1 910
2 910
1 97
2 286
2 1224
1 125
1 731
2 790
1 1608
1 1770
2 811
2 303
2 1752
2 546
2 850
2 72
2 385
2 394
2 1213
1 148
2 440
2 469
2 1366
2 627
1 896
1 1636
1 1742
1 1239
1 974
1 463
2 1197
1 741
1 224
1 1157
1 18
2 1615
2 1781
2 975
1 233
2 1736
1 1073
1 1094
2 510
2 1331
2 986
2 1477
1 215
1 1086
1 1084
2 1455
2 1546
1 1376
2 1500
2 1616
1 832
1 385
1 1048
2 1687
1 884
2 484
2 436
2 30
1 727
2 589
1 1358
1 1513
1 1109
2 813
1 1590
1 1645
1 558
2 1188
1 212
1 1319
1 756
2 827
2 993
1 473
2 1791
1 384
2 1418
1 1077
1 92
1 1447
2 813
1 860
2 523
1 1588
1 98
1 258
1 1155
1 201
1 1681
1 566
2 1588
2 535
2 1554
1 587
1 152
1 1083
1 1576
2 404
1 1475
1 1747
1 507
1 791
2 329
2 495
1 491
2 839
1 296
2 1701
2 121
1 1490
2 1282
2 835
2 94
1 1340
2 1739
2 257
1 30
1 1114
1 496
1 106
2 814
1 212
1 1492
1 756
1 1797
1 227
1 1595
2 939
2 704
1 1733
2 1036
2 1583
1 274
1 198
1 488
1 1517
1 1775
1 571
1 425
2 1014
2 1204
1 998
2 1680
1 297
2 1649
2 1271
1 673
1 496
2 354
2 180
2 1798
1 529
2 1791
1 686
1 1410
1 1510
1 464
2 1722
2 1684
1 626
1 1630
2 482
1 1010
1 1158
1 1215
1 803
2 995
2 386
2 1061
2 1625
1 1046
2 1256
1 710
1 1594
2 570
1 232
1 224
2 459
1 909
2 908
2 220
2 834
2 575
1 1179
2 228
1 1158
2 65
1 1446
2 943
1 1453
2 492
1 418
1 1493
2 971
2 547
1 759
2 381
2 931
2 76
1 1311
2 1038
1 1027
2 652
2 441
1 429
2 1432
2 540
2 252
2 1429
1 498
1 1695
2 1571
1 1603
2 1463
1 1552
2 985
1 1440
1 563
1 1211
1 1772
2 1219
2 1227
1 209
2 1334
2 1146
2 1723
2 1477
1 1251
1 1600
1 274
2 847
2 338
1 1711
2 476
1 39
1 1663
2 610
2 906
1 1506
2 1721
2 959
1 1326
1 1577
2 819
2 128
1 1443
2 1730
1 846
1 1461
1 522
1 331
1 1435
2 304
2 1677
2 1422
1 245
2 305
1 1693
1 76
1 250
2 1651
2 953
1 1664
2 1002
1 1554
1 889
1 1632
2 16
1 363
1 726
1 782
1 1165
2 132
2 1788
1 1744
1 1486
2 1695
2 1609
2 895
2 1202
1 1227
1 1310
2 1143
2 1647
1 270
1 1735
1 625
2 1191
2 1380
2 245
1 1270
1 226
2 938
2 1602
2 307
1 1171
2 238
2 1575
1 1589
1 211
2 1411
2 1743
2 748
2 1786
2 471
2 771
1 1293
2 1656
2 99
1 551
1 282
2 930
2 1301
2 1769
2 672
1 1090
2 711
1 1054
1 1300
2 1325
2 475
1 958
1 1482
1 505
1 1116
1 145
2 503
2 498
2 1567
1 1674
2 347
1 1546
1 272
1 208
1 1089
2 650
2 537
1 1437
1 1085
1 1386
1 878
2 279
2 1289
1 1079
2 153
1 1789
2 1219
2 1696
2 1347
2 1781
1 165
2 1212
1 1150
1 465
2 1203
2 108
2 1354
1 1671
2 243
1 149
1 435
1 1400
2 653
1 709
1 353
2 925
2 205
1 1021
1 1019
1 150
1 1749
1 744
1 687
2 445
1 582
2 765
1 1229
1 559
2 1386
2 762
1 444
1 1071
1 223
2 870
2 250
1 1331
2 85
1 1451
2 1598
1 591
1 1314
1 1691
1 456
1 1393
2 1345
2 356
2 1193
1 1209
1 1518
1 652
2 377
2 613
2 379
1 635
1 67
2 352
1 1778
2 1557
1 115
2 1245
2 533
2 922
1 1190
2 728
1 749
1 683
2 769
2 63
2 79
1 1539
2 588
2 1319
1 1233
2 1698
2 263
1 483
1 466
2 1253
2 1100
1 613
1 489
2 901
2 1187
1 254
1 1540
1 399
2 914
1 1790
1 86
2 1626
1 3
2 1544
2 443
1 362
2 602
1 1610
1 1797
1 757
2 1614
1 448
1 512
1 1485
2 828
1 554
1 856
2 1566
1 439
1 998
2 560
2 1567
1 316
2 1359
1 1173
1 1398
2 383
1 753
2 588
2 871
1 371
1 1728
1 1655
2 1541
2 1545
2 582
2 1496
1 1595
1 171
1 927
1 830
1 586
2 324
2 70
1 373
2 1621
2 1681
2 1388
1 1602
2 1794
2 450
2 1525
2 1491
2 1734
1 1164
1 54
2 1707
2 1700
2 1556
1 348
2 1499
2 567
1 1026
2 1302
1 256
2 1332
2 1667
2 1031
2 1381
1 538
2 1125
1 1335
1 1112
1 1092
1 811
1 911
2 774
2 1384
1 123
2 1172
2 58
2 978
2 1800
2 215
1 1170
2 693
1 728
1 29
1 1459
1 708
1 1062
2 767
2 185
1 400
2 1525
1 259
1 16
1 1241
2 1104
2 98
2 1470
2 976
1 1628
1 1379
2 899
1 1423
2 266
2 203
2 1397
1 420
1 46
1 273
1 952
1 1307
1 1032
1 918
2 1051
2 606
1 1727
2 1058
2 1003
1 197
1 945
2 205
2 1080
1 1215
1 1456
1 525
2 935
2 817
1 1478
1 1245
2 1132
1 1309
2 1640
1 452
1 707
2 1065
2 1679
1 1178
2 1761
1 1570
2 661
1 240
1 308
1 467
2 1773
1 1551
2 917
2 457
2 346
2 523
1 1344
2 207
2 699
2 376
1 176
1 1568
2 527
2 1252
1 1066
1 577
1 1790
2 1623
2 572
1 1334
2 481
2 1760
1 1044
1 1454
2 129
1 408
2 41
1 1423
2 1462
2 32
2 1246
1 549
1 532
2 1122
1 46
2 1511
1 533
2 1398
1 1244
2 1469
1 680
1 409
2 1129
1 879
2 1053
1 1371
1 689
1 334
2 171
1 1123
2 263
2 75
2 1513
2 9
2 188
1 1517
2 1498
1 764
1 1140
2 1160
1 425
2 1185
1 382
1 1424
2 54
2 970
1 1103
2 469
1 80
1 585
1 859
1 1552
1 880
2 1323
2 607
1 1729
2 954
2 480
1 674
1 619
2 1335
2 246
1 1712
1 905
2 1690
2 1152
2 1528
1 1211
2 1622
1 1599
1 1303
1 1596
2 600
1 1460
1 1568
1 1516
1 1267
1 389
1 36
2 1515
1 1339
1 1730
2 1654
2 548
2 370
1 1296
2 63
2 151
1 648
1 1355
2 1375
1 144
2 13
1 853
1 1008
1 1229
1 531
2 700
2 440
2 1348
2 849
1 783
1 251
1 42
1 1644
2 1243
2 1411
2 1209
2 421
1 1793
1 562
1 35
2 755
1 908
2 126
1 1261
2 340
2 1102
1 97
2 47
2 1233
1 116
1 1751
1 1400
2 253
2 600
1 1205
1 25
1 696
2 581
1 569
2 1228
2 1633
2 784
2 1530
1 1097
1 1438
1 701
2 373
2 882
1 782
1 1269
2 766
1 1156
2 1346
2 788
2 1702
2 141
1 1295
1 653
2 1038
1 881
2 1357
2 233
2 48
2 1773
2 1794
1 1194
1 1538
1 1726
2 692
1 845
1 1481
1 1720
1 966
2 674
1 866
1 1561
1 1113
1 66
1 1259
1 465
1 1724
2 121
1 1273
2 1481
2 1712
2 1098
2 1075
2 285
1 53
2 1718
1 1590
2 1363
1 622
1 1313
1 516
1 486
1 1255
1 192
2 86
1 1105
1 1126
1 1090
2 662
1 1521
2 1544
2 1299
1 1221
2 1308
1 28
1 841
2 102
2 1447
2 580
1 509
2 325
2 129
1 83
1 1369
2 977
1 134
1 1096
1 1360
2 1445
1 297
1 821
1 1647
2 1223
2 1523
2 494
1 973
1 950
1 1727
1 835
1 1405
1 15
2 557
1 378
1 1256
1 48
1 186
1 5
2 217
1 1267
2 691
1 25
1 1111
1 536
1 1734
2 372
1 1694
1 1467
2 1024
1 942
1 320
2 386
1 1529
2 912
2 659
2 621
2 1710
2 804
1 1156
2 706
1 1338
2 982
1 1113
1 1067
2 1282
2 1016
2 1436
2 1262
1 1764
2 422
2 1326
2 1454
2 1305
1 1703
1 1264
2 2
1 1655
2 282
2 1526
2 1468
1 174
1 1717
1 1673
2 27
2 598
2 138
2 671
2 669
1 1320
1 96
1 618
1 882
2 1223
1 1372
2 1424
2 836
1 1020
1 251
1 235
2 1148
2 1472
2 584
1 1389
1 309
2 101
2 1135
1 1784
2 322
2 1645
2 1199
1 1370
1 773
1 198
1 697
2 863
1 622
1 1232
2 396
2 785
1 1022
1 334
1 479
1 671
1 543
2 809
2 1412
2 256
1 774
1 1771
2 1509
1 812
2 1774
1 739
1 315
2 733
2 904
2 1624
1 963
2 952
2 1716
1 801
1 1190
1 1127
2 1785
1 1139
1 914
1 621
2 1182
1 68
2 927
2 1392
2 515
1 184
1 361
1 408
1 389
2 715
2 1775
2 214
1 1163
2 1446
1 433
1 1248
2 1131
1 108
2 449
2 965
1 1420
1 920
2 314
1 1292
1 388
2 468
1 1099
2 269
2 22
1 1353
1 1696
2 1543
2 704
1 961
2 587
1 1540
2 1505
1 158
2 1782
2 276
2 1442
1 416
2 746
2 1278
1 165
2 683
1 472
2 1534
1 62
1 1286
2 1019
2 1641
1 806
1 288
1 902
2 32
1 1795
2 1764
1 302
1 1473
1 74
1 1415
1 488
2 1762
2 866
2 1580
2 304
1 1792
2 44
2 1323
2 1662
2 9
1 698
1 1098
1 113
2 169
2 1008
2 1564
2 1194
1 1101
1 842
2 1444
2 1449
2 1592
2 1401
2 765
1 1235
2 178
2 1191
1 1033
2 1774
2 191
2 632
1 1591
1 1381
2 1110
2 842
2 1675
2 158
1 395
2 1142
2 1718
1 1124
1 1383
1 94
1 1222
1 1608
2 688
1 881
1 119
2 644
2 267
1 485
1 709
2 345
2 649
1 579
1 1440
2 1145
1 114
1 945
1 1640
2 424
2 91
2 548
1 1582
2 700
2 1350
1 1047
2 1130
1 1166
2 1313
1 891
1 1617
1 597
1 401
1 1075
2 290
1 186
1 581
2 1585
2 979
1 688
1 992
1 628
1 592
2 681
2 1016
1 710
1 1132
2 1641
2 1264
2 1584
1 248
2 221
2 1128
1 1388
1 1298
1 1394
1 313
2 1372
1 1403
1 1061
2 1705
1 1218
1 173
2 721
1 306
2 34
1 729
2 515
1 1494
2 456
1 206
1 1176
2 1109
2 642
1 199
2 1406
2 1579
2 470
1 1723
2 225
1 329
2 105
2 639
2 1659
1 891
2 254
2 1083
1 1731
1 862
1 853
2 338
1 95
1 311
2 1152
2 1732
1 367
2 509
2 1390
1 73
1 968
2 1373
2 988
2 1601
2 481
2 1508
2 79
1 1606
1 12
2 957
1 775
2 722
1 1539
2 133
2 68
1 472
1 218
1 1107
1 427
2 984
2 924
1 1237
2 1093
2 962
1 164
2 1646
2 12
1 1
2 1188
2 985
2 278
2 482
1 1545
2 447
1 1270
2 534
2 1074
2 1520
2 1067
2 36
2 1526
1 220
2 542
1 1404
2 623
2 162
1 1217
1 446
2 1533
1 337
1 126
1 1025
2 462
1 1279
2 1143
2 1375
1 565
2 983
1 1032
2 461
2 974
2 1072
2 698
2 406
1 825
1 761
2 561
1 779
1 1682
1 701
2 319
1 78
1 1322
2 873
1 265
2 1330
1 1315
2 1762
1 1706
2 612
2 1403
1 888
2 236
1 1421
2 1320
1 907
1 1478
2 507
1 1009
1 45
2 1729
1 1147
1 1547
1 1740
1 217
1 1028
1 487
2 684
2 955
2 1192
1 1339
1 431
2 1637
2 327
2 831
1 1021
2 778
1 934
1 668
1 1783
2 1293
2 735
2 1060
2 305
2 1495
2 269
1 1230
1 844
2 204
1 799
1 900
2 578
1 1541
2 1767
2 939
2 544
2 487
2 1024
2 1165
2 1600
1 85
2 755
1 1003
1 999
2 78
1 699
2 1615
1 402
2 1682
1 1620
2 1706
2 190
1 1153
1 1559
1 1601
1 1653
2 640
1 497
2 687
2 395
1 23
1 630
1 903
1 1574
2 1018
1 1621
2 1426
2 13
1 289
1 1097
1 57
2 607
1 1178
2 1179
1 1142
2 1047
2 1034
1 1742
1 51
2 810
1 553
1 1116
2 1243
1 1609
1 1453
2 435
2 997
1 987
2 257
1 1638
2 1180
2 702
2 1337
2 971
1 340
2 657
1 864
2 917
1 1262
1 1154
2 863
1 352
2 1254
1 1611
1 56
2 1404
1 1415
1 1039
2 398
2 1080
2 1784
2 11
2 1272
1 1547
2 446
2 1467
2 1082
2 1787
1 1369
2 178
2 1627
2 1661
1 155
1 552
2 1685
1 1522
2 365
1 414
2 161
1 634
2 72
2 1433
1 1555
1 611
1 1704
2 1247
1 1710
2 1683
2 1607
1 240
2 677
1 1312
2 1325
2 595
1 75
2 1300
2 1503
2 52
1 10
1 167
2 458
2 1089
1 231
2 672
1 1597
2 179
1 1506
1 776
1 91
2 1384
1 1777
1 778
1 1502
1 816
1 1126
1 894
1 382
2 1591
1 646
1 380
1 766
2 428
1 660
1 1064
2 1519
1 1304
2 1347
2 391
2 216
1 1379
2 1504
1 1754
2 1183
1 956
1 33
2 493
2 1417
2 214
2 844
1 1738
2 629
1 1768
2 907
1 1222
2 55
2 413
1 1346
2 601
1 949
1 897
1 656
2 1336
1 1007
2 897
2 65
2 402
2 438
2 264
1 280
2 1533
1 333
1 1060
2 1059
2 1106
2 678
2 1072
2 264
1 837
1 40
2 1466
2 893
1 1177
1 1694
1 1001
1 107
1 124
2 1055
2 1149
1 210
1 479
1 1242
1 1715
1 848
2 365
2 586
1 1322
1 617
1 229
2 1637
2 736
1 877
2 339
2 61
1 1527
2 1328
2 388
2 1689
2 168
1 572
1 818
2 840
1 18
1 1252
2 135
1 555
2 210
1 336
2 1076
1 350
2 208
2 1065
1 1464
2 405
2 1094
2 1772
2 1713
1 807
1 1672
2 1292
1 960
1 174
1 1263
1 1181
2 239
1 1733
1 1664
2 1303
1 1538
2 351
2 809
1 994
1 1757
1 1635
1 690
1 1374
1 1062
1 745
1 714
2 152
2 1553
1 963
2 980
2 1697
1 573
1 471
2 732
2 410
1 841
1 1028
1 1112
1 1536
2 1735
1 905
2 1365
2 566
2 1550
1 514
2 654
2 919
2 919
1 24
1 862
2 1286
2 915
1 1746
1 594
2 1788
2 761
1 368
2 207
2 1482
1 751
2 964
1 528
1 247
2 401
1 1052
2 1719
2 322
2 1159
1 1315
1 902
1 375
1 660
1 990
1 1053
2 1362
1 1033
2 829
2 1634
2 378
1 558
2 823
1 892
2 1361
1 1184
2 1071
2 442
2 1341
1 1122
1 1118
1 1377
2 1503
2 1638
1 614
1 234
2 1277
2 238
1 815
2 537
2 379
2 1676
1 1587
2 1050
2 1272
2 1279
1 663
2 1483
1 651
2 796
2 514
1 177
2 1290
2 675
1 1410
2 8
2 1276
1 1581
1 310
2 1580
2 1497
2 1
1 534
1 270
2 637
2 468
2 230
2 808
2 1157
1 794
1 230
1 132
1 477
2 358
2 550
1 633
2 1549
1 1328
2 1210
2 149
2 292
1 309
2 195
2 682
1 748
1 1721
2 1054
1 1387
1 315
1 1452
2 1512
2 1414
2 1650
1 1668
2 136
1 181
2 1648
1 64
1 1095
2 1171
2 810
2 229
1 60
1 221
1 556
2 154
2 1316
1 1688
2 1391
2 261
2 876
1 278
2 1414
2 1619
1 969
1 1342
2 958
2 275
1 787
2 880
2 1251
2 1484
1 117
1 556
1 1736
2 969
1 1205
2 105
2 1050
2 867
1 366
1 312
2 673
2 151
2 127
1 1704
2 1201
1 826
1 1280
2 1458
1 102
2 719
1 737
1 742
1 44
2 994
2 1725
1 664
1 824
2 275
1 41
1 1555
2 299
1 1612
2 280
2 1309
1 849
1 437
2 705
2 714
2 848
1 579
1 359
2 182
2 654
1 283
1 666
1 1318
2 596
1 684
1 717
2 1355
1 1542
1 1329
2 1537
2 1765
2 904
1 407
2 164
1 1707
1 639
1 1798
2 1305
1 768
1 243
1 982
2 1162
2 1385
1 1351
2 527
2 751
1 670
1 1509
2 90
1 1393
1 764
1 490
1 1108
1 890
2 239
1 1732
2 317
2 944
1 909
1 965
2 1760
1 1354
2 975
1 1692
2 624
2 1677
2 1668
1 1572
2 1144
1 64
1 1659
2 368
1 427
2 1678
1 1200
1 993
1 770
2 1586
1 1551
1 1618
2 706
2 731
1 1656
2 650
1 792
1 1121
1 491
2 410
2 871
1 248
1 589
2 457
2 82
2 594
1 260
2 692
1 746
1 634
1 973
1 715
1 1463
2 262
1 822
1 1027
1 415
2 11
2 1115
1 81
1 987
2 1037
2 1030
1 829
2 377
1 1643
1 1450
1 1396
1 727
1 1271
2 232
2 58
2 1428
1 776
2 1577
1 864
2 1046
1 122
2 301
2 1390
2 73
2 363
2 1491
2 4
2 1430
2 392
2 1295
2 1556
1 630
1 563
2 1686
2 843
1 1145
2 1451
1 1663
1 1358
1 43
2 664
1 1283
2 1605
1 1471
1 1690
2 1429
2 1001
2 812
2 1170
2 345
1 1198
2 1009
1 1466
2 296
1 193
2 1134
2 1147
2 1657
2 130
2 1434
1 123
2 327
2 1665
1 109
2 1737
1 138
1 793
2 398
2 445
2 1519
2 104
2 1399
1 843
1 616
2 1006
1 1159
1 299
2 268
1 1044
2 1516
2 181
1 1779
1 694
1 393
1 335
1 436
2 521
2 1199
2 271
1 1724
1 894
2 1321
1 1680
2 422
1 486
1 130
1 34
2 448
1 1232
1 1584
2 1606
1 478
2 1234
1 1409
1 1767
1 577
2 1642
1 1753
1 855
2 1364
1 669
1 1642
1 1510
2 1604
2 1240
1 1749
2 1376
2 460
1 283
1 1260
1 1204
1 773
2 729
2 685
2 1164
1 1216
1 831
2 1750
1 1669
2 1185
1 1212
2 455
1 180
2 1471
2 1290
2 1420
2 1427
2 876
1 771
2 1535
1 1302
2 911
1 726
2 323
1 641
2 92
2 724
1 1563
2 393
1 539
2 1214
1 1242
2 784
1 790
1 1301
2 294
1 1603
1 1570
2 991
2 55
2 1057
1 316
2 196
2 1307
1 972
2 518
2 722
2 787
2 724
1 730
1 1490
2 819
1 312
1 997
1 103
2 1316
2 341
1 93
1 979
1 19
2 576
1 930
2 1755
2 1149
1 1117
2 367
1 61
2 49
2 242
2 1528
1 454
2 824
1 1133
1 1041
1 520
1 1359
1 1585
2 691
1 1169
1 343
1 1160
2 593
2 645
2 71
1 1240
1 865
2 1115
2 665
2 223
1 887
1 506
1 17
2 189
2 31
1 590
1 451
1 1756
1 1091
1 638
1 1558
2 883
1 1578
2 1048
2 1449
2 670
2 1678
2 155
1 505
2 1757
1 508
1 1068
1 1239
1 191
2 247
1 517
1 57
1 333
1 872
2 153
1 795
2 918
1 344
1 1644
1 1085
2 576
1 222
2 119
2 779
2 874
1 772
1 1560
2 80
2 1051
1 470
2 933
1 837
2 895
1 1431
2 564
1 21
1 603
1 10
2 1312
2 1281
1 1052
2 1317
1 1497
2 1363
2 1560
1 1189
2 1593
2 685
2 394
2 1765
1 1129
2 113
1 798
1 874
2 1231
2 732
2 131
2 1407
1 1483
1 319
1 840
2 665
1 23
2 712
2 707
1 643
1 1667
1 376
2 519
1 568
1 1275
1 981
1 898
1 390
1 1308
2 1651
2 1077
1 1064
2 1174
1 1042
1 1365
1 529
2 1581
1 120
2 906
2 190
1 545
2 346
2 989
2 760
1 357
1 1527
2 349
2 135
1 262
2 1763
1 1711
1 1249
1 644
2 397
1 1530
1 521
1 249
2 433
1 1722
2 826
1 1709
2 1029
1 160
1 1800
1 559
1 519
2 47
1 592
2 77
1 176
2 1288
2 323
1 1479
2 1613
1 667
2 428
2 1532
1 1743
1 1399
1 631
2 775
1 668
1 351
2 989
1 554
2 1196
2 742
2 929
2 227
2 1448
1 1374
2 1402
1 1620
2 1344
1 1648
2 295
2 265
2 1266
1 40
1 2
2 1713
1 1119
2 1182
1 1377
1 861
2 1137
2 502
2 1020
2 290
2 737
1 801
1 1367
1 437
1 156
2 485
2 569
2 163
2 524
2 743
1 1670
2 1356
1 43
2 1153
2 972
1 1646
2 434
1 442
2 166
1 1274
2 1726
1 1443
2 99
2 1489
1 361
1 1120
2 1598
1 1333
2 553
2 1487
1 780
2 854
2 618
1 1228
1 1437
1 1673
1 1012
1 794
1 114
1 721
2 1136
1 321
1 986
2 1763
1 464
2 1273
2 877
1 1280
2 432
2 1368
1 1254
2 791
1 1079
1 723
1 66
2 676
1 1572
1 1139
1 1057
2 992
2 320
1 1327
1 115
1 1654
1 1036
1 619
1 1496
2 260
2 705
1 1676
1 1687
2 298
2 1493
1 143
2 712
1 184
2 1070
1 625
1 216
1 1780
1 1479
1 695
1 501
1 934
2 646
1 1779
2 1630
1 24
1 1470
1 1238
1 508
2 259
2 852
2 1559
1 1719
1 636
1 1035
2 1382
2 946
1 740
1 845
1 1558
2 1486
1 38
1 962
1 513
2 1703
1 615
2 943
1 1514
1 830
1 858
2 407
2 647
2 1619
2 923
1 462
2 348
2 1173
1 926
2 1524
2 474
2 1015
2 675
1 851
1 1015
1 234
1 1430
1 875
2 497
2 1380
2 1181
2 585
1 1562
2 1244
1 225
1 451
1 968
2 145
2 1095
1 695
1 1635
1 884
2 957
1 1413
2 170
2 1658
1 1056
2 1150
2 1436
2 493
1 823
2 1180
1 1337
1 818
1 1277
2 1226
2 1140
1 655
2 1569
1 1258
1 1029
1 923
2 202
1 1266
2 1649
2 360
2 1324
1 1108
1 770
2 747
2 355
2 913
1 1284
2 886
1 1011
1 421
1 271
2 100
1 1401
2 590
2 889
2 372
1 341
2 1176
2 720
2 1167
1 758
1 1548
1 1324
2 1442
1 434
1 6
1 1573
2 762
1 781
1 101
1 1274
2 88
1 1069
1 1434
2 211
1 332
1 1183
1 562
2 511
2 1799
2 1340
2 272
2 231
1 241
1 946
2 384
2 609
2 1135
1 1661
2 1504
1 1666
1 921
2 1202
1 1583
1 1068
2 504
2 1226
2 358
1 1565
1 954
1 326
1 160
2 1175
2 409
2 1628
1 347
1 1389
2 733
2 936
2 116
1 133
2 1643
2 404
1 1349
1 511
2 807
2 1693
1 170
2 3
2 1288
2 1684
2 851
1 1776
1 460
1 1234
1 8
2 1034
1 177
1 1691
2 967
2 1055
1 417
2 1657
2 1457
1 676
1 332
1 1507
2 1787
1 480
1 739
2 536
2 1197
1 1291
2 137
2 1210
2 1758
1 1163
2 162
2 546
2 1745
1 136
2 1010
1 1336
2 901
1 1397
1 532
2 317
1 298
2 1758
1 767
1 1018
2 697
1 1419
1 513
2 886
2 792
2 1535
1 82
1 1697
1 769
2 1364
2 49
2 291
2 772
2 1023
1 400
2 424
2 1172
2 1125
1 326
1 783
2 1285
1 552
2 1017
1 1472
2 1594
1 360
1 1548
1 860
1 1275
1 1688
1 836
1 321
2 1599
1 189
1 865
2 303
2 1306
1 499
2 1665
2 1317
1 1043
2 1092
2 88
2 856
1 689
2 1296
2 308
2 452
2 789
1 37
2 364
2 403
1 814
1 266
2 495
1 111
2 1220
1 1119
1 800
2 406
1 1629
1 803
1 1542
2 725
2 1543
1 703
1 1593
2 1626
1 1611
2 286
1 199
1 1507
2 752
1 716
2 1356
1 1291
2 157
2 667
2 604
1 156
2 1250
1 1013
2 476
2 804
1 489
2 759
1 1263
2 605
2 244
2 1177
2 1639
1 1104
1 1569
1 1248
2 20
1 144
1 1073
1 1343
2 281
2 1338
2 1004
1 1214
2 1431
1 730
2 1238
1 22
1 861
1 396
2 356
1 141
1 789
1 1448
2 328
2 134
1 1258
1 494
1 976
2 399
1 1040
1 1505
1 1161
1 33
1 331
1 1425
2 415
2 1236
1 403
1 1739
1 195
1 1088
1 951
