3100 1000
1 679
1 1312
1 442
1 633
2 278
2 589
1 1218
1 707
1 433
2 1097
2 1204
1 116
1 1381
1 892
2 1060
1 1259
2 833
2 1200
1 76
2 79
2 756
1 1522
2 821
1 444
2 921
2 447
1 1241
1 966
2 1303
1 1101
1 1523
2 1104
2 1387
1 525
2 1032
1 1371
2 1200
2 1274
2 111
1 1316
2 351
1 372
2 1276
2 175
2 1450
2 635
1 26
2 1188
1 375
1 823
2 123
1 988
2 1473
2 654
1 1377
1 230
1 878
1 1117
2 1146
2 1298
2 102
2 303
2 1528
2 1337
1 1360
1 564
1 652
2 1348
1 1222
1 1038
1 471
2 12
1 480
1 880
2 723
2 1487
2 9
2 632
1 594
2 193
2 913
1 1190
2 336
2 460
2 677
1 143
2 671
2 273
1 706
1 758
2 1206
2 1459
2 900
2 225
2 1423
1 995
1 836
2 429
2 855
2 647
1 206
2 147
2 438
2 455
2 847
1 1312
2 409
1 800
1 119
2 292
1 1415
2 948
1 596
1 143
1 1430
2 921
1 642
1 253
2 1432
1 1483
2 796
1 772
2 192
2 963
1 757
1 297
2 954
1 2
2 1327
2 342
1 1335
1 1283
1 1477
1 748
1 703
1 834
2 142
1 935
1 181
2 202
2 505
1 1242
2 713
1 896
2 562
2 1071
1 875
1 501
2 1156
1 561
1 951
1 1079
2 1352
1 196
1 611
2 87
1 1522
1 268
1 1213
1 749
2 550
1 587
1 576
2 369
1 1091
2 199
1 1211
2 276
2 1307
1 331
2 916
1 839
2 1240
2 882
2 85
1 693
2 1456
2 1175
1 119
2 1229
2 1513
1 643
1 291
2 1299
1 1166
2 782
2 1287
1 165
1 330
2 468
2 4
1 1269
2 1054
2 167
1 1076
2 914
2 1368
2 1037
2 49
1 180
1 1151
2 535
2 1544
2 734
1 172
2 582
2 920
2 878
1 845
1 44
1 94
2 32
2 372
2 325
1 399
1 1019
1 288
1 649
2 1435
1 630
1 1390
2 1020
2 1408
1 64
1 1499
2 1534
1 1416
1 915
1 1409
1 1450
2 1185
1 50
1 1108
1 382
1 956
1 991
1 656
2 124
1 179
1 653
1 1039
1 1531
1 1132
1 1267
1 999
1 399
2 934
2 1498
2 962
2 272
2 239
2 686
1 368
1 1034
2 1412
2 771
1 459
1 618
2 1220
1 393
2 103
2 1440
1 1168
2 1484
1 130
1 621
2 231
2 625
1 289
2 63
2 533
1 888
1 689
1 1467
1 425
2 1529
2 297
2 1355
2 443
2 1179
1 751
2 850
2 525
2 470
2 364
2 876
2 1016
1 602
1 791
2 331
2 651
1 607
2 743
2 1209
2 553
2 1446
2 904
1 753
1 1084
2 997
2 1187
2 604
2 1428
2 472
2 590
2 1136
2 1504
1 642
2 973
2 530
1 286
2 817
1 1392
2 1008
1 313
1 1158
1 273
2 1075
2 195
2 1073
1 496
2 1249
1 528
2 386
2 1295
2 154
1 1253
2 1387
1 709
2 704
2 95
1 1288
1 548
1 1158
1 1373
2 120
1 368
2 864
2 310
1 1147
1 282
1 1265
1 450
1 1116
2 1535
1 1500
2 993
2 208
1 226
2 313
2 391
1 679
1 394
2 140
1 1365
1 637
1 1153
2 618
2 721
1 1217
1 1148
2 615
1 440
1 992
2 715
1 1534
1 906
2 1036
1 778
1 565
2 1178
2 416
2 185
2 147
1 685
2 419
2 403
1 1458
1 66
1 1244
1 95
2 110
2 1021
1 626
1 1046
1 386
1 68
1 851
1 1006
2 846
2 1509
1 1119
2 145
2 177
2 98
1 986
1 1061
1 309
2 1227
1 1143
1 765
2 569
1 5
1 603
1 409
2 648
2 218
2 358
2 152
2 1216
2 1324
1 1353
2 419
2 466
2 970
2 371
2 308
1 1084
1 114
2 60
1 1457
2 1248
2 894
2 587
1 1206
2 256
1 530
2 37
2 567
2 227
2 820
2 129
2 1425
2 156
2 539
1 514
2 69
1 985
1 122
2 1256
2 748
2 736
2 1521
1 1264
1 573
2 488
2 1032
1 373
1 239
2 1430
2 436
2 1448
2 1290
1 317
2 1000
1 410
2 1547
1 417
1 241
2 1104
1 772
2 1422
2 586
2 909
1 442
1 1321
1 317
2 390
2 1284
1 1509
1 14
1 775
2 863
2 833
2 1284
2 48
1 666
2 1293
2 852
1 606
1 1341
2 992
1 1070
2 582
2 1102
2 1362
1 340
1 1436
2 43
2 240
1 311
2 638
2 194
1 185
1 1035
1 818
2 384
1 440
2 532
2 535
2 943
1 1160
2 411
2 1051
1 768
2 39
2 919
1 319
1 949
2 233
1 971
2 856
1 1319
1 414
2 276
1 121
2 433
2 1528
1 1405
1 969
2 578
1 664
2 67
1 78
2 1462
2 1460
1 448
2 606
1 897
1 1434
2 1426
2 991
2 566
1 773
1 702
1 591
1 1443
1 159
2 75
1 68
1 1044
2 375
1 1386
1 946
1 309
2 630
1 917
2 477
1 149
1 1486
1 967
1 905
1 552
2 82
2 774
2 1531
1 1473
1 882
2 815
1 1235
2 1071
2 189
2 1539
2 1315
1 59
2 281
2 853
1 223
1 350
2 408
1 251
2 974
2 622
1 1054
1 149
2 1535
2 401
1 282
2 661
1 250
1 492
1 537
2 1306
1 30
2 545
1 1214
2 176
1 438
1 1296
2 1116
1 423
2 1416
1 647
2 1366
1 1536
1 903
1 1395
1 1359
2 352
2 279
1 646
2 1191
2 819
1 170
2 395
1 667
1 1329
1 1345
1 982
1 104
2 387
2 1518
2 752
2 898
1 70
2 529
2 118
2 322
2 1483
2 1301
1 232
2 126
1 418
1 1463
2 1475
2 528
1 356
2 937
1 138
2 1306
1 816
1 214
2 1294
1 162
1 371
1 499
2 1350
2 684
1 379
2 1226
2 200
2 1308
2 1550
1 632
1 360
2 146
2 291
2 39
1 381
1 102
1 498
1 279
2 590
1 1356
1 911
2 568
2 1464
1 485
1 252
2 338
1 72
1 595
1 1145
2 709
1 257
1 701
1 934
2 1113
2 1415
2 365
2 837
2 579
2 1397
2 272
1 813
1 461
2 451
2 1109
2 481
1 201
2 900
2 1307
2 1215
1 1085
2 810
1 842
1 1435
1 848
2 730
2 800
2 1062
2 205
1 53
1 1381
1 1540
1 735
2 407
1 659
1 640
2 1176
2 743
2 673
2 107
1 1397
2 1244
1 1440
2 1115
2 1374
2 793
1 717
2 873
1 943
2 141
2 1210
1 1504
2 197
2 999
1 301
2 458
2 99
2 118
1 521
1 962
1 1289
1 1340
2 1165
2 1533
2 1181
2 1548
1 799
1 1266
1 128
1 919
2 599
2 28
1 1275
2 938
1 932
2 1130
2 874
2 1133
2 1210
2 714
1 930
1 4
1 850
2 1242
1 370
1 92
2 1299
1 1357
1 1550
2 1454
2 462
1 164
1 1223
1 274
2 228
1 222
2 360
2 762
1 19
2 680
1 327
1 1547
1 581
2 656
1 346
1 1466
1 1297
1 516
1 256
2 723
1 691
2 1067
1 252
1 996
2 979
1 1291
2 1279
2 1519
1 1476
2 1246
2 338
2 1219
1 1493
1 1245
2 1050
1 1468
1 596
1 1202
2 235
2 831
2 1134
2 1378
2 981
2 167
2 976
1 417
2 803
2 1031
2 502
1 165
2 1469
2 1332
2 1171
1 182
1 577
1 609
2 232
1 1078
1 881
1 901
2 735
2 812
1 278
1 1212
1 1525
2 591
2 1119
2 100
2 824
1 1049
1 509
2 795
2 1313
1 326
1 1126
1 804
2 45
1 694
2 1042
2 225
1 1334
2 33
1 1142
1 768
2 655
1 1114
1 583
2 131
2 1324
2 797
1 1058
1 1280
2 469
1 713
2 572
2 1081
2 1545
2 305
1 894
1 8
2 353
2 265
1 1369
1 1145
1 326
1 755
2 114
1 976
2 1212
1 975
1 601
1 15
1 1056
1 1123
2 932
2 807
2 1177
2 1239
2 1097
1 1058
2 81
2 376
2 1264
1 957
1 1411
2 701
1 216
1 1243
1 173
1 790
2 1361
1 389
1 1251
2 158
1 1226
1 93
1 206
2 986
1 1188
1 925
2 35
1 787
2 544
1 805
1 1141
1 1424
2 1095
2 1422
2 32
1 1012
2 1490
1 789
1 1131
1 1170
2 348
2 562
2 1455
1 63
2 65
2 1308
2 1235
1 1491
1 198
2 245
2 1481
1 1433
1 624
1 260
2 828
2 685
1 608
2 595
2 854
2 1319
1 422
2 829
1 466
1 1335
1 456
2 964
2 871
2 504
1 518
1 295
2 22
1 262
2 1249
1 1234
2 863
2 844
1 38
2 825
2 861
1 1427
2 1089
2 1228
2 376
2 674
1 704
2 1515
1 90
2 1164
2 669
1 719
2 675
2 58
1 128
1 1001
1 1241
2 1421
2 1270
2 1532
1 1344
2 798
2 9
1 402
2 1530
2 1413
1 413
1 471
1 886
1 1489
1 351
2 444
2 1469
1 1014
2 565
2 1176
2 1359
1 620
1 349
2 1086
1 22
2 10
1 790
1 779
2 561
2 877
1 27
1 74
2 344
1 1094
1 258
2 1310
1 194
1 403
1 28
1 678
2 1414
1 705
1 664
2 716
1 204
1 255
2 1088
1 1379
2 1296
1 1205
2 944
2 235
1 731
2 1263
1 1026
2 817
2 681
2 615
2 134
1 494
1 1057
1 1042
2 1213
1 1413
1 1082
1 1152
2 412
2 907
2 55
1 320
1 97
1 1224
2 990
1 446
1 169
1 500
2 1325
1 1328
1 1132
1 1488
2 106
2 158
1 1496
1 243
1 286
1 62
2 1277
1 318
1 420
1 1333
1 1059
2 764
2 183
1 694
1 103
2 611
2 737
1 123
1 1088
1 1309
2 786
1 1533
2 1136
1 137
2 148
2 347
2 767
2 1089
1 574
1 236
2 570
1 341
2 959
1 1295
2 1543
2 1037
1 747
2 1316
1 1048
1 541
2 1059
1 1106
1 21
1 1402
2 899
1 769
1 1268
2 1497
2 460
2 1400
2 837
2 2
2 446
2 1439
1 1225
2 1512
2 1364
2 970
1 316
2 242
1 1279
2 794
2 754
2 742
1 1233
2 733
1 840
1 1117
2 1049
1 1
2 394
2 542
2 398
1 97
1 1372
2 391
2 75
2 1518
1 36
1 56
1 585
2 503
1 1076
2 1544
1 237
2 1391
1 1321
1 672
1 982
2 1223
2 811
1 77
1 1346
2 287
1 1265
1 741
2 80
1 1255
1 77
1 434
2 303
1 1120
1 577
1 160
1 509
1 435
2 920
2 909
2 942
1 914
1 186
1 939
2 783
1 1429
2 520
1 341
1 955
1 818
1 1157
1 879
2 1373
2 1318
1 741
2 978
2 212
2 1346
2 220
1 813
2 89
2 47
1 415
1 16
2 1428
1 1112
1 355
2 725
1 827
2 1449
2 1135
2 682
1 98
1 1169
1 340
2 602
2 136
1 385
1 993
2 839
1 108
1 1118
2 907
2 1017
2 261
1 527
1 176
2 1099
1 1164
1 84
2 1195
2 1537
1 1375
1 844
2 324
2 117
2 593
2 182
1 1217
2 877
2 1024
1 1040
1 872
1 549
2 18
1 457
1 545
2 430
1 264
1 792
1 88
2 316
2 495
1 14
1 957
2 246
2 1077
2 739
1 725
2 757
1 1197
1 418
2 1131
1 1184
1 662
1 1549
1 682
1 1506
1 135
1 538
2 89
2 746
2 172
1 208
2 222
1 33
2 1336
1 890
1 203
2 778
1 505
1 925
1 1013
1 890
1 1105
2 217
1 264
1 57
2 477
1 472
1 546
1 707
2 200
1 798
2 201
1 475
1 660
1 574
1 1311
2 874
2 841
1 425
1 1281
1 1339
2 73
1 933
2 132
2 1227
2 534
1 860
2 830
2 1488
1 654
2 1290
1 1157
1 1527
2 171
1 29
1 1542
1 52
2 559
2 207
1 696
2 298
2 804
2 392
1 1126
2 283
2 314
1 708
1 931
1 1545
1 61
2 447
2 1388
1 1491
2 1482
2 1347
2 12
1 1444
1 1228
1 1443
1 674
2 248
2 380
1 1275
1 228
1 619
2 213
1 146
2 474
2 1432
2 426
1 1303
2 776
2 26
1 1546
1 1236
2 1202
1 665
2 19
1 1250
2 127
2 150
2 467
1 495
1 945
1 101
2 389
1 810
1 1111
1 911
2 1474
1 597
2 616
2 628
1 996
1 940
1 141
2 1280
1 122
2 928
2 1364
2 137
2 1033
2 769
2 1174
2 751
2 266
2 740
1 161
2 40
1 352
2 770
2 1128
1 1481
2 872
2 1310
2 191
2 453
1 1107
2 426
2 60
2 816
2 829
1 58
1 686
1 814
2 253
1 1354
2 254
2 814
1 1043
1 620
2 1254
1 1015
1 1404
1 1419
1 547
2 499
1 270
2 248
2 1376
2 983
1 1517
2 699
2 719
2 641
1 101
2 1018
1 576
2 61
1 1462
1 1046
2 667
2 522
1 1230
1 220
1 1080
1 675
1 353
2 450
2 931
2 662
1 439
1 1012
2 1285
2 724
1 86
1 54
1 1055
2 619
2 494
1 361
1 120
1 189
1 1203
2 428
2 1331
2 1127
2 486
2 227
1 437
1 840
1 175
1 950
1 889
1 1070
2 1442
2 1546
1 349
2 268
1 526
1 7
2 873
2 431
1 198
2 1112
1 1369
2 365
2 1033
1 6
2 906
1 771
1 366
2 288
2 1538
2 1273
2 247
2 1406
2 948
1 1086
2 1009
1 1215
2 427
2 550
1 25
2 795
2 20
1 1085
2 1478
1 865
2 1472
1 467
2 245
2 684
1 1278
1 621
1 645
1 811
1 1485
2 449
1 526
2 1367
1 787
2 598
2 260
1 157
2 507
1 1480
2 540
2 1034
1 1
2 729
1 1140
2 781
1 113
1 700
2 855
2 1392
1 304
1 802
2 210
2 556
1 430
2 822
1 541
2 457
2 736
1 1286
2 613
1 439
1 396
2 44
1 1260
1 637
2 1470
2 1384
1 1370
1 1045
1 212
2 1394
2 1427
2 244
2 668
1 1167
1 981
1 1514
1 1041
2 1221
1 788
2 18
2 1050
1 300
1 1461
2 1073
1 705
1 1166
2 1480
1 965
1 1011
2 243
1 62
1 766
1 234
1 1198
1 774
1 1205
1 85
1 1334
1 575
2 558
2 521
2 706
2 405
1 1281
2 421
2 555
1 717
1 277
2 580
1 478
2 1300
2 551
2 1445
2 1437
1 263
2 1476
2 895
2 346
2 815
1 1229
2 830
2 734
2 1013
1 861
2 81
2 513
2 480
2 1410
1 1178
1 240
1 1419
1 397
1 437
2 1236
1 1358
2 209
1 856
1 879
2 953
1 1424
1 73
1 1302
1 904
2 393
2 1082
1 1340
2 250
1 1122
1 1448
1 72
1 964
1 761
1 1374
2 870
2 178
1 884
2 905
2 1248
2 275
2 1114
2 876
1 356
1 112
2 135
1 1023
1 940
1 1471
1 1317
2 357
2 183
1 363
1 1111
2 796
1 1365
2 174
2 1318
2 470
2 511
2 1537
1 852
1 520
1 738
1 543
1 780
2 6
1 1029
2 1283
1 1376
2 623
1 1341
1 1161
2 496
1 1005
2 328
2 80
2 1207
2 779
2 773
2 503
1 1189
1 343
2 887
2 45
2 242
2 1493
1 862
2 737
1 1407
1 1003
1 11
1 1407
2 1510
2 482
2 540
1 1323
2 600
2 564
2 1267
2 998
2 1438
2 1378
2 1148
2 374
2 644
2 1524
2 1514
1 1010
1 1384
2 1179
1 585
1 1108
1 370
1 607
2 1253
1 1266
2 1019
1 1075
1 266
2 139
1 1155
1 1194
2 777
1 1406
2 1017
1 1490
2 641
2 270
2 941
2 1204
1 1172
1 624
1 670
2 1420
1 113
1 1100
1 144
2 74
1 1130
2 1300
1 924
2 1115
2 215
2 1183
2 1199
1 1454
2 280
2 1271
1 950
1 177
2 37
1 1513
1 40
1 1380
2 1367
2 479
1 125
2 820
1 984
2 502
2 1201
2 708
1 453
1 47
2 1152
2 1402
1 251
2 1371
1 432
1 711
2 1001
1 1492
1 1540
1 784
2 1408
2 8
2 626
1 333
2 115
1 339
2 903
1 987
2 1006
1 454
2 995
1 859
1 312
1 1026
2 689
1 210
2 660
2 652
1 106
2 1452
2 29
1 1494
2 1190
2 1282
2 449
1 823
2 5
2 153
1 1052
2 142
1 1311
2 616
1 1345
1 46
1 78
2 1064
2 1047
1 65
1 1243
2 109
1 866
2 1121
2 462
2 1159
2 1471
2 1219
2 1464
2 431
1 893
2 560
1 400
1 322
2 1468
2 491
1 556
1 1399
1 1354
1 263
1 52
2 407
2 866
1 1232
1 865
1 512
1 481
1 295
1 497
1 729
2 152
2 557
2 1305
2 267
2 687
1 892
1 1156
1 1530
1 643
2 507
2 1133
2 21
2 1182
2 1357
1 1257
1 255
1 715
1 1475
1 180
2 846
1 987
2 634
1 1399
1 1173
1 969
1 672
2 354
2 1047
1 745
2 1288
1 343
1 1208
2 683
2 190
1 35
1 808
2 1184
2 1068
1 1055
2 148
1 1511
2 1074
2 454
2 519
2 1258
2 625
1 20
2 321
1 1322
2 463
1 802
2 688
1 211
2 1090
2 646
1 536
1 1339
2 269
2 1501
2 612
2 366
2 166
2 161
2 989
2 237
1 524
1 88
1 819
2 1393
2 1298
1 1268
1 1237
1 690
1 336
2 1438
2 1057
1 998
2 522
2 756
1 975
2 1081
2 332
2 1292
2 871
2 41
2 895
2 139
1 1396
2 355
1 680
1 1472
2 1106
2 124
1 1093
2 990
2 64
1 636
1 966
2 691
2 1479
2 835
1 636
1 48
1 160
2 513
2 1453
1 801
1 16
2 1203
2 692
1 546
2 459
1 1326
2 1092
1 1211
2 1315
2 942
2 247
2 1024
1 832
2 1110
2 917
1 563
2 848
1 493
1 476
2 732
2 296
2 608
2 1060
2 359
1 382
2 483
1 315
2 1418
2 191
2 650
2 384
2 54
1 1495
1 486
2 1186
2 348
2 11
2 1325
2 956
1 563
2 1342
2 788
1 229
1 1350
2 292
2 676
2 1173
1 238
2 1431
1 1418
1 443
1 1494
1 498
2 851
1 1344
2 1478
1 1410
2 1479
1 412
1 1192
2 1446
2 410
1 1234
1 825
2 42
1 323
1 870
1 445
1 34
1 677
1 396
1 1128
1 1398
1 138
2 1538
2 153
1 806
1 1196
1 1142
1 978
1 551
1 156
1 478
1 1207
1 151
2 1004
2 1221
2 1087
1 849
1 1255
2 1043
1 1218
2 406
1 1485
1 84
2 1014
1 1388
1 537
2 369
2 1338
2 378
2 718
2 1314
2 1501
1 1161
1 610
2 1549
1 475
2 947
1 744
1 584
2 49
1 552
1 307
2 76
1 1333
2 961
1 1064
2 1180
1 1508
2 456
1 1401
1 623
2 310
1 1139
2 1516
2 912
1 193
1 578
1 55
2 749
1 71
1 441
1 1466
1 835
2 676
1 195
2 681
2 738
1 1426
1 1094
1 1008
2 464
1 731
2 899
1 533
1 806
1 868
2 401
2 1000
2 108
1 989
1 1441
1 221
2 1165
1 1400
2 429
1 657
2 1067
1 224
2 168
1 1474
1 43
1 1320
2 766
1 916
1 764
2 1269
2 1498
1 609
1 1337
1 293
2 558
1 458
2 885
2 1208
1 614
2 653
2 1383
2 898
1 1442
2 1149
1 683
1 1330
2 801
2 958
1 170
2 1272
2 1167
2 858
1 1332
2 1192
1 1465
2 7
1 46
1 726
2 508
1 988
1 600
1 321
2 312
1 559
2 1260
1 1467
2 290
2 586
1 985
1 441
2 1525
1 922
2 1539
2 678
2 720
2 133
2 1098
1 883
2 639
2 164
1 234
1 271
1 339
1 542
1 1092
1 125
1 843
2 1343
1 31
1 378
1 722
1 373
2 1262
1 1031
2 1323
2 775
2 397
1 468
1 569
2 1038
2 1238
2 954
1 812
1 151
2 285
2 908
1 1465
2 1409
2 51
1 728
1 739
2 293
2 1457
1 473
2 196
1 414
2 1507
1 777
2 205
1 314
1 1137
2 41
1 1459
2 335
2 960
1 415
1 669
1 601
2 1403
2 760
1 663
2 1030
1 1102
1 416
2 432
2 1358
2 1099
1 807
2 883
2 791
1 727
1 573
1 109
2 345
2 144
1 1256
1 1437
2 638
1 1083
2 86
1 506
1 527
1 1527
2 17
1 1461
2 94
1 1151
2 1155
1 436
2 50
2 1193
2 267
1 1005
2 424
2 884
1 361
1 1154
2 1363
2 1065
1 668
2 1251
1 1524
2 484
1 671
1 688
1 597
2 1122
2 908
1 1246
2 617
2 490
1 354
2 927
2 1168
2 1183
1 1193
2 836
2 294
2 1181
2 221
1 1508
2 126
2 1053
1 929
2 1429
2 1138
2 862
1 82
1 659
1 1520
1 918
2 658
1 1487
1 1390
1 300
2 977
2 284
2 168
1 1216
1 518
1 1180
2 635
1 489
2 951
2 1398
1 592
2 645
2 129
1 1309
2 492
2 1154
2 947
2 506
2 281
1 1503
1 1072
2 107
2 1096
2 1444
2 1500
1 693
2 968
2 1486
2 697
1 1453
1 1109
1 958
2 1304
2 187
2 323
1 728
1 57
1 15
1 202
1 1002
1 179
1 104
1 886
1 476
1 517
2 579
1 875
1 188
2 1134
1 241
2 333
2 91
2 484
2 173
1 1129
2 933
2 134
1 1439
2 605
1 105
2 760
1 1507
1 1113
2 1356
2 885
2 1041
1 320
2 1305
2 1174
1 229
1 171
2 238
1 1505
1 236
1 30
1 1320
2 154
2 584
1 888
1 1329
2 283
1 1022
2 302
2 1096
1 1061
2 838
1 1044
1 640
1 96
2 223
2 36
2 511
2 1209
1 497
1 329
2 1292
1 465
2 1411
1 1523
2 1297
2 543
1 1541
1 302
2 334
1 1414
1 631
1 1146
2 1436
2 1048
1 1342
1 155
1 698
1 1463
1 661
2 306
1 347
2 491
2 421
2 759
1 127
2 324
1 451
2 733
1 831
2 1261
2 216
2 1144
1 915
1 145
1 1254
2 1149
2 330
2 1135
2 332
2 1456
1 710
2 928
1 1529
2 1030
2 1009
2 1270
2 1163
1 367
2 974
1 1160
2 575
2 214
2 1417
2 1162
2 328
1 720
2 246
1 965
2 1542
2 634
2 10
1 560
1 1470
1 1361
2 1347
2 1124
1 1291
1 121
1 781
2 1328
1 90
1 1035
1 1394
1 215
2 284
2 304
1 650
2 388
1 690
2 1326
2 1451
2 783
2 532
2 1065
2 1352
2 493
1 782
2 1098
2 1452
1 785
2 395
1 1517
2 374
1 1301
1 1022
1 1377
2 658
2 1396
1 793
1 1153
2 721
1 767
2 567
1 1125
2 583
1 1150
1 827
1 922
2 254
1 390
1 1124
2 588
1 1412
1 1194
2 953
1 1502
2 1120
2 913
1 1482
1 627
1 1197
1 808
2 1066
1 700
1 570
1 27
2 1515
1 1403
1 1147
2 1521
1 523
1 531
2 380
2 363
2 1330
1 1445
1 614
2 1417
1 698
1 337
1 192
2 699
1 489
2 402
2 938
1 1449
1 92
1 629
2 1162
1 1105
2 325
1 1198
2 1370
1 742
1 117
1 1277
2 845
2 24
2 67
2 613
1 379
1 116
1 696
2 31
2 984
2 3
2 665
1 445
1 1386
2 714
1 1393
1 1343
2 318
1 718
2 1175
2 1186
1 809
1 887
1 692
2 547
2 1510
1 452
2 1027
2 257
1 859
1 867
1 857
1 1458
2 896
1 1541
1 1385
2 42
1 580
2 910
1 1327
2 961
2 1069
1 1118
1 364
2 327
2 716
1 519
2 91
2 383
1 1062
2 1505
2 849
2 566
1 1520
1 1247
1 864
2 358
1 1274
1 233
2 71
2 500
1 244
2 711
2 299
2 633
2 605
1 1233
1 280
1 554
2 554
1 1477
1 1460
2 413
1 553
1 1107
1 1150
2 881
1 592
2 186
2 1079
2 1240
1 536
2 666
1 946
2 1338
2 1103
2 1502
2 298
2 465
2 515
2 955
1 1278
1 1159
2 784
2 166
2 1141
2 1351
2 703
2 115
2 420
2 345
1 1401
1 726
2 1273
2 1231
2 1121
2 893
2 13
1 1276
1 1526
1 163
1 963
1 952
2 809
1 761
2 627
2 259
2 377
1 517
1 1497
2 1375
1 1247
1 1423
1 930
2 38
1 544
2 1232
2 79
2 1245
2 617
2 994
2 929
2 1214
1 695
1 529
2 534
2 1072
1 740
2 1003
1 610
1 319
2 24
2 1489
2 510
1 1077
2 400
1 218
1 174
2 639
2 387
2 980
2 912
2 427
2 305
2 1222
1 1185
1 1252
2 832
2 1526
1 277
1 854
1 1543
2 785
2 745
2 994
2 754
1 1220
1 1069
2 207
1 1433
1 53
1 952
2 296
2 464
1 822
1 213
1 571
1 1285
1 1499
1 487
2 935
1 265
2 1434
2 1293
2 408
2 461
2 188
1 746
2 1007
1 1336
1 105
2 1063
2 249
2 967
1 997
1 1263
2 891
2 937
1 858
1 219
2 1100
1 249
1 1420
1 285
2 971
2 357
2 504
1 799
1 1078
2 593
2 1007
1 269
1 857
1 758
2 329
1 826
1 1039
1 762
1 155
2 710
1 422
2 294
1 724
2 259
2 1372
2 747
2 869
1 1447
2 1051
2 411
2 1382
2 673
1 434
1 524
2 1271
1 290
1 834
2 87
1 405
1 157
1 93
2 404
2 178
1 702
1 1127
2 231
2 199
2 670
2 1314
2 1294
2 474
2 337
1 133
1 1366
1 1451
1 1348
1 271
2 1025
2 1287
1 1224
2 803
1 83
1 1052
1 655
2 1391
1 695
1 514
1 479
2 571
2 490
2 555
2 1140
2 1023
1 939
2 1250
1 435
1 211
1 622
2 1103
2 1421
1 258
1 1201
2 132
2 1177
2 1138
2 59
1 1511
1 753
2 1431
2 722
2 549
1 744
1 404
1 926
2 217
1 169
1 568
2 406
1 697
1 959
2 910
2 377
2 648
1 927
2 469
1 224
1 1261
2 306
1 603
2 838
2 1196
1 1027
1 150
2 770
1 1382
2 1259
1 99
1 381
2 1018
1 1091
1 936
1 936
2 1195
2 1238
1 1286
1 1163
1 287
1 1028
1 362
2 190
1 805
2 841
1 1536
1 289
2 1441
2 1519
2 51
2 1056
2 765
1 869
2 311
2 759
1 344
2 599
1 1230
1 1447
1 824
1 203
1 589
1 187
2 1379
2 557
1 712
1 483
2 1063
1 983
2 423
1 889
2 1353
1 1066
2 385
2 727
1 828
2 1231
1 572
1 448
2 184
2 301
1 1363
1 853
2 944
2 1532
2 941
2 897
2 902
2 732
2 687
2 1225
2 13
2 918
1 392
2 140
1 275
1 1389
1 598
1 1137
2 792
1 1331
2 1015
1 508
2 515
1 181
2 488
2 130
2 1506
2 1351
1 1074
2 1317
1 750
1 1172
2 482
2 1171
2 730
2 501
1 973
1 629
1 1383
2 1045
1 786
1 891
1 112
1 972
1 1182
1 334
2 455
1 612
1 204
1 1512
1 923
2 923
1 1016
2 388
2 1385
1 1258
2 3
2 1239
1 1170
1 1068
2 70
2 1002
2 1093
2 631
1 1262
2 926
1 968
2 398
2 1090
1 1139
1 604
2 826
2 924
2 1191
2 307
1 424
1 162
1 1395
2 977
1 1455
2 712
1 23
2 510
1 867
2 96
2 209
2 588
1 880
1 383
2 1516
1 1289
2 960
1 1080
1 1029
1 110
2 25
2 1360
1 111
1 901
1 789
1 197
1 628
1 1389
1 1169
1 1095
2 842
1 1199
1 644
1 473
2 1101
1 594
1 1053
2 512
1 1020
2 763
2 367
2 860
1 1405
1 980
1 362
2 516
2 1484
1 17
1 581
1 1123
1 847
2 539
1 1021
1 159
2 315
1 66
1 1110
2 1349
2 755
2 523
1 821
1 1272
2 945
1 651
1 1322
1 335
1 34
1 1040
2 902
1 1036
2 1282
2 23
2 649
2 843
1 1083
1 548
1 136
1 1495
1 1144
1 776
2 485
1 100
1 299
1 359
2 342
2 1125
1 261
1 538
1 1004
1 752
2 428
1 1362
2 979
1 1404
1 1302
2 1129
1 1349
1 1380
2 1257
1 1368
1 763
1 1425
2 663
1 1492
1 274
1 797
2 1237
2 1252
1 1313
1 1025
2 972
2 230
1 1189
1 1355
1 949
1 531
1 226
2 262
2 308
1 1496
1 1187
1 350
2 868
1 1304
1 750
1 69
2 1548
1 1143
2 487
2 131
1 780
2 1010
2 794
1 452
1 1503
1 1011
1 1028
2 219
1 83
2 163
1 1087
2 184
2 463
1 657
1 56
