3600 5500
2 303
1 1566
2 1470
2 1238
2 398
1 1563
1 271
1 771
2 1467
2 776
1 1148
2 578
2 47
1 514
2 230
2 742
2 91
1 1266
2 1544
2 1773
1 783
1 1529
2 1133
2 1440
1 1557
1 608
1 68
1 1732
2 1407
2 1059
1 789
2 1389
1 595
1 638
1 654
1 1589
1 1547
1 1422
2 83
2 1388
1 343
1 1527
1 862
2 988
1 1123
1 1739
2 123
2 766
2 976
2 1039
2 306
2 556
2 944
2 1516
1 1263
2 900
2 243
2 850
2 992
1 948
1 1686
2 815
1 1146
2 1181
2 80
2 560
1 644
2 1484
1 1166
2 408
2 905
2 127
1 94
1 1126
2 1417
2 1776
1 1563
1 589
1 1205
2 719
1 1469
2 736
1 1525
1 1499
2 43
2 1785
2 321
1 1217
2 1077
2 94
2 753
2 1787
2 252
2 1609
1 422
2 724
1 1094
2 1452
2 54
1 1309
1 1238
2 1542
2 546
1 1069
2 73
2 967
1 1139
2 1405
1 267
1 1550
1 517
2 1083
1 403
1 316
1 1247
1 9
2 369
2 65
2 522
1 357
1 780
1 1096
1 1338
2 299
1 779
2 1480
1 1159
1 133
1 1327
1 993
2 801
1 310
2 1079
1 1143
2 74
2 1536
2 1689
1 210
1 1639
2 324
2 333
2 419
1 682
2 1773
2 1357
1 1305
1 672
2 1654
1 141
1 1633
1 103
1 802
2 420
1 542
2 1314
1 1596
1 306
2 1075
1 866
2 1472
1 1717
1 1561
2 851
1 1439
2 1360
2 1004
2 15
1 1686
1 1735
2 1378
1 1091
2 730
1 259
1 985
2 257
1 953
2 1763
2 802
2 635
1 1233
2 598
2 247
1 1399
1 1504
2 845
2 879
1 1129
1 1242
1 329
2 660
2 681
2 1600
2 570
1 1344
1 793
2 910
1 594
2 844
2 884
2 1573
2 140
1 366
1 1774
1 856
1 1300
2 882
2 486
1 658
1 164
2 1293
2 1430
1 1647
1 1685
2 308
1 1465
2 150
2 8
1 1049
2 323
1 53
1 929
2 71
2 481
2 1040
1 1323
2 1210
2 296
1 808
2 501
2 17
2 23
1 1023
1 954
2 893
2 1335
1 1777
2 322
2 407
2 743
1 757
1 727
1 87
1 1013
1 538
1 1758
2 768
2 1741
2 488
2 1486
1 1463
2 1021
1 833
2 1005
1 429
1 918
2 1355
2 140
1 620
1 221
2 1165
2 1258
1 1240
2 1033
2 1507
1 1586
2 1595
2 1640
1 480
1 1745
1 545
1 451
1 375
1 1691
1 848
1 130
1 859
2 80
2 1346
2 984
1 1368
2 1577
2 836
2 134
1 992
2 195
2 145
1 480
1 541
2 466
1 1462
1 1448
1 272
2 950
2 983
1 916
1 185
1 761
1 681
2 1713
2 129
1 101
1 898
1 510
1 1122
1 561
2 989
1 1731
2 1268
2 739
2 1505
2 392
2 1326
2 1190
1 703
2 383
2 1754
1 982
1 668
1 1414
2 1252
1 1528
1 1160
2 509
2 213
2 518
2 711
1 229
2 582
1 421
1 1315
2 698
1 1136
2 327
1 1572
1 569
1 820
1 813
1 1622
2 333
2 393
2 1281
2 209
2 818
1 1618
1 1796
2 1391
1 1626
2 307
2 1569
2 672
2 1172
2 198
1 1536
2 603
2 1316
1 782
2 1577
1 974
1 1576
2 1762
2 537
1 630
2 1503
2 854
1 1688
1 1355
2 298
2 1622
1 487
2 1798
2 74
1 774
1 112
2 1485
2 1512
1 571
2 1313
2 1635
1 1167
1 490
2 1680
2 17
2 1483
1 1615
1 1449
2 1584
1 1184
1 1555
2 713
1 691
1 483
2 354
1 830
2 919
2 1656
2 1451
2 998
1 340
1 184
1 386
2 1269
1 895
1 1232
1 1255
1 117
1 1320
1 552
1 108
2 1762
1 192
1 1014
2 241
1 1140
1 292
2 1302
2 342
2 817
2 1615
2 123
2 404
2 650
2 15
2 967
2 1414
1 1530
2 148
1 1654
1 297
1 1636
1 888
1 1177
1 18
2 840
2 1303
2 171
1 515
1 1571
1 749
2 728
2 49
1 534
2 669
2 1728
2 1800
1 1175
2 978
1 641
1 489
1 900
1 675
2 1262
1 925
1 725
1 1541
1 956
2 1026
1 1013
2 1525
1 923
1 340
2 645
2 904
1 677
1 395
2 1174
2 339
1 1655
2 909
2 743
2 1659
2 1669
1 1060
2 1106
2 1772
1 1698
2 492
2 149
1 1337
2 237
2 1518
1 5
1 1499
2 1435
2 478
2 229
1 20
1 690
1 284
2 419
1 1151
1 107
2 350
2 86
1 281
1 1413
2 391
2 568
1 242
2 218
2 818
2 1088
2 336
1 899
2 1757
2 1703
1 111
2 1073
2 824
2 1797
2 1084
1 125
1 249
2 545
2 38
2 504
2 863
1 1179
1 1363
2 1651
2 1653
1 174
1 655
1 395
2 286
1 455
2 588
2 810
1 889
2 1611
1 1506
1 45
2 750
1 399
1 1450
2 1089
1 1025
1 1483
1 233
2 1037
2 110
2 1578
1 1376
2 869
2 1751
2 1589
2 807
2 157
2 1724
1 687
1 1157
1 230
2 678
1 1255
1 1754
1 105
2 121
1 1326
1 1394
1 964
1 1664
2 911
1 530
1 531
2 985
1 1673
2 891
2 1690
1 1000
2 1406
1 861
1 1514
1 389
2 1575
1 48
2 414
2 894
2 647
2 1377
2 1245
1 728
2 801
2 392
1 430
2 1050
1 1064
2 97
1 358
2 332
1 875
1 384
2 192
2 1793
1 195
2 33
1 1220
1 650
1 1547
2 1171
2 3
1 1123
2 1720
2 470
1 1524
2 609
1 168
1 498
2 676
2 1645
1 1668
2 1176
1 702
2 1041
2 1268
2 1704
2 258
2 1343
1 1617
2 600
1 639
2 492
1 1393
1 490
1 87
1 1570
1 345
1 1150
1 1182
2 1204
2 1317
1 849
2 853
2 443
2 920
2 1113
1 1579
2 1770
2 1598
2 1463
2 529
1 222
2 223
1 47
2 19
1 938
2 930
1 1606
1 237
2 715
2 784
2 1548
2 1031
2 1067
2 190
1 1277
2 1173
1 1551
2 1756
2 517
2 426
2 1215
1 1405
2 1479
1 990
1 1632
2 679
2 1231
1 1530
1 1267
1 381
1 1411
1 564
2 1143
1 1316
2 449
2 680
2 379
2 725
2 18
2 425
2 1479
1 361
1 76
2 351
1 708
1 337
1 144
2 426
1 1212
1 717
2 726
2 1707
2 811
2 1590
1 1766
1 868
2 775
2 787
2 456
1 428
2 1629
2 797
2 376
2 770
1 82
2 23
1 631
2 1165
2 265
2 751
1 1408
2 825
2 1705
2 1350
2 1612
1 889
2 1275
2 1511
2 460
1 699
1 1670
1 1061
2 1200
1 1208
2 1352
2 787
2 1746
1 555
1 746
2 1352
2 51
2 127
2 548
1 1710
1 1446
2 1132
1 293
2 1553
1 1386
1 834
2 972
1 560
1 1726
2 1199
1 1740
1 1027
1 1461
2 495
2 1567
2 474
2 242
1 353
2 1014
1 896
2 587
1 1127
2 670
2 783
1 1156
2 933
1 800
1 390
2 232
2 993
2 1700
1 449
1 643
2 838
1 677
2 1638
2 418
2 1345
1 705
1 527
1 665
1 912
2 709
1 438
2 1672
1 1495
1 1124
1 44
2 169
1 371
2 446
2 520
1 1627
2 1452
1 604
2 412
1 420
2 755
1 1361
1 1375
1 1670
2 1663
2 1332
2 778
1 1504
2 1028
1 1329
1 877
1 1719
2 1054
1 1546
2 126
2 1645
2 939
1 1364
2 652
2 519
1 1700
1 1713
1 114
2 291
1 48
2 714
2 942
1 649
1 1344
1 1421
1 1117
2 128
1 290
2 1314
1 1471
2 1288
1 1179
2 970
2 1327
2 1366
1 962
1 1299
2 720
2 935
1 25
1 231
2 1066
2 136
1 508
2 24
1 1748
1 1059
2 433
1 991
1 1068
1 748
1 657
1 1412
2 1752
2 179
1 203
2 587
1 1522
2 1007
2 617
2 881
2 687
2 858
1 1793
1 803
2 1362
1 484
1 266
2 1792
2 1385
1 239
2 746
1 1600
2 827
2 755
2 155
2 1244
1 170
1 91
1 253
2 244
2 432
2 701
1 359
2 1749
1 892
1 1789
2 42
2 1627
1 887
1 608
2 1216
1 791
1 435
1 335
1 1737
2 732
1 224
2 105
2 485
1 765
2 794
1 1780
1 1036
1 1114
1 1052
1 116
1 1144
1 268
1 905
2 1755
2 303
1 1047
2 304
1 119
2 969
2 1715
2 388
2 770
1 55
1 281
1 448
1 813
1 1067
1 548
1 1646
1 1321
2 839
2 1444
1 828
2 1379
2 1392
2 643
2 566
1 1468
2 1552
1 1426
1 197
1 1779
1 863
2 1077
2 1555
2 1100
2 782
2 1078
2 1424
2 478
2 821
2 556
2 1726
2 983
2 885
2 72
2 474
2 240
1 1482
2 1271
2 187
2 1492
2 411
1 1679
2 949
1 435
1 866
2 385
2 891
2 1792
2 961
2 977
2 673
2 447
2 1351
2 839
1 1678
2 1237
2 50
2 326
1 1383
1 1369
2 1607
1 574
2 1114
2 1515
1 177
2 387
2 1279
1 90
1 1703
1 752
2 1343
2 1331
2 1168
1 166
2 1080
2 1210
1 925
1 1020
1 661
1 706
1 844
1 1169
1 499
1 1639
1 1062
1 1249
1 942
2 668
2 1466
1 1655
1 949
2 1457
2 1295
1 1105
2 846
2 1223
2 1492
2 344
1 1637
2 1331
1 913
2 1445
2 872
1 1219
2 1280
1 205
1 637
1 982
2 907
2 567
2 1003
1 1620
2 569
1 1606
1 185
2 1562
1 1743
2 882
1 875
2 1010
1 523
2 429
2 1728
2 38
2 542
2 1738
2 1135
2 173
2 461
2 2
2 965
1 575
1 1203
1 897
1 1677
1 391
2 621
1 77
1 599
2 1564
2 1292
2 618
2 53
2 901
2 957
1 1313
2 252
1 936
2 1550
1 390
1 1334
1 277
1 1015
2 322
2 1616
2 451
2 759
2 67
2 1800
1 852
1 462
2 766
2 1620
2 1549
2 772
2 577
2 163
1 952
2 1456
2 1126
2 471
2 1093
1 960
1 685
1 441
2 1003
2 400
2 181
1 1607
1 748
2 535
1 614
2 1151
1 1269
2 85
2 228
1 842
1 804
2 562
2 299
2 500
2 540
2 1351
1 888
1 302
2 1623
1 769
1 200
1 153
2 1609
1 1099
2 848
1 254
2 722
1 1721
1 1330
2 1045
2 154
2 329
2 1430
2 1130
2 872
1 434
2 915
1 1280
1 456
1 1420
1 1241
1 401
2 1230
1 1586
1 684
2 1634
1 1400
1 1624
1 597
2 1098
2 794
2 860
1 1318
2 915
2 602
1 66
2 327
2 931
1 1556
2 893
1 37
2 1015
2 1349
2 156
1 811
1 1675
2 1189
1 1144
1 1270
1 1443
1 1153
1 1614
2 335
1 1221
1 1164
1 98
2 1789
2 377
1 1206
2 957
2 1684
1 861
1 1436
1 1094
1 1256
1 514
2 1480
2 1260
2 401
2 109
1 821
2 454
1 1337
1 46
2 1422
1 360
1 1002
2 645
1 415
1 362
2 568
2 689
1 903
1 1387
2 1124
1 977
2 1223
1 1075
2 339
2 1097
2 1673
2 712
1 750
1 571
1 1071
2 13
2 1115
1 1401
2 51
1 1026
2 271
1 311
2 1454
2 160
1 1319
1 932
1 1340
2 86
2 1243
1 700
2 44
1 1749
1 676
1 399
2 1053
1 531
2 1505
2 954
2 411
2 741
1 817
2 1519
1 482
1 1736
1 32
2 1693
2 823
2 1184
2 1291
2 734
1 959
2 10
1 1323
2 467
1 586
2 21
1 963
2 1691
1 368
2 1022
2 1721
2 1476
2 1176
2 1096
1 1273
1 1118
2 832
1 1561
2 1486
2 178
2 16
1 945
1 310
1 1382
1 131
1 695
2 1283
1 1082
1 410
1 1503
2 1324
1 649
2 627
1 24
1 1532
2 1224
1 14
1 274
2 537
1 1117
1 1342
1 926
1 476
1 308
2 39
2 686
2 916
1 544
1 220
2 921
2 266
1 1750
1 804
2 624
2 788
2 1759
1 311
1 437
1 1554
1 1100
2 107
2 1443
1 1164
2 1778
1 1367
2 1041
1 1294
2 610
2 1572
1 958
1 1278
1 509
2 458
1 1065
2 1212
1 1275
2 1539
1 300
1 625
2 217
2 1456
2 1649
2 172
2 990
1 345
2 1757
1 1608
2 1585
2 248
1 1215
1 1408
2 615
1 394
2 1273
1 1571
2 1285
1 1290
1 226
1 1001
2 369
2 1723
2 784
1 1671
1 557
1 36
2 1587
1 1705
1 464
2 1254
2 383
1 62
2 360
2 1006
1 1574
1 1137
2 718
1 115
1 364
2 862
1 1685
2 332
2 1650
1 1500
1 1540
1 1674
1 301
1 319
1 1154
2 233
2 1086
2 1065
2 499
2 1702
1 749
1 997
1 1358
1 164
1 282
1 947
2 75
2 928
2 1186
1 854
2 188
2 1035
2 317
2 1520
2 1001
2 405
1 144
1 1535
2 1794
2 1339
2 1406
2 265
1 236
1 1537
1 1692
2 255
2 450
2 665
2 348
2 182
2 125
1 1103
1 865
1 1453
2 225
1 146
1 1719
2 1384
1 999
1 901
2 1220
1 1047
1 625
2 1325
1 193
2 1447
2 1236
1 1699
2 1432
1 524
2 1125
1 832
1 1675
1 822
1 1058
1 596
2 870
2 246
1 1381
1 1009
2 805
2 1070
2 1628
1 1333
2 445
1 245
1 950
1 1006
2 1788
1 1076
2 651
1 781
2 590
2 1508
1 730
1 771
1 323
1 1040
2 330
2 365
1 1009
1 1092
1 7
1 228
1 1297
2 1404
1 1341
2 550
2 559
2 147
2 917
2 616
1 412
2 1526
1 857
2 1365
1 472
2 500
2 648
1 773
2 1441
1 421
2 519
2 124
2 1078
1 1462
1 277
2 1701
1 180
1 178
1 203
1 468
1 1695
2 1558
2 628
1 1434
2 1147
2 816
2 1301
1 223
2 81
1 212
1 581
1 1598
2 1570
2 62
1 1111
2 827
1 1714
1 1613
1 234
2 491
2 518
2 874
2 924
1 981
2 289
2 30
2 603
2 791
2 454
2 298
2 5
2 1445
1 809
2 605
1 1657
2 152
1 592
2 1137
1 849
1 1575
2 1289
2 1239
1 1315
1 958
2 473
1 1370
2 1310
1 1475
2 1306
1 1322
1 489
2 855
2 772
2 1768
1 1676
1 325
2 614
2 83
2 657
2 858
2 168
2 731
2 1797
1 502
1 501
1 1652
2 1489
1 1702
2 584
1 851
2 1054
2 592
1 292
2 1709
1 1696
1 403
2 994
2 544
1 1080
2 213
1 1242
2 1396
1 110
1 1364
2 1585
2 157
2 758
1 873
1 600
1 1211
1 1354
1 1130
1 536
2 1574
1 1592
1 1286
2 1382
2 1128
1 1287
2 936
2 651
1 1554
1 961
2 972
1 453
1 948
1 975
1 1722
2 655
2 727
2 312
2 976
1 890
1 1373
1 820
1 914
1 1638
1 1010
1 1050
2 823
2 814
2 342
2 1380
2 1264
1 602
1 1428
2 1390
2 1468
1 1755
2 1372
1 1418
1 1046
1 930
1 1079
2 1339
2 216
1 1296
1 777
1 385
1 543
2 886
2 239
2 1325
2 1588
1 540
2 469
2 922
2 473
1 302
2 211
1 1350
2 895
2 1120
1 1156
1 594
2 1566
1 1120
2 773
1 212
2 466
1 170
2 1534
1 1092
2 632
1 1707
1 1019
2 186
2 273
2 263
2 318
1 1514
1 909
1 1416
2 462
2 1604
1 1725
1 1022
2 536
1 305
1 803
2 927
2 1307
2 194
2 41
2 1155
2 60
1 856
1 906
2 122
2 1250
1 254
1 1271
2 1227
1 275
1 1152
2 112
2 126
1 779
2 503
1 775
2 1399
2 613
1 1706
1 884
2 172
1 1141
2 1516
1 338
1 1502
1 305
1 61
2 1333
2 904
2 986
2 256
1 1532
2 758
2 1194
1 1357
1 688
1 384
2 1177
2 585
2 1756
1 396
1 260
1 711
2 528
1 1021
1 738
1 139
1 293
1 1330
1 1251
1 1438
2 996
1 187
1 932
2 461
2 1258
1 119
2 626
1 539
2 285
1 1192
2 496
1 1063
2 248
1 1742
2 526
2 1559
2 1336
1 868
2 617
2 378
2 799
2 1131
2 1478
2 1603
2 443
1 1490
2 1407
2 1711
2 52
1 524
1 515
1 723
2 344
1 599
2 1784
2 350
2 387
1 111
2 1196
1 996
1 148
2 1324
2 1299
1 149
1 737
1 1055
2 523
1 347
1 671
2 673
1 452
2 264
1 1513
1 1370
1 240
2 663
2 1180
2 469
1 57
2 918
2 662
2 1632
2 64
2 1061
2 1423
2 1549
2 1121
1 1794
1 847
2 73
1 1294
2 407
1 644
1 1461
2 549
1 341
2 1781
1 910
1 1302
1 355
2 1425
1 574
1 1470
2 368
2 596
2 1426
2 1198
1 1145
1 1496
1 280
1 546
1 1473
1 1180
1 1714
1 679
2 966
1 343
2 953
2 1783
2 1440
2 1235
2 1393
1 1727
2 1771
1 1246
2 95
1 744
1 1142
1 1311
2 1711
2 1134
1 873
2 975
2 158
2 1681
2 938
2 481
1 980
1 363
1 1640
1 1778
1 722
1 1090
1 65
1 210
1 927
1 792
1 1616
2 169
2 836
2 1533
2 1102
1 583
1 370
2 852
1 786
2 1460
2 21
1 973
2 1541
2 1004
1 1122
1 1683
2 920
2 160
2 834
1 1729
1 273
1 1334
1 581
1 100
1 941
2 723
1 12
2 1648
2 103
1 159
2 1110
1 1187
2 1671
2 1202
1 1415
2 1528
1 785
1 726
2 1564
1 1734
1 208
2 101
1 96
1 1027
2 315
1 1132
2 563
1 251
1 707
2 693
1 1760
1 864
1 1716
1 1411
1 767
1 139
2 913
1 595
2 573
1 981
1 1603
2 516
2 1548
2 792
1 12
1 147
2 1509
1 1500
2 733
1 321
2 113
2 1747
1 543
2 1287
2 1591
1 1739
2 1199
1 196
2 601
2 729
2 1229
2 427
2 1336
1 1383
2 246
1 42
2 415
1 1533
2 106
1 1112
1 81
2 894
1 902
2 1795
1 393
2 1476
2 1745
2 215
2 346
1 1293
1 1509
1 1174
2 906
2 219
1 1459
1 201
2 1193
1 457
2 512
2 532
2 699
2 37
1 1567
2 129
1 1381
2 874
1 1438
2 934
2 1086
2 450
2 145
2 99
1 1543
1 756
1 933
2 835
2 276
2 757
2 1427
1 752
2 1232
2 109
1 31
1 288
2 1158
2 634
1 294
2 1073
1 59
1 1191
1 1551
1 1748
1 1209
1 1743
1 1286
2 1458
1 1752
1 274
2 1358
1 1398
1 29
1 876
2 1599
2 1300
1 1402
2 814
2 1682
1 1657
1 1636
1 93
2 558
2 968
1 1435
2 365
1 1687
1 1084
1 116
2 1012
2 270
1 269
2 1508
2 314
2 624
2 713
2 612
1 354
2 867
2 361
2 880
2 175
1 290
1 532
2 1023
1 1795
2 565
2 1340
2 258
1 1235
1 1515
1 1071
2 1621
1 1222
2 1228
2 1081
1 372
2 1653
1 222
1 267
2 1195
1 1753
2 1218
1 98
2 892
2 732
1 167
1 1546
2 1121
1 692
1 1477
1 903
2 978
2 1623
1 1523
2 1605
2 582
2 470
2 295
1 1517
1 1672
1 1501
1 162
1 1506
1 1512
1 1784
1 1138
2 683
1 1392
1 14
1 917
1 1738
2 1630
1 199
1 704
2 613
1 189
1 1660
1 1308
1 689
2 428
2 67
2 482
1 809
1 1367
2 798
1 96
1 488
2 1494
2 747
2 256
1 1614
2 522
2 1681
2 448
2 162
1 790
1 825
1 1018
1 1610
2 806
2 171
1 1666
2 1658
2 1044
2 837
2 146
2 113
1 34
2 951
1 1328
1 995
1 555
1 1491
2 719
2 636
1 376
1 529
1 1338
1 549
1 165
1 1030
1 1740
2 191
2 1251
1 789
1 464
1 338
1 1741
1 829
1 29
2 438
2 530
1 1389
1 11
1 151
2 1281
1 1469
1 1460
1 1089
2 154
2 922
1 1312
1 6
1 1142
1 754
1 66
1 320
1 805
2 190
1 575
1 880
1 206
1 1348
2 1727
2 1511
2 619
1 1162
1 188
1 740
2 56
1 1321
2 745
2 828
1 1368
1 1421
1 1538
2 1668
1 1722
1 939
2 1016
2 824
1 1093
2 128
1 1385
2 1226
1 1029
2 130
1 1159
2 694
1 1226
1 737
1 1056
1 1453
1 1109
1 807
2 278
1 1534
2 580
1 698
1 1308
1 453
2 45
1 477
2 406
2 286
1 264
1 424
2 1371
2 1733
1 589
1 991
1 860
1 99
1 1662
1 1038
2 1185
2 1731
2 1231
2 830
1 974
2 1628
1 1631
1 364
1 1450
1 638
1 1775
1 911
2 1101
1 1720
1 1284
1 864
2 969
1 786
1 1172
1 640
1 754
2 1064
1 1102
2 1420
2 660
1 398
1 1712
2 278
1 1771
1 885
1 511
1 1475
2 137
1 1448
2 988
1 736
1 1437
2 1634
1 826
1 724
1 1090
1 1799
1 1057
2 59
1 1524
1 653
1 1428
1 553
2 386
1 1510
2 764
2 283
1 356
2 341
2 276
1 678
1 167
1 1
2 1560
1 1380
2 507
2 1601
1 1204
1 1425
1 1584
1 955
2 495
1 1221
1 371
1 1798
2 1203
2 502
1 142
1 1312
1 182
2 117
2 118
2 968
2 837
2 36
2 1197
2 84
1 270
1 605
2 132
2 846
2 629
1 598
1 440
2 1710
1 1291
2 397
2 764
1 1610
2 1234
2 720
1 319
2 328
1 1658
1 1017
2 373
2 1342
2 812
1 156
2 626
1 535
1 235
2 1464
1 134
1 409
1 309
2 897
1 1669
2 1644
1 479
1 1149
1 1378
2 1732
2 1359
1 1591
2 729
2 1283
2 937
2 1753
2 956
2 444
2 367
1 572
1 654
1 1576
2 1257
2 143
2 479
1 1135
2 1495
2 1404
1 1354
2 688
1 710
2 1348
2 1076
2 584
1 446
2 627
2 1583
1 1521
1 1288
2 234
1 606
1 209
2 179
2 216
2 1264
2 1115
2 1708
1 1034
1 1304
2 220
1 511
2 236
1 1241
2 604
2 970
1 986
2 1045
2 700
2 326
2 400
1 1519
1 1206
1 1482
2 1222
1 721
2 708
1 718
2 58
1 666
1 262
2 1403
2 1161
1 1667
1 1356
1 1039
2 1063
2 1366
1 1070
2 1282
2 734
1 331
2 186
2 611
2 1447
1 664
2 528
1 639
2 883
1 394
1 721
1 1245
1 1595
1 1605
2 1298
1 194
2 1513
1 1648
2 1240
2 1259
2 799
2 1451
1 908
2 503
2 739
1 940
1 95
2 1558
2 1069
1 1427
2 471
1 351
2 1594
2 1582
1 78
1 1643
1 136
2 1664
1 1098
1 1597
2 1119
1 1163
1 1709
1 810
2 1796
2 1704
1 1193
2 155
1 1431
2 902
1 25
2 457
1 1695
2 907
2 416
2 1544
2 1472
2 929
1 93
1 328
2 301
1 1474
2 633
1 1263
1 1531
2 762
1 1108
2 740
1 1568
2 4
2 1252
2 1588
1 442
1 1214
1 202
2 769
1 1266
1 245
1 159
2 1761
2 1642
1 1253
1 9
2 356
1 619
2 1613
2 1689
2 635
2 1694
1 1157
1 1687
1 1046
1 1496
1 1397
2 1667
2 1191
2 684
2 1292
1 106
2 606
2 513
2 579
1 440
1 541
1 337
2 829
1 413
1 1729
1 282
2 1246
1 658
2 1095
1 1219
2 881
2 1583
2 1106
1 1048
1 798
1 1431
2 349
1 533
2 971
1 994
2 100
1 1684
1 1769
1 796
1 57
2 612
1 54
1 417
1 923
2 795
2 325
2 336
1 712
2 1602
1 1674
1 35
1 1581
2 497
2 609
1 534
2 1139
1 1057
1 423
2 1128
1 180
1 347
2 1775
2 132
1 735
1 4
2 102
2 1523
2 701
2 1663
1 204
2 808
2 439
1 1261
1 1417
2 1651
2 206
2 262
2 1568
1 250
1 838
2 1455
2 563
1 1403
1 538
1 887
2 1353
2 1309
1 318
2 753
2 1458
2 1051
2 1104
2 566
2 353
1 656
2 1131
2 413
1 442
2 1782
2 1409
2 877
2 214
2 664
2 607
2 1175
1 843
1 379
2 380
1 22
2 987
1 374
1 58
1 1371
1 1611
1 611
1 357
1 1253
2 694
2 1011
2 751
1 416
2 926
1 682
1 946
1 984
2 444
1 1317
2 115
2 1272
1 1649
1 1699
2 1209
1 666
2 133
2 455
2 1298
1 1619
2 352
2 1249
2 761
1 1401
1 16
2 1787
1 1744
1 1535
2 871
2 1413
1 714
2 1056
1 1136
1 1776
1 1791
2 987
2 1213
2 1129
2 288
1 1398
2 1553
1 174
2 1101
1 865
1 516
2 1218
2 1181
1 738
2 621
2 63
2 914
1 547
1 615
1 1290
2 181
1 1016
2 1446
2 176
1 255
1 280
2 1189
1 623
1 1072
2 34
2 422
1 1303
2 1055
1 1224
1 896
1 1694
1 886
1 1228
2 458
1 850
2 642
2 1599
1 459
2 1454
2 959
2 1147
1 1779
2 826
1 1214
2 692
2 1282
2 296
1 410
1 253
2 1630
1 72
1 980
1 931
1 491
2 1356
2 1693
1 513
1 1374
2 425
1 1012
1 636
2 963
1 1332
1 1008
2 225
1 1243
2 1552
1 1439
2 989
1 388
2 1498
2 1295
2 869
1 40
2 1110
1 494
2 716
2 152
1 1718
1 760
1 1661
2 1030
2 1148
2 819
1 623
2 1322
1 153
1 1049
1 646
1 1279
1 1127
1 373
1 1375
2 418
1 1497
2 1560
2 1216
1 1637
1 1194
2 1502
2 28
1 1760
1 1433
2 521
2 1579
2 1155
1 1488
1 382
2 919
2 243
1 1625
1 241
1 120
2 485
1 525
1 1433
1 11
2 1518
1 1791
2 76
2 49
1 859
1 1374
2 142
2 1140
1 88
1 1170
2 158
2 1692
1 77
1 260
2 653
1 539
1 1730
2 475
1 1646
1 498
2 1442
2 1082
2 1488
2 745
1 102
2 1767
1 1631
2 628
2 962
2 1173
1 377
1 704
2 249
1 1396
1 855
2 947
2 104
1 1032
1 1053
2 1042
1 63
2 716
2 1708
1 1765
1 1259
2 776
1 756
1 1051
2 1044
2 445
2 204
2 275
2 1284
1 433
2 309
1 6
1 1182
2 1116
1 1244
2 121
1 876
1 512
2 313
2 707
1 31
2 476
2 285
2 1276
2 493
2 287
2 1397
1 424
2 1166
2 565
2 150
1 1619
1 879
2 196
2 767
2 586
1 1790
1 1066
2 1698
2 163
2 1188
1 646
1 238
1 663
1 570
2 8
2 1682
2 867
1 1031
2 1565
2 908
2 998
2 406
2 60
2 358
1 768
1 32
1 552
2 1467
1 1487
2 1746
1 41
1 526
1 1361
2 717
2 1751
2 1239
2 441
1 1042
2 797
2 1162
1 935
2 1254
1 912
2 349
1 1593
1 1359
1 200
1 135
2 1285
1 26
2 1310
1 1758
2 572
1 1087
1 1278
2 1477
2 1048
2 946
1 437
2 197
1 1234
1 662
1 1000
1 691
2 580
1 1419
2 705
1 1200
2 1712
2 1394
1 227
2 1386
2 857
1 634
1 1635
2 283
1 1578
2 1594
1 1529
2 257
2 1020
1 833
1 622
1 1248
1 1618
2 405
2 1043
1 1701
1 558
2 1733
1 1580
2 1107
2 819
1 208
2 375
2 1087
2 669
2 1471
1 550
1 463
1 1786
2 1410
1 22
2 1146
2 1320
2 224
2 1186
1 1735
2 629
1 459
1 943
2 878
2 247
1 934
2 82
1 964
1 1597
1 564
2 1205
2 1163
1 27
1 576
2 1626
1 279
1 1289
1 71
2 1498
2 268
1 141
1 1545
1 104
2 1556
1 1582
2 1008
2 173
2 1565
1 465
2 1723
1 1170
2 1230
1 431
1 1277
1 578
2 460
1 10
2 1095
1 1730
2 1621
1 1305
1 1062
2 1612
2 79
1 1429
2 84
2 496
1 630
1 554
1 1107
1 1601
2 709
1 1113
1 92
1 1052
1 1402
1 1724
1 1569
2 69
1 940
1 785
1 177
1 434
2 1593
2 1625
2 1641
2 731
2 871
1 417
2 1624
2 735
1 316
2 1474
1 1652
2 800
1 1007
1 1178
1 1099
1 423
1 1
1 686
1 632
1 747
2 622
1 610
1 507
2 760
1 1365
2 1642
2 1497
1 1116
1 294
1 1501
2 553
1 1168
1 1520
1 620
2 1081
2 1111
2 506
1 943
1 1019
1 217
1 647
1 484
2 1274
2 1262
1 161
1 952
1 202
1 1659
2 1335
2 1717
2 1250
2 1680
1 251
1 88
2 232
1 1236
2 1783
1 314
1 525
2 124
1 137
2 1677
2 1347
2 402
2 1766
1 89
2 979
2 1192
1 50
2 138
1 966
2 637
2 1208
1 269
2 1449
1 1491
1 1484
1 1104
2 616
1 1108
1 414
2 259
1 402
1 1750
2 1665
2 583
1 1034
2 591
2 304
1 1345
1 287
2 656
2 816
1 439
2 175
2 1736
2 330
2 135
2 1011
2 1319
2 1029
1 1185
1 1329
2 331
2 835
2 1418
1 244
2 1437
2 590
1 215
2 218
1 1780
1 313
2 1696
1 300
1 1531
2 184
1 1141
2 355
2 1764
2 20
1 1083
2 765
1 1697
2 690
2 788
1 176
1 1539
1 1074
2 1025
1 1188
2 382
1 1688
2 1390
2 261
1 1494
2 324
1 1328
2 1341
1 1769
1 1419
2 79
2 674
2 1557
1 1213
1 1035
2 577
2 742
1 64
2 1734
1 219
1 1033
2 1559
2 1058
2 1032
1 971
2 1225
2 1521
2 334
2 1217
1 1260
2 409
2 921
2 763
2 777
2 1786
1 806
1 945
2 812
1 1538
1 312
1 1187
1 659
2 831
2 506
1 3
2 633
2 1510
2 1423
2 404
2 999
1 114
2 362
1 1644
2 1233
1 497
1 618
2 601
1 28
1 1596
1 1782
2 367
1 648
1 468
1 1118
2 166
2 937
1 1768
1 261
2 1318
1 1190
1 1647
2 363
1 642
2 1360
2 432
2 1018
2 763
1 1424
2 1761
1 1154
1 431
1 847
2 675
1 494
2 46
1 567
1 1410
1 1248
1 1432
1 1391
2 505
1 547
2 1767
2 845
2 1676
2 1581
2 508
2 1229
2 1457
2 1507
1 1261
1 1183
2 396
1 733
2 597
2 1489
2 1133
1 1198
2 465
2 348
2 1256
2 366
1 1369
2 1434
1 521
2 1178
2 85
2 214
2 1415
2 263
1 1537
1 1455
1 1119
2 579
2 1526
2 1043
1 1068
1 1103
1 33
2 1683
2 397
1 652
1 352
2 1781
2 92
1 585
2 1372
2 1799
2 372
1 89
2 1306
1 576
2 427
2 1183
2 1441
2 1384
2 795
1 1697
2 744
1 551
1 1207
1 1362
1 1580
1 272
2 165
1 1725
1 279
2 878
1 674
2 381
2 1160
1 389
1 359
1 161
1 762
2 591
1 1517
1 1617
2 61
2 710
2 284
1 1297
2 1038
2 118
2 221
1 781
2 334
1 1785
2 561
1 68
1 527
1 1028
1 1167
2 1481
1 696
2 1395
2 380
1 1490
2 1715
1 533
2 1481
1 1060
1 941
2 1764
1 997
2 231
2 1706
2 1109
2 52
1 19
2 151
2 55
2 1153
1 671
2 436
1 924
1 211
2 138
2 1346
1 69
1 562
2 189
2 680
2 1353
2 883
1 1633
1 1444
1 715
1 928
2 661
1 1201
2 1747
1 1716
2 40
2 472
1 183
1 1690
2 831
2 1592
2 201
1 706
1 198
1 120
1 250
2 1138
1 1412
2 1196
2 1643
2 291
2 235
1 1590
2 870
2 1744
2 1774
2 1661
2 1604
1 1307
1 1304
1 227
1 1017
1 703
1 1112
2 475
1 670
1 697
1 408
2 1777
1 295
1 559
2 452
1 1072
1 1276
2 75
2 1487
2 842
1 27
1 315
1 841
2 487
2 1088
2 307
1 374
1 1543
1 1465
2 505
1 1545
2 1158
2 320
1 1247
2 1085
2 463
1 960
2 759
1 1395
2 26
1 554
1 1171
2 1765
1 504
1 1134
1 143
1 436
2 1527
1 520
1 70
2 346
2 1272
1 631
2 973
1 793
2 780
1 841
1 1349
2 1650
2 1161
2 297
1 1442
2 1207
2 951
1 1540
1 1149
2 1790
1 1270
2 2
2 1097
2 1195
1 995
2 1387
2 70
2 697
2 944
2 1608
1 1267
1 1152
1 1377
2 207
1 778
1 1074
1 97
2 790
1 741
1 1227
2 1237
2 205
2 35
1 1662
2 1257
1 551
2 1416
1 1602
2 890
1 510
2 193
2 191
2 430
1 702
2 1464
1 593
2 467
2 1024
1 640
1 899
2 607
2 1656
2 1522
1 1629
1 1666
2 683
1 30
2 1265
2 1400
1 1347
2 1641
1 667
2 1772
1 1036
1 1542
1 486
2 90
2 1718
1 1376
1 796
2 1265
1 1197
2 1770
2 979
1 1274
2 1388
1 1678
1 1105
2 477
1 226
1 199
1 1478
1 696
1 1493
2 1085
1 1759
1 207
1 39
2 588
2 1493
2 822
1 1788
2 965
2 667
2 238
1 483
2 693
1 1562
1 1742
2 1373
2 1002
1 1436
2 1660
2 1466
2 1125
1 122
1 378
1 1679
2 1201
2 13
2 1211
2 1763
1 840
2 685
2 183
1 1737
2 1363
1 56
1 573
1 853
1 641
2 1202
1 43
2 898
2 289
2 557
2 955
2 1587
2 370
1 1005
1 1296
1 1091
2 843
1 1150
1 1225
1 1311
2 1409
2 1037
1 1301
2 659
1 1024
1 7
1 774
2 1573
1 1473
1 1379
2 1485
1 1169
2 317
2 815
1 1459
2 593
1 1145
1 108
2 493
2 695
1 1429
1 447
1 1665
1 78
1 131
