3600 1500
2 267
2 704
2 1355
2 99
2 1187
1 936
2 472
1 1204
2 906
2 640
2 1611
1 977
2 650
2 887
1 781
2 267
1 991
2 1299
2 481
1 1003
1 1418
2 1628
1 643
1 677
2 682
2 519
2 1167
1 1620
1 1421
1 878
2 211
2 126
2 22
1 44
2 1469
1 808
2 172
2 123
2 247
1 924
2 1370
1 998
1 1508
2 741
2 758
2 1368
2 1799
1 1516
2 900
2 901
2 1618
2 215
2 129
2 1454
1 275
1 1735
2 1056
1 845
2 1053
2 520
1 1360
2 392
2 1571
2 1045
2 815
1 881
1 1598
1 1699
2 1648
1 1185
2 1509
1 271
1 214
1 824
2 1546
2 823
1 1626
2 295
2 541
2 163
2 1331
1 884
2 1007
2 64
1 582
2 1798
1 1735
2 583
1 1148
1 882
1 1569
1 507
1 1682
2 389
1 226
1 1255
2 113
2 1499
1 1045
1 188
1 798
2 474
1 1547
1 1123
2 28
2 974
1 1168
1 1372
1 1489
2 724
1 36
1 1096
1 682
2 369
2 1115
1 1038
2 683
1 420
2 862
2 115
1 156
2 771
1 567
2 1144
2 236
2 719
2 288
1 1511
2 707
2 1198
2 1079
2 827
1 1603
2 1134
1 427
1 1524
1 922
2 1166
1 524
2 744
2 749
2 1373
1 960
2 118
1 327
1 1528
2 1292
1 949
2 286
1 1655
1 1779
1 1453
1 1315
2 754
1 319
1 1157
2 610
1 732
2 13
1 119
2 558
2 1214
1 313
2 746
2 506
1 168
1 1399
1 213
1 803
2 552
2 1358
1 1061
1 816
2 1679
1 1188
1 1544
1 1069
2 1186
2 1206
2 382
2 796
2 496
1 194
1 1703
2 935
2 399
2 202
2 241
2 435
2 1515
1 1591
2 38
1 1097
2 316
2 1563
2 1435
1 861
2 1783
2 988
2 808
1 282
2 1750
1 428
1 270
1 1223
1 1203
2 81
2 1408
2 1302
1 140
2 193
1 468
1 1481
1 97
1 38
2 1181
1 896
2 987
2 1392
1 1395
2 1553
2 1423
2 1763
1 1687
2 571
2 761
2 1240
1 667
2 594
1 85
2 176
1 86
1 305
1 1118
1 1057
2 171
2 1623
1 1519
1 929
2 1320
1 952
2 1376
2 1007
1 763
1 1528
1 433
2 1622
1 801
1 1108
1 1000
2 1204
1 816
1 1285
2 705
1 106
2 883
1 795
1 975
1 1070
1 160
2 1540
2 685
1 345
2 46
2 1515
2 1752
2 439
2 180
2 628
1 621
1 1708
1 312
1 1545
1 382
2 725
2 1363
1 891
2 96
2 564
2 178
2 1
2 1289
2 147
1 1269
1 1047
1 681
1 181
2 1458
2 857
1 1480
2 1721
1 54
1 1768
1 485
1 976
2 1748
2 644
1 1145
2 1423
1 937
2 1005
2 1486
1 1354
2 1793
2 1491
2 378
2 1451
1 128
1 1076
1 1579
2 811
1 1397
1 592
1 579
1 807
1 355
1 1644
1 414
2 203
2 1030
1 1585
1 351
1 551
2 1386
2 302
2 224
2 1417
2 1663
1 600
2 1676
1 812
2 773
2 1271
2 1345
1 1796
2 197
2 1784
1 858
1 1527
1 1412
2 490
1 1211
1 113
2 961
1 818
1 531
2 518
1 578
1 1671
1 999
1 761
2 468
2 904
1 714
2 1639
2 1658
1 415
1 835
2 814
1 1633
1 1489
2 108
1 1640
1 968
2 941
2 1778
1 912
1 394
1 1343
2 274
2 1621
2 1156
2 63
1 697
2 1272
2 1315
1 1265
2 1715
2 698
2 422
1 1625
1 1088
2 1153
2 1454
1 598
1 1024
2 116
1 75
1 918
1 1138
1 1334
2 441
2 1361
2 1117
2 444
2 1340
1 1219
1 1100
2 1229
1 639
1 1479
1 624
2 55
1 471
1 257
2 1261
2 1326
1 1335
1 1555
1 415
1 103
1 1217
1 223
1 1112
1 852
1 336
2 1422
1 1399
1 789
2 391
2 1199
2 507
2 1740
1 516
2 768
1 979
2 697
2 1673
2 980
1 1744
2 1480
2 1051
1 1251
1 1359
1 228
1 1458
1 701
2 280
1 12
1 1063
2 1534
1 1005
1 150
2 79
2 57
2 1488
2 381
1 209
2 1061
1 539
1 460
1 208
1 1336
2 876
2 1100
1 722
1 1485
1 91
2 1672
1 264
2 717
1 1484
2 163
1 547
1 1236
2 1503
1 753
1 840
1 878
1 908
2 997
2 679
1 1116
2 509
2 1769
2 1149
1 1121
2 250
1 1792
1 1534
1 1032
2 1140
2 1425
1 1238
2 325
2 345
1 1537
1 629
1 847
2 229
2 535
1 635
1 1044
1 1196
1 438
1 717
1 1172
1 828
1 1009
1 311
2 1686
2 10
1 972
1 982
2 799
1 1341
2 63
2 553
1 226
1 349
2 973
1 1139
2 1582
2 1470
2 283
2 604
1 1317
2 4
2 872
1 1333
2 944
1 23
2 399
1 1304
1 1555
1 638
2 1711
1 619
2 1646
2 1478
2 828
2 886
1 1782
1 718
2 155
2 134
2 1706
1 1238
1 41
1 688
1 957
1 398
2 388
1 1225
2 499
1 746
1 1758
2 585
1 928
2 1608
2 1113
1 1464
1 592
2 1549
1 472
1 67
2 400
2 1727
1 903
1 357
1 786
1 906
2 116
2 265
1 31
2 1713
2 1273
2 78
1 488
2 125
2 184
2 924
2 1171
2 963
2 1794
1 133
1 1098
1 1309
2 1036
2 1043
1 1384
2 1576
2 950
1 844
1 454
2 1162
2 989
2 623
2 1727
1 1654
1 501
1 309
2 536
2 1090
2 1193
2 608
1 668
1 1227
2 1778
2 916
1 37
1 224
1 1592
2 265
1 1500
2 845
1 526
2 363
1 99
1 646
1 1743
1 769
1 144
2 128
2 909
1 1593
2 750
1 575
1 1635
2 1573
2 1625
1 503
1 1446
2 164
1 1553
2 354
2 136
2 165
2 755
2 669
1 1441
2 196
2 39
2 1465
2 57
2 1270
2 341
2 1763
2 1709
2 1220
2 1782
1 863
1 1209
1 1762
2 862
1 436
2 1086
2 1382
1 589
1 577
1 699
1 1388
2 373
1 1643
2 631
2 281
2 255
1 704
1 348
1 1305
1 759
1 201
1 905
2 510
1 1321
2 1236
2 645
2 324
1 1505
2 848
2 1145
1 1551
1 681
2 721
1 1087
1 49
2 1401
1 1288
1 1574
1 68
1 286
1 1618
1 1367
1 1688
1 715
1 508
2 528
1 1440
1 1429
2 723
1 253
2 947
2 1065
2 347
1 737
2 1101
2 1314
1 124
2 189
2 443
1 373
1 397
2 1332
2 774
2 177
1 1662
2 54
1 1032
2 162
2 991
2 1186
1 1541
1 1432
1 235
1 623
1 866
1 574
2 352
1 366
2 1266
2 557
1 1257
1 417
2 1486
2 1264
1 784
1 775
1 114
2 1341
2 582
2 1421
2 1126
1 306
1 1623
2 1738
1 462
2 1344
2 1695
2 1518
1 1159
2 1223
2 1788
2 139
1 1720
2 1609
2 1450
2 785
1 401
2 1222
2 297
1 1290
2 521
1 1579
1 1233
2 387
2 1282
2 1663
2 832
1 554
2 1276
1 1034
2 612
1 933
1 1293
1 1349
2 1084
2 21
2 555
2 1283
2 23
2 84
2 792
2 1468
2 692
1 950
1 434
2 914
1 762
2 1230
1 151
1 708
1 1777
2 799
1 714
1 930
1 1227
1 1766
1 978
2 155
2 1152
1 1128
2 106
2 836
2 221
2 1026
1 465
1 609
1 165
2 899
2 449
1 559
2 1481
1 1698
1 942
1 396
1 874
1 134
1 877
1 548
1 1055
1 9
2 782
2 823
2 1163
1 1794
1 1510
2 484
1 416
1 1545
2 1722
1 1375
2 283
2 1452
1 1770
1 1616
2 925
2 75
1 148
1 625
1 1257
1 943
1 1195
1 644
2 1320
2 662
1 1038
1 1091
2 47
2 1081
2 1487
2 738
2 416
1 414
1 790
2 1075
2 227
2 1321
1 1666
2 285
1 1518
1 1120
1 1175
2 499
1 185
1 294
1 412
2 1509
2 1595
2 213
2 1667
1 979
1 1668
2 1697
2 1517
1 1634
1 800
2 1068
1 1563
1 706
2 497
1 1583
2 1629
2 1476
2 729
2 1226
1 426
1 1330
2 220
2 306
1 675
1 186
2 1170
2 1350
2 616
1 627
1 261
1 540
1 709
1 1080
2 568
2 566
1 1651
1 1777
1 599
1 1119
1 917
1 751
2 1704
1 1201
2 581
2 1117
2 995
1 584
1 1649
2 89
1 1021
2 1686
1 1302
1 915
2 636
1 1261
1 1130
2 923
1 1093
2 1691
1 1396
2 1781
2 207
2 1286
1 724
1 1383
1 964
1 1413
1 1776
1 34
2 572
1 824
2 1048
1 538
2 891
2 22
2 1605
1 580
2 1745
2 1772
1 251
1 720
2 1360
1 1189
1 856
1 372
1 739
2 913
2 1004
2 380
1 87
1 120
2 1580
2 829
2 1632
2 685
1 406
1 1783
2 194
1 1263
1 603
1 1319
1 370
2 590
1 1082
2 169
2 1430
1 1178
1 29
1 1366
1 476
1 1542
2 868
1 1131
1 1529
1 984
1 1759
2 514
1 433
2 42
2 788
2 503
2 1242
2 574
1 584
2 1389
1 398
1 1037
1 1483
2 1194
1 1044
2 1139
1 659
2 1790
2 1392
2 1789
2 1129
2 1382
1 483
2 1442
2 219
2 130
2 1716
2 1162
2 445
2 329
1 262
2 668
2 232
1 926
2 933
1 1014
1 439
2 478
1 1720
1 521
1 727
2 863
1 386
1 1151
2 1544
1 475
2 1559
1 101
2 1109
1 486
1 145
1 1445
1 142
1 1381
1 562
2 1700
1 334
2 437
2 1765
1 1103
2 1662
2 1325
2 1313
2 1492
1 599
1 328
1 1146
2 1658
2 1694
1 396
1 1736
1 344
1 1202
1 1003
1 956
1 1042
1 843
2 368
2 1077
2 929
1 1015
2 539
1 37
1 33
2 406
1 1521
1 1041
1 379
2 1533
1 1226
1 151
1 1499
1 1263
1 385
1 1259
1 1415
2 1487
1 84
1 1471
1 920
2 967
2 801
1 1203
1 1010
2 1541
2 1239
1 1004
2 268
1 297
1 613
2 111
2 1252
2 1141
2 81
2 262
1 379
1 1150
1 914
1 69
2 1192
2 72
1 212
2 5
1 417
2 745
1 768
1 190
1 457
2 1436
2 21
2 1520
1 1571
1 1015
1 627
2 1105
1 738
2 261
2 437
2 586
2 422
2 482
1 1050
1 1554
2 1056
2 1629
2 1671
1 844
1 1654
1 1469
2 1718
1 1606
1 1265
2 222
2 1348
1 444
1 703
2 402
2 776
1 839
2 886
2 101
2 276
1 71
2 305
1 251
2 390
2 1755
1 1787
1 1232
1 1438
2 1711
1 1153
2 70
2 1033
2 1173
1 864
2 353
1 1742
1 772
2 1718
1 804
2 1613
2 1634
2 1068
2 1764
2 1431
2 1115
1 1529
1 126
2 1346
2 1093
2 967
1 1689
1 1371
1 1367
2 556
2 1269
2 383
2 1765
1 1652
2 1775
2 606
2 322
1 15
2 410
2 235
1 219
1 26
1 1002
1 191
1 1389
1 946
2 1666
1 1636
1 1770
1 757
2 1190
2 445
2 770
2 232
1 1514
2 1306
2 770
1 157
1 1679
2 1702
2 456
2 459
2 1379
1 1142
2 183
1 628
1 726
2 510
2 617
1 451
1 1348
1 1471
2 1678
2 1797
1 152
2 680
2 577
2 432
2 1296
1 1042
1 1228
2 680
1 1620
1 337
1 686
1 1693
1 870
2 450
1 760
2 1602
1 40
2 1208
2 1097
1 1637
1 1697
1 1593
1 843
2 1085
1 825
2 1800
1 488
1 438
1 1323
2 343
1 480
2 482
2 711
2 343
2 1758
2 1512
1 1131
2 14
1 485
2 9
2 49
1 709
2 1669
2 1557
2 90
1 413
2 1562
1 205
2 989
2 537
2 478
2 397
1 672
2 1200
1 945
2 512
1 411
2 52
2 992
1 619
1 528
1 1275
2 1400
2 1577
1 1340
2 284
1 1307
2 909
1 1268
2 1642
1 614
2 35
1 1719
2 356
2 549
2 716
1 872
2 846
2 1371
2 888
1 1121
2 1440
1 1576
1 737
1 1484
2 1129
1 412
2 1659
1 1170
2 1441
2 141
2 1147
1 1133
1 565
1 121
2 407
1 597
2 853
1 614
1 182
2 1716
1 125
1 1617
1 287
1 171
2 1006
2 127
2 875
2 1601
2 355
2 73
1 1566
1 802
2 735
2 1281
1 819
1 930
2 640
2 1206
2 11
2 1449
1 1378
2 1306
2 237
1 831
1 1404
1 965
1 1192
2 1552
2 1639
2 247
2 910
1 389
1 859
1 921
1 985
1 1707
1 764
1 263
2 413
2 1033
1 326
1 1416
2 1242
2 1049
1 1328
1 1084
2 927
1 1719
2 765
2 1791
1 658
2 849
2 1653
1 1303
2 515
2 474
1 330
1 320
1 1467
2 1415
2 1796
2 1225
2 1615
2 1280
1 314
2 1638
2 137
2 1549
1 500
2 817
1 336
1 1503
2 1280
2 1530
2 1383
1 927
2 1786
2 1636
1 1776
1 1685
1 1714
1 196
2 1078
2 495
1 290
2 1647
1 1262
1 27
1 757
1 1041
2 1482
2 120
1 1690
1 1651
1 1114
2 902
2 1362
1 1730
1 19
2 440
2 935
1 1402
1 225
2 939
2 1092
1 544
2 1715
2 987
2 1483
2 1756
1 448
2 1449
2 664
1 829
2 649
2 526
1 1650
1 1427
1 1521
1 587
1 766
2 1728
1 1286
1 568
2 646
1 1540
2 1437
1 976
1 1330
2 179
1 1614
2 654
1 1419
2 234
1 34
1 820
2 1081
1 894
2 838
1 1160
1 1404
1 98
1 1048
1 1059
2 51
2 1402
1 1365
2 1405
1 1578
2 366
1 780
2 245
2 1300
2 206
1 93
2 1319
2 887
2 1793
1 779
2 670
1 1702
1 965
2 1511
2 630
1 1448
2 728
1 570
2 166
2 618
2 1164
2 532
1 1241
1 715
1 1122
2 32
1 1149
1 629
2 830
2 154
2 346
1 384
2 1755
2 847
2 200
2 1381
1 1244
2 495
1 1474
2 751
1 149
2 20
1 611
1 1040
2 1031
1 392
2 65
1 1124
2 1345
1 1259
1 898
2 59
2 92
2 1395
1 1021
2 1682
1 702
1 17
1 1565
1 679
2 1110
1 910
1 1677
2 969
1 1628
2 460
2 1604
2 564
1 1586
2 544
2 919
2 722
1 353
1 1066
2 1410
2 1693
2 1182
2 1249
2 1526
1 1767
1 1067
1 450
2 1046
1 850
1 303
2 246
2 1098
2 885
2 944
1 783
1 1049
1 1416
1 911
1 403
1 1314
2 1378
1 810
1 204
1 1089
1 556
2 56
1 242
2 432
1 515
1 921
1 1078
2 210
2 1064
2 1738
1 1398
2 426
1 423
1 1029
1 524
2 1477
1 1283
1 1506
2 418
1 806
2 636
1 1538
1 1248
1 1467
1 1082
1 53
2 100
1 740
1 281
1 508
1 1277
1 1191
1 923
1 959
2 1536
1 1083
2 575
1 1207
2 1491
1 940
2 972
2 1312
2 1179
2 1318
1 1650
1 1462
1 850
1 421
1 822
2 1575
2 993
1 401
1 817
1 1479
1 1091
2 601
1 1086
2 69
1 1678
2 374
1 997
2 549
2 580
1 563
1 1473
2 1090
1 676
1 550
1 1595
1 1205
2 1214
2 831
2 546
2 1295
2 1274
1 252
2 1363
2 1787
1 692
2 804
1 1475
1 841
1 1712
1 1308
2 1276
2 1285
2 781
1 775
1 1062
1 1779
2 435
1 943
2 1732
1 590
2 1457
1 381
2 1166
2 463
2 1333
1 1766
1 1420
1 1052
2 688
1 385
2 335
1 206
2 1406
1 948
1 109
2 1237
2 372
2 159
2 323
1 230
1 1542
2 1010
1 602
2 563
1 915
1 1034
1 1785
1 1271
2 238
1 245
2 405
2 1527
1 371
1 1729
1 384
2 1304
2 1405
1 195
1 314
1 686
2 215
2 365
2 908
1 313
2 19
1 1101
1 973
1 984
2 364
1 573
2 541
1 1452
2 182
1 1144
1 464
2 273
1 1717
1 1539
2 254
2 734
2 1301
1 1205
1 1388
2 1687
1 72
1 367
2 193
1 1482
1 560
1 186
1 765
2 1122
1 278
1 1456
2 174
1 390
1 1210
2 1001
1 78
2 1116
2 164
1 1784
2 1519
2 369
2 25
2 953
1 1125
1 446
1 1520
2 1600
1 1799
1 1240
2 1234
1 1072
2 585
2 1025
1 1795
2 1059
1 48
2 1647
1 1134
1 1071
2 184
2 346
2 505
1 593
1 39
2 332
1 1476
1 1248
2 411
1 338
1 1334
2 24
1 60
2 333
1 894
2 1626
1 1329
1 1254
2 1447
1 167
1 691
2 1151
1 1656
1 1141
1 161
2 1060
2 1772
2 1277
2 1516
1 282
1 1612
1 410
2 953
1 1342
1 1014
2 1668
2 1737
1 347
1 24
2 1523
1 1637
2 971
1 1355
1 1187
2 530
2 719
2 260
2 249
2 665
1 1281
1 456
1 660
2 178
2 1645
1 1590
2 13
1 1698
2 1734
2 264
2 1524
1 752
1 449
1 1667
1 1342
1 1385
2 523
1 1681
1 1028
2 1245
2 170
1 855
2 102
2 1448
2 1027
1 502
2 377
2 1641
2 50
1 907
1 30
1 1764
1 1674
1 1173
2 326
1 938
1 1336
2 1030
2 509
1 467
2 43
1 1704
1 288
1 532
1 157
2 895
2 1587
2 645
1 1768
2 1512
1 1788
2 778
2 1688
1 425
1 1298
1 511
2 1064
1 820
2 356
2 105
1 917
1 149
1 1786
1 861
2 1209
1 525
2 873
1 707
2 79
1 638
2 408
1 1258
1 378
1 337
2 606
1 968
1 477
1 471
1 220
2 1018
2 1696
2 1339
2 763
2 1174
1 104
1 791
2 51
2 1640
2 858
1 939
1 1496
2 691
2 1172
1 1391
2 1465
2 233
1 192
2 1218
1 529
2 1774
1 395
1 631
1 440
2 234
2 888
1 1161
1 885
1 542
2 713
2 464
1 1374
1 650
1 711
1 857
2 834
2 1284
1 1767
2 794
1 696
2 1660
1 147
1 317
2 777
1 586
1 90
2 1123
2 500
2 269
2 1181
2 47
2 1436
2 502
1 838
2 1194
2 335
1 351
1 655
2 1343
2 310
2 387
1 1592
1 641
1 755
1 152
1 666
1 1022
1 402
1 231
1 615
1 112
1 1031
1 1570
2 1739
2 94
2 88
2 1175
1 158
1 1294
1 1284
1 331
1 1411
1 802
2 1601
1 131
2 1588
2 1739
1 663
1 1099
2 253
2 377
1 545
1 1507
1 1028
1 900
2 1475
2 990
2 913
1 1216
1 1750
2 812
1 1728
2 62
1 1710
2 848
1 102
1 484
1 1729
1 277
2 1426
1 291
1 1035
1 1184
2 767
1 273
2 840
2 695
1 897
2 1125
1 747
2 1736
1 1346
2 1224
1 233
2 1224
2 1305
1 88
2 1747
2 1548
1 1494
2 1228
2 889
2 1724
2 926
1 622
1 1437
1 1132
2 588
1 1586
1 651
1 404
2 772
2 1781
2 880
1 1538
1 1725
1 211
2 946
1 1761
2 56
2 821
1 954
2 1572
2 1731
1 821
2 1338
2 1649
1 1596
2 1322
2 315
2 671
1 276
2 118
2 1352
2 455
1 1464
1 1502
2 996
1 1409
2 1572
1 1656
2 246
2 1255
1 576
2 1142
2 492
2 446
1 139
1 1058
2 529
1 1
2 7
1 349
2 359
2 651
2 1584
2 925
2 1564
1 1361
1 83
1 255
1 10
1 546
2 1494
2 1408
2 1743
2 1457
1 1665
2 292
2 918
1 1297
2 1311
1 1591
2 1761
2 547
1 842
1 1247
1 1287
2 1599
2 983
2 1106
2 1773
1 1006
1 8
2 896
1 1562
2 344
1 296
2 43
2 150
2 94
2 609
2 248
1 867
1 1401
1 1760
2 272
2 690
2 1680
1 1282
2 466
2 567
2 173
2 534
2 540
2 689
2 793
1 1789
1 1066
1 391
1 621
2 1025
2 1560
2 239
2 268
1 241
2 470
1 774
2 669
2 270
1 1594
2 1677
2 1707
2 937
2 1455
2 1080
1 105
1 1118
1 1218
1 1558
2 1460
2 1155
1 1550
1 1760
2 130
1 626
1 1393
2 647
2 834
1 1174
1 167
2 596
1 1323
2 890
2 481
2 477
2 1035
1 1501
2 1535
1 1769
2 1424
2 1074
2 919
2 1104
1 55
2 1507
1 496
1 531
2 491
2 1581
1 1422
2 1211
1 110
1 1451
1 239
2 519
1 1609
2 1058
2 974
2 995
2 825
1 545
1 674
2 1433
1 1243
2 1124
2 137
1 455
1 479
1 361
2 1294
2 788
1 516
1 1607
2 1753
1 1746
1 328
1 1797
1 1780
1 1733
2 447
2 199
2 1619
2 1111
1 319
2 1165
2 876
1 80
1 1043
1 1157
2 832
2 1176
2 1759
1 1155
2 257
1 199
1 869
2 517
1 250
1 1390
2 436
2 1419
1 394
2 40
2 175
2 1453
2 1308
1 970
1 1063
1 325
1 272
2 1347
1 1438
2 951
1 813
1 259
1 805
1 572
1 1394
1 1264
1 1632
2 375
2 718
1 1751
2 901
1 1143
1 593
1 962
1 243
1 1531
1 1273
1 1159
1 596
1 1502
1 1130
2 64
1 690
1 1683
1 1403
1 309
1 1135
2 243
1 730
2 1525
1 1608
2 143
2 522
1 1332
1 198
1 982
1 1221
2 1613
1 1112
1 895
1 293
1 948
2 1747
1 859
1 50
1 473
2 1154
1 44
1 853
1 949
1 1517
2 74
1 1233
2 999
2 143
2 298
2 1413
1 1406
2 1573
2 1714
2 393
1 1137
2 174
1 434
1 1394
1 666
1 221
2 538
1 230
1 1431
1 138
1 951
1 1272
2 1016
2 983
1 1146
2 548
2 726
2 960
1 458
1 1251
1 443
2 678
2 1001
2 1396
2 1692
2 588
1 662
1 1792
2 1128
2 299
1 1312
2 1356
1 1675
1 254
1 2
2 1196
2 1057
1 1532
2 942
2 1324
1 123
2 1266
1 1400
1 285
1 1103
2 1026
1 591
2 807
1 1191
1 1734
2 1083
1 525
1 1627
1 903
2 1445
1 307
1 1536
1 463
2 122
1 994
1 854
2 1356
2 240
2 1800
2 1495
2 1230
2 311
1 86
1 1676
1 566
2 1095
2 1612
1 177
2 579
2 339
2 103
2 1311
2 1556
2 461
1 542
2 1463
2 1250
1 985
2 996
2 1450
1 1249
2 633
1 1108
2 1384
1 938
1 1567
1 665
1 877
1 617
1 1582
2 758
2 129
2 1706
2 902
2 1532
2 874
2 1641
2 1660
2 792
1 795
1 271
1 198
2 657
1 1568
1 1468
2 660
2 543
1 58
1 419
2 225
1 1358
2 504
2 1279
1 192
2 819
2 622
2 487
1 1137
2 1433
2 492
1 708
2 624
1 1616
1 1387
2 962
2 1107
2 1692
2 1247
2 1316
2 1210
1 833
1 1075
1 1327
2 1335
1 952
1 1493
2 201
2 1040
2 1602
2 332
2 805
1 1492
1 342
2 1300
2 561
2 1368
2 522
2 1267
2 1105
2 1387
1 818
2 1645
2 1655
1 180
1 1183
1 977
2 1657
1 786
2 954
1 597
2 222
2 1260
2 312
1 1705
2 1385
1 53
2 240
1 1473
1 743
2 259
1 591
1 91
2 684
1 1435
2 892
2 1231
2 1712
2 74
1 1274
2 197
1 1254
1 1161
1 1258
2 713
2 1459
2 203
2 216
2 145
2 1672
2 1696
1 447
1 323
2 826
1 1120
1 419
1 1745
2 1163
2 454
2 1418
1 46
1 141
1 358
1 1744
1 934
1 809
1 294
1 1414
2 1217
2 1270
2 135
1 655
2 1310
1 475
2 1466
2 1506
2 1107
1 1094
2 512
2 865
1 558
1 1252
1 1751
2 1622
1 1561
2 1746
2 835
1 172
2 1732
1 1472
2 890
2 430
1 1566
1 947
1 1215
1 1076
2 1690
2 1617
2 1207
1 1604
1 1773
2 700
1 1705
1 334
2 467
1 1158
1 1055
2 814
1 689
1 1169
1 1670
1 8
2 1737
2 957
2 1462
1 1648
2 716
2 1132
2 762
1 1023
2 837
1 993
2 418
1 866
2 856
2 1245
2 958
1 641
1 216
1 1243
2 733
1 1094
2 33
1 1547
1 1444
1 371
2 403
1 1147
2 1432
1 1610
1 945
1 618
2 1428
1 352
2 61
1 1232
1 153
1 1565
1 852
2 1046
2 595
1 238
1 1631
2 300
2 963
2 31
1 279
1 1748
2 1597
2 932
2 67
2 1037
2 1498
1 290
2 569
2 1099
1 7
2 703
2 119
2 729
2 576
1 981
1 1009
2 1597
2 479
2 1188
1 998
1 1550
2 1588
2 1339
1 1197
2 252
1 1390
2 136
2 1201
2 882
1 931
1 1216
2 42
1 780
2 470
2 1275
2 258
1 653
2 871
1 1708
2 1322
2 1160
2 1771
1 940
1 673
1 1114
1 1657
2 11
1 76
2 869
1 905
1 65
1 1526
2 494
2 1220
2 562
2 341
1 710
2 1459
1 320
1 1298
2 769
1 1000
1 98
1 1619
2 108
1 6
1 570
2 62
1 956
1 329
2 1102
1 423
1 1379
2 611
2 693
2 452
2 721
1 1724
1 1017
2 616
1 694
1 1427
2 702
2 289
2 1495
1 635
1 386
2 424
2 1316
2 1095
2 1231
2 1301
1 1369
2 1721
2 552
1 400
2 310
2 1096
1 483
2 107
1 661
2 1726
1 1089
1 1290
1 535
1 581
2 461
2 218
1 739
1 466
1 1326
1 969
2 1621
1 603
1 1291
2 244
1 45
1 932
1 5
2 112
1 181
1 1611
1 170
1 217
2 672
2 315
2 534
1 1262
2 1357
1 1295
1 1182
1 340
1 1062
2 188
1 374
1 1557
2 1775
1 1143
1 554
2 1525
2 1664
2 1581
2 1774
2 1377
2 871
2 1522
2 613
1 350
2 158
1 1575
1 693
1 1669
2 1498
1 851
1 931
2 1288
2 409
2 375
2 318
2 1013
2 1425
2 1299
2 1434
1 491
1 1328
2 1485
1 1497
1 138
2 1709
2 1504
1 159
2 1119
2 880
2 304
2 1195
1 1229
1 1568
1 1412
1 1374
1 652
2 322
2 284
1 469
1 1630
1 1177
1 453
1 1680
1 1564
2 1136
2 879
1 1357
1 135
1 3
1 778
1 881
1 1180
2 144
2 1590
1 1110
1 342
1 1310
2 1397
1 1067
2 860
2 955
1 2
1 87
2 1630
2 93
2 1417
2 376
1 700
2 633
1 360
2 1791
2 489
1 187
1 750
2 1183
1 1337
2 109
2 1780
2 1652
1 710
1 497
1 527
1 279
1 308
2 490
2 1022
2 121
1 395
2 990
2 1127
1 30
1 1554
1 442
2 604
2 1703
2 1307
2 1442
1 658
2 1493
1 1352
2 865
2 543
2 551
2 736
1 404
2 1580
1 348
2 210
1 1327
1 148
2 111
2 916
2 1193
2 1293
2 1488
2 1570
2 1670
1 1700
1 1414
1 480
1 555
2 533
2 293
1 649
2 388
2 1291
1 1017
1 752
1 706
2 1016
1 674
1 639
2 1560
1 52
2 958
2 1167
1 1054
1 431
1 1439
2 873
1 12
1 911
1 1208
2 1180
2 459
1 1496
1 1407
2 1260
2 966
2 1020
2 790
1 1741
2 1189
1 893
1 1490
2 904
2 362
2 815
2 363
1 836
2 777
2 747
2 60
1 453
2 29
1 236
1 1510
1 110
1 870
2 1642
1 229
1 1365
1 1674
1 634
2 1398
2 1559
2 1742
2 175
1 1546
2 160
1 846
2 1753
1 1309
1 1615
2 1675
1 559
2 427
1 634
1 1234
2 1253
1 214
1 176
2 71
1 1391
1 796
2 359
1 1027
1 489
2 1497
2 744
2 608
1 1020
1 793
2 1190
1 1463
1 664
2 892
1 431
2 289
2 287
2 1501
2 1018
1 1583
2 367
2 1578
2 494
1 1380
2 1235
1 117
2 687
2 1127
1 97
2 1455
2 698
1 1757
1 168
2 16
1 208
2 425
2 218
2 687
1 173
2 295
2 1202
1 1351
1 1250
2 1585
2 731
2 1325
2 1443
1 260
1 1731
1 1133
1 941
2 1430
2 1113
1 642
1 1691
1 822
2 1474
2 928
2 183
2 794
2 1019
1 1717
1 1393
1 988
2 1376
1 620
1 759
1 68
1 612
2 368
2 1577
2 217
2 725
1 405
2 1461
2 1756
1 1074
1 308
1 684
2 131
1 1446
1 1426
2 934
1 442
2 1369
1 1603
2 1279
1 513
1 195
1 813
1 114
2 854
1 1790
2 1701
1 676
1 124
2 1372
1 1587
2 1138
1 122
2 766
1 1351
2 18
1 256
1 1171
1 537
2 652
1 520
2 73
2 1109
1 1733
1 364
2 868
1 1267
2 569
1 1694
1 1253
1 879
2 701
1 1289
1 303
1 277
1 258
2 517
1 833
1 1460
1 1664
2 462
2 1504
1 683
1 35
1 966
2 1439
2 1362
2 1329
1 1287
2 1762
1 1296
1 1219
2 1428
1 875
2 321
1 1531
2 1102
2 1165
2 605
1 803
2 473
2 1653
1 487
2 1596
2 670
2 350
1 1278
1 327
1 6
2 115
2 1087
1 132
2 1013
1 694
1 699
2 1199
2 553
1 767
2 785
2 678
1 728
1 1366
2 4
1 1631
2 1665
1 1065
1 1135
1 1002
1 505
1 292
2 1071
1 1695
2 992
2 986
1 1235
1 365
2 85
1 1126
2 1569
2 1752
2 1164
1 36
1 202
2 884
2 421
1 493
1 66
1 654
2 656
1 1060
2 1386
2 745
1 1072
1 223
1 20
1 842
2 1054
2 970
1 1500
2 867
1 961
1 1039
2 837
2 486
1 302
2 1380
1 1701
1 642
2 860
2 1347
2 156
1 1754
1 1409
2 1176
2 1614
2 732
2 393
1 518
2 127
2 897
1 978
1 1574
2 712
1 205
2 249
1 200
2 316
1 1411
2 883
1 695
2 1111
2 1278
2 1514
2 331
2 1178
2 920
2 493
1 1184
2 1685
2 324
1 1607
1 598
1 339
1 1198
1 1798
2 727
1 430
1 161
2 1222
1 955
1 227
2 291
1 212
1 498
2 1011
2 420
2 1039
2 779
1 1140
2 1749
2 32
1 41
2 530
1 76
1 898
2 48
1 735
1 620
2 632
1 1403
2 730
1 237
1 637
1 275
2 1461
1 263
2 797
2 1661
2 1443
2 1723
1 95
1 855
1 207
1 1740
2 278
2 1070
2 1643
1 864
2 1730
1 1069
2 1052
2 321
2 1148
1 1561
1 625
1 550
2 299
2 361
2 1168
1 1200
1 80
1 1297
1 771
1 1344
1 1624
1 3
2 1537
1 358
1 25
1 743
1 1594
2 338
1 1723
2 1029
2 209
2 723
1 465
2 187
2 731
2 1472
1 800
2 1710
2 1221
2 907
1 189
1 1213
1 1373
1 117
1 457
2 583
1 1349
2 1429
1 533
2 458
1 89
2 153
1 154
2 1377
1 1154
1 1353
2 45
2 441
1 1073
2 1785
1 748
1 1152
1 527
1 748
1 600
2 301
2 296
1 1556
1 1313
2 773
1 107
2 1477
2 104
2 1535
1 1522
2 1757
2 648
2 409
2 1754
1 784
2 146
2 1589
1 1539
2 1337
2 28
1 1239
1 764
2 964
2 1008
1 1212
1 256
2 1466
2 354
2 77
2 1047
1 1424
1 849
1 1354
2 986
1 1598
1 560
1 1359
2 1241
1 578
1 1092
1 1375
1 791
1 1244
2 1246
1 912
2 1543
1 663
2 827
1 571
2 756
2 605
1 1324
1 1673
1 1567
1 994
2 1256
1 657
1 95
1 637
1 82
2 1749
2 16
2 783
1 66
2 1237
1 429
2 340
2 1303
1 357
2 893
1 653
1 179
1 407
1 280
2 1589
2 589
1 756
2 1684
1 1513
1 504
1 14
1 742
1 1150
2 333
1 971
2 140
1 1185
1 1584
1 1551
1 428
2 1085
1 1331
2 981
2 242
2 1513
2 1689
2 1456
1 1530
2 501
2 1523
2 899
2 659
1 58
1 749
1 514
2 166
1 787
2 244
1 696
1 1505
2 1011
2 587
2 1478
2 1543
1 736
1 18
1 1215
2 132
1 1104
2 1548
1 1683
2 1158
2 318
1 408
1 889
1 1407
1 673
2 59
1 61
2 1317
2 304
1 610
1 1197
1 975
1 573
1 317
2 1635
1 675
1 83
2 1470
2 810
2 451
2 191
2 204
1 376
2 424
2 851
2 705
1 1681
2 269
1 594
1 1599
1 1024
1 1088
1 1661
1 1605
1 1410
1 607
2 740
1 1638
2 980
2 133
2 1073
2 632
1 1012
2 826
1 1177
2 506
2 742
2 1434
1 228
1 1338
2 811
2 82
2 511
2 1624
1 307
1 383
2 720
2 561
2 1646
2 27
2 1659
1 26
1 565
2 169
1 300
2 557
1 1179
1 734
1 146
1 185
1 77
1 797
2 667
1 1050
1 1019
1 753
1 1610
2 1008
2 1741
1 656
2 630
1 754
1 787
1 1364
2 643
1 839
2 1606
1 677
1 17
1 776
1 1771
1 298
2 1353
1 266
1 429
1 1600
2 1370
1 1246
1 536
1 100
2 712
2 1725
1 274
2 1420
2 1633
2 498
2 1684
2 733
2 782
1 1699
2 809
1 1726
1 1213
1 1212
2 607
1 469
1 301
1 1318
2 841
1 1722
1 248
2 1627
1 513
1 936
1 15
1 1077
2 1051
2 70
2 360
1 1156
2 1053
1 1256
2 1012
1 362
2 1490
1 1292
2 671
2 647
2 1169
1 602
2 231
2 648
2 1795
1 266
2 1364
1 476
2 798
2 330
2 830
2 1552
2 1444
2 1350
1 142
1 626
1 741
2 370
1 452
1 595
2 1644
2 1713
2 1558
2 190
2 1079
2 959
1 922
2 1106
2 523
1 162
1 1268
1 380
2 601
2 1136
2 789
1 760
1 1508
2 661
1 806
2 615
2 448
2 1447
1 92
1 1533
2 1023
1 1036
1 96
