3100 7500
1 556
1 1309
1 1113
2 1550
2 1231
2 847
2 699
1 795
1 1478
1 748
2 211
2 803
1 577
1 788
1 1241
1 1129
2 1267
2 927
2 1123
1 1480
2 1532
2 1154
2 1305
1 951
1 488
2 330
2 1236
1 46
2 1110
2 1011
1 968
1 1178
2 218
2 1397
1 465
1 164
1 1379
1 832
2 86
1 249
1 719
1 375
1 954
1 1124
2 291
2 1136
2 1205
1 1187
2 542
1 381
1 698
2 281
1 1243
1 974
2 1022
2 1281
1 739
2 1263
1 135
1 923
2 362
1 1521
1 214
2 430
1 549
1 1064
2 1326
1 889
2 957
2 232
2 1342
1 152
2 1356
2 876
1 104
1 986
2 377
2 899
1 1289
1 186
1 1222
1 1178
1 1186
1 331
2 1065
1 1031
1 789
2 842
1 279
1 408
1 917
1 473
2 1382
1 891
1 47
1 140
1 148
1 595
1 1505
1 314
2 336
1 626
1 1245
2 1355
2 454
1 812
1 1095
1 265
1 1411
2 1269
1 419
2 775
2 205
1 440
2 1128
2 192
2 742
1 813
1 1227
1 856
2 562
2 1335
2 1202
2 173
1 494
1 63
2 900
2 414
2 584
1 357
1 1265
1 1284
2 729
1 493
1 775
1 203
1 702
1 228
2 1360
1 146
2 223
1 99
1 1015
1 656
2 836
1 1099
2 1099
1 328
2 593
1 217
1 107
1 977
2 619
2 420
1 1278
1 978
2 151
2 1051
2 1306
2 699
2 1512
2 1207
2 749
1 234
1 423
2 1461
1 929
1 125
2 1434
1 1227
1 567
2 617
2 879
2 1333
2 345
1 1014
2 500
1 226
1 151
1 559
2 1215
2 638
1 229
2 1181
2 1127
2 745
2 921
1 197
1 1261
2 662
2 1228
1 1132
1 309
2 748
2 1525
1 1312
2 715
2 250
1 1388
2 164
2 186
1 622
1 41
2 299
1 374
1 799
1 479
1 838
1 1511
2 1029
2 574
2 113
1 350
2 853
2 1211
1 1550
1 1033
1 639
2 435
1 632
1 1497
1 439
1 467
2 468
1 129
2 598
2 1304
2 657
1 1131
2 361
1 1009
1 1033
2 950
1 1217
2 975
2 1189
2 1260
2 1357
2 1457
1 657
1 1149
2 1400
2 582
1 970
1 954
1 1168
2 1080
1 1062
1 1191
1 1338
1 637
2 108
1 1505
2 997
1 181
2 407
1 413
2 770
1 739
2 343
2 725
2 1446
2 1529
2 414
2 1091
2 1475
1 202
1 320
2 949
2 143
1 5
1 1503
2 343
1 999
2 780
1 1405
1 676
1 1420
1 1318
1 948
1 1164
1 1433
1 59
1 1401
1 1355
1 1120
1 1449
2 979
2 1549
2 1380
1 1432
1 1297
2 1473
2 177
2 828
1 242
2 831
1 962
1 450
1 1419
2 871
2 444
1 1049
2 672
1 1074
1 1500
1 1010
2 1103
1 989
2 1000
1 142
2 1105
1 166
1 240
2 1218
1 644
1 1225
2 601
2 253
2 1444
1 1439
1 796
2 819
2 708
2 754
1 937
1 758
2 301
1 851
1 1302
1 1515
2 1422
1 1368
2 1401
2 843
2 19
2 702
2 1425
2 587
2 778
1 519
1 1200
2 349
1 1298
1 94
2 209
1 448
2 566
2 29
2 407
2 240
1 929
2 1076
2 916
1 98
1 1055
1 1373
2 501
2 324
2 839
1 1120
1 1489
2 199
1 2
1 332
1 1531
2 1274
2 1203
2 823
2 628
1 126
1 821
2 453
1 315
1 1330
2 1008
2 557
2 1320
2 472
2 942
1 726
1 946
1 612
2 840
1 1366
2 371
1 1249
1 918
2 1549
1 32
2 683
2 319
1 1121
1 1376
2 180
1 54
1 308
2 162
2 1163
1 1504
2 1066
2 533
1 1387
1 124
1 941
2 311
2 728
2 1347
2 742
2 1273
2 378
2 684
2 1474
2 1430
1 276
2 1300
1 1282
2 285
2 522
2 957
2 92
1 1248
1 44
2 1229
1 700
2 633
1 425
1 578
1 1158
1 360
1 1165
2 1526
2 691
2 932
1 583
2 812
1 1070
1 895
2 484
1 813
2 892
2 1518
2 195
1 1543
2 1198
1 1106
2 611
2 1157
2 731
2 1032
1 33
1 300
1 865
1 866
1 557
1 1006
2 1175
2 1122
1 1446
1 1465
2 577
2 1210
1 231
1 365
2 1251
2 1076
1 988
1 1488
2 1443
1 963
1 74
2 37
1 1069
2 70
1 763
2 326
2 1399
1 1408
2 631
2 838
2 85
1 46
2 190
2 608
2 40
2 597
1 747
1 548
2 490
2 224
2 480
1 756
1 1123
2 628
2 42
1 1344
2 1122
1 686
2 998
2 554
2 1512
1 441
1 1087
2 1150
2 1421
2 1357
1 1364
2 1275
1 1315
1 1264
2 1529
1 982
2 1192
2 549
2 1027
2 1024
1 852
1 643
1 370
1 1543
2 1368
2 743
1 585
1 334
1 212
1 222
2 78
1 889
2 236
2 1021
2 1365
2 179
1 621
2 1208
2 1052
2 882
2 1453
1 1216
2 1414
1 1115
1 1265
1 142
1 618
2 31
2 940
1 66
1 712
1 861
1 826
1 1131
1 1080
1 1332
1 486
1 368
2 382
2 1002
2 1144
2 1268
2 1378
2 673
1 288
2 1183
2 1142
1 28
1 364
2 1412
1 595
2 543
1 800
2 1458
1 1
2 1548
1 1144
2 1469
2 1514
2 761
2 926
1 750
2 1097
2 1025
1 424
1 136
1 1545
1 338
1 1193
1 1350
1 351
2 536
2 822
1 870
1 1356
2 20
1 1215
1 1410
1 895
2 1046
2 423
1 327
2 1083
1 1171
2 791
2 520
1 1043
2 560
2 332
2 992
2 502
2 1407
1 284
2 1235
2 102
1 174
2 191
2 744
2 22
2 589
2 1081
1 1374
1 708
2 569
1 1201
2 500
2 252
2 432
1 907
2 233
2 111
2 1168
1 1396
1 188
1 529
2 969
2 1330
1 1458
1 74
1 173
1 839
2 107
1 228
1 901
1 482
1 1338
1 347
2 995
2 1134
1 1532
1 1019
1 902
1 1035
1 329
1 955
2 1462
1 921
2 688
2 919
2 154
1 652
2 1434
1 1348
1 953
2 1534
1 238
1 45
2 171
2 119
2 1038
2 215
2 339
1 894
2 1475
1 145
1 1388
2 1361
2 590
2 645
1 1491
2 93
1 104
1 531
1 623
1 883
1 1114
1 1085
1 1272
1 129
1 789
2 1048
1 1424
1 21
1 70
1 710
1 1205
1 1322
2 1412
2 217
1 231
1 1349
1 8
2 329
2 306
1 598
2 182
2 1094
2 283
2 497
1 751
1 1009
1 62
2 167
1 972
1 1279
1 55
1 143
1 787
1 1321
1 1344
1 755
2 312
2 253
2 331
1 1323
2 1520
2 1328
2 1492
1 677
1 1307
2 767
1 189
1 317
2 1492
1 344
2 824
1 753
2 1339
2 767
2 399
2 763
2 1161
2 1036
2 492
1 1039
1 1073
2 546
2 1060
1 176
1 1150
1 661
1 615
2 552
1 576
2 1264
1 156
1 727
2 18
2 605
1 614
1 1491
1 874
2 845
2 258
1 491
2 226
2 878
1 622
2 947
1 917
1 1393
2 882
2 766
2 667
2 69
2 401
1 845
2 590
2 1438
2 405
1 631
2 96
1 793
2 1306
1 380
2 30
1 524
1 16
2 359
1 1257
2 1416
1 302
1 134
2 1482
1 1353
2 518
1 1394
2 339
1 1021
1 171
2 98
2 130
1 396
1 1351
1 974
1 433
1 1448
2 1044
1 207
2 1417
2 266
1 113
2 667
1 825
1 976
2 496
2 167
1 1057
1 480
2 159
2 128
2 267
1 43
2 1057
2 260
1 1174
1 147
2 461
1 1515
2 1494
2 1313
1 73
1 556
2 243
1 314
2 1253
1 425
1 484
2 815
1 1191
2 350
1 17
2 313
1 258
2 564
1 992
1 1402
1 262
1 660
2 554
1 884
1 1436
2 184
1 200
1 246
1 1347
2 97
2 1148
2 982
1 418
2 1156
1 1271
1 666
2 1336
1 495
2 1139
1 1062
2 482
2 1246
1 939
2 1266
2 432
1 216
1 1259
1 582
1 713
2 1211
1 1382
2 730
2 636
1 1077
2 1003
1 1251
2 109
1 923
1 662
2 510
1 831
1 1095
2 367
1 919
2 807
1 310
1 936
2 346
1 1533
2 984
1 1477
2 36
1 110
2 233
2 1071
2 1528
2 289
1 251
2 338
2 555
2 532
1 846
1 686
1 1248
1 1488
2 49
2 744
1 21
2 547
1 429
2 506
1 1226
1 1433
2 101
2 1490
1 518
1 1175
2 570
2 786
2 1285
1 558
1 1337
2 420
2 978
2 376
2 1518
2 1476
2 1185
1 584
2 574
2 968
1 790
2 1277
2 476
2 1295
1 117
1 829
1 1108
2 187
1 1428
1 991
2 393
1 1058
1 765
2 1477
2 855
2 310
2 1092
1 447
1 1478
2 322
1 388
1 1448
1 215
1 1125
1 564
2 1139
1 1435
2 1279
2 377
2 573
1 409
1 346
1 296
1 1111
1 356
1 457
2 78
2 353
1 953
1 760
1 287
2 1444
1 416
2 1396
2 1136
1 261
1 551
2 1053
2 1198
1 325
1 561
1 792
1 1010
1 1212
2 97
2 701
2 558
1 1088
2 884
2 904
1 412
2 466
1 696
1 693
1 877
1 352
1 1495
2 223
1 1258
1 1291
2 1283
1 1283
2 512
2 1078
2 1308
1 1063
2 1369
2 1118
1 1235
1 718
2 1535
2 275
1 1243
2 447
1 762
1 248
2 455
2 1005
1 932
2 1176
1 241
2 242
2 655
1 1508
1 239
2 1278
1 600
2 157
2 1192
1 252
1 1484
2 429
2 68
1 689
1 1209
1 394
1 759
1 853
1 1313
1 1172
1 810
1 841
2 647
1 988
2 461
1 1509
2 382
1 359
1 32
1 851
1 781
2 653
1 374
2 649
2 1362
1 585
1 1312
1 1544
1 1375
1 1395
1 607
2 165
2 1370
1 706
1 1142
2 891
1 474
1 134
1 771
2 1373
2 772
2 13
2 1223
1 783
1 728
2 435
2 909
2 400
1 544
2 1054
1 82
2 460
1 694
1 930
1 1531
1 475
2 1012
2 1040
1 1102
1 925
1 1143
1 1454
1 362
2 679
2 286
2 1301
1 1232
1 391
1 1409
1 782
1 1037
1 935
1 1128
1 1420
1 1292
2 773
1 1236
2 967
2 616
1 547
2 1471
2 873
1 149
2 963
2 87
2 952
2 806
1 1364
1 734
2 640
2 915
1 453
1 857
2 615
1 1369
1 471
1 187
1 1288
2 433
2 9
2 1303
2 112
1 342
1 1507
1 1429
1 532
1 1259
2 630
2 1471
1 369
2 286
1 494
1 918
2 431
1 1092
1 1517
2 295
1 354
2 264
2 517
1 103
2 274
1 711
2 323
1 1159
2 1390
2 692
2 1254
1 956
2 893
2 980
2 379
1 178
1 399
2 593
1 740
1 1230
2 8
2 1180
2 808
2 172
2 1143
2 1067
1 695
1 1214
1 898
2 854
1 997
2 1389
1 1234
2 1177
1 335
1 87
2 1542
2 1345
1 1242
1 818
2 348
2 1408
2 491
1 61
2 930
1 470
2 1398
1 69
1 1034
1 160
2 1270
1 86
2 1301
2 1068
2 1173
1 975
2 1056
2 369
2 971
1 1514
1 405
1 249
1 950
1 931
1 1231
2 1510
2 38
2 594
2 1450
1 1530
1 281
2 580
2 438
1 1509
2 326
1 859
1 1252
1 1183
1 122
1 892
1 1310
2 319
2 1352
1 752
1 732
1 225
2 373
2 1220
2 1133
1 841
1 385
1 1221
1 1153
1 1466
1 102
1 757
1 873
1 745
1 1308
1 881
2 225
2 1105
1 633
2 321
2 1084
1 1485
2 830
2 121
2 1317
2 152
1 960
2 1020
2 828
2 694
2 1229
1 1452
2 1238
2 1547
2 415
2 1121
1 645
2 1498
2 105
2 1336
1 185
1 942
2 297
1 1239
2 1059
2 200
2 1018
1 1103
2 529
2 1374
2 402
1 172
2 1246
2 1462
2 1496
2 1019
1 965
2 197
1 57
1 1352
1 1493
1 128
2 337
2 270
1 1427
2 400
1 1472
2 1451
1 837
1 1101
2 275
2 863
2 1177
1 908
2 903
2 965
1 448
2 1485
2 349
1 693
2 426
1 1371
1 1086
1 367
2 375
2 594
2 522
2 802
1 214
2 388
1 471
2 697
2 422
2 116
2 417
2 131
2 146
1 387
2 458
2 1199
2 528
2 1379
2 1268
2 1081
2 257
1 652
2 62
1 437
1 1517
2 890
1 1087
1 1430
2 126
2 1513
1 358
2 675
1 1348
1 443
1 483
1 1372
2 774
2 535
2 1008
2 733
1 1040
1 1275
1 904
1 1079
2 384
2 1445
1 1309
1 874
1 95
2 885
1 323
2 496
1 155
2 1452
1 1394
2 24
1 562
2 1479
2 10
1 444
2 503
2 1145
1 216
1 1216
2 943
2 1286
2 65
2 1290
2 620
2 640
1 210
1 318
1 182
2 683
2 440
2 1331
1 1187
1 720
2 353
2 117
2 569
2 1037
2 438
1 1445
2 175
1 442
2 1536
2 1455
1 386
2 445
2 938
2 1109
2 193
1 431
1 563
2 272
1 10
2 15
1 927
2 300
2 1548
1 1195
1 219
1 944
1 848
1 56
1 132
2 274
2 651
1 383
1 972
1 1314
1 860
1 756
1 295
2 794
2 206
1 1074
2 175
2 1276
1 1470
1 406
2 928
2 1194
2 179
2 659
2 714
1 565
2 1314
1 1363
2 169
2 757
1 718
2 88
2 604
1 75
1 849
2 1023
2 1217
1 157
2 620
1 539
1 1299
1 794
2 1166
1 65
1 1351
1 1138
1 1272
1 1296
2 909
1 318
1 842
2 177
2 1323
2 534
2 1333
1 67
1 280
1 1377
1 469
1 691
1 358
2 591
2 910
1 776
1 560
2 899
1 118
2 256
1 731
2 650
2 1547
1 1409
1 245
1 906
1 103
1 170
1 768
2 924
2 354
2 41
1 1418
1 1480
2 1521
1 1535
2 987
2 1366
1 581
1 521
1 236
2 1134
1 961
2 1047
1 614
1 604
1 511
1 1319
2 49
1 947
2 1088
2 268
1 39
2 621
2 758
2 571
2 609
2 1039
1 421
1 765
1 1342
2 832
2 750
1 539
1 1437
2 269
2 911
1 290
2 550
1 1048
2 1252
1 1210
2 1411
2 418
1 304
2 1115
1 1328
2 526
1 294
2 897
2 504
2 1539
1 1170
2 1093
1 270
2 144
1 66
2 1155
2 1527
2 1007
2 1247
1 144
2 299
1 497
2 1293
2 7
1 1501
2 1018
1 1117
2 311
1 1226
2 198
2 298
2 1137
1 602
2 638
1 1476
1 703
1 1256
1 696
2 11
1 336
2 1221
1 1292
1 53
1 1345
2 6
1 115
1 1082
2 1544
2 1096
2 555
1 1053
1 1464
2 147
2 669
2 1000
1 1167
2 948
1 1065
2 387
1 914
2 297
1 684
2 479
2 1029
1 347
1 1486
1 248
2 713
1 140
1 1113
1 1020
1 1280
1 1271
2 26
2 26
1 685
1 888
2 12
1 302
2 1358
2 1190
2 1060
1 1393
2 1172
1 912
1 1316
1 1096
1 316
2 106
1 1447
1 1055
1 627
1 1400
1 515
1 449
2 409
2 499
2 206
1 1114
1 313
1 971
1 1004
1 1244
1 592
2 1346
1 1155
1 1213
1 893
1 996
1 1380
2 1140
2 1159
2 862
2 791
1 815
2 244
2 858
2 315
2 806
2 719
2 583
2 84
1 194
1 1468
2 508
1 755
2 492
1 858
1 54
1 724
2 259
1 386
2 607
2 389
2 437
2 292
1 229
2 411
1 1537
2 415
1 1061
2 237
2 749
2 1023
2 1392
1 1407
1 1469
1 333
2 900
1 1072
2 782
1 308
2 896
2 1075
1 1161
1 943
2 866
2 290
1 984
2 664
1 1031
1 1104
1 777
1 1160
1 570
2 161
2 1016
1 807
1 1546
2 296
1 668
1 1541
2 263
1 443
2 1324
2 1147
1 457
2 383
2 463
2 469
2 1107
2 201
2 68
1 1068
1 90
1 596
2 580
2 138
2 659
2 1157
1 568
2 1224
1 1222
1 733
1 1126
2 704
1 770
2 1487
2 675
2 1484
2 1147
1 1262
1 1112
2 996
1 814
2 1504
2 34
2 1137
1 920
1 1459
2 600
1 599
2 1490
1 194
2 238
1 1165
2 1277
2 463
1 1014
2 503
1 1290
1 1280
2 232
2 465
2 606
2 1070
1 1034
2 1156
1 6
1 725
1 743
2 196
1 610
1 259
2 618
2 747
1 403
1 1340
2 1180
1 61
2 23
2 1528
1 114
2 1522
2 1441
1 1179
2 1056
2 1028
1 1141
2 538
2 935
2 485
1 321
2 639
2 1200
1 385
2 709
1 57
1 486
2 1453
2 857
1 63
2 537
1 1101
1 1201
2 434
1 340
2 721
2 1464
1 852
1 381
1 983
2 1024
2 92
1 31
2 1130
2 1463
1 973
2 1032
2 209
2 530
2 834
1 255
1 637
2 176
1 1520
1 751
1 1208
1 898
2 185
2 227
1 60
2 1116
1 991
2 243
1 1098
2 1119
2 1502
2 650
1 527
1 1098
1 690
2 1472
1 553
1 493
1 1162
1 922
1 1442
1 75
2 1513
1 333
1 964
1 680
1 526
1 1063
2 1225
2 397
2 833
1 1212
2 58
1 105
2 452
2 1523
1 881
1 398
1 1295
2 211
1 688
2 15
2 190
1 592
2 481
1 835
2 120
1 1117
2 563
1 877
2 372
1 846
1 1440
1 1402
1 1042
2 1240
1 586
2 1538
2 606
1 428
2 602
1 678
1 106
1 154
1 1061
2 587
2 540
2 213
1 740
1 525
2 998
2 514
2 1255
1 817
1 282
1 30
1 454
2 685
1 189
1 1266
1 373
2 149
2 24
1 1149
2 647
2 71
1 768
2 871
1 509
2 778
2 819
1 837
1 781
2 292
1 707
2 272
1 1415
1 1500
1 1
1 703
1 579
1 1199
2 687
1 551
2 1026
2 80
2 1459
1 724
1 4
2 1349
2 1403
1 785
1 912
1 820
2 641
2 1506
2 1421
2 1162
2 1467
2 306
2 397
1 624
2 1439
1 436
1 4
1 821
2 406
2 489
2 1362
2 1325
2 198
2 402
1 156
1 665
2 1432
1 670
1 578
2 50
2 220
1 1447
2 368
2 626
2 413
1 1086
2 219
2 829
2 1184
1 993
1 541
1 64
2 1381
2 788
1 732
1 525
1 897
2 1353
2 535
2 77
2 355
2 596
2 780
1 1386
1 163
2 586
2 93
1 96
2 1372
2 110
2 205
1 802
2 816
2 25
2 1506
1 1474
2 1450
1 160
2 990
2 572
2 276
1 772
2 1441
1 1341
2 565
1 1468
2 1179
2 499
1 159
2 811
2 90
2 1384
1 817
1 613
1 351
1 520
2 264
2 1527
1 378
1 283
2 867
1 80
1 507
2 1435
2 416
1 111
2 91
1 234
2 1237
1 464
1 887
2 1438
2 1481
1 1007
2 868
1 112
2 1170
1 836
1 1085
2 644
1 458
2 1427
1 553
1 1028
1 979
1 361
2 1363
1 1256
1 710
2 1045
2 434
2 1319
2 1350
1 384
2 527
2 124
2 1522
1 1493
2 559
1 76
2 1127
2 1026
2 1035
2 123
2 738
2 278
2 1423
1 734
1 344
2 449
2 1381
2 636
1 826
1 723
1 466
1 711
2 27
1 1106
1 581
2 1185
1 843
1 903
2 663
1 340
2 1546
2 665
1 1005
1 818
1 946
2 672
1 130
1 192
1 671
1 371
2 1365
1 1129
1 150
1 1228
2 779
1 293
1 575
1 1429
2 501
1 1130
2 717
1 931
2 507
1 72
2 9
1 886
2 133
2 72
1 1335
2 60
2 1195
1 1525
1 914
2 830
1 1436
1 3
2 1249
1 1069
1 681
1 902
2 392
1 1537
1 627
2 1415
2 810
2 855
2 73
1 523
2 977
2 1426
2 1424
2 421
2 934
2 267
1 1097
1 392
2 824
1 955
2 801
2 370
2 483
1 674
2 1473
1 1417
2 1339
2 994
2 625
2 462
2 1254
1 1135
2 701
1 99
1 1006
2 721
2 133
2 118
2 823
2 64
1 967
2 939
2 1404
2 850
2 1545
2 56
1 785
2 668
2 906
1 1204
1 1481
1 1354
2 591
2 410
2 241
1 282
1 436
2 624
1 1456
1 1188
2 698
1 952
1 1196
1 1015
2 138
1 356
2 505
1 1151
1 1501
1 632
2 1078
1 48
2 1540
1 1206
2 1260
1 521
2 1466
2 771
1 983
1 1293
1 1375
1 334
1 13
1 1343
1 1302
2 82
2 534
2 235
1 44
2 1539
2 127
1 485
1 822
2 827
1 1218
1 322
1 1102
2 1047
1 844
1 183
1 1169
2 541
1 793
1 366
1 239
2 1050
1 273
1 869
1 588
1 676
1 271
2 220
2 28
1 764
2 804
2 1138
2 1083
1 1533
2 1479
1 1255
2 648
1 959
2 1288
2 834
1 1233
1 1017
2 163
2 720
2 924
2 327
2 1044
2 666
1 573
1 380
1 1151
2 1406
2 396
2 298
1 1245
1 814
1 798
1 597
1 141
1 599
1 1146
1 925
2 1234
2 872
1 635
1 993
1 1449
2 649
1 1487
1 1440
1 803
1 1084
1 508
2 52
1 736
1 23
1 1094
1 459
1 516
2 11
1 1467
2 1169
2 71
2 1072
1 1027
2 1257
1 51
2 1002
2 674
1 1051
2 166
1 1304
2 1082
2 35
2 1241
2 717
2 1406
2 1386
1 908
2 809
2 1416
1 404
2 726
2 1224
2 1174
2 519
2 1171
1 17
1 1385
1 716
2 730
1 540
1 1502
2 83
2 1534
2 1298
1 1334
2 648
2 901
1 1510
1 404
2 464
1 1286
1 727
2 729
1 1483
1 1405
1 20
2 1404
2 158
2 145
1 552
1 510
1 677
1 951
1 254
2 1399
2 799
2 1238
2 736
2 1519
1 867
1 989
2 210
1 643
1 1354
1 1318
1 474
1 1530
2 1001
1 646
2 487
2 498
1 605
1 642
1 1282
1 390
2 394
2 76
2 634
2 16
1 1486
2 860
2 262
1 949
1 1413
2 625
2 922
2 1058
2 213
1 1054
2 1269
1 476
2 289
2 341
1 769
1 428
2 737
1 934
2 456
1 181
1 1340
1 1425
2 868
1 548
1 52
1 360
1 451
2 426
1 317
1 603
1 1111
1 663
1 1511
1 981
1 58
1 682
1 127
1 1091
2 1370
2 153
2 38
1 139
1 1148
1 122
1 1371
1 135
2 753
2 1209
1 1276
1 538
1 849
1 773
2 260
1 246
1 305
2 945
1 498
2 1204
2 1090
2 1426
2 50
1 196
2 1022
2 938
2 284
2 169
2 203
1 658
2 1499
1 85
1 168
2 109
2 1329
1 513
1 131
2 1013
1 48
2 588
1 445
2 337
2 247
1 1206
1 1376
1 37
1 545
2 1329
2 617
2 714
2 670
2 994
2 1431
2 280
2 1499
2 760
1 966
2 1307
1 603
1 1367
1 1311
1 1193
1 879
1 752
1 762
2 419
1 255
1 811
1 446
1 861
2 43
1 611
2 183
1 623
1 798
1 278
2 1050
2 746
1 825
1 545
2 566
1 1385
1 970
1 455
1 79
1 1261
1 199
2 256
1 1182
2 460
1 766
2 303
2 1250
1 1540
2 293
2 850
2 844
2 341
1 309
2 654
1 1141
1 1331
2 741
2 1541
2 452
2 477
2 504
1 1387
1 1443
1 1237
2 364
2 1190
1 528
1 741
2 1507
2 53
2 422
1 940
2 1273
1 1274
2 395
2 201
2 1294
1 784
1 986
2 1079
2 579
1 774
2 1133
2 1287
2 737
1 446
1 1153
2 777
1 1494
1 1437
2 1361
1 207
1 1197
1 537
1 910
2 59
1 1325
2 141
1 84
2 1526
2 195
2 1334
2 516
1 869
1 320
2 244
1 1089
1 680
2 14
2 489
2 1359
2 722
2 100
2 1003
2 1508
2 1316
2 193
1 568
2 1030
1 651
1 345
1 641
2 123
1 1059
2 613
2 575
1 735
2 14
2 342
1 769
2 999
1 1482
2 911
2 1454
2 137
2 964
1 1403
2 139
2 250
1 671
1 1135
1 1311
2 1093
2 247
1 1519
1 1455
2 1108
1 571
2 1219
1 459
2 1267
2 779
1 202
1 746
1 1109
1 395
1 1067
2 546
2 1119
2 2
2 1146
1 305
2 1524
1 430
2 1223
1 792
1 116
1 835
1 715
1 162
1 1163
1 481
1 1247
2 1377
1 208
1 411
1 1284
1 601
1 973
2 1367
2 905
2 39
1 797
1 856
2 692
1 1315
2 266
2 883
1 1011
1 27
1 517
1 1287
1 1465
2 1294
2 441
2 937
2 854
2 514
1 1025
2 653
2 1239
1 115
1 962
1 398
1 265
2 208
2 335
1 1152
1 12
1 268
1 619
2 576
2 1378
1 864
2 969
2 958
1 257
1 1194
2 1422
1 1167
1 635
2 442
1 705
2 1523
2 863
1 316
1 1497
2 1152
2 1343
1 477
2 1184
1 738
1 870
1 1327
2 820
1 1305
2 1263
1 468
2 221
1 787
1 944
1 1303
1 661
1 709
1 108
2 1503
2 511
2 1244
1 1104
1 1090
1 89
2 277
2 470
2 1413
1 148
2 224
1 1073
2 1299
1 1041
2 513
2 1524
2 783
1 658
1 412
1 589
1 212
2 263
2 809
1 816
1 204
2 1346
1 101
1 544
2 1428
2 51
1 81
2 1158
1 808
2 1124
2 488
2 862
1 966
1 608
2 1049
1 291
2 1496
2 230
2 490
2 184
1 687
2 168
1 88
1 706
1 348
1 920
1 1297
1 905
2 797
2 664
2 188
1 795
2 304
1 1188
1 705
2 1418
1 1017
1 700
2 254
2 716
1 1030
2 325
1 523
1 875
1 1457
1 1391
2 403
1 1419
1 401
1 1358
1 324
2 610
2 1341
2 1460
2 629
2 390
2 363
2 945
1 1046
1 1410
1 682
2 279
2 303
1 221
1 533
2 1140
1 288
1 655
1 1220
1 1230
2 759
2 1125
1 1110
2 1383
1 784
2 467
2 958
1 1207
2 502
1 509
1 804
1 704
1 1107
2 1012
2 926
1 1498
1 859
2 301
1 5
1 1232
2 1242
2 995
2 1112
2 473
1 1145
2 754
2 328
1 1043
2 18
1 959
2 439
2 1296
2 735
2 1004
1 251
2 1089
1 875
1 307
1 125
1 237
2 363
2 1310
1 1189
1 985
2 609
2 542
1 1154
1 180
2 170
1 132
2 1173
2 307
2 933
2 450
1 119
2 1202
1 1182
2 417
1 887
1 462
1 913
1 800
2 1538
1 475
1 1451
2 271
1 40
1 273
2 1166
1 1041
2 1456
2 1281
1 1064
1 1160
2 1181
2 33
2 976
1 1495
2 357
1 656
2 1203
1 961
1 1001
1 801
2 1016
2 695
1 790
2 1077
2 372
2 833
1 1100
2 287
1 352
2 1270
2 543
2 95
2 1337
1 1390
2 456
2 478
2 269
2 1332
1 865
2 572
2 1213
1 1398
2 669
1 495
2 365
2 827
1 1197
2 1327
1 451
2 487
2 1100
2 1321
2 261
2 22
1 697
1 424
1 642
1 933
1 478
1 678
2 89
1 896
2 805
1 379
1 679
2 985
2 7
1 673
2 1132
1 81
2 864
2 376
2 1483
2 1071
1 1262
1 886
1 894
2 1414
1 1460
1 634
2 876
2 230
1 956
1 91
2 1291
1 1470
2 616
1 3
1 67
2 847
1 137
2 1516
2 1052
1 330
1 1322
1 136
2 913
2 916
2 880
1 366
2 204
1 42
1 1300
2 83
1 506
1 840
1 915
1 567
1 165
2 629
2 1542
2 786
2 77
1 1066
1 1116
1 389
1 1397
1 312
2 990
2 1391
1 1324
1 531
1 1389
1 1423
1 1253
2 960
1 1320
1 1233
2 515
1 155
2 29
2 408
1 218
1 1395
1 1045
2 191
1 872
1 1392
1 928
1 707
2 174
2 120
1 19
1 1075
2 1359
1 1285
1 1516
1 885
2 561
2 722
2 1360
1 427
1 393
1 1258
1 1176
2 1214
1 1042
2 1038
1 1326
2 35
1 277
2 796
1 987
2 1383
1 776
1 612
2 410
2 936
2 980
2 761
2 285
1 1219
2 36
2 472
2 1126
2 1240
1 681
2 34
1 880
1 94
1 150
1 689
2 1461
2 1384
2 47
1 178
2 888
1 1186
2 161
1 1442
1 1036
2 1013
2 1118
1 1164
1 907
1 222
1 712
1 158
1 355
1 941
2 79
1 723
1 1250
2 630
1 25
1 550
2 981
1 848
1 646
2 505
2 235
1 55
1 1431
2 114
2 1196
1 391
2 227
1 536
1 764
1 524
2 121
2 890
1 100
1 878
2 512
1 805
1 153
1 45
2 660
1 1536
2 530
1 1317
1 1463
1 294
2 1289
1 245
1 427
2 654
2 690
1 1489
