4100 3000
1 1413
2 1625
2 428
2 1365
2 348
1 1397
1 1873
1 1935
1 1438
2 1069
1 326
2 584
2 1492
2 866
1 1455
2 1565
2 1933
2 1294
2 37
1 482
1 882
1 1967
1 1741
1 1459
1 266
2 711
1 1822
2 1635
1 802
2 656
2 180
1 756
2 1630
2 80
2 254
1 1415
1 952
2 1906
1 1539
2 1491
2 1546
1 1997
2 1264
2 565
2 1832
1 1783
1 233
1 190
1 1117
2 82
2 1428
1 119
1 1108
2 27
1 1735
1 1563
1 1005
1 581
2 155
2 543
2 1199
2 1351
2 792
1 1643
1 1469
1 1021
2 216
2 1165
2 207
2 1812
2 1941
2 384
1 1534
2 1583
2 1321
2 132
1 816
2 1102
1 754
1 1310
1 790
1 906
1 21
1 535
2 140
2 1978
2 1360
1 1529
2 136
2 1169
1 1495
2 1682
1 1459
2 481
1 1983
1 335
1 793
1 407
2 1044
2 1167
1 2032
2 1192
2 2001
1 530
2 966
1 635
1 972
2 949
1 1126
1 86
1 845
2 996
2 767
1 1879
1 1468
1 141
2 48
2 164
1 187
1 249
2 1014
1 275
2 962
1 2007
2 1696
2 1507
2 61
1 600
1 611
1 1380
2 1395
1 1412
1 1431
2 554
2 174
1 954
1 217
2 835
2 1725
1 109
2 1923
2 390
1 523
2 1295
1 130
1 880
1 2023
2 470
1 2046
1 529
2 1651
1 1685
2 1253
2 669
2 1996
1 778
2 1350
2 909
2 62
1 1358
1 205
2 1040
1 1541
2 301
1 1981
2 1778
1 1401
2 922
1 1197
2 1041
2 1800
1 131
2 115
1 740
1 663
2 1239
2 1693
1 1430
1 1334
2 307
2 2044
2 1532
2 120
1 138
1 1938
1 1373
1 1420
2 106
2 1088
1 804
1 1847
2 1984
1 1026
2 1644
2 1741
2 1851
2 1508
2 1193
1 878
1 1218
2 1848
2 1553
2 1463
1 2018
1 289
1 981
2 1331
2 111
1 1201
2 520
1 814
1 210
2 2034
2 171
2 1206
2 1265
2 36
2 808
2 849
2 1975
2 276
1 1858
2 1760
2 1042
2 1367
1 1794
1 1504
2 391
2 1464
2 1892
1 1241
1 13
1 1585
2 1050
1 1068
2 1940
1 660
1 299
1 681
1 1602
2 137
2 1029
1 734
2 1980
1 1871
1 368
2 215
1 1911
1 500
2 1791
2 759
2 1277
2 371
1 1095
2 593
2 1009
1 1820
2 1408
1 453
2 413
2 188
1 188
2 1695
1 480
2 89
1 680
2 1731
1 986
2 1878
2 979
2 10
2 1018
2 1082
1 304
1 1739
2 256
1 1621
1 747
2 1707
1 1034
1 761
1 149
1 1570
2 399
2 2007
1 1430
1 758
1 1241
2 1002
2 1619
2 534
2 1825
2 1775
1 786
2 1693
2 1000
2 1128
1 1227
2 1520
1 430
2 313
2 88
2 1171
1 512
1 903
2 1043
2 512
1 1620
2 1170
1 207
1 582
1 113
1 1379
2 1302
1 1045
1 786
2 2017
2 316
2 93
1 249
2 104
2 1256
2 1340
1 1366
2 1635
1 1839
1 435
2 1666
2 1953
2 1178
1 927
2 1836
1 1977
2 393
2 33
1 1234
2 1784
2 13
1 638
2 618
2 206
1 1445
2 751
2 1558
1 214
1 1626
1 1919
1 1186
1 339
1 1460
1 1655
2 2
1 647
1 884
2 1605
2 397
1 1758
1 1797
2 675
1 379
2 96
2 352
1 2038
1 698
2 1786
1 1656
1 423
1 332
1 1830
2 101
2 562
2 1736
2 879
1 1782
2 1721
1 1677
2 488
1 198
2 1828
2 489
2 1032
2 877
2 460
1 1009
2 1711
2 1243
1 1224
2 748
1 2002
2 989
2 1840
2 1141
2 957
2 1479
1 704
1 551
1 733
2 1749
2 479
2 1473
2 1147
1 1259
1 1357
1 142
2 1162
2 221
2 1837
1 1202
2 1362
2 760
1 1536
1 664
2 1335
2 1821
2 1295
2 886
1 1973
1 547
1 509
2 872
1 809
1 1158
2 1449
2 1945
2 544
2 1518
2 664
2 1299
2 1523
2 1077
1 366
1 1273
1 1326
2 1141
2 320
1 1884
2 752
1 1114
1 1364
2 538
1 204
1 224
1 219
2 174
1 968
2 1966
2 1900
2 462
2 1525
2 645
2 176
2 216
2 850
2 377
1 463
2 160
1 427
2 112
2 982
1 749
2 956
2 21
1 768
2 951
2 248
1 998
2 1078
1 273
2 908
2 1136
2 760
1 1904
2 129
1 1267
1 717
1 1076
2 455
2 356
1 54
1 564
2 1312
2 1515
1 651
1 58
2 1318
1 1499
2 1948
1 818
2 1483
1 1497
2 214
2 1230
2 901
1 899
1 1691
1 401
2 1553
2 1405
1 262
2 1436
1 1339
1 341
2 374
2 866
2 1230
1 1932
1 176
1 1480
2 2050
2 576
1 1629
2 828
2 1751
1 252
1 1443
1 613
2 926
1 896
1 990
1 311
1 1753
1 318
2 452
2 124
2 961
1 693
2 560
1 1049
1 2041
1 1451
1 757
2 1411
2 30
1 1547
1 636
1 1276
1 1870
1 442
1 1750
1 1806
2 1333
2 1522
1 2027
1 1492
1 1537
1 919
2 451
1 1811
2 1303
1 1564
2 288
2 916
1 907
2 231
2 1089
1 2015
1 1414
1 105
2 1558
2 1261
1 666
2 1516
1 236
2 84
2 1053
2 290
1 1878
2 1850
1 23
2 1654
1 1997
1 1628
2 691
1 305
1 1543
2 1067
1 81
1 941
1 642
2 395
2 1422
2 1052
1 51
2 1798
2 948
2 1075
1 1216
1 795
2 162
1 421
2 90
1 183
2 1296
1 911
1 102
1 1088
2 868
2 1605
1 304
1 1942
1 278
1 292
2 1150
2 887
1 1330
1 1047
2 1702
1 1258
1 1299
2 275
1 1597
2 352
1 201
1 1810
2 412
1 1122
2 1285
1 1951
2 533
1 386
2 1196
1 2047
1 1460
1 1353
1 1200
2 812
2 1674
1 349
1 258
1 1500
1 1251
2 1858
1 1703
2 992
1 1393
2 716
2 344
1 1334
1 1119
1 1637
2 2039
2 1914
1 1543
1 1969
1 331
1 316
1 1407
1 1954
1 1186
1 1183
1 963
1 555
2 1863
1 1116
2 737
2 365
2 1026
1 1109
2 336
1 708
1 632
2 20
2 1796
1 1886
1 495
1 1649
1 1583
1 1963
1 507
1 535
2 628
1 395
1 1704
2 821
2 1568
1 1280
2 1528
2 854
1 889
1 123
1 1232
2 824
1 50
1 1307
2 1222
2 201
2 1712
2 700
1 1718
1 247
1 1767
1 817
1 363
1 1645
1 1945
1 654
1 802
1 133
1 1069
1 330
1 895
1 1851
2 179
2 94
1 1172
2 876
1 1485
1 1208
1 1701
2 1456
2 2047
2 985
1 451
2 470
1 1294
1 1538
1 631
2 810
2 960
1 527
1 272
2 445
2 1273
1 1622
2 358
1 347
2 1490
2 625
2 293
1 734
1 1819
1 519
1 1901
2 374
2 1554
1 1801
2 1297
1 587
2 888
1 1257
1 121
2 1610
2 2006
2 262
1 1865
2 298
1 1195
2 566
1 452
1 1744
2 1714
2 1245
2 1950
1 1272
1 1384
1 605
1 835
1 1274
2 350
2 1091
1 1341
2 1444
2 507
2 494
1 762
1 1761
1 9
2 1999
1 481
1 1011
1 1031
1 1918
1 26
1 1470
1 259
2 936
1 1242
2 872
1 1755
2 364
2 79
1 1040
2 1592
1 1513
2 646
2 473
2 385
1 1912
2 1147
2 1449
2 1180
1 1899
2 1768
1 78
1 1533
1 172
2 836
2 673
2 17
1 1356
2 1944
2 559
2 357
1 1090
1 342
1 431
1 166
1 893
2 2000
1 779
1 2042
1 418
2 1500
2 1890
2 1649
1 2005
1 167
2 75
1 1302
1 942
1 1781
2 1490
2 1393
1 60
1 401
2 1601
2 1237
2 1025
2 985
1 2021
1 967
1 1893
2 1235
2 762
2 1926
2 772
2 770
1 1747
1 1708
1 1815
1 935
2 688
1 1570
2 1592
2 2035
1 1680
2 1038
1 462
2 1585
1 353
1 342
1 558
2 178
1 1135
1 1394
1 1462
2 1917
1 1238
2 423
1 1964
1 779
1 678
2 129
2 202
2 31
1 1534
1 725
2 1203
1 1873
2 1696
1 1731
1 1958
2 156
2 595
1 243
2 648
1 1340
1 2044
1 721
2 2017
2 954
2 228
2 1517
1 911
2 1577
1 1330
1 1142
2 306
2 1382
2 586
2 1093
2 57
2 1120
2 825
2 915
1 1678
2 946
2 150
2 1667
1 1809
2 16
1 1045
1 1673
1 1604
1 1304
2 1410
2 1954
1 1883
1 997
2 881
1 482
2 1335
1 1328
1 244
1 1441
2 1716
2 1640
2 1771
1 1723
1 251
2 622
2 1880
2 71
1 1246
2 1478
1 26
2 1870
1 1846
1 474
2 1636
2 1223
2 746
2 623
2 1007
1 1132
1 986
2 271
1 514
2 1889
1 1499
1 430
2 1760
1 1074
1 742
1 946
2 1561
2 980
2 1485
1 1211
1 1953
2 472
1 370
2 524
2 1941
2 383
2 1381
1 1810
2 722
1 1387
1 1600
1 52
2 1152
2 1084
1 261
2 767
1 97
1 265
2 980
1 85
2 1059
1 1344
2 1921
1 2037
1 844
2 1352
1 1200
2 1957
2 987
1 1737
2 1471
1 1298
2 883
1 1966
2 1187
1 995
1 1909
1 1747
1 545
1 902
2 785
1 580
1 85
2 755
2 1489
2 1433
2 732
1 1518
2 640
2 1227
1 1692
2 1204
1 88
1 970
1 497
1 756
1 614
1 240
1 909
1 688
1 1902
1 143
2 1979
2 1610
1 328
1 165
2 1289
2 440
1 753
2 1064
2 546
2 1399
2 1650
1 311
1 1388
1 165
1 252
1 284
2 599
1 1670
2 1880
2 1498
2 1843
2 1863
2 800
2 1160
2 1476
2 819
1 234
1 650
2 690
1 788
1 168
2 671
2 128
1 1482
1 1085
1 154
1 1947
1 1094
2 1833
1 978
2 934
1 503
1 1080
2 723
1 968
2 402
1 397
1 105
2 1488
2 139
1 1419
1 1474
2 975
2 1169
2 333
1 1402
2 1228
1 1579
2 1759
1 1033
1 364
2 95
2 976
2 1519
2 1317
2 1972
1 163
2 887
2 436
1 1670
1 932
2 637
2 1730
1 1022
2 1596
2 295
1 1318
1 563
2 1903
1 703
1 567
1 438
2 857
2 959
1 997
1 1418
2 815
2 1803
2 1837
2 1343
2 1697
2 698
2 1801
1 834
1 520
2 1001
2 1572
2 754
1 565
2 1345
2 66
2 1094
1 1540
1 1625
2 1282
2 157
1 1590
1 1757
1 457
2 842
2 1070
1 936
2 297
2 98
2 1751
1 1821
2 613
1 1077
1 1204
1 1598
1 471
2 955
2 1400
1 830
2 840
1 456
2 536
1 151
2 1940
2 1684
1 1877
1 1685
2 1214
1 1709
1 1669
1 29
1 870
2 1220
2 1182
1 678
1 780
2 429
1 1098
1 736
2 875
2 1505
1 1028
1 1781
1 1024
2 461
1 1531
1 1032
1 1333
2 1811
1 1653
1 1378
1 1799
1 1580
1 308
1 312
1 1239
2 460
2 137
2 450
1 1928
2 108
2 422
1 1614
2 670
1 855
1 1083
1 1510
1 1222
2 1772
1 823
2 1351
1 484
2 173
2 1078
2 1293
2 745
2 1125
2 1223
2 317
1 1808
2 43
1 1398
1 1527
1 194
1 485
1 977
1 761
1 808
2 758
2 1345
2 1131
1 684
1 682
2 633
1 223
2 1792
2 1347
2 667
2 570
2 1458
1 627
2 1439
1 400
2 1462
1 1255
2 226
1 1897
1 1482
2 729
2 739
2 417
1 658
1 1023
2 358
1 325
1 239
1 1594
2 1639
1 376
2 1217
2 666
2 1281
2 556
1 1539
2 739
2 1377
2 286
1 1955
1 1118
2 1390
2 1634
1 235
2 764
1 1194
1 807
1 1198
2 1127
2 1177
2 1370
2 1865
1 1007
1 1559
1 418
1 615
2 1210
2 1844
2 619
1 1115
1 1287
1 2023
1 1434
2 282
1 1406
1 1360
1 834
2 499
2 1338
2 978
1 163
2 1412
2 999
2 1012
1 251
1 1297
1 1864
2 851
1 151
2 707
2 1305
1 218
1 484
2 354
2 1491
2 1532
1 638
2 372
1 1286
1 1238
2 884
1 1176
2 522
1 2040
2 442
2 912
2 1136
2 687
2 599
1 382
1 886
2 585
2 1161
2 1291
2 549
1 915
2 1993
2 1526
2 1562
2 159
1 1006
2 1489
2 1897
2 1707
1 1469
2 1272
1 1655
2 448
2 1896
1 1361
1 1584
1 1488
2 682
1 1130
1 93
1 69
2 1125
2 1646
2 801
2 1739
2 1082
1 708
1 1244
1 1996
1 19
2 509
1 5
1 1452
2 1113
2 1410
2 513
2 626
2 994
2 1079
1 446
2 789
2 914
1 945
1 1611
2 1753
2 409
1 952
1 147
1 1689
1 1189
2 1738
1 1166
1 1574
2 1379
1 1486
1 548
2 87
2 387
1 230
1 1170
1 396
2 100
2 1037
2 1615
2 1020
2 733
1 1521
1 213
1 1859
1 925
1 1465
2 528
1 1854
1 923
2 147
1 833
2 1914
1 1942
1 1457
2 1339
1 661
2 287
1 598
1 1313
2 1288
1 1152
1 918
1 1937
1 145
1 1035
1 973
1 1051
2 1787
1 1689
2 416
2 537
2 338
2 1320
2 993
2 278
1 1142
2 58
1 950
1 134
1 1838
1 955
2 1699
1 1089
2 1188
1 1788
2 351
1 1687
2 1926
2 519
2 4
1 874
1 1672
2 33
1 1064
2 1647
1 1305
1 388
2 208
1 1818
2 864
1 783
1 1776
2 984
1 420
2 624
2 741
1 455
2 1236
1 930
1 1729
2 211
1 1887
2 1529
1 1151
1 1487
1 64
2 1221
1 191
2 1709
1 1633
2 987
2 388
2 1417
1 30
2 1823
2 1362
1 1824
2 1717
2 399
1 561
1 1398
2 1101
2 1555
2 1176
2 1869
2 1773
1 555
1 70
1 1856
2 381
2 1163
1 384
1 361
2 841
2 1402
2 1514
2 447
1 257
2 1975
2 182
2 382
1 699
1 166
1 1308
2 829
1 1588
2 1991
1 1416
1 22
1 923
2 1766
2 1727
2 1894
2 173
2 1017
1 1587
2 822
1 1220
1 396
2 1133
1 2036
1 807
2 822
1 467
2 1354
2 1355
1 2010
2 265
1 153
2 1577
1 1700
1 321
2 486
2 270
2 490
1 1963
1 149
2 763
1 1461
1 526
1 525
1 696
2 164
2 310
2 718
1 1453
1 345
1 1510
1 1079
2 90
2 289
2 1073
1 903
1 639
2 1640
2 106
1 1013
1 983
2 1470
1 506
1 505
2 1356
2 43
1 712
1 539
1 296
2 175
1 665
2 669
1 1292
1 683
1 1179
2 5
1 1889
2 7
2 1464
1 40
1 1838
2 1847
2 410
1 144
2 1012
1 831
2 286
2 1143
2 1248
1 660
1 1070
2 1716
1 1016
2 1231
2 1390
2 1566
1 475
2 41
2 38
1 826
2 1209
2 784
2 1017
1 1095
1 234
2 1251
1 1912
2 1074
1 394
2 526
2 141
2 381
1 579
2 695
2 497
1 340
1 1037
1 1256
2 1506
2 132
2 1550
1 479
1 1569
2 498
2 126
1 1108
2 750
1 1104
2 1792
1 1687
2 486
2 246
1 83
1 892
1 6
2 391
2 741
2 930
2 1807
1 229
2 1664
2 369
1 777
2 668
2 1175
2 1270
2 2029
1 280
1 168
1 323
1 1083
1 1802
1 749
1 799
1 55
2 81
2 791
1 965
2 45
2 1306
1 161
2 1834
1 1831
2 1663
1 1179
2 819
1 1706
1 1606
1 1782
1 1905
1 1153
1 686
1 838
2 620
2 189
1 1322
2 2009
2 1319
2 1845
1 1
1 840
2 804
2 950
1 1202
1 1144
1 414
1 2028
1 727
2 1075
1 1264
2 1556
2 1549
2 541
1 517
2 248
1 843
2 537
1 1080
2 305
1 489
2 2045
2 2049
2 1540
1 882
2 73
1 1853
1 270
2 1892
1 1807
1 1956
1 1343
2 466
1 1263
2 1376
2 1447
1 1660
1 785
2 220
1 112
1 1711
2 1140
2 1998
2 259
2 1750
2 68
2 209
2 1081
2 929
2 1058
2 1748
1 1798
2 1830
2 1115
2 329
2 738
1 1000
1 199
2 1969
1 675
2 1854
1 1726
2 1653
2 1145
2 1076
2 1212
1 223
1 1324
1 1617
2 1107
2 1736
2 1068
2 1594
2 117
2 435
1 1434
2 992
2 1511
1 1041
2 832
1 1383
1 1860
1 328
2 227
2 302
2 2016
1 927
2 404
2 1884
2 1342
1 35
2 72
2 1514
1 1965
2 568
2 897
2 1612
1 428
2 1477
1 1809
2 689
1 1383
2 1544
2 1609
2 1624
2 728
1 1557
2 523
2 260
1 1808
1 988
1 713
1 335
2 1137
1 449
1 191
2 2043
1 1174
1 1795
1 228
1 1823
2 1107
1 28
1 77
2 1793
1 69
2 438
1 1699
2 425
1 441
1 1189
2 1332
1 463
2 1123
1 1683
2 1788
1 371
1 1560
1 1717
1 1704
2 1465
1 27
2 1657
1 2021
1 543
1 1466
1 1903
2 828
2 905
1 1153
2 861
2 1776
1 148
1 245
2 1509
1 941
2 263
1 1447
2 1515
1 1213
1 502
2 72
1 449
2 1939
2 1845
1 811
1 1233
2 789
1 649
2 542
2 2020
2 1852
2 404
1 138
1 1567
1 1596
1 606
2 1207
1 1986
1 1959
2 1559
1 1989
1 184
1 169
2 1087
1 224
1 324
2 343
2 1671
1 1924
1 1216
1 1763
1 776
2 454
1 1654
1 1527
1 1686
2 1121
1 799
2 1779
2 1593
1 876
1 1296
2 444
1 1681
2 593
1 315
1 1029
2 76
2 1014
1 1582
2 1979
1 723
1 113
1 354
2 1057
1 1350
2 268
1 1315
1 186
1 1568
2 1404
2 19
1 2003
2 1096
1 820
2 1205
1 261
2 1138
2 1346
2 182
1 616
2 752
2 1363
1 787
2 647
1 892
1 1531
2 539
1 775
2 1890
2 1727
1 1576
1 1420
2 1552
1 120
2 511
2 548
1 697
1 233
2 1864
1 1557
1 896
2 1493
2 1268
1 9
1 51
2 657
1 1363
2 588
1 1171
1 1184
2 84
1 2013
2 161
2 1805
1 679
1 1882
1 932
2 267
1 333
1 1827
2 1090
1 403
1 837
2 1283
2 812
2 1418
2 184
2 281
2 1110
1 476
2 301
1 1586
1 1734
1 496
2 1243
1 1139
1 1177
1 510
2 14
2 692
1 49
2 706
2 621
2 235
2 1603
2 1930
1 1728
1 1172
1 547
2 373
2 117
1 389
2 1803
1 465
1 25
1 39
1 1425
1 759
1 1454
2 1917
1 575
1 1581
1 1311
1 177
1 424
1 1988
1 288
2 937
2 969
1 971
2 1710
2 66
1 1066
2 540
1 1860
2 1163
2 1456
1 865
2 1757
1 1718
2 466
2 1375
2 1743
1 1396
1 631
2 256
1 441
2 1849
2 402
2 1215
1 464
2 242
2 440
2 1005
2 1419
2 1048
2 542
1 1900
1 1391
2 1508
2 1758
2 1535
1 1443
1 1815
2 273
1 1448
1 1698
1 140
2 154
2 673
2 148
1 825
1 407
2 390
2 1545
1 1844
1 180
2 552
2 1983
1 634
2 1063
2 490
2 1010
2 196
1 10
1 1647
2 645
2 1797
2 947
1 1817
2 1406
1 685
2 1701
2 1182
2 1806
2 2019
2 1587
2 1244
2 1010
1 998
1 1582
1 1608
1 87
2 1638
2 1214
2 1708
1 1930
1 1589
1 701
1 595
1 346
2 529
1 359
1 1652
1 1973
1 805
1 1425
2 443
2 296
1 820
2 706
2 474
1 1632
1 832
1 269
1 1046
1 953
2 1473
1 159
1 1475
2 705
2 1266
2 1888
1 1110
2 1035
1 1325
1 2045
1 459
1 2022
2 1521
2 383
2 1724
2 1579
1 2050
1 1763
1 1828
2 92
1 1616
1 1697
2 598
1 1364
2 1646
2 1668
2 856
1 477
1 1366
1 1234
2 1503
1 536
1 1337
1 1644
1 610
1 12
1 830
2 1720
2 1233
2 931
2 890
1 16
2 990
2 750
1 1990
2 1183
1 1472
2 1143
2 92
2 230
2 350
2 726
1 2005
2 309
2 225
1 691
1 1893
1 1946
1 2008
1 917
2 385
1 215
1 124
2 1713
1 1344
1 838
2 1298
2 1290
1 325
1 1151
2 1049
1 1746
1 748
2 1887
1 1278
1 918
1 852
2 839
1 1800
1 1013
1 996
2 172
1 899
2 655
1 210
2 1762
2 457
1 1698
1 1976
1 1676
2 784
2 1063
1 415
2 1581
1 1056
2 44
1 577
2 1288
2 59
2 532
2 602
1 1923
2 768
2 472
1 409
1 127
1 1250
1 1498
2 766
2 1213
2 1236
2 605
2 171
2 564
1 1016
1 125
1 158
2 1195
2 1137
2 367
1 736
1 2015
2 1327
1 14
1 170
1 975
1 1008
1 506
1 1279
1 947
2 192
2 1623
2 637
1 492
2 991
2 1913
2 796
1 408
2 1435
1 1134
1 425
1 929
1 867
1 1286
2 544
1 202
2 701
2 1059
2 573
1 1427
2 1423
1 60
1 686
2 1349
2 1389
1 679
1 2016
1 1542
1 821
1 152
1 1027
1 596
1 680
2 1271
1 1472
2 1161
2 1972
2 1435
2 355
2 713
2 661
2 1479
1 622
2 1249
1 643
2 1902
2 1104
2 1421
2 1246
2 324
2 279
2 578
2 1185
1 82
2 1676
2 257
2 794
2 1862
2 1405
1 232
1 1639
1 387
1 1173
1 467
2 372
1 426
1 1394
2 495
1 1380
1 1641
1 793
1 1755
2 1970
2 107
2 1976
1 1990
1 135
2 665
2 1789
2 1374
1 719
2 1237
2 1573
1 255
2 469
2 1859
1 1198
1 515
1 1675
2 746
1 869
1 1977
2 1744
2 935
1 1623
1 398
2 907
2 606
1 1280
1 1994
2 1768
2 1268
1 1843
2 378
2 1576
1 1496
2 1211
1 1099
2 2008
2 561
1 18
2 607
2 1283
1 1998
2 208
1 1105
1 1501
2 897
2 751
1 1679
1 42
2 1097
2 787
1 1431
2 96
1 1772
1 782
1 1648
2 1918
2 1028
2 553
2 1437
2 392
2 178
2 493
2 1652
1 1065
1 1438
1 1681
1 1167
1 11
2 528
2 590
2 1131
2 972
1 1876
2 693
1 578
1 2025
1 34
2 839
1 336
2 1674
1 317
2 1524
1 2032
2 1938
1 764
2 1047
2 1638
2 657
2 797
2 910
2 1442
2 469
2 1694
2 1874
1 792
1 103
2 344
1 841
1 1542
2 291
2 1149
2 1834
1 359
2 900
1 1207
2 1331
2 185
1 468
2 1554
1 627
1 1591
2 1072
1 649
1 594
2 386
1 337
1 6
1 858
1 1825
2 1548
1 421
2 86
1 1376
1 1199
2 516
2 1052
1 1657
1 427
2 1745
2 1098
2 1168
2 920
2 153
2 1632
1 891
2 1974
1 765
2 1634
1 794
2 894
1 1218
2 1400
1 1965
2 984
1 633
1 870
2 2049
1 1793
1 1971
2 25
2 1770
1 2000
1 747
1 4
1 34
1 1038
1 1683
1 659
2 1631
2 1403
2 18
2 1661
1 674
1 1042
1 1700
2 508
1 2034
2 813
1 642
1 465
1 1253
1 139
1 254
1 1775
2 1519
2 557
1 74
2 531
1 1732
1 1051
1 1481
2 1277
1 1928
1 571
1 926
2 765
2 738
2 1250
1 777
1 332
1 1580
2 1946
2 346
1 2006
2 1445
1 1303
1 1733
1 1187
2 993
1 237
2 1408
2 2001
1 219
2 491
2 126
2 432
1 906
1 1662
2 550
2 1952
1 1868
1 859
2 1904
1 197
1 1191
2 1881
1 783
1 1881
1 1857
1 776
2 1111
1 1391
1 1323
2 641
2 1240
1 851
2 1545
2 860
1 1691
2 885
1 1927
1 1478
2 667
2 1293
2 1985
2 753
1 91
2 656
2 1618
1 1690
2 803
1 898
1 1401
2 1522
2 1399
2 867
2 795
1 704
2 1346
2 46
2 190
2 859
2 1713
2 1058
1 847
1 715
1 864
1 580
2 781
2 128
2 1641
2 823
1 916
2 1322
2 501
2 692
1 186
1 74
2 439
2 1523
1 237
1 1055
1 1525
1 502
1 1970
1 1388
2 684
1 988
2 334
2 1663
1 1777
1 1936
1 579
2 1911
2 827
1 521
1 1113
1 1307
1 1135
2 1935
2 815
2 1245
1 763
1 904
2 1437
2 1156
1 1916
1 939
2 1754
2 1432
2 1512
2 1962
2 1224
2 504
1 1752
1 111
2 363
1 873
1 302
2 1271
1 330
1 1813
1 2
2 1252
2 1134
1 798
2 646
1 378
1 1116
2 1119
2 1560
1 1164
1 894
1 1766
2 1764
1 379
2 213
1 483
1 108
1 881
2 625
1 1835
2 994
1 1762
2 450
2 583
1 1961
1 1933
1 1816
2 2029
2 1229
1 1595
1 1030
1 943
2 241
2 1962
2 246
1 715
1 412
1 1720
2 197
1 920
2 432
2 53
2 2027
1 1440
1 963
2 1879
1 1024
2 1291
1 426
1 285
1 1961
2 110
2 420
2 41
2 1850
2 1263
1 976
2 618
1 253
1 805
2 856
1 38
2 630
2 1992
2 1633
2 1715
2 644
2 1121
2 393
1 1050
1 1441
1 505
1 999
1 232
1 78
2 1673
2 2004
2 185
1 774
1 73
1 277
1 910
2 1392
2 323
2 309
1 274
2 1043
2 1588
2 1483
1 1411
1 531
1 1548
1 603
1 1925
2 587
2 714
1 1671
2 1124
1 1949
1 694
1 287
1 1882
1 1598
1 1404
1 205
1 1257
2 433
1 1922
1 1275
2 1369
1 1212
2 1705
1 857
1 796
1 1361
2 1919
2 1197
2 150
2 1590
1 476
2 893
1 1790
1 1546
1 1085
1 846
2 1611
1 653
2 1770
2 1185
2 351
2 1371
2 1667
1 877
1 1915
2 238
1 1538
1 1140
1 250
1 510
1 1855
1 356
2 1165
2 594
2 320
2 2048
1 1862
1 943
2 67
1 530
2 1159
2 282
2 1036
2 991
2 32
1 1003
1 1422
1 1008
2 1301
2 1252
1 755
1 277
2 714
1 1424
2 1505
2 1386
1 321
1 326
1 294
1 1513
1 1446
2 1209
2 1650
1 1841
2 843
2 636
2 97
2 831
1 116
2 1628
1 2036
2 461
1 1967
1 258
1 648
1 979
2 114
2 1555
2 953
1 343
2 1665
1 1609
2 1725
1 614
2 788
2 1450
1 144
2 1039
1 341
2 1501
1 1067
2 1260
1 1471
2 1659
1 837
2 2025
2 162
2 1329
2 200
1 1409
2 487
1 643
1 1315
1 525
2 1192
2 1101
2 1765
1 1164
2 961
1 122
2 904
1 1225
2 63
2 1046
2 212
2 1761
1 1789
2 1688
2 76
1 1669
2 1982
1 1453
1 1607
2 253
2 973
1 1631
2 757
1 1578
2 1586
1 1968
1 1932
2 925
2 1960
2 663
2 604
2 1332
1 1948
2 1784
2 737
2 264
2 1178
1 1103
1 152
2 1269
2 1874
1 1348
1 1048
1 1084
2 931
1 1149
2 1987
1 107
1 222
1 1073
2 2022
2 697
2 597
1 848
1 1301
1 1446
1 1842
2 240
2 962
1 550
2 1748
1 1629
1 1719
1 1071
2 1105
1 632
2 1618
1 1203
1 1342
2 570
2 1409
1 874
1 1511
2 585
2 729
1 671
1 1304
1 1556
1 791
2 563
2 464
2 1386
2 1328
1 411
1 1885
1 1463
2 895
2 933
2 652
2 177
1 179
2 1407
1 1247
2 1742
1 414
2 1574
2 422
2 607
2 1868
1 1123
1 1155
2 59
2 863
2 170
2 524
1 1231
2 255
2 635
2 1221
1 247
1 1921
2 1561
1 1774
1 1950
2 1705
1 1794
2 891
2 419
2 615
1 380
1 1756
2 1591
1 1371
2 1201
1 1126
2 1861
2 198
1 1003
1 707
2 459
2 722
2 1267
2 1566
1 375
1 659
2 1695
1 1820
2 496
2 690
2 1452
2 836
2 769
1 280
1 1414
1 488
1 167
1 1615
1 602
2 1266
1 1011
2 1467
1 958
2 770
2 439
1 827
1 705
1 797
1 1978
2 400
2 1565
1 626
1 1992
1 630
2 473
2 1737
1 434
1 298
2 1714
1 1783
1 1382
1 1132
1 1957
1 297
1 1656
2 949
1 541
2 281
2 575
1 511
1 367
1 814
1 1097
2 169
1 775
1 406
1 1060
1 782
2 855
1 522
1 639
2 181
1 1944
1 2013
1 1915
1 1947
1 1616
1 571
2 183
2 389
1 908
2 1951
2 155
1 1181
2 443
2 600
2 1952
1 803
2 711
1 1964
1 885
2 1939
2 1665
2 1157
1 1818
1 1061
2 780
1 175
2 551
1 292
2 1031
2 1300
2 429
1 1265
2 360
2 1617
2 1166
1 1269
1 744
2 1474
2 1372
2 229
2 500
2 206
2 871
1 54
2 1799
1 1791
2 1595
2 1467
2 1943
1 521
1 1144
2 964
2 969
2 2037
2 398
1 1986
1 1627
2 475
1 515
1 1493
1 2011
2 1547
1 1668
1 143
1 597
2 110
1 53
1 1320
2 272
2 934
2 1743
2 1861
2 1444
2 700
2 1853
1 1613
2 1448
1 1433
1 1780
1 617
2 403
1 1357
2 89
2 366
1 967
1 1651
2 1562
2 1122
2 437
1 1025
1 1316
1 415
2 1497
2 2041
2 596
1 677
2 225
1 534
1 2014
1 878
2 1829
2 1829
2 327
1 1385
2 687
1 1385
2 1680
2 339
2 369
2 119
2 1416
1 1451
1 1480
1 195
2 586
1 1804
2 1724
2 1567
1 267
2 1457
1 677
1 1572
2 1336
1 99
2 1974
2 1842
2 685
1 1771
2 501
2 1232
2 1769
2 1061
1 118
2 1608
1 44
2 445
1 269
1 620
1 1597
2 67
1 1658
1 608
1 204
2 945
2 1733
1 260
2 1054
1 1092
2 199
2 811
2 1287
2 1622
2 121
2 1600
2 283
1 1057
1 1072
1 1062
2 487
1 2014
2 1219
2 1578
1 1310
1 1403
2 576
2 569
2 75
1 40
2 865
1 2009
2 1658
2 68
1 609
2 913
1 1715
1 1461
1 116
1 1053
2 1722
2 349
1 1971
2 62
1 1146
2 1612
2 115
1 1530
2 590
2 644
1 212
1 448
1 869
2 406
2 1309
1 1100
2 1908
2 951
1 718
2 239
1 2048
2 1664
2 1358
1 1877
1 31
2 370
1 641
2 1188
1 12
2 1876
1 889
1 1721
2 1106
2 1146
2 1988
2 1994
2 200
1 1734
1 1019
1 1359
1 290
1 1575
2 1210
2 1285
1 735
2 1034
1 362
2 845
2 724
2 338
2 498
1 818
1 1662
2 1018
1 1314
1 348
1 1702
1 1117
2 1001
2 995
2 658
2 1796
2 732
2 322
2 1347
2 1620
1 940
2 1093
1 1129
2 569
1 1215
2 23
2 1740
1 532
1 824
1 1130
1 1728
1 195
2 974
1 939
2 2035
2 1722
2 1281
1 1240
1 104
2 880
1 589
1 493
1 1991
2 8
1 868
1 1436
1 1118
2 1
1 454
1 710
1 1875
1 1995
1 1162
2 743
2 1888
1 1866
1 331
1 266
1 730
2 1813
1 114
2 3
2 2019
2 1836
2 380
2 3
2 790
2 809
2 1319
1 1613
1 1871
2 453
2 1127
2 458
2 478
1 1959
2 433
1 1929
2 810
2 276
1 560
1 900
2 1675
1 601
2 1484
1 1092
1 745
2 853
2 566
2 56
1 187
2 1173
2 624
1 28
2 1742
2 446
1 709
2 318
1 1392
2 39
1 1154
2 1885
1 98
2 1886
2 1421
1 1816
1 1841
1 568
1 589
1 1627
2 1601
2 879
2 1015
2 719
2 264
2 477
1 623
1 1262
2 1856
2 218
2 668
1 1833
2 826
2 940
2 1677
2 1931
1 2002
2 938
2 778
2 1589
1 1999
1 538
2 1805
1 1544
2 854
2 1504
1 1719
2 1427
2 57
2 806
1 781
2 651
1 2030
1 1883
1 1030
1 11
1 2028
1 1679
2 55
2 629
2 1254
1 299
1 211
1 20
1 574
1 1896
1 1217
1 1275
1 431
1 1175
2 672
1 890
2 653
1 1313
1 860
1 1920
1 1395
2 1226
2 592
1 567
1 7
1 965
2 689
1 591
1 1552
2 345
2 45
2 883
1 727
2 1931
1 875
1 694
1 1311
2 672
2 773
1 243
2 355
2 1190
1 1995
1 1015
1 1626
1 434
1 933
2 1899
1 1381
1 238
2 196
2 774
2 1604
1 662
2 1426
1 981
2 1624
1 1426
2 540
1 847
2 1832
1 1368
2 1593
1 617
1 716
2 71
1 583
2 1985
2 127
1 1065
1 1494
1 424
2 1372
1 1060
2 1148
2 1235
2 83
1 921
2 1907
1 1738
2 1397
2 1619
1 863
1 1688
1 1062
2 552
2 1840
1 1139
1 419
2 1517
1 480
1 681
2 2003
1 284
1 310
2 1066
2 122
1 340
2 295
1 735
2 411
2 1779
2 1993
1 912
1 1208
2 1819
1 458
1 1190
1 974
2 1723
2 1764
2 1249
2 1551
2 1520
2 1773
1 1424
2 283
2 610
1 17
1 717
2 654
1 417
2 1987
1 1458
1 1290
1 901
2 408
1 1752
2 516
1 957
1 413
1 77
1 1642
2 652
1 1584
2 1423
1 61
2 1822
1 1817
2 731
1 1855
1 70
2 1924
1 609
2 572
2 743
1 924
1 1158
2 588
1 731
2 1814
1 1160
1 944
1 724
2 1081
2 1602
1 1292
2 1148
1 1835
1 1726
1 99
1 1341
2 612
2 1022
1 1194
1 1033
1 1308
2 103
2 1091
1 468
1 1284
2 829
1 983
2 769
1 1477
2 619
1 314
2 1901
1 621
1 846
2 1352
1 1377
1 245
2 503
1 241
2 300
2 499
1 676
1 65
2 527
2 1180
1 982
2 662
2 52
1 1306
1 242
2 118
1 1336
1 1934
1 798
1 79
2 2033
2 357
1 32
1 1282
2 1913
1 1831
1 702
1 15
1 683
2 1494
1 231
2 322
1 1686
2 592
2 416
2 1326
2 1096
1 1439
2 2011
1 710
1 1432
2 1056
2 1278
2 1111
2 130
2 1955
2 1621
1 1839
2 263
2 46
1 944
2 22
2 862
1 959
1 1936
2 1571
1 329
1 1502
1 1242
2 1867
2 1749
2 1367
1 1378
2 1682
2 712
1 1226
2 1157
1 1006
2 1645
2 2024
1 1109
1 1324
1 1071
1 24
1 1155
1 942
1 1168
1 193
1 91
1 726
2 1327
1 517
2 1114
2 740
1 1349
1 1537
2 203
2 1943
1 1910
1 100
1 1099
1 1312
1 508
1 1481
2 63
2 1533
2 582
2 1891
1 1300
2 924
2 494
1 1225
1 1804
2 559
1 193
2 1429
2 533
2 1507
1 1389
2 134
1 1503
1 158
1 1852
1 1690
2 919
2 1922
2 1369
1 314
2 221
2 2012
1 1730
2 1055
1 142
2 1866
2 611
2 1765
2 376
1 2012
2 192
1 989
2 1354
1 2031
1 1908
1 1206
2 817
1 80
2 1027
2 49
2 1848
2 1516
1 1891
1 1321
1 628
1 1984
2 1528
1 94
2 1740
1 1255
1 913
2 1795
2 905
2 1937
1 274
1 1496
2 236
1 2026
1 312
2 1159
1 1219
2 50
2 136
2 1735
1 504
2 307
2 1684
1 2031
1 1949
1 1450
2 1004
2 1124
1 1466
2 970
1 268
2 109
1 616
1 725
2 410
2 1373
2 1229
2 1767
1 8
1 1712
1 558
1 362
1 1145
2 709
1 977
1 1898
2 375
2 95
2 1112
2 1575
1 1607
2 1455
1 48
1 958
1 394
2 1756
2 1004
1 518
2 1857
2 1981
2 702
1 1982
2 670
2 1475
2 1960
1 1156
1 1989
2 873
2 1929
2 1786
2 1196
1 1502
1 315
1 1262
2 1710
1 308
2 676
1 937
1 1659
2 483
1 313
1 1289
1 2039
1 601
1 771
1 545
1 1102
1 848
1 217
2 1337
2 1661
2 1826
1 131
1 603
1 29
1 1778
1 361
1 1019
1 1174
2 222
2 306
2 1495
1 1905
2 353
1 2042
1 1895
2 573
2 1087
1 56
2 444
1 1129
1 1375
1 227
1 271
1 1812
1 1133
1 189
2 1869
1 1802
1 365
2 964
1 1279
1 1920
2 35
2 1906
2 871
2 1258
2 123
2 1898
2 1630
1 1023
2 1284
1 1599
1 1692
2 844
2 699
2 928
1 1181
1 956
2 1614
2 2038
2 556
2 337
1 1486
2 1314
1 1599
2 1569
2 591
2 368
2 1636
1 1769
1 1571
1 1706
2 1648
2 1506
2 720
1 1790
1 1044
1 744
2 377
1 557
2 2018
1 1660
2 146
1 1934
2 1138
2 581
1 15
1 47
2 1666
1 436
1 1824
1 437
2 773
1 293
1 858
1 1536
1 160
1 801
2 392
1 1440
2 1909
1 966
1 1732
1 513
1 1956
2 220
1 640
2 1368
2 1248
2 478
2 1563
1 485
2 971
2 1780
1 584
2 695
2 1564
2 1150
1 300
1 1442
2 1106
2 1530
1 1086
1 156
1 1541
1 562
1 1429
1 181
1 1487
2 833
2 1678
2 1550
1 42
1 471
2 2046
1 1703
2 572
1 327
2 1785
2 1694
1 2004
1 1484
1 1247
1 24
1 294
1 1927
1 850
1 1846
2 447
2 37
2 2033
2 1549
2 1637
2 1317
1 813
1 1384
1 728
2 842
1 1348
2 1120
2 101
2 146
2 720
2 948
1 1039
2 1415
1 1672
2 518
2 125
1 1103
1 2030
1 742
1 1968
2 291
2 1020
2 862
2 938
1 612
1 279
2 1787
2 1316
1 491
2 1872
2 1958
1 456
2 1355
2 1606
2 1374
1 1895
1 319
2 1777
2 902
2 194
2 226
2 347
2 1270
1 2010
1 1509
1 1276
1 1128
1 65
1 1154
1 47
1 1413
2 1916
2 1774
1 1254
1 250
2 1329
1 1910
1 1417
2 1002
1 1785
1 334
2 244
1 1643
2 1370
1 574
2 1907
2 1849
1 1867
1 1191
1 806
1 546
1 2043
2 1193
1 888
2 921
1 800
1 1036
1 553
1 849
1 492
2 209
1 1086
2 1759
2 549
2 1603
1 1827
2 303
1 2020
1 102
2 1826
2 1512
1 1338
1 1323
1 629
1 1054
1 135
1 1573
2 1476
2 1021
1 133
1 405
1 1454
1 960
1 1894
1 303
1 1184
2 1551
2 1396
1 1524
1 696
1 853
1 634
1 1642
2 1745
1 1875
2 285
2 157
2 1754
1 608
1 1112
1 730
2 1274
2 852
2 1325
2 2040
2 1100
2 928
1 1925
1 650
2 1259
2 1353
2 674
1 771
1 1535
2 1468
2 1309
1 1729
1 319
1 766
2 1980
1 203
1 577
2 1205
1 405
2 1526
2 1387
1 721
2 2026
2 1365
2 861
2 1872
2 816
2 2024
1 1260
2 914
1 145
1 360
1 604
1 917
2 1746
2 1228
1 36
2 898
2 514
1 373
2 64
2 655
1 703
2 1814
2 922
1 1261
1 772
2 1428
1 1359
2 554
