4600 4500
2 1878
1 510
1 1076
2 472
1 2299
1 1118
1 1516
1 528
2 1804
2 624
2 1412
1 1627
1 303
2 2294
2 754
2 2015
2 832
1 923
2 479
2 1668
2 1265
1 1935
2 350
2 1232
1 2267
2 841
1 401
2 1558
1 1508
1 812
1 1973
2 1753
2 1447
2 1340
2 1272
1 1614
2 2138
2 753
1 1844
1 921
1 1924
1 488
1 1734
1 1883
2 1464
2 226
1 496
2 1417
2 353
1 720
1 523
2 1569
1 611
2 721
2 126
1 1042
2 797
1 617
2 768
2 1896
1 565
2 2044
2 1420
2 1944
1 884
1 956
1 2049
1 92
2 655
1 606
2 398
1 2271
2 1678
2 718
1 688
2 78
1 193
2 856
1 810
1 1039
1 266
1 1025
1 2185
1 1160
1 1826
2 2159
2 708
1 1770
2 628
1 2172
2 2038
2 1963
1 744
1 607
1 1861
1 1156
2 690
2 1004
2 1325
1 989
1 297
1 242
1 1150
1 261
1 1992
1 1031
1 1216
2 410
2 1303
1 974
2 1862
1 1300
1 1628
1 605
1 661
1 99
2 1869
1 876
2 451
2 664
1 1421
1 1362
2 1744
2 281
2 2096
1 2081
1 1383
1 1965
2 1716
2 939
2 858
1 1814
1 552
2 802
1 1527
2 322
1 1592
1 583
2 723
1 393
1 538
1 1948
1 2017
1 603
2 328
1 1534
2 1148
2 2263
2 2082
1 1736
1 48
1 614
2 1583
1 355
2 1195
2 286
2 1872
1 220
1 481
2 1161
2 1196
1 1094
2 341
2 1251
2 1675
1 12
2 895
1 1877
1 973
1 1207
1 1151
1 1504
1 406
2 726
1 2133
2 532
2 8
2 434
2 1984
2 2072
2 2208
1 980
1 771
2 852
1 1957
2 27
1 60
2 1759
2 936
1 2007
1 1708
2 926
1 1623
1 2103
1 443
2 1150
1 2099
2 565
2 271
1 441
1 734
1 1818
1 1420
2 2028
1 684
2 91
1 384
2 116
1 366
1 2286
1 1951
1 1232
1 2114
2 1981
1 2134
2 477
2 1693
1 1967
2 930
1 224
1 1875
1 2287
2 511
1 1507
1 2068
1 162
1 597
1 310
1 1806
1 886
1 423
1 716
2 1313
2 1377
2 1908
1 123
1 267
2 1137
1 1442
1 1012
2 1436
1 979
1 791
1 1722
2 1548
1 1805
2 249
2 2173
1 1127
1 2241
1 1217
2 173
1 11
2 408
1 1149
2 1322
2 319
2 223
1 1732
1 158
1 246
2 1635
2 37
2 772
1 27
2 54
1 1763
2 329
2 277
1 1021
1 99
1 214
2 1776
1 2066
1 1471
1 1258
1 1661
2 982
2 1604
2 1297
1 2011
2 2106
1 318
2 211
1 117
2 1201
1 194
2 1851
1 1739
1 724
2 1060
1 1934
1 1388
1 620
2 1825
2 1520
2 1280
2 901
1 1870
2 501
2 375
1 1941
1 109
1 80
1 1359
1 1289
2 1526
2 637
2 1532
1 263
1 789
2 1870
2 1166
1 921
1 1715
1 373
2 469
1 802
1 168
2 2240
2 2155
2 1781
1 2071
2 335
2 35
1 1529
2 1574
1 445
2 1375
1 1509
1 1398
1 697
2 1797
2 1371
2 1922
1 1081
2 1625
2 1005
1 1606
1 1516
1 622
2 440
1 1438
2 1409
1 1011
2 2141
1 1162
1 1115
2 1641
1 1301
1 2188
1 592
1 352
2 135
2 234
1 1508
1 2300
1 861
1 1542
1 2272
2 843
1 950
2 1389
1 2254
1 676
2 1186
1 579
1 2119
2 20
2 848
2 2085
1 1889
2 2003
1 2025
1 768
2 1269
2 1465
1 1975
2 480
2 1718
1 678
2 1121
1 719
1 716
1 1124
1 319
1 458
1 1865
2 931
2 1003
1 516
1 2048
2 1917
1 1122
1 124
2 1934
2 814
1 308
1 1259
1 1019
2 1607
1 1746
2 2115
1 2045
2 871
1 568
2 1494
2 1873
1 26
1 673
2 1141
2 1933
2 1685
2 2187
2 1138
2 927
2 311
1 564
1 751
2 182
2 1737
2 2256
1 1234
1 1876
1 1930
1 507
1 697
2 960
1 2246
1 1587
2 877
2 1537
2 2113
2 486
1 1699
2 2064
1 2169
1 587
2 1179
1 616
2 257
2 97
2 898
2 1167
2 1085
2 2291
2 845
1 1507
2 1251
1 1153
1 2013
2 400
2 56
2 2225
2 2067
2 1202
1 829
2 1011
2 549
2 2227
2 1152
1 996
1 1760
1 644
1 1128
2 1594
2 21
2 213
2 1017
2 1199
2 1987
2 1332
2 1244
1 2218
1 993
2 457
1 1356
1 414
2 420
1 108
2 609
1 1769
1 1544
1 1979
2 1236
2 942
2 1467
2 2171
1 843
2 2024
2 1055
1 128
2 2088
2 2030
1 179
2 1261
1 2195
2 1502
1 138
2 38
2 894
1 1918
1 476
1 2158
2 793
1 1004
2 2044
2 1760
2 1304
2 2193
1 1688
2 1991
1 2232
1 1081
1 1319
1 1554
1 721
2 1857
1 1214
1 750
2 161
1 1772
2 570
1 188
1 659
1 2269
2 649
1 1661
1 1141
2 2151
2 1414
2 612
2 1940
2 612
2 833
2 604
2 1918
1 1213
1 1013
1 1252
1 1899
1 1775
2 416
2 1254
1 2276
1 705
1 1816
2 45
1 647
1 1434
1 917
2 2073
2 1932
2 2093
2 364
1 1774
2 1148
2 1313
2 358
1 596
2 1063
2 1088
2 5
1 166
1 1110
1 1593
1 192
1 435
1 367
2 2235
1 247
2 870
2 2142
1 1814
1 1330
2 1945
2 586
1 1387
1 1367
2 753
2 1823
1 569
1 1709
2 1135
1 740
1 1853
2 1587
1 1336
2 2268
1 2168
1 1007
1 777
2 666
2 2021
1 1470
1 1308
1 84
1 1723
2 1407
2 1579
1 1095
2 598
1 291
1 1016
2 990
2 799
2 857
1 691
1 969
2 1133
1 1015
2 1393
2 151
1 2148
2 544
2 148
1 1041
1 1976
2 1312
1 1277
1 36
2 887
2 2115
1 269
2 44
1 634
1 2056
2 856
2 1549
2 962
2 2254
2 1919
1 2046
2 2182
1 1483
1 6
1 1033
2 2005
2 1928
2 312
1 1539
2 2092
2 1956
2 1704
1 1006
1 1212
1 836
2 923
1 1472
1 73
1 2173
1 698
2 11
1 292
1 1402
1 242
2 1072
1 111
2 1087
2 1578
1 1256
1 377
1 499
1 1062
1 658
2 1211
2 464
1 1643
1 2125
1 405
2 2285
2 307
2 2229
2 1453
2 739
1 2118
2 2123
1 1888
1 515
1 1026
1 1458
1 2290
2 2124
1 1404
2 1325
2 2248
2 1521
2 820
1 1405
2 934
2 190
1 988
1 1778
1 1900
1 1860
1 800
1 1959
1 744
2 526
2 366
2 1612
1 1705
1 1642
2 29
1 741
2 1218
1 1052
2 672
1 878
1 189
2 975
1 573
2 2200
1 2219
2 1597
2 1037
2 1962
2 882
2 1372
2 1718
1 2086
1 905
1 944
2 2140
2 1882
2 824
2 1018
1 2047
1 1095
2 2130
2 828
2 2198
1 638
2 874
1 1891
1 967
1 3
1 321
2 1726
1 747
1 1341
1 702
2 405
1 1193
2 129
2 96
1 1623
1 10
1 1923
2 1782
2 2218
1 1852
1 1612
2 1713
1 1556
2 2143
2 245
1 1379
1 446
2 1088
2 1545
1 1184
2 1116
2 1338
1 1140
2 2079
1 1571
1 114
1 2067
2 1378
1 1826
2 1073
2 374
2 53
1 1024
2 920
1 1653
1 2089
2 997
1 1983
1 755
2 1331
2 610
1 1600
1 1955
1 1489
1 535
1 563
1 356
2 1965
1 1057
2 1113
1 2014
1 1480
1 2055
1 2024
1 1577
2 1791
2 1511
2 881
2 1923
2 24
2 229
2 184
2 1186
1 749
1 2022
1 1239
1 1544
1 178
2 1887
2 696
2 2270
2 1144
2 1654
2 1142
2 473
1 1258
1 1057
2 1906
1 1670
2 87
2 1849
2 2300
2 664
1 1707
1 1739
1 209
1 2224
2 199
2 674
2 619
1 909
1 1172
1 1986
1 1225
1 2170
2 1999
2 823
2 400
2 2207
2 510
2 525
2 2018
1 251
1 1165
2 2123
2 504
1 728
2 1422
1 1988
1 423
2 84
1 828
2 452
2 1621
1 490
2 36
2 865
1 1563
2 2150
2 1115
2 59
1 1715
1 1622
1 1732
2 388
1 1967
1 2281
1 915
2 1249
1 2183
2 513
1 1633
1 98
2 951
1 827
1 834
2 361
2 399
2 1812
1 520
1 1390
1 1100
1 1385
2 1123
1 459
1 884
2 553
2 1309
2 1314
1 1652
1 1538
1 830
2 2111
1 1439
2 1410
2 1800
2 945
1 1786
1 2226
1 1783
1 195
2 2228
1 316
2 1748
1 1792
2 1801
1 2034
1 1056
1 1230
2 813
1 1306
2 1633
2 758
2 555
1 1981
2 1572
2 189
1 2176
2 911
2 725
2 1323
1 2050
2 1632
1 2002
1 541
2 1332
2 390
2 250
2 575
1 57
1 980
1 1285
2 1637
2 2043
1 1922
2 1203
1 386
1 561
1 161
1 1248
1 550
1 624
2 970
1 2112
2 283
1 496
1 2233
1 547
1 177
1 425
1 1429
2 1185
2 729
1 2009
1 1700
1 141
2 216
1 187
1 1462
2 563
2 2165
1 378
1 1343
2 379
2 1112
1 1357
2 1361
1 776
1 818
2 546
2 1363
1 673
1 17
1 504
1 1674
2 1794
1 190
1 1431
1 1905
1 1767
2 394
1 1947
1 2149
1 1820
1 1505
1 1413
1 1678
2 825
2 78
2 214
1 2257
1 1927
1 2273
2 1898
2 1665
2 1598
2 1107
2 466
1 1475
1 473
2 1686
2 1835
1 331
1 1813
1 120
1 1206
1 118
1 126
2 1023
2 531
1 1381
2 2265
2 1601
1 1117
2 1969
2 733
1 2223
2 1564
1 838
1 30
2 1079
1 1645
2 2220
1 383
1 1336
1 2098
2 1345
1 1757
2 71
2 1539
2 2052
1 1176
2 265
1 1126
1 1677
2 1589
1 961
1 2071
1 347
1 826
2 2135
1 518
2 494
1 1973
1 1651
1 669
2 808
2 134
2 414
1 1078
2 560
2 2029
2 50
1 137
2 818
1 2068
2 1830
2 1862
2 1610
2 1071
1 460
1 416
1 914
1 591
2 2097
1 2156
1 776
2 1992
2 938
2 1696
2 1061
2 2190
2 1173
1 72
2 2059
1 1116
1 1895
2 710
2 1287
1 657
2 2161
1 1179
1 972
2 450
2 122
2 1002
1 8
1 1418
1 1651
1 799
1 331
1 306
2 1147
1 1707
1 1484
2 662
2 1619
2 2107
1 1655
2 235
2 633
1 1227
1 1159
2 1514
1 1771
2 1837
1 1832
1 380
1 1219
1 978
1 1476
2 2062
1 1337
2 370
2 798
2 2237
1 1955
2 1936
1 1443
2 1488
1 1170
2 55
2 421
2 345
1 1274
1 1593
1 2034
1 415
1 1198
2 278
1 1631
1 1300
2 7
2 689
2 1809
1 1213
2 1836
2 871
2 866
2 411
1 1632
2 1721
1 831
1 767
1 998
2 111
2 900
2 1455
1 1096
1 18
1 70
2 1268
1 1032
2 765
2 987
2 778
2 1813
1 1573
2 819
1 1702
2 1009
1 406
2 368
1 234
2 2263
1 927
2 95
1 1575
1 417
2 530
2 898
2 372
2 329
1 1035
1 1221
2 1585
1 1846
2 1550
1 1511
1 1648
1 991
1 233
2 155
2 387
1 628
2 918
1 235
2 1008
2 9
2 1490
2 2
1 34
2 1164
1 2171
2 1246
1 427
1 2116
1 994
2 752
2 125
2 455
2 2256
1 472
2 2236
1 2240
2 295
2 1134
2 1397
1 2258
1 1007
2 1275
1 2089
1 1366
2 475
2 2177
2 1034
2 2234
2 1394
2 2223
1 502
2 1613
1 1055
2 1656
1 636
2 1247
1 521
2 1754
2 1318
2 2181
1 1378
2 1091
2 675
2 2203
1 899
2 1777
1 1841
1 448
1 438
1 512
2 816
2 676
1 362
2 1887
1 691
2 1056
1 426
2 2018
2 269
2 493
1 2172
1 1880
2 1320
2 1070
2 483
1 669
2 668
2 1951
1 43
2 955
2 1685
1 1460
1 1694
2 337
2 1734
2 832
2 533
2 1913
1 1716
1 2200
1 1501
2 1740
1 191
2 1045
1 2110
1 1756
2 2045
2 424
1 748
2 1901
1 2216
1 1501
1 1590
2 1682
1 1521
2 1270
2 929
1 237
1 1399
1 1561
2 1653
1 446
1 1807
1 92
2 1391
1 1160
1 595
1 804
1 2074
1 1187
1 853
1 2215
2 823
2 1889
2 1553
2 989
1 1296
2 1942
2 1471
2 864
2 1424
1 571
2 713
2 1047
2 1617
2 255
2 932
2 1019
2 268
2 1893
1 1050
2 955
2 1397
1 722
1 13
1 954
2 929
2 411
1 2019
1 1817
2 1445
1 1027
2 2139
2 1526
2 1823
2 1997
1 998
1 1127
1 1854
2 1949
1 440
2 415
1 1614
1 1489
2 1124
2 1253
2 1903
2 198
1 42
2 866
2 1799
1 2091
1 2026
1 2297
2 875
1 970
1 1299
1 1555
1 506
1 681
2 1665
1 1293
2 2097
1 298
1 1155
1 1102
1 558
1 2185
2 76
2 1802
1 268
2 572
1 1804
1 1396
1 2108
2 878
1 1698
1 1921
1 200
2 1546
2 1523
1 1840
1 145
1 1328
2 769
2 1515
1 825
2 2060
2 490
1 2131
1 1463
2 1308
2 332
1 718
2 1233
2 421
1 2047
1 1316
1 1423
2 2296
2 2228
2 1181
1 1662
2 1384
1 804
1 868
1 1020
2 28
1 813
2 299
2 231
2 1499
1 1558
1 2283
1 1103
2 1272
1 501
2 345
2 147
2 2237
2 672
1 167
2 1022
2 1687
2 1915
1 2152
1 1262
1 1092
2 1879
2 759
1 1227
2 2272
2 630
1 2278
1 1758
1 827
2 1192
1 2020
1 385
2 2217
1 742
2 2271
1 1204
1 2145
1 1023
2 2234
1 1710
2 344
2 696
1 1243
2 1800
2 1660
2 419
2 630
1 575
1 743
2 461
1 787
2 635
1 1663
2 149
2 1093
2 264
1 474
2 1376
2 338
2 693
2 1310
2 1529
2 1982
2 751
2 883
1 986
2 552
1 2231
1 256
2 1641
1 262
1 224
2 586
2 1389
2 893
2 1540
1 168
1 2163
2 1254
1 377
1 88
2 2049
2 700
2 1305
1 2199
2 2030
2 1775
2 2060
1 308
2 1712
2 943
2 1873
2 363
1 1244
1 160
1 2253
2 217
1 2163
2 781
2 150
1 1584
2 2136
2 292
1 142
1 1284
1 380
1 709
2 815
1 521
2 924
1 1673
1 616
1 326
2 2279
1 1431
2 736
2 812
1 97
1 635
2 2232
2 1305
1 1576
1 976
1 646
2 1438
2 939
1 527
2 780
1 1000
2 252
2 564
1 1737
1 1938
1 2040
1 1085
1 211
1 1674
1 330
1 1245
2 1479
2 1538
1 2266
2 2056
2 61
2 1782
2 1550
1 1952
2 656
1 237
1 597
2 1028
1 1512
1 393
2 1982
1 1195
1 2247
1 996
2 2292
2 985
2 1151
1 914
1 1646
2 456
1 1646
2 1114
1 139
2 1689
2 16
2 194
1 1022
2 608
2 303
2 1018
2 316
2 1257
2 1841
1 527
1 1169
1 1547
1 296
1 1465
1 2284
2 577
1 1370
2 781
1 1995
1 519
1 1837
1 186
1 855
2 2261
1 31
1 566
2 2058
2 1559
1 2098
2 256
1 1966
2 1159
2 54
1 959
2 1803
2 2153
2 854
2 690
2 1181
1 387
1 2259
1 121
2 1365
1 965
2 1491
1 1779
2 223
1 543
2 859
1 2029
1 449
2 1905
1 1021
2 761
1 1333
1 657
2 89
1 239
1 1727
2 18
2 1909
2 1101
2 70
1 967
1 2213
2 1915
1 559
2 1204
1 441
1 602
2 1152
1 1852
2 659
1 1683
1 879
2 341
2 632
2 1479
2 1228
1 143
1 1880
1 1050
1 568
2 207
1 1589
1 1192
1 1134
2 1554
1 1931
2 2266
1 1704
2 2051
2 134
2 397
2 2192
1 46
1 1770
1 2239
1 1413
1 1854
1 1859
1 204
2 2298
1 806
2 1367
2 2017
1 1706
2 2132
1 1773
2 1008
2 855
1 1503
2 1453
1 1795
1 1964
1 2211
1 1848
1 2236
2 2282
2 1255
2 2162
2 1086
2 470
1 1894
1 1291
2 952
1 1214
2 1827
2 1751
2 2100
2 299
1 17
1 1518
2 1994
2 1616
2 909
1 803
1 1250
2 1236
1 174
1 1319
1 874
1 1595
1 360
1 2000
1 351
2 1545
1 65
2 131
2 1600
1 1203
1 2189
1 941
2 2278
2 1446
1 104
2 1390
2 1266
2 1797
1 1993
2 1989
2 1450
1 1629
1 1671
2 995
2 1747
2 947
1 1238
2 2244
2 1622
2 2039
1 2031
2 1514
1 2201
2 1680
1 1415
2 686
2 817
2 1077
2 1318
2 2091
1 1909
1 1261
2 2282
2 1968
1 207
2 2129
1 2255
1 943
1 1355
1 890
2 350
1 2267
1 535
1 1428
1 1559
2 858
2 1343
1 788
2 1077
2 2117
1 638
1 566
1 1253
1 2275
1 1626
1 1170
1 304
1 133
2 1901
2 2128
2 404
2 1602
2 876
1 1601
1 1427
2 1068
1 125
2 336
1 872
1 66
2 736
2 1634
2 468
1 1198
1 170
1 1338
2 2004
2 2083
2 675
1 1247
1 300
1 2229
2 702
2 615
1 2069
1 260
1 494
1 63
1 1339
1 2090
2 2125
1 539
1 1347
2 1820
2 997
1 484
2 1360
2 1929
1 391
2 2118
1 2273
1 540
1 1426
2 607
2 544
1 1371
2 1191
2 32
1 1290
2 1845
2 1490
2 1441
2 910
1 605
2 1348
1 2008
2 1223
2 2196
1 2290
1 1777
1 746
1 1833
2 1462
1 509
2 769
1 722
2 180
1 591
1 425
1 2206
2 232
2 1188
2 1184
2 428
1 916
1 756
1 1458
1 2157
1 455
1 151
1 849
1 2255
2 2120
2 369
1 2037
1 665
1 1959
2 2103
2 2077
1 1552
1 1567
1 936
2 806
2 745
1 1131
1 163
1 1182
1 169
1 2031
2 1437
2 944
2 2230
1 1968
2 2102
2 940
1 489
2 650
2 266
1 1451
2 2167
1 834
2 1995
1 1963
1 102
1 392
2 1068
1 64
2 2106
2 261
1 1119
2 692
1 1939
2 2205
2 1568
1 2235
2 2134
2 1946
2 1487
1 1157
1 637
2 1914
1 119
1 1459
1 1498
1 1429
2 938
1 196
2 1517
2 2070
1 785
1 7
1 89
1 2276
2 284
1 1374
1 1743
1 1002
2 1638
1 2180
2 618
1 2104
2 1875
2 1049
1 209
2 1985
1 508
1 715
2 2194
1 2023
2 1107
2 376
1 2036
2 695
2 2288
1 670
2 1806
2 1286
2 330
1 1154
2 68
2 1278
1 2214
1 94
1 287
1 1731
1 681
1 110
2 2011
2 2154
2 800
2 1798
1 1220
2 514
2 419
2 1574
1 1551
1 688
2 613
2 615
2 1571
1 717
2 1288
1 1708
2 579
2 1380
1 1822
1 1442
1 1506
1 809
1 1839
1 953
1 2178
1 2002
2 2036
2 1059
2 1326
2 1193
2 786
1 908
1 306
1 1200
1 1330
1 1263
1 219
2 872
2 1382
1 1668
1 617
1 453
1 958
2 382
2 438
1 1052
1 1484
2 881
1 1120
2 1269
1 1518
1 131
1 1510
1 999
2 1309
1 2243
1 1090
2 25
2 1307
2 1117
1 1943
1 153
1 1721
1 2189
2 965
1 764
2 1644
2 2214
2 1187
1 1743
1 203
2 503
1 203
1 1497
2 870
2 317
2 2241
2 706
1 412
1 954
1 1299
1 717
1 124
1 835
2 2066
1 361
2 2075
2 53
2 1811
1 2299
2 2169
1 2252
2 937
1 1105
2 1246
1 1133
2 1749
1 1048
2 1173
2 805
2 87
1 392
2 1572
2 187
2 913
2 1805
2 32
1 1466
2 1142
1 218
1 1342
1 1824
1 1270
1 339
1 613
2 2126
1 1224
1 897
2 50
2 24
2 1986
1 853
1 808
2 1912
2 1794
1 851
1 1950
1 1182
2 2033
1 2156
2 1197
1 1833
2 660
2 1024
1 2147
1 787
1 1925
2 156
2 789
1 1776
1 1844
2 1669
2 589
2 1969
1 1034
1 378
2 162
2 1061
1 755
2 82
1 179
1 949
2 2265
1 1298
2 1335
1 20
1 2174
2 507
2 1647
1 2063
1 386
1 2053
1 840
2 595
2 1930
1 1369
2 904
2 1447
1 379
2 1755
2 1785
2 773
2 737
2 273
2 1039
2 5
1 497
2 152
1 960
2 253
2 732
1 2057
2 1874
2 1576
2 2294
1 340
1 1952
2 1
1 985
1 850
1 208
2 1989
2 1557
1 1333
1 1817
2 749
1 548
2 1262
1 731
1 1221
2 1751
1 785
2 1400
1 107
1 627
2 146
2 1497
2 1510
2 598
2 1736
1 2242
1 1286
1 1006
1 1341
1 819
1 1566
1 1561
1 30
2 218
1 981
1 2095
1 1709
2 481
1 1765
2 600
1 1231
1 1858
1 367
2 198
2 698
1 796
2 2042
1 653
2 782
1 88
1 249
2 794
2 192
2 1898
1 849
2 920
1 2287
2 1121
2 140
2 2131
1 1610
2 1310
2 422
1 1360
1 1082
1 1079
1 2073
1 2144
2 1657
2 748
1 730
2 1626
2 1811
2 1555
1 120
1 2032
2 885
1 1603
2 482
1 1636
2 962
2 838
1 2062
1 609
2 1400
1 1463
2 399
2 2061
1 1445
1 831
2 1120
1 487
1 1322
1 339
1 1733
2 1354
2 1402
1 40
1 159
1 1624
2 103
2 2101
2 23
2 1394
1 651
2 1961
1 608
1 1331
1 1037
2 314
2 1768
2 1411
1 321
1 1355
1 121
1 1190
2 2155
1 1742
1 912
1 2050
1 1199
1 1850
2 1683
2 1476
1 274
2 2215
1 1745
1 1477
1 1234
2 1250
2 408
2 1525
2 325
1 1337
1 147
2 743
2 1194
2 1762
2 995
1 783
2 795
2 107
1 1681
1 964
1 1692
1 725
1 869
2 845
2 2219
1 1767
1 1831
2 2095
1 2248
2 2132
2 2087
1 1956
2 1620
1 1307
2 2167
2 862
1 735
1 774
2 1921
1 805
1 6
1 1926
1 790
2 1239
2 1137
2 1385
1 652
1 1496
2 153
1 1825
1 810
1 951
1 15
2 973
1 2093
1 210
2 1033
2 1241
1 1791
2 484
1 1669
2 892
2 1045
2 922
1 2077
1 1433
2 1067
2 1925
1 175
2 1302
1 1265
2 46
2 2040
2 169
1 116
2 315
2 807
2 674
2 750
1 1821
2 2110
2 531
2 433
2 1695
1 240
1 1176
2 1210
2 1365
2 842
1 1288
2 606
2 2042
1 529
2 1235
2 1324
1 1537
2 1761
1 1869
2 1960
2 1252
2 604
1 1874
2 1035
2 1878
2 1659
1 981
1 368
1 430
1 1579
2 2249
2 1527
1 2069
1 1169
1 2005
2 322
1 774
1 127
1 1931
2 704
2 1439
2 227
2 1238
1 40
1 2257
1 1690
2 1469
1 2166
2 1848
2 528
1 288
2 778
1 2179
1 670
2 1311
2 2204
2 644
1 861
2 1663
2 2175
1 610
2 655
1 133
1 2250
1 703
2 1595
2 75
1 1209
1 1025
2 2297
2 2001
1 2168
2 55
1 1773
2 2039
2 2274
2 1340
2 603
1 1855
2 935
2 893
1 432
2 1183
1 313
2 49
1 1075
2 315
2 225
2 2083
2 1263
2 1611
2 1834
1 353
2 1386
1 1466
1 1586
1 2233
1 320
2 890
2 1425
2 1853
2 1758
1 1950
2 422
1 2048
1 784
1 1856
1 2262
2 100
1 1958
2 1412
1 756
1 984
2 1207
2 336
1 987
2 263
1 349
1 2009
2 1566
1 233
1 447
1 2133
2 197
2 548
2 286
1 1277
1 729
2 1650
2 445
2 578
2 1324
1 25
1 792
1 537
1 543
1 467
1 588
2 934
1 919
1 397
2 348
1 647
2 991
1 869
1 182
1 1727
2 1549
1 312
2 39
2 1171
2 1083
2 1679
1 1153
1 1980
1 1745
1 2102
2 2146
2 1464
1 1433
2 1904
2 1602
2 1419
1 1877
2 933
1 701
1 1919
2 859
2 2100
1 1642
2 1536
1 557
1 1352
2 1226
1 1523
1 1285
2 1005
2 2251
1 1801
1 1971
2 2109
1 403
2 1907
1 2076
2 1772
2 357
2 149
2 1370
2 868
1 1557
2 1059
2 227
1 1750
2 48
1 1260
1 2054
2 75
2 52
1 1573
1 1233
1 860
2 362
2 2120
2 35
1 1177
2 873
2 2061
2 1473
1 1868
2 1916
1 391
2 382
1 471
1 727
1 1932
2 1347
2 1376
2 847
1 1145
1 16
2 1495
1 1264
1 139
1 2010
2 283
1 2145
1 91
2 396
2 953
2 1996
2 728
2 926
2 720
2 1097
1 1670
2 486
1 1154
2 1315
2 1504
2 262
1 1485
2 500
1 761
2 542
1 402
1 2136
2 2094
2 665
1 364
1 220
1 964
2 101
1 381
2 2109
1 1014
2 432
2 1570
2 2249
2 1297
1 226
2 309
1 2003
1 2274
2 900
2 1469
2 797
1 738
2 642
2 1208
1 821
2 197
2 442
2 49
2 410
1 1724
1 1850
2 2081
1 1541
2 918
2 2006
2 1597
2 1406
1 1345
1 888
2 1839
2 1684
1 358
2 371
1 1368
2 1722
1 1536
2 699
1 1047
2 1897
2 1163
1 1509
1 594
1 1789
2 1366
2 1649
2 264
2 1132
1 1100
1 2015
2 372
1 992
2 1616
1 130
2 2292
1 1788
2 290
1 1611
1 1693
1 1987
2 2260
1 815
2 1779
2 649
1 1303
2 1977
2 389
2 2283
1 1139
1 1606
2 968
2 241
1 709
2 1650
1 413
2 1631
1 581
2 631
2 487
1 2149
1 2244
2 127
2 1368
2 485
2 2000
2 1596
2 1499
1 715
2 1796
1 429
1 1847
1 783
1 1673
2 113
2 1373
2 1892
1 2147
1 1178
2 1512
1 937
1 1583
1 542
2 576
2 483
1 790
1 1960
2 632
1 680
2 867
1 2113
1 1615
2 795
2 2210
2 1998
2 1608
1 2010
1 1382
2 1403
1 2217
1 2092
2 707
1 678
1 1535
1 1054
1 212
1 513
1 1978
2 2243
2 332
2 1957
2 1867
1 23
2 2298
2 1235
1 1984
2 2180
1 28
1 236
1 1553
2 1816
2 621
1 2101
2 822
1 1781
2 1139
2 371
2 2269
1 1890
2 639
1 1406
2 1900
2 1705
2 2127
1 395
1 272
2 2063
2 2119
1 623
2 1161
2 601
1 51
1 1879
2 1768
1 913
2 928
2 1560
1 1682
2 1564
2 1422
2 994
1 693
1 593
2 1066
2 1108
2 450
1 1352
2 946
1 684
2 1392
1 1657
2 2199
1 667
1 1520
2 2075
2 1461
2 1928
2 1226
2 1003
2 1242
1 1284
2 1581
1 1936
2 267
1 2186
1 1565
1 671
2 1048
1 1408
1 1652
1 1237
1 1009
2 142
2 1827
2 539
1 903
1 47
2 1979
2 719
1 304
1 1706
2 1418
1 1098
1 1092
2 56
1 1985
2 2193
1 1426
1 1609
1 1958
1 897
2 2099
1 949
2 1237
2 2111
2 809
1 767
2 1799
2 1205
2 284
2 2004
2 904
2 436
2 1906
2 175
2 842
1 1786
1 983
2 848
2 1857
2 2027
2 1608
1 907
2 1940
1 2164
1 1350
2 1477
1 852
2 1528
2 1913
1 2057
1 2197
1 2226
1 1314
1 1205
1 766
2 1920
2 1818
2 1575
2 232
1 1392
1 1840
1 493
1 1054
2 1111
1 172
2 2116
1 1326
1 112
2 654
1 742
2 346
2 2224
2 1040
2 146
1 1208
2 1790
1 933
2 1403
1 2035
1 1446
1 1082
2 557
1 351
1 1882
2 645
1 1408
1 863
1 2006
2 241
1 293
1 1565
1 763
2 820
1 2202
2 1175
2 1351
1 19
1 255
1 1452
1 1748
2 759
1 167
2 2260
1 2250
2 585
1 1492
2 1435
1 1356
1 2176
2 1535
1 320
1 1430
1 1942
2 1996
2 830
2 1461
1 1395
1 1444
2 700
1 212
2 1502
1 278
1 1271
2 98
1 1750
2 875
2 1363
2 1074
1 901
2 1282
1 1094
2 395
1 887
1 228
2 1395
2 712
2 2293
1 1738
2 1089
2 947
1 551
1 2112
1 1726
1 1125
1 1
1 971
2 1350
1 2038
1 1584
1 984
2 925
1 401
2 2280
2 1104
2 1294
1 865
1 1645
2 270
2 2289
1 81
2 532
2 1096
2 919
2 1588
2 428
1 641
2 1016
1 1902
1 1140
2 1260
2 426
1 682
1 2158
2 171
1 101
1 1296
2 2277
1 2258
1 1223
2 1911
2 1666
2 173
2 354
2 1158
1 2157
2 1519
2 1215
2 1809
1 1766
1 442
1 950
2 59
1 1026
1 1279
1 2159
2 625
2 511
2 1888
1 683
1 1423
1 1603
1 2280
1 2072
1 1710
2 1686
2 1677
2 72
2 1053
1 260
2 85
1 1627
1 333
1 313
1 478
2 1257
1 1454
1 650
1 1080
2 335
2 1084
1 3
2 346
1 2231
2 229
1 1416
1 779
1 880
1 412
2 258
1 2222
1 1393
2 349
2 1916
2 1980
2 206
1 1798
2 741
1 13
1 2207
2 574
1 935
1 1361
1 892
2 1672
2 68
2 1835
2 1275
2 1106
2 243
1 396
2 424
1 83
1 786
2 839
2 388
1 1744
1 517
1 2146
1 1167
2 1129
2 1829
2 1189
1 1417
2 1065
2 1723
2 1478
2 1742
1 90
2 407
2 383
2 1807
1 1109
1 1896
2 1765
2 1069
1 191
2 1480
1 1543
2 1042
2 248
1 1937
2 2190
2 2296
2 1353
2 222
2 1914
2 2046
1 775
2 2090
2 1432
1 245
2 1146
2 1829
1 1202
2 1312
1 344
2 885
2 31
1 202
2 1792
2 1089
1 205
2 294
2 1871
1 1229
1 403
1 1533
1 1069
1 1441
2 136
1 279
2 171
1 1908
1 658
2 83
1 1177
1 734
1 488
1 1346
2 34
1 1851
2 1735
1 1543
1 2041
2 384
2 1937
2 1720
1 1231
2 585
1 130
1 305
1 1671
1 1138
1 977
1 1224
2 1125
2 404
2 254
2 276
1 71
1 699
2 2086
1 770
1 202
1 1020
2 1424
1 1532
1 1323
2 1450
1 2194
2 1216
1 529
1 1621
1 357
2 314
2 685
2 811
2 280
2 247
1 1897
2 1728
1 103
1 782
2 780
2 66
1 1038
2 298
2 1656
2 1327
1 280
1 1834
1 611
2 1970
2 63
1 275
2 679
1 1001
1 417
1 648
2 1209
2 1029
2 1717
1 342
1 1278
1 310
2 1949
2 465
1 1628
1 1478
2 1373
2 1849
2 359
2 1391
1 327
1 641
2 2198
1 305
2 166
1 711
1 1066
1 2245
1 555
1 1725
1 154
2 2195
2 434
2 288
2 141
2 1459
2 803
2 1893
2 2128
2 2035
2 2242
1 427
2 10
2 668
1 359
1 666
2 629
1 301
2 1111
2 1219
1 2032
2 957
2 1474
1 1592
2 540
2 2148
2 1281
2 1599
2 1358
1 1346
1 520
2 1112
2 645
2 22
2 2161
1 2162
2 1500
2 1486
2 42
1 1468
2 1954
1 485
1 1289
1 60
2 1856
2 1474
1 2107
1 1971
2 1702
1 1444
1 536
1 1513
2 1676
2 2012
1 626
2 713
1 1455
1 2085
2 1354
2 2175
2 243
2 1974
2 1388
2 1051
2 418
1 677
2 1667
1 837
2 1998
1 1618
2 840
1 1547
1 1185
1 1451
2 2221
2 208
2 476
1 582
2 1242
1 2154
2 309
2 2
2 1581
1 1687
2 258
2 376
1 1563
1 2197
2 2153
1 642
2 259
2 1681
1 152
2 293
1 646
1 2151
2 347
1 822
1 113
2 76
1 541
2 567
2 1498
1 181
2 1941
2 841
2 1118
2 2142
1 2181
2 1970
1 1301
1 188
2 1428
2 788
1 600
2 1449
1 2184
1 1487
1 1421
1 1409
2 1560
1 106
1 143
1 154
2 522
2 93
2 1180
2 439
1 621
1 1637
1 554
1 2279
2 467
2 62
2 1245
1 1211
1 703
1 352
2 1828
2 1675
1 462
1 1819
1 1843
1 178
1 1784
2 457
2 1473
1 1649
2 2209
1 1128
1 1696
1 1769
1 1043
2 1452
1 1766
2 65
1 1836
1 763
2 1416
1 272
2 1454
1 1028
2 105
2 1591
2 915
2 1778
2 634
2 983
2 1904
1 1302
1 1110
1 547
1 244
2 128
1 62
1 764
1 1643
1 236
2 1180
1 578
1 1838
2 1255
1 2177
2 711
2 1386
1 289
2 1756
1 1864
2 1282
2 1130
2 1866
2 1357
1 160
1 1119
1 456
1 1411
1 2078
1 2188
1 530
1 762
2 1724
2 508
1 43
2 506
1 1436
1 135
2 1524
2 1761
2 1884
2 907
2 895
2 1672
1 1174
2 1691
1 328
1 2281
1 1701
1 588
1 407
2 1803
2 2187
1 683
1 2209
2 1808
2 2137
1 1917
1 1609
2 1868
1 811
1 1032
2 1747
1 1927
1 517
1 1171
1 2143
2 478
2 1789
2 2270
2 2212
2 2182
1 1640
2 1546
1 2026
1 928
1 864
2 1903
1 1410
2 324
1 2139
2 1664
2 2124
1 1215
2 518
2 381
1 225
2 1911
2 1881
2 576
2 44
2 1605
2 572
1 2001
2 1795
1 877
1 1123
2 833
2 1132
1 1344
2 274
2 1503
2 2150
1 1580
2 277
2 2028
1 1842
2 1808
1 1528
1 1577
2 159
1 199
1 925
2 1731
1 290
2 1218
2 567
1 1506
1 1569
1 158
1 251
2 862
1 1419
2 1842
1 217
1 37
2 558
1 1635
2 723
2 982
1 1871
2 1978
2 444
1 238
1 204
2 714
2 1562
1 1730
1 433
1 758
1 1183
1 1582
1 1953
1 1249
1 1961
2 574
1 1531
1 1590
1 627
2 67
2 463
1 1104
1 972
2 1190
2 1136
1 2201
2 948
2 2289
2 1885
1 1700
2 516
2 2007
2 730
2 1443
1 58
1 1964
2 922
1 1064
1 1058
2 1676
1 1692
2 704
1 285
1 1519
1 561
1 2291
2 851
1 453
2 409
1 1456
2 324
1 1099
1 1130
1 679
2 2065
1 509
1 1298
2 958
1 474
2 1189
1 270
2 104
1 1274
2 1472
2 193
2 941
2 1031
1 431
2 1259
1 1374
1 1733
1 792
2 857
1 1570
2 1063
2 279
2 448
1 221
2 976
2 431
1 1162
1 2164
2 1351
1 1076
1 554
2 462
1 570
1 145
2 498
2 1607
2 652
2 2205
1 633
1 1362
1 47
2 1165
2 1013
1 1863
2 170
1 1191
2 1222
2 2051
2 573
1 917
1 1449
2 814
2 1430
1 1058
1 1243
1 1291
2 2054
1 2053
1 1485
1 2191
1 2070
2 580
1 244
2 560
2 219
1 186
2 1717
1 2140
1 1396
2 2059
2 231
2 1639
1 1166
2 479
2 2122
1 839
2 689
2 1719
1 1264
2 587
2 122
2 1448
1 468
1 297
2 1044
1 1017
1 966
1 1599
2 631
1 2183
1 1845
2 643
2 500
2 762
1 1654
1 164
1 2117
1 765
2 899
1 1364
1 1334
2 1157
1 599
2 1030
2 1248
2 1348
2 323
1 2108
1 2165
1 265
1 1754
1 444
2 86
2 882
2 1542
2 801
1 1714
1 1197
2 334
1 784
1 215
2 1580
1 100
1 594
1 1212
1 1659
1 1847
2 1764
2 1492
1 385
1 589
2 1041
2 1562
1 2203
2 19
1 643
2 108
1 1759
1 355
2 2114
1 1902
1 1711
1 2130
2 1691
2 850
2 1304
1 163
2 1065
2 1101
1 1075
1 1145
2 1276
2 497
1 990
1 1531
2 667
1 29
2 1585
1 1435
2 326
2 846
1 300
2 1522
2 343
2 1108
1 1156
2 1867
2 1266
2 766
1 2144
1 200
1 94
2 180
2 254
2 503
2 1456
2 807
2 1740
2 1712
2 1843
2 912
1 79
2 221
1 12
2 961
2 662
2 582
2 640
1 979
1 469
2 1525
2 1640
1 1038
1 206
1 902
2 1271
2 968
2 1598
2 732
1 2084
1 1010
2 1359
1 1926
2 325
1 1072
1 140
1 64
1 1994
2 289
1 185
2 360
1 1719
2 1568
2 77
2 705
2 195
1 291
2 58
1 1655
1 701
2 1720
1 685
2 2141
2 1895
1 1295
1 1448
2 880
2 1831
2 1938
2 1144
2 1551
2 739
1 2037
1 844
2 710
2 614
1 1099
2 39
1 908
1 1594
1 106
1 1725
2 1217
2 1339
2 447
2 2094
2 1974
2 916
1 1865
1 2230
2 118
1 1787
2 1838
2 1294
2 2121
1 222
2 1380
2 545
1 1783
1 1320
2 185
1 1780
1 740
1 1493
1 340
1 1334
2 117
1 891
1 252
2 363
2 523
2 1872
2 593
1 1730
1 1945
1 1129
1 33
2 1787
2 1680
1 801
2 2251
2 2033
1 791
2 2052
2 1358
2 1695
2 129
2 271
1 276
1 902
2 975
2 911
1 4
1 1440
1 1548
1 253
2 522
2 844
2 1149
1 2239
2 963
2 653
2 515
2 1210
2 2211
2 1440
1 41
1 1364
2 1434
1 622
2 81
1 1962
2 33
1 105
1 686
2 1222
1 2022
1 636
1 477
2 854
2 1788
1 1933
1 430
2 1699
1 835
2 1815
2 1036
2 1194
1 2268
1 1735
1 1634
1 137
2 2275
2 413
1 1524
1 860
1 873
1 338
2 2138
1 2160
1 793
2 1876
2 886
1 596
2 257
1 1697
1 1292
1 1321
1 1647
2 1582
1 1810
1 1256
1 183
2 836
1 95
2 1030
1 1311
1 1935
1 471
1 1293
1 499
1 1267
2 1084
1 2129
1 1741
1 451
2 896
2 1785
2 390
1 1457
2 1780
2 1196
2 1500
2 307
2 1625
1 1729
2 176
2 1228
1 1064
1 45
1 1505
2 1999
1 2058
2 69
2 738
1 1638
2 692
2 333
2 1796
2 2245
2 2013
1 663
2 302
2 1899
2 1074
2 1953
1 1062
2 1943
1 282
2 988
2 144
2 1136
1 1481
2 1486
2 1944
1 1053
2 418
1 1398
2 2126
1 482
2 2027
2 1884
1 829
2 1939
1 1855
1 14
2 1349
2 906
1 1168
1 1283
2 2174
2 435
1 708
2 1375
2 156
2 1701
2 2220
2 771
1 466
1 132
1 1591
1 1658
2 230
2 731
2 1087
1 2253
1 1001
2 2122
2 1886
1 201
1 1892
1 461
2 1290
1 294
1 2014
2 956
2 1666
1 2087
2 1401
2 1975
2 1102
2 826
2 1046
2 1929
2 119
1 2262
1 1158
2 1415
1 626
2 460
1 458
1 2064
1 110
1 498
1 79
2 491
1 534
2 680
2 205
2 1164
2 879
2 1534
2 1866
1 977
1 1093
2 1321
2 1206
1 1810
2 439
2 2238
1 2285
1 1105
2 1493
1 2204
2 1200
2 1379
2 1103
1 2216
2 2160
2 816
2 1000
2 369
2 821
2 365
2 1287
1 2191
1 1036
2 1078
2 772
2 2043
2 556
2 760
1 584
2 1741
2 571
2 1977
1 90
1 1126
2 1467
1 1106
2 132
1 1636
1 1344
1 577
1 112
1 437
2 1832
1 906
2 648
1 216
1 1990
2 437
2 1596
1 867
2 1414
1 735
1 1993
2 533
1 1860
2 174
1 562
2 694
1 773
2 1073
2 1662
1 248
2 1488
1 1819
2 724
2 930
2 1910
2 1241
2 2012
1 454
2 1046
1 910
2 1784
1 429
2 1988
1 239
2 1327
2 311
2 512
2 1976
2 687
2 2222
2 651
2 1044
1 1728
2 491
1 2020
1 1384
1 1864
1 1752
1 888
2 295
1 93
2 2264
1 1381
1 150
1 38
2 1283
1 1703
1 798
1 1954
1 625
2 2127
2 164
2 677
2 342
1 1316
1 157
2 452
1 370
1 1948
1 1522
1 1091
1 465
2 525
2 343
2 317
1 1684
1 420
2 580
2 623
1 2084
2 2079
1 1135
2 1201
2 1172
2 1067
1 747
2 246
1 1859
2 1090
2 505
2 999
1 1660
2 2080
1 1240
2 1280
1 115
1 846
1 1764
1 1714
2 389
2 863
2 1147
2 436
2 948
1 181
2 102
2 2293
2 1983
2 2286
1 1027
2 183
1 80
2 238
2 733
1 1240
2 1279
2 165
1 1114
2 583
2 1824
1 940
1 26
1 775
2 1697
1 1080
1 492
1 480
1 402
1 639
1 2076
1 489
2 2295
1 1399
2 1188
2 327
1 1588
2 1885
2 1540
1 2078
1 155
1 1086
2 777
1 620
2 2152
1 1432
1 978
2 1858
1 1619
1 1329
2 757
2 296
2 837
2 992
1 1495
1 2208
1 1658
1 74
1 2284
2 550
2 201
1 138
1 1268
2 2192
2 942
1 737
1 21
1 1679
1 337
2 213
1 1749
1 82
2 1604
2 682
2 1567
1 2135
1 1828
1 2019
2 671
1 1920
1 2225
2 514
1 285
1 1688
1 770
1 966
2 1010
2 2105
1 1468
2 1328
1 502
1 629
2 2206
2 61
2 1377
2 1639
2 215
2 1049
1 695
1 15
2 1496
1 754
2 602
2 1401
2 640
2 581
1 1990
1 1163
1 1405
2 1629
2 41
2 375
1 354
2 1793
2 1404
2 1774
2 746
2 77
1 905
2 546
1 184
2 2021
2 1342
1 228
2 2247
2 2088
1 2008
2 1475
2 796
2 464
1 1315
2 1753
2 559
2 1618
1 176
1 1991
1 1174
1 654
1 687
2 1690
2 556
1 2166
1 177
2 2186
2 2264
1 1755
2 2295
2 1470
2 538
2 959
1 1083
2 1014
1 986
1 334
2 1552
1 694
2 779
2 706
2 1863
2 1029
2 2261
2 1757
2 969
2 1947
1 73
2 1482
2 1556
2 250
1 495
2 69
1 1664
2 1771
1 932
2 1457
2 1513
2 952
1 323
2 165
1 2210
2 2105
1 1997
2 1812
2 1383
1 553
1 281
2 2104
1 275
2 1175
1 1910
1 2277
1 660
1 4
2 449
1 115
2 745
2 1317
1 1966
1 2080
1 2055
2 1292
2 1387
2 1329
2 1097
2 2121
1 1113
2 114
1 475
1 889
1 1098
1 592
1 993
2 817
2 2196
1 1763
1 1830
1 74
2 67
2 1886
2 1295
2 1894
2 2041
1 847
2 1924
2 22
1 1012
2 1883
2 727
2 1015
2 1630
1 1620
1 1229
1 824
1 492
1 240
1 663
1 569
1 1220
1 1281
2 443
1 2246
2 1846
1 230
2 1407
2 661
2 526
2 495
1 1425
1 2238
1 1802
1 9
1 1762
1 1070
1 656
1 1146
1 1586
1 505
2 707
1 1698
1 2096
1 1689
2 599
1 1822
2 96
1 14
1 760
1 946
1 273
1 1644
2 1109
2 302
1 259
2 590
1 1230
2 794
2 903
2 1578
1 537
2 2016
1 394
1 1711
1 957
2 373
1 590
1 1630
2 1515
2 2074
1 136
1 931
1 584
1 2178
2 148
1 86
1 1790
1 974
2 2259
2 1481
1 1494
1 562
1 1178
1 536
2 924
1 144
1 1694
2 287
2 1815
1 196
1 1752
2 1483
1 1517
2 1605
2 1306
2 1946
1 1912
1 398
2 1617
2 883
1 2202
2 1861
2 51
2 2212
2 524
2 1427
2 896
2 2016
2 726
1 1143
1 971
2 1615
2 470
1 365
2 1273
1 1729
2 1972
1 2025
1 2170
1 2221
2 52
2 534
2 157
1 1369
2 1372
1 463
1 619
1 409
2 1746
1 1972
2 752
1 459
1 1143
2 601
1 301
2 1131
1 2213
1 348
1 891
1 1317
2 1907
2 1273
2 1667
2 551
1 1541
2 714
1 1122
1 1155
2 618
2 282
1 1713
1 1530
2 712
1 1051
2 1533
1 1071
2 1040
2 1225
2 2184
2 1460
1 356
1 1482
2 318
1 1613
2 1353
1 945
2 549
1 1530
2 1060
2 1335
1 757
1 1491
1 1648
1 1881
1 1624
1 2288
1 172
1 2179
1 545
2 2082
2 1267
1 1821
1 2227
2 2065
1 57
1 1703
1 889
2 894
2 1437
2 1276
2 1738
2 1890
2 2023
2 85
2 210
2 123
1 1349
2 374
1 109
1 1793
1 454
2 1168
1 1043
1 2137
1 1891
2 2252
1 524
2 519
2 963
