4100 4500
2 995
2 1403
1 970
2 104
2 1578
1 213
2 351
1 1312
1 1798
2 82
2 559
2 1063
2 533
1 498
2 187
1 1617
2 501
2 1335
1 2004
1 967
2 946
1 1127
1 1084
1 843
2 1183
1 1646
2 1556
1 472
1 1276
2 1473
2 1163
1 961
1 1473
1 1931
1 1803
2 395
1 308
2 287
1 1914
2 1808
1 1563
1 1820
2 369
2 1307
1 1785
2 835
1 197
1 1078
1 1643
2 28
2 1691
2 1996
2 1502
1 999
1 2044
2 1221
2 27
1 784
1 40
1 723
2 1278
2 901
1 1987
1 1627
1 110
1 1951
1 1801
2 1601
1 762
2 1447
2 1573
2 1836
1 1991
2 1475
1 547
2 1018
2 734
1 1831
2 609
1 1967
1 440
2 9
1 1130
1 592
1 1319
1 790
2 1059
1 1402
1 913
1 1539
2 599
2 141
2 1510
1 1205
1 1561
1 1978
2 1523
1 1060
2 759
1 1924
2 637
1 153
1 406
1 1687
2 867
1 235
2 1940
2 1486
1 406
1 102
1 1902
2 2014
1 799
1 1723
2 1637
1 1744
2 1533
1 1824
2 855
1 310
2 1710
1 577
2 1678
2 555
1 452
2 747
2 1489
2 647
2 1579
1 1945
2 1834
1 831
2 376
1 950
1 922
2 1641
2 528
1 816
1 1545
2 1909
1 1198
2 390
2 814
1 516
1 1637
2 1684
2 920
1 269
2 22
1 1207
2 1393
1 253
2 1324
1 696
1 987
1 11
1 1099
1 404
1 574
1 443
2 529
1 761
1 1210
1 1318
1 6
1 2034
2 1042
1 537
2 1097
1 155
1 1850
1 183
2 1552
1 189
1 391
1 1663
2 611
2 1149
1 218
1 1854
1 1620
2 534
1 129
2 909
2 1508
2 1847
1 1002
2 315
1 871
2 1466
1 457
2 1738
1 1868
1 1522
2 962
2 50
2 440
1 1477
1 2032
1 519
2 1514
2 1131
1 579
1 1421
2 820
2 387
1 571
2 926
1 241
1 1113
2 1211
2 360
1 436
1 1772
2 236
2 367
2 1788
1 1921
2 717
2 1145
1 906
2 1094
2 1982
1 2031
2 218
1 422
1 1102
1 1566
2 1673
2 1025
2 623
1 1920
1 773
1 919
2 1695
1 964
2 657
1 134
2 453
2 985
2 499
1 470
2 1268
1 1893
1 256
1 263
2 166
2 294
1 596
1 1016
1 318
2 12
2 90
2 410
2 621
1 565
1 61
1 1784
1 1225
2 1676
2 698
2 908
1 1999
1 123
2 304
1 1525
1 1150
2 1583
2 1200
2 1979
1 623
1 247
1 1581
2 633
1 375
2 569
1 1495
1 802
2 362
1 1188
1 710
1 1845
2 412
1 1445
2 96
2 262
1 737
1 904
2 869
2 461
2 1672
2 1179
1 505
1 221
1 1464
1 1303
1 1229
2 967
2 752
2 1115
1 984
1 339
1 1381
2 228
1 1369
2 171
2 573
2 1838
1 1495
2 1881
1 2044
2 1963
2 358
1 654
1 1366
2 54
2 1829
2 1954
2 839
1 1919
2 1364
2 713
2 2023
1 861
1 356
1 156
2 1429
1 464
1 1646
1 296
1 908
2 2048
2 2026
2 2002
2 34
2 1972
1 979
2 1515
2 204
2 427
2 923
2 1422
2 1471
2 1676
2 790
1 1946
2 1451
1 1814
1 445
1 29
2 1408
1 1212
2 769
2 1107
1 1582
1 1904
2 63
1 1365
1 822
1 172
1 732
1 1976
1 1594
1 102
1 701
1 444
2 449
2 1751
2 1189
1 1877
2 689
1 858
2 1905
2 1662
2 1751
1 1577
1 1723
1 298
1 1349
2 1710
1 668
1 1483
1 1013
2 793
1 1894
2 502
2 172
2 685
1 625
1 428
2 239
1 850
1 1792
1 1427
1 1891
2 760
2 746
2 922
2 1112
2 1090
2 572
2 93
2 1390
1 1041
1 1701
2 2001
2 1456
2 447
2 1379
1 2029
1 894
1 1797
1 1275
1 1605
2 1913
2 409
1 991
1 1360
1 482
2 1858
2 2011
2 856
1 200
2 1528
2 1526
2 1468
1 774
2 1694
1 924
2 1341
1 178
2 1028
2 1885
2 828
1 210
2 1521
1 722
2 924
2 39
1 1426
1 285
2 601
1 1214
1 990
2 335
1 1849
2 1583
1 829
2 1678
1 1718
1 1359
2 99
2 148
1 465
2 1735
2 228
1 1255
2 1202
2 1044
1 733
1 1436
2 963
1 331
2 1770
1 78
1 1500
1 615
2 1331
1 1975
1 1000
1 376
2 2019
1 275
2 2007
2 1340
2 360
1 1010
1 491
1 907
2 282
1 59
2 1230
2 389
1 1736
2 1821
2 2011
1 798
1 1929
1 1760
1 693
2 1296
2 1670
1 158
1 874
1 1057
1 556
2 268
2 911
2 1357
1 1228
2 839
2 1264
2 1947
1 745
1 1412
2 1136
1 1079
2 1067
2 1511
2 1995
2 1354
2 284
2 815
2 697
1 471
2 763
2 1340
2 88
1 1606
2 424
2 491
1 933
2 1086
1 1105
2 1706
1 1378
2 1659
2 1944
1 518
1 138
1 516
1 1598
2 1962
1 1327
2 1842
2 1284
1 1019
1 1748
2 1122
2 1159
1 942
2 405
1 904
2 411
1 1541
2 393
2 1415
1 1236
2 1806
2 1570
2 1875
1 1003
2 244
1 1626
2 1987
1 1063
1 826
2 1643
1 509
1 1320
1 1889
2 317
2 832
1 164
2 949
2 1215
2 885
1 1799
1 736
1 1017
2 944
1 1752
2 1454
2 354
2 1514
2 767
2 1417
1 679
2 1455
2 201
1 1596
1 630
2 842
2 898
2 127
1 1548
1 213
1 1579
2 1094
2 1405
2 146
1 586
2 1922
2 307
2 1223
1 868
1 1834
1 686
2 1339
2 1367
2 899
2 1409
1 1593
1 616
2 999
2 810
2 1165
2 1429
1 527
2 237
1 676
2 1343
2 1319
1 1619
1 1803
2 1004
1 1420
2 745
2 1559
1 1531
2 1656
1 1856
2 716
1 978
1 1527
2 1322
1 654
1 481
2 777
2 969
1 836
1 425
2 72
2 989
1 1007
2 53
1 1250
2 1785
2 1170
1 28
2 166
1 1074
1 1040
2 1291
2 1765
2 309
1 863
2 136
1 1347
2 600
1 1345
1 1519
2 788
1 243
1 1441
2 728
2 665
2 535
1 1330
2 707
2 1306
2 747
1 1815
2 1293
2 1932
2 119
1 1985
1 883
2 1591
1 1837
2 1321
1 1615
2 628
2 259
1 41
1 1497
2 1286
2 1419
1 86
2 651
1 1195
2 1982
2 527
2 1435
1 407
1 1272
2 1251
2 956
2 1330
2 867
2 912
1 487
2 353
2 1139
2 1861
2 1053
2 519
2 993
1 439
1 306
2 1253
1 2042
1 338
1 1083
2 1084
2 1439
2 212
1 1937
1 1008
1 902
2 1448
2 329
1 1729
2 1779
2 1992
1 1970
2 122
1 743
1 170
1 652
1 133
1 391
1 1254
2 958
1 1097
2 508
1 1149
1 1558
2 521
2 1633
2 279
1 232
1 43
1 198
2 1914
2 674
2 718
1 1939
1 1350
1 286
1 1645
2 666
1 1427
1 619
2 630
2 1222
1 1711
1 852
2 1491
1 1870
2 1935
1 1347
1 1313
1 1917
2 371
2 2027
1 128
2 865
1 142
1 766
2 865
1 1717
2 2021
2 1056
1 272
1 1450
2 73
2 89
1 180
2 1364
1 66
2 2046
2 1923
2 143
1 1998
2 1739
1 1033
1 1799
2 370
2 374
2 536
2 1387
1 671
2 1742
2 1240
1 1706
1 242
2 965
2 611
1 1607
2 1893
2 520
2 373
2 1323
1 1397
2 1862
2 742
2 690
2 1549
1 75
2 1709
1 1052
2 857
2 1353
1 833
1 726
1 880
2 504
1 874
2 1897
2 1391
1 1244
1 1368
1 890
2 555
1 781
2 417
1 560
2 1802
2 1310
2 295
1 1860
2 890
1 568
2 154
2 1509
1 915
1 2000
2 1816
1 2033
1 1447
1 848
2 1216
2 1310
2 495
1 1047
1 838
1 1126
1 1087
1 236
2 136
2 1885
2 1465
1 120
1 448
1 1506
2 1933
2 1513
2 35
1 250
1 1948
2 1085
1 895
1 585
2 1525
1 241
2 849
2 1004
1 1486
1 1652
2 575
1 2021
1 1979
1 397
2 1463
2 1632
1 1642
1 1669
1 1061
2 267
1 130
2 1711
1 1745
2 1024
1 223
2 1611
1 167
1 795
1 1658
1 538
2 1889
2 234
1 1430
1 1278
1 478
2 1511
1 2036
2 401
2 192
1 1536
1 1574
1 605
2 794
2 1518
2 1988
2 1570
1 1230
1 1883
2 624
2 304
2 947
2 174
2 48
1 1306
1 948
2 1958
2 1900
2 786
1 239
2 1188
2 2025
1 1731
1 1123
1 1800
1 748
2 1958
1 1553
2 642
2 1008
2 998
2 301
2 216
2 2
2 1614
2 112
2 1450
2 1753
1 1748
1 1270
1 1938
1 2040
2 1518
2 667
1 483
2 2014
2 1038
1 1783
1 81
2 1926
1 917
2 1983
1 1422
2 1565
1 1336
2 1779
2 184
1 1371
1 398
1 570
2 2049
1 1208
2 1119
1 477
2 808
1 902
1 1071
1 489
1 38
1 455
2 1898
1 511
2 885
1 365
1 1632
2 1566
1 1466
2 1467
1 450
1 903
1 245
2 1906
1 282
1 1092
2 1887
2 135
2 76
1 673
2 597
1 1754
1 324
1 320
2 1660
1 460
1 1667
2 1994
1 705
1 382
1 681
2 1612
2 1373
2 1272
1 789
1 1449
1 947
2 553
2 1846
2 1959
2 1760
2 1832
2 951
1 932
2 100
1 91
1 1895
1 435
1 448
1 741
2 1932
1 272
2 1013
1 374
2 32
2 23
1 530
2 827
2 79
2 825
1 203
1 1863
2 919
1 1481
1 186
1 221
2 704
2 2028
2 278
1 1267
2 1020
2 1521
1 1795
1 363
2 78
1 1833
2 851
1 1441
1 1564
1 2018
1 1298
1 2050
2 1721
1 1562
2 1075
1 544
1 142
2 725
1 503
2 1719
1 219
2 1358
1 1153
2 1606
2 1468
1 1791
1 80
2 348
2 1373
2 336
2 1588
1 719
1 1198
2 1203
2 1089
2 569
1 422
2 1730
2 4
1 740
2 2016
2 1934
1 1223
1 15
1 289
2 1258
1 558
2 1837
2 1757
1 1875
1 1630
2 625
2 268
2 457
2 964
2 1869
2 584
2 1728
2 970
2 1133
2 1181
2 1912
1 1756
1 437
1 826
1 1391
1 588
2 1211
2 1936
2 1235
1 731
2 600
2 1922
1 1857
1 2045
1 1012
1 1665
2 1649
2 1051
1 1610
1 1029
2 2039
1 1129
1 57
1 622
1 205
2 458
2 337
1 1536
2 319
1 275
1 1629
2 430
2 1871
1 12
2 1027
1 1160
1 73
1 1288
1 1151
1 771
1 1407
1 1352
1 602
2 1073
1 1439
1 1641
2 496
2 765
2 1181
2 223
1 1571
2 1866
1 25
1 1941
1 1554
1 1195
1 1398
1 698
2 664
1 733
2 553
1 673
2 1766
1 355
1 198
1 1907
2 754
2 572
2 856
1 1012
2 1776
1 960
2 1694
1 818
2 4
1 1528
2 115
2 983
2 375
1 1112
1 939
2 77
1 620
1 103
1 7
1 959
1 364
1 1301
2 1051
1 30
1 150
1 206
1 615
1 1492
2 877
1 58
2 850
1 1882
1 383
1 189
1 1915
2 256
1 1011
1 2025
1 1478
2 1763
1 1602
1 1334
1 380
1 1255
1 1191
2 1158
1 1155
2 618
2 1192
2 760
1 882
2 1459
2 452
2 1853
1 453
1 599
2 591
2 1187
2 759
1 473
1 152
2 897
1 652
1 1237
2 914
2 1121
1 1273
1 1625
1 328
1 1827
2 518
1 322
2 1081
1 2027
2 1790
2 1089
1 1152
2 1294
1 227
2 1640
1 926
1 1520
1 74
1 986
1 1281
2 1913
1 1475
2 945
1 488
1 44
2 1344
2 764
2 175
2 1650
2 1048
2 691
2 607
2 1707
2 403
1 67
1 1216
1 273
2 806
1 696
1 416
2 1128
1 414
2 1478
2 657
1 337
1 639
1 1720
2 497
1 1249
2 1039
1 1161
1 2037
1 1413
1 730
2 257
1 323
2 1226
1 916
2 1280
1 208
2 738
2 1717
2 1980
2 131
1 1293
2 261
1 1715
2 1175
2 683
1 326
1 1892
2 558
1 1719
2 1962
2 923
1 1793
2 1667
2 1232
1 897
2 333
1 504
1 539
2 1615
2 206
1 1277
1 1590
2 1235
2 920
2 1784
1 1095
2 1955
1 1955
2 1092
2 283
1 1817
2 1154
2 372
1 44
2 1431
1 1588
2 1246
2 1006
1 94
1 1529
1 257
2 264
1 1702
1 896
2 1002
2 413
2 1345
2 514
1 680
2 638
1 678
1 105
2 1862
1 720
1 1767
1 1038
2 587
2 1926
2 1720
2 151
1 293
1 1316
1 474
1 1657
1 1242
1 1000
1 95
1 935
1 827
2 270
2 454
1 665
1 1152
2 1064
2 632
2 996
2 807
2 1682
1 976
1 354
1 1603
1 231
2 1266
1 264
1 362
1 1644
1 1166
1 1674
2 388
1 51
1 348
2 2040
2 884
1 1157
2 1009
2 677
2 715
2 55
2 1096
2 1218
1 873
1 643
1 1963
2 203
1 953
1 672
1 1985
2 675
2 207
2 1805
1 381
1 98
1 1510
2 1927
2 455
1 887
2 1910
1 1019
1 1003
1 863
1 1647
1 471
1 1533
1 249
1 1762
1 1851
1 10
1 1832
2 501
2 687
2 1698
2 1986
1 250
1 857
2 1469
1 149
1 1556
1 1417
1 176
1 753
1 1638
2 1931
1 1697
1 2046
1 464
2 92
1 1065
1 1988
1 1418
2 1523
1 1283
1 1734
2 1184
1 1895
1 104
1 808
1 1253
1 1944
1 108
1 192
1 361
1 683
1 1039
2 996
1 1323
1 245
1 1031
1 186
2 254
1 1634
2 940
2 1238
2 1442
2 1546
1 1534
1 183
1 1524
1 643
2 1952
1 1049
2 1410
2 310
1 1572
1 1687
1 2032
1 1476
2 1573
2 1631
2 429
2 182
1 1080
2 246
2 1681
1 563
1 222
2 1001
1 676
1 1127
2 1586
1 288
1 17
2 1227
1 899
2 89
1 445
2 823
1 1597
2 434
1 1326
2 1589
1 472
2 1657
1 489
1 1401
2 1761
2 1351
2 1362
1 520
1 1906
2 560
1 1122
2 49
2 929
1 709
2 1911
1 1670
2 29
2 1088
2 1114
1 797
2 121
2 508
1 594
2 1693
2 446
2 1180
1 68
1 2005
1 220
1 101
2 728
2 478
2 563
1 1860
2 1295
1 1813
2 545
1 1201
1 1392
2 460
2 636
2 1179
1 454
2 1996
2 321
2 1861
2 1408
1 25
1 1132
1 1185
2 311
2 910
1 842
1 432
1 1314
2 1440
1 1246
1 483
1 1265
2 1896
1 1005
2 1603
1 190
1 1991
1 1425
1 1880
2 178
1 778
2 312
2 163
1 277
1 1586
1 27
2 1145
2 1382
1 441
1 883
1 486
1 1134
1 297
2 1905
2 610
2 2020
1 862
2 1069
1 291
1 1546
1 807
2 1134
2 436
1 1282
2 517
2 1690
1 1766
2 1014
1 313
2 227
1 1836
1 793
2 548
1 1997
2 2013
1 1249
1 1147
1 1291
2 1908
1 860
1 1681
2 1538
2 1842
2 494
2 1433
1 1498
1 403
1 567
2 1704
2 2010
2 1106
1 1601
1 1503
1 1568
2 300
1 122
2 1512
1 19
2 1299
2 1172
2 1747
1 505
1 1194
2 1787
2 52
1 1734
1 933
2 286
2 1835
1 1341
2 500
2 318
2 1554
1 1567
2 1901
1 917
1 1472
2 466
1 776
1 426
1 1856
2 1696
1 1794
1 211
1 1022
1 1241
2 1489
2 682
1 748
1 1977
1 290
2 1602
2 1773
1 723
1 814
2 1070
2 847
1 1192
2 1135
1 981
1 1755
2 1612
2 957
2 903
2 1773
2 148
1 1073
2 1604
1 1377
2 751
1 1515
2 1380
1 1857
2 252
1 1993
2 740
2 105
2 758
2 1692
1 70
1 84
1 969
1 1361
1 998
2 26
1 3
2 1491
2 660
2 1786
2 401
1 1470
1 1382
2 1462
2 1480
2 1774
2 467
2 1590
1 1592
1 872
2 271
2 1775
1 1725
1 30
1 244
2 1
1 1352
1 76
1 1804
1 705
2 889
1 1724
1 905
1 2008
2 1386
2 1399
2 1196
1 1186
1 851
2 1412
1 1366
1 1655
1 799
1 800
1 1421
1 1243
1 2010
1 975
2 1504
2 118
1 1189
2 845
1 71
2 2026
1 708
2 1070
2 609
1 866
1 791
2 1864
2 1964
1 1343
2 377
2 1594
2 420
2 1371
2 1901
2 1401
1 1407
1 243
2 1819
1 579
1 1873
2 640
2 1600
2 1103
2 868
1 540
2 1757
2 512
1 130
1 8
1 1903
2 1438
2 895
2 1847
1 1117
1 1242
1 180
2 1471
2 803
1 1386
1 418
1 886
2 896
2 1498
2 892
2 2008
1 446
2 2030
1 809
2 42
2 1411
1 1303
1 1497
2 6
1 1148
1 742
1 1599
1 837
2 1348
1 982
1 770
2 712
2 382
2 811
1 191
2 85
1 674
1 428
2 792
2 1878
2 700
1 1635
1 396
1 1666
2 906
2 1377
1 1578
2 595
1 708
2 1453
2 165
1 1883
1 1425
1 97
1 1022
1 1236
2 16
1 1782
2 1357
1 725
2 884
1 788
2 784
2 127
2 1709
1 300
2 1609
1 1493
1 1482
1 914
2 1613
2 666
2 1527
1 1538
2 1824
1 1516
1 860
2 1226
2 1395
1 1289
1 809
2 663
1 825
1 133
1 566
2 1550
1 1544
2 1977
2 80
2 1058
2 194
2 1017
2 1589
2 976
1 1337
1 1446
1 442
1 1833
1 1262
2 1099
1 594
1 384
2 1186
2 1956
1 17
1 1949
1 283
2 658
2 88
2 835
1 1156
1 1557
1 1531
2 165
1 1206
2 1354
2 881
2 394
1 608
1 779
2 1644
2 15
2 1415
1 1503
2 900
1 528
2 81
2 331
1 628
1 682
1 1844
1 349
2 593
2 942
2 642
1 407
2 963
2 606
2 656
1 113
2 1072
1 1374
1 386
2 700
2 1929
2 193
1 1355
1 506
2 340
2 1162
1 983
2 1783
1 1496
2 547
2 303
2 92
1 972
1 2009
2 437
2 1203
2 1026
2 169
1 167
1 1327
1 1693
2 1703
2 1648
2 1923
1 1688
1 179
1 968
1 1526
2 1232
2 1668
1 1153
1 1469
2 171
2 1020
2 442
2 50
1 477
2 1117
1 918
2 1695
2 305
1 1604
2 1114
1 1044
2 1098
1 467
2 1245
2 1595
1 1100
1 680
1 369
2 347
1 1928
2 1769
2 2034
2 1762
1 1690
2 522
1 322
1 1209
1 876
2 915
2 1763
2 647
2 1839
2 1383
1 396
2 36
2 1225
2 679
2 617
2 77
1 804
2 1867
1 193
1 301
1 1830
1 1902
2 1737
2 1545
2 1329
2 1169
1 1551
2 184
1 1453
2 1492
2 1499
2 1325
1 1131
2 160
2 3
1 1163
1 1777
1 626
1 735
1 727
2 912
2 739
2 739
2 1126
1 280
2 1435
2 327
2 1569
2 476
1 1999
2 323
2 685
1 103
1 237
2 126
2 617
1 1458
1 124
2 767
1 1046
1 7
1 1823
1 1983
2 143
2 810
1 546
1 925
2 862
1 893
1 941
1 112
1 1580
2 420
2 852
1 238
1 468
2 459
2 845
2 1758
2 1400
2 945
2 1994
1 33
2 859
1 1645
2 303
2 777
2 1224
1 1494
2 1957
2 721
2 1608
2 730
2 1159
1 1809
1 836
1 1700
2 1841
2 961
2 1894
1 879
2 2009
2 881
1 595
1 1208
1 523
1 1810
1 1164
2 670
1 1077
2 1479
1 1811
2 1596
2 614
2 662
1 1513
1 854
1 524
1 526
1 1782
1 629
1 1759
1 1927
2 447
2 1221
2 900
2 1822
1 1619
2 21
2 1786
2 297
1 993
1 1356
1 411
1 1273
1 120
2 8
2 496
1 785
1 980
2 772
2 1984
1 108
1 583
2 1477
2 1271
2 94
1 1279
1 1984
1 417
2 1404
1 927
1 1826
1 830
1 1551
1 1680
1 949
2 570
1 1147
1 1479
2 1446
1 118
1 959
1 1016
1 157
1 2017
1 1193
2 821
2 792
2 466
2 1611
2 1118
1 1826
2 35
2 2022
2 174
2 1993
1 832
2 276
2 1244
2 1378
1 603
2 111
2 1891
2 140
2 451
1 561
1 971
1 1135
2 2050
2 284
1 1732
1 1892
1 702
2 352
2 1853
1 1569
1 1059
2 1197
2 1247
1 1314
1 484
2 1034
1 1874
1 1333
2 703
1 185
1 1661
2 1213
1 1309
1 1638
1 357
1 1708
1 65
1 511
1 1182
2 974
1 2033
1 972
2 1973
1 475
2 1795
1 2035
2 853
1 1621
2 1571
2 1305
2 1037
1 338
2 1841
1 1409
2 1848
2 800
1 1943
1 962
1 931
2 701
1 414
1 381
2 1651
2 670
2 380
1 39
2 1383
1 1454
2 1077
2 1712
2 1172
2 1924
1 1855
1 731
1 485
1 2029
2 888
2 1311
1 113
2 843
2 541
2 1740
1 1490
1 841
2 1335
1 1770
2 21
1 1256
1 1872
2 1214
1 1140
1 1080
1 1593
1 1302
1 1966
1 1474
1 129
1 811
1 1262
1 330
1 562
1 1562
2 450
2 704
2 18
2 1616
1 408
1 985
1 1534
2 1087
2 774
2 1030
1 1971
2 1394
2 1258
1 1623
2 202
2 772
1 592
2 1530
2 994
1 1565
1 1585
1 441
1 1042
1 201
2 1815
2 1304
1 195
2 479
2 159
2 1805
1 335
1 170
2 1338
2 238
1 325
1 1828
1 987
1 634
2 1516
1 1423
1 1659
1 660
1 419
1 781
1 936
1 1205
1 18
2 1173
2 1095
2 1360
1 812
2 1654
2 1106
1 819
1 1636
2 1778
1 1775
1 1269
1 1671
2 1263
2 764
1 607
2 1356
2 641
1 273
2 1250
2 2
2 65
2 52
2 869
1 90
1 1739
1 1083
1 56
1 824
1 1247
1 1871
1 182
2 1733
2 886
1 557
2 539
2 312
2 1231
2 988
2 1264
1 1704
2 1867
2 1549
1 805
2 1741
1 548
2 1101
1 26
1 1174
2 1771
1 439
1 320
2 1413
2 552
2 294
2 1046
1 1237
1 711
2 2042
2 1326
2 510
2 66
2 1839
1 789
2 565
2 1540
1 1701
2 973
2 1730
1 1699
1 921
2 798
2 1091
2 1771
1 1639
2 274
2 605
1 1361
1 1320
1 990
1 1395
1 225
2 1781
1 841
2 1848
2 359
1 1344
2 604
2 1297
1 2041
2 190
1 1721
1 1282
2 866
1 444
2 125
1 1351
1 217
1 710
1 538
1 1
2 1030
1 1726
1 263
2 150
2 1608
2 1769
1 931
2 1137
1 768
2 838
2 290
2 771
2 977
1 692
2 953
1 1287
2 162
2 779
2 1081
2 671
2 757
1 859
2 91
1 1697
2 1146
2 1385
1 1870
1 1524
2 204
2 1831
1 1840
1 782
2 554
2 940
2 1747
1 1321
2 1448
1 1960
1 830
1 1916
1 1816
1 805
2 2036
2 1960
2 1749
2 1623
1 608
2 795
1 2015
2 1384
1 1933
2 707
2 1431
2 816
2 1072
2 612
1 1389
2 871
1 230
1 691
1 1260
1 1298
1 1547
2 978
1 1358
2 889
2 576
1 1780
1 1910
1 1304
2 564
1 726
1 1463
1 1884
1 107
2 55
1 481
2 1758
2 1313
1 299
1 1735
2 1137
1 1950
2 991
1 1560
2 1648
1 342
1 1658
1 1587
2 1576
2 83
1 394
2 82
2 1942
1 543
2 525
1 199
1 550
1 1872
1 71
2 803
1 773
2 561
2 603
1 1389
2 898
2 1143
2 393
1 1821
2 1543
2 456
1 1406
2 1177
1 694
2 758
1 1054
2 554
1 819
2 480
2 1918
1 1790
2 669
1 254
2 402
1 224
2 507
1 1043
1 249
1 955
2 589
1 327
1 156
2 205
1 38
2 1692
2 598
2 936
1 413
2 1277
2 209
1 633
2 1541
1 1245
1 627
1 1741
2 938
2 754
2 388
1 588
1 1301
1 1069
2 58
1 1240
2 1078
1 596
1 2024
2 1156
1 645
1 1575
1 524
1 13
1 1190
2 488
2 1021
1 1801
2 541
2 45
1 1675
2 1177
1 1362
1 1206
2 363
1 677
1 1998
1 145
1 159
1 1400
1 121
1 1033
2 1804
2 1308
2 1459
1 1722
2 31
1 693
1 1487
1 155
2 20
1 1505
2 356
1 1812
2 834
2 879
1 1850
2 1219
2 1796
2 1873
2 846
2 1458
2 1191
1 124
2 305
2 46
1 177
2 1399
1 709
2 1990
1 336
1 1925
2 780
1 1843
2 770
1 831
2 343
1 755
2 695
2 1011
2 648
2 330
2 980
1 741
2 1065
2 289
2 637
2 1443
1 149
1 1626
1 492
2 1724
1 1971
1 546
1 585
1 307
2 1404
2 1595
1 316
2 1376
1 1090
1 72
2 379
2 1174
1 702
2 389
1 199
2 378
1 1050
1 229
1 132
1 490
1 1965
2 366
1 783
1 1036
2 1774
2 423
2 833
1 292
1 1974
2 293
1 1859
2 813
2 551
1 2000
1 1129
2 632
2 1001
2 1746
2 1662
1 817
2 1617
2 1169
2 207
2 1683
2 69
1 1968
2 202
1 911
2 1989
2 270
2 1036
2 1248
1 1504
2 1705
1 1141
2 2038
2 111
1 1625
1 399
2 1494
2 438
2 1052
1 1442
2 1428
2 1539
1 1941
1 1379
1 1574
1 465
1 342
2 265
2 1789
1 1472
2 1899
2 750
2 352
1 876
2 1207
1 271
2 1807
2 1682
2 37
1 562
1 2003
2 34
2 1470
1 188
2 1691
2 83
1 1530
2 135
1 1455
2 1725
2 1274
2 287
2 1009
1 1591
2 2023
1 1437
1 214
2 590
2 62
1 344
2 311
1 1101
2 1066
1 332
1 498
1 1176
1 982
1 513
2 9
1 1726
2 240
1 661
2 326
2 456
2 544
2 14
1 822
1 119
1 225
2 230
2 802
1 314
2 259
1 559
2 404
2 687
1 1452
2 675
1 2001
2 1392
1 864
2 1048
2 1167
2 1537
1 317
2 943
1 1981
1 1167
1 1317
1 1745
2 357
2 1155
2 321
2 359
2 2005
1 1414
1 377
2 1597
2 308
2 296
1 1966
2 968
1 260
2 1737
2 1296
1 1918
2 106
1 1265
1 1846
2 820
2 1616
1 2035
2 334
2 1673
2 1812
1 10
1 430
2 1443
1 937
2 232
2 469
1 1040
2 22
2 875
2 1865
1 502
2 1806
1 1239
1 144
2 181
2 1423
1 168
1 421
2 946
2 870
1 1887
2 1104
1 1818
1 1628
1 173
1 667
1 1164
1 1823
1 861
2 1432
1 552
2 1026
2 265
2 1138
2 578
2 646
1 509
1 1798
1 1032
2 1522
1 1130
1 668
1 1810
1 109
2 1722
2 765
2 663
1 694
2 937
1 319
2 219
2 313
1 1753
1 1294
1 484
1 1618
2 137
1 662
2 1055
2 131
1 939
2 1082
2 1961
1 1781
2 944
1 1663
2 1027
1 1406
2 346
1 384
1 1822
2 1868
1 510
1 1876
2 1886
1 531
1 888
1 42
2 1780
2 429
2 581
1 766
2 157
2 346
1 626
1 1740
1 545
2 1474
1 385
1 248
2 2043
2 485
1 96
2 1066
1 1855
2 215
1 1561
2 849
1 984
1 847
1 1742
2 1809
1 697
2 688
2 137
1 461
2 846
1 1124
2 355
1 1698
2 1346
2 1484
1 1680
1 973
2 482
1 1173
1 1229
2 1158
1 438
2 930
2 1116
2 1651
1 878
2 1021
1 1476
2 1820
2 1912
1 681
1 101
2 266
2 1652
2 269
1 1259
2 956
1 1269
1 1537
2 1851
1 424
1 216
1 1540
1 533
1 1655
2 1182
2 152
2 392
1 938
1 1462
2 1890
2 291
2 929
1 1328
1 147
2 100
2 196
1 1935
2 425
1 173
2 532
2 1750
1 1218
1 1305
1 1684
2 598
1 1653
1 1118
2 711
1 476
2 59
2 200
2 1970
1 1460
1 1845
1 834
1 762
2 1075
1 854
1 1703
1 1852
2 1614
2 631
1 934
1 210
1 1949
1 1315
2 1056
1 1702
2 1091
1 373
2 1844
1 168
2 1882
2 1484
2 658
1 57
2 887
2 1888
1 1953
2 1175
2 1517
2 1961
2 36
1 952
2 535
2 743
1 1185
2 590
1 1660
2 1874
2 1349
2 689
1 141
1 1508
2 736
1 1054
2 1981
2 364
2 1843
2 1275
1 1584
1 1171
1 646
1 1279
2 971
1 1370
1 1142
1 678
2 1045
2 1788
2 684
1 2018
1 2022
1 1062
2 1213
1 2003
2 1270
1 744
2 1034
1 306
1 1168
2 1268
1 251
2 2002
1 797
1 1445
2 672
1 1276
1 1385
1 948
2 522
2 1430
1 1105
1 412
1 398
1 1664
1 63
2 1144
2 1863
2 349
2 1600
1 1461
2 1064
2 212
1 1664
2 139
2 1827
2 1037
1 882
1 367
2 815
1 1572
2 1555
1 1267
2 262
2 1689
2 2038
1 1563
1 551
1 1257
2 1654
2 405
1 910
2 1300
1 2031
1 1761
2 1403
1 612
1 1440
2 1010
1 580
1 1157
2 1372
2 858
2 1776
2 635
2 530
2 656
1 145
2 1807
1 276
2 1312
2 1467
2 1792
2 1811
2 497
2 1110
2 32
1 1449
1 1363
1 53
2 1015
2 641
2 649
2 1138
1 1876
2 187
2 1160
1 695
2 1880
2 1624
2 278
2 994
2 56
2 54
1 1142
1 1201
2 1679
1 1634
2 164
1 941
1 87
1 474
2 1128
1 787
1 1959
1 1372
1 1108
1 738
2 928
2 542
2 368
1 1908
1 1325
1 1234
2 1686
2 1104
1 220
1 1124
2 1444
2 1818
1 1968
2 462
1 400
2 934
2 1146
2 345
2 787
2 755
1 604
1 1295
1 855
2 954
2 699
1 1797
2 1261
2 1300
1 848
1 470
1 717
1 1410
2 1028
1 1564
2 144
1 214
1 2015
1 117
2 1688
1 837
2 635
1 749
2 517
2 1165
1 1965
2 1532
1 1428
1 1485
2 1877
2 151
1 1976
1 1915
1 1975
2 966
1 383
2 146
1 796
2 419
1 1029
1 1287
2 602
2 986
2 1043
2 1416
2 729
1 1764
1 587
1 1348
1 379
2 1414
2 340
1 217
2 1558
1 62
2 737
2 1715
2 1802
1 1332
1 979
2 1337
1 1243
2 1187
1 246
1 763
2 1980
1 1718
2 1627
1 240
1 1252
2 703
1 542
1 24
1 613
2 20
1 577
2 1222
1 99
1 1777
2 1890
2 2045
2 479
1 734
2 500
1 629
2 41
1 86
1 761
2 64
1 2019
2 1256
1 1432
1 1309
2 840
2 1460
2 1707
2 1969
1 1507
1 385
1 1197
2 1317
1 1419
1 1210
1 619
1 1519
2 1388
2 829
2 1424
1 1123
1 1813
2 1729
2 386
1 1259
2 1180
2 1500
2 1116
2 989
1 222
2 768
1 653
1 1888
1 901
1 1752
1 314
1 529
1 1631
1 653
2 1390
2 1750
2 325
1 1665
2 1190
2 365
2 1334
2 1483
2 98
1 68
2 909
2 1647
1 328
1 162
2 913
2 1170
2 1178
1 158
1 1239
1 1972
2 1257
1 87
1 51
2 258
1 1288
1 1045
1 627
1 2012
2 235
2 1100
1 161
1 1532
1 1393
2 433
1 329
1 1956
2 47
1 1897
2 2013
2 580
1 1098
2 1333
2 1394
1 147
1 1338
2 583
1 43
1 1576
2 197
1 750
2 1365
1 64
2 918
1 786
1 778
2 1113
2 1859
1 252
1 525
2 1668
2 624
2 1093
1 1953
1 875
2 1183
2 1346
1 1375
1 690
1 1402
1 686
1 1342
1 1672
1 1434
2 1756
1 1778
1 480
1 537
1 1014
2 514
1 1506
1 1656
1 648
1 804
1 253
2 557
1 410
1 818
1 33
2 1674
2 16
2 1978
1 1111
2 578
1 1231
2 443
2 1035
2 573
1 1640
1 390
2 1917
2 46
2 1286
2 117
2 853
1 744
1 1184
2 1669
2 614
1 110
1 1120
1 1907
1 1793
1 636
2 966
1 415
2 1686
1 1396
2 1359
2 433
1 1125
2 1292
2 160
2 1025
2 1559
2 1068
1 1093
2 1418
1 109
1 128
1 1355
1 1948
1 1547
2 493
1 1485
1 1605
2 1592
1 341
1 1650
1 1879
1 1689
2 495
1 2006
2 153
1 997
1 821
2 872
2 1438
2 1705
2 1879
1 1529
1 581
2 943
1 1136
1 523
2 618
2 1712
2 2047
2 1552
2 1535
2 1464
1 1005
1 400
2 107
2 1633
2 1350
2 828
2 74
2 1997
1 645
1 1858
1 620
1 977
2 1629
2 224
1 1653
1 1228
2 1199
1 512
1 1919
2 1553
1 1171
1 564
1 1238
2 494
2 421
2 935
2 1624
2 1376
2 1618
2 714
2 1405
2 2048
1 1947
1 975
2 1047
1 584
1 1209
1 1696
1 1940
1 1215
2 1642
1 292
2 724
2 716
1 1520
2 1869
1 1233
2 459
1 724
1 2028
2 1120
2 907
2 1677
1 1068
1 1683
2 1332
2 1501
1 196
1 877
2 1074
1 880
2 215
2 1032
2 1921
2 543
1 556
1 1787
2 1796
1 1535
1 1055
2 211
2 1254
2 515
2 606
2 1465
1 1990
1 1328
1 226
1 138
2 251
2 575
1 1480
1 353
1 1023
2 981
2 536
1 1329
2 1140
2 574
2 1581
2 532
2 1838
2 992
2 194
1 1481
1 1299
1 1241
2 531
2 782
2 995
1 140
2 591
2 925
2 1071
1 634
2 597
1 1302
2 688
2 1085
1 582
2 351
1 1733
2 343
1 1505
1 1585
2 1292
1 1487
2 1315
1 1628
1 463
1 1162
1 1109
2 1543
1 475
1 1925
2 114
2 1599
2 366
1 1609
2 378
2 431
2 226
1 60
1 316
1 1950
1 2039
2 434
2 298
2 1714
2 1548
1 358
2 655
2 139
1 106
2 1986
1 1380
1 48
2 1700
1 274
2 1635
1 1746
2 5
2 45
2 2017
2 515
1 521
1 955
1 84
2 1308
1 1324
1 824
1 1248
2 1808
1 873
1 613
2 1755
1 1168
1 31
1 1661
2 1749
2 722
1 503
2 209
1 2016
1 1202
2 1397
2 423
1 1107
1 462
2 718
1 1111
1 928
2 1649
1 1789
1 397
1 426
2 1451
1 621
1 11
2 1115
1 295
2 1904
2 1233
1 1396
1 1290
2 801
1 1499
1 1110
2 916
2 231
1 1685
2 1387
1 950
1 23
2 125
1 1041
1 469
1 729
2 1281
2 315
2 49
1 339
1 24
2 1630
2 486
1 493
2 490
1 715
2 1582
2 1800
1 713
1 1331
2 1928
2 1297
2 281
2 415
1 719
1 1942
2 1456
1 19
1 1260
1 1713
2 1743
1 1743
1 40
2 992
1 1067
2 185
1 1754
1 70
1 1133
2 1200
1 2047
1 361
1 891
1 451
2 905
2 1023
1 473
2 650
1 1943
1 534
2 610
2 1550
1 659
1 769
2 1144
2 1375
2 1079
1 593
1 1176
1 344
1 242
2 1086
2 735
1 1957
2 1945
1 746
1 589
1 1220
2 392
2 95
1 930
1 188
2 176
2 123
2 952
2 299
2 1995
2 1916
1 2006
1 161
2 1768
2 285
1 1193
1 1865
2 1622
2 1713
2 661
2 669
1 233
1 1219
2 69
1 1898
2 1102
2 1794
1 1930
2 997
2 1342
1 85
1 1204
2 1767
2 1765
2 1613
1 1764
2 616
2 1444
2 1903
2 1224
2 341
2 1121
1 233
2 506
2 1878
1 416
2 1580
2 1567
1 5
2 1161
2 1671
2 2020
1 1736
1 1252
1 582
2 1204
1 432
1 261
1 664
2 177
1 324
2 1992
2 114
2 1587
2 345
1 399
1 368
2 387
1 507
1 1512
1 1544
1 806
2 1274
1 864
2 640
1 1150
2 571
1 409
1 1502
2 1452
1 1560
1 844
2 181
2 1636
2 163
2 1096
2 1568
1 350
2 1151
1 1143
1 1900
2 1973
2 458
1 974
2 568
1 714
2 794
1 644
2 126
1 1852
2 2012
2 1828
2 116
2 1266
2 14
2 1584
2 699
2 692
2 988
2 601
2 1263
1 1791
1 1509
1 753
2 1727
2 1108
2 449
1 418
1 255
1 37
1 1178
1 280
1 1148
1 1368
1 1007
2 2037
2 1679
1 1212
2 1829
1 1053
2 1307
1 1952
1 1367
1 1035
2 1675
2 1731
2 1271
1 1227
1 1057
2 1685
2 932
1 1759
1 1744
2 435
2 1015
1 586
1 1936
2 513
1 1339
2 684
2 1954
2 1388
2 1436
1 965
1 1139
1 1622
2 756
2 1909
1 749
2 891
2 957
1 791
2 1677
2 1964
2 229
1 757
2 1738
2 302
2 1261
1 954
1 1154
1 566
2 1488
1 1840
1 234
2 1542
2 1006
2 649
1 776
2 1598
2 1488
2 1082
1 1119
1 812
2 751
1 576
2 622
2 1716
1 1285
1 644
2 958
2 921
1 2041
1 526
2 1830
2 801
2 402
2 1251
2 1490
1 727
1 302
2 1854
2 1866
1 1031
2 1433
1 334
2 1062
1 463
1 1610
2 639
2 431
2 1969
1 1951
2 796
2 775
2 540
1 1234
1 1699
1 1772
1 1076
1 1967
2 1384
1 638
1 756
1 1141
2 1555
2 248
2 1363
2 706
2 179
2 1884
1 1336
1 840
2 1311
2 281
1 1058
2 1732
2 1217
1 706
2 1886
2 1864
1 1109
1 116
2 2049
1 783
2 1911
1 1199
2 195
1 1088
1 492
2 720
2 870
1 258
1 60
1 1607
2 1835
2 1768
2 1819
1 408
1 395
1 1424
1 1557
1 2030
2 347
1 1060
1 309
1 1061
1 1125
2 277
1 1825
1 1482
1 1501
1 1018
2 61
1 817
2 1621
1 844
1 960
1 332
1 1825
2 1939
2 631
1 1076
1 427
1 169
2 1493
1 333
2 892
2 1728
2 279
1 1457
2 13
2 1196
2 1989
2 1899
2 1426
2 47
1 1289
1 1938
2 79
1 288
1 371
2 1437
2 1542
2 1290
2 487
1 1220
1 1517
2 134
2 712
1 1049
1 1194
2 1920
2 1316
1 1420
2 1666
1 1934
2 1575
2 775
2 2007
2 1322
2 1284
1 1411
2 370
1 1639
1 350
2 260
1 878
2 1496
2 1024
1 1398
2 651
1 823
1 655
1 1381
1 732
2 1285
1 1577
2 1849
2 1708
1 97
1 1434
2 255
1 372
1 154
1 1416
2 1714
1 549
1 1881
2 1457
2 659
1 267
2 813
1 175
1 1946
1 468
2 894
2 1727
2 1507
2 1280
1 1217
1 1353
2 752
1 785
1 75
1 132
1 549
1 499
1 1896
2 67
2 1050
1 1620
1 1103
2 208
1 1716
1 1166
2 951
1 721
1 1937
2 2024
2 266
2 1374
1 191
2 247
1 927
2 1283
2 650
2 893
1 1461
1 567
1 1814
2 1370
2 2043
2 1132
2 550
2 1817
1 1369
2 1318
2 780
2 93
2 2004
2 1974
1 1930
1 115
