4600 6000
2 1801
2 331
1 1324
1 282
1 2120
1 1070
1 555
2 1990
1 337
1 1536
2 753
1 454
1 277
1 1095
1 1181
1 639
1 525
2 1784
2 533
1 1558
2 340
2 843
2 806
2 1619
2 2116
1 250
2 2008
2 579
1 1200
1 1141
1 1260
2 242
1 313
1 1895
1 1742
1 1993
1 61
2 1880
2 724
2 1601
2 56
2 976
2 628
2 379
2 33
2 2283
2 360
1 859
1 382
2 1426
2 1700
1 1162
1 385
1 908
2 1726
2 2225
2 1456
1 410
2 38
2 915
2 191
2 1303
1 431
2 298
2 1230
1 22
1 1561
2 825
1 1686
2 1741
1 193
2 1865
2 1655
1 1428
2 1930
1 53
2 99
2 1515
1 1362
2 110
1 1337
1 2083
1 1954
1 1472
1 1327
2 1511
1 389
2 1716
1 299
2 1100
2 1503
2 190
2 1621
1 1807
1 1188
1 490
1 2077
1 747
2 169
1 969
1 71
2 1630
2 1723
2 1540
1 510
1 2093
2 1763
2 1660
1 1913
1 1400
1 1679
1 2178
1 1626
1 357
2 1959
1 509
2 2111
1 2098
2 562
1 704
2 1621
1 129
1 165
2 740
1 1820
2 1528
1 67
2 1928
2 333
2 704
1 1091
1 85
2 820
1 464
1 49
1 1175
2 288
2 2090
2 2212
2 1476
1 1709
2 1473
1 1606
1 2113
1 1869
2 536
2 907
1 1045
2 1171
2 1387
1 761
2 730
1 808
2 412
1 869
2 480
2 875
2 285
2 499
2 1566
1 1423
2 1632
1 403
2 917
1 1096
1 684
2 1956
2 63
2 700
1 107
1 685
2 1774
1 1395
2 719
2 847
1 1862
1 1105
1 1509
1 390
1 2250
2 498
1 1300
1 548
2 1104
1 1165
2 584
1 254
1 930
1 1076
1 1334
1 942
2 1262
1 1585
1 1023
2 1035
1 112
1 1877
1 563
2 2148
2 1901
2 371
1 727
2 251
2 2159
2 2278
2 1051
1 1289
1 116
2 892
1 1607
2 126
2 994
2 747
2 1189
2 1419
2 759
1 1884
2 2073
1 1644
1 572
2 834
1 219
2 200
1 1581
1 1432
2 989
2 246
1 2221
2 1971
2 1676
2 1246
1 1920
1 1088
2 1472
2 909
1 1931
2 396
1 2210
1 1185
2 2237
2 324
1 380
1 531
1 1039
2 2075
1 649
1 29
1 209
2 1205
1 1597
2 934
2 1197
2 391
1 877
1 734
1 1107
2 1126
2 1154
2 1630
1 649
2 927
1 707
2 75
2 946
2 153
2 614
2 1623
1 1991
2 1866
2 526
2 2016
1 1997
1 1164
2 571
1 1438
1 104
1 901
2 1369
2 66
2 1629
2 2041
2 2206
2 605
2 1363
1 849
1 2203
1 8
1 1850
2 1319
1 1569
1 1555
2 1784
2 336
2 413
2 1185
1 1857
2 62
2 2091
1 1059
2 710
2 1654
2 1328
2 2231
2 196
1 1044
2 717
1 241
2 1656
1 365
1 1969
2 1830
1 363
1 1410
1 1677
2 1746
2 21
1 257
1 1735
1 1247
1 139
1 569
2 1638
2 1731
1 603
2 2144
1 1357
2 1818
1 1284
2 1949
2 1781
1 1641
1 881
2 1610
2 816
2 1792
2 45
1 1762
2 178
2 168
2 1958
1 542
2 1189
1 445
2 540
2 208
2 885
2 1633
1 388
1 460
2 504
1 1213
1 1186
1 1298
2 624
1 1068
2 1264
2 501
2 1643
1 706
2 2175
1 2054
1 1253
1 307
1 535
2 1203
2 504
2 272
1 1394
2 1377
2 394
2 1445
1 1406
1 1718
2 794
2 1808
1 2048
1 262
1 784
2 1048
1 738
1 2273
1 470
1 159
1 600
2 1489
2 203
1 216
2 1415
2 612
2 1975
2 2219
2 905
2 841
1 865
1 479
2 36
1 2007
1 1902
1 2276
1 1750
1 2168
2 1274
1 1775
1 301
2 1601
2 1853
2 1333
1 345
1 2086
1 458
2 1332
1 929
2 1007
2 526
2 1167
2 1530
2 1796
1 1740
2 2029
1 2278
1 837
1 2017
1 899
1 1404
1 1764
1 985
2 2147
1 1452
1 53
1 1241
1 1917
1 739
1 1777
1 953
1 615
1 1813
2 2270
1 1867
2 1114
1 2243
1 1859
1 1787
1 264
1 24
2 720
2 1554
2 1409
1 1710
1 1831
1 840
2 1029
2 2094
2 1499
2 145
1 1080
1 198
2 1622
1 1922
1 1998
2 459
2 639
1 1841
1 2062
2 1222
1 356
2 1577
1 1439
1 1193
2 817
2 1479
1 831
2 2214
2 1967
2 131
1 1456
1 824
2 2102
2 2096
2 280
1 1994
2 759
2 1729
1 1820
2 214
2 1419
2 1884
1 748
2 990
1 1912
2 1871
2 511
1 2103
1 1125
1 1798
1 50
1 519
1 685
1 361
1 71
1 662
1 1032
1 703
1 573
2 545
2 2271
2 84
2 601
2 1375
2 1228
2 288
2 824
2 1073
2 1839
1 1187
2 910
2 1135
2 2272
1 2260
1 2269
2 979
2 1251
2 364
2 2160
1 690
2 1819
1 1540
1 150
2 133
1 2164
2 42
1 1280
2 2294
2 1689
1 993
1 1705
1 2166
1 1653
1 1608
2 1838
2 2293
2 1702
2 388
1 2131
2 2003
2 776
2 2205
1 1398
1 1707
1 1186
1 1582
2 1875
1 274
2 1730
2 2022
1 800
1 227
2 1713
1 418
1 2274
2 16
1 1840
2 1241
2 1761
1 1703
2 1883
1 120
2 1882
2 1166
2 1135
2 1100
2 1117
2 1640
1 2171
2 1519
2 1543
2 1921
1 765
1 982
1 372
1 1637
1 1136
1 1444
1 2257
1 651
1 1330
1 1088
1 1747
2 2074
1 1383
2 279
1 1707
2 2157
1 702
1 1349
1 1997
2 49
2 936
2 2300
1 746
1 1077
2 1326
1 914
2 1270
2 1760
2 1113
2 1809
2 2016
1 118
2 611
2 15
2 671
1 138
2 762
1 758
2 2227
2 868
2 1084
2 1177
1 514
1 1206
2 1642
1 797
2 1891
2 1439
2 1765
1 35
1 2151
1 1403
2 472
2 1646
1 1025
2 2217
2 2148
2 1468
2 2185
1 634
1 450
1 1535
1 1416
1 1194
2 352
2 2055
2 1934
2 129
2 701
2 1031
2 1304
1 2172
2 489
2 1756
1 2154
1 559
2 2076
2 1655
2 516
1 1705
2 1518
1 1772
2 842
1 1258
1 2254
2 1331
2 1914
2 1909
2 1181
2 1410
2 1716
2 1386
1 813
1 1405
1 1589
2 2
2 1888
1 2107
2 1396
1 247
2 2181
1 176
1 2039
2 1794
1 1474
1 734
2 1715
2 625
2 444
1 1577
2 188
1 494
2 1313
2 753
2 1159
2 2073
1 1923
2 2276
1 1340
1 1783
2 915
1 1565
1 229
1 1327
2 1996
1 1046
2 1068
1 50
1 404
2 2093
2 920
1 1818
1 921
2 442
1 1617
1 968
1 1726
1 2036
2 766
2 1532
1 2263
1 1664
2 688
2 294
1 1358
2 710
1 138
2 1158
2 199
1 1293
2 641
1 170
2 337
2 276
1 1892
2 499
2 1951
1 160
1 1254
1 425
1 347
2 840
1 325
2 787
1 333
1 988
1 1488
1 93
2 590
2 1861
1 1603
2 1821
2 1953
1 2080
2 627
2 1694
2 1436
2 1563
2 1314
1 1482
1 106
1 2249
2 1033
1 1365
2 1443
1 1130
2 652
2 2104
2 47
1 2284
1 1291
2 1867
2 1320
1 28
2 1639
2 1378
2 805
1 1532
2 1382
2 2118
1 1701
2 51
2 220
1 1944
1 1551
2 1704
1 1674
1 582
2 1501
1 1496
2 1857
2 878
2 2125
2 1366
2 859
1 1262
2 1646
1 2145
1 11
2 990
1 660
2 1530
1 1817
2 1209
1 778
2 1910
1 1052
1 599
2 643
1 1652
2 1886
1 2197
1 41
1 296
2 1346
1 1507
1 2081
2 1692
2 2065
1 700
2 2262
1 1048
1 23
1 403
1 556
2 211
1 339
1 1642
2 1129
2 2193
2 1008
2 578
2 569
1 871
2 1092
1 1350
2 339
1 1517
2 384
2 790
2 384
2 1451
2 549
2 558
2 760
2 1483
1 693
2 1896
2 448
2 380
1 393
2 609
1 600
2 811
2 1127
1 259
2 182
1 786
2 1535
2 239
1 1690
1 1156
1 1832
1 342
1 233
2 666
1 679
2 922
1 987
2 1137
1 2152
2 1733
2 691
1 887
2 179
1 698
2 1806
2 1851
2 1803
2 226
2 530
2 966
1 228
1 756
1 1988
1 1234
1 1850
2 916
1 185
1 1063
1 204
1 316
2 1073
1 844
2 595
1 1727
1 776
1 1977
2 2185
1 646
1 1445
2 567
1 808
1 1320
2 1385
2 2106
2 524
2 1064
2 2021
2 1142
2 2144
1 82
2 1218
1 392
2 1479
2 1020
1 619
1 2004
1 1342
2 963
1 1350
1 1878
1 318
1 5
1 715
2 2009
2 1735
2 1257
1 2109
1 1827
1 1424
1 1317
1 777
1 1392
2 1546
1 852
2 290
1 1859
1 2006
2 1972
1 1542
1 1087
2 1034
1 1901
2 44
2 2112
1 1383
1 1052
2 1963
2 646
2 1555
1 1938
2 1741
1 1856
1 559
2 350
2 173
2 2026
2 1476
2 37
2 872
2 956
1 1335
2 2
1 249
1 83
2 1207
1 161
2 1578
2 224
1 952
1 1659
2 64
1 484
2 1666
1 997
2 1665
1 2259
1 1941
2 1871
1 735
1 2279
1 1150
2 1146
2 1512
1 76
1 1050
1 1002
2 304
2 584
1 1905
2 2065
2 2115
1 14
1 2105
1 899
1 1289
2 1520
1 2153
1 447
1 1854
1 960
2 142
1 718
2 1379
2 1455
1 2204
1 2293
1 1691
2 1504
2 1208
1 1428
1 889
1 1984
2 900
1 1268
1 1769
2 1839
1 2196
1 1984
2 733
2 1066
1 606
2 1225
1 1870
1 1873
1 2192
2 1941
2 10
2 833
2 464
2 1312
1 1899
2 958
2 1466
2 1944
1 1937
2 1972
2 369
2 2071
2 2180
1 1879
2 1168
1 1287
1 1339
1 872
2 1381
2 1408
1 317
2 39
2 150
1 676
2 1714
2 816
1 1989
2 2155
2 2111
1 1199
1 1069
1 435
1 2245
2 1756
1 213
1 421
2 387
1 1969
1 679
1 497
1 1919
2 1243
2 1176
1 1516
2 2163
1 691
2 1683
2 1810
2 1599
2 2173
2 399
1 568
1 525
1 2258
2 537
1 657
2 1809
1 1676
1 285
1 768
1 128
2 1950
1 1366
1 2129
2 1713
2 121
1 1563
1 592
2 305
1 314
1 2059
1 366
1 395
2 822
1 48
2 1459
2 97
1 2055
2 194
1 293
1 2077
1 669
2 527
2 94
1 1570
1 1488
2 1986
2 998
1 898
1 1313
1 206
1 57
1 301
2 2085
2 1945
2 1892
2 1193
2 2169
2 1623
1 1549
2 686
1 1517
2 410
1 963
2 1079
2 612
1 1578
2 2262
2 640
2 699
1 1161
2 1733
2 515
2 153
2 984
2 778
2 1132
2 1382
2 671
2 2124
1 1828
1 347
2 2200
2 793
2 2099
2 1332
2 1773
2 617
1 799
1 1226
1 1044
1 1038
1 1734
1 1822
2 2100
2 141
1 642
2 957
2 19
2 1271
1 674
1 1669
2 1576
1 1240
2 1786
1 2223
1 132
2 1785
2 665
2 2067
1 879
2 434
2 1274
2 418
2 1927
1 820
2 184
1 412
1 270
1 1490
2 2035
2 1698
2 1908
1 264
1 2139
2 728
1 2140
2 327
2 267
1 1603
1 1992
1 621
1 1487
2 1019
1 489
1 1180
1 1129
1 54
2 1212
1 1696
2 689
2 400
2 1176
2 801
1 745
1 1508
1 1808
1 438
1 792
2 284
2 708
1 263
2 336
1 236
1 1278
2 1494
2 209
1 854
1 1734
1 200
1 1467
1 561
2 2027
1 1844
1 1310
1 2078
1 299
2 2258
1 385
2 593
2 1457
2 1605
1 935
2 386
1 1620
1 487
1 2090
2 1093
2 307
1 2088
1 1872
1 1019
1 450
1 1973
1 2179
2 755
2 550
2 597
1 1345
2 2014
2 1852
2 452
2 683
1 789
1 670
1 474
2 406
1 2292
1 1359
1 306
1 2045
2 1005
2 1880
2 446
2 2088
1 640
2 39
1 802
1 500
2 1106
2 933
2 813
1 1000
1 1231
2 932
2 297
1 148
1 1778
1 822
2 826
2 683
2 30
1 1918
1 738
1 2113
1 253
2 286
2 1557
1 1904
2 924
1 1841
2 2083
1 1533
2 1018
2 1645
1 1308
2 1988
1 1133
1 1508
2 2201
2 1242
1 570
1 1612
2 2068
2 2150
2 48
1 867
1 1915
2 1652
1 1011
1 2044
2 349
1 944
1 248
1 1238
2 331
2 2048
1 1371
1 2121
1 96
1 2288
2 690
1 1097
1 1755
1 855
2 1957
1 675
2 269
1 341
1 2190
2 308
1 812
2 440
1 1536
1 1918
2 713
1 2047
1 481
2 1551
2 2216
1 543
1 1001
1 842
1 1416
1 568
1 900
1 1126
2 2060
1 916
2 319
2 1564
1 581
2 40
2 1224
2 1425
1 1877
1 449
2 1478
1 229
2 2076
1 1908
1 1232
2 2199
2 1740
1 911
1 2197
1 2211
1 1853
1 1792
2 560
1 1201
1 1104
1 1806
1 773
1 1552
1 2101
2 603
1 164
1 1244
1 1865
2 408
1 836
1 2085
2 2224
2 1688
2 1523
2 917
1 10
2 246
1 287
2 803
2 865
2 2174
1 670
1 1989
2 618
1 1354
1 1475
2 1712
1 2211
1 785
2 664
2 1344
1 952
1 788
1 2068
1 253
2 1938
2 1670
1 215
2 1986
2 2114
1 1836
1 1268
2 457
1 853
1 1261
1 2285
1 1611
1 1955
2 962
2 1
2 82
2 1520
2 656
2 991
1 1117
2 462
2 1295
1 2286
1 1121
1 883
2 1691
2 565
1 338
2 1042
2 1951
2 794
2 167
2 500
1 473
1 1139
1 711
2 1461
2 235
2 761
1 1543
2 1689
2 1469
2 1940
2 483
1 1953
2 617
1 161
2 356
2 322
1 252
2 1636
2 122
2 1221
2 1277
2 88
2 2215
2 1169
1 1321
1 1270
2 2275
1 1259
1 1682
2 1677
1 940
1 2218
1 119
2 2019
2 1982
2 2061
1 1777
2 1559
1 1308
1 1175
1 185
2 506
1 919
2 34
2 1661
1 502
1 2057
2 89
2 575
2 1728
1 2129
1 931
2 376
1 1875
2 1663
1 681
1 1159
1 1903
2 1108
1 618
2 2235
2 1833
2 365
2 1099
1 1970
1 12
1 36
1 763
2 838
1 436
2 2273
2 1625
2 147
1 1409
2 712
1 1870
2 2042
2 2119
1 158
2 152
2 2282
1 1020
1 1061
1 1929
1 2188
1 1114
1 1127
1 1937
2 187
1 320
1 616
2 2037
2 114
1 2092
2 636
2 687
2 1125
2 1157
1 2299
1 1184
2 977
2 1465
1 1668
2 787
2 2040
2 1662
2 2291
1 623
2 1060
2 635
2 358
1 1256
1 1444
2 667
1 2050
1 1192
1 205
2 255
1 1829
2 86
1 1568
1 1015
2 1155
1 383
1 2156
2 1481
2 96
1 302
2 1134
1 1829
1 1954
1 421
2 2261
1 521
2 2112
1 1706
2 835
1 1259
2 2082
2 1229
1 37
1 1525
2 827
2 2267
1 570
1 1930
1 863
1 68
1 1791
2 1298
2 1431
2 342
2 448
1 766
2 1064
2 696
2 1761
1 1348
2 718
2 2123
1 2280
1 1102
2 635
2 1513
2 810
2 1304
1 66
2 783
1 1087
2 1094
2 2000
2 992
2 544
1 922
2 1776
2 1983
1 1858
2 1604
2 2239
2 852
1 1299
1 124
1 2256
2 608
1 645
1 629
2 341
2 1636
2 1059
1 1355
1 359
2 1863
1 1790
2 106
2 1170
1 486
1 2247
1 212
1 725
1 2187
1 630
1 260
1 176
1 1348
2 1935
2 1586
2 512
2 1236
2 146
2 1874
2 1150
2 1682
2 1605
1 59
1 999
1 2114
2 1996
2 247
2 174
1 306
2 155
2 208
1 323
2 345
1 1739
1 1571
1 1384
2 326
1 538
2 887
1 695
2 52
2 136
2 2296
1 967
2 1145
2 1018
2 207
1 1626
1 1430
2 434
2 749
1 1911
2 238
1 520
2 1032
2 195
1 2082
1 2133
2 1433
2 309
2 692
1 1251
1 1317
2 1819
2 1282
1 1248
2 1575
2 620
2 1089
2 2181
2 913
1 1942
1 964
2 1576
1 75
1 1092
2 151
1 159
1 1211
1 190
1 1490
1 1236
2 1152
1 32
1 1389
2 540
1 1469
1 1310
1 2010
2 2046
2 1717
1 144
2 149
1 252
2 607
2 330
1 344
2 1760
2 505
2 587
1 1217
2 1063
2 856
1 234
2 1583
2 382
2 398
2 1587
2 995
2 1235
1 791
1 912
2 577
2 4
1 709
2 405
1 886
2 910
2 352
1 1108
1 993
2 2209
2 1119
1 1516
2 1214
1 986
1 508
2 2056
2 2243
1 1173
2 1121
1 1595
1 1810
2 589
1 983
2 902
2 861
1 1501
1 1074
1 729
2 2242
2 1743
1 1311
1 731
1 435
1 1285
1 1907
1 2288
1 2229
1 819
1 1361
1 527
1 1631
2 97
2 928
1 1560
1 1952
2 2136
2 1043
1 1641
1 397
1 1767
2 992
2 844
1 102
2 2017
2 733
1 553
2 862
1 791
1 16
2 503
1 2069
2 873
1 2177
2 908
2 668
1 472
2 648
2 1196
2 1709
2 1008
2 566
2 1341
2 645
2 1358
2 1006
1 893
2 743
1 1684
2 371
2 2287
2 2149
1 1401
1 395
1 1203
2 192
1 636
1 1305
2 561
2 1206
2 98
2 1497
1 517
2 891
2 1290
1 1752
1 302
1 1759
2 1405
1 888
2 387
2 2214
2 598
2 1962
2 2189
1 1876
1 1615
2 44
2 860
1 664
2 1604
1 1360
2 35
2 2298
1 769
2 563
1 790
1 1249
2 258
1 942
1 1235
2 198
1 1144
1 730
1 1651
1 2110
1 1966
2 895
2 2124
1 749
2 1098
2 1574
2 438
2 2109
1 2094
2 1331
2 219
1 1780
1 1128
2 1684
1 2297
1 1292
2 172
2 1762
2 1461
2 1883
1 2133
2 1815
1 1166
2 125
1 767
1 1042
1 1021
1 1780
2 1836
1 503
2 1662
1 206
1 2222
1 1769
2 1195
1 1786
1 535
2 1900
1 1309
1 2254
2 189
2 1222
2 1748
2 1447
2 1315
1 2188
2 2030
2 2196
1 614
1 2229
1 1845
2 1725
1 1847
2 945
2 1706
1 1987
1 1539
2 277
1 275
2 1736
1 26
2 427
1 1134
1 1669
2 2170
1 1545
1 2108
1 83
2 482
2 1751
1 295
1 296
1 673
1 744
2 1802
1 741
2 845
1 689
1 1407
1 1502
1 417
2 2012
1 1462
2 321
1 2000
2 1149
1 1753
1 274
2 2277
1 1242
1 123
1 456
2 948
2 29
2 2030
1 1124
1 428
1 109
1 694
2 1205
1 874
1 968
2 1151
1 1286
1 119
2 709
1 491
2 58
2 471
2 1271
2 1627
2 1722
2 1960
1 2182
2 1594
2 175
2 2110
1 170
1 2045
1 1776
2 1145
2 213
1 943
2 1458
1 1550
1 735
1 335
2 390
2 1097
2 1695
1 673
2 715
2 1721
2 1556
2 1172
1 958
1 1968
2 594
2 2240
1 995
1 118
2 593
2 1013
2 476
2 1303
2 1071
1 87
1 1779
2 1770
1 973
1 1817
1 2213
1 605
1 166
2 90
1 1429
2 1224
1 1505
1 678
1 1079
2 1351
2 1429
2 309
2 18
2 847
1 884
2 625
2 622
1 1711
1 1412
2 672
2 80
1 6
2 143
1 1058
1 806
1 586
1 1525
2 2219
2 2279
2 1257
2 1956
1 1099
2 444
1 656
1 289
1 1528
1 2297
2 818
1 955
1 1919
1 1098
2 223
1 1085
2 1905
2 2033
1 1056
2 370
1 1845
1 1698
2 876
1 430
1 217
1 1404
2 906
2 543
1 363
1 402
2 481
1 890
1 1824
1 517
1 268
1 143
1 610
1 355
1 2071
1 187
2 367
2 1757
1 1281
2 244
1 1281
1 20
2 522
1 1207
2 886
2 1980
2 2072
2 25
2 1667
1 186
2 1947
2 1363
1 883
1 694
2 362
2 769
1 2291
1 1130
2 1035
1 1992
2 655
1 751
2 311
1 1497
1 183
1 2138
2 2298
1 1183
1 2134
2 976
1 1210
2 178
2 1414
1 261
2 68
1 1033
2 1635
2 1848
1 1016
2 725
1 1981
1 1140
1 173
2 101
2 1995
2 1649
1 762
2 1403
1 1211
2 1900
2 323
1 166
2 1748
1 770
1 137
1 1801
2 1279
1 1272
1 456
1 954
2 1424
2 878
1 592
2 653
2 2248
2 1378
2 1998
2 1209
2 633
1 1732
2 466
2 1625
1 721
2 85
2 1484
1 308
1 760
1 577
2 1455
2 937
2 956
1 767
2 290
2 94
1 163
2 1376
1 1797
2 230
2 677
2 351
2 293
1 91
1 682
1 316
1 959
1 72
1 714
2 440
1 1101
2 966
1 544
2 1572
2 2125
1 800
2 477
2 1936
1 663
1 411
1 1616
1 1122
2 43
1 788
1 294
1 2230
1 1647
2 1791
1 1955
1 1443
2 524
1 1767
2 1643
2 1228
2 1434
1 531
1 2265
1 1471
1 1160
1 1496
1 501
2 441
1 1863
2 1139
2 1681
2 1450
1 803
1 907
1 1233
2 1344
2 746
2 884
1 2285
1 642
2 834
2 1300
1 111
2 1435
1 1690
1 895
2 1247
2 238
2 601
2 1882
2 1966
1 1037
2 2040
2 1043
2 1537
2 724
2 2186
2 719
2 258
2 1678
1 449
2 1238
2 359
2 2052
1 846
1 1590
1 183
1 829
2 127
2 1342
1 498
2 451
2 2153
1 432
2 1010
2 218
1 60
1 2294
1 743
2 1240
1 748
2 523
2 866
2 1631
2 193
2 1708
1 240
2 2240
1 2266
1 1524
1 703
2 495
1 1585
1 661
1 2101
1 1803
1 1834
1 20
2 1252
2 2176
2 1742
1 1355
2 2232
1 1269
1 2117
2 304
2 92
1 751
1 42
2 1667
2 1823
1 121
2 125
2 241
2 1307
1 1296
2 660
2 2043
2 1021
2 109
1 38
2 1036
2 1721
1 1504
1 2146
1 1437
1 2194
2 1198
2 467
2 2225
2 1411
2 1330
2 832
1 492
2 585
1 954
1 667
2 595
1 843
2 1793
2 393
1 81
1 1305
2 2079
2 674
2 1675
2 970
1 1283
1 1961
2 1730
2 1340
1 1860
2 2139
1 1277
2 764
1 1628
2 2141
2 888
2 2005
2 564
2 641
1 1627
1 940
2 2260
1 863
1 1263
2 1768
2 1414
1 2147
1 1526
2 1093
2 1388
1 275
1 518
1 659
1 1580
2 47
1 111
1 1795
2 483
1 218
2 1434
2 1502
1 1422
2 953
1 1492
1 364
2 1503
2 1122
1 1816
2 188
1 845
1 1387
1 1111
2 443
2 142
2 1974
2 1171
1 1174
1 169
1 1164
2 54
1 1217
1 1866
1 2220
1 466
1 1935
1 546
1 1538
2 156
2 391
2 2034
2 2202
1 1301
1 1408
2 1831
2 2132
1 486
1 1357
2 974
2 1007
1 1624
1 643
1 2152
2 530
2 2078
1 955
1 1550
1 488
1 1081
2 1909
2 235
1 1523
1 298
2 1800
2 226
1 697
2 420
2 1840
2 873
2 529
1 2007
1 919
2 1893
1 986
1 2128
1 245
2 1374
2 1906
1 358
1 1864
1 317
2 237
2 1118
2 633
1 1932
1 2230
2 409
1 88
2 1116
1 374
1 1779
1 23
1 74
2 1650
2 324
2 1948
2 141
1 862
1 513
1 556
2 965
1 1990
1 1367
2 2102
1 379
1 1335
2 1119
1 874
1 611
1 1460
2 471
1 1566
1 782
2 938
1 420
2 2221
1 1411
1 1804
1 1165
1 1572
1 217
2 2184
1 2012
1 1275
2 1284
1 78
1 2191
2 1278
2 680
2 2130
1 1301
1 1131
1 1245
2 1722
1 1527
2 368
1 2224
2 631
2 1287
1 145
1 637
2 2039
1 661
1 1214
1 122
2 305
1 313
2 1370
1 755
1 2091
1 811
2 1389
1 1215
2 2025
1 1182
1 505
1 65
2 558
2 1194
1 19
1 1939
1 1230
1 1924
1 587
1 2203
1 1766
1 2235
1 2135
2 1390
1 1252
1 2289
2 351
1 2195
1 90
2 1807
2 404
2 1873
2 599
1 1054
2 1474
2 796
1 619
2 2002
1 598
1 1187
1 354
1 2014
1 1078
1 596
2 1372
1 1860
2 802
1 1537
1 946
2 2043
1 1049
1 452
2 2160
2 1156
1 256
1 752
2 1620
1 1898
2 461
2 707
1 2244
2 1671
1 1732
2 1071
1 1275
1 1614
1 1153
2 2086
1 1849
1 1465
1 2247
2 2005
2 287
1 752
1 1649
1 1448
1 473
1 1720
1 547
1 95
2 1347
1 925
2 493
1 1225
1 2215
1 265
2 1061
2 2084
1 1036
1 454
1 281
1 419
2 1852
2 1312
1 1745
1 779
1 1200
1 1763
2 1004
2 376
1 1427
2 2283
1 2006
2 1531
2 1397
2 523
1 155
1 175
2 1541
2 999
1 1847
1 1546
2 1846
1 1286
1 1798
2 1795
1 2011
1 1661
2 1325
1 244
2 203
2 1147
2 2264
2 627
2 426
2 2275
2 1994
2 729
2 1531
2 34
1 613
2 1323
1 1835
2 1887
2 2025
2 2070
1 156
2 1832
2 1003
2 1110
1 925
2 2107
1 8
2 344
1 310
2 1592
2 581
2 997
1 334
1 923
1 1148
1 1029
2 2183
1 1651
2 1364
1 2186
2 1591
1 722
1 237
2 25
1 427
1 1527
1 1131
2 1835
1 1392
2 2123
2 1376
2 1421
1 2122
1 545
1 40
2 2176
2 2290
1 1634
2 314
2 890
2 1584
2 557
2 310
2 1692
2 629
2 672
1 488
2 1454
1 2232
1 202
1 1828
2 180
2 904
2 781
2 870
2 426
1 2253
1 2132
1 1435
2 1265
1 826
1 295
2 470
1 1534
1 1380
1 2097
1 69
2 521
1 2095
2 1885
1 2277
2 5
2 607
2 1223
1 2295
2 2228
1 1724
2 1447
2 1855
1 1138
2 1460
1 1269
1 654
1 1047
1 232
1 1680
2 1879
1 9
2 1151
2 260
1 1864
1 901
1 2023
1 1688
1 1364
2 2087
2 416
1 1656
2 1999
1 171
2 1471
1 1133
1 480
2 2122
2 433
2 1295
1 381
2 2168
1 2210
2 1910
2 799
2 2013
2 1514
1 1136
1 650
2 2228
1 1399
2 273
2 624
1 597
2 508
1 2052
2 2116
1 739
1 644
2 1004
2 827
2 1090
2 1393
1 2038
1 1983
1 126
1 303
1 891
1 869
1 181
1 1897
1 348
2 1814
2 432
1 930
1 447
2 706
2 1072
2 814
2 897
2 1609
2 1771
1 1925
2 2136
2 2128
1 1441
1 140
1 1463
1 1559
2 1617
2 681
2 757
1 2047
2 2178
1 920
1 539
1 396
2 781
1 1316
2 475
1 532
2 663
1 181
2 105
1 1253
1 1774
2 775
2 941
1 932
2 2162
2 1354
2 1925
2 1947
1 1943
2 765
2 1766
2 622
1 1436
1 1297
2 1920
2 534
1 1250
2 1111
2 677
2 818
1 225
2 638
2 1452
1 987
1 361
1 929
2 103
1 1395
1 1671
2 2162
1 1697
2 1309
2 1481
1 1178
2 2261
1 696
1 764
2 350
1 2137
2 1701
1 975
1 374
1 1258
1 469
1 1629
2 708
2 2212
1 1417
1 1993
1 1239
1 234
2 487
2 1959
1 1518
2 1077
2 69
2 2173
2 1009
1 575
2 1112
1 157
1 1567
2 522
1 2074
1 136
1 1056
1 1764
1 1600
2 924
1 754
2 167
1 1103
1 1768
1 1826
1 1700
1 2227
2 411
1 562
2 2053
1 1
2 1499
1 856
2 1957
2 1573
2 1685
2 780
1 292
2 1731
1 519
1 2084
2 112
1 2051
2 723
2 120
1 928
1 1178
1 2001
2 76
2 918
2 1976
1 105
1 1149
1 1856
2 250
2 2120
2 2179
2 1894
2 369
1 906
2 1148
2 343
1 1085
1 1307
1 402
2 225
2 1377
1 1265
2 422
1 2022
2 1267
2 814
1 797
1 1521
2 1522
2 1980
2 2004
2 1723
1 2058
1 1005
2 1749
2 1837
1 817
1 1949
2 854
2 2182
1 1703
2 1916
2 1391
2 467
1 1881
2 1297
2 1638
1 687
2 2280
1 2028
1 1215
1 1675
2 84
2 972
2 28
2 414
1 583
2 1789
1 1744
2 1368
2 1204
1 969
2 1356
1 1391
2 793
1 199
1 1783
1 1140
2 1781
2 108
1 632
2 875
2 99
2 2248
2 1593
1 11
1 786
2 1343
1 1548
1 24
2 86
2 805
2 2066
1 1316
2 2265
2 2270
2 1459
1 1522
2 1933
1 415
1 485
1 1848
2 399
1 1842
2 628
2 2155
1 1191
2 551
2 2027
2 137
1 573
1 1250
2 223
1 201
1 2226
2 328
1 851
2 77
1 658
1 249
1 1640
1 1371
2 220
2 1976
2 433
1 1593
1 1420
2 149
1 146
1 1374
2 2019
2 2056
2 868
1 2172
2 378
2 1299
1 1069
2 1014
1 353
1 429
1 594
2 1062
2 321
1 179
2 2201
1 1844
1 2208
1 1754
2 1654
1 1012
2 984
1 1635
1 1749
2 1533
1 451
1 1739
1 1899
1 1505
2 1914
1 1016
1 1672
2 1610
1 311
2 1158
2 255
2 497
1 1025
1 877
1 1785
2 1579
1 1248
2 1062
2 147
2 2189
2 2134
2 2130
1 2140
1 1498
2 882
1 1263
1 360
1 897
1 1412
1 2049
1 1858
1 1782
1 1562
2 774
2 123
2 370
2 1773
1 1190
1 417
1 831
2 1694
2 103
2 1916
2 1306
2 1065
1 2032
1 439
1 1915
1 1449
2 325
2 982
1 476
2 1846
2 2023
1 1639
1 33
1 680
1 1195
1 904
1 1105
2 809
2 651
2 1466
1 494
2 1210
1 985
2 631
1 1347
2 1267
1 1360
1 1967
2 2127
1 881
2 798
2 243
1 475
2 653
1 1911
1 271
1 961
2 941
1 81
2 1319
1 939
2 214
1 2204
1 100
1 1886
1 2239
1 437
2 2164
2 1622
1 1028
1 330
2 269
2 1328
1 1512
2 823
1 693
2 903
2 2170
1 1616
2 606
1 2268
1 460
1 1615
1 1437
1 578
2 1026
1 1084
2 1027
2 312
2 401
1 2213
1 815
1 509
2 1009
2 893
2 1815
2 9
2 951
2 1825
2 554
1 1353
2 713
2 2274
1 957
2 771
1 2105
1 971
1 2063
2 1968
2 1375
2 1718
1 482
1 1202
1 1027
1 1457
2 1146
1 967
2 771
1 552
1 1720
2 1095
1 1132
2 926
2 1544
1 1361
1 1929
2 1510
1 1219
2 705
2 1663
2 1315
2 988
1 675
2 1632
2 576
1 1041
1 1390
2 1438
2 1022
2 2234
2 2157
1 117
2 1821
1 750
1 2031
1 548
1 216
1 459
1 1177
2 1936
1 91
1 960
1 65
1 1613
1 1473
1 1168
2 666
1 398
2 699
2 1549
2 1384
2 1752
2 783
1 647
2 2070
1 574
2 1567
2 784
2 1744
1 1939
1 978
1 520
2 1889
1 17
2 658
1 1116
2 1787
1 7
1 2032
2 659
2 1023
2 1796
2 1233
2 386
1 1765
2 1015
2 2154
2 2191
1 602
2 1564
2 1579
1 1394
2 608
2 1598
2 1245
1 1547
2 1897
2 546
2 1153
2 858
1 413
2 1849
2 1729
2 2029
1 2180
1 1051
2 162
2 135
1 27
1 45
2 1294
2 1470
2 231
2 484
1 655
1 1498
2 1480
1 2166
1 1686
2 375
1 532
2 1220
2 389
1 1220
2 927
2 1674
2 372
1 1053
2 262
1 279
2 1057
1 1172
1 1569
1 744
2 1595
2 585
1 1302
1 1896
2 550
1 2259
2 880
1 67
1 474
1 1246
1 1494
2 245
1 2106
2 560
1 2272
2 1113
1 1000
1 1802
2 1362
2 736
2 2117
2 2018
2 1198
2 1827
1 2066
1 184
1 983
2 1797
2 32
2 2089
1 1645
1 485
2 949
1 52
2 1515
2 1695
2 204
1 1102
1 857
1 1657
1 1324
1 1961
2 1486
1 291
1 555
2 1477
1 722
2 1665
2 1737
2 833
1 266
1 180
2 1696
2 1719
1 1480
1 104
2 1249
2 1034
1 2183
2 1256
2 841
1 397
1 1254
2 2092
1 21
1 1261
2 2042
2 2098
1 1143
2 1213
2 1192
2 772
2 492
2 353
1 583
2 1244
1 846
2 1582
2 1965
2 423
2 392
1 405
1 441
2 921
1 945
2 2236
1 1040
2 1999
2 401
2 549
2 267
2 2020
2 1157
2 2175
2 731
2 1075
2 163
2 1091
2 1326
2 1017
1 164
1 1693
1 30
1 1736
1 1745
1 1823
1 1478
2 1323
1 1294
2 1030
2 980
1 896
2 511
1 1500
2 1894
1 1982
1 697
2 1758
2 2061
2 1862
1 851
1 2223
2 2289
2 92
1 1834
1 973
1 242
2 2057
2 978
2 615
1 2163
1 2238
1 1421
2 13
2 419
2 2222
1 795
2 2233
2 1510
2 1978
2 1491
2 1406
2 552
1 777
2 702
1 938
2 1557
1 1931
1 551
2 1737
2 716
1 665
1 1757
2 1702
1 538
2 495
1 2018
2 332
2 2268
1 1547
2 1561
1 1772
2 346
2 2167
1 1255
1 948
2 1076
1 870
1 2050
2 2053
2 62
2 2049
2 1943
1 2253
2 1493
1 1229
2 55
1 1754
2 2103
1 514
2 962
1 576
2 1430
1 1554
2 1433
2 1524
2 131
2 1575
2 1218
1 972
1 1592
2 1204
1 72
2 2216
1 1526
2 1190
2 2207
2 756
1 832
2 892
2 528
1 400
1 923
1 1489
2 626
1 186
2 1619
1 423
1 1995
1 144
2 1446
1 1359
2 1120
1 1276
1 662
1 1568
2 1231
2 676
1 1012
2 1179
2 1154
1 463
2 1495
1 318
1 2149
2 1644
2 1788
1 2150
2 1624
1 2146
2 1413
1 876
2 458
2 139
1 1893
1 539
2 1183
2 830
1 931
2 712
1 2249
1 2024
2 1725
2 860
1 866
1 750
2 1351
1 2036
2 1979
1 1648
1 885
2 2108
1 2104
2 686
2 951
1 394
2 2161
2 2033
1 431
1 207
2 2080
1 1881
1 257
1 2143
1 586
2 1163
2 1586
1 273
2 355
2 332
1 1926
1 362
1 1484
2 297
2 1710
1 469
1 192
2 947
1 965
2 621
2 855
1 2199
1 1006
1 1431
2 1477
1 130
1 1715
1 439
2 265
1 453
2 1548
2 174
1 604
2 101
2 716
1 1597
2 1442
1 880
2 850
1 2072
2 1234
2 1826
2 348
1 2286
1 1110
2 2135
2 565
1 378
1 160
1 1407
1 1580
2 300
1 1500
1 2138
1 604
1 1349
1 591
1 2246
1 1519
2 742
2 1699
1 95
2 465
2 979
2 367
2 1693
1 533
2 732
1 1542
1 2200
1 154
1 1049
2 2062
2 638
1 79
2 1086
2 228
2 1037
1 785
1 1492
1 1227
2 1778
1 807
2 657
1 2233
1 1138
1 829
1 1343
1 947
2 46
2 937
2 1770
2 720
2 2026
2 428
2 276
1 2031
1 732
2 1329
1 1464
1 1290
1 271
2 1352
1 2167
1 240
1 2141
2 496
2 1322
2 2206
1 1212
1 284
2 1174
2 2058
1 1965
2 2008
1 913
1 858
1 18
2 70
2 1574
2 936
2 1147
2 59
2 528
2 737
1 1891
2 1107
2 1904
1 741
1 1182
1 2208
2 416
1 1486
2 1106
2 536
1 1591
1 478
1 1485
2 2251
1 1788
1 383
1 1868
2 1728
2 64
1 1558
2 414
2 2281
2 1425
2 1596
2 1279
2 222
1 1385
1 2241
2 1602
2 1664
2 1507
2 177
2 2035
1 757
1 782
1 620
1 127
1 1184
1 515
2 291
2 2234
2 1415
2 717
1 2067
2 349
2 2089
1 1588
2 41
2 1369
2 804
1 1570
2 819
2 1448
1 6
1 2081
1 726
1 1173
1 1030
1 801
1 1432
2 825
2 2290
2 236
1 202
1 2251
2 465
1 165
2 1687
1 547
2 2190
1 864
1 468
2 2037
1 1002
2 1024
1 1553
1 346
1 1083
1 1673
1 2041
1 1814
1 1812
2 135
2 1188
1 1367
1 964
2 1985
1 490
2 1293
1 328
2 1987
2 1545
2 2192
2 510
1 278
1 1945
2 1978
2 1167
2 1758
1 289
2 934
2 1600
2 721
2 1666
1 2256
2 1422
2 110
1 322
2 2292
1 1628
1 1583
2 1660
1 14
2 1338
2 2126
1 1812
2 496
2 1598
1 582
1 1333
2 2127
2 102
1 2198
2 1128
1 1272
1 695
2 1719
2 2087
2 1372
2 1960
2 1837
2 2165
1 282
2 1869
2 2165
1 1386
1 513
1 1981
2 2158
2 836
2 58
1 1506
2 534
1 2009
1 804
2 1800
2 1418
2 2284
2 1223
1 789
1 728
2 1506
1 1074
1 889
2 457
2 815
2 1799
2 1511
2 408
2 1962
1 579
2 114
1 1514
2 171
2 1917
2 1318
2 1163
1 1681
2 1054
2 463
2 422
1 849
1 1648
2 205
2 462
2 375
2 711
2 949
2 1341
2 1843
1 589
1 1273
2 961
2 1855
2 1306
2 2143
1 1058
1 1066
1 107
2 113
1 1462
1 1440
2 1096
1 864
1 1103
2 479
2 1011
2 1024
1 572
1 688
1 15
1 1243
2 1539
1 77
2 1112
1 407
2 78
2 1602
2 1970
1 1013
2 445
1 1890
1 1659
2 1014
1 239
2 1266
1 1842
2 1838
2 117
1 809
1 1255
1 1759
1 13
1 792
2 1753
1 1381
2 2001
2 1738
2 1449
1 745
1 1226
1 2028
1 1160
1 2264
1 1923
1 1647
2 1717
1 848
1 839
1 1038
2 588
2 1942
1 1946
2 2300
2 1221
2 2099
1 366
2 2263
1 3
1 1958
1 1562
1 2137
2 1401
2 1746
1 812
1 939
1 478
2 613
2 1587
2 2174
2 1483
2 80
1 516
1 770
1 1296
2 1805
2 1861
1 1607
1 377
2 2024
1 2281
1 1571
2 1280
2 1687
1 2046
2 168
2 2011
2 632
2 1927
1 644
1 1833
1 2015
2 1885
2 1653
2 944
2 140
1 63
2 981
2 1888
1 2244
1 1618
1 2246
1 100
1 1573
1 926
1 300
2 162
1 1045
1 1450
2 1611
1 2218
2 1041
2 1811
1 1083
1 1782
2 935
1 1388
1 2079
1 2118
2 1451
2 1046
2 406
1 2299
2 1683
2 443
1 2158
2 1670
1 2142
1 2119
2 1704
2 1144
1 368
2 1334
2 994
2 2207
2 2202
2 1743
2 564
1 950
1 312
2 1493
1 1813
1 1137
2 455
2 2171
2 991
2 1202
1 283
1 133
1 726
1 1314
1 1302
2 2226
1 1594
1 89
1 1975
2 775
2 73
1 1724
1 197
2 848
2 1793
2 1118
2 882
1 1487
1 1634
2 1790
1 1397
2 2064
1 610
1 2095
2 1057
2 286
2 626
1 2151
2 830
1 1948
2 1001
1 541
2 1282
2 461
2 1413
1 1017
1 409
2 1711
1 839
1 1453
2 377
1 132
1 1453
2 1440
1 1825
2 2145
1 1368
1 430
2 871
1 1921
2 177
1 943
2 221
2 779
2 1075
1 1824
2 2126
2 1446
1 60
2 1393
2 12
2 1402
2 425
1 128
1 1379
2 1552
1 1991
1 981
2 151
2 591
1 821
2 1197
2 2184
1 70
2 134
2 541
2 17
1 1672
1 1979
1 124
2 327
2 637
2 1067
1 971
2 2021
1 1712
1 1946
1 115
1 1040
1 79
1 998
2 1816
1 354
1 340
2 437
1 1191
1 727
1 1399
2 507
1 1685
2 1475
1 231
1 2220
2 894
1 1398
2 580
2 810
1 1924
2 1668
1 1804
2 902
2 668
1 1673
1 857
1 838
1 623
2 2194
2 1509
2 1534
2 588
1 468
2 705
2 1418
1 1973
1 1907
2 1124
2 1026
2 1031
2 51
2 74
2 2217
1 232
1 1872
1 835
2 55
2 1590
1 1090
2 1325
2 1932
2 197
2 326
1 210
1 338
2 1402
1 272
1 1581
1 1417
2 2257
2 1544
2 1311
1 1080
1 1612
2 1934
1 1047
2 678
1 1596
1 1169
1 2252
2 1950
1 763
2 2287
2 837
2 1232
2 1396
2 1912
1 2156
1 1454
2 1565
2 98
2 335
1 1123
2 1699
2 1618
2 442
1 2060
2 1219
2 698
2 684
2 602
1 3
1 2131
1 1977
2 2069
1 933
1 1283
2 1658
1 1727
1 905
2 1055
2 977
2 221
1 2238
2 807
1 436
1 2142
1 980
1 1933
2 970
2 27
2 152
2 2100
1 796
2 2231
2 609
2 1903
1 1467
1 2295
2 1373
1 1353
2 1152
1 2237
1 1109
1 1273
2 798
1 1039
2 529
1 424
1 507
1 22
1 1468
1 493
1 1560
2 2245
1 2250
2 2063
1 742
1 61
2 182
1 1553
2 1373
2 446
2 894
1 1094
2 1584
2 357
2 1606
1 31
2 1589
2 1288
2 911
2 1458
1 1285
2 828
1 1609
2 251
1 2161
2 415
1 1614
2 2096
1 2010
2 996
1 73
2 512
2 2121
1 996
2 1750
2 130
1 2255
1 1346
1 215
1 823
2 1199
1 652
2 477
2 424
2 261
1 1556
2 853
2 195
1 1109
2 194
1 1441
1 7
1 898
2 2177
1 1060
2 1170
1 1322
1 315
2 647
2 692
1 93
2 740
2 1876
2 2255
2 43
2 1588
2 1854
1 1196
1 1985
2 1657
1 1868
1 315
2 1926
2 1521
2 1336
1 1747
2 566
2 1799
2 211
1 1321
2 1423
1 26
1 2209
1 134
2 1266
2 373
2 278
2 2241
1 1179
1 723
1 1789
2 1751
2 1964
2 1400
2 1216
1 148
1 381
1 1974
1 768
2 2187
2 754
1 518
2 1143
1 867
2 918
2 828
2 669
1 212
1 1141
2 1288
2 233
2 1237
1 1830
1 1072
1 1963
1 1538
1 1022
1 230
1 650
1 1216
2 1161
1 254
1 268
2 542
1 1529
2 1470
1 256
2 1794
2 2266
1 1070
1 1851
2 1208
1 319
1 116
1 1889
1 1115
1 57
2 1426
2 158
1 266
2 648
2 2159
1 1714
2 861
1 1811
1 1633
1 407
2 1608
1 2198
1 1913
1 113
1 2267
1 2252
2 959
2 320
1 329
1 1464
1 1356
2 2003
1 1180
2 31
1 1805
2 2242
1 453
1 281
2 1318
2 975
2 2195
1 1260
2 1529
1 1940
2 1086
2 1887
2 736
1 1003
2 2059
1 2115
1 1089
1 758
1 280
2 772
1 1028
1 2097
1 1155
2 914
2 263
1 554
1 1336
1 1697
2 1895
2 2015
1 1264
2 243
2 774
2 1276
1 1678
2 1491
1 557
2 227
1 56
1 2044
1 1201
1 1237
2 196
1 1339
1 1613
1 909
1 46
2 283
1 1227
1 491
1 1890
1 1115
2 2054
1 737
2 1971
1 1902
2 191
2 1964
1 1050
1 571
1 1637
1 1053
1 1010
2 2193
2 714
1 506
1 879
1 1329
1 1082
2 1906
1 682
2 580
1 1338
2 189
1 303
1 553
2 896
2 1599
2 343
1 1708
1 1101
2 2296
1 1650
2 2064
2 634
1 2169
1 1142
1 1345
2 1292
1 654
1 87
2 222
1 1679
2 974
1 455
2 248
2 1055
2 1291
1 1658
1 1370
1 334
1 2038
2 574
2 989
2 912
1 1482
2 567
2 630
2 270
2 2034
1 1427
1 1485
1 1067
2 2075
2 950
1 2271
1 1898
1 1822
2 1337
2 154
2 1123
1 2020
1 2013
1 157
2 502
2 4
1 1065
2 1239
2 1082
1 1775
1 1843
2 1463
1 373
2 780
1 201
1 1541
1 1420
1 773
1 1513
2 1738
2 1680
2 596
2 259
2 903
2 1380
2 1755
2 1365
1 210
2 115
1 429
1 1874
2 1081
2 1952
1 1771
1 1928
1 292
1 108
1 172
1 224
1 329
2 2269
2 590
1 616
1 850
2 1878
1 2282
2 1495
1 795
2 1352
2 1442
1 2002
2 537
1 701
2 821
1 2051
1 2236
1 1162
1 1078
1 2205
2 1120
2 1922
