4100 1000
1 1132
1 1912
1 386
1 417
1 1352
2 658
1 1102
1 908
2 1655
1 1263
2 835
1 1484
2 1976
1 1557
1 954
2 159
2 1649
2 1889
2 266
2 248
1 153
1 842
2 1128
2 1432
2 2030
2 1373
2 1971
1 1393
1 61
1 555
1 1905
1 83
1 1136
1 1037
2 162
2 672
2 948
2 101
1 1967
1 1319
1 1325
2 1988
2 1087
2 1010
2 604
1 1637
2 2010
1 1135
1 1769
2 1218
1 960
2 1506
2 1347
1 88
2 731
1 267
2 517
1 1648
1 408
1 1701
2 1308
2 510
1 1312
1 40
2 1650
2 1188
1 1525
1 1279
1 372
2 751
2 133
1 358
2 1435
2 34
2 1953
1 619
2 1468
2 1072
1 1545
2 1879
2 531
1 1621
1 1775
1 1598
2 811
2 868
1 1645
1 1927
2 1482
2 1029
1 353
1 281
1 1729
2 695
1 528
1 1949
1 1618
2 1160
2 87
2 1938
1 1773
1 107
2 577
1 1307
1 163
1 666
1 822
2 610
2 63
2 1777
1 863
2 800
2 1186
1 598
2 420
2 115
2 889
1 1499
1 1748
2 520
2 846
1 1712
2 557
2 31
2 111
1 1924
1 1823
1 898
2 135
1 748
2 553
2 1239
1 1625
2 679
1 499
1 2040
2 53
1 794
2 139
2 1408
1 508
2 176
1 152
1 339
1 1251
1 764
2 1534
1 855
2 1122
1 1546
1 1664
1 1469
2 804
1 1709
2 1542
2 567
2 1235
2 1935
1 81
2 199
2 539
2 728
1 2035
2 857
1 1906
2 1837
1 1401
2 1175
1 1685
2 708
1 1925
1 1434
2 82
2 21
2 191
2 1674
1 538
1 1236
1 1646
1 410
1 657
1 1146
1 1094
1 391
1 1905
1 1033
2 1751
2 1950
1 1461
2 1895
2 883
2 9
2 988
1 253
2 122
1 1672
1 1356
1 1423
2 672
2 1544
2 511
2 1022
2 12
1 1945
1 146
2 8
2 1688
2 103
2 1444
1 790
1 365
2 698
1 926
1 1454
2 971
1 492
2 1420
1 2048
1 913
2 237
2 809
1 1548
1 1303
2 317
2 596
1 283
2 1446
1 1585
1 1805
1 1787
2 706
1 423
2 701
1 694
2 404
2 1433
2 1994
2 1707
1 1102
1 384
2 89
2 1806
1 1921
2 16
1 646
2 1162
2 1630
1 44
2 295
1 187
2 226
1 942
1 1520
2 1772
2 1001
1 1095
1 1264
2 828
1 1221
1 98
2 829
1 413
1 1516
1 722
1 686
1 796
1 888
1 1395
1 2032
1 1668
2 1197
1 781
1 834
1 712
1 1607
1 340
1 1166
2 1100
1 1289
2 591
2 1137
2 1216
1 1173
2 1947
1 1375
1 690
2 461
1 1914
2 65
1 716
1 483
1 818
2 1949
1 1230
1 915
1 365
2 1089
2 764
2 1689
2 96
1 1532
2 638
2 1275
2 304
1 1160
2 1045
1 807
1 321
2 893
2 1473
1 1331
2 1932
2 1549
1 654
1 807
1 109
2 66
2 1730
1 1937
2 1051
1 407
1 1344
1 158
1 1345
2 1480
1 379
1 187
2 1824
1 726
1 1225
2 1622
2 1559
2 494
1 1304
2 1941
1 64
1 1406
1 328
1 202
1 1776
2 141
2 1253
2 1473
1 1743
2 2003
2 402
2 1245
2 1377
1 1554
1 262
2 1061
1 1632
1 606
2 865
2 21
1 745
2 186
1 917
2 1296
2 1205
1 1413
1 1731
1 654
1 817
1 941
1 418
1 1546
2 1214
2 844
2 75
2 117
1 236
1 671
1 1692
1 1126
2 2043
2 149
1 229
2 12
2 2019
1 1696
1 397
1 1376
1 385
2 520
2 958
1 1519
1 669
1 1067
2 1383
1 948
2 666
1 1367
1 963
2 631
1 1395
2 1469
2 295
1 448
1 1545
1 371
1 1619
1 22
2 334
2 1934
1 1587
2 972
2 1164
2 1035
2 106
1 1874
1 65
1 1601
2 933
1 920
1 1287
1 635
1 572
2 178
2 441
2 814
2 1740
2 1886
2 885
2 1079
2 340
1 312
1 939
2 630
1 1756
1 1132
1 821
1 610
2 335
2 16
1 458
1 153
1 875
2 245
2 2015
2 991
1 1563
1 401
1 1355
2 1388
1 1217
1 830
1 1921
1 828
1 1797
2 95
2 1747
2 697
2 912
1 1631
2 381
1 603
1 996
2 2041
1 1790
2 762
1 1266
1 1642
1 1303
2 1948
2 1293
1 1853
2 740
2 112
1 1972
2 266
2 1107
1 1627
2 568
2 1777
2 649
1 1709
1 1897
2 1829
1 169
1 1762
2 90
1 415
2 583
2 1178
2 1008
1 1653
1 1930
2 962
2 1748
2 1190
1 1662
1 1999
1 1484
1 624
1 355
1 2000
1 370
1 1349
2 724
1 1
1 256
1 840
1 1528
2 1580
2 292
1 1380
1 1034
1 1706
1 1147
2 554
1 260
1 964
2 899
1 532
1 1575
1 1301
2 303
1 1941
1 1073
2 1880
1 1349
2 151
2 905
1 52
2 705
1 1620
1 150
1 459
1 1702
2 785
2 1558
1 33
1 957
1 1951
2 1046
1 694
2 305
1 1090
2 384
1 626
1 693
1 1862
2 461
2 445
2 210
1 1602
1 532
1 793
2 301
1 1850
1 567
1 1979
2 1291
1 1846
1 1680
2 73
1 251
2 344
1 350
2 1296
1 1719
1 129
2 856
1 199
2 582
1 1299
1 495
2 349
2 1838
2 992
2 1237
1 1576
2 143
1 1976
2 425
1 628
2 1711
2 1894
2 1116
2 1277
2 1212
2 536
2 543
2 1037
1 336
1 1309
1 626
2 612
2 743
1 713
1 791
2 678
2 959
2 966
1 1881
1 933
1 1559
2 1399
2 1207
1 269
2 945
1 116
2 1789
2 101
2 1578
2 850
1 392
2 232
1 1811
2 1697
2 412
1 598
2 364
2 288
2 1424
1 503
1 463
2 1463
2 1916
2 720
2 207
2 1764
1 1323
2 427
2 1833
2 1340
1 1436
2 843
2 192
2 2036
2 1794
1 1487
1 1446
1 1260
2 112
1 1826
1 869
1 670
2 1445
1 56
1 1068
1 27
2 833
1 995
2 750
2 1488
2 804
1 659
1 915
2 468
1 866
1 1525
1 1031
2 1471
1 1870
2 94
1 318
1 1845
2 1449
1 1368
2 1651
1 995
2 1013
1 1710
2 582
1 789
1 1123
2 1882
2 728
1 587
2 486
2 1961
1 1348
1 813
2 741
2 619
1 1511
1 1695
1 1404
2 1472
1 488
1 1232
1 2034
1 1235
2 927
1 1040
1 1789
1 814
1 1351
1 1840
2 922
2 816
2 1272
1 1552
2 385
1 716
2 485
1 314
2 1341
1 1505
2 194
1 571
2 1096
2 260
2 324
1 2024
1 1030
2 699
2 961
1 1828
1 285
2 108
2 448
2 1796
1 573
2 1810
1 52
1 93
1 501
2 1860
2 1495
1 36
1 730
2 74
1 232
1 1489
2 895
1 455
2 1831
1 870
1 625
2 77
2 1387
2 1966
2 235
1 1986
2 557
1 771
2 1092
2 1085
1 704
2 1719
2 380
2 2009
1 175
1 1866
2 1718
1 861
2 211
1 331
1 411
2 1393
2 175
2 999
2 399
2 126
2 288
2 798
2 489
1 1568
2 144
1 1452
2 738
1 48
1 1417
2 1052
2 254
1 1157
1 205
1 1574
1 1815
1 769
1 1198
2 1656
2 1059
1 1742
2 132
2 105
2 1570
2 1262
1 382
1 239
2 293
1 1365
1 475
1 1362
2 1581
2 1440
1 1808
1 1507
2 298
1 271
2 1749
2 148
1 1621
1 1292
1 346
1 700
2 1390
2 2004
1 683
2 1501
2 643
2 1518
1 165
1 1260
2 869
1 730
1 780
2 1184
1 164
2 1841
1 1900
1 727
2 1971
2 1002
1 13
1 1170
1 1820
2 1170
1 154
2 128
2 1519
1 74
2 629
1 142
2 891
2 414
2 192
1 1468
2 211
2 987
2 1109
1 1534
1 1297
2 207
1 1438
2 519
2 1212
2 1768
2 925
1 589
2 1075
1 330
1 1835
2 549
1 415
1 1192
2 381
2 1372
2 18
1 1808
1 1826
2 339
2 990
2 1847
2 1187
1 78
1 1480
1 1991
2 1543
2 988
2 951
1 962
2 1307
2 470
2 1543
2 15
1 738
1 314
2 1181
2 1839
1 1658
1 1699
2 58
1 879
2 1551
2 1696
2 2045
2 1474
1 627
2 742
1 378
2 1820
1 1312
1 799
2 1072
2 191
1 529
1 1363
2 1300
2 1693
1 17
1 1238
2 1332
1 123
2 1161
1 636
2 1985
2 1737
1 1509
1 615
1 1960
1 873
2 244
2 1159
2 2002
1 1892
1 10
2 1180
2 140
1 177
1 146
1 799
2 1201
1 1712
1 1475
2 791
2 583
2 254
1 498
2 916
2 1591
2 1863
1 874
1 862
2 273
1 221
1 1280
1 595
1 1692
1 1059
1 1285
2 28
1 1035
1 1442
1 160
2 1118
2 1073
2 1665
1 357
1 1850
1 241
1 819
2 145
1 1327
2 1372
1 228
2 691
2 1728
1 1816
2 1089
2 516
1 325
1 1171
2 2042
2 1262
1 674
2 613
1 1324
2 1056
2 1612
1 55
2 763
2 1116
2 1853
1 474
2 403
2 739
1 1683
2 1899
2 1986
2 136
2 1605
1 693
1 1178
2 181
1 1678
2 1130
1 35
2 2015
2 168
1 124
2 1459
2 1204
1 1268
2 368
2 359
2 1202
2 2011
2 1226
1 1780
1 1933
2 156
2 880
1 1023
1 954
1 1139
2 72
2 94
1 478
1 235
1 1069
2 36
2 853
2 129
2 955
1 345
2 6
1 1766
1 926
1 570
2 980
1 223
1 1398
2 984
2 1987
2 653
1 909
2 1460
2 1872
1 1017
1 525
1 1688
1 1041
1 1158
2 99
2 1807
2 883
2 872
2 466
1 1144
2 8
2 84
2 1585
1 1224
1 1535
1 1204
2 1364
1 1270
1 1880
1 292
1 1636
2 1283
2 287
1 633
2 1772
2 1847
2 1953
1 1832
2 1915
2 1934
1 956
1 1548
2 1467
2 531
2 1823
1 296
1 421
2 1529
2 817
1 437
1 989
1 299
2 7
1 1856
2 763
2 374
1 366
1 820
2 1747
1 399
2 1165
1 732
2 597
1 1849
2 682
2 375
1 1866
1 178
1 1033
2 589
1 256
2 1608
1 1522
2 617
1 1188
1 294
1 560
1 1555
1 1658
1 1659
1 1208
2 1410
1 605
2 1093
1 771
1 20
1 742
2 252
2 667
1 126
1 1352
2 1961
1 1211
2 1698
2 506
2 22
2 2029
1 1416
2 752
1 1804
1 248
1 1406
1 239
2 499
2 1597
1 1913
1 45
2 264
2 238
2 1014
2 541
1 375
1 1278
1 822
2 751
1 278
1 1039
2 1032
1 844
2 1956
2 1485
2 1250
1 586
1 704
1 1771
1 840
2 1234
1 498
1 97
1 352
2 2025
2 1929
1 997
1 155
2 215
1 1069
2 1864
2 1194
1 888
1 1246
2 810
2 1851
1 1907
2 1346
1 1083
2 1583
2 914
2 231
1 808
2 427
1 801
1 703
2 1588
1 372
1 100
1 274
1 1276
1 1261
1 1378
1 46
2 1424
2 2008
2 1481
2 1333
2 1944
2 1825
2 70
2 701
2 334
2 1885
1 1177
1 1595
2 34
2 1544
2 600
2 594
2 1651
1 1252
1 474
2 1138
2 544
2 243
1 1671
2 423
2 1308
2 1091
1 1510
2 1613
2 857
2 1761
2 1917
2 1644
2 1299
2 1322
2 1144
2 1316
1 1179
1 963
1 1304
2 863
1 1661
2 1904
2 1760
2 907
2 406
2 1293
2 1895
1 968
2 1635
2 1797
1 641
2 1040
2 1531
1 218
2 1378
1 1133
1 890
2 318
2 1290
2 1817
2 394
2 1898
1 1019
2 1997
2 1112
1 956
2 1005
1 452
2 632
1 1036
1 827
1 1497
2 1689
2 1075
1 1220
1 1042
1 478
1 1359
1 1912
2 702
1 144
2 578
1 1054
2 1240
1 1975
2 892
1 1977
1 42
2 719
2 426
2 1079
1 1977
2 111
2 1655
2 1305
2 165
2 1582
1 1459
1 1991
1 950
2 1124
1 1146
2 1836
1 1423
2 1667
2 467
1 1439
1 1167
2 2031
1 1722
1 472
2 680
2 519
2 1966
1 51
1 803
2 831
2 485
2 937
1 967
2 902
2 1404
1 1380
1 1647
2 1687
2 1242
1 815
2 1295
1 912
1 1134
2 1558
1 1356
1 446
2 918
2 2050
1 1687
2 60
1 786
1 645
2 1818
1 1098
2 359
1 366
1 611
2 1247
2 96
2 1411
1 204
2 1669
1 839
2 1209
1 456
1 1054
2 1587
1 308
1 1465
2 521
2 99
2 1990
1 1671
1 1928
1 19
2 51
1 41
2 357
1 221
2 1924
1 1243
2 181
2 2
1 1113
1 405
2 1521
1 1044
2 723
1 426
1 1474
2 1750
1 1412
2 1605
2 249
2 677
1 1514
2 1669
1 943
1 1344
2 537
2 600
2 1716
2 270
2 1218
2 1703
2 1876
1 1764
1 1552
1 1891
1 1614
1 1465
2 591
1 1233
2 950
2 118
1 577
2 982
2 1114
1 1839
2 1152
2 815
2 550
2 1272
1 1018
1 166
1 1029
2 257
1 854
1 1959
2 1573
2 1681
2 1788
2 1869
2 1360
1 227
1 95
1 1697
2 1058
2 884
1 525
1 1846
1 1942
2 955
1 494
1 1723
2 315
1 668
2 72
2 231
2 1889
2 590
2 1273
2 1836
1 623
2 1830
1 2012
2 268
2 635
1 1024
1 851
2 1366
1 358
1 642
1 1973
1 1271
1 1070
1 620
2 1141
2 1332
1 953
2 622
2 416
1 1942
1 703
2 1514
2 1628
1 1715
2 1255
2 1795
1 1727
2 1414
1 783
2 917
1 1141
2 1220
1 1394
1 969
2 637
2 795
1 1992
1 396
1 329
2 1097
2 1490
1 1646
1 1056
1 1322
1 68
1 969
2 327
2 1946
2 40
2 775
1 113
2 1827
1 466
2 637
2 293
1 1950
2 749
2 921
1 208
1 1783
1 64
1 1071
2 209
2 1010
2 1833
1 587
1 1294
1 826
2 1981
1 1388
2 1566
1 442
2 758
1 958
1 739
1 607
1 881
1 512
2 1985
1 1361
2 642
2 757
2 341
2 1566
2 1629
1 1600
2 1251
2 1074
1 215
2 632
1 216
2 979
2 1735
1 1011
2 710
1 1690
1 1374
1 62
1 222
1 986
1 1855
2 1284
2 1877
2 1489
2 1555
2 513
2 1138
2 361
1 784
1 1232
1 1802
2 212
2 812
2 486
2 1088
1 1007
1 257
1 379
1 1340
2 1860
2 411
1 1111
1 864
2 1511
1 227
1 250
2 127
1 932
2 1413
1 1725
2 866
2 1266
1 717
1 1032
2 387
1 1591
2 242
2 276
1 363
2 202
2 1166
2 1061
2 1594
2 806
1 285
2 1715
2 275
2 904
1 390
2 1744
1 1357
1 1149
2 944
2 230
2 2046
1 1979
2 2017
2 70
2 760
2 412
2 1639
1 457
1 721
1 1265
2 774
2 451
1 901
1 29
2 47
1 445
1 825
1 1517
2 2050
1 699
2 1596
1 1008
2 1857
2 960
2 850
1 1027
2 1350
2 1183
2 1210
2 1108
2 1506
1 618
1 422
1 530
2 1252
2 1203
2 162
1 681
2 1339
2 507
1 505
2 196
2 103
1 1269
2 697
1 851
1 1589
2 119
2 929
2 1726
2 1407
1 39
2 1964
2 1586
2 195
2 1353
2 268
1 1025
1 871
1 354
2 1402
2 374
2 1576
1 303
2 258
1 1386
1 931
2 656
2 206
2 1859
1 467
1 921
2 568
2 493
1 1508
2 968
2 1330
2 1049
1 1027
2 1358
2 527
1 897
1 349
1 132
2 1371
1 1876
2 1045
1 45
1 1894
1 688
2 624
1 1693
2 1705
2 1103
1 1603
2 477
1 977
2 81
2 1176
2 1577
2 1320
1 1694
2 63
2 1234
1 691
1 890
1 1561
2 1498
1 665
2 870
2 1517
2 281
1 1286
1 1652
2 1631
1 1841
1 871
1 1028
1 1154
1 813
2 1811
1 861
2 1405
1 1462
2 731
1 468
2 719
1 852
1 1911
1 510
1 419
1 1891
1 420
1 558
2 1602
1 389
2 1657
2 500
1 2000
1 1829
1 985
1 1564
2 1003
1 965
1 949
1 971
2 1859
2 1050
1 1893
2 1440
2 1265
2 327
2 618
1 1960
2 887
1 556
1 1437
1 1148
2 885
2 1641
1 1193
2 953
1 682
2 563
2 134
1 1661
1 1592
2 1909
2 1173
1 121
1 1664
2 1250
2 603
1 2023
1 797
2 1057
1 1720
1 1778
1 105
1 1316
1 1274
1 1492
1 1104
2 1742
1 1809
2 1427
2 692
1 1717
1 994
2 2005
1 1431
1 329
1 1074
2 753
2 431
1 1128
2 91
2 1396
2 224
2 523
1 1314
1 1431
2 1800
2 1112
1 284
1 1726
1 1919
2 1016
1 1686
2 776
1 539
2 253
1 838
1 1799
2 1757
2 1335
1 1314
2 1191
1 1716
1 1283
2 983
2 23
2 1684
1 767
1 584
2 1157
2 734
2 1551
2 1539
2 1654
2 910
1 961
1 1959
1 502
1 1409
2 1362
2 1467
2 781
1 393
2 1450
2 575
2 194
1 59
2 594
1 2049
2 891
1 1727
1 889
2 1343
2 174
1 565
1 161
1 683
2 1767
2 1216
1 1504
1 414
1 737
1 1936
1 1973
1 616
2 1282
2 1276
1 263
1 1064
1 1765
2 1479
2 592
1 311
1 1736
1 1755
1 71
2 435
1 1379
2 332
1 1616
2 1498
1 790
1 1937
1 1855
2 836
1 1779
2 787
2 2018
2 1677
2 1529
1 1721
2 765
2 398
2 158
1 1290
2 1478
1 1975
2 1397
2 945
1 131
1 189
2 540
2 1522
1 217
1 904
1 1782
1 476
2 1329
2 1983
2 1560
2 606
1 320
1 1400
2 1458
1 1531
1 1765
1 1974
2 1338
1 447
2 1311
1 1598
2 493
1 203
2 1279
1 820
2 544
2 1898
2 651
2 1070
1 1219
2 1359
1 263
2 351
2 545
2 393
1 167
2 1627
2 1538
2 1640
2 1864
2 1351
1 290
2 1129
1 534
2 1451
2 1733
2 1865
1 1561
1 1553
1 38
1 1428
2 1076
1 1463
2 1821
2 621
2 1638
1 1982
2 756
2 609
1 1435
2 1429
1 1347
2 380
1 354
2 49
2 1491
2 473
2 1579
2 1041
2 1342
2 2046
2 1760
1 894
1 30
2 1708
1 252
2 1881
1 1568
2 214
2 1386
2 1957
2 37
1 538
1 1900
1 1539
1 1337
2 449
2 174
1 403
2 875
1 2009
2 970
1 319
2 1914
2 1110
1 2042
1 1418
2 1466
1 171
1 1086
2 1052
2 1156
1 182
2 515
1 1270
2 529
2 1636
1 1098
1 1907
2 291
1 616
1 373
2 754
2 1629
2 755
2 279
2 1493
1 1125
2 1011
1 1834
1 1533
2 1012
1 280
1 1571
1 1401
1 1275
1 1676
1 970
2 800
2 418
2 867
2 1222
2 1210
2 1954
1 347
1 326
2 1358
1 1746
1 1597
1 540
2 1599
2 1917
1 1834
1 1965
2 2005
1 1569
2 1367
1 523
2 664
1 985
1 714
2 355
1 726
1 67
1 1306
2 858
2 1047
2 552
2 69
1 1476
2 42
1 1064
1 120
2 413
1 1663
2 745
1 868
1 1328
1 1508
2 1464
1 1618
2 965
1 2019
1 562
2 400
1 522
1 1439
2 1745
2 1918
1 561
2 322
2 1909
1 436
1 1732
1 1203
2 369
1 1790
2 322
2 54
1 1766
2 579
2 1604
1 1575
2 1186
2 79
2 430
2 491
2 125
1 233
1 923
1 297
2 2044
2 1221
2 819
1 337
2 569
2 725
2 497
2 1264
2 1403
2 1091
2 1219
1 708
2 1078
1 599
2 528
1 1084
1 542
1 1706
2 1863
1 1743
1 307
1 1633
1 1168
1 138
2 663
2 1774
1 1418
1 1087
2 613
1 46
2 900
1 135
1 1857
1 279
2 1213
1 1732
2 1274
1 1271
1 172
1 219
2 1206
2 1578
1 1582
1 1806
2 1310
1 163
1 659
1 750
1 1610
1 676
1 599
1 90
1 142
2 1524
2 37
2 443
1 1471
2 305
2 1630
1 287
1 1090
2 1750
1 317
2 226
1 1925
1 1175
1 1647
1 4
1 1199
2 1286
1 77
2 558
2 224
2 2040
1 1163
1 1142
2 1901
1 1617
1 1868
2 633
1 1603
1 1215
1 1518
2 770
1 240
1 702
1 1871
1 1422
2 308
2 496
2 245
2 860
2 1239
1 2038
2 805
1 1711
2 534
1 1611
2 54
2 780
2 345
1 1867
1 548
2 733
1 422
2 842
1 837
2 1377
2 1109
1 1161
1 611
1 482
2 1042
2 1442
1 137
2 852
1 1391
2 1673
2 1908
2 1101
1 79
1 1903
2 1063
1 168
1 1368
2 67
2 1370
2 675
1 489
1 1371
2 1802
1 1620
2 313
2 1139
1 1705
2 798
2 801
2 723
1 1624
2 371
1 1931
2 1821
2 920
1 157
2 261
2 1336
2 1448
2 271
2 1736
1 490
1 1176
2 1483
1 522
1 1679
2 509
2 1848
2 315
1 1579
1 1249
2 1115
1 1245
2 825
2 860
2 1014
2 1268
1 1871
1 1667
2 593
1 2001
1 1051
2 755
1 858
2 1870
2 193
2 928
2 942
2 554
1 1532
1 417
1 1704
1 356
1 1391
1 1305
2 651
2 297
2 1887
2 1408
2 1126
2 629
2 1047
1 319
2 1420
1 1145
1 607
1 1165
1 469
2 1482
2 505
1 428
2 1345
1 500
2 130
1 1020
2 853
1 1754
1 1164
2 1466
2 507
2 634
1 1733
1 460
1 457
1 1996
1 92
2 1899
1 150
1 424
2 907
2 621
1 323
1 1718
1 188
2 1526
2 1513
1 275
1 1131
1 789
1 782
2 1021
1 563
1 1050
1 1269
2 1477
2 44
2 35
2 543
2 1626
2 761
1 2006
1 1326
2 1869
2 259
1 102
1 1470
1 429
1 1384
1 639
2 1583
2 1650
1 164
1 586
1 1619
2 1593
2 848
1 1119
1 376
1 1503
1 684
2 1454
2 1224
1 488
2 249
1 335
1 1331
1 753
1 806
2 1369
2 1195
2 29
1 1775
1 278
2 1382
1 1884
2 559
2 550
2 1494
2 646
2 419
1 43
2 530
1 927
2 524
2 734
1 743
1 788
1 1318
2 1273
2 353
1 89
1 460
1 504
1 978
1 450
1 1318
2 487
1 566
2 1903
1 638
1 1972
1 1774
2 3
2 1643
1 1137
2 1038
2 2049
1 17
2 1153
2 438
2 219
1 786
2 1623
2 1571
2 1427
2 62
2 439
1 1678
2 1887
2 952
1 356
2 190
2 1590
1 1573
1 1842
2 653
2 1978
1 1082
1 759
1 390
1 1793
1 1080
2 1660
1 744
2 391
1 535
2 172
2 66
1 430
1 765
2 881
1 1970
1 1994
2 661
1 897
2 1390
1 274
1 574
2 43
2 1118
1 1510
2 636
2 246
1 1294
2 959
2 732
2 98
2 2016
1 1606
1 2026
1 1208
2 779
2 585
1 630
2 916
1 1721
2 402
2 774
1 1594
2 1004
1 1187
1 173
2 188
1 1968
2 909
2 212
2 1071
2 216
1 1092
2 910
2 805
1 283
1 1968
2 312
2 1786
2 1845
1 1085
2 1180
1 1989
2 1665
2 1908
1 1643
1 831
2 802
2 367
1 1691
1 1616
1 588
1 1877
2 1990
1 159
2 173
1 368
2 788
2 1066
2 438
1 1243
1 2008
1 1240
1 1019
1 575
1 425
1 113
2 289
2 1767
1 446
1 161
1 1226
2 1813
1 1354
2 1804
1 559
2 1984
1 1060
2 1382
1 361
1 718
1 1589
1 1593
2 1323
2 740
1 1246
1 938
2 470
2 1477
2 997
2 2029
1 1151
1 913
2 169
1 1415
2 1780
2 1455
1 2027
1 1753
2 1298
2 1412
1 864
2 1365
1 1652
1 1068
1 1342
1 1081
1 337
2 1012
1 1458
1 1628
1 479
1 1920
2 1227
1 475
2 1940
1 1682
2 548
2 1930
1 639
1 1289
2 1017
1 572
2 1700
1 1879
2 709
2 1980
2 1039
2 1962
1 551
2 127
2 346
2 758
1 685
1 964
2 1608
2 1943
1 1223
1 1745
1 1207
2 193
1 1838
1 925
2 1449
2 39
2 134
2 1807
2 206
2 1
1 1060
1 1728
1 746
1 1481
1 1904
1 614
2 932
2 125
1 119
1 518
2 930
1 947
1 1026
1 1612
2 2037
2 1026
2 547
1 32
1 1000
1 1002
2 872
1 1691
1 1174
2 1562
2 841
1 662
1 504
2 1574
2 2024
2 1954
1 238
1 1638
1 28
2 479
2 1792
2 1333
1 711
1 608
1 1896
1 1927
2 631
2 1935
2 845
2 1285
2 1862
2 110
2 973
2 432
2 1735
1 1792
2 407
1 711
2 687
1 1306
2 1622
2 220
2 182
2 675
1 564
1 647
2 1131
2 1731
1 741
1 388
1 1184
1 620
1 299
2 1997
2 974
2 688
2 1034
1 201
1 291
2 645
1 1430
1 1507
2 1948
2 1487
1 1657
2 1538
2 195
1 602
1 564
1 1434
1 1779
1 1491
1 886
2 491
2 580
1 847
2 669
1 1674
1 259
1 1093
2 2003
1 269
1 482
1 82
1 1191
2 551
1 957
2 689
2 1694
1 541
2 465
2 1182
1 247
1 924
2 1625
1 1121
1 1327
1 210
1 31
1 75
2 922
2 1840
1 975
1 1666
1 686
2 1878
2 759
1 1795
1 1058
2 261
2 272
1 1181
2 664
1 1890
2 710
1 1048
1 1129
2 1214
2 1547
2 536
1 545
2 977
1 184
2 1415
1 696
1 2034
2 14
2 1387
1 1083
2 1254
1 92
1 644
2 1957
1 1784
1 1614
1 362
1 1133
2 86
2 784
1 1943
2 1120
2 1405
2 1410
2 1107
1 1886
1 2039
1 309
1 1143
1 1962
2 946
2 983
1 1817
1 662
2 1189
1 1136
2 747
1 562
1 879
2 859
2 576
2 1596
2 469
1 197
2 1003
2 2004
1 1021
2 133
1 1724
1 1504
1 310
1 595
1 854
1 1379
2 1910
1 311
2 744
1 1606
2 1213
2 1913
2 2033
2 50
2 1028
1 137
1 1287
2 1174
1 772
2 584
2 433
2 1450
2 433
2 895
2 874
2 406
2 715
1 177
2 1888
2 1325
2 265
1 1563
1 9
2 585
2 1334
2 88
2 1111
2 1707
1 1649
2 307
2 1000
1 453
2 652
2 344
1 803
2 1422
2 1201
2 473
2 76
1 628
1 1162
1 949
1 443
2 826
1 400
1 810
2 1725
2 940
2 1758
2 1462
2 1781
2 1528
1 998
2 1077
1 1993
1 998
1 1761
2 180
1 1818
1 1784
2 1444
1 1988
2 1714
1 1946
2 555
1 515
1 2002
1 1505
1 234
2 982
1 1150
1 1292
2 1443
1 640
1 929
1 189
2 68
1 141
1 783
2 183
1 1763
1 1100
2 1752
2 976
2 1236
1 903
1 180
1 428
1 1148
1 41
1 1565
2 1215
1 320
2 33
2 1526
1 1099
2 1370
2 376
2 1108
1 1849
2 846
2 1803
2 622
1 85
1 509
2 725
1 341
2 1793
1 1399
1 1179
2 552
1 200
2 108
1 1055
2 931
1 838
1 660
1 138
2 677
2 502
2 1837
2 1229
1 792
2 316
2 1656
1 421
2 706
1 434
2 776
1 351
2 867
1 906
2 139
2 471
2 2044
1 1233
1 1486
1 1078
1 1447
1 843
1 816
2 1475
1 1998
1 1663
1 1313
1 444
2 1155
1 166
2 2043
2 1642
1 1259
2 80
1 1713
1 1330
2 302
2 97
1 1217
2 604
2 1199
1 768
1 650
1 1982
2 640
2 1455
2 1703
1 160
1 1257
2 1992
1 121
1 432
1 1746
2 1670
1 1321
1 641
1 769
2 1547
1 1827
2 1084
1 286
2 1527
2 1158
1 1560
2 767
2 671
2 1117
2 1713
1 184
2 1521
2 1421
2 2028
1 877
1 1172
2 1796
1 1103
1 1554
2 1659
1 1062
2 1417
2 298
2 1190
1 236
2 1140
2 1099
1 143
2 1609
1 993
1 255
1 114
1 1932
1 1610
1 304
1 1077
2 1384
1 465
1 398
1 1426
2 1120
1 841
2 1852
1 1483
1 2020
2 700
1 1196
1 2027
1 835
1 596
2 1785
1 680
1 1005
1 1897
2 906
2 147
2 1556
2 338
1 1704
2 1613
1 1411
1 1995
2 1865
2 1778
2 1106
2 145
1 213
1 110
1 760
1 1615
1 796
2 1923
2 830
2 987
1 1397
2 57
2 1617
1 196
1 453
1 665
2 1964
2 1843
2 130
2 404
2 797
2 1883
1 1302
2 1228
2 1530
1 1432
2 1302
2 302
2 1550
1 928
1 1825
1 1448
1 1259
1 876
1 1472
2 537
2 1752
1 1453
1 570
1 333
2 462
1 1419
1 1635
2 1499
2 1125
2 1586
1 383
1 1419
2 1152
2 1360
1 342
1 1193
1 214
2 136
2 608
2 687
1 1096
1 1369
2 2006
1 1569
1 1805
2 267
2 1066
1 1824
1 1604
2 1965
1 128
1 1564
2 1944
1 1755
2 2
1 104
2 1799
2 397
2 1686
1 1298
1 1572
2 1815
1 936
2 880
2 1981
1 1556
2 1822
1 277
2 1989
2 38
1 1453
1 1801
2 396
2 722
1 2045
2 657
2 978
2 1101
1 2017
2 1065
1 1940
1 614
2 1263
2 234
1 1939
1 342
2 549
1 2047
2 1901
2 71
1 2022
1 272
2 1357
2 1284
1 877
1 1291
2 241
1 1844
1 401
2 1734
2 1611
2 1189
2 794
1 1702
2 1329
1 2013
2 1515
1 1911
1 48
2 663
1 367
1 1346
2 873
2 824
1 388
1 901
2 277
2 1429
2 886
2 566
1 1409
2 513
1 1086
1 802
2 1105
2 1425
2 748
2 1155
2 424
2 1535
2 689
2 832
1 834
2 1685
1 472
2 2031
2 855
2 1734
2 1049
2 377
1 2023
2 579
1 924
2 882
2 1150
2 484
1 476
2 972
1 994
1 83
1 1088
1 571
2 60
1 454
2 1978
2 140
2 1495
2 87
2 1861
2 592
1 1065
2 26
1 914
1 200
2 588
1 223
2 678
2 1926
2 1724
1 1044
1 352
2 1038
2 735
2 392
2 229
2 1500
2 2037
1 1082
1 439
2 882
2 148
2 1460
1 360
2 546
2 973
2 1159
1 652
1 1945
2 171
1 116
2 1163
1 1952
1 919
2 1527
2 395
1 5
2 1955
1 943
1 893
1 1025
2 55
2 947
1 1565
2 1337
2 2014
1 930
1 981
1 246
2 1892
2 1524
2 747
2 2007
1 946
1 1541
2 812
1 1662
1 1738
2 684
2 1445
1 1140
2 1354
2 289
2 1758
1 1679
1 1873
2 2036
2 186
2 777
2 894
2 1470
1 1036
1 481
1 1754
2 876
1 1577
1 1121
1 1315
2 456
1 25
2 13
2 1557
2 573
1 2011
2 190
1 1844
1 1076
2 547
1 151
2 809
1 1533
2 1699
2 1670
2 974
1 1540
1 1683
1 1512
1 86
1 581
1 668
2 533
1 306
1 247
1 514
2 1623
1 1457
1 1171
1 1509
2 209
2 1759
2 560
1 1015
2 183
2 1244
1 1169
1 1867
2 464
1 1402
2 1381
1 1681
2 832
1 1452
1 1632
2 1648
2 1278
1 1553
1 1258
1 823
2 222
2 1196
1 100
2 1969
1 569
1 517
2 2032
2 999
1 1493
2 2010
2 823
2 387
2 1127
2 1624
1 1438
2 204
2 735
1 389
1 383
2 542
1 455
2 1244
2 1980
1 718
1 1209
2 378
1 1441
2 1798
2 1675
2 1007
2 1809
2 766
2 1479
2 1206
2 1902
2 270
2 989
1 1247
1 737
2 1751
2 1803
1 1105
1 464
2 440
2 1537
2 1922
2 938
2 2028
1 707
1 2035
2 1006
1 1106
2 944
2 462
1 1983
2 386
1 1198
2 782
2 839
2 1530
2 1081
1 1868
1 911
1 170
1 1336
1 1338
1 761
1 1737
1 896
1 526
2 980
1 91
2 1993
1 2022
2 1759
1 1297
1 336
1 152
2 1301
2 709
2 73
2 1016
1 1113
2 434
1 477
2 1130
2 1394
1 1963
1 1335
1 1407
1 715
2 459
2 1536
1 1053
1 170
1 2041
2 76
2 979
2 1832
2 1363
1 30
1 908
2 1987
2 338
1 859
2 1242
2 176
1 941
2 553
2 11
1 1300
1 580
2 773
1 373
1 1730
2 772
2 1366
1 1682
2 1478
1 458
1 50
2 1770
1 1757
1 787
2 1119
2 185
1 1773
2 1813
2 348
1 729
1 1830
1 47
2 986
2 69
1 1974
1 179
2 673
2 1230
1 1053
1 1788
1 1875
2 1430
2 1222
1 1267
1 546
1 1902
1 492
1 243
1 258
2 1383
2 581
1 1143
1 1202
1 56
1 323
1 777
1 1776
2 1046
2 2039
1 1343
2 1385
1 1503
2 991
1 1135
2 1373
2 1094
1 1067
2 1740
2 661
1 27
2 123
1 1541
1 698
2 2030
2 104
2 1550
2 156
1 1022
2 976
1 1257
1 1282
1 1783
2 896
1 676
1 1277
1 1756
1 1375
2 512
1 649
1 1861
2 1496
2 324
2 1599
2 1690
1 382
2 966
1 746
2 282
2 264
2 1231
2 325
2 1009
2 1666
1 1800
2 1812
2 2038
1 690
2 1885
2 605
1 15
1 707
2 535
1 250
1 992
1 762
1 679
1 1729
1 1048
2 1875
2 1695
1 1938
2 1256
1 262
2 429
2 849
2 11
1 436
2 1231
1 1951
1 848
1 26
1 1024
1 1884
1 1436
1 131
2 1520
2 1753
2 24
2 975
2 1421
2 1843
1 967
2 449
1 1513
2 2025
1 1512
2 721
1 935
2 667
1 313
1 394
1 1177
2 1057
2 1348
1 230
2 1798
2 19
2 497
2 124
1 1852
2 648
1 1004
1 1996
2 1931
2 644
1 1700
1 1326
1 1831
1 919
2 1200
1 705
2 511
2 1588
1 1567
1 526
2 1952
1 837
2 1998
2 23
2 1883
1 280
1 681
1 1392
2 1476
1 1878
2 1501
1 157
2 1353
2 1317
1 1328
1 1872
1 440
1 1929
2 481
1 658
2 1310
2 1698
1 849
1 1947
1 634
2 1580
2 450
1 410
2 59
2 2026
1 363
1 887
2 768
2 935
1 1660
2 501
2 1676
2 18
1 934
1 1810
2 1684
2 444
1 408
2 296
1 1486
2 441
2 1185
2 1389
2 829
1 1641
2 1851
2 1145
2 827
1 1969
1 1319
2 905
1 1814
2 1433
2 10
1 1673
2 516
2 333
2 309
1 1609
1 155
2 301
1 328
1 1043
2 1858
1 1644
1 1701
1 255
2 362
1 490
1 773
2 348
2 578
1 793
1 996
1 225
2 1456
1 1537
1 1939
1 1095
2 1194
1 1785
1 775
2 1195
2 1769
1 120
1 660
1 892
2 1009
2 1018
2 1223
2 1339
1 1254
1 724
1 833
1 685
2 2016
2 78
1 237
1 1923
1 673
2 1771
1 480
1 20
1 918
2 692
2 940
2 1933
2 1956
2 1115
2 749
1 1110
2 1281
2 754
2 1710
2 1456
1 122
1 218
1 836
2 395
1 1653
1 1720
1 643
2 1819
1 792
1 627
1 847
1 1334
2 1494
1 198
1 1882
1 576
1 1999
1 326
2 484
1 1567
2 903
1 1677
1 609
1 733
2 1717
1 1634
1 1124
1 405
1 1197
1 862
1 1812
1 179
1 597
1 1055
2 1542
1 233
1 1595
1 1134
2 240
1 990
1 1030
1 242
1 617
2 1854
1 290
2 2007
2 117
1 1020
1 1381
1 1822
2 1916
1 1015
2 416
1 670
1 167
1 1615
2 25
2 347
1 884
2 1227
1 1967
2 1248
2 217
1 2018
2 1819
2 1228
1 1842
1 1169
1 5
2 1873
1 601
2 2014
2 2012
2 1918
1 316
1 1856
1 695
1 1172
1 1361
2 53
1 2013
1 454
1 273
2 1984
1 590
2 778
2 300
1 1425
2 1915
2 1739
1 1770
1 85
2 911
2 1006
1 821
2 1237
1 1680
2 409
2 1496
1 1315
2 1936
1 321
2 1645
1 574
2 1893
2 2033
1 1738
2 6
2 2001
1 878
1 1451
1 1288
1 1376
1 1791
2 720
1 818
1 1313
2 1063
2 1828
2 310
2 208
1 674
2 93
1 364
1 1154
1 1782
1 4
2 115
1 1488
2 442
2 1192
2 527
1 220
2 601
1 655
2 114
1 205
2 936
1 1762
2 1497
1 1816
2 1835
1 556
2 213
1 981
1 1723
1 900
1 1127
2 452
1 1258
1 1854
1 228
2 593
2 993
2 1151
2 370
1 1874
2 1248
1 503
1 1241
1 714
2 615
2 625
1 1890
2 1490
2 197
2 934
1 1722
1 1147
2 1787
1 1317
1 1142
2 1001
2 1182
2 1523
2 203
2 1311
1 1428
1 1536
2 1500
2 878
1 118
2 1185
2 937
1 1097
2 1572
2 1225
2 330
1 1570
2 185
2 1926
1 736
1 1549
1 487
1 1955
2 1267
1 902
1 1922
2 1400
1 1781
2 1031
1 332
1 447
1 84
1 343
2 451
2 1392
1 106
1 1403
2 2021
2 856
2 1920
2 1896
2 2048
2 656
1 518
2 1801
1 149
2 1492
1 1523
1 377
1 736
2 1309
1 1858
2 1768
1 1288
1 647
2 1928
2 650
1 1461
2 265
1 1906
1 785
2 1995
2 431
2 1320
2 7
2 1200
1 1744
1 1122
2 286
1 514
2 899
1 1741
1 1592
1 1324
2 811
1 57
2 1114
1 1888
2 1364
2 779
2 154
2 655
1 3
1 1441
1 766
1 1601
1 1447
1 109
1 1763
2 623
2 1741
1 1295
1 1168
1 1241
1 1255
1 1919
2 80
2 483
1 480
2 1672
1 282
1 1634
2 437
2 1205
1 898
1 300
2 1502
2 61
2 24
2 508
1 1963
1 1341
1 331
1 1814
2 1104
2 824
1 471
2 561
1 1562
2 294
2 2047
2 951
1 1350
1 1123
2 1153
2 495
1 1374
2 1080
2 757
2 1117
2 1540
2 1437
1 435
1 1261
1 1739
2 1043
2 756
2 1590
1 1416
1 1910
2 1023
1 939
1 1464
2 952
1 845
1 984
2 350
1 778
2 1515
2 1970
2 32
2 524
2 107
1 565
2 602
2 1654
1 49
1 1355
2 727
2 923
2 463
1 284
2 1675
1 1786
1 2021
2 521
2 752
1 1668
1 717
1 1637
2 1848
1 808
1 409
2 1183
1 1238
2 1149
2 58
1 1249
2 1281
2 102
2 1640
1 770
2 306
2 1396
2 713
1 1013
2 1414
2 1584
1 1167
1 1256
1 1398
2 1229
2 198
2 1062
1 612
2 506
2 276
2 1389
2 496
2 251
1 1426
2 360
2 14
2 369
1 1211
1 1958
1 1607
2 1708
2 225
1 1626
1 1791
2 696
1 795
1 2020
1 1749
1 1156
2 1485
2 1516
1 1584
2 1253
2 1457
1 244
2 1600
2 1714
2 533
2 1633
1 1321
2 1502
2 147
1 1958
1 1794
1 1639
2 1280
1 648
2 712
2 1385
2 201
2 729
2 1581
1 865
1 1443
1 343
