4100 5500
1 1
2 70
2 13
1 1410
1 207
1 678
2 100
1 1533
2 1857
1 302
2 963
1 1228
1 221
1 6
1 1725
2 406
2 604
2 432
1 1811
2 1040
1 1977
2 213
1 1297
1 1508
1 1819
2 734
2 1434
2 1933
1 1042
2 451
2 1234
1 544
1 1219
1 1100
1 508
2 832
1 381
1 1811
2 490
2 1973
2 1124
1 1824
1 1057
2 671
1 81
1 1672
1 1720
2 883
1 1960
1 1648
1 1788
1 1428
1 779
2 1711
1 187
2 884
1 148
2 2009
2 333
1 1815
2 225
1 1403
2 305
2 1459
2 1653
2 1447
1 1093
1 1218
1 482
1 625
2 1505
1 383
1 21
1 993
1 596
2 1069
2 481
2 1704
1 1303
2 1352
2 1764
2 1951
2 585
1 638
1 1087
1 1085
1 1867
2 1984
1 1114
2 567
1 1493
1 915
1 1487
1 529
1 308
1 1830
2 1652
2 1262
2 648
2 471
1 663
2 1134
2 592
1 1080
1 1269
1 551
1 196
1 1433
2 377
1 1002
1 823
2 833
1 1778
2 102
1 1664
2 1964
2 127
1 1504
1 1079
1 502
1 607
1 1407
2 658
2 1720
1 1122
1 1949
2 1172
2 1748
1 796
2 873
1 54
1 453
1 588
1 1609
2 1778
1 936
1 852
1 1889
2 1799
2 1694
2 1104
1 569
2 922
2 1354
2 27
1 1739
1 1756
2 1027
1 741
1 1839
1 340
1 1647
1 1335
2 413
1 1443
1 871
2 769
1 1703
1 931
2 713
1 1844
2 249
1 75
2 113
2 1229
2 1051
2 350
2 1065
2 1719
1 990
1 1883
1 812
1 326
1 1156
2 1638
1 1130
2 1440
2 934
2 1420
2 315
1 1666
1 1586
2 1278
1 1813
2 1920
2 536
2 670
2 86
2 1054
1 1709
1 348
2 337
1 1515
2 1086
1 306
2 1510
1 1821
1 1001
1 952
2 1609
1 1577
1 769
2 1526
2 854
2 653
2 1540
1 2035
1 893
2 1937
1 888
2 1879
1 908
1 169
2 93
1 1908
2 857
1 890
1 651
2 1845
1 1959
2 1237
2 738
1 10
1 655
2 776
1 1597
1 960
1 1925
1 1986
2 948
1 1848
1 491
1 501
1 1839
1 258
2 1438
2 1261
2 300
1 820
2 852
2 798
2 748
1 1887
2 1979
1 183
1 128
1 603
1 1502
2 1465
2 1120
2 1786
2 621
1 1675
1 174
1 40
1 628
2 1480
2 2010
2 104
2 755
2 1171
2 838
2 1029
1 1044
1 1193
1 26
1 1388
2 1475
2 850
2 1794
2 1531
2 1217
1 669
2 158
2 1178
2 1417
2 763
1 1985
1 789
1 1698
2 173
1 1087
1 267
1 395
1 2013
2 138
1 1872
1 757
1 1164
1 244
2 1629
1 1018
2 1094
1 783
1 1946
1 1605
1 187
1 82
1 1225
1 1885
2 1659
2 1795
1 1110
1 1593
2 1783
1 1485
2 725
1 1201
1 1836
1 1765
1 747
1 1650
2 1999
1 1879
1 1546
2 1242
2 362
2 232
1 853
2 667
1 528
2 55
1 339
2 634
2 1251
2 1402
2 1176
1 1470
1 1268
1 375
1 1759
2 1928
2 1055
1 139
2 1235
2 1836
1 677
1 173
2 217
1 1945
2 91
2 1061
2 1813
1 1014
1 1376
2 1949
2 997
1 1272
1 388
1 645
2 1491
1 473
1 1592
1 476
1 1333
1 1329
1 1025
1 1791
2 1212
1 1952
1 392
2 1401
2 1871
1 771
1 134
1 1518
1 795
1 2021
2 1385
2 848
1 1888
1 1452
2 989
2 404
2 1608
1 925
2 1075
2 1697
2 1281
1 984
2 910
1 253
1 680
2 1708
1 941
1 1220
2 1671
2 1018
2 280
2 1680
1 1355
2 1737
2 14
1 1867
2 1689
1 85
1 340
2 1274
1 434
2 1847
2 1547
2 855
1 963
1 826
2 830
2 882
1 1341
1 359
1 1209
1 1372
1 2019
1 1625
2 1831
1 87
1 1436
2 1762
2 338
1 1289
1 1639
2 908
1 1583
2 514
2 1360
2 1548
2 1826
1 1121
1 1060
1 978
2 182
2 1702
2 84
1 1201
1 907
1 1677
2 1644
1 441
2 210
2 1249
2 1396
1 1877
2 913
2 1913
2 1137
2 285
2 457
2 804
2 450
1 197
1 1917
2 916
1 1595
1 1067
1 1761
2 487
1 288
1 1158
1 47
2 1643
2 470
1 1544
1 390
1 1284
2 895
2 738
1 1366
1 1413
2 526
2 260
1 1310
1 454
1 1353
2 1132
1 17
2 1880
1 1284
2 71
2 664
2 1474
1 88
1 197
2 593
2 1287
1 716
2 1066
1 1846
1 538
2 1645
1 1254
1 156
1 866
2 1662
1 439
2 213
2 583
2 1934
1 1758
2 1202
2 1451
1 801
2 111
2 1296
2 642
2 204
1 416
2 133
2 1317
2 50
1 2033
1 1844
1 1131
1 1414
1 661
1 155
1 1091
2 753
1 1330
2 949
1 310
2 911
2 352
1 252
1 1036
2 174
2 371
1 1521
2 212
2 106
2 1224
1 1128
2 803
1 330
1 988
2 1455
2 1515
1 1808
2 837
1 85
2 1544
2 1933
1 834
1 613
2 262
1 1010
1 589
2 1840
2 552
1 1165
1 1286
2 142
2 472
1 155
2 659
1 473
1 1443
2 1705
1 262
1 1077
1 1323
1 774
1 1135
1 66
1 455
2 1156
2 1002
1 671
1 2049
1 264
1 1258
2 2024
1 1823
1 88
2 1637
2 731
2 897
1 14
2 1129
1 235
1 129
1 632
1 30
1 1110
2 1335
1 1514
2 323
1 927
2 1980
1 247
2 176
2 1652
2 1221
2 673
2 868
2 735
2 1457
2 1800
2 1516
1 565
1 1924
2 1824
1 1614
2 1061
1 944
1 1029
2 591
1 1065
2 214
2 1771
2 1046
1 537
2 1646
1 1530
1 1714
2 712
2 140
2 96
2 145
1 1479
1 1336
2 641
1 745
2 1931
2 346
1 781
1 619
2 1704
2 1969
2 2014
2 891
1 594
1 2046
1 1078
1 1530
1 1749
1 840
1 1637
1 2044
1 620
1 1553
2 1401
2 1481
1 1360
1 2027
2 1930
2 1886
2 438
1 1480
2 1009
2 1398
1 1238
1 1995
2 1629
1 290
2 166
2 1153
2 1940
2 1657
1 1148
2 615
2 1742
2 615
1 904
1 781
2 2034
1 948
2 1385
2 454
2 1798
1 1144
2 773
2 987
1 222
2 397
1 614
1 1526
1 1076
2 1627
1 1407
2 826
1 612
1 16
1 1438
1 1030
1 1215
1 205
2 514
1 741
2 896
2 1838
2 1535
1 1384
2 702
2 1898
1 539
1 1343
1 1469
1 1882
1 766
2 1539
1 185
2 2021
1 1233
2 369
1 1068
1 150
2 489
2 230
2 1779
2 921
2 1205
1 216
2 2049
1 135
2 390
2 1522
2 905
1 342
2 988
1 239
2 1283
1 1458
2 752
2 1996
2 29
1 641
1 1094
2 841
1 62
1 1548
2 2031
2 1247
1 1075
1 1991
1 76
2 643
2 1207
1 219
2 500
1 532
1 1269
2 511
1 550
2 595
2 1638
1 1734
1 1633
2 1272
1 38
1 52
1 386
2 858
1 1679
2 2026
2 875
1 1722
1 208
1 221
2 84
1 277
1 1015
2 1534
2 2010
2 27
2 403
1 1038
2 1483
2 1815
1 764
1 782
2 1553
1 2015
1 1066
1 355
2 1577
1 1723
1 1959
1 34
2 424
1 1097
1 1102
2 602
2 1243
1 1941
1 1617
2 1012
1 735
2 515
1 1863
2 1162
2 1103
1 440
2 1327
1 471
2 426
1 889
1 1406
2 279
1 1513
1 1346
1 1552
1 101
1 438
1 926
1 809
1 291
1 1270
1 250
1 938
1 666
1 74
1 914
1 1754
2 1214
1 1238
2 1589
2 1634
1 1236
1 1607
1 1923
1 1789
2 55
2 318
1 1674
1 396
1 1491
1 956
2 200
2 1550
2 312
1 2028
2 1078
2 989
2 553
2 356
2 369
1 375
2 10
2 587
1 696
1 123
1 560
2 1297
2 477
1 1906
2 1342
1 861
2 351
2 1246
2 1566
1 1260
1 83
2 354
1 208
2 456
1 497
1 469
2 1699
1 2045
1 223
1 1993
1 328
1 922
1 1686
2 1647
2 1955
2 351
2 1615
1 1773
1 1797
2 916
1 1655
1 1774
1 578
2 1784
2 1024
1 1774
1 1252
2 1737
2 1071
2 1793
1 1139
1 1543
2 1958
2 456
2 507
1 2043
1 1596
2 430
1 386
1 1600
1 1036
2 957
2 814
1 352
2 403
2 249
2 81
1 731
2 842
2 1628
1 885
2 242
1 144
2 1790
2 740
1 1528
2 261
1 1119
1 1079
2 1257
1 2044
1 1818
1 629
1 1305
1 1244
2 794
1 1546
2 402
1 3
2 1893
2 609
1 1240
1 1747
2 92
2 407
1 412
2 1309
2 975
2 1573
1 450
1 1118
2 1130
1 1613
1 480
1 2036
2 2023
1 327
2 901
1 1525
2 1636
1 903
1 1591
1 933
1 1498
2 1884
1 839
1 1370
1 1613
1 1200
2 610
2 688
1 2026
2 1355
2 886
2 303
2 384
1 109
2 472
1 231
1 1742
1 754
2 1881
2 1729
1 1446
2 822
2 845
1 33
1 869
1 89
2 918
1 1987
2 1833
1 1338
1 841
1 2008
2 1777
1 1291
2 519
2 304
2 1321
1 895
2 787
1 1331
2 1882
2 1698
2 2050
2 1184
2 1161
1 280
2 2028
2 347
2 1123
1 319
2 1202
1 765
2 63
2 1892
1 1109
1 1039
2 1046
1 1700
1 907
1 1574
2 1488
2 594
1 1958
1 1461
1 1903
2 1374
1 504
1 538
2 1692
1 1943
1 1115
2 1880
2 882
1 292
1 204
2 1160
1 898
2 710
2 1501
1 1705
2 75
1 648
2 1478
2 687
2 521
2 1726
2 1733
1 656
2 1561
2 773
1 1121
2 1096
1 1827
1 1176
2 2011
2 533
1 674
1 668
2 566
1 824
1 894
1 1260
1 461
2 1010
1 1861
1 1890
2 108
1 1870
2 347
1 860
2 1568
2 621
2 224
2 163
1 233
1 1207
1 393
2 421
1 1105
2 495
1 1608
2 353
2 859
2 1735
1 1806
1 790
2 159
1 1656
1 288
2 2007
1 927
1 657
2 646
2 1634
1 1412
2 995
2 311
2 1429
2 1586
2 1992
2 1838
1 553
1 1956
2 483
2 61
1 636
2 915
2 1090
1 1008
2 1597
1 1098
1 802
1 2037
2 532
1 449
2 1382
1 1167
1 1210
1 1237
2 2017
2 1346
1 945
2 36
2 809
1 1723
1 407
2 1028
1 1507
1 1706
1 1177
2 270
2 342
2 584
1 1464
2 1445
1 1169
2 1338
1 313
2 237
1 445
2 428
1 1043
2 39
2 996
1 1575
2 777
2 1163
1 977
2 1858
1 1972
1 1145
1 117
2 807
2 1957
2 1995
1 2013
2 571
2 527
1 1911
1 1171
1 381
2 1665
2 1784
1 1277
1 1537
2 862
2 1120
2 1206
1 792
2 1299
1 437
2 533
1 2023
2 1926
2 653
2 139
1 1175
2 994
2 1679
1 179
2 2030
2 498
1 587
2 1389
1 458
1 776
2 73
2 379
1 1506
2 1641
2 2005
2 1387
2 1076
1 191
2 939
2 749
2 220
1 1814
2 651
1 1088
2 1192
1 757
1 401
2 190
2 897
1 806
2 1996
2 160
1 413
2 1195
2 1955
2 697
1 276
1 493
2 1917
2 1805
2 448
2 770
1 934
2 2018
1 1143
1 1542
1 283
2 1083
2 1602
2 146
2 287
1 859
1 685
1 431
2 686
1 315
1 80
1 1712
1 684
1 637
2 1225
1 1701
2 1439
1 721
1 1901
2 192
1 846
1 1898
2 1308
2 1427
1 308
2 1649
1 1856
1 1170
1 1843
2 1668
1 1103
2 675
1 1232
2 951
1 1576
2 150
1 1013
1 1143
2 200
2 606
2 1690
1 1930
2 1224
1 2003
1 1222
2 1567
1 626
2 749
1 1273
2 1118
1 420
1 943
2 1732
1 358
2 808
2 1840
2 1931
2 698
2 198
2 1719
1 914
1 1069
2 1878
2 1266
1 870
2 518
2 1280
2 602
2 1382
1 994
2 1183
1 1914
2 1717
2 650
2 623
1 1716
1 692
1 409
1 2000
2 1665
2 1977
1 164
2 524
1 795
1 318
1 1349
1 196
1 1403
2 436
2 680
2 1241
2 836
2 719
2 21
2 376
2 1740
1 467
1 620
2 1437
2 1113
1 487
1 2050
1 1876
2 992
1 1763
1 49
2 1082
2 1194
2 679
2 828
2 565
2 723
1 941
1 1257
2 418
2 44
2 920
1 1767
1 696
1 1982
1 382
2 1181
1 790
2 1473
2 275
1 1230
2 910
2 1693
2 880
1 314
1 1195
2 1089
1 1424
1 399
1 1660
2 737
1 1543
1 1970
2 154
2 694
2 1538
2 1138
2 108
2 1606
1 527
2 1688
1 349
2 1651
1 2037
1 522
2 1902
2 837
1 170
2 282
2 1771
1 1191
1 1074
1 1861
1 1161
2 446
2 674
1 1371
1 866
2 534
2 15
1 185
1 986
2 940
1 1618
2 1439
1 89
2 1326
1 1092
1 707
1 1741
2 728
2 1126
1 1214
2 94
1 1467
1 1223
1 1984
1 43
2 1136
1 1282
1 601
1 1521
2 870
1 79
1 1294
2 442
2 1825
1 1484
2 258
2 928
2 946
2 1495
1 1843
1 1277
2 1635
1 1913
1 1327
2 1361
2 726
2 1364
2 1450
2 1328
1 486
1 867
1 233
2 905
1 480
1 383
1 1817
2 810
2 410
1 890
2 1919
2 343
2 1952
2 122
2 70
1 1620
1 388
2 1736
1 160
1 1141
1 1035
2 425
2 466
2 1421
1 1442
1 1254
1 787
1 1671
1 1331
1 1416
1 1857
2 1189
1 1947
1 1710
2 1988
1 362
2 652
1 2045
1 909
2 631
1 683
2 410
1 1216
1 599
2 1001
1 1226
2 99
1 756
1 162
2 1576
1 131
2 1117
2 1359
2 92
2 612
2 1932
2 1314
1 1159
1 1651
2 743
1 367
2 133
1 1150
1 639
2 1919
1 2041
1 157
1 1306
2 1112
2 624
1 1073
2 1751
1 508
1 764
1 402
1 474
2 337
1 1206
2 1428
1 1258
1 1599
2 296
1 321
2 1681
1 1481
2 816
1 1101
1 12
2 1745
2 845
1 1329
1 271
1 414
1 1953
1 1116
1 698
2 1174
1 1095
1 1124
1 361
2 1676
1 953
1 1394
2 586
1 786
2 121
1 1499
1 590
1 668
2 1209
1 513
2 1691
2 188
2 580
1 391
2 215
1 223
1 1851
1 1589
2 1204
2 1768
2 98
2 683
2 980
2 142
1 1226
2 650
1 1775
1 298
1 1477
1 796
1 561
1 1697
1 903
2 1411
2 574
2 744
2 1934
2 1935
1 1034
2 2027
1 1907
1 576
1 180
2 38
1 1422
1 313
1 1612
1 310
1 947
2 780
2 1276
2 610
1 458
1 1312
1 5
2 268
2 1441
2 465
1 624
2 2034
2 307
2 509
1 1262
1 608
2 216
1 990
2 1188
1 1831
2 169
2 554
1 1390
1 1151
2 1442
2 279
2 1414
1 56
1 640
1 1816
2 1169
2 937
2 134
1 120
1 439
1 105
1 1375
1 1412
1 46
1 786
1 1405
2 211
2 116
1 1196
1 572
1 546
2 179
2 959
2 177
2 1444
2 1163
2 419
1 1113
2 52
1 1429
1 575
2 1149
1 629
2 1943
2 1803
1 1456
2 127
2 1842
1 1340
2 172
1 1247
1 132
1 1067
2 497
1 804
1 361
1 942
1 202
1 1897
1 573
2 1494
2 191
2 1937
2 1695
1 958
2 1112
1 957
1 15
1 1567
1 1787
2 1858
1 1556
1 1626
2 1922
1 1153
1 489
2 1106
2 970
2 1466
2 1332
1 1291
2 724
2 124
1 1056
1 429
1 1333
2 1298
1 186
1 807
2 229
1 1731
1 1370
1 503
2 982
1 1776
2 1954
1 1710
1 858
1 1200
1 1674
2 1430
2 709
1 230
2 1603
1 210
2 1707
2 1445
1 740
2 1711
1 966
1 399
1 1801
2 800
2 1095
2 1197
2 499
2 892
2 484
1 1910
2 968
1 159
2 885
2 955
2 1234
1 346
1 682
2 442
2 1757
2 257
2 1285
1 1950
1 642
2 1998
1 1164
1 350
1 305
2 874
2 1400
1 382
1 605
2 1854
1 1687
1 37
1 1562
2 1727
2 1961
1 1050
2 1034
2 54
1 1000
1 1336
1 1024
2 593
1 884
2 762
2 1400
1 630
2 1159
1 488
2 1992
1 1584
2 1910
2 1489
2 1805
2 380
2 119
1 1497
2 1334
1 1165
1 522
1 1435
1 1653
1 718
1 1542
1 663
2 512
2 18
2 2029
2 660
2 1060
2 1847
1 405
1 1089
2 180
1 1248
2 1782
1 1746
1 317
1 1669
1 1404
2 758
1 1975
1 6
1 1380
1 635
1 1427
1 1347
2 827
1 761
2 23
2 851
1 531
2 1535
1 299
1 16
2 591
2 486
2 1570
1 1263
2 252
1 879
2 1928
2 378
2 1296
2 2012
1 484
2 1769
2 1983
2 517
1 1240
2 422
2 97
1 395
2 1430
2 784
1 194
2 30
1 116
1 1963
2 1640
1 7
2 1527
1 1154
1 297
1 171
1 1573
2 309
1 1425
2 844
1 1492
2 492
1 345
2 1564
1 1418
2 1315
1 260
2 886
2 946
2 750
1 1990
1 1174
1 1030
1 662
1 1311
1 877
1 79
1 900
2 1668
2 576
2 860
2 1344
2 1655
1 1273
1 1948
1 618
2 434
1 1810
2 1246
2 1866
2 1558
1 1187
2 46
2 676
2 1914
1 168
2 2047
2 1221
2 165
2 333
1 597
2 1477
1 115
1 1606
2 889
1 1911
1 2009
1 420
2 1536
2 64
2 1475
1 1453
2 299
2 1423
1 1303
2 1584
1 49
2 940
2 634
2 913
2 1632
2 1031
2 278
1 865
1 863
2 1099
1 1180
1 1667
1 1108
2 1326
1 1783
1 389
2 995
1 614
1 736
1 2029
1 1328
1 753
2 1482
2 498
2 1426
2 760
2 129
1 1261
1 1859
1 29
1 617
2 1564
2 373
2 849
2 1809
2 586
2 785
2 686
2 1796
2 1263
2 799
2 1177
1 1621
1 1560
1 518
2 1132
2 1364
1 239
2 1197
1 300
2 1820
1 1677
1 1004
2 1017
1 726
2 113
2 181
2 418
2 1111
1 344
1 945
2 939
2 364
2 1569
2 1055
1 869
1 1823
1 1316
1 168
1 715
1 1059
1 1891
2 1554
1 818
2 1310
1 625
2 1020
1 1270
1 528
2 1119
2 1107
2 422
2 1421
1 1639
1 598
1 1987
1 1473
1 198
1 728
1 1740
2 1745
1 1540
2 1536
2 1319
1 785
1 687
2 512
2 240
2 1712
2 2036
2 416
1 158
2 1895
2 324
2 1905
2 137
2 898
1 1040
2 1810
1 1288
2 1537
1 428
2 519
1 1978
2 788
2 1129
2 1486
1 842
1 928
2 1283
2 1816
2 1545
2 1846
2 622
2 1610
2 269
2 1298
2 59
2 246
2 699
2 628
2 1211
1 1158
1 1023
1 415
1 263
2 1194
1 1660
2 814
1 1856
1 864
2 267
1 1648
1 1170
1 2047
2 373
1 8
1 58
1 1196
1 1966
2 1372
2 523
2 606
1 377
1 1037
1 367
2 1854
2 357
2 143
2 125
2 1051
2 1612
1 117
1 979
1 733
2 1182
1 529
2 567
1 1581
1 583
2 425
2 1300
2 599
2 1557
1 991
1 1769
2 601
1 2
2 1988
1 301
2 1841
2 935
1 556
1 904
2 19
1 414
2 1872
2 455
1 2006
1 551
1 1766
1 1496
2 1357
2 372
1 557
2 557
1 703
2 1519
2 103
1 835
2 215
1 517
2 202
1 879
1 1607
2 1841
2 1925
2 1309
1 1299
1 1408
2 857
2 1266
1 667
2 568
1 1253
1 50
2 1760
1 1837
2 970
2 1850
1 1620
2 1828
2 1455
2 482
2 289
2 932
2 1288
2 1417
2 603
2 23
2 883
2 3
1 1517
1 919
2 1157
2 763
2 184
2 689
2 1510
2 1375
2 868
1 22
2 906
1 719
1 1185
2 1175
1 1512
2 1241
2 657
1 363
1 760
2 1626
1 69
1 718
2 569
2 664
1 665
2 1016
1 1939
2 293
1 1808
1 278
2 993
1 1267
2 65
2 42
2 961
2 245
2 144
1 923
2 1725
1 1797
2 1513
2 149
2 448
2 700
1 554
1 246
1 1590
2 1947
1 1080
2 745
2 1689
1 770
2 285
1 839
1 998
1 1003
2 320
2 873
2 1023
1 1680
2 555
2 1904
1 1033
2 1993
1 1964
1 491
1 1616
1 1070
1 1184
1 1127
1 1909
2 1579
1 505
1 2003
1 985
2 2025
2 700
1 708
1 1971
2 1043
2 1807
2 1907
1 937
1 1524
2 1350
1 1981
2 135
2 1801
1 474
2 1746
2 57
2 1617
1 1189
1 1888
1 1604
2 236
1 1661
1 1899
2 1498
2 1921
1 1875
2 1042
1 106
1 475
2 33
2 1998
2 706
2 1551
2 443
2 26
2 332
2 645
1 1222
1 1773
2 1232
1 212
2 737
1 1529
2 1483
2 1511
1 317
2 1945
2 25
2 363
2 980
2 145
2 1555
2 1038
2 935
1 1587
2 1522
2 348
1 595
2 1472
1 296
1 2020
2 1244
1 1125
2 1601
2 931
1 1578
2 1682
1 851
1 327
1 222
1 95
1 1405
2 540
2 694
1 1848
1 1376
1 1942
2 274
2 464
2 1507
2 2016
1 876
2 1420
2 1252
2 835
2 1271
2 724
1 365
1 1618
2 1256
2 203
1 929
1 609
1 1490
1 1643
1 440
2 797
2 2007
1 443
1 1292
2 485
1 739
2 1868
2 1595
1 896
1 90
2 1137
1 270
1 1523
2 248
1 1593
2 343
2 902
1 652
2 1213
1 1514
1 571
2 465
1 1091
1 272
1 151
1 241
1 1594
2 1518
1 912
1 226
1 282
1 751
1 199
2 750
1 274
2 965
1 32
2 138
1 1436
1 1709
1 997
1 1004
1 1140
2 1330
1 2031
1 784
2 284
1 353
1 964
1 1393
2 25
1 1957
2 1322
2 971
1 965
2 1133
2 1450
2 1862
2 1557
1 564
1 488
1 1641
1 563
2 335
1 128
1 679
2 466
1 1994
1 303
2 1935
2 1845
2 1168
2 1482
2 1275
1 1251
1 1497
2 1493
1 1713
1 1980
1 269
1 861
1 690
2 2039
1 330
1 1415
2 1684
1 1757
1 520
1 441
1 1107
1 815
2 1342
1 1305
2 1099
1 1228
1 1622
1 181
1 525
1 725
1 1834
1 1968
2 1211
2 1235
2 831
1 12
2 1747
1 475
1 976
1 1571
1 2038
2 1940
2 1313
1 1529
2 1990
1 1775
2 991
2 1520
2 1155
1 838
1 765
2 1422
2 1731
2 1779
1 1012
1 793
1 199
1 1021
2 1395
2 1967
1 136
2 954
1 1102
1 1062
1 1695
2 374
1 1128
2 1822
2 1622
1 175
2 1631
1 504
1 933
1 1399
1 1944
1 1627
2 195
1 1806
2 1534
2 1590
2 266
2 336
2 82
1 543
2 39
2 673
2 34
2 1642
1 1100
1 1341
1 2012
1 143
2 1409
2 1565
1 1579
2 24
1 836
2 1734
2 759
1 1738
2 572
2 1150
2 824
2 534
2 237
1 1304
2 464
2 1635
1 1186
2 1770
2 101
1 585
1 398
2 2011
1 387
2 183
1 811
2 1249
1 1938
1 111
1 834
1 523
2 1736
1 1685
2 705
1 1792
1 733
2 1488
2 1707
2 823
1 872
2 53
2 1860
2 1683
1 2040
2 1997
2 714
1 1365
1 275
2 954
1 431
2 1666
2 1172
1 727
2 1499
2 1972
1 1476
1 1524
1 1348
1 429
1 924
1 483
1 1093
2 717
2 1340
2 1134
1 22
2 1114
1 722
1 1290
1 1135
1 1686
2 1760
2 1777
2 1650
1 2043
1 2032
1 730
2 1566
1 1873
2 1864
2 798
1 376
2 1494
1 57
1 747
2 107
2 985
2 1631
1 1369
2 1149
2 287
1 322
2 1101
1 1730
2 1068
2 1490
1 500
1 261
1 71
2 1780
2 1322
1 1146
2 1208
1 1585
1 818
1 1826
2 972
2 1462
1 973
2 1358
1 1587
2 981
2 1351
2 623
1 268
2 124
1 513
2 622
2 496
2 831
2 1878
2 1873
1 701
1 1190
1 535
2 1753
2 1588
2 947
2 689
1 1929
1 1865
1 331
1 61
1 577
1 1792
1 643
2 1559
1 1912
2 1728
1 1147
2 1198
1 816
2 819
2 93
1 112
2 1255
1 1561
1 1965
1 788
1 286
1 1551
2 1191
1 112
1 104
2 227
1 1047
1 1926
2 1997
2 334
1 1782
2 1204
2 1837
2 1179
2 2046
2 874
1 72
2 1399
1 53
1 582
1 1662
1 398
1 1962
2 1220
1 808
2 2004
2 446
2 1178
2 76
1 436
2 1905
1 1256
2 1936
1 1044
2 1359
2 598
1 1511
2 284
1 1437
2 829
1 638
2 541
1 1474
1 1106
2 748
1 1523
2 449
1 220
2 1585
2 232
2 1999
2 1751
2 20
2 608
1 64
2 1203
2 1781
2 1503
1 701
1 100
2 644
2 1807
1 712
1 1575
1 1032
2 875
1 2002
2 1363
1 627
1 322
1 654
2 366
1 711
1 716
1 254
1 789
1 919
1 316
1 2042
2 90
2 1969
1 920
1 31
1 1152
1 1893
1 360
2 417
2 1954
2 1702
2 1316
2 1386
2 555
2 1921
1 1064
2 1090
2 1744
1 1071
2 921
2 1458
1 918
2 309
2 189
1 126
2 691
1 556
2 821
2 1580
1 1054
1 189
2 1279
1 613
1 141
2 1890
1 1752
1 805
2 244
2 1708
2 729
2 1596
1 1057
1 506
2 385
1 242
2 1657
1 166
2 229
1 1623
2 161
1 1324
1 1122
2 1187
2 938
2 1275
1 894
1 570
2 640
2 154
2 1802
2 326
2 1366
2 167
2 530
1 974
1 1397
2 1485
1 226
1 1812
1 678
1 1279
1 813
2 1654
2 710
1 1885
2 548
1 51
2 777
1 1058
1 357
2 148
2 481
1 853
1 205
1 18
1 1362
1 1765
1 923
2 1715
1 1395
2 1678
2 887
1 170
2 547
1 1011
1 67
2 1391
2 549
2 855
1 1547
2 1892
2 1965
1 1311
1 564
2 1803
1 409
1 47
2 1339
2 791
2 1881
2 227
1 1868
2 669
2 218
1 1713
1 1799
1 693
1 1789
1 1948
2 1265
2 1148
2 206
1 1558
2 604
1 1049
1 141
1 118
1 432
2 1835
1 1563
2 846
2 354
1 329
1 1285
2 959
2 1215
2 426
1 800
1 1426
1 176
1 1302
2 17
2 1264
2 1373
2 312
2 578
2 1127
2 329
1 856
1 854
2 1229
2 930
1 832
2 1762
2 1667
2 1616
2 1611
2 400
1 871
2 654
2 266
1 727
1 1715
1 647
1 1142
1 1979
1 231
2 768
1 1501
2 1157
2 24
1 1216
2 677
2 110
1 1276
2 255
1 384
2 97
2 693
2 435
1 1373
2 1764
2 4
1 892
2 336
2 359
1 1181
1 1532
1 1869
2 511
2 1670
2 584
1 2005
1 759
2 1052
2 1894
2 1830
2 35
2 459
2 165
2 163
2 131
2 1912
1 1108
2 1788
1 1741
2 1259
2 943
2 705
1 545
2 1828
1 722
2 1870
1 1509
1 107
1 1750
1 292
1 1916
2 521
1 936
2 389
2 850
2 932
1 962
2 902
2 11
2 1006
1 969
1 1726
2 1820
2 510
2 758
2 328
1 371
1 1186
2 1462
2 559
2 1243
2 69
2 490
1 1866
1 782
2 123
1 817
1 1495
2 408
2 864
2 192
2 1902
2 394
1 1154
1 356
2 1205
2 1294
1 2015
1 1463
2 1343
2 1504
1 298
1 397
1 1871
1 1909
1 479
1 1849
1 666
1 996
2 659
2 66
2 876
2 1664
2 1074
2 972
2 1918
2 1862
1 971
2 507
1 98
1 1728
1 1050
1 125
1 253
2 1922
1 881
2 558
1 1512
1 1849
2 194
2 968
1 1478
1 1236
2 1011
2 462
1 1780
2 1716
1 209
2 201
2 984
2 2048
2 1026
1 1362
1 2008
2 637
2 633
1 644
1 152
2 1908
1 2035
1 1819
1 240
1 391
1 973
1 396
1 1084
1 734
2 1180
2 1978
2 457
1 1578
1 177
1 717
2 1379
1 774
1 1126
1 544
1 62
1 1658
1 1131
2 828
1 672
2 1630
2 1431
1 59
2 1855
2 1605
1 1166
1 998
1 619
2 461
1 1834
2 1591
2 540
1 1064
2 1842
1 95
2 1304
1 960
1 590
1 703
1 1994
2 901
1 1378
1 195
1 1306
2 1410
2 311
2 201
1 1915
1 1218
2 364
1 1125
1 1500
1 1041
2 541
2 999
2 794
2 1684
1 1019
1 1541
2 1292
2 658
1 1383
2 1818
2 459
2 1290
1 11
2 1302
2 1531
2 516
2 478
2 430
2 987
2 1003
2 755
1 1363
2 1735
1 2001
1 1865
1 1332
1 1850
1 1621
2 2038
1 259
1 1991
1 211
1 1812
1 264
1 1598
2 1151
2 1625
2 321
1 167
1 370
2 344
1 1804
2 444
1 1532
1 393
1 28
1 1144
1 1669
1 535
2 1353
1 1763
1 470
2 447
2 1960
2 1070
1 1776
1 360
2 887
2 394
2 900
1 424
1 1897
2 1785
1 1683
1 1479
1 1642
1 1321
1 463
1 1632
1 1049
1 597
1 509
1 370
1 630
2 1199
1 1464
1 171
2 819
1 812
2 1155
1 277
1 547
2 468
2 444
2 711
1 149
2 1456
2 355
2 1681
2 1431
1 844
2 423
1 707
1 559
2 72
1 419
2 752
1 1528
1 1073
1 1944
2 1796
1 983
1 811
1 1345
1 1610
2 273
1 1139
1 732
2 372
1 1786
2 1701
2 1802
1 562
1 286
2 639
1 1594
2 744
2 2030
2 1500
1 1717
1 178
2 451
2 35
1 2041
1 1072
2 411
1 675
1 1884
2 1916
1 1738
1 1714
1 2014
1 1308
1 1448
1 43
2 460
1 1768
2 1173
2 756
1 1903
2 1582
2 1453
2 1675
1 1223
2 1560
1 1835
2 2020
1 1031
1 1259
2 1688
1 153
2 1230
2 304
2 729
1 1109
2 793
1 147
1 1756
1 549
1 607
2 560
2 254
2 1007
1 114
2 1354
2 236
2 1179
2 1467
2 306
1 1245
2 1973
2 588
1 778
1 685
1 1255
2 1508
1 1035
1 746
2 580
1 1286
2 1318
2 1387
1 1974
2 1379
1 32
2 219
2 1361
2 1869
1 911
1 955
2 1142
1 1193
2 2040
2 1640
1 1896
2 1743
2 656
2 1496
2 1025
2 1274
1 1852
1 1242
1 1449
1 1295
2 596
2 40
2 9
1 631
2 1471
2 952
2 87
2 380
1 501
1 536
2 1770
2 1045
2 1942
1 761
1 1604
2 1645
1 1694
2 1097
2 408
1 1212
1 1393
2 780
2 856
1 766
2 1374
2 1463
2 51
1 494
2 1454
1 1516
2 981
1 206
1 878
2 1766
2 1105
1 345
1 862
2 867
1 1383
1 1889
2 1217
1 1063
1 682
1 193
2 130
1 1021
2 1141
1 1317
1 8
2 1956
2 1448
2 316
2 28
2 1471
1 1492
2 1721
2 1389
2 561
2 1901
2 730
1 611
1 2001
2 1798
2 681
1 880
2 1419
2 1381
1 1941
1 1487
2 813
2 157
2 1027
2 1231
1 503
1 499
1 4
2 2019
1 301
1 833
2 1918
2 742
2 548
2 2039
2 1048
2 2048
1 1250
2 1700
2 1525
1 847
2 649
1 801
2 290
2 493
1 1672
1 1659
1 843
2 1767
2 1300
2 1402
1 1208
2 1472
2 462
1 1318
2 1063
1 1015
2 986
2 1759
1 1748
2 182
1 1344
2 627
2 929
1 1580
1 1636
1 978
1 950
2 1424
2 1663
1 368
1 1794
1 1245
2 320
1 647
2 245
2 1441
2 1915
1 1699
1 1800
1 78
1 581
1 1053
2 688
1 516
2 437
2 1116
1 78
2 1971
1 702
1 1
2 1644
2 917
1 1583
2 1541
1 1582
1 878
1 1574
2 865
1 1883
1 661
1 1166
1 122
1 1670
2 525
2 1555
1 977
2 1460
2 605
2 888
2 1904
1 1460
2 1062
1 1072
1 283
1 137
1 1539
2 704
1 893
1 1433
1 1227
1 1864
2 1470
2 1349
1 1047
2 1900
2 241
1 1416
2 1152
2 358
2 1037
2 742
1 772
1 1117
2 810
1 147
1 976
1 1781
1 1077
2 1394
2 1423
1 843
1 1369
2 1753
1 520
1 60
1 289
1 699
2 325
2 295
1 1687
2 704
2 1358
2 1280
2 1656
2 1804
2 1793
2 452
1 632
2 1028
2 1368
1 825
1 307
1 469
1 1056
2 164
1 1348
1 1446
1 1287
1 1920
2 1203
2 1692
1 877
2 234
1 665
1 251
2 975
2 966
2 1016
1 421
2 1825
2 616
1 136
2 1730
1 1397
1 259
1 1185
1 297
2 974
1 558
2 1832
1 1350
1 1749
2 1986
2 385
2 600
1 1032
1 950
2 562
2 1081
1 1601
1 2017
2 552
1 1961
1 1975
2 1282
2 1033
1 1853
2 1678
1 188
2 485
1 636
1 1950
2 566
1 1465
2 1183
1 1505
1 899
1 203
2 1755
2 1565
1 815
2 1406
1 713
1 546
1 207
2 1900
2 1449
2 1351
1 618
2 1962
1 272
2 392
1 1572
2 691
1 1733
2 715
1 600
1 616
1 1554
2 1894
2 962
2 1059
1 1312
1 250
2 1444
2 1983
2 1160
1 1014
2 36
2 506
1 178
1 655
1 404
2 797
2 1946
2 1527
2 1814
1 1600
1 721
1 1396
2 958
2 1744
1 1192
1 1673
2 341
2 1821
2 999
2 1048
1 1301
1 1307
1 265
2 238
2 295
1 1367
1 1852
1 1162
1 1418
1 768
1 739
2 1461
1 339
2 234
1 1058
2 294
2 1939
2 1096
1 276
2 953
2 161
1 881
2 1981
2 45
2 526
1 1182
1 537
2 1538
1 1754
1 172
1 1320
1 494
2 2025
1 1337
1 1086
1 1022
1 1432
2 825
1 951
1 1337
2 1619
2 1081
1 401
1 162
2 1022
1 1628
1 1468
2 1408
2 45
2 1020
1 1967
2 1989
2 611
2 1503
2 1752
2 1863
1 1111
2 1556
1 130
1 1953
2 132
2 423
2 771
1 349
1 531
2 1347
2 792
2 151
1 917
2 577
1 574
2 1271
1 1976
1 1772
1 1936
2 406
1 1000
2 1083
1 379
2 1377
1 193
1 368
1 435
1 91
1 1549
1 1447
2 1432
1 783
2 1696
1 799
2 1415
2 1690
1 1552
1 1906
2 708
1 2042
2 319
2 467
2 1381
2 412
2 281
2 1013
1 325
1 1633
2 209
1 1758
1 563
1 515
2 695
1 114
1 1623
2 1619
2 736
1 433
1 324
1 930
1 1724
1 1339
1 94
2 68
2 1146
2 1833
2 1761
1 573
1 1985
2 1404
2 992
1 1855
1 802
2 1278
1 1614
2 225
2 714
2 217
1 1982
2 847
1 754
2 681
1 496
1 1233
2 468
1 1173
1 1390
1 1827
1 1133
1 1019
2 1476
2 767
2 479
2 1545
1 909
2 633
1 1874
1 1378
1 1509
1 720
2 924
2 1459
1 817
1 1649
2 1168
2 1559
1 1790
1 235
2 1352
2 293
1 543
2 2024
1 1630
1 1486
1 103
2 1457
2 1891
2 48
1 238
2 74
2 495
1 772
1 906
1 1691
1 1281
1 582
2 2000
1 400
2 982
1 2032
1 366
2 1592
1 1989
1 121
2 1319
2 751
2 1520
2 830
2 243
2 649
1 1624
2 1313
1 77
2 1927
2 140
1 251
2 5
1 417
1 1451
1 1661
1 1045
2 271
2 1970
1 1325
1 1136
2 1599
1 1469
2 1210
2 1927
2 1334
2 265
2 1315
2 592
2 118
1 1519
2 153
2 1123
2 1098
2 1367
2 1886
2 925
1 723
1 1743
1 228
2 1005
2 1231
2 510
2 214
2 1822
2 109
1 1227
1 1791
1 374
2 331
1 961
1 1899
1 964
1 942
2 505
2 1569
2 2006
1 1301
2 7
2 20
1 1938
2 791
1 967
1 670
1 1324
1 1755
2 248
2 476
2 1572
2 1440
1 1320
2 662
1 445
2 67
1 1198
2 1550
1 228
2 58
2 1295
1 827
2 1809
1 63
1 539
1 1974
2 1563
2 720
1 1435
2 1875
2 1138
2 184
1 1380
2 102
1 1727
1 1468
2 256
1 1602
1 1104
2 1053
1 152
2 1718
1 524
2 820
1 1371
1 190
2 775
2 1293
1 224
2 1365
1 1041
2 1750
1 1729
2 1682
1 581
2 2
2 323
2 256
2 1646
1 478
1 732
1 1853
2 1739
2 805
2 979
1 314
1 460
2 1895
2 1502
2 1851
1 1386
2 2018
1 335
1 926
2 944
1 477
1 778
2 1007
2 891
1 105
1 218
2 77
1 912
1 570
1 1092
1 99
1 1562
2 542
1 1392
1 1721
2 1568
2 1264
2 1718
2 1413
1 1570
2 42
1 746
2 273
2 949
2 1267
1 1325
2 73
2 775
1 1876
2 86
2 68
2 1219
1 899
2 1951
1 1368
1 690
2 1832
1 1724
1 56
2 863
2 1963
1 1314
2 1829
2 41
2 37
1 1188
2 1145
2 848
2 427
1 635
1 1253
2 1588
1 568
2 2022
2 967
1 1190
1 502
1 1923
1 453
2 821
2 1489
2 1115
2 1929
2 829
2 334
1 545
2 1167
2 626
2 1239
1 1976
1 1239
2 120
2 44
1 263
1 684
2 257
2 294
2 492
2 110
1 575
2 697
2 1817
1 1722
2 983
1 1391
1 1571
2 427
2 1654
2 1384
2 1785
1 579
1 1017
1 530
1 579
2 1732
2 1323
1 1345
2 709
1 1611
2 589
2 706
1 1581
1 1966
1 1425
2 695
1 1603
2 1693
2 1377
2 762
2 1388
2 1874
2 1615
1 41
1 840
1 1452
1 175
2 1658
2 1676
1 1434
1 1454
1 60
1 1085
1 1250
2 1703
1 2004
2 2016
1 1356
1 1356
2 1787
1 542
1 19
2 411
2 1005
1 433
2 302
2 2033
2 291
1 1549
1 96
2 378
2 186
1 1248
2 1877
1 1598
2 1009
1 1932
2 338
2 447
2 1506
2 9
2 415
1 80
1 247
1 1466
1 1008
2 83
2 676
2 1289
2 1082
1 1268
1 2002
2 1673
2 743
1 1039
2 767
2 1147
1 1199
1 969
2 550
2 1860
1 31
1 1896
2 956
1 1924
1 1517
2 156
1 1398
2 2022
1 660
1 387
1 1265
1 1772
1 115
2 48
2 146
1 452
1 463
2 1357
2 1624
2 1887
2 365
2 1006
2 803
2 332
1 1293
2 617
2 65
1 13
1 779
1 126
1 1392
1 405
1 1706
1 1484
2 1213
2 1140
1 1088
1 806
2 672
1 1829
2 692
2 1533
2 243
2 1859
2 1419
1 1795
2 1052
1 1084
2 1685
2 1409
1 822
1 255
2 872
1 646
1 1026
2 1663
1 1307
1 1411
2 1696
2 849
1 341
2 1968
2 281
2 119
