4600 1000
1 171
1 897
1 1058
2 1356
2 726
1 915
1 929
2 422
1 993
2 1115
1 2055
2 803
2 1967
2 1458
1 1129
1 2181
1 298
2 646
1 1892
1 1569
2 1806
2 436
2 1170
2 2223
2 1162
2 2254
1 1214
1 1524
1 1538
1 637
2 2100
1 800
2 272
1 794
1 2078
2 1084
1 2080
2 660
1 448
2 1090
1 2204
2 484
1 367
1 2050
1 676
1 143
2 439
2 1843
1 1358
2 1862
2 1245
2 1131
1 79
1 68
1 36
2 1370
1 1900
2 1043
2 1014
2 1074
1 1114
1 123
2 1778
2 1371
1 1073
2 2199
1 1337
1 718
1 339
2 2027
2 659
2 835
2 1615
2 2079
2 1268
1 280
1 1997
1 1272
1 788
2 460
1 251
1 121
1 668
2 1445
1 744
2 188
2 935
1 531
1 2037
1 1399
2 931
1 53
2 464
2 1640
1 236
2 1964
1 142
1 1230
2 1814
1 1013
2 1022
2 730
2 698
2 1021
2 943
1 710
2 49
2 619
2 333
2 1912
2 899
2 2219
2 813
2 2078
1 1514
1 2138
2 1697
1 636
2 553
2 843
1 1112
2 752
1 388
1 1076
2 1836
1 1315
2 846
2 335
1 404
2 93
1 92
2 1689
2 1259
1 947
1 1280
2 397
2 706
2 952
1 1027
2 1749
2 754
2 985
1 1562
1 237
2 2160
1 1420
2 871
1 1501
2 1393
2 2240
1 2093
2 1746
2 299
2 2038
1 982
1 1575
1 1824
2 28
2 734
2 2222
1 2196
2 1070
1 349
2 627
2 1763
1 446
1 1123
2 52
1 184
2 182
2 2148
2 2255
2 1271
1 1641
2 1269
2 1941
2 1342
1 516
1 1930
1 645
2 1846
1 839
2 2290
1 1413
2 1973
1 1324
2 1931
1 298
1 1450
2 1795
1 1343
1 1863
2 712
2 727
1 309
1 547
2 2277
1 231
1 1062
2 207
1 1717
2 44
2 1185
2 1462
1 1247
2 1047
2 88
1 43
2 925
2 2229
1 45
2 2206
2 1923
1 568
1 961
1 1879
1 1940
1 1335
2 2204
1 1689
2 127
1 909
1 1574
1 1253
1 820
1 2
1 652
2 959
1 913
2 212
1 2189
2 333
1 1000
2 2116
1 2077
1 127
1 716
2 288
1 1108
2 1416
1 1093
2 1381
1 557
1 667
1 132
1 1958
2 623
2 1096
1 1259
2 2141
2 1789
2 774
1 1242
2 1015
2 856
1 990
1 1194
1 2102
2 2282
2 1715
2 574
1 1786
2 408
1 1787
2 841
1 1922
2 2173
2 1634
1 1380
1 47
2 2076
2 2139
1 1635
2 1992
2 819
1 2241
2 1833
1 1954
1 1059
2 2252
2 2044
2 1271
2 2169
1 1511
1 1367
2 2169
2 237
2 1177
1 634
1 1546
2 2087
2 1396
1 1539
2 716
1 1820
1 2075
2 115
1 1438
1 930
2 703
1 132
1 1498
1 2199
1 105
2 1379
2 2243
2 1147
2 175
1 912
2 1111
2 1143
2 1424
2 453
2 1755
2 1002
1 1292
2 1453
1 1351
1 23
1 1937
2 1903
1 288
2 560
2 35
2 692
1 1486
1 2123
2 1129
2 1832
1 1007
2 2170
2 1435
1 239
1 1825
2 417
1 1443
1 979
2 1216
2 776
2 2098
2 517
1 1631
1 2013
2 1439
1 1144
2 326
1 664
2 859
1 872
2 882
2 35
2 653
2 1871
2 1702
2 1246
1 305
2 18
2 515
2 575
1 1613
2 521
1 196
2 1385
2 1889
2 525
2 2175
1 644
1 583
2 296
1 302
1 1629
1 99
1 101
1 1976
1 1837
1 1401
1 722
1 327
1 279
1 1000
1 837
2 1665
1 1998
2 76
2 1205
1 626
2 1080
2 1361
2 1804
2 2256
1 106
2 1122
2 1443
2 2261
2 377
1 1405
2 823
2 2109
2 1048
2 61
1 1836
2 433
2 1882
2 150
2 847
1 1831
2 1064
2 1237
1 2247
1 800
2 1375
2 1447
2 1962
2 701
1 1044
2 958
1 434
1 194
2 591
2 1291
1 1667
1 924
2 1807
2 313
2 832
1 2180
2 1699
2 1972
2 213
1 876
1 2232
1 1812
1 708
1 1751
2 738
1 1494
1 1132
2 905
1 2250
1 2039
1 354
2 687
1 1989
2 1913
1 1120
1 1247
1 1971
2 1342
2 1334
2 2229
2 362
2 289
2 1654
2 154
1 1391
1 1218
2 516
2 1497
2 2012
2 294
2 1016
2 2224
1 649
1 926
2 617
2 27
2 330
1 1932
2 1150
2 355
2 1221
2 430
1 1501
1 1918
2 371
1 1795
1 619
2 208
2 1790
2 621
2 274
1 2255
2 1414
1 1722
2 1474
1 1495
1 1273
2 1432
2 240
2 2006
2 1079
2 381
1 1679
1 1131
1 1690
1 620
1 870
1 329
2 825
2 1525
2 95
2 2131
2 1011
1 1166
1 1971
1 159
1 259
1 1197
1 600
1 2044
1 1345
2 1754
2 321
1 254
2 96
2 899
1 2252
1 421
2 201
2 694
1 107
2 267
2 1434
1 342
1 1530
2 1203
2 1565
1 2146
1 1498
2 878
2 1415
2 2233
1 1578
1 385
1 52
2 1656
1 1942
1 21
1 2048
2 1142
2 1054
2 173
1 1761
1 1289
1 1746
1 1119
2 971
1 1515
1 879
1 1235
1 888
2 1383
1 949
2 2060
1 1942
1 1770
2 490
1 2000
2 406
1 2126
1 2142
2 1252
2 1734
1 2095
1 179
1 1587
1 365
1 704
2 851
1 1719
2 827
1 1
1 2058
2 580
2 2081
1 177
2 668
1 1286
2 1854
1 475
1 1159
2 2172
2 1517
1 493
1 1365
1 1329
1 1260
2 2117
2 1226
1 1661
2 1983
2 1146
2 1981
2 56
1 565
2 1808
2 2286
1 1637
2 2103
1 1203
2 564
2 2195
1 1530
1 2101
2 1888
1 1925
2 1491
1 1675
2 646
2 964
1 1348
2 933
1 785
1 78
1 636
2 828
2 548
1 2291
1 1790
2 246
1 443
2 1328
1 1907
2 567
2 392
1 375
1 1757
2 1377
2 1914
1 750
1 353
2 1920
1 1170
1 1177
1 870
1 862
1 1249
2 2278
2 552
2 104
1 987
1 508
1 814
1 1966
1 838
1 2295
1 865
2 2157
2 1607
2 1967
2 931
2 1624
2 183
2 2095
2 1419
2 808
1 1763
2 818
1 758
2 331
1 103
2 2236
1 2195
1 895
1 1190
2 51
1 2135
1 1928
1 1122
1 1745
2 1152
1 1485
2 1887
1 161
2 1735
2 419
1 1975
2 1681
2 970
1 2125
1 1369
1 285
2 862
1 451
1 813
2 1248
1 431
2 1599
2 1570
2 1278
1 39
2 191
1 2246
2 653
1 523
2 2178
2 32
1 1167
2 1937
1 1826
1 2260
1 1344
2 2270
1 1292
1 1369
1 1698
1 424
1 629
1 297
1 556
1 699
1 972
2 2139
1 1085
2 421
2 874
1 748
2 2140
2 1895
2 1736
2 1059
2 265
2 1290
1 644
2 19
1 1160
2 2284
1 1275
2 463
1 204
1 798
1 1386
1 1361
2 886
1 2145
2 70
2 949
1 344
1 1044
2 1437
2 1683
1 1758
1 903
1 364
2 1520
2 799
1 1433
1 568
2 2042
1 854
2 286
2 2253
1 1658
2 1747
1 2147
1 1161
2 444
2 213
2 2283
2 379
2 1902
2 2274
2 1291
1 1379
1 1022
2 2283
2 1788
2 1902
2 38
1 822
2 1813
2 325
1 48
1 1196
2 735
2 816
1 1249
2 1562
2 978
2 1208
2 67
1 2227
1 2032
1 887
2 1671
2 997
2 146
2 1221
2 1732
1 1063
2 2151
2 70
1 1262
2 749
2 1876
1 593
1 649
2 1282
1 696
1 2037
2 1395
2 369
2 823
1 359
2 940
2 1794
2 409
1 968
1 1466
1 2021
1 602
1 393
2 130
2 463
1 1620
1 310
1 486
2 1803
2 1521
1 594
1 1995
2 722
1 89
2 847
1 322
1 2268
2 2127
1 1235
1 1728
2 2056
1 1703
1 1489
2 208
1 1655
2 2214
2 219
2 1013
2 2069
1 757
1 2030
2 338
1 1397
2 2216
2 506
1 2263
1 688
1 1794
2 1137
1 1543
2 850
1 742
2 2197
1 332
2 487
1 1445
1 80
1 270
1 1677
2 1661
2 747
2 1911
1 190
2 1400
1 1609
2 1706
1 1950
1 2007
2 749
2 2221
2 1450
2 1051
1 1981
1 150
2 235
1 953
1 1771
2 1399
1 942
2 671
2 512
1 1752
1 118
2 665
2 228
2 135
2 234
2 1584
2 962
2 443
2 164
1 2170
1 193
1 1183
2 1082
1 102
2 821
1 1875
2 217
2 1742
1 2202
1 1649
2 962
2 534
1 30
2 871
2 226
2 482
2 350
1 651
1 2151
1 1446
1 1714
2 1728
1 2246
1 1031
1 2240
1 1105
2 354
1 2015
2 1762
2 901
1 2186
2 2193
1 1184
2 1582
1 2287
1 787
2 1155
2 1398
1 1189
2 763
2 1784
1 2175
2 2030
2 1225
2 697
2 526
2 454
2 2207
2 830
1 1776
2 1612
2 1270
1 731
1 1627
1 1385
2 1372
1 1206
1 1337
2 920
1 873
1 1580
1 325
1 922
2 1964
1 581
1 112
2 2208
1 319
2 1029
1 256
1 41
2 938
1 851
1 1157
1 1850
2 93
1 461
1 1446
1 1370
1 1296
1 1350
1 1671
2 19
1 2109
2 1371
1 2027
2 1375
2 476
2 510
2 618
2 1293
2 81
1 1232
2 44
2 1532
1 1972
1 693
1 411
1 1046
1 352
2 2061
1 467
2 244
1 1054
1 414
1 728
2 2032
1 1890
1 1294
2 583
2 1823
1 343
2 869
1 588
1 1040
2 402
2 341
1 1499
2 1544
2 356
1 859
1 220
2 287
1 2004
1 1589
1 1866
1 1034
2 2212
2 1338
1 2272
2 1265
2 2296
2 145
2 1258
2 1163
1 908
2 2257
2 189
2 202
2 2171
2 29
1 1604
1 1042
2 271
2 1404
1 2129
1 1014
2 1590
1 817
2 498
1 5
2 389
2 1897
2 1326
1 100
1 440
1 1647
2 1713
2 1064
1 736
2 1208
1 986
1 2028
2 932
1 293
2 1299
2 1444
2 410
2 1412
2 1108
1 812
2 1505
2 456
1 510
2 1097
1 1853
1 1952
2 1186
1 1243
1 491
1 560
1 1183
1 1557
2 1934
1 275
1 59
1 496
1 1581
2 1547
2 2155
1 192
1 934
2 131
1 561
1 523
2 1006
2 2160
2 1592
2 1743
1 2023
1 1630
1 38
2 1884
2 1871
2 1860
1 1847
2 498
2 856
2 1412
1 1204
2 1222
1 1055
1 921
1 1516
2 6
1 481
1 1963
2 292
2 551
1 863
1 597
2 598
2 1269
2 968
2 316
1 838
2 1741
2 1815
1 1408
2 1643
2 807
1 1416
2 1738
1 1200
1 768
2 1507
2 1218
1 656
2 2300
2 37
2 514
2 1605
2 714
2 1464
2 682
2 881
1 624
1 1975
2 2216
2 946
2 581
1 675
2 2270
1 1905
2 1107
2 218
1 436
2 824
1 2045
2 1666
1 225
1 1372
1 681
2 807
2 392
1 1409
2 2239
2 587
1 559
2 234
1 1079
2 47
2 133
1 591
1 2230
2 1567
1 468
1 446
1 2279
1 1929
2 822
1 1919
2 1038
2 1712
2 2048
1 2006
2 1506
2 543
2 1074
1 2020
2 635
2 766
2 1065
2 541
2 108
1 933
1 153
2 290
1 577
1 1201
2 1572
2 1146
1 772
2 2137
1 1861
2 937
1 703
1 2049
2 1714
2 1999
1 1988
1 1998
1 1176
1 1459
2 1030
2 1494
1 1182
1 1086
2 3
1 1537
2 522
1 520
2 159
1 1405
1 1212
2 1391
1 489
1 630
2 2062
2 2232
1 340
1 592
2 464
1 1752
2 910
1 1042
1 868
2 1383
1 458
2 312
1 674
1 1425
2 1447
2 969
2 1427
1 71
1 398
1 771
2 1478
1 1474
2 783
2 661
2 1060
2 1796
1 1032
1 2123
1 513
1 2142
2 1955
1 1444
1 156
1 855
1 408
1 938
1 469
2 178
1 1802
1 391
2 1314
2 289
2 718
1 1275
2 867
1 2182
2 501
2 346
2 978
2 2166
2 1188
2 49
1 1945
1 720
2 198
2 1872
2 440
1 2190
2 437
1 1946
1 2236
2 402
1 2153
2 347
2 755
2 2001
2 1817
1 656
1 352
1 1865
1 73
1 2136
1 1414
1 1846
1 1448
1 2272
2 1463
1 779
2 2154
2 1909
1 691
1 1882
1 626
2 1797
1 923
2 2085
1 1896
1 981
2 1242
1 2008
1 2242
2 1223
2 382
1 1470
2 16
2 666
2 2010
1 2194
1 1266
2 32
1 1861
1 1508
2 1476
2 1720
2 1477
2 1378
1 1504
2 791
1 1295
1 2103
1 865
1 459
2 1421
2 353
2 359
2 670
1 380
2 103
1 187
2 1936
1 1072
1 148
1 941
1 513
2 2233
1 1257
2 2100
1 1579
2 2294
1 540
2 1313
2 883
2 2226
2 1739
2 366
1 429
2 1455
2 1911
1 1390
2 786
2 634
2 2092
2 966
1 2201
2 1624
2 603
1 908
1 721
2 753
1 1708
1 1880
2 764
1 2018
2 403
1 2290
2 268
2 1404
1 1915
2 1541
2 725
1 635
2 802
2 735
2 199
1 256
1 1484
1 1411
2 896
1 788
1 610
2 1106
2 829
1 2149
1 2033
2 357
1 157
1 126
2 724
1 72
1 1534
2 509
1 1440
2 334
1 1261
1 1406
2 370
2 1692
2 1913
2 1305
1 659
1 349
1 1597
1 1200
2 1859
2 492
2 1353
2 921
1 1252
1 1777
1 2284
2 84
2 2090
1 1256
1 1364
1 799
1 1402
1 502
1 243
1 1376
2 1158
2 330
1 1366
1 2212
2 972
1 567
1 897
1 396
1 1085
1 119
2 1502
2 1053
1 1065
2 1607
2 1660
2 1529
1 1
2 1650
1 238
1 891
1 1461
2 1858
2 1525
2 1986
1 1382
1 170
2 1857
1 1078
2 754
2 136
1 1035
1 1934
2 1779
2 1816
1 2101
2 1585
2 1900
1 765
1 1961
2 2225
2 1745
1 452
1 1425
2 1771
2 780
1 529
1 2192
2 311
1 1554
1 2105
2 97
1 1373
1 211
1 769
1 1228
1 1067
2 165
1 660
1 2099
2 1772
2 844
1 2136
1 2088
1 1440
2 1224
2 507
2 243
2 2220
1 296
1 91
1 1045
1 134
1 1125
2 2171
1 1736
2 2188
2 1349
1 2105
1 1924
2 1737
1 1600
2 944
2 2185
1 2268
1 548
1 397
1 4
1 715
2 1638
2 284
2 920
1 784
2 1660
1 125
2 2069
2 1251
2 425
2 1691
2 1513
1 2008
1 2034
1 1436
1 2087
1 2209
1 1704
1 1612
1 596
2 566
1 233
2 94
2 1003
1 1969
2 1340
2 14
2 252
1 1285
1 820
1 643
1 2122
2 562
1 1279
2 1347
2 535
1 563
2 67
2 898
1 1559
1 881
1 151
2 901
1 1323
2 15
1 514
1 1226
1 1056
1 1753
1 518
2 622
2 1566
2 2182
1 224
1 710
2 579
1 990
1 2119
1 428
2 1599
2 1670
1 683
1 447
2 1834
1 2072
2 1804
1 1758
1 1842
2 831
2 1924
1 1707
1 705
1 343
1 1673
1 101
2 1118
2 162
1 39
2 1080
2 1976
2 180
1 1109
2 598
2 608
1 917
2 558
1 724
1 2050
1 1868
2 205
1 460
2 576
1 246
1 1960
1 804
1 764
2 1782
2 81
2 279
2 2296
1 845
2 282
1 2033
2 2250
2 1471
1 195
2 300
2 247
1 4
1 2261
1 535
2 1685
1 2164
1 1116
1 385
1 795
2 727
1 1083
2 1923
1 1680
2 963
2 1332
1 700
2 621
2 770
1 1906
2 2234
2 1456
2 467
2 1287
1 1949
2 168
1 1214
2 375
2 1712
2 2140
2 1063
1 2138
1 465
1 1142
1 1816
1 1685
1 1345
2 545
2 1298
2 1196
2 2003
1 166
1 307
1 1237
1 1928
2 1384
1 1340
2 1465
1 1687
2 1421
1 812
2 2184
1 1622
1 144
1 1864
1 2121
2 230
2 546
2 1272
1 105
1 1588
1 303
2 1144
2 1880
2 1071
2 1748
1 154
1 56
2 283
1 1855
1 699
1 57
2 1232
1 2235
1 1750
1 324
1 65
1 751
2 24
1 2247
1 1903
2 1780
2 223
2 692
1 1602
2 1952
2 2253
1 1965
1 182
1 926
2 605
2 1156
2 1550
1 524
1 1951
1 477
2 1395
2 758
1 676
1 63
2 1989
2 260
1 2282
1 1365
2 1406
1 449
1 285
2 1202
2 1313
1 186
2 810
2 294
2 185
1 1725
1 248
1 2288
1 2029
2 65
2 1652
1 1028
1 1563
2 2134
1 979
2 396
1 209
1 1617
2 2185
1 2034
2 1238
1 1556
1 295
1 2187
1 640
1 1164
2 222
1 1652
1 1574
2 2016
2 1845
1 2083
1 122
2 1057
2 811
2 149
1 1721
1 1684
1 1153
1 1899
2 824
1 1619
1 1852
1 76
1 940
2 1555
1 1288
1 544
2 390
1 2128
2 1451
2 950
2 1075
2 217
1 1726
2 1217
1 216
1 1951
2 1110
1 519
1 572
1 554
1 2274
2 110
2 670
1 492
1 1962
1 1422
2 1512
2 1212
1 1362
2 909
2 1273
2 1442
2 657
2 1917
1 1332
1 2254
1 1663
2 1346
1 1926
2 1628
1 2066
2 1959
2 160
1 1811
2 337
1 1657
2 1631
2 381
1 1339
2 930
2 954
1 2256
1 1081
2 117
2 1451
1 1263
2 1173
2 833
2 743
1 1264
2 430
1 713
2 2127
2 743
2 488
2 717
2 943
1 2102
1 1621
2 1373
2 538
2 274
2 180
1 711
1 1315
1 258
2 1254
2 1101
1 946
2 1697
1 574
1 645
1 1246
2 441
2 1298
1 557
1 809
1 765
2 162
1 1827
2 34
2 889
2 889
2 762
1 1620
1 1683
2 1267
1 1424
1 1021
1 584
1 276
1 1026
2 1930
2 643
1 327
1 1244
2 1432
2 420
2 479
1 1994
2 387
1 470
1 1632
2 2026
1 62
2 960
1 198
1 1669
2 614
2 33
2 1772
1 2047
2 770
2 767
1 1112
2 2257
1 607
1 200
1 573
2 1744
1 1034
1 142
2 196
1 1062
1 1936
2 2002
2 466
1 1726
2 778
2 183
1 2215
2 1294
2 1862
2 342
2 126
1 1364
2 709
1 424
1 2085
1 1348
2 340
2 1527
2 1257
2 1994
2 372
1 1188
2 201
1 1780
2 250
2 372
1 587
2 950
1 1091
2 1363
1 151
1 674
2 363
1 937
1 1879
1 1647
1 629
1 550
1 1437
1 1139
1 983
1 994
2 122
2 184
2 1207
1 702
2 1475
2 2007
1 1919
1 1543
2 1665
1 1925
2 2196
2 1103
1 579
1 72
2 2207
1 625
1 1009
1 497
2 1821
1 679
1 1256
1 2276
2 1639
1 539
1 2271
2 415
2 1799
2 1551
2 37
1 2197
1 2039
1 702
1 864
1 310
1 2269
1 1905
1 291
1 2045
2 2259
1 23
2 1759
2 2040
1 2002
1 1583
2 116
2 1906
2 31
2 2134
1 1204
1 1586
2 202
1 1037
2 1029
2 278
1 2086
1 368
2 558
1 1733
2 1893
2 1104
2 957
1 1886
1 975
2 604
2 1198
2 1564
2 165
2 1626
1 1210
2 1413
2 278
1 1814
2 673
2 1469
2 380
2 2022
2 781
2 277
1 515
1 1545
2 640
1 721
2 1961
1 829
1 1496
2 1046
2 107
1 2116
2 10
1 1328
2 982
2 317
1 1751
2 2088
1 849
1 2225
2 64
2 1322
2 680
1 1699
2 1241
1 2242
1 1720
2 2062
1 864
1 1535
1 40
2 1541
2 108
2 1186
1 1844
2 480
2 1608
1 82
1 902
1 2112
1 257
2 1596
2 2189
1 571
1 376
1 1239
2 1966
2 1561
1 2126
2 1894
1 1643
1 1128
2 21
1 999
1 1869
1 1673
2 1979
2 363
2 1867
1 2224
2 1192
2 83
2 2125
1 1411
2 2259
2 134
1 114
1 2243
1 25
1 350
2 631
1 1542
1 694
1 434
1 1104
2 1209
2 561
1 848
1 1676
2 1869
2 1430
1 1536
1 1467
2 1710
2 1007
2 1095
2 435
2 214
1 733
1 555
1 1645
2 569
2 1307
1 808
1 1264
1 1838
1 2051
1 534
1 1489
2 1248
1 1103
2 192
2 805
1 1102
1 2251
1 1168
1 195
1 2066
2 633
1 301
2 1657
2 1454
1 1160
2 1241
1 936
1 1606
2 2128
2 1066
1 75
1 1809
1 834
1 1843
2 1731
1 570
1 1648
1 953
2 1773
2 191
2 1701
1 1299
2 880
2 1216
1 628
1 485
2 1005
1 9
2 1174
2 312
2 939
2 323
2 1886
1 452
1 1366
2 1061
2 506
1 2053
2 712
2 1418
1 2077
1 197
2 2058
2 10
1 98
1 1810
2 974
1 474
1 1687
2 1011
1 1808
1 282
2 1331
1 102
2 1582
2 1528
2 853
2 2104
1 187
2 366
1 1548
1 1912
2 374
1 1509
2 42
1 426
1 1729
2 58
2 1711
2 1858
2 82
1 2269
1 1019
2 1613
2 431
2 1633
2 1822
1 2288
2 2294
2 2017
2 651
2 283
1 1230
2 1617
1 1495
1 495
2 264
2 599
2 545
1 471
2 376
1 2152
1 11
1 40
2 599
2 1307
1 2210
2 50
2 172
1 809
1 1311
1 1049
1 1360
1 2024
1 1394
1 1005
1 62
1 1744
2 654
1 1302
1 235
1 1828
2 275
1 1388
2 60
2 413
2 602
1 1589
1 2021
1 1321
1 1901
1 965
1 1098
2 470
2 737
1 1988
2 1558
1 86
2 955
1 137
1 577
2 362
1 2068
2 1289
1 892
1 1236
2 1056
1 1755
1 1453
2 1210
1 2133
1 1341
2 128
1 1075
1 1484
1 74
1 1992
1 1178
2 1957
2 2018
1 573
1 2031
1 1334
1 530
1 2084
1 801
2 1459
2 2297
1 1729
2 242
1 1368
2 253
2 539
2 1704
1 1483
2 2286
1 637
2 2266
1 155
1 2157
2 1833
2 1220
2 1314
2 775
1 1145
1 149
1 1842
2 1891
1 746
2 756
1 1191
1 1711
1 114
2 1878
2 2177
2 763
1 8
1 1996
1 138
2 1255
2 1118
2 588
2 115
2 332
1 1503
1 761
2 374
1 1197
2 1887
1 1225
1 1162
1 1776
2 606
2 905
2 59
2 519
2 1191
2 477
1 229
2 2111
1 2135
1 301
1 1165
1 1176
2 857
2 951
2 1037
1 94
1 1499
2 1982
2 137
2 738
2 1091
1 781
2 1779
1 1227
1 508
1 2047
2 444
2 1622
2 665
1 1436
1 1401
2 1092
1 448
2 1481
1 611
1 715
1 841
2 472
1 2159
1 2166
2 2011
2 1012
1 487
2 368
2 1466
2 677
1 447
1 1099
1 2043
1 1512
1 1125
1 1490
2 571
1 654
2 858
2 1173
2 383
2 147
1 395
2 358
1 1719
1 222
1 462
1 1187
1 1933
1 911
1 992
1 723
1 129
1 1872
2 1768
2 2159
2 1276
1 119
2 582
1 1986
1 268
2 2082
1 1679
2 1677
2 1165
2 1777
2 2218
2 1615
2 2183
1 1449
1 698
2 772
2 17
2 998
1 1110
1 1004
1 1536
1 1205
1 1088
1 612
1 1008
2 1234
2 1898
1 2110
1 442
2 1727
2 1244
1 1878
2 391
1 729
1 2281
1 425
2 1706
1 1638
1 1977
1 1358
1 1817
1 1428
1 241
2 504
1 2118
1 255
1 740
1 2056
1 263
1 361
2 1993
2 496
1 2155
2 144
1 992
2 1549
2 1039
1 586
1 1073
2 468
2 152
2 2275
2 1163
1 843
1 693
2 169
2 1840
2 2144
2 1284
2 429
1 975
1 300
1 281
2 2278
1 1547
1 2162
2 1896
2 1403
2 2198
2 919
2 663
2 984
2 411
1 318
2 601
1 1730
1 615
1 489
1 123
2 1240
2 427
2 1250
1 121
2 323
1 1764
1 2132
1 1339
1 593
1 1520
2 2004
1 590
1 1993
2 124
1 1195
2 356
2 2292
2 307
1 1834
1 576
1 1821
2 971
1 976
2 1865
1 1764
1 1708
1 875
1 1618
2 1594
1 907
2 1325
1 789
1 1455
1 714
1 585
1 2238
2 1531
1 68
2 1659
1 1190
2 1990
1 1136
1 1938
2 1715
1 36
1 157
1 1761
2 1422
2 1039
1 2150
2 27
2 1331
1 1486
1 295
1 1349
2 2068
2 2191
2 1644
2 732
1 258
1 1189
2 846
2 378
2 1694
1 395
2 948
1 1800
1 130
2 226
1 1357
1 928
1 394
1 2279
2 1949
2 1656
2 1566
2 2156
2 1973
2 1614
2 1017
1 8
1 533
2 166
1 1434
2 696
2 1347
2 2203
2 1265
2 608
1 709
2 1198
2 290
1 170
1 77
1 1082
1 2226
1 13
2 1984
1 263
1 50
2 2281
2 251
1 338
2 589
2 1769
2 737
1 169
2 1482
2 686
2 2181
2 407
1 1881
2 1904
2 2097
1 1477
2 2017
2 914
1 1727
1 145
1 1496
1 1351
2 1097
1 887
2 728
2 2265
1 1635
1 2165
1 461
2 60
2 141
2 2041
1 789
1 1680
2 473
2 2163
1 158
1 1885
2 2179
2 839
2 1636
2 1659
2 1948
1 2052
2 2200
1 1917
2 1491
2 2026
2 1788
1 266
1 1940
1 1824
2 113
2 797
1 1057
1 1376
1 415
2 896
2 1415
2 1866
2 1571
1 888
1 30
1 994
1 1929
2 2029
2 1805
2 1955
1 315
1 606
2 509
1 913
1 916
1 685
1 907
1 613
1 232
1 717
2 2153
2 1382
1 73
1 787
2 1473
1 2072
2 228
1 757
1 1133
1 1519
2 116
2 393
2 1885
2 609
1 2244
2 1897
1 2158
2 1362
2 1115
1 419
1 2091
2 1333
2 1515
2 418
2 416
2 503
2 1067
2 2124
1 922
1 1904
1 292
2 153
2 2167
2 1819
2 831
2 1874
1 1087
2 2115
2 2067
1 814
2 639
1 1796
1 2289
1 326
1 1004
1 1823
2 1773
2 533
2 776
1 401
2 2015
1 28
1 2208
2 345
1 2118
2 868
2 346
2 1564
2 286
2 66
1 365
2 63
2 439
2 987
1 1258
2 1480
1 1018
1 197
1 369
2 1901
2 97
2 2214
1 2055
1 1172
2 532
2 2223
2 945
1 212
1 2028
1 695
2 1533
2 1619
1 494
1 974
1 1584
1 517
1 1040
2 2057
2 1611
2 564
1 1933
2 171
1 739
1 627
1 2060
2 1389
2 500
2 311
1 1705
2 1765
2 2228
1 1627
1 1153
1 697
2 929
1 1510
2 552
2 955
1 704
2 2053
2 1180
1 422
1 1939
1 1740
2 1089
2 1367
2 632
2 625
1 1317
1 1018
1 401
1 1277
2 655
1 75
2 138
1 193
2 2299
1 1539
2 2117
2 785
1 1939
2 135
2 1303
2 996
1 383
2 1306
2 1522
2 1492
2 2065
2 221
1 247
2 1175
2 685
2 26
2 1138
1 1531
1 532
1 66
1 2012
2 2036
1 1482
1 1695
2 1910
1 1448
1 1991
1 1397
1 678
1 1222
2 1625
2 1223
1 1083
2 2162
1 281
2 451
2 1001
1 1877
1 1106
1 1753
2 512
1 1287
2 927
1 1136
2 139
2 1084
1 806
2 556
2 2209
2 1801
2 1354
2 1646
2 1756
2 752
2 1968
2 2293
1 2149
2 341
1 642
1 544
1 1288
1 1023
2 1286
1 939
2 833
1 917
2 1378
1 1528
1 2124
1 941
2 570
2 1910
1 345
1 1357
1 1820
1 1101
2 1789
1 2177
2 630
1 1916
1 690
2 1645
2 771
2 2
2 1305
1 11
1 834
2 1513
2 1723
1 852
1 1092
2 90
1 1431
1 924
1 934
2 2113
2 1143
1 1767
1 1844
2 1819
1 2231
2 2237
1 2276
2 1610
2 766
2 689
2 2091
2 1439
2 316
1 308
2 1120
2 1150
1 845
2 1526
1 2168
1 427
2 1799
1 1330
2 1360
1 633
2 616
1 1285
1 1255
2 875
2 1540
1 1094
2 959
1 1674
1 958
2 2011
1 1947
1 1068
1 1591
1 1233
2 1597
2 524
1 1803
2 2023
2 885
2 2031
1 1263
2 2000
2 1020
2 1124
1 194
1 1171
2 1276
2 1598
1 2297
1 569
2 1326
1 2186
1 1217
1 741
1 1838
2 450
1 1070
2 951
2 672
2 1559
1 1392
2 936
2 146
1 465
2 607
2 810
2 2263
1 1368
2 2005
2 736
2 1488
2 303
2 1524
2 390
2 1812
2 1016
1 836
2 671
1 1702
2 1783
1 1487
2 1423
1 1426
1 1471
1 1792
2 1593
2 1864
1 1678
1 1338
2 1099
2 2073
2 1171
1 542
1 404
2 1503
1 594
2 454
1 1592
2 1662
1 1768
1 456
2 200
1 373
2 1078
2 1407
2 748
2 1741
1 536
2 1279
2 1476
1 69
2 1458
2 684
2 1312
2 1008
2 1997
2 837
2 236
1 918
1 1770
1 168
1 1409
1 1851
2 1403
1 1775
1 1134
2 1688
2 1215
1 928
1 96
1 86
1 304
2 1633
1 2079
1 1336
2 176
1 318
1 140
1 207
1 1485
1 1636
2 337
2 1096
1 719
2 1716
1 762
2 1169
1 1479
2 589
2 1649
1 631
1 1280
2 2141
2 989
1 1410
2 1558
2 472
2 904
2 2114
2 2300
1 2264
2 1061
2 731
1 1049
1 399
2 988
1 167
2 336
1 1308
2 328
2 666
2 360
2 2059
2 227
2 1956
2 894
1 2174
2 382
2 1717
2 1873
2 2122
2 1980
2 767
2 993
1 1487
2 1830
2 1533
2 1560
1 398
1 2022
1 1006
2 1883
2 1778
1 502
2 1500
1 1738
1 1853
1 58
2 2094
1 1577
2 1390
2 1743
1 1581
2 1630
1 572
2 1608
1 2107
1 1963
2 264
2 2035
2 1822
2 1151
2 1664
2 1159
2 1174
1 563
2 1835
2 999
2 1213
2 1653
1 2019
1 1019
2 270
1 1609
2 2219
1 216
1 1691
1 1811
2 2285
2 1478
2 2235
2 2154
1 1076
2 1876
1 836
2 1509
1 1950
1 1621
1 854
1 2293
2 2014
1 2042
2 2132
2 617
2 1580
1 305
2 2213
1 2137
2 1335
1 1616
1 1094
2 136
1 1978
2 1002
1 768
2 1182
1 528
2 2289
1 2179
1 1984
1 1852
1 1472
2 1505
2 43
2 1760
2 215
1 1552
2 1601
2 1116
2 321
1 1229
1 1979
1 2046
2 109
2 525
2 1493
2 1320
1 730
1 2245
1 1134
1 2249
1 1742
1 253
2 582
1 1884
2 1518
1 1696
1 879
1 976
2 15
2 2167
2 550
1 2221
2 2217
2 33
2 458
2 1355
1 566
1 925
2 1441
1 1384
1 2146
2 2203
1 1735
2 1587
2 175
2 1467
1 2205
2 423
2 2094
1 1610
2 1024
2 595
1 1946
2 2287
2 1570
1 2041
1 932
1 1733
2 559
2 527
1 143
2 1893
1 1987
1 12
2 499
2 1954
2 1195
1 1268
1 1591
1 1601
2 92
2 700
1 1646
2 610
2 405
1 1965
2 1709
2 777
2 804
1 485
1 965
1 420
2 745
2 1388
1 83
1 742
1 853
2 1766
2 2009
1 260
1 1766
2 911
1 1148
1 816
2 639
1 1569
2 1048
1 648
2 818
2 445
2 267
2 269
2 954
2 229
1 2231
2 1944
1 409
1 2251
1 242
2 531
2 1548
2 549
1 389
2 45
2 1970
2 1304
2 176
1 2183
2 1996
2 2260
2 78
1 1201
1 2049
2 1250
1 1552
1 1224
2 1148
1 977
2 790
1 2089
1 357
2 1488
2 239
2 638
2 1504
1 1623
1 1686
1 2108
2 900
1 2249
1 1457
1 1353
2 371
2 1675
2 1888
1 18
2 1508
2 2035
1 1974
1 596
2 1297
2 1721
1 1676
1 863
1 181
2 893
1 726
2 1281
2 1302
2 320
2 773
2 1343
2 1117
1 1506
2 1642
2 1921
2 1308
1 403
2 861
2 707
1 1010
1 1423
1 1086
1 128
2 1109
1 713
1 2130
1 1767
2 1567
2 426
2 167
1 963
2 334
2 245
1 1537
1 2054
1 16
2 1664
1 1832
1 1801
1 1493
2 2013
2 786
2 1323
1 2147
1 31
2 1179
1 2202
1 1718
1 664
1 111
1 1628
1 877
2 1550
2 1036
1 1830
1 549
2 1553
1 1576
1 2205
1 858
2 1457
1 315
2 1839
2 1859
1 261
1 1931
1 1304
1 453
2 866
1 1010
2 844
1 1149
1 2265
2 1710
1 1800
1 106
2 1650
2 473
2 377
2 1266
2 915
2 1517
2 956
2 445
2 1654
2 1825
1 1623
2 2273
2 885
2 478
1 1553
1 441
1 1857
2 775
2 232
1 777
2 20
1 2098
2 1306
2 178
2 1284
2 1290
2 1600
1 759
1 1578
2 1431
1 1828
1 1860
2 2267
1 613
1 782
2 190
1 1105
2 1713
2 750
1 1693
1 1233
2 1359
1 147
2 1595
1 662
1 673
2 1982
2 1025
1 224
1 732
2 1935
1 1095
2 794
1 486
1 1909
2 2262
2 1295
1 1141
2 22
1 505
2 13
2 1296
1 1449
2 1149
2 378
2 117
2 1629
2 1618
2 179
1 1481
2 981
2 1470
1 874
1 1300
1 1722
1 203
1 1626
1 1594
1 1523
2 367
2 85
1 1672
1 1774
1 1983
1 416
2 2020
1 869
1 1053
2 129
1 1932
2 1847
2 578
2 1674
1 2211
1 522
1 1319
2 174
1 1215
1 412
2 1809
1 1312
1 793
1 1245
2 1427
1 1974
1 1068
2 1695
2 1297
1 600
2 1464
1 2271
1 825
1 1130
2 1135
2 1050
2 1793
1 238
1 462
1 2083
2 1678
2 1492
2 1672
1 124
2 1309
1 1551
2 1791
2 2295
2 64
2 273
2 1145
2 2025
1 1867
2 1318
2 69
1 361
1 740
2 760
2 1408
2 2059
2 1748
2 2131
1 707
1 891
2 206
2 1707
1 1185
2 379
1 677
2 1043
2 988
1 1452
2 723
1 1573
2 641
1 476
2 967
2 1781
2 262
1 1849
2 947
2 1468
1 2192
1 945
2 1922
2 2161
2 163
1 1980
2 87
1 155
1 173
1 1840
1 1724
2 2070
1 647
2 220
2 1139
1 161
2 1756
2 2291
1 2292
1 632
2 1510
1 1202
1 2096
2 1374
2 491
1 985
2 2089
2 618
1 1895
1 1640
2 1114
2 2070
1 1684
2 219
2 1969
1 2188
1 1978
1 1611
2 139
1 1211
1 1651
2 348
1 734
1 98
1 2193
1 1100
2 48
1 1098
1 1346
1 1943
2 287
1 335
2 2082
2 521
1 580
2 686
2 1081
1 1318
2 1781
2 1606
1 1625
2 1960
2 1428
2 34
2 1260
1 1616
2 1835
2 240
2 1560
1 986
2 1127
2 355
1 14
2 1135
2 504
1 884
1 1303
2 604
2 2275
2 628
1 1556
2 304
2 245
2 1325
1 2241
2 410
2 360
2 388
2 2178
2 1283
1 276
1 1327
2 996
2 1442
1 624
1 562
2 199
1 1739
1 1047
1 1945
1 2194
1 1914
2 553
1 1045
1 2054
2 942
1 2061
1 1716
2 2074
1 2180
2 54
2 1642
2 384
1 1784
2 611
1 2248
1 1194
1 537
2 2164
2 1100
1 894
2 780
1 2264
2 1113
1 1300
1 1199
1 2096
2 973
2 1855
1 1240
1 1151
1 399
2 2057
1 2190
2 687
2 2097
1 7
1 819
2 351
2 2156
1 1193
1 1775
2 1051
2 84
1 1407
1 1908
2 790
2 1709
1 543
1 2106
1 1213
2 221
1 1849
2 1452
2 2071
2 488
2 2174
1 648
2 1730
1 370
2 1071
1 1089
2 1595
1 890
1 1283
2 1417
2 2024
1 455
1 1985
2 861
2 2200
1 1052
1 46
1 1025
1 438
2 423
2 995
2 2093
1 1831
2 1231
2 1740
1 2003
2 2019
1 459
2 923
1 9
2 826
1 798
1 88
2 412
2 413
1 1181
2 457
2 595
1 1573
2 551
2 1575
1 903
1 1267
1 1400
2 1310
1 675
1 1521
1 991
2 20
2 1166
2 17
2 306
1 1644
2 1526
1 177
1 1576
1 112
1 2176
1 547
1 1017
2 1848
1 1133
1 1209
2 1317
2 1734
2 1041
1 1192
2 405
1 795
1 530
1 966
2 22
2 1666
1 1522
2 2176
2 1889
2 1179
2 1261
2 1883
1 156
2 784
1 148
2 711
1 1890
1 1461
1 2130
1 417
1 2086
2 482
2 2129
1 815
2 1355
1 55
1 1805
2 1870
2 1874
2 952
1 1818
2 2244
2 1157
1 230
1 2010
2 455
2 1549
1 1894
2 1031
2 1028
1 233
1 684
2 2206
2 317
2 210
2 428
1 1681
1 1387
1 2237
2 876
2 1155
1 1850
2 1465
2 479
2 1848
1 802
2 2165
1 1169
1 54
1 1762
2 1132
1 555
1 1765
1 1113
2 2107
2 1701
1 2298
2 1987
1 1990
2 2198
1 1705
1 99
2 679
2 1077
1 1593
2 1663
2 205
2 746
1 688
1 501
2 1670
2 769
2 586
1 5
1 678
1 2064
1 249
1 2046
2 252
2 1319
1 1193
2 1724
1 1943
1 483
2 1970
2 74
2 1137
2 741
1 1274
2 1841
1 1957
2 1873
2 817
1 821
2 25
1 1603
1 1999
1 1469
1 1851
2 55
1 2262
2 2215
2 2143
2 650
2 262
1 682
2 592
1 538
2 2099
1 2184
1 1030
2 761
2 2005
2 1359
1 912
2 1033
2 906
2 269
1 1141
1 1274
2 1787
1 1107
1 1696
1 1926
1 1072
2 1356
2 1024
2 1757
2 322
2 1336
1 450
2 1968
2 1238
2 1760
2 1810
2 1327
2 1156
2 511
2 1243
2 1561
1 2043
2 1077
1 109
1 1754
1 1532
2 1958
1 210
1 957
1 751
1 663
1 1058
1 1333
1 400
1 1839
2 1529
1 2173
1 131
2 336
1 725
1 1634
2 449
1 1579
1 622
1 1167
2 719
1 708
2 293
1 1341
1 2052
1 1898
1 603
1 689
2 797
1 884
2 442
1 991
2 2230
2 1324
2 1199
2 1055
2 1571
2 231
2 1749
2 2120
1 481
1 2248
2 185
1 1829
1 803
2 811
1 1262
2 1682
1 1583
1 1282
1 505
2 1041
1 1502
2 614
2 872
2 110
1 1769
1 983
2 1350
2 2143
2 890
2 1959
1 331
2 255
1 53
2 1441
2 120
2 1802
2 1639
1 339
1 438
2 1219
2 720
2 662
1 273
2 733
1 729
1 1460
2 701
1 474
2 329
2 2144
1 1119
1 1700
1 1783
2 1023
1 1632
1 172
2 1944
2 1088
2 266
2 386
2 759
2 257
2 1301
2 2063
1 308
2 2172
2 782
2 826
1 1172
2 125
1 2080
1 1798
1 495
2 1329
1 1921
1 1655
1 1723
1 1473
2 46
1 1479
1 852
2 2234
1 1490
1 1977
1 1693
2 320
1 2114
1 51
2 203
2 1270
1 669
1 1669
2 24
1 796
2 1316
2 1483
1 2115
1 2110
1 2280
1 26
2 1956
2 1158
2 1826
1 2092
2 658
1 967
1 259
1 886
2 1653
2 1392
1 227
2 57
1 773
1 867
2 480
2 2217
1 747
1 1330
2 241
2 883
1 1438
1 1253
2 2218
1 878
1 672
1 601
1 1420
1 291
2 1668
2 1093
2 2074
2 744
2 2063
1 997
1 351
2 1523
1 348
1 490
2 3
2 507
2 189
1 1868
1 893
1 1759
1 860
1 1791
2 2285
2 1236
2 960
1 1792
1 1035
2 1012
1 2009
1 2065
2 2191
2 1363
1 2277
1 2152
1 1692
2 2213
1 536
1 1234
2 1015
2 1667
2 1892
1 681
2 2076
2 95
1 796
2 358
1 848
2 77
2 609
2 2280
1 1568
1 1899
1 2238
2 302
2 2064
1 140
1 2090
1 2108
2 657
2 133
2 280
2 347
2 2084
1 1818
2 590
1 705
1 1863
2 1207
2 1228
1 895
2 801
2 760
2 206
2 1281
1 1038
1 319
2 1953
1 1117
1 328
1 457
1 554
1 1938
1 1682
2 683
1 1140
1 1472
2 961
1 690
1 650
1 1718
1 1396
2 1507
2 1463
2 1387
1 904
1 638
2 518
1 1514
1 1152
2 265
1 2106
2 1554
2 225
2 1829
2 1475
2 1948
2 1164
1 478
2 1468
2 840
1 272
1 414
1 1180
2 2081
1 435
1 1036
2 1435
2 520
1 575
2 1538
2 948
2 1605
2 980
2 2145
1 1827
2 1454
1 104
2 1598
1 1870
2 1130
2 1001
2 386
2 1544
1 113
2 849
2 970
2 313
1 218
1 271
2 433
2 910
2 384
2 1786
1 783
2 585
1 2211
2 528
1 2038
1 1322
1 755
2 1354
2 2266
1 41
2 309
2 1641
1 469
1 1555
1 163
1 1187
1 995
2 2113
1 1402
1 494
2 680
2 1698
1 364
1 1003
1 2228
2 400
1 1087
2 540
2 739
2 1732
1 1953
2 2071
1 1854
2 1700
2 1178
2 791
2 407
1 1920
1 2104
1 1604
2 306
1 152
1 1877
1 87
2 1690
1 1991
1 1278
1 12
1 1310
2 1703
1 1546
2 1927
1 989
1 118
1 661
2 2273
1 1147
2 1219
1 1916
2 1565
1 1806
2 214
1 1352
1 2133
1 882
2 61
2 565
2 927
2 642
2 1947
1 186
2 529
1 980
2 792
2 612
1 141
1 1311
1 211
1 432
2 842
2 1410
2 1377
2 857
1 1596
1 918
2 880
2 1572
1 493
2 85
2 1511
2 2258
1 1856
1 1121
1 792
2 537
2 2067
2 578
2 1140
2 647
1 1856
2 1060
1 406
2 503
1 1798
1 1750
2 499
2 284
2 344
2 969
2 597
2 1206
1 1052
1 6
2 1161
2 1815
2 1386
1 437
1 2245
1 1398
1 2075
1 753
2 1277
2 1662
1 1393
1 860
1 842
2 1123
1 1585
1 778
2 1688
2 542
2 1518
1 1020
1 1875
2 1066
2 79
1 223
2 1229
2 1090
1 832
1 314
2 830
1 706
1 695
1 1918
2 902
2 866
1 1908
2 1793
2 774
2 1545
1 1316
1 1516
1 2111
1 1602
1 2016
2 2158
2 1168
1 90
2 1907
1 511
2 873
1 2210
1 1426
1 209
2 620
2 584
2 1577
2 7
1 1175
2 120
1 1344
2 483
1 1995
2 418
1 250
2 324
1 1651
2 1419
1 1231
2 827
2 111
1 935
1 1126
2 541
1 1725
2 1881
1 1417
1 840
1 605
1 1797
2 1731
2 900
2 387
2 2040
2 2187
1 248
2 1694
1 1380
1 1429
2 835
2 1540
1 2036
1 158
1 2073
2 1111
2 314
1 973
1 1668
2 2222
2 1807
2 2150
1 898
1 1915
2 277
1 2298
1 2119
1 877
1 475
2 977
1 497
1 1500
2 1102
1 2220
2 1462
1 215
1 1352
2 1535
1 1027
2 2299
1 828
2 655
1 500
1 373
1 623
1 1837
2 1891
2 1184
1 806
2 2163
2 1418
2 1181
2 471
1 1320
1 1211
2 1050
1 1534
2 91
2 1774
2 1033
1 1497
1 1239
1 1519
2 1927
2 2001
1 1009
2 2267
2 484
1 261
2 1985
2 466
1 1227
1 204
2 956
2 1785
1 850
1 394
2 1456
1 527
2 89
1 919
2 815
1 1941
2 745
1 984
1 793
2 299
1 2201
1 1126
1 1637
1 432
2 1069
1 691
2 1394
2 1563
2 658
2 1737
2 1124
2 779
2 1389
1 1603
2 42
2 297
2 2014
2 1251
2 1460
2 546
1 2258
1 615
2 160
2 2148
1 2239
2 1138
2 2161
1 944
1 1747
2 1590
2 1321
1 80
2 188
1 164
2 1785
1 1658
1 652
1 2227
1 2120
2 1254
2 1301
1 667
1 1845
1 906
1 526
1 1374
1 1032
1 892
1 1430
2 998
1 1841
2 916
1 1381
2 1586
1 1588
2 1614
2 71
1 1309
1 1782
1 2051
1 1527
1 1121
1 2112
2 1433
2 756
2 1154
1 174
1 1026
1 805
2 1220
2 914
2 964
1 1686
2 1557
2 1648
2 1568
1 1154
1 244
1 29
1 2121
2 1293
1 2168
2 1429
2 249
2 616
2 254
1 641
1 2025
2 1813
2 1542
1 1069
2 181
2 1480
2 855
2 100
1 669
2 1127
2 1935
1 1128
