4600 1500
2 616
2 658
2 2231
1 541
2 1370
1 1246
2 397
1 251
1 347
1 2064
1 470
1 902
2 78
2 1660
2 2250
2 1876
1 2244
1 417
1 1954
2 1385
2 611
2 1973
2 909
2 1950
1 1836
1 1607
2 558
1 965
1 646
2 647
2 1140
1 2116
2 2113
2 1881
1 956
1 1346
1 2156
1 2106
1 169
1 1421
1 1253
1 1684
2 1084
2 2287
2 1941
1 915
1 699
1 1351
1 2127
1 982
1 776
2 1311
2 540
2 1989
2 1145
2 1669
1 2151
1 1739
1 1756
2 962
2 1391
1 985
1 73
1 1571
2 2208
1 1624
1 836
1 1108
1 411
1 430
1 7
1 1724
1 2008
1 1452
2 76
1 652
1 2222
1 904
1 2144
2 2013
1 1268
1 2169
2 1959
1 2227
2 976
2 508
1 772
1 1238
1 1539
1 912
2 1059
1 495
2 208
1 298
2 997
2 1485
2 1888
2 86
2 597
2 1588
1 1350
1 1851
2 1110
1 196
1 903
1 1847
1 1721
1 1228
2 85
2 1543
2 740
2 1193
1 1703
2 1734
1 1879
1 530
2 2267
1 1968
2 202
2 433
2 1459
2 2153
2 1419
2 1216
2 859
1 2281
2 1967
2 1871
2 636
2 538
2 527
2 2252
2 1617
2 1982
1 2086
1 1781
2 164
2 785
2 96
1 1504
2 1270
2 2136
1 742
2 2104
2 911
1 2016
2 2142
2 1727
2 2097
2 2051
2 579
2 916
2 1449
2 308
2 2257
2 1483
2 184
2 168
1 2110
1 1810
1 1060
1 1935
2 377
1 1259
2 807
1 574
1 2047
2 1915
1 1092
1 1896
1 1724
2 1321
2 1367
1 697
1 1282
1 2079
1 747
1 1488
1 966
1 1815
1 936
1 18
1 2150
2 1556
1 482
2 635
1 469
2 2107
1 2082
2 715
1 1909
1 484
2 1759
2 1103
1 1962
2 2136
2 1983
1 316
1 1719
2 1620
1 1577
1 215
2 1279
2 970
1 1168
2 909
2 1393
2 157
2 1984
2 300
2 1133
2 2084
2 726
1 2126
1 1658
2 768
2 2261
2 454
1 1417
1 1974
2 940
2 1256
1 1339
2 544
1 2149
2 2068
2 329
1 932
2 2274
2 187
1 2148
2 1463
2 1179
1 2144
1 1144
1 1783
1 253
1 63
2 2034
2 106
1 1479
2 1922
2 1911
2 1688
1 1133
2 1544
1 650
2 537
2 531
1 1926
2 1717
1 157
2 302
2 1571
2 1008
1 1746
2 1831
1 377
2 1353
2 265
1 681
1 1762
1 772
1 2085
2 1940
2 263
2 566
1 420
2 331
2 2164
2 985
1 2129
1 1836
2 2202
2 1601
1 1470
2 975
2 1929
2 1156
2 39
1 1604
1 1152
1 1341
2 1816
1 453
2 385
1 127
2 1520
2 2090
1 700
1 1856
2 308
1 1418
1 250
2 115
1 492
2 129
2 2288
2 1978
1 818
1 1742
1 1378
1 1986
1 1399
1 1458
2 984
1 959
1 753
2 1036
1 1860
2 593
2 877
2 1715
1 1881
1 1260
1 118
1 223
1 236
2 1591
1 1037
1 1839
2 570
2 1232
2 1134
1 435
2 1237
1 412
2 885
2 1112
1 78
2 708
1 1370
1 1401
1 1446
1 1477
2 1871
1 126
2 1963
2 1782
1 93
1 496
1 786
2 1475
2 2029
2 1152
1 1849
1 471
1 1656
2 189
2 437
1 1448
2 740
2 1911
2 625
2 1975
1 825
2 1128
1 1078
2 1023
2 634
2 1135
2 1482
1 1252
2 873
2 519
1 575
2 13
2 808
1 1651
1 1905
1 1729
1 1848
1 686
2 2076
1 219
1 212
1 1574
1 218
1 915
2 1945
1 1266
1 1750
2 1185
2 2023
1 358
2 885
1 862
2 1456
2 2019
2 34
1 799
2 690
1 702
2 1071
1 586
1 342
2 1160
2 1725
2 883
2 346
2 146
2 319
2 627
2 297
1 1575
2 578
2 384
1 792
2 759
2 1504
2 628
2 1546
1 1094
2 264
1 460
2 1541
2 1332
2 1550
1 2050
1 1752
2 2080
2 856
2 969
1 1111
2 1389
2 1951
1 613
1 278
1 26
2 1921
2 798
1 2114
1 1890
2 1755
1 1314
2 36
1 1801
2 451
1 1630
2 1671
1 1146
1 1773
2 417
2 1093
1 1195
1 1635
1 1939
1 870
2 1545
1 1263
1 1301
1 1010
2 809
2 2201
2 812
2 1708
2 1878
2 839
2 58
2 2262
1 1955
1 166
1 68
1 803
2 2146
1 968
2 1584
2 2179
1 775
1 1254
2 2189
2 1184
2 1115
2 1398
1 2281
2 864
1 1444
1 728
2 379
2 1603
2 1963
1 218
2 126
1 1496
2 718
2 169
1 1171
1 1250
1 898
1 752
2 2005
1 1527
1 1969
2 1075
2 1138
2 1193
1 1797
1 628
1 571
1 643
2 2065
1 1355
1 1869
1 552
1 436
1 989
2 2299
2 712
2 1618
1 1010
2 1892
1 1310
2 2218
1 1424
1 1215
2 996
2 602
1 2068
2 854
1 540
2 1273
1 2240
1 1305
1 2294
1 1244
1 1705
1 1888
2 163
1 1405
1 2279
1 1180
1 2246
1 849
2 1828
2 131
2 549
2 1645
2 1007
1 2077
2 62
2 1900
2 892
2 2216
1 1798
2 254
1 2225
2 2101
1 1344
2 658
2 1116
2 1937
2 1555
2 1636
2 857
1 1864
2 1562
1 1310
2 40
1 2001
1 1026
1 256
1 1054
2 1264
1 1219
1 981
1 2186
1 2091
1 511
2 167
1 237
1 162
2 400
2 1685
1 921
1 1234
1 1865
2 1671
2 38
1 45
1 295
1 1285
1 1382
1 1436
1 345
1 1020
2 2182
2 227
1 1513
2 1368
2 82
2 2168
2 1170
1 1979
1 1215
2 2165
1 651
2 365
2 361
1 1444
1 1859
2 231
1 1105
1 479
1 2237
2 755
2 1814
1 1678
2 1092
1 1118
2 97
2 2131
2 994
1 167
1 1103
2 2039
2 1718
2 1052
1 1257
2 1769
2 1827
1 415
1 1867
1 831
1 1792
1 486
1 1091
1 1286
1 2248
2 350
2 2290
2 1247
2 1432
1 938
2 565
2 100
1 632
2 1702
1 1313
1 306
1 1970
2 1880
1 448
1 1432
2 2293
1 536
1 1999
2 1246
2 2121
2 1752
1 2037
2 531
2 1675
1 1558
2 478
2 2089
2 2265
1 1797
1 649
1 200
2 1487
1 1430
1 1515
2 1778
1 1038
1 207
2 829
1 886
2 1931
1 1997
2 1964
1 919
1 1415
1 932
1 1130
1 1579
1 1258
2 1615
2 657
2 1455
1 1619
2 1532
2 216
2 182
1 1120
2 1663
2 575
2 1023
2 128
1 1956
2 1519
1 1873
2 1271
1 899
2 592
2 1466
1 1409
1 1322
1 835
1 81
2 2143
2 882
1 1733
1 1732
2 1873
2 459
2 151
2 154
2 2168
1 1614
1 1521
1 1280
2 1129
1 1482
1 2154
1 582
2 1982
1 1849
1 107
2 198
2 1036
1 1153
2 1035
1 1264
1 852
2 194
1 1634
1 413
2 249
1 1522
1 461
2 722
2 1114
1 2200
2 30
2 788
2 1347
2 495
2 2125
2 1331
1 2139
2 1220
1 1878
1 303
1 1993
2 2132
1 1360
2 247
1 661
1 714
2 1830
2 261
1 1480
2 615
1 1471
2 1753
2 1760
2 1517
2 472
1 1527
1 1492
1 2100
1 1560
2 978
2 2272
1 130
1 624
2 893
1 1648
1 748
2 1859
2 901
1 1865
1 1453
1 639
2 2181
1 18
2 1737
2 11
1 743
2 1510
2 1102
2 2228
2 2145
1 569
1 1900
2 774
2 1161
1 716
2 539
1 1868
1 99
2 260
1 490
2 204
1 441
2 1214
2 1338
1 182
1 296
1 733
2 519
2 1396
2 1082
2 111
2 894
1 1312
2 1127
1 1466
1 224
2 497
2 696
2 800
1 1297
1 266
1 1915
1 1627
1 1352
1 1749
2 2160
2 2143
2 1748
1 1517
1 444
2 1192
2 77
1 899
2 1610
2 1683
2 1633
1 1235
2 1853
2 798
1 1733
2 1785
1 955
2 1698
2 957
2 494
1 647
1 2103
2 2073
2 2256
2 961
1 892
2 1767
1 1676
2 1270
2 1664
2 685
2 374
2 1093
2 2175
1 1899
1 2056
2 426
2 1303
1 1889
1 1107
1 2213
1 724
2 431
1 1811
2 942
1 844
2 1554
2 1065
2 1076
2 1551
2 1379
2 1840
2 1824
1 1386
1 46
1 1030
2 1363
1 1051
2 387
2 721
2 2180
2 352
1 280
1 1188
1 1230
2 790
1 1243
1 2228
2 2206
2 805
1 1936
1 781
2 1290
2 780
2 1589
1 1232
2 339
1 2148
2 1440
1 654
2 822
2 1236
1 1553
2 1549
1 1835
1 2030
2 1283
1 1965
2 1615
2 1536
2 2160
1 1456
2 22
1 1004
2 1799
2 1438
2 1771
1 1070
1 784
1 546
1 227
1 1013
1 502
1 237
1 722
2 1549
2 828
2 806
1 533
2 1875
2 1034
2 1017
1 2147
1 1194
1 1274
2 1438
2 1898
1 1343
1 1716
1 288
1 122
2 564
2 633
2 553
1 1930
1 1778
1 1701
1 272
1 310
1 2266
1 834
2 1741
1 2236
2 639
2 924
2 2008
2 421
1 630
1 734
2 419
1 1833
1 1633
2 2137
2 964
1 1612
1 283
1 778
1 2094
1 43
1 518
2 1198
1 1626
2 928
2 720
1 2013
2 1328
1 870
2 146
2 550
2 1278
1 2041
2 1526
2 358
2 2128
1 1183
1 701
1 2047
2 2212
2 181
2 1837
1 1050
1 1970
1 2031
2 380
2 738
1 505
2 1511
1 1057
2 817
2 239
1 529
2 1376
1 77
2 1429
1 1295
1 386
1 143
1 1251
1 2178
1 1890
1 507
2 1332
1 1829
2 523
1 451
1 244
2 2036
1 1835
2 741
1 1957
1 667
2 880
1 1785
1 920
2 1550
1 1364
1 327
1 1805
2 717
2 409
2 460
1 837
1 861
2 944
1 1728
1 1514
1 1098
2 1470
2 1619
2 1541
1 1158
1 1428
1 2066
2 1530
2 1621
2 311
2 579
2 373
2 493
1 581
1 462
1 874
1 427
2 1359
2 139
1 2232
1 1227
2 886
1 532
2 2277
2 1315
1 913
1 310
1 1666
1 904
1 594
2 468
1 2167
1 1471
1 1267
1 1083
2 1175
1 488
1 1079
1 968
1 1478
2 340
1 2156
2 1537
1 55
2 562
1 1506
1 1647
1 1637
2 1414
2 1323
2 537
1 990
2 1269
2 1107
1 177
1 172
1 382
2 1644
2 1176
2 1886
1 1088
1 371
2 52
2 1200
2 664
1 612
1 1744
2 407
2 939
1 1614
2 1681
1 424
2 2298
2 1223
1 777
1 1047
1 935
2 694
2 666
2 1518
1 2081
2 804
2 212
1 258
2 1516
2 54
1 2284
1 2283
2 849
1 614
1 299
2 349
2 476
1 1706
2 2142
1 1673
2 927
2 59
1 1081
1 523
1 1928
1 398
2 1861
1 1229
1 163
1 1348
1 1356
2 1818
2 565
1 485
1 482
1 1314
1 1
1 1311
1 2078
2 919
1 173
2 1682
1 1350
2 780
2 1767
1 802
2 2251
2 127
2 1697
2 2096
2 1374
2 2044
2 396
1 1951
1 1110
1 2224
1 1988
2 2209
2 224
1 1221
1 2135
2 1573
1 674
1 12
2 604
1 1864
2 1710
2 1288
2 434
1 1439
2 1856
1 744
2 1784
2 248
2 1862
2 765
2 326
1 1123
1 1807
1 2164
2 499
2 2240
2 810
1 1583
2 1417
1 749
2 1609
1 81
1 11
2 180
1 2113
2 954
1 977
1 1120
1 461
2 1268
1 1138
1 116
2 2181
1 428
1 953
2 2293
1 1085
1 243
1 443
2 432
1 341
1 457
2 876
2 2158
1 1477
1 399
1 136
2 800
1 69
2 796
2 2130
1 1472
2 813
2 1750
1 1647
1 1050
2 603
2 566
1 542
1 962
1 879
1 1276
2 1457
2 698
1 1650
2 938
1 673
1 1341
1 439
1 1329
2 1460
1 2260
2 778
2 1431
1 440
1 1649
1 1838
2 98
1 980
1 2125
1 1427
1 2253
2 1832
1 385
2 1712
2 2194
2 2012
2 1231
2 2121
2 1726
1 1192
2 1017
1 315
1 1217
2 1764
2 1061
1 2045
1 868
1 1746
2 979
1 1305
1 1334
1 309
1 2052
2 1667
1 1115
2 1905
1 28
1 233
2 1829
1 1389
2 1521
2 709
1 560
1 2192
2 964
2 883
2 133
1 2043
2 848
2 765
1 1151
1 1756
1 1642
2 881
1 1440
1 890
2 408
2 1028
2 321
2 755
2 1908
1 1938
2 446
2 1326
2 723
2 140
1 512
1 210
2 1306
2 2278
2 1774
1 306
1 197
1 1534
2 1469
2 623
1 670
1 644
2 1074
1 963
2 1048
2 396
2 2197
1 1109
2 1448
1 238
2 1594
2 465
2 761
2 865
2 391
1 1226
2 2141
2 609
2 2184
2 1631
2 568
2 238
1 322
2 1373
2 2009
1 1507
2 783
2 343
2 547
1 1293
2 1317
1 1384
2 243
1 1124
2 2111
1 186
2 2220
2 49
1 1211
1 820
2 313
1 745
2 1974
2 1788
1 1570
1 1582
1 1489
2 258
2 2105
2 1537
2 1819
2 2075
2 1135
2 257
2 89
1 1159
1 1934
2 19
2 1186
1 1563
2 1652
2 1652
1 1384
2 1383
1 989
1 1335
1 991
1 131
2 914
1 1020
1 3
2 449
2 906
1 1891
2 376
2 554
1 1388
1 8
1 1222
2 1188
2 1843
1 1914
2 1809
1 1198
2 637
2 704
2 2247
1 726
1 2066
1 215
1 1852
1 535
2 334
2 929
1 1924
1 150
1 1826
2 2096
1 1145
1 751
1 888
1 2026
1 1879
1 304
2 577
2 931
1 219
2 1990
1 392
2 872
1 171
2 1288
2 2244
1 610
2 1844
1 2239
1 1709
1 501
2 402
1 1561
2 61
2 782
2 455
2 1692
1 2163
1 48
1 714
1 1142
2 1060
1 1404
2 89
2 2264
1 68
1 2059
1 995
2 1940
2 973
1 1169
1 671
1 1818
1 1841
2 959
2 303
1 316
1 229
2 1136
2 615
2 1626
2 1599
2 1174
1 239
1 1455
2 2015
1 620
2 752
1 627
1 1566
1 1669
1 908
2 80
1 741
1 543
1 132
1 672
1 1562
1 2042
1 2032
2 1357
2 1488
1 363
2 1275
2 2082
2 1795
2 123
2 1242
2 360
1 1839
2 2267
1 730
2 1064
2 2025
2 945
2 286
1 149
2 1325
2 378
1 1273
1 854
1 608
2 1003
1 1164
1 2132
1 2206
1 797
2 2090
1 1359
1 1675
2 2028
2 1055
1 1745
2 1985
1 794
2 120
1 1813
1 1343
2 247
2 1261
1 2183
2 437
2 411
1 905
2 1557
2 1205
1 1228
2 1043
2 166
1 270
1 381
1 1427
2 1825
2 672
1 1097
1 35
2 659
2 2280
1 2056
2 1622
2 682
1 704
1 2261
1 1809
1 1747
2 1913
2 1404
2 2017
2 1886
2 779
1 2109
1 2050
2 137
1 1874
2 1832
1 138
2 972
2 242
1 1266
2 2104
1 2191
1 821
2 1913
1 631
2 1995
1 1281
2 2130
2 502
2 1091
1 483
2 328
2 1053
1 1299
2 2287
1 541
1 605
2 438
2 29
2 2123
1 1382
1 1500
1 449
1 2048
1 143
1 2273
1 1953
2 864
1 607
2 987
1 104
2 663
2 895
2 715
1 1302
1 31
2 577
1 444
2 100
1 192
2 1655
2 2072
2 1418
2 1024
2 557
1 246
2 2185
2 1225
2 634
1 2074
1 745
2 1226
2 1033
1 201
1 1368
1 454
2 948
1 2139
1 415
1 1293
1 1126
2 2058
1 44
1 568
2 1704
1 957
2 2053
2 156
1 345
2 1636
2 1715
1 2135
1 355
1 1299
2 241
1 601
2 1735
2 539
2 1307
1 283
1 1991
1 1422
2 757
1 1581
2 611
2 2110
1 1558
2 429
1 730
1 1213
2 1569
1 711
1 97
2 1464
1 1248
1 2080
1 703
2 973
2 1229
2 251
1 1538
1 851
1 1210
2 515
2 1287
1 1164
2 851
1 1686
2 1063
1 395
2 27
2 2038
1 160
2 362
1 117
2 1602
2 114
1 120
1 1990
2 1181
2 74
2 2258
1 746
1 375
1 1096
2 435
1 1765
2 190
2 2105
2 1181
2 1578
2 1616
1 2149
1 1837
2 455
1 1822
2 2011
2 1204
2 1309
1 948
1 923
2 762
1 344
1 812
2 805
1 1134
1 125
2 79
2 1901
2 462
2 1245
1 1712
2 1335
1 1287
2 1526
1 291
1 1961
2 1543
2 486
2 510
1 2077
2 1392
2 192
2 312
1 1923
1 282
2 2227
2 600
1 2272
1 592
2 573
1 1533
1 720
1 1777
1 1241
2 612
2 389
1 2
1 2241
2 2112
2 231
1 1078
1 1506
1 180
2 142
2 1656
1 901
2 2246
2 546
1 2115
2 908
2 1520
2 2067
1 590
2 1362
1 785
2 1720
1 1895
1 250
1 1051
2 1106
2 1685
1 1320
1 649
2 1189
1 589
1 1805
1 2027
2 84
1 384
1 505
1 1796
1 1770
1 782
1 514
1 1460
2 484
2 2022
2 1875
2 430
2 2297
2 823
1 1390
2 588
2 1275
1 680
2 760
1 206
2 2300
1 1820
2 1988
1 313
2 1367
2 267
1 1423
1 273
2 1294
1 943
1 87
1 905
2 1980
1 161
2 118
2 667
1 515
1 2140
1 339
2 2101
2 1465
2 604
2 1280
2 2291
1 1690
2 1643
1 2024
1 153
1 1116
1 1798
1 200
2 1047
2 2299
2 1598
2 1573
1 1108
2 2016
1 286
2 1005
2 1820
1 1237
2 1686
1 1964
2 2231
2 140
2 481
1 1454
2 1609
1 1704
2 296
2 815
2 2092
1 2108
1 548
1 946
2 2215
2 583
2 2063
1 2004
1 1121
2 349
2 1845
1 1033
1 1751
2 1412
1 746
2 487
2 37
2 1327
1 341
1 240
2 1700
2 1999
1 1250
2 2075
2 683
2 1588
1 1640
2 311
2 2157
2 2214
1 1766
1 1317
2 1632
1 518
1 1887
1 1768
2 2081
1 1018
2 2071
1 1710
2 659
1 1806
2 880
1 1643
1 45
2 2165
2 128
2 1320
1 1286
1 584
2 1413
2 525
2 412
2 379
1 288
2 2020
1 2126
1 1066
2 2040
1 2103
2 2295
1 1676
2 2300
2 557
2 1722
2 773
1 25
1 2102
2 983
1 947
1 1191
1 2
2 629
1 1387
2 1473
2 1834
1 1732
2 357
1 1841
2 1076
2 1118
1 526
2 770
2 894
1 402
2 2004
1 1100
1 842
2 2232
2 1338
2 903
2 1962
1 267
2 1657
2 301
2 2171
2 1205
1 709
2 348
1 751
1 1062
1 619
1 916
2 289
1 422
2 374
1 837
1 498
1 2041
2 528
2 1658
2 1435
1 2176
2 598
2 1042
2 351
2 1952
2 1045
1 2124
2 734
2 1821
2 1394
2 1502
2 1306
1 1430
2 2010
1 2279
2 1981
2 552
1 906
2 1045
1 1210
1 2021
2 1998
1 432
2 640
1 17
2 1779
1 2057
1 585
2 2283
2 71
2 2026
1 466
2 1578
2 333
1 394
1 2170
1 323
1 220
2 506
2 1707
2 30
2 2014
1 926
1 1559
1 1560
2 1433
1 1319
1 977
2 1206
1 1993
1 133
1 1825
2 152
2 2268
2 465
2 1802
1 719
1 456
1 1693
2 527
2 995
2 34
1 294
2 2053
2 595
2 833
2 473
2 897
1 2093
1 1361
1 1944
1 1505
2 1313
2 2191
2 401
2 410
1 814
2 1731
2 1659
2 1301
2 1144
1 676
2 421
2 991
2 1137
2 2003
2 1414
1 874
1 1283
1 372
2 1240
1 2084
1 841
2 2219
2 504
2 952
1 2129
2 70
2 1366
2 1654
2 855
2 2188
2 1360
1 1249
1 1855
2 1131
1 368
2 498
2 1846
1 1540
1 1174
2 1074
1 145
2 1213
1 113
2 705
2 1567
1 1977
2 63
1 1551
1 1602
1 383
1 1850
2 910
2 1450
1 1694
1 2138
2 72
2 4
1 282
1 1239
2 1362
1 1171
1 1453
1 884
2 574
1 1374
2 761
2 1265
1 691
2 2252
1 589
1 390
2 1683
1 1595
2 642
2 1672
2 1703
2 1612
1 1663
1 1736
2 141
1 853
1 933
1 506
2 1318
1 1146
2 2051
2 199
1 110
2 132
1 753
1 1478
2 335
2 1972
1 1910
2 556
2 2052
1 1500
2 984
1 1519
1 775
2 678
1 1412
2 234
2 1361
2 2290
2 440
2 1511
1 88
2 856
2 1353
2 824
1 1971
1 1150
1 108
2 1977
2 771
2 1336
2 897
1 528
1 1016
2 1986
2 1411
1 2024
1 60
2 487
2 1524
2 31
1 285
2 178
2 1206
2 423
2 1296
1 2035
1 1083
1 561
2 1073
2 1476
1 154
1 1333
2 758
2 2003
2 499
1 35
1 1844
1 2011
1 1639
1 1039
2 1425
1 325
2 655
2 1754
2 2226
2 1593
2 1933
1 1420
2 661
1 816
1 1780
1 264
1 2188
2 2190
1 695
1 1452
2 1618
2 689
1 1926
1 922
1 112
2 342
1 47
2 416
2 944
1 532
2 340
2 1779
1 1479
2 1381
2 1983
2 599
2 1019
2 1102
1 397
2 1542
2 1032
1 1827
1 364
1 1651
1 860
2 1782
2 648
2 1137
2 1395
1 882
1 1713
1 1006
2 1514
1 277
1 2152
1 1539
2 1591
1 485
1 760
1 201
2 669
2 1136
1 1605
1 814
2 2021
1 1776
2 1813
2 252
1 2000
2 1727
2 450
1 59
1 555
2 357
1 1492
1 22
1 354
1 1067
1 1279
1 221
2 623
2 418
2 763
1 660
1 2002
2 646
1 1565
1 2127
1 1564
1 733
2 1044
1 1897
1 1699
1 2045
2 3
2 1383
2 665
2 2083
1 2286
1 2209
1 707
1 2199
1 332
1 1957
2 2242
1 988
2 1677
2 564
2 1894
1 284
1 1406
2 1542
1 53
1 370
1 2002
2 1711
2 607
1 1316
2 1790
1 151
2 1272
1 789
1 2025
1 1369
1 825
1 723
2 1842
2 158
2 2297
1 887
2 1056
2 371
1 624
1 214
2 1507
2 467
1 1800
1 1026
2 1546
1 2155
2 1155
1 1484
1 2215
1 940
1 1664
2 759
2 1122
1 14
1 1397
2 468
2 2083
2 2217
2 445
2 1324
2 1123
1 230
1 946
1 1111
1 713
1 138
2 1668
2 1538
2 2072
2 1931
1 727
2 255
1 683
1 1996
1 337
2 442
1 1197
2 2288
2 168
1 707
2 1163
2 781
2 1254
2 1112
1 956
1 845
2 367
1 6
1 211
2 668
2 1340
1 2117
2 2294
1 652
1 1388
1 142
2 571
2 727
1 1421
1 294
2 971
2 1059
2 1882
2 979
1 1821
1 1397
2 1744
1 701
2 687
2 1037
2 1429
2 1534
2 1808
2 1971
2 1211
2 848
1 1901
1 960
1 305
2 2258
2 853
1 1077
2 46
2 1961
2 405
1 20
1 404
2 1929
2 1377
1 1800
2 1089
1 1804
2 1425
1 1722
2 640
1 1406
1 970
1 85
2 846
2 1696
2 178
2 352
2 1064
2 290
2 657
1 1016
1 2259
2 869
2 2224
1 2029
2 1216
1 1038
2 795
2 1638
1 1729
1 1949
1 591
1 567
1 338
1 1625
2 331
1 907
2 1300
2 1580
1 184
2 558
1 1006
2 1239
1 1670
1 706
1 292
1 2269
2 762
2 121
1 1119
2 2009
2 2174
2 1179
1 689
2 51
1 198
1 1730
2 2137
1 1439
2 896
1 242
1 2069
2 1801
2 1679
2 581
2 520
1 359
2 1235
2 900
2 1073
1 327
2 831
1 387
2 813
2 1087
1 446
1 1793
1 1547
2 309
2 1040
1 1747
1 1596
2 1904
1 1160
2 1391
1 767
1 492
2 1117
2 2264
1 1348
1 1831
1 1168
2 57
2 930
2 1387
2 512
2 1824
2 2141
1 2275
2 1163
2 223
1 203
1 193
1 1740
1 76
2 670
1 344
2 1196
2 1577
1 1725
1 827
2 596
1 24
2 2230
2 148
2 2158
1 1265
2 382
2 1126
2 493
1 2213
1 951
2 2237
1 1808
2 2268
2 638
1 1692
1 569
1 563
1 1400
2 1948
1 1741
1 2134
2 2162
2 608
1 1909
2 2205
2 1002
2 530
1 1721
2 1029
1 222
2 644
1 653
1 221
1 1679
2 1822
1 1328
2 82
2 2062
1 2242
2 1925
2 1912
2 2012
1 1104
2 1080
1 1474
2 1654
1 1954
2 2133
1 1336
1 1866
2 217
1 2070
2 990
1 425
1 889
2 1155
1 431
1 2216
2 981
2 1260
2 1491
1 784
1 1850
1 1190
1 1552
1 1312
1 1848
1 2298
1 1857
2 418
1 1125
2 1812
2 1376
1 1655
2 679
1 1776
1 572
2 1451
2 1628
1 324
2 835
2 1817
1 1852
1 2034
2 262
1 823
2 172
2 796
1 1475
1 1499
2 954
1 1975
2 1870
2 88
2 280
1 1147
2 871
2 2270
2 1304
2 497
1 1807
2 1408
2 1161
1 1529
2 1218
1 1889
2 271
2 1937
1 291
1 866
2 626
1 1892
2 1743
2 268
2 792
2 1572
1 1483
1 408
1 326
2 1249
1 2265
2 736
1 16
2 850
2 937
1 2233
1 1497
1 706
2 1109
2 2106
2 248
2 194
2 1149
1 99
1 2146
1 2167
2 2161
1 2033
1 2107
2 1522
2 320
2 1592
2 269
1 1217
2 324
1 594
1 328
2 2065
1 260
1 333
2 697
2 320
1 1402
1 174
1 1458
2 176
2 1706
1 1307
1 693
2 1713
2 190
2 1547
2 2032
1 1008
2 1949
2 115
2 2116
1 1067
2 1476
1 255
1 1799
2 1887
1 1694
1 1069
1 1021
2 42
2 1095
1 681
2 1761
2 935
1 2286
2 66
1 25
2 680
2 503
2 2118
1 245
2 427
2 55
2 2284
1 1705
1 2253
2 165
2 2123
2 2282
2 1005
1 1019
2 1754
1 1184
2 1788
1 490
1 49
2 1695
2 669
1 869
2 1777
1 764
2 314
1 156
1 1673
1 1277
1 196
1 1224
2 2273
1 1870
1 1553
2 1220
1 366
2 1487
2 161
2 1323
2 334
2 2006
1 392
2 861
1 2162
2 245
2 364
1 1501
2 1256
1 2217
2 1233
2 1711
2 500
1 148
1 520
2 2060
2 662
2 2048
2 1976
1 1276
2 1787
2 1838
2 67
2 2054
1 261
2 1948
1 312
1 1290
1 1375
2 1994
2 941
1 826
1 1991
2 534
2 525
2 74
1 229
2 1114
1 858
1 766
2 475
2 1449
1 1025
2 1570
1 1209
1 1965
1 113
1 401
1 1755
2 866
1 934
1 971
1 1371
1 268
1 2223
1 28
2 1823
1 1884
2 1512
2 648
1 1935
2 1736
2 1918
2 204
2 2054
1 2295
2 878
2 1325
1 1309
1 1165
2 507
1 895
1 1866
1 1980
1 56
1 684
2 1049
2 708
1 1042
1 551
1 2147
1 1248
1 2238
2 177
1 679
2 14
2 410
1 750
1 109
2 2046
1 123
2 1719
2 687
1 844
1 1247
1 15
1 452
2 1726
2 2177
2 2196
1 210
2 609
1 394
2 1024
2 1992
1 1996
2 1061
1 293
1 756
2 545
1 2221
2 1966
1 1536
2 1154
2 1209
1 877
2 2046
2 913
1 1594
2 1175
1 1132
1 516
2 1
1 529
1 474
2 702
2 52
1 398
2 175
2 1441
2 2202
2 1574
1 160
1 249
2 233
2 1932
2 71
1 1167
1 39
1 2219
1 272
2 424
1 265
1 819
1 1375
1 220
2 1089
1 134
2 896
2 4
2 2200
2 489
1 739
1 463
2 95
2 1830
2 656
2 57
1 1219
1 1702
1 474
1 1002
1 1920
1 572
2 5
1 388
2 1524
2 426
1 1843
2 354
2 694
1 1953
1 1018
1 355
2 965
1 1322
2 2195
2 2193
2 124
2 2174
1 1642
2 225
2 2067
1 121
2 1623
2 1947
1 509
1 1106
2 50
2 584
1 1333
1 1415
2 1072
2 1579
2 1315
1 376
2 1201
2 950
2 875
1 301
1 1158
1 343
2 1139
2 828
1 1423
2 1416
1 1699
1 1401
1 2275
2 150
2 42
1 67
1 1819
2 1687
2 839
2 20
2 2173
1 787
1 1775
1 302
1 489
1 1641
2 370
1 690
1 1386
1 663
1 997
1 1786
1 170
1 1407
2 889
1 9
2 2018
1 1880
2 2000
1 766
2 2185
2 513
1 1637
1 1891
1 1598
2 2087
1 1580
2 1976
2 389
2 2176
2 256
2 1525
2 857
2 5
1 1189
2 1701
2 439
1 1337
2 139
2 1014
2 40
1 1528
1 1090
1 423
2 1936
2 1603
1 1505
2 1748
2 556
1 2251
1 2061
2 1749
1 1177
2 433
2 1531
2 2087
1 675
2 23
1 1863
1 952
1 206
1 606
1 988
2 1041
2 276
1 939
2 898
1 442
1 176
2 1202
1 739
1 2236
1 1978
1 1222
1 1176
2 2055
2 144
2 273
2 1960
1 456
1 1004
2 1743
2 2095
2 51
2 367
1 1187
1 642
2 535
2 1556
1 583
2 2266
1 2163
1 986
1 937
1 185
2 1689
1 1255
2 110
1 618
2 803
2 457
1 2088
1 232
2 234
1 144
2 1001
1 1650
2 969
2 1981
1 2114
1 1489
1 2199
1 719
2 1665
1 873
1 2014
2 2150
2 369
2 125
2 1139
1 863
2 806
2 281
2 943
1 983
2 406
2 62
1 209
1 538
1 136
2 1587
2 1464
1 1759
2 2180
2 1281
1 469
1 390
1 1680
2 453
1 2211
1 262
1 847
1 1548
2 1689
2 10
1 1998
2 491
1 890
1 2035
1 811
2 595
1 504
1 822
2 1365
2 743
1 2207
1 613
2 2100
1 101
1 1828
2 2274
2 960
1 562
2 748
1 1942
2 276
1 1903
1 820
2 545
2 1186
2 863
2 2063
2 666
2 1330
1 1241
1 961
1 322
1 2109
1 1150
1 1028
1 949
1 33
2 2154
1 677
2 1119
2 1407
2 1723
2 1783
1 1834
2 209
1 70
1 2166
1 1261
2 664
2 1357
2 980
1 1632
1 1789
1 1183
2 165
2 475
2 1833
1 75
1 393
1 1854
2 974
2 1392
2 1947
1 83
2 582
2 21
2 862
1 181
1 103
2 548
1 2194
1 1269
2 522
2 678
2 836
2 788
2 918
2 1233
1 2182
1 931
1 586
1 925
2 2102
2 1190
2 1240
1 999
1 757
2 1419
1 2171
1 447
2 521
1 222
2 1660
2 1902
1 1022
2 259
1 158
1 23
1 791
1 2225
2 2255
1 1932
2 2218
2 1162
2 768
1 2285
1 955
1 380
1 193
1 359
2 1105
2 1199
1 1941
2 1928
1 2173
2 1077
2 375
2 2183
2 1410
1 1259
1 786
1 1202
2 1372
1 1884
1 1495
2 758
1 1600
2 1582
2 1563
2 703
2 332
1 1606
2 1874
1 188
1 986
2 1223
2 677
1 1674
1 1088
2 632
2 2111
2 395
1 769
1 445
1 1393
2 1668
2 879
2 2119
2 1851
2 533
2 117
2 1601
1 1629
2 2271
2 274
1 2211
1 162
1 599
2 1302
1 1697
1 1498
1 1771
1 2099
2 1523
2 2254
2 1600
2 1572
1 2091
1 1182
2 175
1 641
2 21
1 1540
2 203
2 1684
1 152
2 1443
2 1509
2 1197
2 617
1 1662
2 1907
1 1758
1 1661
2 467
1 754
1 16
2 1212
1 1535
2 2028
2 1129
2 1099
1 2201
1 1979
2 660
2 2007
2 1847
2 1013
1 27
1 405
2 756
1 466
2 7
1 698
2 693
2 298
2 551
1 135
1 183
2 1586
2 232
2 724
2 630
2 1919
1 1319
1 2243
1 1972
2 33
2 1688
2 2214
2 618
2 145
1 2043
2 2007
1 1030
1 776
1 2289
1 37
1 173
2 887
1 1151
2 852
1 1903
2 1365
1 1271
2 304
2 1687
1 1883
1 1916
1 2241
1 1262
1 764
2 2122
1 1584
1 750
1 1791
1 1608
2 361
2 868
1 1463
1 1402
2 1918
1 2235
1 543
2 993
2 1012
1 1557
2 279
1 60
2 1491
1 1378
1 1098
1 1623
1 994
1 1496
1 363
1 323
1 1509
1 588
1 1426
2 633
1 1395
1 300
1 2187
2 2249
2 578
2 1027
2 1173
1 284
1 1039
1 1292
1 2270
2 1775
1 414
1 96
2 1723
2 2186
1 317
2 1292
1 2235
1 1459
1 1495
1 686
2 1027
2 477
1 329
1 214
1 69
1 695
2 1079
1 710
2 2229
1 2097
2 884
1 1815
1 1201
1 1172
1 871
1 1326
1 893
2 1902
2 1212
2 787
2 2226
1 2250
1 2203
2 621
1 1681
2 1154
2 1234
1 1659
1 48
2 2134
2 1644
2 622
1 2001
2 271
1 164
2 1924
1 278
1 1720
2 400
2 967
2 1555
2 1661
2 1823
1 211
2 1894
1 438
2 1081
1 1308
2 1753
1 372
1 2120
2 365
1 2249
2 1200
1 717
2 1745
2 544
2 464
2 1765
2 2260
2 2019
2 318
2 832
2 1342
2 50
1 476
2 54
1 1431
2 1789
1 61
2 87
1 2115
1 429
2 1044
1 2169
1 2296
1 1691
2 403
1 1294
1 643
2 428
1 2234
1 1380
1 241
1 808
2 1494
2 1855
1 1441
2 2263
2 815
2 1053
2 555
1 1000
1 1989
2 1143
2 1159
2 2117
1 610
1 244
2 259
1 2023
1 797
1 2128
1 692
2 922
2 1345
1 171
2 580
2 1728
2 86
2 1295
1 547
2 1714
2 779
2 928
2 1140
1 2245
2 104
1 1606
2 368
1 1426
1 553
1 1385
2 524
1 1236
2 654
1 1291
2 2161
1 1523
2 1516
1 967
2 2031
1 725
1 1630
1 92
1 1568
1 1696
2 826
2 559
1 1893
2 1063
2 847
2 19
1 202
1 290
1 1490
2 2140
2 2198
1 737
2 1617
2 1742
2 197
2 914
2 570
1 1766
2 29
1 1355
1 1303
2 958
1 159
1 691
2 1810
1 1046
2 638
2 2015
1 236
2 480
1 1738
2 945
1 1559
2 1437
1 1803
1 8
2 12
2 958
2 2177
1 774
1 1917
2 2172
2 187
2 38
1 824
1 517
1 295
2 362
1 1583
2 2248
1 1576
1 9
1 900
1 58
1 1812
2 793
2 159
1 978
1 2020
1 2223
2 716
2 1040
1 1297
1 802
1 829
1 2187
1 72
1 494
1 1956
1 279
2 2259
1 1048
1 1763
1 179
1 867
2 665
1 1142
2 1625
2 2122
1 56
2 1346
1 1277
1 2222
2 738
2 66
2 1324
2 2166
2 1631
2 769
1 783
2 10
2 705
2 917
2 2204
1 925
1 2055
2 536
2 1015
2 1568
1 1693
1 1094
1 511
2 924
1 749
1 1194
1 1486
1 1354
2 1605
1 2207
2 2155
2 1773
1 2243
1 1945
1 1938
2 1653
1 1714
1 1554
2 91
1 1169
1 1790
2 728
1 356
1 1738
2 1493
1 1994
2 834
1 463
2 404
1 671
2 668
1 1422
2 1086
2 1369
2 1113
2 183
1 2257
2 1992
2 1877
1 195
1 386
1 470
1 434
1 1896
2 508
1 614
2 655
2 516
1 700
1 737
2 1804
2 399
2 287
1 1611
1 1497
1 2005
2 2198
1 1966
1 736
2 1481
1 950
2 2006
2 137
1 1786
1 1457
1 1493
1 2039
2 1735
2 993
2 226
2 2254
1 2192
2 1794
2 1958
1 191
2 53
2 1876
2 590
1 850
2 1666
1 522
2 479
1 2285
2 491
1 1933
2 1224
2 481
2 1868
1 2085
2 1958
1 598
1 287
1 366
2 346
1 605
1 447
2 1946
1 576
1 1316
1 2205
2 1065
1 2120
1 596
1 1952
1 1046
1 801
2 641
2 205
2 263
2 567
2 585
2 1057
1 732
1 1899
1 1791
2 92
2 732
2 102
1 325
2 1352
1 95
1 350
1 1995
1 1149
2 1955
2 281
1 1503
1 98
1 1339
1 1593
2 1125
1 949
2 2131
2 842
1 1803
2 2197
1 275
1 1920
1 1959
1 369
2 1589
1 478
2 2296
2 1946
1 2208
1 1502
1 1885
2 1860
1 1472
1 1462
2 1840
2 1300
1 94
1 2159
1 855
2 1569
1 923
2 1446
2 526
1 1021
2 674
1 953
2 2069
1 1447
1 1354
2 1646
2 881
1 1590
1 1853
1 1141
2 1356
1 2263
2 1621
1 601
1 692
1 2040
1 1208
1 580
2 253
1 1396
2 821
1 1130
2 1604
2 147
2 1001
2 1408
1 147
2 1445
2 721
1 17
2 1910
2 1127
2 1009
2 1251
2 1762
2 622
1 1620
1 1867
2 1545
1 2099
2 1730
2 188
2 1416
1 1420
1 941
2 1780
1 1942
1 1757
2 860
2 134
2 2151
1 875
1 185
2 1485
1 1085
2 119
1 1069
1 1007
1 1802
2 1380
2 1071
2 2095
2 170
1 1987
1 1436
1 1548
1 1758
1 966
2 1258
1 174
1 2098
1 1596
1 1167
2 742
1 1678
1 119
2 2145
1 1461
1 2233
2 1645
2 335
1 317
2 1196
1 13
2 1530
2 1165
2 1842
1 998
1 549
2 554
2 2138
1 488
2 1230
2 811
1 1845
2 559
1 1243
2 1182
1 1131
1 1561
2 2133
1 878
2 801
1 676
2 1846
1 710
1 1025
1 1204
2 1242
1 1498
1 1508
1 713
1 1772
1 2220
2 448
2 1032
1 1055
1 2038
1 696
2 459
2 999
2 645
1 843
1 830
2 1943
2 1893
1 1484
1 501
2 1462
1 773
2 452
2 353
2 602
1 1638
1 1095
1 1451
1 1203
2 1012
2 1238
2 2088
2 2037
1 2060
1 2203
2 1761
2 393
1 1409
1 1221
2 1967
1 73
2 153
1 1552
2 356
2 257
2 1581
1 1467
2 124
1 2092
1 2073
2 1344
1 1513
2 2234
1 996
1 1274
1 1252
2 1318
2 1814
2 845
2 846
2 587
2 1774
1 682
2 673
1 876
2 409
1 2230
2 744
2 419
2 763
1 645
2 235
1 1872
1 1308
1 1611
1 353
2 1608
1 103
2 637
2 1564
2 1166
2 1698
1 1148
2 1904
1 1474
2 406
1 464
2 94
1 911
2 799
2 189
2 1672
1 1968
1 1399
1 1278
2 2108
2 917
1 933
1 699
1 1531
2 867
1 830
2 330
1 1084
1 517
2 436
2 1128
1 1781
1 920
1 269
2 1170
1 36
2 619
1 1751
1 378
2 942
2 1284
2 191
1 810
1 1177
1 299
2 277
2 688
1 2061
2 616
2 912
2 1662
2 47
2 473
2 1424
1 1700
2 603
1 1379
1 1613
2 1435
1 2064
2 1072
1 1218
1 1622
1 116
2 1437
2 1597
1 1090
2 838
2 910
2 1347
2 216
1 149
1 573
2 24
2 653
2 2022
1 207
2 195
2 2042
2 226
2 1082
1 509
2 1434
2 1950
1 635
1 1597
1 1921
2 1291
2 2271
2 2210
1 2229
1 974
2 1358
1 105
1 1156
1 1400
1 650
1 1263
1 1641
2 305
1 225
2 2280
2 1284
1 1157
2 108
1 841
1 1191
2 1410
1 930
1 230
1 1447
2 1207
2 336
2 791
1 534
2 1377
2 1613
1 1207
2 1624
2 1927
1 1787
1 1257
2 1244
1 561
2 458
2 1340
2 840
2 1784
1 1351
2 228
1 64
2 651
2 1003
2 477
1 1794
1 6
2 1912
1 872
1 1480
1 1535
2 314
1 1099
2 1185
1 1442
1 2269
2 793
1 2018
1 102
1 1635
1 542
2 285
2 1469
1 1665
1 1680
2 84
2 2062
2 998
1 1648
1 1927
1 1442
2 1180
1 307
2 1245
1 992
1 450
1 2079
2 2112
1 1031
2 1262
2 500
1 1610
2 2089
2 1529
1 1101
2 289
2 2044
2 2049
1 26
2 1342
2 1372
2 1253
2 2124
2 235
2 1345
2 1987
1 347
1 252
2 425
1 976
2 1490
1 1922
1 1627
1 1143
2 2057
1 1011
1 891
2 1525
2 1052
1 407
1 2255
1 770
2 416
2 1639
2 1473
2 1371
2 617
2 2196
1 1329
1 1461
1 2282
2 1054
2 43
2 315
2 1576
2 441
1 2033
2 266
1 199
2 1737
1 1225
2 888
2 587
2 1373
2 480
1 560
2 1861
1 1282
1 1898
2 1906
1 1567
2 833
2 318
1 1708
1 1390
1 1199
2 1403
2 621
1 1450
1 747
2 105
2 711
2 662
2 2093
2 2036
1 591
2 1231
1 1640
2 972
1 1011
2 2159
2 2058
2 629
2 1381
1 155
1 2291
2 275
2 1599
1 1503
2 2292
1 891
2 510
1 625
1 1508
1 1056
2 2098
2 1984
2 1465
1 141
1 1075
1 2189
2 1907
2 1304
2 1364
1 2256
2 1897
2 270
1 1029
2 1330
2 1349
1 186
1 2074
1 1906
2 1916
2 351
2 1969
2 1739
1 1634
2 1985
1 90
2 213
2 1113
1 246
2 135
1 1255
1 1014
2 2030
1 413
1 513
2 789
1 1296
2 790
2 1653
1 987
1 1349
2 2221
2 297
2 794
2 388
1 1433
2 1097
2 1515
1 2049
1 777
2 1141
2 348
1 1298
2 293
1 2170
1 1532
2 91
1 795
2 1629
1 1869
2 1394
2 2292
2 122
1 420
2 1528
2 1187
1 2175
2 2193
1 391
2 1646
1 1214
1 471
1 65
2 771
1 1863
2 1058
1 1153
2 64
2 688
1 1031
1 1337
1 1667
2 2262
2 626
2 832
1 2059
2 934
1 205
1 1049
1 1124
2 2119
2 1428
1 2212
2 1885
2 1285
2 1677
2 1122
1 992
2 735
1 1792
2 240
1 1883
2 1041
2 1566
2 1709
2 593
1 2276
1 1806
1 631
2 1674
1 179
2 1035
2 1592
2 1816
1 1331
2 1178
2 804
1 865
2 1960
2 319
2 321
2 1895
2 1857
2 1117
2 1267
2 2172
1 1595
1 1854
2 106
2 155
1 2071
2 228
1 675
2 1925
2 2204
1 859
1 2153
2 712
1 685
2 1533
1 1227
2 1445
1 1757
1 514
1 1363
2 1512
1 1939
1 1919
2 2094
1 15
1 1690
2 2078
2 982
1 1080
1 1468
2 360
1 2190
1 1770
2 1358
1 718
2 818
1 1764
1 1590
2 1366
1 1022
1 975
2 1203
1 1973
1 414
2 1062
2 32
2 725
2 307
2 1172
1 1398
2 458
2 1101
1 1104
1 620
2 921
2 1195
2 936
1 1058
2 1934
2 79
2 563
2 907
1 840
1 111
1 330
1 636
2 1930
2 1178
2 443
1 44
1 2152
1 1695
2 2195
1 109
2 1413
2 2118
1 32
2 213
2 1043
2 2086
1 1943
1 1575
2 1858
1 1616
2 1100
1 337
1 65
2 1298
1 1826
2 1501
1 1321
1 735
1 373
1 1731
1 1454
2 1518
2 1923
1 656
2 1086
2 1585
1 2010
2 1734
2 1872
1 2247
1 926
1 2070
1 858
2 731
2 1565
2 1068
1 1434
2 1327
1 1586
2 1148
2 1066
2 1607
2 1121
1 496
2 338
1 217
1 129
2 2277
2 1793
1 1763
2 1670
2 929
1 576
1 90
2 1768
1 731
1 93
1 41
1 1858
1 1068
1 1162
2 1173
1 600
1 80
2 208
2 1208
2 1760
2 1009
2 1157
1 951
2 41
1 816
2 1772
1 422
2 1334
2 1691
2 1944
1 606
2 1468
1 1272
1 927
2 1000
2 1070
2 1289
2 1769
2 2238
2 843
2 1015
1 1289
1 809
1 1882
2 1914
2 254
1 918
2 383
1 1997
2 1796
2 1811
2 2289
2 1467
2 521
1 101
2 963
1 1877
1 2245
2 819
1 2027
2 1716
2 1908
1 472
2 2017
2 947
2 838
2 1166
2 483
2 827
1 1657
1 1405
2 1494
1 381
2 336
2 292
1 1132
1 2178
1 1917
2 107
2 1587
2 1717
2 1087
1 403
1 767
1 1682
2 83
2 550
2 75
1 2076
2 2239
1 684
1 2276
1 274
2 807
2 1411
1 524
1 1649
2 1403
2 112
1 1510
2 1628
1 130
1 2157
1 817
2 2179
1 729
1 1096
2 1443
1 1795
1 1817
1 114
2 1585
2 1707
1 1718
2 1499
1 2278
2 1147
1 1034
2 1481
1 2184
1 1486
2 503
1 597
2 902
1 1862
2 754
2 2210
2 1544
1 1740
1 729
