4600 5000
2 279
1 209
1 97
1 1553
1 1589
2 1278
2 1789
2 480
2 286
1 1691
2 1459
1 1610
1 396
2 358
1 845
1 1074
2 902
2 2048
2 468
2 398
1 932
2 832
2 2030
2 1268
2 238
1 610
1 1052
2 1394
1 237
1 1078
2 2209
2 1803
1 534
2 406
1 751
2 430
2 1672
1 468
2 1959
2 505
1 672
2 840
2 1693
1 2000
2 1229
1 164
1 2241
1 46
1 191
2 2287
2 2263
1 1233
2 1236
2 2279
2 717
1 916
1 1357
1 1318
1 1005
1 1052
1 407
2 2053
1 12
1 1522
1 1968
2 372
2 951
2 1928
1 1207
2 101
2 1986
2 652
1 1200
2 1523
1 1139
1 1673
1 168
2 465
2 643
1 1023
2 6
2 2072
2 1576
1 1289
2 1059
2 1793
1 1657
2 2108
1 254
1 1912
1 533
1 2187
2 313
1 90
1 654
2 309
2 1670
2 1024
1 1969
1 1000
2 1434
1 39
2 116
1 1869
2 2148
1 548
2 2044
1 421
2 1630
2 1494
1 839
2 313
2 1194
1 1597
1 255
2 1508
2 1748
2 1415
2 1217
2 266
2 1565
1 298
1 1735
1 1826
2 676
1 1629
1 841
2 866
2 749
1 1502
1 1006
1 282
1 1340
2 1368
1 64
1 657
1 158
1 2266
1 1232
1 1284
2 998
2 1763
1 646
1 2016
2 775
2 119
1 2128
2 2191
2 202
2 1592
2 2286
2 566
1 828
2 1158
1 1378
1 762
1 1475
2 223
1 1344
1 1244
2 1831
2 1882
1 100
1 1930
2 356
2 1792
2 1507
1 1804
2 1786
1 688
2 829
2 480
2 2215
1 2132
1 2028
2 1947
2 1628
2 402
1 1939
2 1013
2 1142
2 2054
2 1199
1 1828
2 765
1 1764
1 2272
1 2191
2 1526
2 620
2 1787
1 1478
1 511
1 2190
2 171
1 461
1 383
1 2258
1 1082
2 1469
1 1197
2 81
1 852
2 1545
1 1220
2 960
2 1419
2 2151
1 349
1 1876
1 1551
1 30
1 196
1 951
1 1195
2 2222
1 2192
1 2068
1 955
1 890
1 1157
2 799
1 725
1 541
2 765
2 795
2 2159
1 2262
2 1566
1 1561
1 997
1 523
1 2107
2 1201
1 1723
2 1518
2 1554
2 667
1 786
2 538
2 1408
2 2200
1 175
1 615
1 1667
2 2003
2 972
1 1140
1 534
2 1107
2 1746
2 156
2 816
2 1874
1 88
2 2006
2 1457
2 1144
1 1481
2 1046
2 1398
2 2203
2 721
2 289
1 1376
1 661
1 611
1 1613
1 2028
1 1599
2 1850
1 1255
2 1137
1 1316
2 2088
1 1953
2 613
2 2217
2 702
1 881
1 2210
2 1873
1 2136
2 1243
1 1684
2 326
2 419
2 2024
2 184
1 394
2 1536
2 81
2 1045
1 522
2 430
2 702
1 486
2 649
2 606
2 2136
1 1212
2 1317
2 1863
1 1007
2 893
1 827
2 1591
2 321
2 2025
1 2010
1 778
2 1895
1 2162
2 1837
2 1081
1 455
2 218
2 844
1 1936
1 1564
2 415
1 1908
1 1844
1 1634
2 1114
1 1321
1 67
1 1059
1 1609
2 429
2 727
1 1929
2 319
1 680
1 694
1 187
2 174
1 939
2 1788
1 1743
1 1559
2 118
2 1217
1 103
1 1848
2 1550
2 1385
2 120
1 1710
2 2047
2 1521
1 1976
1 2181
2 2014
1 931
1 825
2 448
2 1041
1 2248
1 1139
1 645
1 1806
2 1705
2 1087
2 1738
2 2058
1 1167
2 442
1 2267
1 503
2 750
1 2069
2 270
2 1210
1 909
2 140
2 1801
2 535
2 733
2 1098
1 1904
1 1942
2 1089
1 1413
1 1356
2 509
1 1819
2 1474
2 1031
2 1692
2 1148
1 525
2 1922
2 1991
1 1448
1 2036
2 1037
2 2299
2 2225
1 710
1 1547
1 1623
2 1887
2 662
1 1455
1 1381
2 887
1 635
1 438
1 317
2 511
2 789
1 1887
2 919
1 1397
1 2126
1 1025
2 372
2 1928
2 1725
2 670
2 1049
2 1421
2 701
2 61
2 2199
1 1317
1 1307
2 886
2 1683
1 1392
1 1581
1 273
1 777
2 1026
2 1080
2 795
1 1225
1 213
1 328
2 1608
1 405
2 2032
2 718
1 1567
1 1539
2 2086
2 837
1 1321
2 18
1 1708
1 1219
2 599
1 386
1 394
1 1470
2 1273
1 1444
1 1995
2 894
1 373
2 1586
2 1283
1 1324
2 1065
1 1000
1 2232
1 834
2 1969
1 625
1 1410
1 2009
2 544
1 2211
1 1254
2 460
1 1372
2 1355
2 1042
2 1129
1 940
1 919
2 361
1 963
2 2214
2 1865
1 874
1 548
2 671
2 2216
1 617
1 1088
1 854
1 1192
2 1869
1 609
1 1650
2 1256
2 152
1 1406
1 562
1 2170
1 2202
1 1038
1 993
2 1833
2 1777
1 437
2 1584
1 1180
1 1614
2 1259
1 210
1 928
2 1483
2 1267
2 1664
1 1141
2 1255
1 458
2 1578
2 1044
2 1839
1 2049
1 90
1 633
2 557
2 1632
1 1926
1 143
2 1858
1 2197
2 873
2 229
2 2080
2 121
2 1310
2 1590
2 693
1 1172
2 481
1 898
2 710
2 1420
2 2271
1 941
2 1706
1 1815
1 236
1 582
2 101
2 1124
2 773
1 258
1 1536
1 353
2 498
1 752
1 1238
1 2249
2 769
1 466
1 1063
2 2254
2 160
1 238
2 164
1 440
1 2023
2 246
2 2122
2 251
1 1879
1 753
2 34
2 1427
1 1541
1 2177
1 673
1 1548
2 431
2 623
2 133
1 515
1 955
2 2120
1 1018
1 234
1 1543
1 187
1 512
1 1393
1 1480
1 846
1 1778
1 1683
1 1824
1 929
2 1141
1 2218
2 219
1 1404
1 651
1 1972
1 350
2 232
1 1068
1 2268
1 1334
2 1101
1 972
2 1937
1 517
2 1919
1 2251
1 1306
1 1451
1 1538
1 554
2 1783
1 1592
1 1202
1 1312
2 776
1 163
1 1487
1 686
2 2013
1 1132
2 959
2 2095
1 1556
2 1262
1 151
1 1461
1 1028
1 1841
2 790
2 32
1 2263
2 333
1 810
2 1934
1 1394
1 320
1 905
1 2223
1 277
1 297
2 1079
1 975
1 1929
1 71
1 679
2 1755
2 637
1 2053
1 1723
1 2264
2 1020
2 1954
2 1919
1 299
2 1098
2 160
2 2288
2 2243
2 1400
2 2086
1 1485
2 488
2 718
1 1931
1 1877
2 1538
1 122
1 1866
2 850
2 906
2 871
2 1504
2 1948
2 557
1 462
2 582
2 769
1 1448
2 1075
2 1432
2 1352
2 457
1 2061
2 288
1 1077
2 381
2 1719
1 2206
2 870
1 1712
1 4
1 403
1 22
2 719
1 1049
1 905
2 1170
1 1117
1 1948
1 1474
1 104
2 1756
2 240
2 1295
1 1066
1 589
2 796
1 472
1 236
1 1842
2 1197
2 878
2 1325
2 1583
1 629
2 1023
1 1053
2 1222
1 674
2 134
2 1336
2 2055
2 815
1 1924
1 742
1 1618
2 490
1 1889
2 735
2 569
2 719
1 904
2 979
1 1843
2 1286
2 1320
2 799
2 2081
2 1056
1 420
2 1639
2 2021
1 2077
1 866
2 1910
2 62
1 2142
2 1582
1 1382
2 2260
1 50
1 604
2 1022
2 898
1 1241
1 528
2 18
1 988
2 1084
1 201
2 1006
2 135
1 1815
2 1184
1 2089
2 1087
1 893
2 426
1 36
1 135
2 1296
1 1557
1 1560
2 863
2 370
2 787
1 285
2 1164
1 169
2 228
1 76
2 655
2 563
1 408
1 1370
1 2123
2 980
1 1681
2 883
1 1505
1 698
2 1453
2 565
2 1241
2 74
2 1731
2 1150
1 224
2 1982
1 1854
2 576
2 764
1 102
2 1699
2 1106
2 1155
1 855
2 1383
1 253
2 1914
1 1030
2 1440
1 1120
1 331
1 849
1 252
2 2166
1 176
1 1373
2 653
1 583
1 934
1 1817
2 596
2 482
1 418
1 1916
1 1591
1 20
2 2291
2 75
1 2156
1 1032
2 1294
1 772
1 1866
2 1166
2 424
1 385
1 1953
2 166
2 973
1 1956
1 1670
2 77
1 2298
2 824
2 1151
2 2137
1 2090
1 1529
2 967
1 1790
1 1122
2 1799
2 1264
1 1724
1 1878
1 462
1 2158
2 1712
2 715
2 65
1 642
2 206
1 322
1 800
1 2226
2 1927
2 1843
2 1671
2 891
1 964
1 1320
1 390
1 165
2 1267
2 126
1 1598
2 1206
1 2059
2 1943
1 2199
2 699
2 1391
2 322
2 14
2 1621
1 451
1 773
1 2113
2 1299
2 841
2 566
2 677
2 2300
2 1890
1 611
2 354
2 367
1 640
2 505
1 564
2 1468
1 2207
2 1388
1 845
2 895
1 450
2 943
2 2046
1 1946
2 335
1 836
1 1640
1 1487
2 1332
2 1495
1 2066
1 316
1 2101
2 1163
1 1207
1 2296
2 1906
1 1118
1 1674
2 333
1 245
2 1631
2 1820
1 1238
2 1218
1 2238
2 2134
2 887
1 1175
2 1718
1 1306
1 1309
1 334
1 942
1 2259
1 19
2 216
1 896
1 571
1 1943
2 359
1 1415
1 1149
1 325
1 383
1 1655
1 230
1 1198
1 489
1 1468
2 530
2 597
2 2130
2 1311
1 1022
1 1336
2 944
2 1903
2 1660
1 259
1 1851
2 1555
1 1693
2 2109
2 1776
2 224
1 1036
2 2064
1 1397
2 1971
1 1438
1 590
2 10
1 858
2 2035
2 2074
1 1039
2 1878
2 1963
2 2229
1 1570
1 1517
2 1882
1 242
2 1422
1 88
1 1872
1 2244
1 2281
1 669
1 37
1 1007
1 1215
2 78
1 331
2 446
1 803
1 1800
1 173
1 1938
2 256
1 2151
1 53
1 2298
2 301
1 1072
1 68
2 1359
1 264
2 633
1 2204
2 616
2 849
1 467
1 830
1 239
2 1648
2 460
2 774
2 234
2 356
1 1055
2 958
1 1938
1 1781
1 1676
1 1816
2 2243
1 1246
1 1728
1 132
2 2104
2 809
2 456
1 2200
2 2118
1 1496
2 263
2 2114
2 2123
1 1831
1 1830
1 1551
2 1722
2 532
2 952
1 2141
1 1344
1 411
2 244
1 2076
2 1997
1 360
1 1535
1 181
1 538
2 1173
2 2115
2 774
1 2175
2 755
1 288
2 1274
2 2087
2 461
1 1311
1 956
1 16
2 2042
1 1260
2 415
1 2092
1 1666
1 1567
2 2116
2 1646
2 1759
2 2127
2 999
2 247
2 1914
2 1694
2 723
2 42
1 536
2 1179
2 2052
2 1374
2 1493
1 1097
1 559
1 1060
2 793
2 812
2 818
2 1393
2 1024
1 1437
2 536
2 247
1 1359
1 1833
1 412
2 1534
1 590
2 860
2 296
2 2152
1 1688
2 2253
1 225
1 1414
2 233
1 1600
1 1329
2 848
1 1892
1 1889
1 1230
1 990
1 2014
1 1505
1 800
1 1998
1 201
1 2099
2 206
2 610
2 1885
1 21
2 14
2 1555
1 233
1 883
1 1574
1 1737
2 1062
2 594
2 2138
1 1373
2 1402
2 1479
1 1635
2 2299
1 1467
2 1768
1 1159
1 73
2 1663
1 441
2 1806
1 2020
1 1713
1 1651
1 1669
2 2060
2 1499
1 408
1 2034
1 1584
2 343
2 1900
2 1900
1 454
2 806
1 336
2 56
1 432
1 1492
1 930
1 826
1 1105
2 1856
1 1040
1 2268
2 1271
1 826
2 1237
2 984
1 860
2 1501
2 685
2 1330
1 728
1 1099
1 603
1 393
2 400
2 2216
1 1689
2 341
2 281
1 2300
2 1568
1 364
1 250
1 819
2 252
2 1163
1 1440
2 1771
2 1174
1 1112
1 1261
1 546
2 1231
1 1573
2 920
2 1906
2 192
1 425
1 328
1 1328
2 1349
2 497
2 371
1 1884
2 1272
2 260
2 657
1 222
2 1624
1 1061
2 693
2 424
1 1990
1 1698
2 1473
1 1899
2 1514
2 647
1 407
2 1132
2 2093
1 1964
2 2129
1 689
1 2079
2 2185
2 965
2 640
2 65
1 745
2 256
1 2073
1 1390
2 1270
1 144
1 1231
2 315
1 583
1 339
2 847
2 445
2 1812
1 1194
2 1986
1 1067
1 1881
1 727
2 772
2 1528
2 1834
2 1068
1 527
1 745
1 127
1 2120
1 1615
1 817
1 2166
2 387
2 560
1 1532
1 1342
2 69
1 638
1 519
2 998
1 1011
1 981
1 2220
1 1188
2 457
1 5
1 920
2 1830
1 688
2 1497
2 253
1 608
2 963
1 2162
1 263
2 379
1 2183
1 1450
1 2126
1 1386
1 1832
2 2094
1 2180
1 741
2 141
1 97
1 761
1 1472
2 958
2 145
1 1978
2 92
1 913
2 91
2 980
2 892
1 1419
1 203
1 1722
1 1916
2 489
2 642
2 986
2 579
1 1654
2 1747
2 239
2 433
1 281
1 997
2 1610
1 1679
1 1949
2 1319
1 749
1 1152
1 507
1 678
1 2233
2 13
1 1161
2 1366
2 781
2 1439
2 1237
2 1973
2 665
2 1921
2 608
2 927
1 150
1 1987
1 1196
2 1954
1 943
2 43
1 1192
1 712
1 2141
1 812
1 1446
2 20
2 169
2 2179
2 1853
1 715
1 673
1 1084
2 1754
1 337
1 2155
1 992
2 1406
2 1154
2 1067
1 1647
2 1974
1 237
1 455
1 1985
2 1593
1 1846
1 1365
2 16
2 2231
1 529
2 976
2 1045
2 374
2 1227
2 612
1 867
1 1012
2 1978
2 966
2 1046
1 2016
1 2283
1 306
1 1959
1 940
2 1279
1 1637
1 1100
2 113
2 2035
2 1643
1 747
2 1520
1 1009
2 856
1 560
1 1730
1 1035
1 709
1 2294
2 54
1 2195
1 55
1 929
2 1909
1 1341
2 1895
1 1603
1 1633
1 2171
2 2088
1 1371
2 177
2 868
2 1796
1 19
2 463
2 2133
2 1106
1 58
2 592
1 2189
2 486
2 637
2 641
1 1975
2 648
1 2242
2 413
2 182
2 2262
1 1570
2 2255
1 478
1 1029
1 1620
1 2172
2 2004
2 321
2 105
1 284
2 671
1 814
2 1980
1 404
1 1818
2 1327
1 141
1 1857
2 1644
1 815
1 411
1 1613
1 1838
1 1634
1 1130
2 6
1 1947
1 1200
2 1596
1 139
2 17
1 342
2 217
2 1037
2 210
1 1544
1 375
2 2143
1 2044
1 862
2 117
1 1230
2 1491
2 880
1 1387
2 2031
1 483
1 863
2 648
2 850
1 524
1 1484
1 912
1 2259
1 1486
1 1739
1 1120
2 1096
2 1073
2 995
2 1281
2 1844
2 562
1 318
2 487
1 545
1 1479
2 1827
1 2264
1 1735
2 1529
2 1410
1 2152
1 984
2 1195
2 2211
2 992
2 1168
1 2184
2 89
2 1701
1 2236
2 1625
2 726
2 2253
2 1524
2 147
2 110
2 2114
2 813
1 2274
2 1808
1 764
2 1249
1 59
1 1540
2 829
2 1644
2 1295
1 112
2 1958
1 780
1 1586
2 1490
2 1405
2 1303
1 350
1 2045
1 776
1 917
1 1601
1 390
2 1643
1 304
2 2245
1 714
2 899
1 1488
2 345
2 1490
1 207
2 2023
1 1793
1 1110
1 1124
1 1116
1 1409
2 1888
1 1554
1 750
1 1064
2 1464
2 2285
1 348
2 96
2 738
1 459
2 722
1 2240
2 853
1 521
2 924
1 1682
1 217
2 892
1 137
2 500
2 2230
1 836
2 1293
2 197
2 1616
2 1451
2 516
1 1367
2 668
2 1810
1 1159
1 605
2 680
1 1047
1 41
1 1525
1 1283
2 1185
1 1848
2 1025
2 636
1 1557
1 809
2 1696
2 2057
2 1042
2 1185
1 952
1 675
2 2105
1 520
1 154
1 1659
1 1761
1 1682
2 2121
2 1498
1 298
1 1475
2 355
2 323
2 1868
2 2284
1 699
1 631
1 675
2 2027
1 933
1 1687
1 879
1 1486
1 802
1 1873
2 1436
2 1509
2 2038
2 453
1 231
2 1162
1 934
1 441
2 823
2 1528
2 2159
2 1933
2 149
1 620
1 1021
2 1467
2 1823
2 1782
1 45
1 622
1 838
1 752
1 478
1 2163
2 483
1 803
2 1952
2 533
1 1685
2 2
1 357
1 1287
1 692
1 102
1 1213
1 1115
1 1301
1 1714
1 153
2 2177
1 2034
2 1268
2 2051
1 1382
1 1497
1 1389
2 2207
1 1021
1 2131
2 1003
2 25
1 1742
2 1027
2 1862
1 946
2 1115
2 1300
1 888
1 1444
1 687
1 1260
1 1678
1 2056
2 496
2 1606
2 1370
1 60
1 1398
1 591
2 713
1 36
2 1056
1 1898
1 1365
1 2033
2 1688
2 1679
1 1546
2 327
1 1413
1 2161
2 868
1 380
1 1930
1 165
2 1396
1 1575
2 130
2 1262
2 1130
1 1076
1 2231
2 822
1 1944
2 442
1 2026
2 1907
1 1388
1 2277
1 291
2 1107
1 1280
1 1917
2 1119
1 1622
2 1638
1 639
1 1309
2 148
1 842
1 1304
2 1218
1 1282
2 399
2 2161
1 785
1 716
1 787
1 1945
2 2290
2 946
2 437
1 865
1 877
1 574
2 1635
2 884
2 271
1 2121
1 1058
2 691
2 396
1 412
2 2205
1 607
2 1337
2 1312
1 2057
2 1094
2 1180
2 2140
2 1893
1 334
2 1354
1 2135
1 1341
2 156
2 1269
1 573
2 1430
1 1462
2 661
2 1310
2 1865
2 1249
1 1076
2 855
2 1638
1 1152
2 303
2 1774
2 1774
2 2067
1 1051
2 86
2 235
2 202
2 872
1 2213
2 1563
1 389
1 293
2 1912
1 944
2 1531
1 330
2 1564
2 700
2 1973
2 757
1 439
1 1235
2 941
2 2071
1 61
2 2282
2 2228
1 443
2 1186
1 1705
1 1585
1 2075
2 1534
2 436
1 711
1 1624
1 945
2 1100
1 1297
1 1823
2 1489
1 1952
1 757
1 1314
1 1827
1 1606
2 2223
1 1672
2 1153
1 668
2 2225
2 230
2 807
2 213
1 736
1 1428
2 546
2 1899
1 2265
2 872
2 214
1 811
1 1846
2 1903
2 1653
2 337
1 170
1 1472
1 339
1 1858
1 2249
1 264
1 1362
1 174
2 1433
2 1431
1 474
1 558
2 1548
2 1414
1 2178
2 1323
2 1604
2 2173
2 1704
1 854
2 162
2 986
2 172
2 275
2 1061
1 1364
1 1991
1 1332
1 1665
1 1612
1 2168
2 70
1 1047
1 1154
2 2294
1 1142
2 301
1 308
1 1129
1 1932
1 543
2 113
1 553
2 2175
2 1728
1 272
1 600
1 1331
2 2149
1 666
2 1471
2 911
1 1219
2 1738
2 1040
2 881
1 2237
2 2275
1 1598
1 1430
1 1248
1 970
1 1377
1 1315
2 473
2 1666
2 1313
1 1955
1 2020
2 1857
2 1308
2 2124
1 49
1 2040
2 1907
1 949
1 208
1 1462
1 587
2 1327
1 1416
2 2049
2 474
2 2238
1 837
2 1272
2 1819
1 1854
2 1611
1 1193
2 413
2 2189
2 584
1 634
1 410
1 983
2 859
2 128
1 2278
2 989
2 2168
1 593
2 1559
1 2290
2 295
2 1165
1 1821
2 222
1 1203
1 1573
1 179
2 678
1 1229
2 1186
1 833
2 578
1 1460
2 399
2 558
1 1785
1 509
1 167
2 1189
2 1146
1 1834
1 1572
2 1525
2 971
1 586
2 316
1 183
2 2074
1 1364
1 1020
2 175
1 2070
1 1257
2 1093
1 937
2 518
1 2281
1 1826
2 1330
2 782
2 1590
2 1752
2 306
1 938
1 602
1 122
1 1118
1 51
1 1172
1 2157
1 1798
2 1091
2 906
1 1765
2 1456
2 2204
1 2248
2 1449
1 108
2 1343
2 1240
1 1442
1 1442
1 554
1 875
1 1807
2 848
2 907
1 1375
1 806
1 370
1 1676
1 961
2 1070
2 1057
2 1093
2 225
2 323
2 185
1 1090
1 1145
2 1967
2 1090
1 1258
2 1785
2 502
2 485
1 204
2 1175
1 1780
1 1691
1 338
1 276
2 2293
1 852
1 1836
1 1979
2 1847
2 1560
2 1513
1 779
1 1500
2 7
1 617
2 151
1 526
1 369
2 1208
2 1811
2 360
1 1820
1 1153
1 272
1 630
2 2062
2 1459
1 2236
1 2202
2 1041
2 2001
1 540
2 53
2 1572
2 1458
1 2097
2 606
1 2255
2 352
2 545
2 64
2 808
1 970
1 2282
2 1934
2 1860
2 391
2 282
1 1655
2 1213
2 1883
1 94
2 72
2 2145
1 1182
1 1361
1 1786
2 261
1 416
2 473
2 1510
2 290
2 506
2 2186
1 449
1 1060
2 1608
2 406
2 907
2 283
2 1641
1 1158
1 1707
2 476
2 379
2 2171
1 385
1 98
1 1923
1 1111
2 1521
1 1374
1 1781
2 439
1 463
2 2292
2 341
1 1798
1 759
2 780
1 477
2 308
2 725
2 1645
2 2183
2 126
1 760
2 2100
2 839
2 2030
1 1966
2 1244
1 1931
2 904
2 734
2 596
1 1686
1 939
1 1063
2 1842
1 1853
1 732
1 244
1 1690
1 194
1 2242
2 804
1 54
1 925
1 624
2 1150
1 1580
1 491
1 417
1 469
1 1576
1 426
1 1012
1 1997
2 57
2 991
2 300
2 1196
2 936
2 1270
1 1690
1 627
1 788
2 1476
2 1729
1 147
1 1338
1 911
1 317
2 1684
2 514
2 79
2 572
1 1423
2 428
2 1016
1 953
2 1980
1 1216
2 731
1 1664
2 107
1 979
2 1539
2 1736
2 1480
2 1253
2 38
2 1962
2 1867
2 1253
1 1911
1 2270
2 928
2 220
2 1054
2 1558
2 199
2 598
2 1488
2 645
2 2132
1 754
1 484
2 1582
1 954
1 1744
1 117
1 1424
1 2131
1 249
1 1515
1 709
2 1698
1 494
1 1915
2 405
1 205
2 82
1 1619
2 2092
1 1955
1 1850
2 885
1 1600
1 891
2 1387
2 1069
2 2142
1 1535
1 279
2 1216
2 1256
2 1366
2 1328
2 1718
1 957
2 2234
1 878
2 409
2 367
2 704
1 499
2 870
1 189
1 926
2 2118
1 1223
2 1965
2 48
2 1251
1 329
1 784
1 2026
2 349
2 2232
2 2031
2 1733
2 1322
1 1566
2 347
1 601
2 346
1 579
2 1395
2 660
1 1173
1 711
1 1749
2 1239
2 2215
1 192
2 1354
1 900
2 1791
2 873
2 158
1 1070
1 985
1 1446
2 1136
1 1695
2 299
1 2233
1 2137
1 827
2 1235
1 275
1 2291
2 1918
1 1703
2 632
1 227
1 880
2 307
1 738
2 1075
1 888
2 987
1 730
2 295
2 1113
1 496
1 1924
2 149
1 1326
2 2247
2 1220
1 2194
2 1121
2 1626
1 1143
2 1974
2 1416
2 819
2 707
2 2169
2 1778
1 1147
1 434
1 1182
2 792
2 1301
1 2289
2 470
1 574
2 2261
2 28
2 1577
1 178
2 1741
2 2198
2 664
2 1396
1 771
1 2096
2 1552
1 231
2 1211
1 345
1 676
2 1550
1 502
2 1463
1 807
1 220
1 368
1 305
1 2007
2 330
1 923
1 1246
2 1626
1 2018
2 421
1 66
1 1888
1 556
1 691
1 1483
2 695
1 506
2 1324
1 2182
2 739
1 1981
1 2169
1 382
1 649
2 1285
2 82
2 1463
2 682
1 1103
2 1936
2 2050
1 2101
1 2042
1 1461
2 1849
1 361
2 794
1 1082
2 818
1 550
2 1989
1 1913
2 1901
1 1748
1 2105
1 2005
1 366
1 95
2 1543
1 793
1 446
2 1454
1 257
2 1512
1 429
1 1184
2 622
2 56
1 1654
2 1957
2 1258
2 1814
2 17
2 936
2 403
1 1302
2 180
2 83
2 2235
2 343
2 246
1 1109
1 63
2 1363
2 1187
2 1949
1 1276
1 287
2 989
2 167
1 278
2 1015
1 2239
2 830
2 172
2 1221
2 1813
2 25
2 512
1 705
1 1485
1 720
2 389
2 425
1 2043
1 781
1 2170
2 1603
2 75
2 324
1 587
2 67
2 2160
1 522
2 922
2 766
1 395
1 40
1 87
2 50
1 414
2 1832
2 304
2 1772
1 987
2 1993
2 340
1 123
1 2196
1 659
2 865
1 853
2 2010
1 1920
1 1523
2 221
2 949
2 1288
2 767
2 215
2 713
2 994
1 1841
1 820
1 1386
1 2005
2 1443
1 177
2 459
1 2156
1 708
2 1727
2 354
1 857
2 188
2 625
2 2205
2 1371
2 13
2 851
1 816
2 1870
2 2221
2 1511
2 1663
1 1558
1 1516
2 632
1 1417
1 1138
1 516
2 2181
2 1201
2 1428
1 1802
1 1717
2 2055
1 1883
1 1250
1 500
1 1649
2 410
2 190
2 1923
1 1581
2 1135
2 2176
2 1033
1 2021
1 423
1 714
1 1071
2 1661
1 154
2 2098
2 159
2 912
2 1188
1 305
1 1700
2 2145
2 1587
2 520
1 1492
2 894
2 993
1 670
1 1409
1 1389
2 897
1 706
1 977
2 2065
1 200
2 964
1 874
1 291
1 1782
2 1971
2 70
1 2019
1 2201
1 1208
1 586
2 1760
2 1621
1 111
1 1401
2 72
1 1481
2 2039
1 1119
1 820
2 11
1 1951
1 2051
1 139
1 1701
1 1877
2 2279
1 268
2 748
2 2027
2 1114
1 2227
2 387
1 364
2 1956
2 903
2 805
2 1507
1 1282
2 1291
1 73
1 400
1 1657
1 723
2 1940
1 1290
2 1950
1 833
2 1242
2 297
1 1905
1 85
1 1544
1 130
1 1724
1 1425
1 1625
1 578
2 85
2 1607
1 1226
1 577
2 948
1 8
2 219
2 1996
2 1466
2 808
2 1707
1 759
1 119
2 1908
1 211
1 49
1 1744
1 464
2 355
2 609
1 1902
1 885
1 199
1 203
1 378
2 2139
2 2174
1 475
1 700
2 1984
2 1799
2 1810
2 471
1 572
2 179
1 1251
2 1988
1 2239
2 435
1 1958
2 193
2 890
1 2015
1 1407
2 1617
1 1177
2 2019
1 1945
2 737
1 2194
2 603
2 1863
1 91
2 2082
2 1465
2 1178
1 1770
2 828
1 2029
1 1350
2 1191
1 639
2 918
1 1861
2 215
1 28
2 1750
1 728
1 1932
1 191
2 1429
2 1614
1 1935
2 2119
2 1144
1 1095
2 521
1 556
1 2280
1 994
1 152
1 2245
1 1773
2 1942
2 1058
2 384
2 1339
2 110
2 422
1 1276
1 1891
2 128
2 999
1 416
2 344
1 1734
2 729
2 216
2 1064
2 2061
2 1868
2 683
1 1604
2 1307
2 1034
1 1821
1 666
2 92
2 969
1 914
1 200
1 1008
1 966
1 318
2 1964
1 1939
2 695
1 2100
1 1422
1 571
1 2219
2 1165
1 810
1 1763
2 45
1 1849
2 10
2 736
2 895
1 2224
2 77
1 802
2 1138
2 843
1 945
2 319
1 1053
1 479
1 570
2 1645
2 877
2 2115
2 902
2 1801
2 644
2 2017
1 551
1 1491
2 909
2 1001
1 1135
2 2144
1 35
1 87
1 242
1 1464
1 1762
1 2
2 561
2 1824
2 547
2 395
2 132
1 628
1 2017
2 1293
2 1289
1 2286
1 683
1 359
2 1767
2 1280
2 1073
2 811
1 1927
2 1750
2 276
2 913
1 1242
2 1356
1 962
1 614
1 1859
1 1399
2 1225
2 607
2 268
1 1549
2 1469
1 1784
1 1176
2 638
2 1755
2 1169
1 1602
1 2138
2 1776
2 106
2 974
2 1131
1 563
1 131
1 80
2 2230
2 1278
2 1496
2 12
2 29
2 2214
2 114
1 259
1 856
2 1542
1 530
2 1994
2 1476
1 300
1 692
2 2012
1 2198
1 1290
1 1190
2 914
2 2273
2 2150
2 1965
1 766
1 1711
1 1315
1 2227
1 369
2 1402
1 1797
1 707
2 1577
2 103
2 1345
2 458
1 1746
1 954
2 1547
2 2133
2 615
2 629
1 2094
1 553
1 1789
1 1008
2 1668
1 302
2 1696
1 1702
2 1795
2 2110
1 858
2 542
1 1126
1 498
2 1751
1 1642
2 15
2 43
1 746
1 2045
1 2135
1 1511
2 1352
2 1095
2 525
2 1292
2 2000
2 1103
1 790
1 39
2 1855
1 1739
2 722
1 1658
1 493
1 1450
2 44
2 825
2 762
2 1884
2 983
2 2103
2 1455
1 915
2 784
2 1669
2 1074
2 1378
2 744
2 1146
1 1340
1 2244
1 612
1 1338
2 594
1 1204
2 2250
2 1836
1 198
2 2048
1 531
1 314
2 398
1 653
1 794
2 1134
2 978
1 2144
2 1335
2 601
1 732
2 1753
1 504
1 1641
2 1412
1 1629
1 427
1 449
1 47
1 302
2 197
1 287
1 1752
2 1083
1 1753
2 2197
2 114
1 1361
2 1602
2 2296
1 1353
1 2087
2 1072
2 2011
2 1759
2 47
1 1392
1 1478
2 2127
2 155
1 743
2 2228
1 1277
1 595
2 1961
2 785
2 1178
2 352
2 1984
2 739
1 32
2 163
2 1351
2 1595
2 62
2 271
2 99
1 1436
2 1349
2 31
1 168
2 2011
1 24
2 2122
1 1435
1 844
2 1875
1 226
2 1452
2 1160
2 2039
2 1384
1 2187
2 1447
1 879
1 1961
1 535
1 166
2 435
2 1720
1 1323
1 1381
1 2257
1 2154
2 1112
2 746
1 961
2 228
1 2068
2 1714
1 838
2 1322
2 1510
2 524
2 1765
2 1148
1 967
1 185
1 1147
2 190
1 1369
1 326
1 1639
1 619
1 1357
2 422
2 1160
2 1355
1 289
2 292
2 2076
2 621
2 1482
2 1247
2 1305
1 241
1 2246
2 1405
1 188
1 1891
1 2201
2 1988
1 2058
1 1766
2 753
1 1886
1 1775
1 487
1 467
1 2079
2 1861
2 365
2 2219
2 2107
1 948
2 23
2 1777
1 2059
1 69
2 346
2 544
2 859
1 1343
2 325
2 1013
2 2032
1 1077
1 1433
1 123
1 46
2 1522
2 1292
1 1043
1 436
1 1745
1 1026
2 1166
2 2083
1 445
2 193
1 162
1 930
1 99
2 1391
1 2001
1 1569
1 2241
2 1191
1 1399
1 76
2 1871
1 418
1 1731
1 52
1 2103
2 684
1 760
2 1814
1 2084
1 1346
1 2212
2 1902
2 2160
2 1271
2 1484
1 1963
2 479
2 662
2 1822
1 1187
1 1091
2 1318
1 1829
2 731
2 507
1 510
2 26
2 1457
1 754
2 1860
1 1840
1 1010
2 1605
1 1740
2 996
1 581
2 1281
1 2234
2 1367
2 1167
1 267
2 1421
2 1835
2 1990
1 2075
1 1642
2 1417
1 294
2 1840
1 1516
1 1518
2 351
1 444
1 896
1 129
1 218
1 696
2 1921
2 1680
2 2033
1 1660
2 248
1 1285
1 490
1 2025
1 1176
2 1418
2 2063
1 2148
2 358
2 663
1 1742
1 71
2 742
2 1170
2 1673
1 1096
1 1797
1 549
2 196
1 1678
2 1117
1 1999
1 614
1 1619
1 1530
2 2272
1 797
1 597
1 2056
1 694
2 575
1 2065
1 444
1 1571
1 493
1 508
2 1400
2 257
2 1648
2 2130
1 1403
1 733
2 1913
2 1653
2 1452
2 689
1 2037
1 1874
2 1851
2 2096
2 66
1 1594
2 1296
1 1911
1 1209
1 42
2 1825
1 1605
1 1721
1 1168
1 33
1 1017
1 186
2 897
2 2089
2 2095
1 2220
2 447
1 616
2 864
1 1506
1 466
1 1438
2 528
1 672
1 453
1 155
1 1226
1 469
2 1950
1 788
1 761
1 286
1 624
2 1263
1 1214
1 2261
2 129
1 1946
1 684
2 2129
1 1711
2 144
2 804
2 1756
2 1030
2 681
1 831
1 1080
2 2165
1 109
2 1157
1 876
1 2062
1 1920
1 143
1 491
2 1533
1 207
2 1477
1 1594
1 1803
2 840
2 274
1 41
2 867
2 93
2 243
1 1741
1 15
2 1706
1 917
1 2206
2 1802
2 1509
1 115
2 1773
1 690
2 495
2 84
2 1151
2 918
2 1740
2 133
2 127
1 1520
2 1316
1 1533
2 2277
1 1734
1 1879
2 1275
2 1687
1 647
1 433
1 1261
2 1164
1 34
1 1772
1 1962
1 351
1 513
1 513
2 1239
1 1537
1 44
2 1329
2 1699
2 650
2 1155
2 329
1 968
1 1524
1 1431
2 908
2 381
2 1254
1 2125
2 1407
1 923
1 1502
1 2139
1 1719
1 1035
1 100
1 1081
1 1050
1 1627
2 646
2 1088
1 2112
2 1002
1 1066
2 1743
2 706
1 1412
1 652
1 726
2 1206
1 311
1 1519
1 1183
2 68
1 1294
1 1029
2 1579
2 1099
1 1715
1 1055
2 2147
2 1395
1 1234
2 1111
2 1607
1 1171
2 1517
2 1383
1 1286
2 2174
2 2155
2 2208
1 1716
2 1596
1 1532
1 338
1 348
1 573
2 1580
2 634
1 1189
2 515
2 2146
1 2083
1 248
1 2111
2 1764
1 1300
1 1302
2 1749
1 340
2 1266
2 146
1 33
2 1071
2 618
1 1800
1 1563
2 519
1 1014
2 1556
1 1968
2 363
2 377
1 959
2 1649
2 786
2 1870
2 529
1 2167
1 1504
1 542
2 1661
1 1897
1 332
2 240
2 915
1 1411
2 2157
1 1489
1 974
2 1014
1 1379
1 1265
1 1408
2 1224
1 2213
1 380
2 363
2 537
1 320
1 1754
1 55
2 277
2 1092
2 884
2 1794
2 255
2 1686
1 990
2 1297
2 2111
2 1960
2 1456
1 1038
2 48
1 801
1 960
2 1795
1 2108
1 1102
2 504
1 1692
1 1732
1 1757
1 2143
1 2071
1 1069
2 1002
1 159
2 2273
2 1542
1 575
2 1940
2 1894
1 1126
2 1790
1 2196
1 1339
1 1097
1 1425
2 628
2 397
1 744
2 1116
1 1685
2 1427
1 362
2 2037
2 740
2 2188
1 1784
1 976
2 1562
2 52
2 1333
1 1247
1 821
1 1880
2 170
1 1171
2 353
1 376
1 605
2 712
1 1353
1 499
2 157
2 696
1 1656
1 2009
2 1131
2 2288
2 600
2 922
2 931
2 889
1 1368
1 115
2 2270
1 223
1 269
2 1482
1 270
1 2289
1 1917
1 84
2 1252
1 150
2 2283
2 111
1 1886
1 567
1 2284
2 2258
1 531
1 1871
2 2240
1 2022
1 1935
1 1898
2 2081
1 1203
1 1304
2 443
2 2150
2 801
2 2008
2 1999
2 518
1 1771
1 1737
1 1721
1 1703
2 37
2 763
1 851
1 599
2 1380
1 1445
2 1675
1 1989
1 83
1 107
2 921
2 2185
2 176
2 89
1 38
1 665
2 324
1 1204
2 555
2 1987
2 104
1 23
2 211
2 266
1 2004
2 1627
2 1265
1 1441
2 1377
2 1922
2 1313
2 595
2 869
1 1384
1 280
2 1390
1 2252
1 63
1 448
2 1636
2 1048
2 1716
1 2246
2 1875
1 1665
1 1808
2 312
2 1652
2 2217
1 293
1 2293
1 96
1 2251
2 481
2 1680
1 4
1 658
2 310
2 2285
1 1531
1 180
2 1674
2 8
2 80
2 1441
1 1156
2 551
1 2052
2 1234
2 704
2 414
2 1957
2 428
2 1036
1 198
1 269
1 775
2 651
2 1768
2 1609
1 1193
2 27
1 262
1 1817
2 1498
1 2275
1 307
2 664
2 2066
2 543
1 1944
1 290
1 1668
1 368
2 1369
2 730
2 631
1 142
2 1983
1 791
2 1503
1 1809
1 378
2 1027
2 1588
1 2292
2 1667
2 388
2 1104
1 674
1 1852
2 311
1 1443
2 2125
1 977
1 250
1 1465
1 2063
2 1601
2 2250
1 1993
1 985
1 1127
1 195
2 2182
2 942
1 1894
2 1662
1 280
2 1736
2 1855
1 1553
2 21
1 857
2 303
1 1597
2 1697
2 988
2 2265
1 2015
2 393
1 1904
1 2209
2 1839
2 1976
1 79
2 138
2 982
2 1477
1 682
2 260
1 962
2 1677
2 724
1 973
2 1780
1 953
1 580
2 1017
1 2237
2 1632
2 862
2 2054
2 1807
2 1636
1 2164
1 2099
1 265
1 1362
1 9
2 537
1 768
2 251
2 1350
2 1766
2 1769
2 392
1 2047
1 1275
1 1039
1 1426
2 1424
2 431
1 1925
2 831
2 900
2 2119
2 1729
1 1720
2 1228
2 1599
2 327
1 59
2 925
1 1243
2 501
1 846
2 2113
2 564
2 1279
2 465
2 1445
2 450
2 2147
1 789
1 249
1 342
1 1308
2 539
1 1284
2 78
1 142
2 1161
2 2102
1 2085
2 1501
1 1127
1 1287
1 555
2 262
2 1065
1 2007
1 589
2 758
1 1145
2 1611
1 35
1 1325
1 2003
2 1760
2 644
2 2002
1 477
1 386
1 864
2 950
2 1647
1 1228
2 1975
2 1796
1 2077
2 1967
2 1631
2 1136
1 1034
1 1508
1 1031
2 869
2 982
2 1109
2 933
1 971
2 1062
1 1128
2 1224
1 1568
2 1205
1 1094
2 1420
1 2180
2 581
2 1009
2 1941
2 1269
1 654
2 357
2 3
2 392
1 492
2 1717
1 1447
2 1494
2 344
2 539
2 472
1 1620
2 235
1 94
2 1018
2 1725
2 2024
1 335
2 1549
2 570
2 550
1 336
1 1122
1 2193
2 2287
1 1358
2 1252
2 153
1 1546
1 526
2 1983
1 1527
1 568
1 1183
1 1575
2 783
2 969
2 1702
2 347
2 476
1 1128
2 1726
2 2064
2 157
2 1083
2 782
2 1845
1 717
1 588
1 1960
2 735
2 871
2 927
2 2260
1 716
2 1809
2 1210
2 824
2 798
2 1966
2 1351
2 1918
1 1992
1 1380
1 1640
1 1694
1 1513
2 40
1 540
1 409
1 1622
1 1104
1 876
2 209
1 720
1 1435
1 27
1 419
1 57
1 568
1 1411
1 93
2 1439
2 779
2 1822
2 947
2 205
1 978
1 698
1 1005
2 1048
2 938
1 743
1 1574
1 2172
1 834
1 31
1 975
2 1747
2 703
2 1108
2 1437
2 777
2 2110
1 1506
2 125
1 131
2 314
2 98
1 1996
2 1593
1 847
2 182
2 1805
2 626
2 2012
1 813
2 1623
2 267
1 679
2 1951
2 686
2 1530
2 1901
2 1379
2 1695
2 1618
2 1348
1 1016
1 1859
1 1829
2 1982
2 1214
2 2097
2 125
2 2195
2 935
2 729
1 2235
1 420
1 212
2 1125
2 2117
2 1453
1 514
1 1257
2 1181
1 1583
1 1941
2 1745
1 86
1 627
2 1972
1 792
1 1003
1 1970
1 1078
1 1086
2 1123
2 1677
1 756
1 2192
2 910
2 1812
1 1248
1 1527
2 417
2 1222
1 112
2 916
1 532
1 1571
1 1149
1 1867
1 1762
1 1885
2 274
1 51
2 1250
2 549
2 1429
2 1471
2 427
2 136
2 404
1 1298
1 641
1 136
2 254
1 377
2 1652
1 161
2 1221
2 284
1 2046
2 817
1 832
1 2050
2 995
1 1004
2 2038
1 1709
2 1896
2 1893
1 265
1 1709
2 9
2 1788
2 623
2 470
2 965
1 656
1 2208
2 937
2 204
2 145
1 1032
1 1775
1 1215
2 1001
1 875
2 1892
1 452
1 1890
2 2140
1 1177
1 2184
1 901
1 1757
1 432
1 120
2 1981
2 116
1 621
1 768
1 650
1 208
2 1998
2 2040
1 950
2 724
2 1331
2 148
1 1319
1 758
2 1345
1 1133
1 552
1 1085
2 1588
2 296
2 552
1 1133
2 835
1 1804
2 1519
2 1113
2 2093
2 1423
1 1335
1 2091
1 1010
2 315
1 842
1 1347
1 2112
1 2297
2 2104
2 591
1 423
2 1033
1 1227
2 2274
2 1019
1 373
2 2269
1 1137
1 1730
2 1783
1 245
2 1565
2 1909
1 527
2 1348
2 767
1 1190
1 1656
2 1101
2 1460
2 2252
2 814
1 371
1 118
1 1852
1 585
2 2060
1 1994
1 2176
2 508
1 1277
1 397
2 1134
1 1403
1 294
2 2153
1 604
1 2280
1 1561
2 584
2 935
1 996
2 181
2 1305
1 1761
2 663
2 968
2 2224
1 1662
2 2173
2 2008
1 273
1 2098
2 1876
2 1458
1 747
1 1512
2 22
1 924
1 2149
1 756
2 1233
2 1681
2 1915
2 687
1 1057
2 475
1 456
1 1992
2 1089
2 1169
2 178
2 697
2 2069
2 1628
1 797
2 1051
1 2179
2 2036
1 1085
1 1372
1 1314
1 312
2 1562
1 285
2 1236
2 2256
1 656
1 146
2 1811
1 438
2 1540
1 226
2 1925
2 1697
2 134
2 2267
2 957
1 1837
2 1970
1 1541
2 1
1 956
2 1726
2 577
2 2271
2 375
2 1713
1 1360
2 1337
1 2043
1 1845
1 1264
1 981
1 2090
2 454
1 1140
1 401
1 821
1 517
1 1977
1 1418
2 485
1 1110
2 1346
1 658
1 643
2 2229
1 565
1 1704
1 734
2 580
1 1334
2 1470
2 1123
2 1288
2 822
1 2041
2 332
2 2186
2 2295
1 1
2 1794
1 1245
2 2082
1 1449
2 121
2 382
2 1503
1 2218
1 2257
2 703
2 1432
1 1825
1 184
1 1156
1 2018
2 2102
1 1263
1 2269
1 1659
2 124
1 1019
1 2013
1 1671
1 889
2 1143
2 447
1 741
2 1767
1 576
2 910
2 283
2 1043
2 451
2 309
1 1587
2 1779
1 3
1 186
1 1910
2 1650
2 1818
2 901
1 1828
1 173
2 464
1 932
1 882
2 2178
1 1223
1 1044
1 886
2 1466
1 278
2 1751
1 778
1 1995
2 401
2 2078
1 2085
2 2165
2 1710
1 1758
2 1211
1 137
1 1791
1 1864
2 619
2 1658
2 2002
2 494
2 1291
1 58
1 391
2 1727
1 440
1 882
1 2078
1 593
2 362
2 1651
1 685
1 751
1 1979
1 1181
2 2247
1 1881
2 592
1 660
1 1199
1 588
1 805
2 1426
2 501
2 1342
1 2106
2 2167
2 1209
2 1092
1 229
2 1578
2 861
2 497
2 2295
1 1086
1 2073
2 655
2 613
1 434
1 635
2 2221
2 1401
2 1121
1 1495
1 1473
1 2106
1 2124
2 1385
2 2297
2 194
1 232
1 796
1 195
1 227
2 1838
1 835
2 140
2 636
1 667
1 1897
2 95
1 626
2 484
1 138
2 1985
1 2041
1 2134
2 1054
1 2266
1 2203
2 1675
1 1015
2 365
2 770
1 1375
1 598
2 1612
1 1004
1 798
2 602
2 690
1 748
2 366
1 189
2 541
2 630
1 1347
1 2128
2 1926
1 1779
2 1813
2 2006
2 947
2 1896
2 1769
2 1617
2 823
1 585
1 1434
1 2193
2 388
1 1526
2 310
2 1905
1 482
1 1708
2 843
1 1937
2 2278
1 1011
2 755
1 1102
1 1880
1 212
2 770
1 2029
2 547
2 1202
2 2146
1 471
1 1245
2 26
1 737
2 2116
2 2256
1 1404
2 908
1 1162
1 1792
1 171
1 2070
1 2188
1 2072
2 1105
1 492
2 221
1 1028
2 2154
1 452
2 402
2 7
1 1454
2 1493
2 108
1 2226
1 1616
2 1816
1 5
1 1569
1 384
1 2163
2 1733
1 60
1 1805
1 1835
1 1537
1 2164
1 1552
2 1499
2 1872
2 2212
2 523
2 1500
1 677
2 1515
2 109
1 1700
2 921
1 1579
2 763
1 495
1 124
2 1125
1 559
1 2276
2 991
2 1205
2 2091
1 926
2 1274
2 567
1 488
2 105
1 1595
1 1847
2 2158
1 1240
2 1079
1 2210
1 1856
1 241
2 2254
1 2153
2 1633
2 1589
2 2117
1 771
1 2109
1 183
1 1326
1 30
1 721
1 2276
1 903
1 1715
1 374
2 1585
2 243
1 261
2 1689
1 2067
1 1646
2 74
1 1630
1 2190
1 701
2 29
2 292
1 1358
2 1363
2 1198
2 697
2 11
1 861
2 899
1 258
1 1637
2 1050
2 214
2 1266
1 669
1 708
1 510
2 1615
1 1864
1 24
2 561
1 1977
1 1545
1 106
2 1298
1 1259
2 705
1 1333
1 1787
2 376
1 1862
2 791
1 1376
2 2084
1 681
1 2080
2 1273
1 1232
1 659
2 1179
2 740
1 1514
2 1174
1 783
2 503
2 2222
2 1303
2 1933
2 161
2 569
2 1108
2 1212
1 1360
2 618
2 1758
1 1299
1 1732
1 1770
2 2022
