4600 3000
2 1921
1 2115
2 723
1 1502
2 941
1 2288
1 1739
1 1667
1 1865
2 2133
2 2107
1 2117
1 1142
1 627
1 914
1 847
1 1760
2 1676
2 624
2 959
2 2105
2 1861
2 788
1 1095
2 1028
1 2132
1 808
1 1147
1 1613
1 757
2 1339
2 26
1 1017
2 11
2 2060
2 1075
1 2202
1 1432
1 1086
1 1682
2 857
2 1779
2 1209
1 1722
2 1074
1 2265
1 1478
2 1558
1 2237
2 1124
1 2194
1 1008
1 1585
2 6
2 2167
1 852
1 1925
2 1548
1 2223
2 1884
2 1238
2 266
1 1680
2 227
2 660
1 962
1 1225
2 1877
2 675
2 2036
2 2124
1 482
1 1746
2 1203
1 2034
1 1038
1 22
1 1064
1 478
1 533
2 49
1 40
2 390
1 477
1 899
2 1309
1 1300
1 2217
2 1574
2 979
2 2113
1 1544
2 854
1 1818
1 1635
2 1404
2 1781
2 1724
1 138
1 2232
1 155
1 92
2 12
1 1396
2 823
2 828
1 1886
2 1845
1 759
2 1054
1 1864
1 1611
2 1043
1 1064
1 1837
1 1211
1 1160
1 806
2 497
1 1083
2 600
2 356
2 2125
1 1066
1 1707
2 330
1 409
2 2004
1 549
2 916
1 604
2 1414
2 1708
1 2087
2 2191
1 581
1 1470
1 1027
2 147
1 1307
1 1875
1 1791
2 1268
2 2130
1 967
2 1426
2 2137
2 744
2 771
1 960
2 1109
2 787
1 2112
1 2050
1 406
1 2214
2 1602
2 1757
2 1287
2 1473
1 1357
2 240
1 209
2 1248
2 453
1 1721
1 2286
2 128
1 450
1 1792
1 86
1 1205
2 1074
2 484
2 905
2 2198
2 688
1 102
2 60
2 292
2 1179
2 377
2 2177
2 2144
2 2205
1 1522
1 1810
1 1564
1 2077
2 824
2 1784
1 917
2 1963
2 83
1 1437
2 195
1 39
2 2271
1 501
2 1902
1 1758
2 576
1 1476
1 2139
1 872
2 1505
2 87
2 1304
2 719
2 1294
2 599
2 998
1 401
1 1717
1 1566
2 394
2 1617
2 892
1 2044
2 1970
1 774
1 325
2 1840
1 1756
2 428
1 2289
1 1964
1 192
1 731
2 1482
2 1495
2 812
1 907
1 1712
1 661
2 1765
1 1097
2 1219
1 228
1 595
2 1722
1 180
1 1898
2 2015
1 268
1 1711
2 1878
1 1019
2 1272
2 929
1 520
1 475
1 1046
1 74
2 867
1 1009
1 589
2 2221
1 2032
1 1176
2 2181
2 741
2 504
1 2196
2 211
2 1158
2 249
1 1013
2 580
2 1634
2 826
1 813
2 822
2 1763
1 1754
1 1735
1 2229
1 1826
2 203
2 1264
1 2127
1 380
2 1050
2 2199
1 534
1 207
2 2282
1 1718
2 1279
1 461
2 896
1 243
1 1761
2 1456
2 910
2 435
1 628
2 770
2 2081
1 2276
1 1233
2 1758
1 623
1 93
2 85
2 1098
1 273
1 584
1 1047
2 1249
2 1184
1 1637
2 922
2 1565
1 1913
1 125
2 1062
1 76
2 497
2 2266
2 1101
2 1021
1 1542
1 1197
1 1182
1 2027
2 1480
2 999
1 1395
2 1280
1 1808
2 1728
1 596
2 922
2 806
2 1308
1 2241
1 1469
1 1574
2 1507
1 67
1 307
2 2153
1 1049
2 622
2 1130
1 1376
1 1803
2 1688
2 540
2 1831
2 1186
2 895
1 661
1 2000
1 2087
2 920
1 587
1 849
2 1508
1 334
2 1860
2 858
1 1232
1 1270
2 1028
1 160
2 1842
2 796
2 1340
1 1429
1 2211
1 1983
1 1538
2 21
2 680
2 1744
1 397
1 1403
2 1753
2 832
2 1925
1 435
2 1531
2 2226
1 1218
1 607
1 708
2 151
1 2082
2 1592
2 884
2 1583
2 1069
2 1352
1 69
1 1871
1 77
2 31
1 636
2 1162
2 951
2 1890
2 845
1 32
1 243
1 36
2 1660
2 684
1 1861
1 679
1 551
1 569
1 986
1 657
2 1015
2 1726
1 1829
1 761
2 945
1 2140
2 916
1 632
2 373
2 180
1 1314
2 1581
2 2221
1 1153
2 1811
2 2084
1 1530
2 587
1 1164
2 2299
1 1385
1 956
1 968
1 257
1 1035
1 2002
1 803
1 1427
1 100
2 1416
1 167
2 2121
2 1023
1 517
2 1178
2 1984
1 421
1 1437
1 2109
2 121
2 1470
1 589
1 2091
2 2094
2 1451
1 679
1 898
2 586
2 1431
1 535
2 1392
2 499
1 1067
2 1817
1 2196
1 869
1 534
2 1183
2 158
1 1988
2 1423
1 103
1 248
2 122
1 1944
2 74
1 1859
1 653
1 673
1 206
2 2272
1 2092
2 1704
2 1061
2 1716
1 1410
1 1858
2 865
1 1421
2 1489
1 1768
1 1657
2 547
2 2096
2 439
2 42
1 586
2 1552
2 996
1 1868
1 1227
1 322
1 1952
2 1234
1 591
1 1675
2 1855
1 114
1 1083
1 1863
2 1681
2 1927
1 727
1 1397
1 543
2 2171
1 1312
2 1678
2 1003
1 2283
2 1326
2 606
1 1486
1 1971
2 238
1 466
2 1493
2 338
1 934
2 2211
1 305
2 1656
2 1824
2 719
2 1394
2 766
2 1549
1 1217
1 1033
1 31
2 1916
1 857
1 2017
2 1658
2 363
2 1541
2 376
1 134
1 1504
1 1031
2 515
1 430
1 1819
2 1964
2 776
1 315
1 768
2 1674
1 1981
2 1949
2 791
1 881
1 1730
2 525
1 1165
1 2173
1 2059
2 192
2 460
1 812
1 296
2 1500
1 1923
1 256
2 874
1 101
1 1534
1 990
1 196
1 655
2 405
1 1091
1 388
1 1982
2 2178
1 2067
1 843
1 705
2 834
2 786
1 402
2 429
1 1546
2 2222
1 182
1 1683
2 297
1 1983
2 1845
1 2231
2 2138
2 1873
2 110
1 790
1 673
1 2279
1 2056
1 67
2 1187
1 1647
2 398
1 1082
1 982
1 262
1 111
1 602
2 1742
2 1336
1 1943
2 2284
2 1751
2 19
2 444
1 2041
2 2015
2 1499
1 1440
1 1920
1 159
2 255
2 1338
1 1363
2 648
1 2272
2 183
2 1901
1 667
1 2254
1 561
2 798
1 2010
2 1930
1 1127
1 1816
2 1125
1 457
2 1947
1 84
1 290
2 1371
2 732
2 749
1 1372
2 111
1 1319
1 295
2 616
1 1604
1 442
2 170
2 1059
2 1995
1 1062
1 1801
1 799
2 2285
2 880
2 506
1 1811
1 809
2 1303
1 888
2 274
1 590
2 790
1 893
2 2080
1 2180
2 1334
2 267
2 304
1 635
2 2201
1 1021
2 1709
2 1869
2 606
1 282
2 106
1 1258
1 1070
2 2075
2 311
2 378
1 975
1 2226
1 1097
2 1120
1 844
1 2166
1 629
2 615
2 1216
2 801
2 1976
2 319
2 776
2 520
2 1625
2 1677
1 443
2 1641
2 1335
2 332
1 1999
1 1545
2 1803
2 2078
2 362
2 1863
1 1969
1 1419
1 2267
2 2264
2 807
2 2011
1 148
2 1270
2 2033
1 1824
2 1141
1 784
1 740
2 973
2 1264
1 231
2 1424
2 1476
2 1946
1 1637
1 1960
2 1907
1 499
2 2269
2 2224
2 294
2 967
2 78
1 1266
2 2100
2 2149
2 1331
1 531
1 1236
2 203
2 1701
1 2
2 344
1 5
1 71
2 753
2 1774
2 141
1 2188
2 805
2 227
2 1117
1 2173
2 1864
1 1657
1 483
2 2296
1 1139
1 12
2 825
2 1980
1 1441
1 2245
2 302
2 764
2 2066
1 1110
1 503
2 44
2 1538
1 701
1 375
2 1609
1 53
1 924
1 2065
2 971
2 2134
1 2120
1 399
1 2144
1 826
1 2152
2 94
1 750
2 957
1 196
1 1257
1 574
2 122
2 1251
2 1407
1 1341
2 678
2 190
2 1140
1 1190
2 566
2 63
1 1766
1 469
2 2206
2 863
2 1812
1 2195
1 1285
2 717
2 110
1 223
1 1655
1 1769
2 713
2 1174
2 1285
1 1374
1 1227
1 1912
2 1258
2 453
1 1438
1 1854
2 1034
1 1616
2 96
1 1383
2 1350
1 1282
2 2213
2 1057
2 1503
1 490
2 2143
2 1610
2 977
2 1720
1 132
1 1553
2 1633
2 90
1 495
2 810
1 897
2 1639
1 2166
1 1056
1 707
1 1927
2 95
2 1902
2 433
1 1967
1 232
2 992
2 208
2 557
2 533
2 2114
1 44
1 1646
1 136
1 794
2 448
1 1494
1 755
1 1256
1 1754
1 1365
1 1965
2 1131
1 1693
1 1810
1 1391
2 856
1 665
2 2244
1 231
2 109
2 161
1 1201
2 1687
2 293
1 775
2 1053
2 733
2 1669
1 1474
1 567
1 355
2 788
2 653
1 254
2 2213
2 559
2 899
2 1653
2 1423
1 1118
1 972
1 20
1 2192
1 9
2 118
2 415
1 1237
1 1142
1 1073
1 1364
1 421
1 1226
2 516
2 895
2 340
1 644
1 1763
2 2042
1 241
2 905
2 484
1 767
2 1718
2 158
1 123
1 213
1 1979
2 1756
2 2102
2 1775
2 2263
2 2268
1 1519
2 551
2 449
2 859
1 1430
2 2181
1 480
1 2130
2 308
2 1635
1 2158
2 722
2 1438
2 1911
1 2172
1 1274
1 315
2 79
1 897
2 108
2 935
2 627
2 739
2 187
1 633
2 164
1 95
1 1
1 1629
1 251
2 726
2 1752
2 1885
1 1822
1 458
2 2143
1 969
2 140
1 2013
1 200
2 258
1 1991
2 1642
1 436
1 97
1 1539
1 1316
1 298
1 2041
2 1024
2 604
1 865
1 657
2 1413
2 943
2 2021
2 1172
1 1401
2 877
2 2135
2 471
2 1370
1 644
2 1659
1 185
2 1713
1 513
2 2091
1 1659
1 1169
2 885
1 1720
2 704
1 1019
1 252
1 2175
2 416
1 2069
1 2189
1 1501
2 361
2 966
2 1759
2 1126
1 690
2 2055
2 38
1 1868
1 1100
1 163
2 1409
2 2242
2 1782
1 724
1 2191
2 350
1 1533
2 1115
2 1399
1 1747
2 1961
2 1187
1 797
1 1842
2 1496
1 1928
2 1630
2 929
1 2238
1 1650
2 1362
1 1847
2 2161
2 505
1 2154
2 269
1 860
2 1642
1 1111
2 222
1 1426
1 1263
1 1915
1 2127
1 75
2 1619
2 1975
2 1116
2 184
1 374
1 1376
2 244
2 1244
1 1068
2 1462
1 886
2 850
2 465
1 2007
1 416
1 1908
2 645
1 946
1 1909
2 1716
2 1136
1 638
1 1494
1 848
2 601
2 2125
1 205
1 947
1 356
2 2292
1 529
2 1176
1 1733
2 1979
1 1333
1 14
1 1468
2 1159
1 848
1 687
2 1686
1 321
2 1517
1 230
2 2190
1 1382
2 1029
1 237
2 1836
2 1454
2 852
1 216
2 1935
2 275
2 346
2 2277
2 1137
1 634
2 10
2 1790
1 1521
1 125
2 1377
2 545
2 753
1 1085
2 1550
1 57
2 1167
2 1797
2 2259
2 1193
1 2017
1 933
2 1318
1 419
1 725
1 528
2 694
1 1445
2 734
1 1955
1 1052
1 2258
1 600
2 419
2 603
2 1487
2 45
2 1253
2 1503
2 239
1 1586
2 508
1 2189
1 269
2 1342
2 186
2 866
2 782
2 1276
2 2298
1 1244
1 727
2 1242
2 343
2 1117
1 987
2 1830
1 1240
2 15
2 789
1 2276
2 1773
2 14
1 660
2 772
1 1322
2 324
2 2057
2 1037
1 1161
2 901
1 1203
2 1887
2 1469
1 244
1 1762
2 1802
1 134
2 875
2 127
1 457
2 885
2 2233
2 820
2 920
1 870
2 1569
1 2036
2 1777
2 1688
1 541
1 507
1 235
2 1452
1 1856
2 808
1 1096
1 2182
1 575
1 10
2 404
1 887
1 567
2 239
2 1272
2 1324
1 378
2 1669
1 1933
2 2273
2 91
1 56
1 590
2 1178
2 1733
2 382
1 1378
2 780
2 1359
1 2043
2 1299
2 1006
2 2049
2 1413
1 491
1 708
1 454
1 1579
1 712
1 1497
1 930
2 840
1 763
2 1138
1 2100
2 758
2 1366
2 2141
2 925
2 1275
1 2020
1 1455
2 430
1 921
1 1740
2 5
1 1504
1 215
1 256
1 2063
2 2241
1 441
1 1849
2 1236
2 1994
2 2260
2 903
2 1665
1 1127
1 309
1 1183
2 1837
2 318
1 1138
2 937
1 2262
2 317
1 1879
1 193
1 1008
2 1736
2 1277
2 1233
1 1891
2 838
1 1197
1 935
1 2072
1 348
2 632
1 811
2 259
2 1441
2 1673
1 1701
2 1726
1 1306
1 34
1 2224
2 668
2 1171
2 99
1 198
1 78
2 1617
2 1900
2 194
1 893
2 858
2 614
1 222
2 883
2 2285
1 479
1 565
2 1739
1 323
1 1224
2 124
2 1072
1 1752
1 354
2 1375
2 389
1 197
2 1950
1 255
2 1048
1 522
1 1907
1 2020
2 1702
1 2085
2 327
1 1934
2 2257
1 289
2 1929
2 1884
1 322
1 403
2 1433
2 204
2 1387
1 1587
2 2044
2 99
1 819
1 1560
2 413
2 287
2 1939
2 1819
1 886
1 2172
2 119
1 2106
2 367
2 1337
1 1296
2 1108
2 980
2 1603
2 1956
1 658
2 854
2 1251
2 1993
1 997
1 2223
1 1339
1 1980
1 1177
1 489
2 61
1 1706
2 412
1 862
1 37
2 1598
2 1759
2 1715
1 321
2 697
2 1594
2 388
2 1876
2 54
1 1265
2 1479
2 303
1 1039
2 2122
2 1852
2 759
2 1914
1 1552
2 142
1 349
1 195
1 191
2 109
2 1444
2 267
1 2205
1 2249
2 1555
1 1480
1 424
1 1433
2 1060
1 1063
2 2216
1 1128
2 1181
1 786
2 1760
1 339
2 1411
2 427
1 1152
2 414
2 494
1 1412
2 913
2 818
1 73
1 1580
1 827
2 434
2 1179
1 2122
1 2028
1 1809
1 2101
2 1408
1 1853
2 1262
1 1320
2 1747
1 1910
2 1795
1 1957
2 1793
1 746
2 573
1 1402
2 62
1 1170
1 1989
2 1707
1 553
1 1973
1 326
1 299
2 1175
2 1243
1 1970
2 1496
1 932
1 1395
2 364
1 2234
2 2162
2 1439
1 2059
2 2129
1 52
2 2217
1 1546
2 313
1 1374
1 1222
2 1035
1 538
1 1978
1 432
2 1330
2 328
2 1814
2 1238
2 1920
1 605
1 263
2 11
2 2246
2 2246
2 1590
2 438
1 941
2 641
1 178
2 1302
2 1029
2 1871
2 2079
1 1591
2 1615
1 1088
1 2126
2 1727
2 1250
1 1221
1 747
1 1838
1 1566
1 1738
2 1001
2 1380
1 1952
2 813
1 1498
2 325
2 1311
1 1398
2 380
2 526
2 1457
2 436
1 1215
1 2066
2 519
2 1787
2 2199
2 2124
2 994
2 1040
2 965
1 1447
1 961
2 721
2 500
2 2260
2 666
2 716
2 1717
1 1143
2 1057
1 1945
2 969
2 1557
2 1621
1 511
2 1541
2 1877
1 1528
2 734
1 1321
2 815
2 1664
2 2293
2 913
1 263
2 752
1 821
1 2253
2 901
1 2230
2 275
2 1167
1 891
1 1078
1 2065
2 1094
1 1401
2 1606
1 556
1 30
2 1411
2 157
2 1150
2 647
2 1459
1 918
1 2114
1 2071
2 2039
1 2103
1 955
1 1452
1 751
1 2123
1 620
2 1850
2 2139
1 347
1 642
1 1692
1 1623
1 1259
2 143
1 1366
2 1186
1 1611
2 1114
1 1785
1 2174
2 214
2 1551
1 115
1 2298
1 487
2 1607
1 995
2 2097
2 933
1 1451
1 208
2 970
2 28
1 1287
2 1587
2 412
1 1172
2 476
2 1809
2 2252
2 1801
2 1199
2 864
1 2274
2 1874
1 664
1 1368
2 1533
2 1889
1 151
1 2286
1 59
2 2177
1 1148
1 60
2 366
1 1448
2 1080
1 207
1 2227
2 1431
1 2005
2 234
1 1139
1 2165
2 677
1 1488
1 1941
2 224
2 1106
1 2249
2 1719
2 2136
2 761
1 889
1 2204
1 2169
1 987
2 1710
1 148
1 441
2 613
1 1269
2 651
1 1055
2 652
1 1107
1 217
1 1344
2 414
2 1298
1 1843
1 2160
2 112
1 246
1 1442
1 1010
1 1422
2 2025
1 1477
1 305
1 1655
1 2170
1 1567
2 747
1 610
1 1495
1 1767
2 1422
2 1098
2 1940
2 1799
1 1689
2 2070
1 1399
2 2126
1 796
1 1986
1 1796
2 115
2 1577
1 345
1 168
2 1830
2 778
1 833
2 1741
1 320
1 665
1 882
1 874
2 299
2 129
1 277
2 950
1 1643
1 1572
1 1491
1 1700
2 1409
1 474
1 953
2 1326
2 303
1 1137
1 1644
1 1283
1 570
1 226
2 1337
2 558
2 1120
1 1099
1 1116
1 1745
2 936
1 603
1 1691
1 729
1 1526
2 2128
1 994
1 2
2 1286
1 696
1 1349
1 1825
2 952
1 410
1 374
2 2147
2 919
2 1092
1 179
1 2131
1 1888
1 1055
1 292
2 410
1 983
1 146
2 1516
1 743
1 789
2 2275
2 829
2 1878
1 145
1 917
1 2063
1 1182
2 1645
1 618
1 720
1 1618
1 1185
2 993
1 574
1 491
1 680
1 1076
1 223
1 2270
1 605
1 781
1 1154
2 1473
2 850
1 989
2 1771
2 1014
2 270
1 1693
1 951
2 308
1 506
2 1114
1 486
1 1435
1 190
2 298
2 1212
1 40
1 237
1 2281
1 293
1 121
1 871
1 846
2 1514
1 1420
1 942
1 2082
2 291
2 1638
2 102
1 1093
1 785
1 1301
1 1340
1 1958
1 1804
1 1185
2 1729
2 2197
2 1073
2 1302
1 156
1 1668
1 702
1 375
1 1745
2 324
1 1633
2 432
1 1283
1 510
1 2152
1 444
1 588
2 232
2 1278
1 1614
1 345
1 849
2 1151
1 172
2 1882
2 1122
2 1497
2 1069
2 81
1 2174
1 1764
1 77
2 1163
2 1820
2 136
1 1606
2 519
1 1229
2 1453
2 1821
2 1206
1 392
1 1646
2 2222
1 1511
2 630
1 370
1 745
1 1194
1 1000
2 683
2 492
2 6
2 45
1 2244
2 55
2 41
2 1668
2 289
1 835
1 141
2 1879
2 447
2 985
1 25
2 524
1 2038
2 1154
2 22
1 1977
2 1146
2 1017
2 1033
1 1414
1 1834
1 335
2 214
2 297
1 429
2 18
2 1600
2 1058
1 838
1 1658
2 245
1 420
1 875
2 1525
1 471
1 1641
1 979
2 288
1 1060
1 1225
2 1058
2 1844
1 1962
1 1595
2 904
2 1173
2 1568
1 944
2 1500
1 1554
2 202
2 43
2 1435
2 1463
1 1250
2 1145
2 2210
1 369
2 1662
2 568
2 1917
2 1751
1 1191
2 1665
1 1277
1 248
2 978
1 1175
1 1771
1 317
2 473
1 1189
1 538
2 1896
2 189
1 928
2 1697
2 2235
2 2118
2 1937
2 532
2 1765
2 641
2 2009
2 1103
2 2110
1 82
1 2029
2 842
1 1135
2 2159
2 1298
2 1804
2 2113
1 30
1 1198
2 656
1 179
2 445
2 546
2 1891
1 1598
2 1835
1 1196
1 1077
2 1664
1 1373
1 1710
2 1893
2 2099
2 1147
2 713
1 793
1 2146
1 1081
1 2219
1 798
2 2300
1 615
1 742
1 268
1 1862
1 260
2 1620
2 235
1 726
1 2058
1 476
2 668
2 894
2 1026
2 2160
2 362
2 923
1 1853
1 204
1 2018
1 1449
1 1576
2 553
2 1261
1 1022
2 1680
1 1338
2 1841
2 1093
1 544
1 908
1 1767
1 1705
1 801
2 1565
2 949
2 55
1 1284
2 1971
1 1219
1 1654
1 1393
1 2075
2 217
1 220
2 1080
1 2156
1 68
2 1144
1 2263
2 1081
1 90
2 2227
1 1743
2 338
2 507
2 712
1 2090
1 861
1 577
2 597
2 2001
1 188
1 2163
2 1625
2 2245
2 831
2 2215
1 32
1 1291
1 154
2 1420
2 418
1 1954
1 2240
2 1024
1 201
1 571
1 504
2 1084
2 135
1 2247
1 1461
2 1000
2 621
1 565
2 177
2 318
2 1163
2 811
1 652
2 472
2 1513
2 688
2 1043
1 142
1 120
2 1318
1 1762
1 104
1 1044
1 1416
2 2218
1 1781
1 1956
2 1938
1 467
2 116
2 51
2 1848
1 1123
1 1168
2 2026
2 1723
2 295
1 39
2 1578
1 927
1 1396
1 488
1 873
2 1631
1 2069
2 2164
1 784
2 1709
1 2040
2 469
1 773
1 71
1 1249
1 766
1 1911
2 554
2 1690
2 373
2 1471
2 1357
1 1584
1 525
2 1589
2 140
1 1296
1 1919
2 2095
1 1362
1 2068
2 281
2 1798
1 2200
2 1612
1 1260
2 1442
2 2055
1 1171
1 1478
2 926
1 1485
1 1732
1 1547
1 288
2 1930
1 550
1 3
2 1436
1 1321
2 1650
1 156
2 582
1 1579
1 1895
2 1243
1 1027
1 391
2 681
1 2099
2 2148
1 1648
2 1121
1 2151
2 1512
2 108
2 2296
2 181
1 1486
2 971
1 1737
1 348
2 170
1 368
2 181
2 1313
1 1806
1 1207
2 1851
1 799
2 2138
2 138
2 1833
1 1632
1 128
1 91
2 601
1 34
2 253
2 1897
1 1082
1 1245
1 454
1 1789
1 301
1 1188
2 663
2 479
2 229
2 816
1 518
2 792
2 1537
1 463
1 931
1 2175
2 1004
1 500
2 1463
1 1555
1 1485
2 911
2 1696
2 512
2 847
1 353
2 671
2 1848
1 1519
2 563
1 1681
1 1353
2 1020
2 153
1 755
2 1477
2 909
1 1713
2 1772
2 327
2 1856
2 543
2 75
1 672
1 2076
1 1881
2 2056
2 147
2 425
1 82
1 1305
2 1440
2 183
2 285
1 161
2 1052
1 1346
1 1468
1 1892
2 350
2 1737
2 1515
1 1573
2 570
2 1474
1 357
1 1815
2 769
2 212
2 1102
2 116
2 815
1 1998
1 2287
2 1740
1 371
1 1938
1 1041
1 1267
1 1484
1 2203
1 1278
2 1517
2 26
2 1089
1 1195
2 420
2 710
1 844
1 1329
2 754
2 1152
2 54
2 172
1 1966
2 2209
1 2137
2 133
1 1800
2 1605
2 1510
1 2261
2 1212
2 176
2 1944
1 1201
1 2153
2 2013
2 2275
2 1045
2 795
2 1685
1 242
1 737
1 686
2 620
2 2147
2 501
1 1865
2 1177
1 1415
2 1794
2 1639
1 154
1 194
2 1418
1 1075
1 1649
1 265
2 634
1 1730
1 904
2 1311
2 254
2 1400
2 1575
1 1363
1 699
1 1078
1 1383
2 2171
1 704
1 1417
2 817
2 2061
1 165
1 2037
1 792
2 1703
2 693
1 802
2 853
1 676
1 1586
1 1537
1 483
1 1520
1 96
2 2248
2 841
1 894
1 1292
2 2258
1 178
1 381
1 2057
2 2085
1 1104
1 585
2 149
1 260
1 1955
2 2284
1 415
1 876
2 896
2 580
2 1524
1 939
1 1345
2 783
1 1126
2 2184
1 1
1 1455
2 562
2 2198
1 851
1 1880
1 1312
1 1786
2 2086
1 1866
2 2207
1 367
2 331
1 185
1 2003
2 1526
1 155
1 1041
1 2185
2 702
1 1988
1 547
2 1070
2 687
2 703
2 1628
1 1425
1 1559
2 621
1 2052
1 450
1 821
1 1107
2 1836
1 118
2 942
2 1332
1 1906
1 1230
2 1482
1 413
2 548
1 1839
1 443
2 1945
1 1932
2 624
2 1992
1 50
1 559
2 537
2 1079
1 2012
1 296
1 631
2 649
1 925
2 1492
1 1313
1 974
2 1563
2 480
2 1234
1 1415
1 1087
2 2047
1 381
2 1731
1 880
1 1909
1 966
2 1918
2 387
1 1381
2 1026
1 437
2 1671
2 536
2 1734
1 1929
1 330
1 1327
2 1631
2 294
2 301
1 1130
1 2190
1 1348
1 2062
1 1523
1 1247
1 1893
2 1714
2 765
1 2170
2 1798
1 211
1 556
2 1502
2 1365
1 1505
2 290
1 1527
2 2098
1 1727
2 2237
1 1328
1 173
2 1846
1 65
2 562
1 1510
1 2111
1 467
1 1601
2 1818
1 496
1 1543
2 2228
1 1628
2 1343
2 475
1 35
2 1932
2 1393
1 245
2 66
2 1369
1 2021
2 1106
2 406
2 236
2 2106
1 1958
1 1054
2 1292
1 28
2 182
1 1734
1 1344
1 1800
1 860
2 1128
1 462
2 662
1 840
2 1016
2 762
2 127
2 1300
1 960
2 398
2 1077
2 1375
1 258
2 1588
1 1427
1 205
1 18
2 53
1 1228
1 1428
2 1018
2 106
1 1465
1 1317
1 371
1 376
1 2290
1 2062
1 2006
1 15
1 1445
1 2259
1 2004
2 1984
2 659
1 417
1 662
2 393
1 1361
1 863
1 442
1 1354
1 1924
2 253
1 169
1 174
2 1228
1 541
2 2024
1 1499
1 1883
2 1921
2 1135
1 705
1 2280
2 706
1 962
1 451
1 2266
2 1532
2 314
2 528
1 1788
1 1407
1 578
1 703
1 1511
1 1753
2 1886
2 1675
2 2228
1 2003
1 1916
2 2158
2 285
2 1888
1 692
2 437
2 174
2 2029
1 1141
1 560
2 408
2 1112
2 343
2 300
1 447
1 1883
1 1145
1 1255
1 175
2 2102
2 1933
2 1890
2 892
1 709
2 1618
2 938
1 748
1 2054
2 675
2 991
1 1564
1 1556
1 1832
2 16
2 1314
2 1394
1 1252
1 1599
1 221
1 1780
1 521
2 748
2 622
2 236
1 219
1 2117
1 1341
1 498
1 1303
1 2133
1 515
2 21
1 760
2 655
1 1750
2 1793
2 2094
2 814
2 1262
1 1662
1 1744
1 1527
1 1271
1 1204
2 1472
2 97
2 1173
1 2045
2 137
2 213
1 972
2 1769
1 955
2 742
2 1515
2 944
2 1580
1 512
2 670
1 3
2 41
2 1684
2 715
2 2014
1 1123
1 976
2 1289
2 70
1 1667
1 1352
1 431
1 1036
1 1022
1 745
2 550
2 1996
1 1522
2 278
2 623
1 1975
1 1281
1 888
1 700
1 1855
2 27
2 614
1 215
2 1379
1 1454
2 646
1 778
1 804
1 1543
2 724
1 670
1 1917
1 2176
2 411
2 1686
1 625
1 336
2 37
1 1229
1 1704
1 1885
2 1792
1 595
2 1155
2 1210
2 1048
2 1624
1 1547
1 579
1 1682
2 2077
2 843
1 409
1 2290
2 2193
1 1603
2 1143
2 2086
1 2145
2 1226
2 2012
2 1873
1 2083
1 1202
2 1991
2 1315
2 560
2 1593
1 124
2 417
2 756
2 555
2 2176
2 1968
1 1471
1 38
2 1267
1 681
1 1273
2 1066
2 1766
1 2051
2 518
2 531
1 1032
1 683
2 1691
2 834
2 1091
2 1466
2 732
2 2232
1 1381
1 20
2 1072
2 1007
1 1974
1 902
2 1918
2 527
1 1794
2 957
1 61
1 1488
2 1839
2 1627
1 342
1 2104
1 938
1 1997
1 521
2 1651
2 2073
1 1466
2 2220
2 488
2 1905
2 1615
2 980
2 2210
1 1297
1 1951
2 572
2 407
1 667
2 545
1 400
2 1931
1 1044
2 1996
1 1509
2 934
2 1896
2 1805
1 638
2 2073
1 775
1 286
1 2128
1 1377
1 837
2 220
2 1562
1 2135
2 1994
1 879
2 1170
2 2234
1 2274
2 2120
1 1963
1 1160
2 152
2 2000
2 1053
2 2035
2 582
2 281
1 1904
2 691
2 678
1 346
1 502
2 240
2 396
1 927
1 592
1 828
2 1121
1 992
2 1291
1 131
1 685
2 2256
1 1157
2 730
1 918
2 1144
2 493
2 1998
2 2089
2 1405
2 1140
2 1131
1 1404
1 394
1 1367
1 1323
1 737
1 706
2 814
1 177
2 513
1 173
1 829
2 900
1 1289
1 35
1 1532
2 169
2 1493
1 1164
2 1257
2 671
1 167
1 832
2 2240
2 1430
2 1490
1 1235
2 1784
2 291
1 1712
1 1224
1 739
2 1588
2 2019
1 93
2 4
1 947
1 914
2 312
1 1604
1 1999
1 65
1 2255
2 1540
2 2262
2 2247
1 887
1 2136
2 736
2 2140
1 401
1 710
2 636
1 1679
1 1390
1 1770
2 1782
2 117
1 1721
2 79
1 697
2 426
1 1065
2 1881
1 902
2 996
1 973
2 1329
2 1780
2 884
1 1605
1 974
1 186
1 1692
2 461
2 228
2 2064
2 105
2 1367
2 585
2 1986
1 1757
2 771
1 33
1 1492
2 2048
1 1768
2 400
1 262
1 76
1 1678
2 1360
2 123
1 1443
1 1084
2 1847
1 1548
2 744
2 1213
2 730
2 1295
2 539
2 1391
2 126
1 1656
2 984
2 1612
1 1570
1 385
1 1215
2 2251
1 283
2 1386
2 2207
2 1239
1 1284
2 1501
2 1684
2 1993
2 2168
1 1535
1 1915
2 1578
2 130
2 1608
2 1576
1 130
2 777
1 1011
1 2084
1 1851
2 455
1 113
1 835
1 1071
1 2016
1 1489
2 175
1 2167
1 970
2 1484
1 1599
2 88
1 1450
1 1790
2 1936
1 1308
2 1487
1 92
1 1036
1 1957
2 1743
2 168
1 1908
1 2299
2 1403
2 2155
1 379
2 2162
1 403
2 202
1 1001
1 514
1 1843
1 197
1 446
1 509
1 1309
1 823
2 1063
2 224
1 13
2 1651
1 1835
1 1550
2 198
2 2092
2 1434
2 1265
2 956
2 524
1 404
1 800
1 1812
2 1982
1 1056
1 365
2 1894
1 1557
2 1464
2 695
2 1629
1 985
2 1465
2 384
2 569
2 583
2 1335
1 664
2 351
2 1023
1 1397
2 2009
2 1288
2 1905
2 2282
1 1695
2 1622
2 2294
2 878
2 226
2 391
1 855
1 1200
2 1166
2 1049
2 50
2 332
1 1047
2 1342
1 209
1 1807
1 1867
2 1805
2 2103
1 866
2 1870
2 2045
2 1316
2 387
2 1571
2 2030
1 2019
1 674
1 334
1 171
2 1432
2 1125
1 66
1 936
1 1931
1 2219
1 2252
1 399
1 2146
2 1524
1 1950
2 1614
2 1594
1 1129
2 1266
1 460
1 1015
1 1750
2 33
2 2031
1 906
1 1354
2 1506
2 2064
1 449
2 1703
2 1389
1 1969
1 912
1 609
1 1875
1 1424
1 651
1 2116
1 964
2 1582
2 839
1 1191
1 1199
1 1231
1 1636
1 1912
2 2202
2 2225
1 1831
2 816
2 1353
1 1310
2 1358
1 89
2 690
2 1274
1 900
1 2254
2 493
2 2150
2 1458
1 1795
2 1882
1 1112
2 379
2 608
2 830
1 218
2 216
1 1390
1 2078
1 598
2 386
2 1616
2 558
1 1368
1 278
1 809
1 1132
2 1539
2 2049
1 405
1 492
2 1821
1 306
1 1475
1 503
2 1279
1 187
2 1815
2 2236
1 991
2 383
2 1755
1 473
2 1113
1 1446
1 274
1 890
1 1297
1 1030
2 2242
1 695
2 279
2 165
2 568
1 1939
2 1634
1 772
2 1481
1 2093
2 639
1 2293
1 837
2 326
2 353
1 1645
2 2111
2 836
1 617
2 407
2 58
2 166
2 48
1 2208
2 1181
1 276
1 1553
1 2277
1 1014
1 247
2 1221
1 1490
2 1661
2 1985
2 1787
2 1094
1 1086
2 87
2 1255
2 1166
1 1208
1 2101
1 2180
1 2071
1 389
2 2070
1 1826
2 2088
1 650
2 870
1 1687
1 855
1 1874
2 1977
1 146
2 36
1 81
2 119
1 639
1 2096
1 807
2 434
2 1434
2 2026
2 1880
2 1364
2 46
1 1211
2 1674
2 1741
1 505
1 735
2 2033
2 470
2 1293
2 337
1 358
2 395
2 2163
2 1663
1 765
2 2027
1 867
2 682
1 1974
2 131
1 537
1 1351
1 1601
1 1513
2 230
2 2295
1 1708
1 2109
2 981
2 1540
2 613
1 1962
2 2291
1 152
1 1953
1 581
1 1802
1 948
2 133
2 981
1 2053
2 1832
2 990
1 836
2 1799
2 1898
2 923
2 1032
1 1731
2 47
1 2051
2 1348
1 1647
2 940
2 1867
2 2150
2 284
2 1698
2 2159
2 2108
2 1246
1 2105
1 2088
1 2208
2 2182
1 1371
1 530
2 1174
2 1987
2 1332
2 2248
1 1012
1 2032
2 283
1 1549
2 804
2 1785
2 2030
2 1456
2 1936
2 1355
2 2229
1 1904
2 271
1 1351
2 365
1 1405
1 619
1 831
1 385
2 1205
1 252
2 1045
1 630
2 2014
2 1632
1 264
1 88
2 341
1 393
1 1190
1 2008
2 2251
2 364
1 502
2 1940
1 1897
1 1288
1 522
2 709
1 1012
2 1643
1 163
1 1034
1 1389
2 839
1 1823
1 1235
2 626
1 1748
1 1051
2 2058
2 740
1 873
1 1421
1 588
1 1299
2 802
2 871
2 514
2 542
2 1508
1 1700
2 963
2 1239
1 578
1 29
1 1214
1 2164
2 890
1 139
1 1246
1 2131
2 954
1 166
1 626
2 1507
2 1719
1 464
1 1560
2 1699
2 2022
2 176
2 1155
1 1104
2 1774
2 721
2 2037
1 1079
1 618
2 1755
2 1384
1 1808
1 314
1 363
1 355
1 2218
2 995
1 1624
2 1115
2 411
1 1942
1 1358
1 1334
1 777
1 1630
2 270
1 1621
1 2200
1 1162
1 1948
2 47
2 2121
1 1749
1 1462
2 1562
2 864
2 2220
2 1118
1 878
1 1600
1 552
2 1817
2 891
1 352
1 1108
2 1914
2 746
2 1101
2 1380
2 1011
2 1089
1 337
1 591
1 1919
2 306
1 144
1 984
2 2053
1 1589
1 1990
1 1860
2 105
2 464
1 1876
1 714
1 1947
1 2016
2 536
1 25
1 1100
1 1253
1 103
1 1592
2 868
1 233
1 2023
1 1689
2 1520
1 24
2 452
1 1981
1 1336
1 1735
2 2072
2 1972
2 422
2 825
2 1467
1 1207
1 2095
2 1156
1 883
1 549
2 1973
1 539
2 390
2 611
1 738
1 862
1 1870
1 649
1 1789
1 1134
2 898
1 908
2 458
2 249
1 554
1 1838
2 612
2 633
2 304
1 696
1 418
1 2243
2 2079
1 1715
1 1067
1 1151
2 219
1 715
2 909
2 72
1 561
1 150
2 1087
2 1042
1 2287
2 2081
2 328
2 650
1 598
2 2194
1 654
1 640
2 674
1 1563
2 1607
1 1241
1 1294
2 1995
1 2270
1 474
1 1840
1 1764
1 1330
2 1379
2 1525
1 266
2 1738
2 481
1 1240
1 921
1 424
2 402
2 17
2 234
2 27
2 1761
2 1213
1 879
2 544
1 2031
1 1388
1 2265
1 797
1 2074
1 1834
1 1346
1 2235
2 1193
2 2169
2 1972
1 1924
2 1869
2 2250
1 225
2 1002
2 349
1 2203
2 629
1 968
1 1483
1 1583
2 323
2 1002
1 1042
2 153
2 1230
2 1290
2 1345
2 384
2 84
1 1378
2 59
1 2157
1 1859
1 1530
1 1729
2 517
1 117
2 1685
2 1361
2 201
2 1271
2 736
2 779
2 689
2 1439
2 1025
1 1446
1 1779
1 764
1 1776
1 423
1 881
1 717
2 56
1 1281
1 1134
1 1934
1 749
2 2278
2 1410
1 607
1 911
1 859
2 1923
1 2119
2 669
2 743
1 1419
1 2090
1 2239
1 191
2 2195
1 359
1 2297
2 425
1 1903
2 498
2 2271
2 993
2 1356
1 573
1 1068
1 915
2 1003
1 1661
1 939
1 23
2 1591
2 2187
2 478
2 1696
2 619
2 827
1 795
2 733
1 193
1 2028
1 1204
2 300
2 2142
1 282
2 377
1 1582
1 160
1 575
2 2230
2 272
2 2001
2 1259
1 1849
1 1521
1 2264
2 1900
2 466
2 647
2 773
2 1705
1 1273
2 159
2 2297
2 599
2 1822
1 261
1 1666
2 597
1 1453
2 1005
1 643
2 1706
2 2289
1 1105
2 1844
2 1282
2 316
2 508
1 287
1 1418
1 1206
1 1159
1 1942
2 2129
2 1989
1 2116
2 1119
2 1305
2 1567
1 684
2 157
2 803
2 2250
2 470
2 1575
2 557
2 206
2 1613
1 1992
1 1198
1 271
2 1732
1 370
1 1829
1 2184
1 1102
1 1447
1 1827
2 1208
1 280
1 352
1 1180
1 958
2 953
1 427
1 707
2 1892
2 1169
1 1304
2 188
1 144
1 48
2 1698
2 552
2 1672
1 481
1 1429
1 1736
1 1559
1 1192
1 1327
2 1472
2 1200
1 1350
2 1325
1 2005
2 199
2 1384
1 1699
1 2141
2 2295
1 1319
1 1584
2 762
1 1850
1 1290
2 1005
2 1889
1 2048
2 2123
2 1577
2 1926
2 725
2 351
2 1360
2 1797
1 959
2 658
2 1928
1 2154
2 468
1 602
2 785
2 2291
1 225
1 663
1 1569
1 2278
1 820
2 69
2 1872
1 459
1 246
2 455
1 1252
1 1004
1 1926
2 302
2 648
1 1241
1 1149
2 926
1 2145
1 2047
2 546
1 701
1 2179
1 2038
2 1544
2 439
1 592
1 1209
2 783
2 472
2 720
2 2168
2 135
2 64
2 2292
2 1090
1 1247
2 1059
1 2206
2 1671
1 200
1 1814
2 1551
2 1261
2 1516
1 728
1 1150
1 656
2 1672
2 2239
1 584
2 540
1 1813
2 2216
2 1092
2 915
1 1626
2 1554
2 280
1 2243
2 440
2 1772
2 989
1 2253
1 320
1 950
1 594
2 961
2 496
2 682
2 999
2 1702
2 1085
1 143
1 94
2 2108
2 1038
2 1386
2 440
1 1168
1 2151
2 722
1 221
1 428
1 2050
2 2018
1 80
1 853
2 903
1 1449
1 310
1 1018
2 628
1 112
1 645
1 1481
1 1460
2 877
1 286
1 1773
1 1653
1 576
1 794
2 1833
2 1323
1 1776
1 1007
1 284
1 1398
2 1133
2 1184
1 1016
2 1263
2 700
1 1467
1 642
2 931
2 386
1 2267
1 1088
1 686
2 1590
1 19
2 446
2 1746
1 452
1 2074
2 2148
2 2061
2 164
1 242
1 1960
1 309
1 1573
2 2007
1 535
2 1597
2 114
2 1307
1 1990
1 1436
2 1597
2 718
2 2193
2 1894
2 344
2 571
1 335
1 1922
1 692
2 1652
1 1254
2 1676
2 1322
1 64
1 1906
1 1648
1 945
2 779
1 2107
1 1248
1 882
2 1949
2 358
1 13
1 2060
1 1951
1 818
1 1459
1 1113
1 210
2 735
1 1090
2 1506
2 1775
1 583
2 431
2 1610
2 126
1 1013
2 272
2 1783
2 869
2 907
1 2257
1 694
1 1464
2 107
2 1096
2 1406
1 1475
1 1887
2 1217
2 1149
1 511
2 982
2 210
2 780
1 509
1 1770
2 2192
2 1627
2 1133
2 1412
1 1030
2 1280
2 1536
1 1948
1 579
1 456
1 1443
2 2010
2 1593
2 1568
1 1558
2 1585
2 937
1 1156
1 1828
2 810
2 757
1 438
1 129
2 526
1 251
2 659
2 685
1 1231
1 1020
1 954
1 1602
2 924
1 2089
1 2083
1 489
2 1293
1 7
2 1301
2 487
1 1954
1 1828
2 1561
1 1325
1 1129
2 372
1 1714
2 395
2 2188
1 1491
1 1051
1 822
1 2006
2 137
1 1165
1 80
1 946
2 145
2 1148
1 7
2 382
2 1985
2 1872
2 9
1 1695
1 2134
2 698
1 307
2 1959
1 1561
1 113
1 1638
1 856
2 1031
1 98
2 1392
2 1644
2 333
2 1425
2 830
1 1571
2 104
1 89
2 1529
1 1556
2 85
1 1978
1 2008
1 316
1 2236
1 340
1 672
2 2025
2 2294
2 756
2 319
1 329
1 229
1 1400
1 1509
1 2024
1 1105
1 676
2 1343
2 392
1 793
2 422
2 635
2 1959
1 17
1 1461
2 1778
1 1749
2 1858
1 212
1 1306
2 2022
1 2098
1 1458
1 729
1 368
2 1609
2 1071
1 1195
2 1256
1 357
2 1202
1 1196
1 482
1 1406
2 463
1 555
2 2118
1 1965
1 1854
2 372
2 610
1 711
2 1124
2 1333
1 1450
1 698
1 1570
2 495
2 1050
2 2097
1 1010
2 1910
2 1448
1 1725
2 723
2 1823
2 132
2 1663
2 199
1 1370
1 1683
1 800
2 2187
2 2209
1 1523
2 1529
1 1222
1 542
2 910
1 975
2 273
1 238
1 530
1 752
1 699
2 1966
1 2034
1 433
2 1245
1 1214
1 2052
1 1037
1 366
2 1315
1 1841
1 769
1 1388
1 912
2 693
2 1324
1 1061
1 596
1 1518
2 1620
2 1531
2 2179
2 265
2 2046
1 257
1 43
1 563
2 29
1 1652
1 1194
1 631
2 341
2 2080
1 2215
2 72
1 264
1 2002
2 250
2 1355
1 1210
1 1866
1 1723
2 1953
2 2112
2 2011
1 2178
1 184
1 1119
2 8
2 1317
1 1269
2 952
1 791
2 397
2 1223
1 889
1 1242
2 1046
2 354
2 1922
1 940
2 1796
1 1099
2 2067
2 468
2 612
1 1109
2 1006
1 1295
2 1690
2 16
1 1387
2 1347
2 1694
2 107
2 2255
1 609
1 277
1 998
2 617
1 594
1 1777
1 1223
1 1498
1 2186
1 120
2 52
2 1820
1 1825
1 728
1 640
2 2261
2 2183
1 396
2 1596
2 564
1 408
1 2214
2 1457
1 928
1 963
1 46
1 1260
1 548
1 276
1 932
1 2156
1 1649
2 2165
2 824
1 1901
1 1619
1 1903
1 360
1 949
2 68
1 1275
1 527
1 677
1 1788
1 1626
1 716
1 833
2 1697
2 741
1 1428
2 1791
1 2115
1 516
2 1328
1 1673
1 456
1 1778
2 359
1 2054
1 643
1 98
1 423
2 2039
2 1636
2 876
1 977
1 2142
2 782
1 2042
2 1857
2 529
2 1369
1 1813
2 1640
2 919
2 2149
2 486
1 965
2 1816
1 23
1 149
2 976
2 566
2 1534
1 57
1 1417
2 462
1 2288
2 250
2 714
2 1009
2 1807
2 1382
1 2238
1 2268
2 1748
2 1987
1 1961
1 2212
1 313
1 1535
2 1331
2 8
2 2281
2 1122
1 1025
1 2104
2 718
1 2046
2 1679
2 763
2 1237
1 1232
2 329
2 750
2 1514
1 1065
1 846
2 1218
1 646
1 2280
2 1220
1 42
1 1711
2 1967
1 817
1 1136
2 577
1 312
2 83
1 51
2 1677
2 805
1 1111
1 1518
2 1460
1 49
1 1402
2 2231
1 616
2 593
2 360
1 851
2 261
1 510
1 1040
2 868
1 1899
1 1103
2 1670
1 139
2 767
2 1347
2 63
1 448
2 1724
2 564
2 754
1 2183
2 445
2 988
1 1542
1 1943
2 2161
1 781
2 2256
1 930
1 2043
1 666
1 637
1 2119
1 494
2 336
1 361
2 342
2 1976
1 490
1 1349
2 1935
1 451
2 465
2 842
2 162
2 861
2 1220
2 259
1 247
1 1408
1 2300
2 1827
1 1153
2 948
2 1512
1 711
1 1608
2 1862
2 1110
1 1622
2 310
1 988
1 532
2 1937
2 768
2 162
2 593
1 2233
2 101
2 943
1 1623
2 523
2 872
1 1444
1 2204
2 1581
2 2110
2 24
2 691
2 1694
1 1192
2 1216
2 2155
2 1286
1 1899
2 2185
2 654
2 2132
1 369
2 311
1 241
1 70
2 1157
2 1654
2 1356
2 426
1 1161
2 1857
1 2068
2 997
2 964
1 774
2 625
1 1895
2 1536
1 2212
1 2186
1 1373
2 333
1 347
2 1670
2 637
2 2035
1 383
1 760
2 2093
1 58
1 689
2 2201
2 339
1 751
2 1188
1 2279
2 1372
1 572
1 958
2 2040
2 1385
1 1595
1 171
2 1076
2 841
2 485
2 1132
2 1846
2 1254
1 1039
1 218
1 731
1 150
1 669
2 1666
1 787
1 523
1 1180
1 2076
2 1320
2 2197
1 1158
2 86
1 845
1 1528
2 1997
1 1742
2 73
2 906
1 1786
2 477
1 986
2 2225
1 1728
1 983
2 1545
1 978
2 1913
1 1725
1 2273
2 189
1 1640
2 1146
2 331
2 485
2 1572
1 819
2 233
1 1946
1 1189
2 459
2 1276
2 62
1 2023
2 1968
2 279
1 1095
2 611
2 738
1 1783
1 1483
1 4
1 1596
2 1310
1 1852
1 1941
2 2157
2 608
1 770
2 758
2 1479
1 100
1 1660
1 2283
1 2269
1 1268
2 1359
1 1806
