4600 5500
1 1606
2 142
2 938
2 746
1 670
1 1108
1 1429
2 165
2 752
2 211
1 1963
2 865
1 1807
1 1219
1 196
1 1403
2 70
2 368
2 172
1 2103
2 2010
2 453
1 2075
2 570
2 1069
2 1953
2 826
1 2180
1 1430
1 675
1 434
1 1004
2 595
1 1611
2 1304
1 1712
2 1397
1 2237
2 276
2 114
2 493
2 345
2 2067
1 1039
1 1967
1 1014
2 507
2 2037
1 749
1 297
1 1394
1 841
2 289
1 452
2 1922
2 1673
1 143
1 1878
2 991
1 1501
2 869
2 323
1 1472
2 1588
1 371
1 1919
1 2105
1 313
1 437
2 557
2 1116
2 569
2 1070
1 625
1 194
1 850
2 105
2 1643
2 1544
2 508
1 1033
2 197
2 1309
2 813
2 597
2 610
1 1040
1 174
1 543
1 1734
1 2204
2 847
2 653
1 1112
2 525
1 137
1 1103
1 1572
1 508
2 188
1 1568
1 1839
1 2257
1 1263
2 1505
1 1662
1 1556
1 1542
1 547
1 614
2 1090
2 1023
1 49
1 1042
2 1185
1 375
1 780
1 944
2 9
2 1880
1 158
2 1863
2 2089
1 821
2 1325
2 1088
1 998
2 626
2 1144
2 483
2 1792
2 1242
1 1498
1 1589
1 1479
2 370
1 685
1 1623
1 1308
2 1223
2 54
1 1240
2 485
1 596
2 1118
1 1485
1 2010
2 1162
2 1991
1 1
2 131
1 1170
1 1584
1 1895
2 1362
2 1232
1 1092
1 1082
1 1138
2 496
2 1507
1 521
1 1687
1 502
2 2163
2 1071
1 1085
2 1440
2 1854
1 2027
1 2060
1 704
2 2040
1 1182
2 1682
1 1053
1 184
2 1541
1 758
2 232
2 285
2 333
1 1628
2 75
1 933
2 1169
2 888
2 1944
2 1563
2 2293
1 968
2 2068
1 1297
1 611
1 303
1 1738
1 1266
1 430
2 690
2 1401
1 1067
1 766
1 728
1 1659
2 710
1 56
1 1732
2 1368
2 1559
2 220
2 1364
2 237
1 136
1 1475
2 1807
1 381
2 561
2 2045
1 1412
2 468
1 1827
1 1962
2 1677
1 1106
2 379
1 1733
2 222
2 1066
1 50
1 87
1 217
1 1314
1 2209
1 2019
2 1633
1 1889
1 843
1 1075
1 1419
2 1488
2 728
1 810
1 791
2 2072
1 1976
2 784
2 2149
1 959
1 915
1 67
2 720
1 2042
1 940
1 174
2 1803
1 1704
2 1538
2 1471
1 1921
2 1329
2 1402
1 1481
2 452
1 2259
2 1243
2 1178
1 73
1 1644
2 482
2 1910
2 1804
2 1481
2 981
1 2272
2 231
2 1911
1 990
2 351
1 1814
2 101
1 1835
1 679
1 1051
2 455
2 292
1 349
2 98
1 1374
2 480
2 955
2 1147
2 1703
1 939
1 1957
2 1797
1 2159
2 491
1 149
1 846
1 893
2 1116
1 2066
1 1366
1 130
1 536
2 1029
1 1602
2 553
2 1568
1 939
1 2217
1 618
2 1814
2 24
2 2208
1 1553
1 316
1 1332
1 24
2 586
2 1514
2 1275
2 690
1 1205
1 412
1 1805
2 1047
2 1354
2 970
1 781
2 467
2 537
1 2294
2 1150
1 1774
2 2274
2 664
2 984
1 31
1 551
1 479
2 1888
1 902
1 2278
1 514
2 382
1 2073
1 1989
2 2168
2 51
2 1122
1 22
2 1705
2 705
1 1146
1 1189
2 1644
2 1860
1 672
2 830
1 88
1 395
1 1848
1 741
2 753
1 1182
1 1001
2 1365
2 1414
2 2265
2 1446
1 599
2 186
1 1379
1 1281
1 1528
1 53
2 1601
2 575
1 259
2 742
1 1204
1 501
1 922
1 1028
2 1295
1 851
2 876
2 1059
1 1648
1 1281
1 1733
2 1513
1 669
2 2091
1 1387
2 989
2 877
2 2028
2 2275
2 2077
2 1639
1 413
1 1933
2 1646
2 1210
1 642
2 2009
2 2186
1 961
2 213
1 1158
1 489
1 1645
1 1537
1 44
2 1248
1 1006
2 1950
1 5
1 1765
2 2176
2 560
1 983
2 896
1 750
1 1445
2 353
1 1717
1 1167
1 2042
2 620
1 25
1 1492
2 837
2 864
2 366
2 2292
1 1898
1 1620
1 1863
2 1380
2 504
2 1838
2 1184
1 654
1 134
1 752
2 1850
2 230
1 764
1 2180
2 377
2 827
1 21
1 2069
2 1747
1 688
1 2263
1 1201
2 2213
1 625
1 1975
2 1951
2 148
1 2048
2 356
1 2095
2 1335
1 1883
2 1103
2 1376
1 564
2 214
2 80
1 171
2 1675
1 598
1 216
2 1165
2 981
2 927
1 2270
2 596
1 1593
1 992
2 1101
2 717
1 1808
2 555
2 1196
2 1696
1 1153
1 1237
1 1689
2 343
2 1222
1 835
2 1427
1 1851
1 486
1 1209
1 1599
1 1852
1 142
2 1959
2 2006
2 641
2 1575
2 741
2 1993
1 912
1 448
1 2214
2 2082
1 2156
2 1541
1 766
1 1900
2 2193
1 808
2 1544
2 288
1 2292
1 422
1 464
1 1832
1 786
1 701
1 522
2 2107
2 862
1 173
2 2051
1 325
1 30
2 224
2 1586
1 1960
1 1607
2 1573
1 1510
1 1038
1 2224
1 2106
1 1900
1 1558
2 1729
2 1104
2 1128
2 887
2 1646
1 1085
1 650
1 1530
2 305
2 523
1 1362
1 515
2 1585
1 1405
2 663
2 1303
1 1626
1 197
2 2087
1 631
2 2262
2 118
2 99
1 1234
1 562
1 949
2 2178
2 371
2 579
2 937
2 929
2 1189
1 2175
2 1159
1 598
2 781
2 706
1 660
1 1042
1 128
1 1181
2 565
2 885
2 66
1 917
1 414
1 1009
2 617
1 1758
1 828
1 814
2 273
1 94
2 668
2 52
2 1994
1 265
1 1040
2 778
2 1418
1 588
2 628
1 848
1 1504
1 2166
2 2286
1 1419
2 918
1 2249
1 1521
1 1115
2 1036
1 420
2 1688
2 925
1 1123
2 1790
1 1726
2 697
1 1257
1 9
2 1663
2 1195
2 1816
1 779
1 1451
2 1464
1 186
2 1071
2 1466
1 834
1 1052
2 646
2 1906
2 1752
2 2172
1 1811
2 1587
2 2176
1 1571
2 1477
2 1487
1 440
1 831
2 691
2 1202
2 1964
1 1565
2 2130
1 1286
1 886
2 952
1 970
2 2000
2 1357
1 2041
1 1557
1 926
1 36
1 1401
2 256
2 1937
1 1451
1 1260
1 820
2 45
1 2031
1 2081
2 54
2 252
2 1209
1 637
1 1700
2 2220
2 2270
1 482
2 419
2 2065
2 1896
1 1399
2 1203
1 1673
1 1523
2 372
2 1969
1 1856
1 682
1 141
1 825
1 948
2 33
2 1825
1 1073
2 664
1 1136
2 904
1 998
2 1258
1 2128
2 2264
2 682
1 109
2 1132
1 962
2 171
1 1129
2 1636
1 286
1 1637
2 1892
1 2050
2 1890
1 1758
2 964
1 1346
2 162
2 285
1 982
2 603
2 103
1 1069
1 1149
2 2055
2 1905
2 872
1 1632
2 517
2 937
2 1657
2 476
1 1879
1 1202
2 1848
1 1760
1 551
2 913
2 1322
2 12
1 280
2 199
2 849
2 651
2 730
2 272
2 2216
1 2218
2 1191
2 795
1 2038
1 674
2 1986
2 1751
1 1762
1 1307
1 20
1 1112
1 2
1 1263
1 282
1 904
2 76
2 816
1 198
2 1049
2 1946
2 2101
2 1282
1 721
2 134
1 439
1 576
2 564
2 392
2 450
1 487
1 1025
2 270
2 1098
2 2077
2 1229
2 584
2 1204
1 966
2 1705
2 591
2 1799
2 818
1 1274
2 320
1 310
1 1995
2 147
1 643
2 950
1 2215
1 315
1 935
2 306
2 1628
2 1197
2 391
1 1390
2 632
2 873
1 1480
2 996
2 931
2 1745
2 3
1 1581
1 417
1 1864
2 442
2 425
2 1413
2 418
2 2188
2 319
2 1060
1 733
2 597
2 1795
1 1422
1 755
1 1144
2 1394
2 373
1 1267
1 201
1 1184
1 72
1 1805
1 145
2 1953
1 1782
1 751
1 684
1 696
1 1812
2 1524
1 1360
2 1904
1 844
1 1194
1 1613
1 979
1 1235
2 756
2 732
2 1494
2 534
1 974
2 806
1 266
1 119
1 1931
2 1057
1 1168
2 1341
1 1482
2 978
2 1249
2 1940
1 2109
1 696
1 525
1 1833
1 1977
2 1041
1 216
1 900
1 1654
2 359
2 1631
1 1217
1 200
2 835
2 192
1 1329
1 323
1 2127
1 753
2 1660
1 85
2 283
2 32
1 967
1 544
1 1317
2 1566
1 1615
2 684
1 358
1 34
2 792
2 1966
2 322
2 296
2 191
1 2015
2 993
2 578
2 892
2 1692
2 2107
1 329
1 311
2 386
2 1846
2 145
2 1564
1 1285
1 563
2 1897
1 1169
2 1175
1 1254
1 1462
1 1265
2 1645
1 108
2 2116
2 2052
1 35
1 2146
2 1873
1 386
2 377
1 2212
2 1024
1 269
1 2271
1 2011
2 709
2 2298
1 1857
2 149
1 702
2 1562
1 1262
2 617
1 1160
1 1253
2 1672
1 2054
2 1124
1 1047
2 745
1 888
2 1153
2 852
2 2041
1 1539
2 209
2 375
2 1138
1 1331
1 119
2 467
1 271
1 2215
2 1300
2 1385
1 1460
1 1976
1 1944
2 1393
2 729
2 1824
2 1087
1 2089
1 2147
2 458
2 980
2 1094
2 381
1 61
1 357
2 390
2 527
2 1072
1 215
1 1754
2 1121
2 1714
2 1288
2 1882
2 789
1 451
1 1997
2 1706
1 1251
1 123
2 1061
2 2002
1 821
1 1134
2 761
1 1973
1 657
2 2291
2 793
2 1769
1 312
1 2082
2 1593
1 817
1 199
1 461
2 1680
2 1255
1 1064
1 1339
1 689
2 74
1 2192
2 1857
2 524
1 243
2 1886
2 1884
2 1344
2 1107
1 934
1 1504
1 330
1 1163
2 531
2 1640
1 2162
1 2058
2 178
1 856
1 703
2 921
2 1031
2 1162
1 1143
2 2160
2 1465
2 1895
2 1141
2 673
1 438
1 2012
2 1796
2 1396
1 1079
1 1617
1 1428
1 743
1 2139
1 1001
1 2252
2 1917
1 365
2 424
1 768
1 2129
1 359
2 2177
2 1462
2 550
2 1378
1 1061
2 639
1 1384
1 547
2 909
1 859
1 1455
1 880
2 1690
2 1155
2 964
2 747
1 1853
2 1912
2 912
1 478
1 1075
2 1530
2 262
2 1027
1 840
2 291
2 743
2 2189
2 82
1 1119
1 2204
1 570
1 777
1 1493
2 1583
1 1193
1 191
2 2285
1 1296
2 195
1 124
2 2059
1 16
1 2062
2 2276
1 1100
2 1487
2 1328
1 1794
1 1861
1 629
1 644
1 630
2 786
1 510
2 553
1 153
2 1918
2 252
1 2259
2 1803
2 1031
1 2025
2 889
1 176
1 1410
2 411
2 973
2 2246
2 972
1 426
1 2288
1 376
2 739
2 1670
1 1709
2 122
2 1298
2 2113
1 378
1 322
2 1078
1 798
2 2020
2 2181
2 1450
2 1130
1 997
2 1226
1 569
1 2021
2 181
2 2295
2 1361
2 572
2 1357
2 1795
2 881
1 1285
2 159
1 576
2 106
1 1764
1 1433
2 1579
1 2004
1 308
2 2016
1 258
2 1388
1 1417
1 2285
2 609
2 2086
2 1868
1 284
2 1252
1 1789
1 62
1 959
2 1412
1 2103
1 899
1 1188
1 427
1 836
1 1467
2 1589
2 695
1 1063
1 845
1 14
2 1221
2 1274
1 1275
1 2019
2 64
2 1468
2 626
2 1314
1 235
1 238
1 2099
2 1596
2 1685
1 688
2 2071
1 1878
1 1538
2 1351
1 2143
1 1822
2 1834
1 185
2 1335
2 2110
1 1697
1 2094
1 863
2 542
1 1909
1 2085
2 1948
1 444
2 929
2 1572
2 1679
2 1625
1 2132
1 326
1 686
1 1642
1 1174
2 75
2 805
1 2036
1 1619
2 1106
1 1511
2 1318
1 1151
1 861
1 1651
1 2120
1 506
2 1390
2 1793
2 2225
1 1710
2 321
2 1432
1 133
1 794
1 19
1 1338
1 1409
1 1097
2 580
2 654
2 389
1 1954
1 760
1 2049
1 659
2 1554
2 1231
1 1253
1 2017
1 63
1 1355
1 1536
1 489
2 1928
1 1292
1 1730
2 1234
1 903
1 1015
1 828
1 355
1 1192
1 810
1 548
1 1386
1 1616
2 731
1 621
1 2221
2 1407
1 1787
2 1934
2 748
2 979
1 1660
2 1907
1 2043
1 260
1 1991
1 278
2 1172
1 1119
2 1605
2 1403
1 2106
2 504
1 644
2 1652
1 1244
2 416
1 1526
1 2168
1 182
2 422
1 179
2 788
2 132
2 1691
2 1440
2 1682
2 1043
1 933
2 528
2 2045
2 857
1 640
2 1545
2 118
2 1037
2 1578
2 105
2 1006
2 823
1 439
1 1761
2 1997
1 363
1 2048
2 798
2 315
1 1337
2 865
2 718
2 540
1 527
2 2261
2 474
2 2250
1 1573
1 1949
2 2148
1 89
1 727
1 1720
1 1548
2 1397
2 714
1 1810
2 513
1 2248
2 1653
1 60
1 562
2 645
2 1713
2 756
1 1373
1 1955
2 2009
2 704
2 2130
2 206
2 1654
1 764
2 1090
2 1831
1 1870
1 2005
2 1441
1 1320
2 1876
2 1923
2 1180
2 2116
2 148
1 632
1 862
2 771
2 2114
1 128
1 1911
2 960
2 38
1 317
2 1661
1 1289
2 2266
1 1151
2 1844
2 1264
1 683
2 104
1 2200
2 222
1 1277
2 57
1 1655
1 917
1 1545
1 1767
2 870
1 2250
1 364
1 1321
1 1686
1 1707
1 1200
2 519
1 2156
1 666
1 2297
2 202
2 2191
1 1293
2 2169
1 41
2 2108
2 407
2 113
2 1406
1 1211
2 1177
1 31
1 1018
1 1511
1 1311
2 1596
1 1186
1 234
1 1653
2 1068
1 1884
1 966
1 103
2 1125
1 538
2 925
2 1208
1 270
2 111
1 1105
1 1737
2 2173
1 483
1 1763
1 1093
2 1893
1 545
1 344
1 1792
1 2210
1 1935
2 1018
1 2114
1 1023
1 48
1 436
2 1592
1 154
2 2264
2 1871
2 1940
1 266
1 267
2 447
1 331
1 1672
2 214
2 2228
1 348
1 2102
2 475
2 1002
2 618
2 1574
1 260
1 1768
1 1309
1 1686
2 914
2 2152
2 668
1 1350
1 288
1 255
1 1684
1 2182
1 1718
1 850
1 1835
2 1076
2 648
2 1960
1 1109
2 1576
2 1323
2 1841
1 2269
2 1000
1 1562
1 1549
2 1874
2 1477
2 60
1 59
2 712
1 1113
2 1185
1 855
1 583
1 1250
1 1019
2 1565
1 622
2 1725
1 730
1 1008
2 587
1 916
1 243
1 1924
2 968
1 772
2 1347
2 229
1 276
2 1875
2 848
1 907
1 1674
1 201
1 1475
2 2258
1 387
2 1741
1 1034
2 1870
1 1520
2 814
2 1526
1 1076
2 44
1 282
2 2255
1 1968
1 571
1 1974
2 432
1 485
2 1276
2 1791
2 264
1 352
2 1534
1 1594
1 95
2 354
2 1230
2 841
2 2029
1 2013
2 854
2 18
2 1696
2 116
1 1261
2 1780
1 700
2 800
1 79
1 1225
1 557
1 1359
1 627
1 2014
1 716
1 2
1 324
2 938
1 1840
2 1298
2 505
2 1455
2 2252
2 2079
1 2213
2 2101
1 2277
1 1687
1 496
1 68
1 139
2 2193
1 1058
2 2190
2 1092
1 1095
1 202
2 1647
1 692
1 151
1 2064
2 1233
2 2058
2 1499
2 989
2 1517
2 338
1 2150
2 1577
2 648
2 1917
2 1256
2 1222
2 1050
1 1423
2 466
2 320
2 10
2 299
2 2104
1 1833
1 2053
2 875
1 936
2 1866
1 1327
1 1436
2 1206
2 908
1 867
2 2241
2 1782
1 2223
1 1842
1 1887
2 1036
2 1148
2 815
2 2092
1 1448
2 1800
1 2255
1 488
2 1688
2 709
1 1325
1 275
1 1070
1 2052
2 1173
1 1313
2 651
1 1363
2 1094
1 1891
1 2115
1 233
2 406
2 956
1 368
1 1022
1 472
2 1719
2 1580
1 2030
1 354
2 1005
1 226
1 611
1 1245
1 1518
1 1179
1 1123
2 305
2 1701
1 162
2 1447
1 635
2 1508
2 1877
1 1327
1 2013
1 19
2 2167
2 435
2 1936
2 675
2 2229
1 1407
2 121
2 399
1 55
2 901
1 1883
2 345
2 607
1 1199
2 2018
2 1135
1 2239
1 411
1 932
2 1978
1 384
2 135
2 559
2 1466
1 972
1 2147
1 1114
1 595
2 1417
2 2287
2 869
2 372
1 1135
1 286
1 711
1 612
1 1741
1 2081
1 163
2 2230
1 376
1 1506
2 12
1 1078
1 2254
2 2271
1 719
1 30
2 1030
1 314
1 1642
2 1844
2 898
2 1363
1 2059
2 63
1 277
1 844
2 325
1 1907
2 1683
2 2256
2 1039
1 805
1 2138
2 1990
1 974
2 1448
1 2054
2 58
2 1324
2 532
2 1351
2 1828
1 1935
1 1531
1 2098
2 573
2 911
2 1370
1 367
2 584
2 2207
1 2153
1 1533
2 512
1 1638
2 1826
1 256
1 1909
1 1932
2 262
2 986
1 1615
1 1925
2 1219
1 1102
1 951
2 1145
1 891
1 653
1 1271
2 976
1 1739
1 457
1 1904
1 1843
2 1246
1 1678
1 715
2 600
1 2170
2 2248
1 1640
1 20
2 429
1 1411
2 374
2 1787
2 392
2 2244
1 1110
2 1734
1 1017
2 717
2 2140
2 638
1 535
2 294
2 481
2 1194
1 89
1 1107
2 1929
1 246
2 666
1 15
1 341
1 789
2 1474
1 1019
1 605
2 1777
2 960
1 1826
1 1624
2 1522
1 1444
2 1007
1 69
1 1133
2 2196
2 1152
1 2148
1 2240
2 2257
2 1418
2 443
1 1515
2 713
2 1490
2 588
1 2299
2 2003
1 1142
1 1235
1 1921
2 874
2 1132
2 1893
2 1894
1 254
2 822
1 1987
1 1011
1 2276
1 1611
2 74
1 1211
1 615
1 797
1 958
2 1190
1 2119
2 561
2 97
2 1788
1 364
2 1899
2 1859
1 715
1 899
1 2126
1 2236
2 269
1 1689
2 318
1 1750
1 2242
2 81
1 1381
1 187
1 546
1 661
2 1812
1 1492
2 255
2 2192
1 2075
2 1913
1 593
1 807
1 1761
1 2201
2 274
2 1757
1 279
1 1983
1 334
2 695
2 678
2 533
1 1350
1 158
1 115
2 988
1 1056
1 902
1 1811
1 1725
2 593
2 1288
2 677
2 2226
1 2245
1 2111
1 1015
2 445
2 486
1 930
1 809
2 633
1 1547
2 1566
2 1937
2 378
1 1186
1 47
1 1431
1 2046
1 853
1 1610
1 577
2 1369
2 539
2 1470
2 2287
1 229
1 1035
2 839
1 1827
2 1830
1 1293
1 150
1 2142
2 1849
2 1730
1 183
2 1192
1 106
2 122
1 591
1 70
1 2275
1 100
1 1130
2 500
1 275
1 1393
2 16
2 290
2 997
1 594
2 1915
2 529
1 936
2 1560
1 963
2 994
1 92
2 491
1 1763
1 1608
2 208
1 2040
1 928
1 329
2 1752
2 1958
2 1609
2 1638
2 139
1 152
2 223
1 477
1 956
1 362
2 2262
1 733
1 14
1 1340
1 1739
2 181
2 1382
2 17
2 1551
1 1702
2 1788
1 494
2 2033
1 413
2 1801
1 855
1 579
1 867
1 2216
2 456
2 1437
2 687
1 629
1 1164
1 825
1 2261
1 1828
1 240
1 2100
1 893
1 1945
1 1813
2 524
1 2108
1 1676
2 816
2 1284
2 1535
1 520
1 2217
1 1512
1 1073
1 140
1 107
1 528
1 2135
2 1214
2 980
2 1469
1 559
1 945
1 1735
2 1093
1 1292
1 549
2 2065
1 1854
2 1048
1 1424
2 780
2 61
1 526
1 650
1 1497
2 1310
2 73
1 922
1 1428
2 995
2 522
2 836
1 414
1 2060
2 314
1 430
1 86
1 2174
2 1773
1 1187
1 1333
1 2218
2 1438
1 2278
1 87
1 353
2 97
2 1008
1 443
1 1842
2 845
1 1599
1 1389
2 488
1 1916
1 1083
1 360
1 1856
1 832
2 1651
2 1979
2 1678
1 2231
2 1847
2 1970
1 173
1 1238
2 1482
2 2208
2 287
1 2197
2 1707
2 544
1 757
2 22
2 2011
2 1520
2 295
2 2214
2 1369
1 251
1 580
2 1484
1 1359
2 759
1 417
1 1416
2 2296
2 1400
2 663
2 839
2 1427
1 446
2 250
1 2228
2 641
2 403
1 1920
2 46
2 1633
2 988
1 1695
1 1323
2 1622
2 1224
2 1979
1 2175
1 1724
2 1226
2 2122
2 822
2 961
1 502
1 1382
2 1662
2 928
1 425
2 1389
2 1356
1 985
2 1859
2 146
1 336
1 549
2 1319
2 1519
2 1881
2 297
2 1836
2 2022
1 47
2 401
2 1955
2 1349
1 82
1 1671
1 1303
2 646
2 433
1 565
2 857
2 772
2 91
2 1617
1 1320
2 1474
1 3
2 1208
1 1457
2 1760
1 1685
1 2280
1 1753
1 327
2 723
2 1876
1 734
2 1133
1 350
1 1210
2 2088
2 2219
1 71
2 310
1 1436
2 1155
1 1503
1 1759
2 643
2 1749
2 1026
2 1183
2 1165
2 1711
2 298
2 660
2 1941
2 1279
1 1600
2 1225
2 210
1 1437
1 1289
2 1563
2 2207
1 2121
2 602
2 169
1 474
1 1588
2 552
2 257
1 328
2 665
1 1315
2 2274
1 1639
1 670
2 1074
1 2097
1 510
1 1853
1 1049
2 1716
2 2109
1 311
2 699
1 1430
1 1171
1 1183
2 2117
1 1173
2 133
2 1375
2 245
2 308
1 2267
1 1684
1 1999
1 1299
2 400
2 1865
1 1371
1 621
2 1539
1 582
2 1896
2 774
1 1337
2 1957
1 1025
2 402
1 1339
2 192
2 125
1 1712
2 369
2 278
1 982
1 409
2 566
2 1977
1 150
2 779
2 1582
2 1906
2 1852
2 1578
2 1554
1 178
2 2150
1 1316
2 242
1 177
1 996
2 1137
2 1035
2 161
1 405
1 754
1 1968
2 1284
2 1603
2 1793
2 304
2 1347
1 1736
1 265
1 1724
2 774
2 2110
1 1280
1 1727
1 1041
2 1706
1 1483
1 1590
2 2138
2 117
2 1952
2 673
1 309
1 1360
2 1336
2 1699
1 334
2 762
1 2141
2 1341
2 27
2 8
1 185
1 2039
2 90
1 2234
2 1630
1 890
1 801
2 795
1 2005
2 738
1 247
1 112
1 1720
1 394
1 1634
1 284
1 760
2 1442
2 2177
1 369
1 2160
1 725
2 975
2 1718
1 1808
1 2047
2 624
1 1905
1 1017
2 2102
2 2074
2 2134
2 971
1 1946
1 2173
1 298
1 279
2 1666
1 1305
2 1459
1 744
1 1713
1 2254
1 969
2 194
1 1088
1 1967
2 638
2 1483
1 686
1 410
1 1666
2 435
1 2146
1 2295
1 799
1 1744
2 373
2 1721
2 1652
2 2142
1 1029
1 826
1 913
1 509
1 892
2 1054
1 1534
1 137
1 1972
2 1287
2 612
1 1849
1 1525
2 98
2 1610
2 1044
1 2273
2 2151
2 1561
2 233
1 1307
1 401
2 1176
2 1005
1 840
2 2221
1 2203
2 520
1 1378
1 1220
2 396
2 1908
1 360
1 2164
1 1193
1 905
2 146
1 613
1 658
1 884
2 2288
1 2093
2 154
1 1918
1 1710
1 340
2 636
2 412
1 77
1 2017
1 873
2 257
2 207
1 1239
2 1872
2 306
2 301
1 220
2 884
1 1126
2 1613
1 1802
1 1074
2 337
2 1459
1 136
1 784
1 942
1 896
1 182
2 623
1 335
1 1196
1 995
1 156
1 1215
1 1488
2 1891
2 723
1 1945
1 946
2 992
2 838
1 1714
2 1405
1 1381
1 458
1 246
1 1609
2 1868
2 466
2 729
1 1927
1 2233
1 1950
1 578
2 920
1 1869
2 2247
2 2122
2 340
2 1213
2 687
2 2046
1 1332
2 367
2 2099
2 2233
1 1931
1 1420
1 396
1 1391
1 941
2 227
2 1750
2 2268
1 1989
2 619
1 152
1 1843
2 313
1 2014
1 2043
2 1415
1 1321
1 1819
2 160
2 1765
2 2235
1 702
1 1582
1 415
2 1745
1 1344
2 815
2 83
1 459
2 1920
1 529
2 1013
1 906
2 389
2 419
2 714
1 2260
2 740
1 1220
2 2129
2 1786
1 1762
1 906
2 1358
2 2035
1 1785
2 1731
2 448
1 701
2 894
2 1460
1 1783
2 390
2 589
2 357
2 437
2 601
1 1425
2 1804
1 494
2 1824
1 1077
2 891
2 515
2 1983
2 1313
2 207
1 451
2 1272
2 228
1 2169
2 2021
1 1178
1 2229
1 1943
2 2125
2 1693
2 1981
1 601
2 2027
2 1744
1 511
2 1072
1 1550
2 1988
1 183
1 339
2 209
2 1830
2 1334
1 1557
2 2087
1 738
2 1916
1 1089
1 661
1 39
2 1143
1 1326
2 2297
2 771
1 620
1 1207
2 1180
1 1612
1 541
1 1914
2 1748
1 100
1 506
1 1316
2 1966
2 782
2 785
2 49
1 1974
1 2195
2 1422
2 1096
1 484
2 1980
2 2079
2 608
2 462
2 1675
2 478
1 1059
2 161
2 1257
1 327
2 349
2 1461
2 188
2 910
2 1927
1 2139
2 2299
1 295
1 1445
1 2190
1 1552
1 456
2 1516
1 678
2 1291
1 1919
1 1901
2 951
2 1295
2 877
2 589
1 999
2 43
1 1509
2 215
1 1626
2 2084
2 2186
2 1813
2 2131
1 2290
2 251
1 1984
2 2034
1 513
1 1268
1 2227
2 1869
1 1179
2 1972
2 1117
2 1887
1 518
2 1770
2 2026
1 1669
2 292
2 1556
1 1902
2 1213
2 1370
1 1612
1 763
2 2153
2 1755
2 1010
2 1089
1 2062
2 762
1 1404
2 45
2 567
1 769
2 1847
2 1701
2 166
1 1516
1 1998
2 151
2 722
2 1695
1 566
1 749
1 480
2 206
2 1759
2 2067
2 387
1 1770
2 1982
2 1449
1 1800
1 746
1 153
1 291
1 538
1 514
2 1434
1 175
1 130
2 834
1 27
1 1055
2 221
1 293
1 131
1 380
1 866
1 492
2 1527
1 2185
2 1469
1 2253
2 421
1 1925
2 1439
1 1450
2 2083
1 758
1 1525
1 1266
2 1965
2 2037
1 1342
2 2284
2 2145
1 351
2 2061
2 26
2 1885
1 1949
2 347
2 1279
1 2030
1 416
1 1104
1 2023
1 2061
2 463
2 1779
1 1632
1 176
2 790
1 455
2 23
2 420
2 808
1 432
2 1837
1 42
2 969
1 1248
2 773
2 633
1 463
2 397
2 117
1 200
1 1479
1 1486
1 179
1 58
1 468
2 2097
1 976
2 1519
1 1311
2 1376
1 1081
2 707
2 1561
1 1230
1 830
2 978
1 1278
2 2083
2 112
2 358
1 1494
1 793
2 300
2 2198
2 1324
1 613
2 317
1 1377
2 324
2 887
2 123
2 1794
2 2165
2 2076
2 829
1 721
1 943
1 337
1 604
2 1635
2 1540
2 846
2 907
1 765
2 689
1 290
2 609
1 1995
2 854
2 231
1 2243
2 1947
2 574
1 833
2 818
1 1715
1 792
2 1668
2 1277
1 29
2 1992
1 421
2 273
2 1740
2 1697
1 872
2 2031
1 1592
1 469
2 332
1 370
1 1594
1 2283
2 1105
2 1456
1 147
1 2280
1 249
2 797
2 2202
2 17
1 1987
2 811
2 1432
1 1507
1 1736
1 2154
2 2196
1 947
2 418
1 1124
1 2069
2 1663
2 189
1 955
2 1237
2 46
1 1667
1 1416
2 1888
2 406
2 1034
1 1020
2 521
2 471
1 1306
2 796
2 1109
1 1815
1 253
2 2121
2 1400
1 568
1 1677
1 1521
1 1486
2 1698
2 1775
1 2091
1 1956
1 1829
2 1413
1 1171
2 363
2 1317
2 1722
2 631
2 2219
1 1187
2 2073
2 1242
1 1396
2 1425
1 1168
2 393
1 2294
2 711
2 1111
2 167
1 1775
1 1547
1 1243
2 803
1 440
2 2154
1 1577
2 1874
1 2049
2 2284
1 1875
1 516
1 1212
1 247
2 121
2 1014
2 241
2 1141
1 1595
2 2127
1 1576
2 1166
2 1065
2 1177
2 2172
2 434
1 78
2 384
2 1395
1 2265
2 2000
1 1372
2 1020
2 923
2 1150
2 2078
2 1374
2 1994
1 1241
2 813
1 1221
1 796
2 657
1 691
1 706
1 1302
2 1694
1 1080
1 2026
2 2199
1 428
2 1702
1 2223
1 235
1 1435
2 84
1 336
2 1265
1 581
2 1985
1 590
1 2022
1 2282
2 2124
2 694
2 93
1 1928
2 399
2 1227
2 1348
1 594
1 403
2 1215
1 6
1 472
1 1084
1 1273
1 634
1 1205
2 503
2 1558
1 1399
1 1334
2 92
2 1614
1 347
1 35
1 1270
2 1926
1 573
1 2112
2 1784
2 882
2 843
1 716
2 1567
2 234
2 1086
2 1604
1 788
2 2235
2 2200
1 990
1 250
2 763
2 1623
1 776
2 2036
1 66
2 676
1 427
1 558
1 1681
1 193
1 1060
1 1766
2 1331
2 175
2 2118
1 213
2 697
1 1175
1 228
2 1749
2 356
1 1665
1 198
1 1867
1 341
1 404
1 517
2 523
2 1802
1 680
1 1310
1 1855
1 864
1 2135
1 1375
2 1892
1 1117
1 605
2 993
1 1424
2 1245
1 905
1 674
2 495
2 454
2 886
2 640
2 2063
1 1820
2 1395
1 2242
1 1421
2 1508
2 1224
1 1641
1 205
1 677
2 2056
2 1449
2 545
1 2171
1 1542
1 606
1 863
2 1963
2 807
2 2281
2 501
2 703
2 1531
1 470
2 1062
1 1665
2 1621
1 1728
2 1506
1 143
1 1528
1 1228
2 945
2 454
2 1650
1 409
1 274
2 2236
2 2033
1 656
1 1932
2 172
1 1858
1 1923
2 954
1 2157
2 165
2 37
1 2281
1 1784
2 1157
1 1985
2 1941
2 2120
1 1781
2 1269
1 431
1 1503
1 890
1 2072
2 1461
1 72
1 1121
1 1956
1 876
2 1567
1 909
2 1998
1 1108
1 1764
2 1532
2 2090
1 1140
1 473
2 1322
1 446
1 1601
2 1365
2 138
1 2205
1 1781
1 1300
1 652
2 2187
1 1302
2 1751
2 1509
1 1100
2 2001
1 2050
1 1822
1 1011
1 1890
2 1543
1 1548
1 2237
2 346
2 755
1 1929
2 667
2 223
1 791
2 897
2 2211
2 1315
1 542
1 1715
2 1290
1 1648
1 96
1 190
2 342
2 767
2 1120
1 219
1 34
1 965
2 1816
1 1768
2 1692
1 1330
1 1164
2 1606
2 2145
1 48
2 405
2 897
2 556
2 1201
1 1134
2 1013
1 819
2 1996
1 1426
1 184
2 217
1 794
2 1676
2 84
1 1727
1 1965
1 1147
2 1174
2 1796
2 1114
1 126
2 2096
2 1584
1 1872
2 1569
2 537
1 473
2 1555
1 464
1 1790
2 1657
2 2051
1 1330
1 924
1 157
1 1513
2 1635
1 2289
1 1634
2 2245
1 708
2 423
2 1244
2 2189
2 590
2 765
2 2113
2 694
1 380
1 1016
1 1454
2 177
1 303
1 2230
1 1988
1 736
2 1232
2 2166
2 1239
2 366
2 1368
2 55
1 51
2 681
2 1798
1 649
1 408
2 949
2 481
1 1903
2 244
1 1308
1 534
2 499
2 110
1 977
2 1458
1 2282
2 94
2 88
2 957
2 2032
1 238
2 1740
1 1996
2 383
2 102
1 563
1 2251
2 1943
2 40
2 1146
2 110
1 1871
1 837
1 885
1 271
1 219
2 1924
2 2184
1 1721
2 1443
1 842
2 2125
2 42
2 1722
2 1050
1 1641
2 449
1 2161
2 157
2 2279
2 107
2 1476
2 1502
2 1269
2 1809
2 1216
1 1195
2 574
1 586
1 2209
2 264
2 1837
1 144
2 2238
1 104
1 1148
1 986
2 470
1 1938
1 1840
1 1908
1 1527
1 750
1 7
1 751
1 1447
2 1495
2 1624
2 809
2 212
1 847
1 1832
1 1992
1 1772
2 2238
2 1409
1 1532
1 1254
2 2167
2 407
1 1280
2 1984
1 554
2 450
2 965
2 667
1 889
1 1679
2 585
1 1387
2 2029
1 1523
1 1959
2 868
1 2137
1 242
1 1716
2 1779
1 32
1 1172
1 2241
1 1217
2 1650
1 931
2 333
1 346
1 1364
2 1473
2 1933
2 1500
2 1873
2 1056
1 1384
2 883
2 1355
2 248
1 577
1 647
2 79
2 196
1 533
2 770
1 1333
1 1756
2 1392
2 1096
1 1086
1 860
2 400
2 560
2 268
1 552
1 2133
2 1166
2 404
1 518
2 99
1 878
1 511
2 1564
2 2140
2 732
1 2104
2 81
1 1258
2 203
2 1621
2 1489
2 787
1 1549
1 1290
2 166
1 804
1 1259
2 1629
1 2086
2 699
1 1037
2 365
1 1214
2 919
1 193
2 1862
2 1136
1 1458
1 2298
1 156
2 8
1 1256
1 1349
2 963
1 1631
1 1879
2 469
1 1886
1 1518
1 851
2 441
2 1268
1 62
1 2211
1 1003
1 1139
2 1444
2 1453
2 1591
1 1952
2 1938
1 1238
2 210
2 1240
2 1550
2 1057
2 1926
1 824
2 120
2 2267
1 1404
1 1823
2 1053
2 1778
2 898
2 236
1 926
1 1600
2 398
1 662
1 1605
1 1032
2 1297
1 2111
1 2290
1 879
1 1218
1 2198
1 1515
1 1643
2 459
2 1167
2 2185
2 1829
2 138
1 2024
1 1441
2 1472
2 1046
2 530
2 800
1 1099
2 526
1 237
1 240
2 1282
1 1046
2 1054
1 332
1 1555
2 362
2 516
1 630
1 1971
1 11
2 301
2 1484
2 1366
2 1980
2 190
2 556
1 398
2 1939
1 726
2 249
2 21
1 558
2 64
2 874
1 141
1 53
1 1379
1 2070
2 1163
2 204
2 1476
2 477
1 1590
2 1028
1 737
1 1913
2 115
2 1999
2 2084
2 1463
2 1212
2 1272
1 293
2 1851
2 724
2 1683
2 2226
1 1328
1 853
2 2158
2 2124
1 941
2 4
2 127
2 2028
2 1973
1 2158
1 503
2 1658
2 1618
2 1618
1 1084
2 1737
2 415
2 1131
2 1262
2 1962
1 1113
2 1867
2 1145
2 28
2 882
1 350
1 1791
2 2210
2 1115
1 710
2 930
2 465
1 1754
2 2170
2 126
1 86
1 431
2 946
2 2253
2 1358
1 1434
2 1216
2 812
2 602
2 1066
2 2038
1 1264
1 2094
2 790
2 1786
2 170
1 2003
2 1080
2 155
2 2006
2 2007
1 532
1 2266
2 603
1 1446
2 2136
1 669
1 1964
1 2123
2 129
1 1044
1 1510
1 2244
1 339
2 1912
2 1077
2 623
2 1831
2 2268
2 393
1 263
1 2035
2 592
2 1620
1 842
1 1723
1 2143
2 78
2 1016
1 1271
2 1619
2 1319
2 1142
2 681
2 1139
2 41
2 2206
2 512
2 69
2 1858
2 1190
1 281
1 802
2 903
2 232
1 2020
2 2232
2 2024
1 1524
1 1535
2 2090
1 127
2 1354
2 1742
1 1930
1 460
1 1885
1 1636
2 2095
1 497
2 1343
1 652
2 302
2 962
1 858
1 224
2 700
2 910
1 712
1 1118
2 776
2 943
1 1922
2 318
1 658
1 77
2 261
1 300
1 739
2 608
1 460
2 1161
1 1429
1 1158
2 1454
1 1975
2 1674
2 1372
1 679
1 10
1 2247
1 1783
2 1456
1 13
1 1580
1 1467
1 307
1 1198
1 2008
1 1591
1 1249
1 707
1 1614
2 164
2 671
1 2093
2 498
2 7
1 953
1 1659
2 159
2 1353
1 475
2 461
1 731
2 769
1 1690
2 2151
2 1473
1 1742
2 1336
2 2155
2 2182
1 1743
1 1149
2 1348
1 823
1 940
1 1273
1 2128
2 1301
1 1098
2 1604
1 554
2 2080
2 871
1 239
1 471
1 2188
2 1608
1 1597
2 987
2 33
2 698
2 680
2 994
1 1799
1 1490
1 1345
2 268
2 934
2 397
1 2063
2 1082
1 277
1 1421
1 1453
1 1948
2 1789
1 767
1 803
2 932
1 326
1 1699
2 1431
1 615
1 1755
1 575
1 342
2 442
2 1004
1 140
2 773
1 1095
2 1898
2 2134
1 244
1 2152
2 36
2 1021
1 870
1 1377
1 983
1 490
1 204
2 507
2 2092
2 2133
2 449
1 2085
1 289
1 1478
1 1197
1 647
1 1383
2 335
1 155
2 919
2 497
2 1771
2 261
1 2202
1 1423
2 385
1 1443
1 606
1 1732
1 395
2 550
2 1007
2 1156
1 860
1 787
1 619
2 1083
1 287
1 1738
1 519
1 1543
2 11
2 1746
2 895
2 388
2 735
2 1664
2 1522
1 402
2 2100
2 1129
1 967
1 693
2 493
2 1598
2 1560
1 1817
2 833
1 1571
2 1982
2 1392
2 1496
1 1656
1 1181
1 26
1 211
2 1806
1 1299
2 1012
2 724
1 91
1 2157
1 93
2 1947
2 2183
2 1934
2 2174
1 1821
2 1137
2 168
1 2191
2 1402
2 1236
1 484
1 1694
2 68
1 1505
2 280
2 957
1 636
2 1207
2 52
2 302
2 1627
1 2064
1 2205
2 1862
1 1728
2 1026
1 379
2 548
1 2155
1 1493
1 1131
1 80
1 777
2 2053
2 1776
2 1942
2 975
1 2164
1 1587
2 1630
1 770
1 1897
2 2119
1 1810
1 85
1 543
1 1821
1 801
2 2197
2 637
2 1815
2 1260
2 2078
2 1914
2 1855
2 2183
2 1667
1 1780
1 2070
2 1616
1 1048
1 745
2 328
1 2161
2 1958
1 1356
2 953
2 263
1 1154
2 627
1 2047
2 971
2 1581
2 1845
2 2289
2 610
1 253
1 2001
1 2159
2 135
1 1097
1 2039
2 4
1 57
2 2222
1 1894
2 5
1 1743
2 1939
2 2055
2 144
1 984
2 757
2 531
2 2137
2 954
1 1491
1 856
1 1160
2 423
2 1306
2 1068
1 1426
2 1774
1 1809
1 1836
2 1010
2 124
1 761
1 1250
2 1681
2 212
1 1512
2 441
2 1747
2 1551
2 1101
2 1704
1 2246
1 1045
1 1801
2 43
1 90
2 1629
2 2115
2 581
2 102
2 1865
1 1951
2 1769
1 742
2 1834
2 338
1 1
1 1161
2 1517
2 895
1 1067
2 2088
2 900
2 1552
1 95
2 812
1 37
2 59
2 1717
1 740
1 881
2 170
1 2224
1 1746
2 824
1 819
2 1367
1 1228
2 1159
2 727
2 782
1 1156
1 1825
1 875
1 1024
1 1247
2 361
2 1603
1 2162
2 2132
2 759
1 1398
2 671
1 1981
2 622
1 180
2 426
2 1961
1 500
1 1719
1 2273
2 382
1 1864
2 916
1 1529
1 858
2 254
1 1798
2 572
2 2231
1 868
2 2105
2 1198
1 1291
2 101
2 635
1 408
2 1691
1 187
2 2012
2 1120
2 624
1 693
2 2136
2 1065
2 744
2 2222
1 1415
1 1993
1 2074
1 880
2 2016
2 1371
2 783
1 1637
2 918
1 1485
1 316
1 1386
2 1735
2 1122
2 1294
1 1353
1 1176
2 1326
2 1698
1 2118
2 1700
1 1457
1 1570
1 977
2 536
1 1127
2 1410
2 1748
2 1468
1 1152
1 296
2 499
2 258
2 65
2 541
1 720
1 1498
1 2234
1 2249
1 180
1 2144
2 1726
2 1255
2 655
2 1045
1 1480
1 1278
1 436
2 2258
1 958
1 713
2 726
1 1064
1 236
1 1286
2 616
1 218
1 1022
2 927
1 1772
1 1771
2 785
2 1000
2 6
2 1841
1 111
1 2300
1 2279
2 1785
2 2131
1 203
1 221
1 1850
1 719
1 1110
2 361
1 546
2 1838
1 2123
2 1021
2 343
2 1680
2 1052
2 309
2 754
2 2263
2 114
1 1723
1 1301
1 113
1 29
2 1668
2 1009
1 1259
2 2178
2 736
1 2117
2 935
1 331
2 555
2 2201
1 2056
2 2227
2 1595
1 817
2 775
1 2080
2 1881
1 614
2 50
2 410
2 1170
2 225
2 2283
1 942
2 1361
1 1312
1 1154
2 225
2 1411
2 109
2 429
2 444
1 1500
2 1340
1 1569
2 883
2 1283
1 218
2 495
2 319
2 804
1 692
2 2195
2 1501
1 1463
2 1495
2 599
1 1877
1 1767
1 1990
1 1261
1 487
1 2044
2 505
1 116
2 1915
2 1157
2 1880
2 205
1 445
1 1970
2 1971
2 2232
2 1930
1 1536
1 1766
2 2300
1 924
1 879
1 1502
2 539
2 944
1 304
1 108
2 1818
2 1570
1 1229
1 433
1 1246
2 1954
1 535
2 492
1 1079
2 587
2 1464
2 1027
2 1043
2 1038
2 748
1 1823
2 125
1 1839
1 649
2 28
1 1030
2 725
1 1032
2 1188
1 1342
1 849
1 1757
1 820
2 1797
2 2203
2 827
2 1489
2 1012
1 1819
1 698
2 2260
1 1062
1 129
2 1233
2 2057
1 1709
2 1703
2 2004
1 1296
1 38
2 1294
2 662
2 1711
2 1969
1 83
1 1283
1 1661
1 1579
2 2212
2 1140
2 582
2 783
2 1497
2 388
2 923
1 348
1 394
2 705
1 15
1 1910
1 2008
2 737
2 299
2 2126
1 921
1 567
1 735
1 1206
1 1033
1 1597
2 383
1 1693
1 2066
1 374
2 424
1 1655
2 999
2 991
2 321
1 1091
1 1845
1 866
2 1533
1 1406
2 1218
2 1575
2 2240
2 861
1 312
2 639
1 457
1 1373
1 1899
1 23
1 1003
1 2044
1 1658
2 665
2 1708
2 2206
2 1753
1 1866
1 2171
1 2163
1 1063
2 56
2 1312
2 1125
2 778
2 568
1 1236
1 1627
1 676
2 239
2 659
1 1470
2 1806
2 894
1 67
2 1383
2 2277
1 1338
2 948
2 2225
2 1499
2 1731
2 722
2 1708
2 1287
1 1200
1 2025
2 1002
2 1671
1 655
2 985
1 1231
1 18
1 453
2 1385
2 1669
1 1585
1 1452
1 1647
2 195
2 168
2 1901
2 2179
2 1529
1 1223
1 1203
1 2068
2 1777
2 96
1 76
2 163
2 164
2 656
1 672
2 908
1 272
1 490
2 1346
2 1861
2 911
1 1367
1 2194
2 1902
2 1598
2 708
1 952
1 1127
2 1191
1 1773
2 2032
1 2269
1 352
2 768
1 167
2 65
1 1398
2 330
1 1649
2 915
1 2296
2 248
2 600
1 1649
1 878
2 2096
1 1670
2 831
1 1553
1 447
1 2243
1 2184
1 1986
2 1267
2 1227
2 2179
1 1978
1 1051
2 2286
2 583
1 1729
1 1420
2 281
2 189
1 1442
1 799
1 1496
1 462
1 39
2 2187
1 2002
2 832
1 1574
1 1860
1 160
2 734
2 2057
1 1345
1 1889
2 1540
2 1820
1 1128
2 685
1 1583
2 530
1 1241
2 267
2 1776
2 1817
2 259
2 585
1 1846
1 1942
1 391
1 1452
1 120
1 1099
1 2034
2 2239
2 852
2 1305
1 509
2 1087
2 283
2 802
2 2251
1 616
1 806
2 1961
1 438
1 1882
2 132
2 604
1 1380
1 2144
1 645
1 2007
2 25
1 1537
2 2112
1 1126
1 1055
2 344
1 811
2 1818
1 987
2 355
1 307
1 838
1 2149
2 13
1 1936
1 775
2 1247
2 1491
2 1903
1 2165
1 2023
1 2018
2 540
1 920
1 1414
1 2015
1 859
1 1318
2 227
2 498
1 1111
1 230
2 40
2 1102
1 2194
2 2220
2 1433
2 1438
2 1625
1 1091
2 1252
2 2098
2 1270
2 1586
1 747
2 2272
2 476
1 2291
1 1408
1 294
1 241
2 607
1 1559
1 718
2 226
2 1435
2 1622
2 1388
2 2181
1 1251
2 1656
2 901
1 245
2 2293
1 628
1 208
2 2141
1 1276
1 1546
1 1756
2 1352
2 428
1 385
1 1199
2 871
1 683
2 1304
1 914
1 973
2 71
2 1602
2 1081
2 592
1 1546
1 1514
1 571
1 1607
2 1778
1 2071
2 1439
2 950
1 642
1 1478
1 634
1 2199
2 1664
2 479
2 1058
2 169
2 829
1 465
1 1352
2 1471
2 1391
2 1408
2 947
2 1343
2 1465
2 2076
1 2256
