4100 2000
1 1315
1 36
2 1939
1 1076
2 1739
2 618
1 1658
1 119
1 780
1 1467
2 1582
1 1764
2 1364
1 391
2 1308
1 67
2 1742
2 463
2 1392
1 1515
2 1046
1 487
2 143
2 897
2 1569
1 1511
1 1367
2 2049
2 729
1 183
1 2000
2 1090
1 790
1 1315
2 1061
1 1817
1 574
2 149
1 1831
1 1967
1 1386
2 921
2 1408
1 1573
2 1718
1 1051
2 1531
2 588
2 198
1 1135
1 874
2 402
2 1225
1 1736
1 631
1 1173
2 174
1 750
1 276
1 350
2 1668
2 151
1 102
1 585
1 1640
2 1872
2 1995
2 1379
2 736
1 981
1 127
2 422
1 642
1 1839
1 1164
2 595
2 1299
1 1660
1 1815
1 1145
2 974
2 1131
1 480
1 1964
1 1024
2 1510
2 1896
1 1563
1 1900
2 92
1 1618
1 1093
1 799
1 1973
1 1308
1 1689
2 1724
1 1772
2 268
2 1022
1 1111
1 289
1 1269
2 671
2 1156
2 1288
1 1341
1 1982
2 1202
2 469
2 21
1 556
1 765
2 1528
1 1250
1 4
1 1088
1 879
2 325
2 1052
2 1106
2 1133
1 1682
2 499
1 1350
1 1336
1 1750
1 810
1 1846
1 1080
2 1513
1 494
1 552
1 943
1 1016
1 196
2 721
1 321
1 186
1 1837
1 1240
2 2036
2 1433
1 177
2 1996
2 533
1 622
1 1520
1 396
1 1297
1 407
1 1727
2 759
2 951
1 1518
1 1869
2 218
1 1238
2 1205
2 858
2 1526
1 1721
1 1256
2 1568
2 1961
1 1478
1 641
2 689
1 931
2 968
1 1285
2 1264
2 1125
2 1005
2 1600
2 1473
1 1439
2 405
2 1357
1 1598
2 1324
1 310
2 1480
2 1507
2 1777
2 353
1 1965
1 1044
1 1668
2 859
1 246
2 1000
1 1132
1 2018
1 2042
1 1217
1 1486
2 941
2 1128
2 2035
1 1723
1 1838
1 1186
2 1884
2 755
2 1763
2 608
2 1136
1 9
2 1815
1 1918
2 978
2 1132
1 232
2 635
1 1877
2 219
2 847
2 744
2 1535
1 688
1 1505
1 1183
2 1593
2 1558
2 504
2 258
2 757
1 1236
2 403
1 1181
2 1044
1 1241
2 1747
2 375
1 732
2 834
2 1072
2 2003
2 80
2 421
2 1702
1 534
2 1792
1 1570
1 972
2 1854
2 271
2 1034
1 1029
2 345
1 692
2 1988
1 1935
2 1639
2 1113
1 316
2 1733
1 567
1 1535
1 1807
1 1663
2 54
1 1667
2 562
2 333
1 610
1 263
2 1295
1 1754
1 1101
2 928
2 1840
2 2031
1 667
2 1122
2 1434
2 32
1 1927
1 1725
1 844
1 817
2 1799
1 1438
1 385
1 50
1 2014
1 145
1 206
1 1780
1 1592
1 405
2 1653
2 318
2 497
1 129
1 457
1 1384
1 860
1 1228
1 1609
2 679
1 303
2 1885
1 1683
2 835
2 88
1 252
1 77
2 136
1 880
2 430
1 419
2 1609
1 372
2 367
1 493
2 82
2 1359
1 838
2 941
1 1187
1 641
2 184
2 687
1 392
2 1472
1 733
1 1700
2 213
2 1287
2 2048
2 1677
2 66
1 1206
1 115
2 880
2 59
1 1637
1 554
1 1406
2 996
2 1780
2 1314
2 602
2 1108
2 1703
1 1110
2 1588
1 1583
2 1781
1 1023
2 1487
1 1413
2 1970
2 638
1 998
2 858
2 1021
2 1848
2 1012
1 101
1 896
1 1954
2 1788
1 1453
1 275
2 338
1 964
2 295
1 187
2 336
1 1144
2 200
1 1242
2 1322
1 1449
1 662
1 1753
2 429
1 1582
2 587
1 1072
2 281
2 1554
2 1155
2 1710
1 1385
2 439
1 1205
1 2021
1 159
1 804
2 1593
1 580
1 1937
2 547
2 1210
1 1603
1 564
1 1705
1 410
1 570
2 1086
2 537
1 1732
2 280
1 158
2 663
1 1092
1 1799
1 1486
1 942
1 932
2 1576
2 848
2 2029
1 643
1 1664
1 673
2 411
1 142
1 1041
1 1926
1 1708
1 114
1 1730
2 246
2 141
1 425
2 1887
1 1332
1 1694
2 604
2 1436
1 774
2 1199
1 934
1 581
2 477
2 409
1 156
1 804
2 1547
2 1478
1 461
2 1832
2 327
1 1162
1 1519
2 17
2 632
2 48
2 1484
1 1347
2 837
2 1470
2 738
2 1578
1 926
2 710
1 344
2 1985
2 1960
1 1928
1 218
1 1932
2 843
2 1996
1 1787
1 1204
1 143
2 1907
2 72
1 928
1 1206
2 1710
2 469
1 1864
2 675
1 1861
2 397
1 640
2 1605
1 1627
1 592
1 1421
2 1913
1 1578
1 1941
1 1638
2 2001
2 1114
1 711
1 475
2 1618
2 840
2 172
2 1864
1 444
1 1905
2 1774
2 289
1 100
1 685
2 1974
2 671
1 165
2 1368
2 568
1 1140
2 182
2 719
2 2005
1 445
2 190
2 1078
1 266
2 1644
1 1396
1 363
1 41
2 340
2 866
2 303
2 1472
2 528
2 1330
2 556
1 875
2 1562
1 1419
1 1632
1 1875
1 1675
2 947
1 1522
1 1082
1 1177
1 1139
1 509
1 99
2 1714
1 285
2 1657
1 265
2 357
1 1070
1 1983
2 1491
1 1949
1 1285
1 2044
1 1957
1 1591
2 534
1 325
2 1826
2 761
1 1904
1 795
2 879
2 1964
2 950
2 904
1 476
1 323
1 1833
2 111
1 502
1 728
2 202
2 1650
1 833
2 435
2 540
1 1567
2 1393
2 769
2 690
1 1981
1 900
2 506
1 2010
2 1207
2 542
1 1265
2 1643
1 352
2 1645
2 828
2 7
1 414
2 1574
1 1243
2 139
2 793
2 2002
1 609
2 758
1 1335
1 667
1 720
2 702
2 299
1 340
2 2031
2 1331
2 1692
2 864
2 1086
1 74
1 1446
2 314
1 1706
1 423
1 1621
1 1374
1 786
2 1982
2 1148
2 1591
1 38
2 1951
1 1195
2 2050
2 1104
2 1719
2 1154
2 1152
2 1450
2 1083
2 1645
1 1557
1 1517
1 764
1 1881
1 1889
2 1990
1 1112
1 2012
1 470
2 145
1 346
2 1612
2 1628
2 1608
1 1452
1 1467
1 341
1 720
2 447
2 1700
2 305
1 39
1 1635
2 898
2 1284
2 1066
2 305
1 437
1 1793
2 116
2 1771
2 2020
1 1712
1 1875
1 1047
1 645
1 1853
1 1728
2 1456
1 75
2 710
2 267
2 1846
1 1551
1 1405
2 98
2 231
2 103
2 212
2 607
1 882
2 2030
1 775
2 691
2 842
2 552
2 367
2 1203
2 1305
2 180
2 1912
1 872
1 131
2 1190
1 307
1 473
1 840
2 1841
1 877
2 262
2 55
1 1808
2 535
1 739
1 1024
2 682
1 242
2 32
2 1539
2 1687
2 485
2 724
2 573
2 1925
1 1851
1 574
1 1759
1 1462
2 1626
1 959
2 417
1 1276
2 1353
2 250
2 296
2 821
2 28
2 1854
2 1811
2 1674
1 383
2 936
2 1525
1 1617
1 1077
2 504
1 1771
2 1586
1 124
1 655
2 618
1 451
1 1471
1 313
2 930
2 561
2 1192
2 776
1 747
1 1550
1 1911
2 989
2 1734
1 1307
2 1951
2 243
2 857
2 539
1 1837
1 465
2 740
1 1758
1 1372
1 1672
2 1769
1 902
1 71
2 83
1 1313
2 1497
2 227
2 1362
1 349
2 1993
1 1971
1 1711
1 1557
1 896
1 449
1 927
1 1690
2 862
1 844
2 1188
1 232
1 1218
1 569
2 1169
1 1757
2 964
1 638
1 1407
1 465
1 602
1 1251
1 2032
2 1225
2 1130
2 902
2 89
1 1568
1 594
2 1380
2 636
2 178
2 7
1 1376
1 1481
1 1073
2 737
1 1329
2 1062
1 1058
2 925
1 1189
2 669
1 1794
2 539
1 456
2 1089
2 684
1 126
1 1171
1 1332
1 1796
2 789
2 19
2 247
1 1508
1 1320
2 20
2 1233
2 459
2 61
2 837
1 688
1 461
2 1222
2 1670
1 586
1 1868
1 1133
1 1158
1 595
2 1248
2 1682
2 103
2 347
2 1916
2 1658
2 1166
1 41
1 1553
2 1849
1 984
1 376
2 701
1 1276
2 1843
1 380
1 12
1 388
1 393
2 1003
1 686
1 906
1 546
1 1893
2 741
1 771
1 1516
2 440
1 712
2 577
1 859
2 60
2 1091
1 1156
2 42
2 609
2 711
1 926
2 472
2 337
1 1094
1 1269
1 1452
2 1514
2 1602
1 1131
1 1347
1 597
1 81
1 712
1 1263
2 80
1 1350
1 96
1 1212
2 1126
1 319
1 627
2 1049
1 2026
1 1594
1 1493
1 1766
1 567
2 214
1 812
2 361
2 1622
2 301
2 328
2 1577
2 101
1 2016
2 278
1 2004
2 155
1 65
2 158
2 333
1 718
2 14
1 668
2 1872
1 697
2 742
2 658
2 482
2 1990
1 797
1 1123
1 1547
2 34
2 1975
1 1388
1 1296
1 1891
1 1693
1 818
1 490
1 1926
2 438
2 1790
1 1423
1 1234
2 1755
1 1356
1 615
1 401
1 1842
2 1902
1 943
2 841
2 1448
1 495
2 1182
2 318
1 361
1 146
2 57
2 1665
1 979
2 551
1 287
1 1757
2 753
2 85
2 666
1 571
1 1827
2 863
1 1361
1 1656
2 1196
1 1528
2 670
1 1844
1 1522
2 754
2 1349
2 482
2 1159
2 1080
2 345
2 1406
2 1743
1 72
2 1676
1 247
1 1560
1 1706
2 1775
1 1858
2 977
2 715
1 1563
2 689
2 1764
2 1895
1 1502
2 1518
2 869
1 828
2 518
1 637
2 1707
2 949
2 1030
2 242
1 632
1 1253
1 757
2 18
1 1795
1 1289
2 1065
1 825
1 1501
2 1233
2 294
1 1457
2 1649
1 649
2 16
1 175
1 1345
1 203
2 988
1 868
1 67
1 426
1 1303
2 990
2 120
1 2033
1 519
2 854
2 1883
2 1962
1 1041
2 897
2 903
1 2039
1 1737
2 473
1 1489
2 139
2 1120
1 282
2 23
2 665
1 1602
1 464
2 907
2 559
2 723
1 1600
2 1116
2 1917
2 846
2 98
2 1701
2 1027
2 1656
2 1630
2 1663
2 748
2 1981
2 882
2 905
2 915
1 1559
2 2034
1 916
1 1918
1 1309
1 368
1 2049
2 1671
1 478
2 578
2 1431
2 814
2 1494
1 1351
2 868
2 525
1 267
2 865
2 657
2 1326
2 1942
2 1620
2 1856
2 531
2 682
2 234
1 2047
2 365
2 970
1 1497
2 1642
1 1298
1 1106
1 1489
2 991
2 814
2 1619
1 952
1 664
1 1170
1 612
2 1256
2 1991
2 1610
2 1033
1 106
2 1211
1 676
1 725
1 395
1 1055
2 1653
2 1922
2 112
2 1088
2 1355
2 315
2 1385
2 633
2 551
1 773
1 1190
1 264
2 810
2 404
2 716
1 1362
2 1357
2 177
2 1070
1 1924
1 1789
2 149
1 1101
2 1850
2 742
2 153
1 2
1 1020
2 1444
2 803
2 76
2 1301
2 270
1 1643
1 1447
1 1761
1 1978
1 617
1 462
2 985
2 939
2 20
2 1744
1 1487
2 153
1 1631
2 993
1 1485
2 127
1 564
2 1599
1 515
1 357
2 412
2 1586
2 14
2 1142
2 86
1 1495
2 1060
2 91
2 1398
2 791
2 874
2 1748
2 1204
1 1287
1 1290
2 1324
1 1899
2 176
2 1443
1 69
1 1006
1 1729
1 1254
2 954
2 1871
2 572
1 1900
2 1640
1 1807
2 932
1 875
1 786
2 592
2 309
2 541
2 1592
1 21
2 1123
1 1457
1 1959
2 1412
2 286
2 181
1 1893
1 1514
2 971
1 13
2 2013
1 1209
1 5
2 87
1 991
2 1928
1 1929
2 1782
1 975
1 179
1 1420
1 948
1 1262
1 829
1 121
1 1351
1 1581
2 244
1 1465
2 1989
1 1096
1 446
2 1240
1 930
1 1387
2 783
1 513
2 332
2 1862
1 27
2 1980
1 1647
2 1648
1 1121
1 1933
1 1384
1 125
2 724
1 616
1 84
2 1109
1 1488
2 364
1 392
2 1642
1 99
1 694
2 816
1 1214
2 238
1 60
2 441
1 257
1 596
1 1797
2 209
2 1033
2 1974
2 176
1 1835
1 1355
2 832
2 110
2 1375
2 1295
1 2028
2 194
2 1017
1 1803
2 1644
1 30
1 1935
1 118
1 797
2 1015
2 10
1 25
1 1054
1 658
1 870
2 619
1 933
2 977
1 2044
1 68
1 653
2 784
2 1469
2 1400
2 636
1 257
1 228
2 2019
1 486
1 869
1 1107
1 1992
1 549
2 86
2 681
1 260
2 2007
2 1420
1 1548
1 2019
1 1808
1 1013
2 1438
2 1277
1 708
1 754
1 1302
2 1026
2 768
2 1414
1 788
1 1575
1 1141
2 1925
1 1230
2 17
2 1343
1 1847
2 1543
1 1540
2 433
1 1232
1 1830
2 1410
1 1567
2 478
1 695
1 1883
2 1590
2 1532
1 1922
1 851
2 1032
1 1688
1 25
2 373
2 239
1 659
2 1902
1 1053
1 1848
1 1253
1 1421
2 1940
1 1654
1 254
1 625
1 380
2 33
2 1264
1 1294
2 293
2 1571
2 1110
2 2006
1 316
2 91
2 726
1 542
2 587
1 459
1 37
2 1671
1 1698
2 1741
1 1774
1 1965
1 426
2 445
2 447
2 95
1 750
2 1344
2 1613
2 1664
1 1968
2 1833
1 1679
2 269
2 507
2 1262
1 772
1 225
1 661
2 280
1 1030
2 678
2 608
2 2022
1 1416
1 2009
2 16
2 104
1 243
1 794
1 298
2 388
2 1767
1 400
2 576
2 317
2 396
2 748
1 1738
1 1267
1 251
1 376
2 962
1 157
2 1554
2 52
1 1202
1 349
1 940
2 398
1 809
2 1427
2 278
2 1382
2 1363
1 788
1 404
1 1853
1 674
2 1716
1 1828
1 735
1 600
2 579
1 1393
2 978
2 330
1 222
1 589
1 1239
2 2024
1 1003
1 415
2 1533
2 241
2 1561
2 676
2 972
1 836
1 387
2 82
1 1084
2 123
2 57
2 1067
2 621
2 237
2 193
2 659
1 1175
1 749
2 1448
2 1338
2 85
1 850
2 1873
1 146
2 1579
1 204
2 1728
1 166
1 1282
1 1651
2 1722
1 1580
2 191
1 233
2 1813
1 22
2 1744
2 58
2 597
2 923
2 1749
1 1141
1 1291
2 402
2 200
2 195
1 335
1 623
1 515
1 1715
2 1138
1 913
2 647
1 1411
2 508
1 1094
2 1880
1 549
2 749
1 391
2 500
2 569
1 554
2 2025
2 1196
2 1622
2 1316
2 866
2 983
1 996
2 1081
1 627
1 1259
2 1516
2 976
1 378
1 276
1 1819
1 56
1 1571
1 1984
1 1626
2 1696
2 946
2 124
2 1803
1 1863
2 1372
1 312
2 1074
1 887
2 1146
2 1899
1 337
1 190
2 1120
1 341
1 65
2 1534
2 1829
2 123
2 605
2 2004
2 2003
2 458
2 1597
1 1255
1 409
2 1081
2 2034
2 291
1 283
2 282
1 1766
2 1916
1 1404
1 1746
1 1720
2 262
1 1004
2 413
1 1049
1 1587
2 1409
1 2017
2 953
2 760
1 1242
1 192
1 543
2 838
2 1562
1 1050
2 1468
2 530
2 40
2 1069
1 1429
1 1868
1 1179
1 398
1 794
2 432
1 1998
1 1647
1 953
1 106
2 1395
1 851
2 1476
1 1914
1 713
1 206
2 1155
2 1636
1 1739
1 1634
1 1880
1 506
2 1090
1 209
2 1235
2 365
1 204
2 454
2 161
1 798
1 159
2 27
1 10
2 431
1 1726
2 304
1 428
2 105
2 579
2 695
2 1404
2 263
2 1956
1 1500
2 982
2 1405
1 1856
2 1693
1 1584
1 1938
2 1252
1 565
1 193
2 1040
1 1818
1 1057
2 164
1 1371
1 1865
2 2006
1 173
1 790
2 871
2 1542
1 527
2 699
1 1814
1 2046
2 1685
2 848
1 308
2 297
1 1790
2 1343
1 1265
2 1282
2 938
1 457
2 1624
2 1058
1 44
2 1447
1 756
1 1654
2 776
1 1607
2 802
2 109
1 208
2 783
2 1960
1 1560
2 296
2 974
2 1188
2 1802
1 714
1 853
2 1172
1 529
1 160
1 1316
1 1621
2 1320
1 1855
1 1648
1 1526
2 823
1 674
1 510
2 1359
1 982
2 2032
1 1827
2 1795
1 1566
1 1399
2 735
2 512
2 1445
1 1002
2 425
2 265
2 1717
1 1503
1 1177
2 971
2 753
1 452
2 421
2 1401
2 1271
2 15
1 338
1 70
1 466
2 958
2 29
1 205
1 269
1 1584
1 1564
1 873
2 217
2 1327
2 1945
2 523
2 233
1 479
2 1543
2 1011
2 1437
2 131
1 148
2 1786
2 79
1 824
1 1482
1 774
2 1278
1 771
1 1484
1 1551
2 1437
1 1909
2 468
1 1884
2 1098
2 1485
1 147
2 524
2 903
2 951
1 2041
2 1845
2 692
2 870
1 521
2 715
2 1541
2 1763
1 1056
1 53
1 1955
1 807
1 1442
1 1095
2 1984
1 150
1 1178
2 865
1 601
1 775
2 1091
2 194
2 986
1 1832
2 826
1 1221
1 947
2 1057
1 863
2 733
1 351
1 876
2 1417
2 1034
1 1699
2 1959
1 1498
2 1575
2 2008
1 1353
2 521
2 1039
2 948
2 1504
1 1303
1 235
2 770
1 1866
1 644
2 1257
1 547
1 614
1 1745
1 1185
2 1079
1 1014
2 1147
1 1509
1 260
1 1169
1 2015
2 1510
1 1694
2 607
2 523
2 120
2 1564
1 1329
2 1822
2 966
2 1226
2 781
1 727
2 787
1 1368
1 105
2 1151
2 807
2 1045
2 1892
2 1274
1 1923
1 1492
1 1975
1 134
2 144
1 649
1 532
2 417
2 603
2 186
1 1801
1 1402
1 228
1 45
1 949
1 1490
2 2033
1 811
1 1464
2 1731
1 1095
1 1216
2 704
1 1360
2 484
2 1765
1 891
1 989
1 427
2 1007
1 546
1 311
2 1776
2 1650
2 1887
2 122
2 691
1 1373
2 1228
2 1401
1 1720
1 813
2 1391
1 677
1 590
1 1929
1 356
1 1098
2 253
2 588
1 1773
1 507
2 1435
1 769
2 560
2 1261
2 302
2 1665
1 1153
2 1102
1 519
2 888
1 1398
2 1873
2 1638
2 1941
1 745
1 466
2 1126
2 976
2 537
2 1629
1 700
2 147
1 1716
1 680
2 1770
2 1536
2 1197
1 300
2 1346
1 886
2 935
2 1953
2 1939
2 207
1 156
1 910
2 1136
1 211
1 714
2 1681
1 1691
2 217
2 1097
2 1159
1 63
1 1812
1 778
1 668
1 1279
2 1878
2 1311
1 113
2 427
1 163
2 1675
1 1032
2 339
2 1220
2 1198
1 1161
1 1947
1 1099
1 450
1 1183
2 973
1 211
1 309
2 1752
1 97
1 1655
2 1428
2 273
1 1422
1 1559
2 801
1 660
1 1309
2 434
2 1107
2 530
1 1259
2 830
2 1546
1 370
2 58
1 1588
1 47
1 160
2 1154
2 1988
2 315
2 2008
2 12
1 826
2 297
2 334
1 1453
2 808
2 1397
2 1054
1 230
2 107
1 1063
2 53
1 1388
2 940
2 136
2 647
2 1943
2 1816
1 1386
1 1944
2 1245
2 681
1 731
2 1021
2 1891
2 1195
2 908
1 1174
2 472
1 54
2 819
1 761
1 360
2 1857
2 575
2 1585
2 654
1 1696
1 1787
2 730
2 1603
2 51
1 1336
2 994
1 544
1 864
2 332
2 683
1 331
1 1348
2 1004
2 49
1 471
2 1213
1 285
1 1194
2 1313
2 1100
1 582
1 1499
1 1180
1 1809
1 1635
1 1888
2 920
1 171
1 1381
2 343
1 590
2 1074
1 1135
1 1360
1 45
1 1254
1 1428
2 483
1 216
2 1479
1 167
1 1008
2 76
1 215
2 498
2 887
1 1724
1 1509
1 1319
2 856
1 1466
1 2010
2 1541
2 1067
1 1930
2 746
1 1250
1 916
1 1369
1 1597
1 214
2 1930
2 1047
1 867
1 1459
2 162
1 1869
1 234
2 1027
2 796
1 1010
1 118
2 1463
1 314
2 1530
2 1138
2 313
1 952
2 1366
2 981
2 1328
2 1127
1 1227
1 820
2 812
1 1632
1 224
2 111
2 1750
1 960
2 845
2 1124
2 414
1 1234
2 24
2 1631
2 1685
2 990
1 1992
2 2029
2 1745
2 1422
2 662
2 1376
1 1674
2 998
2 36
1 489
2 1266
2 1910
2 1956
2 1491
2 317
2 736
2 170
1 1338
1 568
1 1143
2 1454
2 734
1 677
1 829
2 229
2 805
1 532
1 763
2 1415
2 1565
2 637
2 1068
1 1475
2 1885
2 1527
2 384
1 600
1 1667
1 188
2 1176
2 374
2 1538
1 1985
2 1540
2 64
1 1690
2 370
2 9
1 526
1 1028
1 135
2 792
1 1075
1 751
2 1646
2 1754
2 199
2 1558
2 533
1 15
1 1150
2 1114
2 31
1 1117
2 1657
2 1775
2 1476
1 610
1 165
2 130
2 1216
2 706
2 1966
1 326
2 198
1 1020
1 522
2 1934
2 56
2 931
2 1210
1 1273
1 1818
1 811
2 839
1 785
1 1616
2 1137
2 1292
1 525
1 1275
1 1831
1 1249
1 963
2 716
1 201
2 189
2 1048
1 1755
1 802
1 1911
1 1615
1 895
1 393
2 744
1 1506
2 1703
1 1908
2 615
2 1366
2 599
1 1962
2 1938
2 1596
2 766
1 582
1 873
1 1778
2 227
1 1906
1 687
1 1005
2 1348
1 1339
2 1333
1 1403
2 329
1 604
1 1071
1 1122
1 583
2 1083
2 1814
2 524
1 1215
2 1213
2 1365
1 1769
1 1129
1 1501
1 2030
1 904
2 323
1 2045
2 1849
1 550
1 1955
1 1740
1 1468
2 1261
1 927
1 104
1 448
1 956
2 762
2 1116
2 1677
2 1986
2 390
1 1498
1 1844
2 1991
1 806
2 1121
1 1908
1 854
1 1717
2 452
2 1604
2 1273
2 164
1 1297
1 389
1 1311
2 221
1 33
2 1019
1 281
2 389
1 1863
1 606
1 1615
1 965
2 1199
1 646
2 1165
1 1407
1 1013
2 78
1 1267
2 1762
2 235
1 612
1 1783
2 772
1 43
1 261
1 1219
1 698
2 1461
1 1968
2 1157
1 416
2 1730
1 620
2 170
1 11
1 1697
1 428
1 238
2 803
1 656
2 1589
2 957
2 481
1 1606
2 1727
1 1496
2 1008
1 491
1 1683
2 1561
2 1402
1 1852
2 1283
2 387
1 816
2 335
2 1182
1 801
2 1858
2 1104
2 999
2 784
1 2011
1 734
2 474
1 112
2 739
1 1255
2 237
1 252
2 229
1 125
2 598
2 1464
2 1826
1 1243
1 1762
2 1185
2 249
2 1607
2 1508
1 423
2 463
1 64
1 1434
2 884
1 1272
1 1414
1 442
1 1878
1 1391
2 1365
1 631
1 1521
2 271
1 1709
1 1793
1 642
1 1569
2 436
2 835
1 557
2 100
1 1328
1 1874
1 706
2 2
2 220
2 422
1 1317
2 378
2 408
2 968
2 1418
2 155
2 1079
2 157
2 1337
2 88
1 901
1 540
1 1934
2 374
1 1611
1 1363
1 1979
1 675
1 1286
1 1093
2 1552
2 1714
1 130
2 1704
2 1358
1 606
2 723
2 1198
1 1271
1 2023
2 502
1 308
2 1018
2 46
1 399
2 1474
2 849
2 1168
1 1679
1 320
2 42
2 1976
2 1312
1 1919
2 1822
1 1556
2 919
2 1587
1 1921
1 2011
1 1296
2 497
1 1932
1 1881
2 94
1 1097
2 915
2 640
1 1373
2 1513
1 781
1 555
2 623
2 1085
1 1310
2 1370
2 727
2 1341
2 1835
1 764
2 936
1 1435
2 2012
2 1542
2 1699
2 800
1 1059
2 1048
2 195
1 304
1 664
2 646
1 169
2 1800
1 1038
1 1146
1 1272
2 762
2 1511
1 881
2 1772
2 1314
2 1839
2 1523
2 1577
2 1914
1 1411
2 818
1 1060
1 1698
2 1731
2 1461
2 698
2 446
1 1824
1 834
1 651
2 1278
2 1053
1 299
1 292
1 1006
1 1342
2 933
2 1753
1 1879
2 1446
2 1920
2 152
2 842
2 1069
2 1194
2 1655
1 1298
1 320
2 1936
2 645
2 1011
1 1579
1 785
1 1025
1 485
2 1625
2 350
1 1475
2 203
1 1208
1 562
1 944
2 1811
2 326
1 1735
2 528
1 900
1 1659
1 512
2 1077
1 918
2 852
2 1469
2 906
1 1396
1 1134
2 1707
1 1997
2 363
1 1688
2 624
2 1896
2 536
2 500
1 1691
1 572
2 236
1 1952
2 1903
1 726
1 62
2 1184
2 96
2 1666
2 938
2 558
1 1760
2 1432
2 759
1 1907
2 1841
2 1857
2 1001
2 128
1 653
1 1179
1 1810
2 620
2 584
2 1507
2 1130
1 593
1 883
1 475
1 1913
2 1595
1 1601
1 570
2 1676
2 1340
1 1304
1 961
1 140
2 168
1 410
2 1007
1 1606
2 1553
2 1463
2 1512
2 843
1 1028
1 511
2 1943
1 883
1 1718
2 888
1 1381
1 444
1 109
2 406
1 806
1 1737
1 3
2 986
1 372
2 1646
2 1258
2 386
1 975
1 347
1 1217
1 1191
2 1105
2 946
2 505
2 362
1 1748
2 613
2 94
1 1652
1 1152
2 1306
2 1820
2 1889
2 1534
2 1924
2 255
1 973
1 188
1 1344
1 169
2 1356
2 369
1 366
1 553
2 1201
1 256
1 467
2 213
1 1897
2 1862
1 992
1 210
2 725
1 1909
1 334
1 115
1 390
1 424
2 1172
2 1860
1 480
1 81
2 581
1 1017
2 245
1 1977
2 201
1 1614
2 1565
2 348
1 1167
1 1573
2 1325
2 163
2 1805
2 957
2 1040
2 509
2 1686
2 355
1 22
1 665
2 251
2 364
2 583
1 1659
2 1065
1 1719
1 1251
1 1231
1 629
1 1209
1 2016
1 970
1 1524
2 1998
1 135
1 1850
2 1174
1 1898
2 496
1 437
1 38
2 1425
2 1149
1 693
1 1092
1 980
1 1219
2 995
1 1576
2 49
2 1861
1 279
1 23
1 758
2 2041
2 1277
2 591
1 1523
1 1015
1 878
2 1895
2 1980
1 1692
1 1117
1 1666
2 1802
2 26
1 122
1 960
2 1574
1 212
2 950
1 129
1 678
2 108
1 1910
1 327
2 705
1 1756
2 777
1 306
2 344
1 1877
2 191
2 633
2 648
1 1423
2 690
2 1059
2 1451
1 1778
1 679
2 1163
1 1191
1 216
1 1673
2 2015
2 1736
1 670
2 1371
2 199
1 275
2 2047
2 732
2 2013
1 400
1 1616
1 905
1 648
2 1953
2 307
2 401
2 92
2 598
1 43
1 371
2 541
1 1137
1 210
1 185
1 925
1 259
1 704
1 1050
2 439
1 339
2 1546
1 1352
1 908
2 1051
1 3
1 128
2 74
1 1394
1 1492
1 1431
2 895
2 1758
2 1178
2 1364
1 471
1 1870
1 1310
1 90
1 241
2 1870
2 1378
1 300
1 913
1 492
2 1379
1 503
2 1555
1 1695
2 1641
1 397
1 117
2 360
1 1349
1 1734
1 35
2 154
1 1063
2 219
2 766
2 1318
1 800
2 1944
1 1466
1 1942
1 1544
1 1395
1 351
2 448
2 885
2 651
2 626
1 655
2 34
2 1170
2 261
1 743
2 738
1 501
1 1581
2 1532
1 1619
2 822
2 1283
1 453
1 2040
1 368
1 1460
1 1888
1 1143
1 449
1 1548
2 1599
2 356
2 1380
2 1103
2 1661
2 2038
1 1589
2 1224
2 1851
2 1339
2 1495
2 353
2 167
1 849
2 2038
2 1100
2 911
2 1299
1 1035
2 852
2 496
2 223
2 1633
1 420
1 1867
1 1247
1 1590
2 430
2 1794
2 1340
2 1572
1 994
1 1689
2 1617
1 2045
1 1721
1 634
2 394
1 13
1 652
1 97
2 885
2 1105
1 1354
2 1777
1 703
1 529
1 1390
2 1768
2 1260
2 1207
2 1046
2 751
1 2042
1 1545
1 29
2 330
2 779
2 580
1 1042
1 180
1 1756
2 621
1 894
2 1828
2 1322
1 84
1 1670
1 173
2 1096
1 462
1 1052
2 1630
2 1684
1 1449
1 322
2 1257
2 1549
2 277
1 1377
2 329
2 1804
2 18
1 730
1 1193
2 1651
2 343
2 1781
1 1738
2 1627
1 1882
1 1181
2 420
1 1601
2 1293
2 1776
2 433
1 650
2 596
2 1879
1 295
1 777
1 1525
2 1678
2 1920
1 718
1 354
2 1317
2 1145
1 1866
1 324
1 1977
2 1165
1 876
1 856
2 857
1 454
2 1661
1 719
2 221
1 573
1 189
1 1369
1 520
1 1249
1 266
1 6
2 663
2 196
1 752
1 1062
2 520
2 779
1 955
1 1389
2 1570
2 508
2 1488
2 1768
1 1399
2 268
2 137
1 197
2 1743
2 1950
2 1045
2 833
1 892
2 1323
1 846
1 1970
1 1978
1 1002
2 477
2 322
1 939
2 126
2 117
1 709
2 1801
2 1999
2 1797
1 1128
2 1751
2 450
2 379
2 763
1 1176
2 1417
2 1823
1 1915
1 1957
2 352
2 179
2 1375
2 1304
1 1061
2 373
1 901
1 1894
2 1712
2 550
2 2023
2 1173
2 342
2 1905
2 1078
1 71
1 1158
2 1306
2 518
2 377
1 1697
1 778
2 412
1 1119
2 1963
1 1652
2 709
1 575
2 1834
2 1994
1 48
1 474
1 1403
2 1825
2 1203
1 208
1 1783
2 867
2 2024
2 919
2 945
2 293
1 168
2 1330
1 586
1 745
1 898
1 672
1 1636
1 1352
2 914
2 1823
2 442
1 1806
1 845
2 366
2 2014
1 1751
2 1197
2 312
2 911
2 1087
1 1723
2 1
2 1786
2 141
1 358
1 479
1 1791
1 1335
1 731
1 700
1 1043
1 1477
1 1779
2 1782
2 1639
1 151
2 306
2 1722
1 1230
1 1333
2 605
2 215
1 680
2 836
2 2050
1 1919
2 1810
1 1010
2 815
2 630
2 823
1 1585
2 205
1 1248
2 435
1 1595
2 921
1 656
2 1071
2 1125
2 1598
1 1441
2 1252
1 1018
2 381
1 1427
1 1917
2 1732
2 830
2 1300
1 1809
2 1439
1 1087
1 443
1 1479
1 1999
1 375
1 1319
2 912
2 1882
2 1102
2 1231
2 61
2 1709
2 491
2 1220
2 1066
2 1686
1 538
2 1237
1 1418
2 1784
2 1673
2 756
1 1334
2 1412
2 114
2 240
1 531
2 1419
2 1993
2 1370
2 1387
1 1462
1 464
1 11
2 236
1 822
1 259
1 1082
1 884
1 1817
2 1890
2 1108
2 1450
1 1986
2 133
2 1321
1 1961
1 1246
1 1455
2 1099
1 382
1 443
1 230
1 1416
2 2001
1 1085
1 942
2 184
2 1940
1 1390
1 1684
2 1342
1 1950
2 821
2 1037
2 2017
1 955
2 1519
2 1409
1 1552
2 1201
2 324
2 669
2 1544
1 1226
1 625
1 746
2 171
1 566
1 1500
1 871
1 1235
1 107
2 892
1 652
1 415
1 853
1 1200
1 1629
1 75
2 1572
1 1765
1 1759
2 1701
2 1016
1 1038
2 185
2 371
2 1036
2 1596
1 1270
1 248
1 470
1 355
1 860
1 2020
1 717
2 1270
1 55
2 311
2 1440
2 827
2 791
2 561
1 722
1 1711
2 1713
2 301
2 369
2 467
2 861
1 1286
2 362
1 1901
2 174
2 1223
2 270
1 899
1 274
2 1111
1 1312
1 413
2 1702
2 403
1 855
2 657
1 1529
1 1608
2 1238
1 639
1 1747
2 1947
1 148
2 1725
2 1496
1 1770
2 954
1 1012
2 231
2 767
2 1192
1 1499
1 558
2 514
2 501
2 1789
1 70
1 1892
2 455
2 1300
2 286
2 181
1 440
1 1660
1 1742
1 1430
2 1326
1 619
2 1323
1 1972
1 438
2 1987
2 182
2 1865
1 1031
1 1180
1 490
1 1798
2 2000
2 1715
1 1713
2 63
1 239
2 384
1 1305
2 2043
2 1247
2 52
1 226
1 1779
2 456
2 1400
2 965
1 987
1 914
2 290
2 133
1 1840
2 2002
2 693
2 962
1 132
2 634
1 1931
2 1821
1 1785
1 121
2 1236
1 1687
1 253
2 93
1 593
2 787
2 346
2 1189
1 1321
2 1931
1 1923
1 1555
1 661
2 557
2 613
2 886
1 1268
2 460
1 1760
1 1442
1 498
2 1613
1 697
2 1502
2 1307
2 1983
2 555
1 967
1 1089
2 1836
1 798
1 622
1 50
1 890
1 451
2 245
2 1244
2 256
1 1459
1 183
2 1483
2 1735
2 878
2 395
1 1268
1 1843
2 1545
1 138
2 565
1 707
2 1290
1 2007
1 614
1 768
1 1166
1 1168
2 2009
2 1113
2 1014
1 1055
2 2037
2 825
1 1354
1 1517
1 1212
1 831
2 635
1 1876
1 1898
1 1995
1 1164
2 815
2 1662
2 418
1 505
1 175
2 1614
1 455
1 1859
1 891
2 1424
1 1836
2 628
2 1530
2 956
2 767
2 298
1 310
2 535
2 629
1 789
2 1520
2 1859
2 728
1 264
2 1458
2 432
2 1157
2 918
1 705
2 934
1 6
2 2026
1 694
2 1162
1 416
2 1134
1 1389
1 831
1 1377
1 1246
2 538
1 288
2 889
2 4
2 138
1 603
1 1729
2 436
2 1222
2 83
1 517
2 1160
1 827
2 192
2 599
1 1171
1 1680
2 321
1 912
1 1979
1 1556
1 1669
2 1221
2 782
2 1989
1 1451
1 377
2 503
1 1550
1 419
2 626
2 2028
2 1075
2 1424
2 1867
1 1284
2 1223
1 1361
1 1695
1 1337
1 283
1 630
1 2036
1 431
1 19
2 284
1 385
2 881
2 1302
2 1678
1 1019
2 937
2 59
2 1037
1 499
2 1432
1 1460
2 1649
1 1890
2 292
1 1624
1 2040
2 1429
1 132
2 1708
1 721
2 713
1 513
2 187
2 1042
1 494
2 166
2 359
2 1634
2 394
1 1531
1 1906
2 1784
1 1637
1 909
1 1150
2 553
2 1408
1 1374
1 1958
2 1824
1 290
2 493
2 1604
1 1791
2 703
1 701
2 1641
1 47
2 1761
1 841
2 993
1 1031
1 288
2 254
1 1056
1 62
1 1860
1 110
1 2018
1 1292
1 1378
2 140
1 752
1 999
2 1430
2 1821
2 1482
2 1280
2 1293
2 997
2 142
2 66
2 152
2 1481
1 644
1 137
2 796
2 1625
1 1186
2 1241
2 1147
1 966
1 924
2 1733
1 331
2 1318
1 707
2 601
1 1237
2 1820
2 31
2 755
2 418
1 1524
1 995
1 1244
1 1792
2 917
2 819
1 1029
1 1662
1 1215
1 987
2 624
2 1076
1 408
2 1470
2 577
2 1068
1 1886
2 1009
2 1804
1 1927
1 407
1 250
1 1512
2 516
1 2025
2 2021
2 1184
2 1345
2 872
1 526
2 1773
1 1704
2 922
1 2046
2 1746
1 1103
2 255
1 997
1 1275
1 747
1 832
2 1829
2 342
1 517
2 717
2 1151
1 279
2 944
1 248
2 1515
1 1218
2 399
1 1289
2 224
1 284
2 90
2 468
2 2005
1 1477
2 611
2 1026
1 1972
2 87
1 1129
2 150
1 743
1 69
2 1838
2 287
1 1043
2 684
2 1144
1 488
2 544
2 381
2 2043
2 1903
2 1785
1 172
2 386
2 1952
2 1436
2 1527
1 1740
2 1623
1 429
2 1139
2 1620
1 685
1 119
2 922
1 560
1 1115
1 740
1 40
2 1830
2 522
2 917
2 737
1 1163
1 683
2 35
1 1669
1 1937
1 817
1 969
1 889
2 1327
2 1506
1 511
2 1281
1 1798
1 1294
2 78
2 1142
1 2048
1 979
2 773
1 824
1 2027
1 44
1 855
1 483
1 272
2 1971
1 1876
1 1633
2 1035
2 1806
1 1994
1 780
2 1874
2 359
2 226
1 1224
1 1812
2 1594
1 594
1 244
1 988
1 584
2 643
2 1383
2 1894
2 1969
1 1819
2 294
1 1549
1 516
1 770
1 1539
1 411
1 808
2 559
1 793
1 358
1 1672
1 847
2 481
2 1444
2 154
1 795
2 1039
2 348
1 1904
2 1474
1 992
1 545
1 1266
2 95
1 2037
1 1852
1 929
1 202
2 336
1 1538
1 1901
2 813
2 616
1 1967
2 1912
1 578
1 207
1 1973
1 1949
1 983
1 969
2 225
1 406
2 1456
2 495
1 722
2 809
1 93
2 1153
2 792
2 1260
2 1187
2 1413
1 799
1 1279
2 1229
1 484
1 862
1 1976
2 77
1 1680
1 8
2 1331
2 1612
2 328
2 382
2 274
1 1529
2 46
2 923
1 696
2 1109
2 1752
1 144
2 1441
2 1816
2 782
2 861
2 1280
1 672
1 291
2 116
2 729
2 1239
2 945
2 1493
2 1886
1 1741
2 1605
1 1073
1 1997
1 920
2 1845
1 673
2 1966
2 1000
1 548
1 899
1 1392
2 563
1 1149
1 654
2 134
1 1705
2 258
2 1897
2 2039
1 909
2 1855
2 1258
2 1200
2 907
2 178
2 1382
2 1458
2 1749
2 1800
2 2035
2 1358
2 967
1 1288
1 240
2 1471
2 1505
1 476
1 1346
2 1767
2 937
1 1115
2 73
2 563
2 545
1 611
2 628
2 1871
1 277
1 702
2 660
2 1454
1 1410
2 617
1 1490
2 1112
1 1987
1 1465
2 1945
1 51
2 1291
2 820
2 1160
2 536
2 26
1 839
2 510
2 197
2 1921
2 161
2 1503
1 1847
1 1946
1 1796
2 492
2 1537
2 1214
1 708
2 1583
1 1805
2 893
2 28
1 8
2 1483
2 1580
1 1533
1 2022
1 1084
1 1610
1 1628
2 963
1 379
1 1118
1 441
2 1963
1 1954
2 1022
2 1301
1 589
2 1842
2 1426
1 1140
1 1274
2 1383
2 273
2 1426
2 1623
1 760
2 1946
1 1813
2 302
1 1124
1 548
1 424
2 79
1 929
2 1455
1 222
2 1064
2 434
2 1494
1 805
1 1119
2 985
1 1334
1 1933
2 543
2 39
2 1193
2 699
1 1229
1 5
1 1
1 910
2 890
2 1127
1 893
1 319
1 959
2 1958
1 850
1 1681
2 1948
2 1425
1 24
2 591
2 37
1 113
1 1415
1 639
1 108
1 272
1 487
2 741
1 1825
2 1443
1 1433
1 1148
1 354
2 460
1 666
2 924
1 1440
2 1281
2 1064
1 89
1 566
2 1025
2 1167
1 1473
1 961
2 935
2 1001
2 1445
2 1175
1 686
1 1834
1 383
2 894
2 1504
2 984
2 1009
2 514
1 1227
1 1521
2 162
2 877
1 220
2 1726
1 458
2 453
2 30
2 958
2 1263
1 1232
1 223
1 1036
1 249
2 571
2 489
2 1611
2 765
2 1023
1 102
1 1480
2 1566
1 1394
2 1536
1 1208
1 1788
1 1397
2 1936
1 1118
1 1537
1 1245
1 696
1 68
2 1367
1 980
2 1969
2 2027
2 1161
2 486
2 1915
2 585
2 576
2 1211
1 527
1 650
2 488
1 73
2 1948
1 1325
