4100 7000
2 1486
1 1983
2 1680
1 1183
1 2026
1 319
1 1514
1 397
2 1460
2 1851
1 1811
2 1558
2 917
1 670
1 1515
1 616
2 1145
1 1304
1 606
1 1300
1 712
1 674
2 344
2 1953
2 915
1 395
2 951
2 1014
2 485
1 438
2 354
1 2039
1 381
1 1997
1 105
1 1283
2 303
2 1080
2 1561
2 1988
1 1111
1 286
1 804
2 473
1 735
1 1038
1 311
2 2035
2 1665
1 1275
1 942
1 211
1 800
2 355
2 394
2 1585
1 1012
1 1675
2 1078
2 1010
2 4
1 612
1 1974
1 295
2 1654
1 795
1 1461
1 92
2 388
1 1766
1 843
1 1693
2 786
2 1323
2 364
2 499
1 142
2 1259
2 1870
1 991
2 1087
2 1089
2 586
2 670
2 897
1 1483
1 1839
2 1583
1 201
1 116
1 967
1 959
2 611
1 1989
1 1611
1 535
1 146
2 1919
2 723
1 1722
1 1476
1 772
1 1688
1 1595
2 1996
2 639
2 1864
2 1532
2 1815
2 537
2 102
2 1714
2 1841
1 713
2 294
2 54
1 674
1 1932
2 1104
2 1880
1 918
1 28
2 556
2 259
2 1255
1 194
2 1540
2 690
1 983
2 15
1 854
1 176
1 1226
1 1334
1 1637
2 83
2 1840
1 1372
1 118
2 1331
1 1271
1 431
1 442
1 490
1 2041
2 911
2 914
1 2015
1 1707
1 297
2 1554
1 1276
1 666
2 1936
1 893
1 569
2 190
1 1130
1 1078
2 658
2 1635
2 1313
1 667
2 324
2 1054
2 1976
1 1552
2 1572
2 1894
1 1223
1 764
1 1248
1 1912
1 1631
2 238
2 1926
1 250
2 1538
2 1205
2 677
1 1215
1 471
1 1282
1 1934
2 453
1 1267
1 242
2 988
1 2030
1 1540
1 539
2 157
2 542
2 1104
1 1385
2 1231
1 642
1 671
2 1724
1 593
1 882
1 1775
1 1793
1 1333
2 371
2 1954
1 579
1 1013
1 154
2 772
1 195
1 1604
2 554
2 1197
2 1201
1 1964
1 463
1 279
1 1990
1 723
1 22
1 1
2 153
1 2002
1 1914
1 1279
1 10
1 539
1 38
2 1144
2 1499
1 409
1 771
2 584
1 848
2 1807
2 1429
1 1469
2 500
2 1893
1 1264
1 1317
1 1001
1 41
2 709
2 544
2 1886
1 1755
2 903
2 1757
2 1217
2 1969
1 1848
1 1206
1 1451
2 649
2 340
1 1810
2 493
2 1874
2 466
2 1559
1 1963
1 1913
1 293
1 450
1 161
2 1320
2 860
1 58
1 2034
2 564
1 1877
1 1636
1 1169
2 1024
2 577
1 695
2 1593
1 1980
1 621
2 1059
2 768
2 664
2 334
2 1613
1 137
2 1703
1 1505
1 1767
2 552
1 1406
2 1124
2 448
1 958
2 803
1 540
2 1763
1 476
2 1195
1 1021
2 2050
1 898
1 1928
2 2036
1 127
2 1789
1 865
2 1242
1 507
1 469
1 98
2 1878
1 823
2 158
1 955
1 617
1 2010
2 1556
1 506
2 383
2 1597
1 1428
2 1246
2 158
1 610
2 2048
1 578
2 157
1 341
1 1899
2 765
2 1340
1 87
2 138
1 957
1 327
1 619
1 1984
1 1869
1 1045
1 1006
1 1751
2 342
1 1798
1 633
1 2006
1 2047
2 775
1 1906
2 981
2 110
1 250
1 644
2 741
2 1209
2 975
2 1994
1 79
2 856
1 1487
1 1377
1 1196
2 172
2 1063
2 1824
1 620
1 354
2 755
1 1053
2 191
2 50
2 875
1 771
2 246
1 522
2 683
2 1386
1 38
1 843
1 1052
1 756
2 101
1 249
1 689
1 464
2 1221
2 1633
2 3
2 281
2 1067
2 1654
2 918
1 1610
2 1870
2 1904
1 1905
2 1435
1 694
1 1860
2 1358
1 403
1 971
1 385
1 432
2 439
2 627
1 2004
1 1189
2 387
2 969
2 1401
2 704
1 1360
1 369
2 1697
2 1712
2 811
1 862
2 1344
2 1172
2 2001
2 1621
2 1182
2 99
2 14
1 1857
1 1842
1 1716
1 686
2 1061
2 1029
2 317
1 1462
1 654
1 1713
1 1014
1 1447
1 1967
1 1348
2 475
1 2038
1 1419
2 449
1 34
1 1399
2 1786
2 285
1 1859
2 1137
1 1618
1 347
2 40
1 165
1 596
2 1539
2 991
1 580
1 817
2 376
1 1425
1 183
2 1169
2 214
1 1611
1 986
2 243
1 1453
1 849
2 1702
2 1485
2 1863
1 507
2 1297
2 605
2 1590
1 620
1 519
1 834
2 428
2 1466
2 129
2 859
2 248
1 1511
1 134
2 1766
2 895
2 1596
1 1386
1 445
2 378
1 1825
2 298
1 242
2 2019
2 1391
2 527
1 713
2 557
1 1712
2 1849
1 1946
1 839
2 1643
1 793
1 318
1 484
2 1883
2 892
2 1500
2 892
2 1108
1 956
2 94
1 1715
1 1369
2 125
2 984
1 1679
1 1715
2 1207
2 1865
2 1885
1 323
2 93
1 1507
2 1744
2 1891
2 487
2 629
2 2025
1 86
1 1235
2 304
2 404
2 290
1 1421
1 994
2 1182
1 1069
1 1568
2 1423
2 1268
2 119
1 492
2 1565
2 1727
2 999
1 675
2 1165
2 1196
1 1095
1 638
2 1625
1 17
2 82
2 454
2 810
1 1389
2 548
1 1466
2 1241
2 445
2 850
1 1975
2 754
2 1180
2 919
2 264
1 1380
2 1383
2 1577
1 1961
2 755
1 611
1 665
2 1331
1 2016
2 1779
1 147
2 1816
2 1181
1 1973
1 1200
2 208
1 1651
1 706
2 876
1 1085
2 289
2 807
2 1879
1 1977
1 1135
1 978
1 545
2 1148
2 132
1 2035
2 455
1 1963
1 1230
2 1152
1 1054
1 1120
1 1294
1 1668
1 363
1 1871
1 664
2 968
1 1593
1 761
1 750
1 1313
1 781
2 1128
1 2009
1 1743
1 1872
1 2024
1 1809
1 1047
2 1842
1 1394
1 457
2 386
2 496
2 1406
2 145
2 921
2 1291
2 26
2 1530
2 2022
2 426
1 989
2 1136
1 1446
1 958
1 1491
2 653
1 1032
1 1933
2 650
2 660
1 1752
1 654
1 1234
2 640
2 1347
2 1140
2 1911
1 1379
1 1581
2 502
2 1741
1 436
2 1882
2 447
2 680
1 298
1 534
2 139
1 1190
2 999
2 160
2 125
1 467
1 1039
2 1437
2 724
2 328
2 572
1 1733
1 1229
1 2023
1 1846
1 329
2 361
2 1836
1 385
2 801
1 1795
2 973
2 35
2 1787
1 1051
1 1520
2 738
2 1286
1 185
2 1032
2 402
1 1672
1 637
1 929
1 1191
1 1338
2 1043
2 902
2 24
2 204
2 1584
2 644
1 76
1 1203
2 1828
1 717
2 1945
2 261
1 1647
2 979
1 2047
2 272
2 306
1 1538
1 67
2 218
2 402
2 1664
2 490
2 186
2 361
1 1569
1 1831
1 1754
2 225
2 1510
2 1559
2 1252
1 570
1 1168
2 1160
1 604
2 880
2 1208
2 156
1 1539
2 291
2 150
2 1354
2 1083
1 196
1 1685
1 1334
2 595
1 1464
2 2018
2 1297
2 1140
1 1723
2 450
2 27
2 1384
1 750
1 1487
2 1171
1 1696
1 330
1 933
1 560
2 2034
2 1834
2 1773
2 1998
1 612
1 1404
2 540
1 1026
1 71
1 1565
2 744
2 806
1 39
2 499
1 1177
1 549
1 1983
1 878
1 1119
2 1694
2 824
1 423
2 418
2 963
2 1815
2 549
1 977
2 299
2 1620
1 648
1 603
1 1077
1 1115
1 535
2 1205
2 1413
2 31
1 1516
2 1790
1 531
2 1249
1 1501
1 421
2 543
2 688
1 69
2 1265
2 847
2 1976
2 1305
1 7
1 832
1 909
1 1966
2 143
2 2046
2 1413
1 1319
1 1740
1 497
2 1830
2 975
2 318
2 1449
2 1052
2 1519
1 444
2 1530
2 220
1 1862
2 268
2 419
2 1489
2 19
2 547
1 1134
1 1517
2 1614
2 177
1 580
1 1281
1 1603
1 1672
2 840
1 896
1 1835
1 1710
2 988
1 1465
1 1802
2 1577
1 2049
1 1920
2 184
2 1844
1 1102
1 483
2 226
2 1662
2 3
1 1123
2 1990
2 1452
2 798
1 1000
2 1531
1 1508
1 1117
2 1494
1 707
2 953
1 1529
1 1189
2 141
1 1068
2 733
1 1656
1 582
2 1913
2 441
1 1412
2 460
2 1563
2 1284
1 210
2 1421
2 681
2 523
2 724
1 1370
1 101
1 1663
1 325
2 1361
2 728
1 466
2 1910
2 828
1 1683
1 75
2 33
1 1030
1 1658
2 1429
1 1883
2 1307
2 1254
1 377
1 1590
2 1972
2 1728
1 1970
2 93
1 804
1 615
1 504
2 921
2 716
1 1362
1 1499
1 1808
2 1748
1 1062
1 579
1 1491
2 1657
2 665
1 447
2 990
1 615
1 1256
2 693
2 216
1 362
2 1301
2 1379
2 43
2 1853
2 1560
1 1525
2 469
2 2002
1 274
2 590
1 1542
1 1605
1 1166
1 1414
2 753
2 1968
2 920
2 1573
2 291
1 1233
2 1266
2 1090
1 516
2 532
2 943
1 1426
2 751
1 478
2 1063
1 1243
2 1385
1 1353
1 60
1 387
1 962
2 1176
2 784
1 15
2 1787
1 971
2 524
1 1662
1 1005
1 406
1 983
1 1859
1 1850
1 1704
1 1245
2 53
2 1622
2 1854
2 1641
1 1157
2 335
1 1239
1 1728
2 337
2 180
2 1022
1 408
1 1523
1 699
1 1545
1 1366
1 1807
2 1003
2 760
2 245
1 257
2 1877
2 536
2 343
2 1073
1 1820
1 124
2 1214
1 349
1 1836
2 1316
1 1403
2 567
1 1013
1 805
2 1971
1 1714
1 1575
1 1792
2 8
2 1026
2 632
1 525
2 1642
1 1493
2 1812
1 933
2 1105
2 1200
2 168
2 214
2 263
2 722
1 1505
1 1781
1 1289
1 1819
1 26
2 1341
2 927
2 1919
2 1811
2 1957
1 1473
2 1058
2 1630
2 405
1 1315
1 1705
2 936
1 650
2 563
2 1981
2 1609
1 114
1 2042
1 1134
2 1889
1 889
1 753
2 932
1 659
2 932
1 440
1 691
1 13
1 131
2 1764
1 759
1 1321
1 1129
2 282
2 1073
1 117
2 1938
2 202
2 1837
2 1652
1 203
2 1355
1 934
1 835
1 863
1 1503
1 1206
2 575
2 1923
2 1375
1 1515
2 1482
1 1905
2 834
1 2018
2 127
2 1465
1 1529
1 1269
2 1921
1 1030
1 280
1 1056
1 633
2 312
1 1253
2 18
1 1394
2 382
2 749
2 358
2 1471
1 827
2 1640
1 482
2 1027
2 1589
1 1243
2 246
1 694
1 224
2 1213
1 115
1 1395
1 1813
1 311
1 1562
1 236
2 1597
2 199
1 551
2 1460
2 241
1 1007
1 1288
1 2011
1 1396
2 2040
1 901
1 1071
2 129
1 111
2 1143
2 1579
1 1903
1 139
1 1286
2 1389
2 1935
1 433
2 2031
2 63
1 1794
1 1916
2 1800
1 1875
2 768
2 1053
2 1861
1 1070
2 729
2 13
2 1707
1 1566
2 2007
1 686
1 1481
2 61
2 960
2 1209
2 1130
2 1273
2 286
2 1326
1 356
2 159
2 109
1 1675
1 458
2 456
1 1550
1 481
2 1857
1 1871
2 2013
1 2000
2 955
2 1520
2 601
1 1690
1 1373
2 846
1 344
1 1138
2 1456
2 588
1 1067
1 345
1 416
1 1475
2 1912
2 189
2 927
1 1537
2 1619
2 2009
1 14
2 1369
2 939
2 453
2 1495
1 1615
2 685
1 866
2 1493
1 460
1 9
1 563
2 228
2 1824
1 1774
2 1055
2 359
1 504
1 623
2 878
1 266
2 1711
2 938
1 1506
1 122
2 1638
2 1571
2 1457
1 195
2 1454
1 1892
2 12
2 1129
1 1436
1 1581
1 288
2 1738
1 1236
1 866
2 232
2 193
1 1837
1 456
1 1914
2 481
1 961
2 1076
1 144
1 88
1 1828
1 698
1 1890
1 1485
1 1002
1 1744
1 823
2 1988
2 123
1 1112
2 599
1 2017
2 1840
1 59
1 1826
1 868
1 1835
1 1804
2 1917
2 1417
2 51
1 199
1 966
2 708
1 728
1 1194
2 126
2 1576
1 264
2 802
1 725
2 784
2 574
2 1158
1 1366
2 1490
2 1426
1 1009
2 451
2 432
2 1544
2 1747
1 179
2 1671
1 1475
1 599
1 1827
2 330
2 1956
2 376
2 1908
1 1659
2 1973
1 523
1 1422
2 498
1 1238
1 1201
2 1980
2 538
2 704
1 1029
2 1746
1 302
2 829
1 1393
1 1898
1 1280
2 1481
2 1794
1 121
2 928
1 1227
2 939
1 1135
2 684
2 276
1 719
1 1268
2 966
1 1985
1 194
1 1541
2 223
1 1806
1 969
2 631
2 1018
1 534
1 953
2 1136
1 314
2 1299
2 1911
2 420
1 646
1 819
1 874
2 326
1 608
2 1561
2 1375
1 879
1 16
2 1746
2 1866
2 224
2 554
1 1442
1 1719
2 1496
2 526
1 1343
2 392
1 1125
1 1118
1 1221
1 998
2 810
2 1090
2 762
1 980
2 260
2 851
2 766
2 1635
1 296
1 1387
2 1954
1 235
1 1601
2 1605
2 1839
2 1408
1 1685
1 555
2 1178
1 1070
2 2011
1 256
2 671
1 1440
1 1750
2 862
1 851
1 1240
1 1502
1 1615
2 389
1 97
1 151
1 181
2 1434
2 508
2 732
2 68
2 1984
2 320
2 1769
1 1952
1 1396
2 340
1 1304
2 503
2 777
1 1096
2 1035
1 1646
2 1723
2 1997
1 1716
2 365
1 150
1 308
2 1594
1 1982
1 1235
1 1608
1 1267
2 89
2 848
2 130
1 483
2 287
2 1915
2 1400
1 415
1 52
1 1634
2 1419
2 747
1 597
2 1107
2 1473
2 1186
2 841
2 711
2 1810
1 1600
1 625
1 558
2 350
2 1899
2 1077
2 1102
2 333
2 1354
2 140
1 982
2 981
2 278
2 284
2 1553
1 697
2 813
2 858
1 145
1 651
2 1536
2 844
2 642
1 229
1 1772
1 1101
2 273
2 1508
2 752
1 48
2 6
1 1384
1 436
1 501
1 880
2 235
2 300
1 449
2 1290
1 185
2 949
2 1674
1 1225
1 799
1 506
1 796
2 1761
2 1571
2 842
2 152
2 1378
1 1782
2 269
1 926
2 1296
1 638
1 764
2 1119
1 682
2 1702
2 1093
2 1607
2 1528
2 1303
1 1357
2 1349
2 30
1 77
2 658
2 509
1 976
2 1518
2 1040
2 1850
1 908
1 358
1 418
1 1939
1 1700
1 1146
2 1573
1 952
2 657
2 985
1 773
2 1653
2 987
1 690
1 163
1 1272
2 1204
1 1592
1 1198
1 1325
2 919
2 836
2 1645
1 1218
2 495
1 1986
2 1790
1 1822
2 1800
2 155
2 1995
1 1227
1 369
2 446
2 692
1 505
2 1025
1 1751
1 1092
2 530
2 110
1 1035
1 562
1 732
1 133
1 1596
1 1222
1 1779
2 1433
1 1900
2 1543
2 1373
2 472
1 552
2 165
2 257
1 128
1 350
1 170
1 1620
1 96
1 275
2 1216
2 193
1 1320
2 322
2 1937
2 289
1 855
2 1838
2 767
1 1677
1 1118
2 662
2 285
2 210
1 1398
2 1091
1 1046
1 1146
1 1132
1 1858
2 1833
1 1555
1 166
1 19
2 1087
2 995
1 256
1 1211
2 1759
1 1783
1 448
1 121
2 1904
1 1761
2 619
2 1793
2 777
2 1709
1 1951
2 830
1 1609
1 1019
1 1367
1 581
1 1290
1 1718
2 373
1 1612
1 1817
1 1922
1 1498
2 336
2 1742
1 1665
2 1168
1 1252
1 327
2 201
2 9
2 103
1 65
1 1971
1 1788
2 687
1 294
2 1613
1 1031
1 625
2 1405
1 1503
2 35
2 6
2 339
2 1222
2 1446
1 1796
2 352
1 1748
2 475
1 61
2 1131
2 1028
1 189
2 1818
2 1418
2 1630
2 977
1 233
2 1175
2 1695
2 1775
2 920
2 488
1 1449
2 1632
1 1370
1 374
1 775
2 1123
2 558
2 838
1 1687
1 748
2 1874
1 617
1 482
1 435
1 171
1 1345
2 1274
1 1579
1 513
2 1198
2 346
2 992
2 1477
1 459
2 1353
2 1442
2 1760
1 1018
1 529
2 444
1 652
2 915
1 1015
1 1541
1 1292
2 1760
1 726
1 1599
2 1322
1 1855
2 518
1 326
1 196
1 721
1 937
1 1431
1 548
2 836
1 1948
1 869
1 645
2 879
2 92
2 315
2 1847
2 230
1 1731
2 661
1 146
1 938
1 641
1 1244
1 1498
2 1999
2 1618
1 790
2 82
2 583
2 1127
1 1918
2 69
2 965
1 816
2 729
2 116
2 480
1 1219
2 1610
2 1141
2 841
1 45
2 309
1 51
2 120
2 1256
2 1329
1 1690
2 626
1 1358
1 531
2 1928
2 1676
2 124
2 1687
1 1160
1 1519
1 1128
1 551
1 52
2 179
2 1350
2 1079
2 1698
1 1204
2 683
2 779
1 265
2 1792
2 95
1 1254
1 1097
2 1187
2 225
2 979
1 167
2 62
2 1008
1 833
2 1210
2 711
2 1638
1 398
1 1677
1 1232
2 23
2 1851
1 1239
1 1896
2 1103
2 2
2 1041
2 407
1 1165
1 1472
2 1270
2 1000
2 1454
2 70
1 1941
2 635
2 1232
1 219
2 1758
1 720
1 931
1 1057
2 1504
1 1492
1 562
1 556
2 1276
2 1398
2 1407
2 867
2 197
2 740
2 42
1 1402
2 529
1 861
2 1126
1 1982
1 50
2 672
2 778
2 1632
1 1132
2 857
2 1327
1 63
2 1015
2 1295
1 2032
2 1780
2 337
2 2026
2 1808
1 1482
2 1305
1 1457
1 1737
1 1324
1 1752
1 132
1 1393
2 1726
1 1833
1 702
1 1400
1 282
1 1691
2 390
1 885
1 501
1 2017
1 1682
2 1361
2 1151
1 1112
2 406
1 1512
1 559
1 1185
1 136
2 901
1 137
1 49
1 602
1 1825
2 815
1 353
1 442
2 234
1 1106
2 1036
1 455
1 1323
1 624
1 461
2 1739
2 802
1 1467
2 183
1 372
2 131
1 1966
1 1942
1 321
1 618
2 1943
1 1880
1 854
2 911
2 830
1 715
1 881
2 1631
2 688
2 485
1 703
2 825
2 1237
1 1346
1 1367
1 900
1 1885
2 1240
1 708
1 1293
2 614
1 362
1 576
2 1203
2 403
1 296
1 351
2 1867
2 1401
1 1247
1 1533
2 1220
2 1397
1 679
1 916
1 1039
1 1260
1 677
1 392
1 301
1 593
1 169
1 122
2 1670
1 1312
1 356
1 1895
1 738
2 1318
2 1624
2 1250
2 1364
1 1266
2 1627
1 1091
2 1734
2 899
2 1978
2 2005
1 400
2 1745
2 1945
1 1350
1 1629
1 328
1 313
1 1081
2 1587
2 886
2 877
2 1332
2 148
1 159
2 856
1 747
1 1926
2 505
1 1771
2 1043
1 568
1 1477
1 936
1 1410
2 956
2 1686
2 1993
2 1586
2 1992
2 1327
2 1778
2 88
1 217
1 2012
2 1311
2 731
2 613
1 1416
1 74
1 1511
2 62
2 1823
1 978
1 391
2 763
2 22
2 1537
2 1881
1 1972
1 725
1 1717
1 964
2 1767
2 288
2 1969
2 1185
2 215
2 1275
2 1430
2 100
2 1838
1 396
1 1155
1 74
2 411
1 679
2 1291
2 11
2 1706
1 1218
2 964
1 178
1 423
2 1673
1 1607
1 663
2 331
2 855
2 1845
1 1846
2 697
2 37
2 1763
2 1448
2 24
2 1901
2 429
2 722
1 1390
2 789
2 427
2 2043
2 1649
1 817
1 1229
2 206
2 433
1 646
1 99
2 512
2 1432
2 829
1 1664
1 1506
1 1557
2 1730
1 495
1 520
1 1202
2 610
1 1773
1 861
1 616
1 1684
1 2030
2 1116
2 1558
1 1258
1 1524
2 1176
1 44
2 808
1 808
2 1853
2 821
2 86
1 935
2 790
2 839
1 1149
2 1747
1 307
2 1845
1 864
2 847
2 1126
2 464
2 1319
1 1998
2 592
2 986
2 1735
2 2032
1 1626
2 573
2 1621
1 792
2 1139
1 90
1 1223
1 279
1 321
2 1776
2 271
2 626
2 1280
1 1019
1 218
2 1553
1 1194
1 276
2 500
1 364
1 1488
1 1706
1 1547
1 1784
1 1390
2 2022
1 1591
1 489
1 946
1 42
1 398
1 1639
2 187
2 1588
2 1906
1 785
2 652
1 1162
1 227
2 827
2 1263
2 600
2 1247
1 1450
1 1889
2 1959
2 788
1 419
2 431
1 160
1 583
1 497
1 1918
2 1489
1 1213
1 1307
2 173
1 2014
1 71
2 1524
2 290
1 1958
2 411
1 1923
1 1804
1 608
1 826
2 1769
1 207
2 1962
2 489
1 1927
2 301
1 510
2 1402
2 1935
2 912
2 208
2 236
2 220
1 1809
1 630
1 1587
2 1578
1 1042
2 1404
2 1993
1 1567
1 1472
1 1238
2 576
1 888
2 584
1 1154
2 18
1 1989
2 550
1 1033
2 1309
2 1799
1 1289
2 514
1 758
1 1338
2 779
2 351
2 349
2 316
1 812
1 2019
2 570
2 1438
2 1513
1 1694
2 931
1 281
2 1640
2 421
2 1381
2 660
2 1440
2 1955
2 1580
1 1443
1 550
1 849
2 206
2 1278
1 1045
1 586
1 154
1 1459
2 1192
2 1004
2 1450
1 783
2 56
2 1355
1 700
1 470
1 34
1 407
1 176
2 868
2 1163
1 151
2 941
2 1785
1 1330
2 634
1 1791
2 924
2 653
1 1550
2 410
2 1722
1 401
2 1940
1 954
2 883
1 78
2 1411
2 699
2 1584
1 1011
2 1882
1 1964
1 1633
1 948
1 410
2 366
1 1345
2 702
1 1143
1 1423
2 85
2 533
2 58
1 338
1 1908
2 2008
2 1337
2 1814
1 1388
2 1786
2 515
2 695
2 518
1 1281
2 280
2 342
1 569
2 1480
1 1172
2 168
2 1720
1 1782
2 1681
1 822
2 1444
1 733
2 1978
2 1061
2 305
1 1264
2 1603
1 1351
2 29
2 384
1 1629
2 701
2 1084
2 1961
2 471
1 675
2 143
2 217
2 1293
2 112
1 1076
1 787
1 870
2 452
2 907
1 922
1 1380
2 574
1 1250
1 795
2 312
1 1896
1 1930
1 1719
2 2012
2 1336
2 1708
2 1591
1 465
1 1261
2 1011
1 637
2 1042
2 891
2 1783
2 368
1 801
1 1639
1 251
1 135
1 715
1 1848
2 591
1 1065
1 1037
2 11
2 538
1 951
2 1544
2 1924
1 400
2 1434
2 144
2 1698
1 1159
1 1212
1 1114
2 389
1 651
1 1478
1 391
2 1109
1 78
2 1566
2 743
2 796
1 1574
2 1742
2 526
2 1430
2 740
2 1316
1 1564
2 1079
1 111
2 993
2 304
2 477
1 1626
2 1314
2 805
1 904
1 409
2 776
1 320
2 1947
1 773
1 957
2 1887
1 645
1 1968
2 965
1 245
1 1704
2 277
2 1762
1 1414
1 83
2 1332
1 547
1 1159
1 1756
1 408
2 1124
1 228
2 1383
2 1960
1 930
2 1333
1 871
1 213
2 252
1 32
1 1789
2 1378
2 113
1 1734
1 1069
1 107
2 1262
2 907
2 1879
1 1034
2 673
2 639
2 1376
2 248
1 2027
1 120
2 205
1 553
1 1803
1 462
2 39
1 1248
2 647
1 1180
2 946
1 1325
1 1257
1 1193
1 913
2 560
2 1162
2 818
2 947
2 564
1 440
2 216
1 1950
2 1228
1 1831
2 948
2 1843
2 767
1 1452
1 774
2 239
1 1724
1 1977
2 2003
1 441
1 1023
2 1939
1 1602
1 1321
2 1681
1 1944
1 1100
2 307
2 2037
2 1765
2 169
2 260
2 1563
2 1725
2 1721
1 1548
1 1512
2 1770
1 1663
1 2
1 996
2 1847
2 1463
1 252
1 788
2 1224
1 727
2 348
1 1277
2 680
2 1758
1 1863
1 707
2 437
2 2000
2 797
1 473
2 1897
2 1497
1 1100
1 1660
2 1574
2 543
1 618
1 1022
2 223
2 1701
2 691
2 1046
2 1170
1 588
1 528
1 597
1 171
1 1668
1 1606
1 533
2 1105
1 197
1 536
2 1602
2 2043
2 1860
2 1211
2 894
1 1991
1 1075
1 394
2 1342
1 1377
2 864
2 1780
2 1230
2 1922
1 1679
2 1936
2 555
2 302
1 1269
2 105
2 985
1 1931
1 480
1 1741
1 322
1 912
2 163
1 284
2 1023
1 2013
2 1197
2 1771
2 992
1 1299
2 1717
1 1317
2 1310
1 2031
1 1199
1 1424
2 468
2 1852
1 1171
2 1713
1 205
2 1427
2 1657
2 347
2 1199
1 1674
2 1448
1 1309
1 1228
2 1374
2 232
1 1795
1 1987
1 1598
2 566
1 1907
1 1094
2 1494
1 1888
1 587
1 1363
2 7
1 1757
1 133
2 1619
2 331
2 417
2 21
2 1650
1 1909
1 798
2 1097
2 368
2 852
1 283
1 57
2 1732
2 522
2 231
1 1037
2 31
2 219
1 1737
2 1329
2 1048
2 1652
1 858
2 1288
2 80
2 1344
1 106
1 1981
2 266
1 973
1 488
2 462
1 1768
1 1527
2 1017
2 1107
1 1065
2 1428
2 424
2 1528
1 1274
2 875
1 1445
1 41
1 1623
2 2004
1 353
1 167
1 1934
2 253
2 1655
1 726
1 1050
1 1642
1 1604
1 1480
2 1799
2 1703
1 974
1 589
1 1886
2 676
2 1869
2 428
1 972
1 2021
2 712
1 1999
2 2045
2 1953
1 1749
1 486
2 147
2 1583
2 1363
1 1001
1 514
2 49
1 1569
2 1392
2 255
1 141
2 1270
1 1801
1 831
2 1116
1 12
2 940
2 237
1 395
2 684
1 430
1 799
1 1233
2 43
2 435
2 1866
2 1821
1 44
2 254
2 2025
1 1056
1 835
1 778
2 1051
2 832
1 1616
2 1509
1 204
2 1187
1 1768
2 1995
1 811
2 532
2 1420
1 1279
1 1861
1 1821
1 561
2 1666
1 929
2 1949
1 1585
1 676
2 1814
1 905
1 1084
2 1777
2 1335
1 1339
2 1937
1 1261
1 903
1 906
2 1047
1 1865
2 826
1 960
1 940
1 1468
2 1139
1 682
1 188
2 1554
2 1236
1 877
2 1427
1 1153
2 923
1 727
2 1282
1 1351
2 524
2 1371
1 1957
1 1188
2 1455
1 961
1 1343
2 1339
1 413
2 1372
1 1862
1 980
1 950
1 1986
2 1033
1 1648
1 1701
2 1082
1 16
2 2050
2 1521
2 2029
1 1915
2 267
2 46
2 1093
1 107
2 474
1 1987
2 1868
2 57
1 1151
1 1777
2 103
2 930
1 1050
2 64
1 632
1 319
1 1214
1 188
2 641
2 1738
1 1507
1 1637
2 916
2 1938
1 947
1 237
1 106
1 80
1 1074
2 229
2 1570
2 661
1 787
2 1647
1 1930
1 2041
1 1167
1 1965
1 1721
2 950
2 874
2 1696
2 416
2 582
1 1113
1 1439
1 1692
2 348
2 1148
1 1424
1 636
2 156
1 2046
2 272
1 720
2 648
2 1750
2 887
2 1103
2 20
2 997
2 1781
2 765
2 517
2 1161
2 1875
2 824
2 1806
1 1920
2 153
1 414
1 300
2 1431
2 687
2 1122
2 1173
1 792
2 166
1 1161
1 1943
2 381
1 1415
2 887
2 794
1 1653
1 1894
1 238
1 247
1 1549
2 1328
2 1034
1 1174
2 993
1 54
2 2021
2 567
1 1181
2 1486
1 383
1 297
2 89
2 128
2 1476
1 1312
1 737
2 1753
2 1927
2 60
1 780
2 67
1 1733
2 68
2 1362
2 1021
1 663
2 1526
2 108
1 1616
1 496
1 443
2 1179
1 678
2 1527
1 833
2 1651
1 900
2 737
1 1523
1 647
1 1588
2 1884
2 925
1 118
1 1991
1 1868
2 148
2 825
2 643
2 600
1 1979
1 1147
1 627
2 173
1 692
2 20
1 503
1 1420
2 338
2 1337
1 1192
2 1306
1 308
2 1381
2 1628
1 370
2 696
1 126
1 55
1 1083
2 332
2 2044
2 313
1 10
2 1514
1 1829
1 355
2 806
2 1315
2 557
2 1340
2 393
1 1661
1 1718
2 744
2 1759
2 1251
1 1490
2 1336
1 1301
2 541
2 629
1 73
1 759
2 1142
2 974
1 1251
2 718
2 75
2 742
1 1041
2 479
2 926
2 443
1 1599
1 310
1 37
2 746
1 655
2 718
1 2048
2 115
2 735
2 891
2 797
2 1437
1 66
2 1962
2 292
1 1996
1 465
2 434
2 234
2 1594
1 782
2 47
2 1562
2 1347
2 1693
2 1878
1 2044
2 21
2 1314
1 1425
2 886
2 149
2 1141
2 668
2 1917
2 818
2 812
2 1925
2 2037
1 1656
1 1471
1 446
1 230
1 1125
1 622
1 292
2 1287
1 1409
1 1170
1 1876
1 306
2 1518
2 2003
2 100
1 565
2 1753
2 1164
2 1138
2 1884
1 1403
1 758
2 182
1 1686
1 492
2 669
1 942
2 1572
2 415
2 1496
1 751
2 774
1 589
2 2024
1 317
2 714
1 2001
2 140
1 97
1 1044
2 1762
1 566
2 537
2 837
1 1784
2 1522
1 545
2 59
2 53
2 1031
1 1834
2 175
1 227
2 1049
2 1003
1 659
1 821
2 212
2 1823
1 1004
1 613
2 1688
1 213
1 970
2 509
1 269
2 1368
2 890
2 786
1 1387
1 1510
2 1691
1 241
1 1644
1 192
2 1210
2 1122
2 572
1 850
1 161
2 426
2 1772
2 897
2 2049
1 782
2 138
2 240
1 1064
1 987
2 1867
2 607
2 1260
1 542
1 1411
2 1133
1 377
1 1156
1 1798
2 309
1 1483
2 384
2 1258
2 1453
2 1770
1 709
2 952
2 1298
2 1458
2 1005
2 104
1 1600
1 1873
1 1669
1 1285
2 1036
1 1324
1 247
2 1455
2 731
2 656
2 937
2 1946
1 1082
1 525
1 1012
1 573
1 84
2 1985
2 606
2 1044
1 64
1 1776
1 1648
2 1341
1 1958
2 251
2 634
2 1947
2 198
1 706
2 33
2 379
2 1645
2 135
1 46
1 268
1 1575
1 357
1 902
1 1710
1 914
1 592
2 32
1 1098
2 521
1 1278
1 1071
1 405
2 2020
1 1803
2 261
2 164
2 40
2 1517
1 605
1 1788
1 502
1 678
2 1099
1 1992
1 681
1 754
1 1142
2 152
1 244
2 794
1 1237
1 1382
2 1144
2 1671
2 1474
2 1244
2 2040
2 1729
2 1700
1 1608
1 310
1 1359
2 164
1 277
1 367
1 314
1 372
1 1819
2 77
2 1095
1 1567
2 1072
1 528
1 1660
2 1152
2 705
1 972
2 434
1 1689
2 1740
1 748
2 853
1 87
2 1131
1 1417
2 776
2 1856
2 422
1 123
1 1560
1 512
2 1335
1 1371
2 1167
2 1732
2 2036
1 1666
1 1
2 1680
2 575
2 1890
2 1801
2 452
2 1601
2 941
1 1948
2 1121
1 925
1 1956
1 1322
1 438
1 998
2 1812
2 1108
1 494
1 1470
2 1929
2 1730
1 187
2 1557
2 1536
2 1592
1 202
2 989
2 324
2 336
1 1634
1 1873
2 809
2 1910
2 104
2 1298
1 1006
2 595
2 857
2 1676
1 1644
1 1357
2 703
1 945
2 1474
1 27
1 1016
2 1408
1 1188
1 459
1 1295
1 1534
1 1902
1 412
1 1470
1 1484
1 399
1 769
1 420
2 1356
1 1215
2 1729
1 2045
1 1606
1 2023
1 1617
2 1542
1 716
1 412
2 520
1 1007
1 884
1 1242
2 211
1 1106
2 1191
2 1802
1 1526
1 1495
1 1745
1 739
2 521
2 1075
1 325
1 967
2 1661
2 742
1 1534
1 922
1 1027
1 923
2 761
2 162
2 149
1 174
2 1564
1 1422
2 177
1 1346
1 1016
2 255
1 1121
2 186
1 865
1 1096
2 484
1 1933
1 1497
1 2020
1 1025
2 341
2 203
1 28
1 1673
1 1627
2 2014
2 842
2 130
1 893
1 1392
2 1699
2 581
1 2028
2 995
2 1405
1 1002
2 380
2 1173
2 590
1 883
1 283
2 517
1 454
1 1979
2 1739
1 1285
1 414
1 934
1 1942
2 1234
2 295
1 714
1 700
2 1415
2 1439
1 1778
1 388
1 2016
1 1612
1 1659
1 762
2 571
2 1580
1 243
2 1110
2 1330
1 622
1 745
2 1133
1 79
1 451
1 1120
2 1924
2 803
2 963
2 1302
2 1432
2 822
2 807
2 1157
2 293
2 820
2 390
2 334
1 1150
2 1667
1 1048
2 1388
1 928
2 656
1 1628
2 378
1 81
2 905
1 837
1 363
1 913
2 636
2 1888
2 1262
2 1303
1 1941
1 1306
1 705
2 221
2 1365
1 890
2 783
1 1177
1 591
1 2008
1 487
2 780
2 476
2 1208
1 1805
2 2033
2 943
2 119
1 1533
2 1655
2 1921
1 1582
2 379
2 461
2 954
2 1092
2 1967
2 1726
1 1556
1 910
1 76
2 996
2 5
1 1451
2 109
1 1040
2 693
1 413
1 763
2 672
2 343
2 1929
1 333
2 1368
2 1735
1 1099
1 1895
1 1255
1 30
1 352
2 662
1 994
1 1153
2 1872
1 982
2 184
1 553
1 513
1 736
1 668
2 997
1 734
1 226
2 472
2 1342
1 271
1 393
2 508
1 262
2 603
2 859
1 1545
1 17
2 1736
2 1749
2 1058
1 1479
2 1944
2 90
2 494
1 1115
2 2005
1 399
2 906
2 430
1 643
2 1841
2 1548
2 1273
2 876
2 136
1 323
2 275
2 1155
2 1826
1 1364
2 498
1 1725
2 207
1 519
2 1897
1 596
2 962
2 1893
1 1179
1 1195
1 329
1 417
1 72
2 477
2 1832
2 628
2 800
2 1925
2 1525
2 1708
2 631
2 1965
2 365
2 791
2 1202
2 1089
2 1617
1 598
1 585
1 1756
2 36
1 924
2 305
1 359
1 1310
1 1246
2 736
1 577
1 1820
2 1399
2 752
1 212
2 1469
1 867
1 1898
1 559
1 1114
2 1500
2 1008
2 401
2 1458
1 2028
1 756
2 1028
1 1501
2 1578
2 439
1 844
1 1552
1 1072
1 813
1 734
2 1443
2 1059
1 396
2 182
2 511
1 240
2 1416
2 267
1 1318
2 770
2 896
2 944
2 1478
1 770
1 990
2 1959
1 1492
1 1109
2 278
2 1326
2 425
2 935
2 424
1 1156
1 463
2 1391
2 2010
2 1382
2 84
1 65
1 1207
1 852
1 510
2 1903
2 1643
1 1887
2 1397
2 191
2 478
2 1697
1 745
2 602
1 458
1 113
2 468
1 685
1 1178
2 375
1 1844
1 273
2 910
1 885
2 749
1 828
1 1352
2 1308
2 270
2 102
1 1516
1 872
1 1272
2 98
2 609
2 1950
2 2038
1 1479
1 1294
1 640
1 1456
2 1080
2 781
2 809
2 601
2 820
2 66
1 1952
1 1817
2 1805
2 984
2 437
1 55
2 814
2 840
2 769
1 1410
1 585
2 717
2 1010
1 959
1 741
1 1311
1 222
2 29
2 1531
1 1711
2 380
2 1892
1 1555
2 785
1 491
2 1183
2 1667
2 1060
1 209
2 427
1 894
2 1699
2 578
2 1960
2 1462
2 23
2 1576
1 1547
2 209
1 873
2 863
1 757
2 1907
2 1669
2 1709
1 908
2 628
2 200
2 1641
2 346
2 1212
2 386
2 1231
1 1678
2 1081
2 1854
1 4
2 1678
2 192
2 339
2 845
1 175
2 1614
2 917
1 375
2 1217
2 1502
2 1074
1 1038
1 1302
1 190
1 1670
2 8
1 274
2 1765
1 366
2 215
1 2007
1 95
1 316
2 374
1 1463
1 1447
2 1365
2 474
1 1060
2 895
1 1111
2 1705
2 1755
2 1257
2 565
1 1374
2 1376
1 667
2 1589
1 1436
1 1094
2 1900
2 1855
2 1017
2 1586
1 1271
1 614
2 1881
1 170
2 945
2 244
1 1020
2 1829
2 1532
2 1149
2 1150
2 743
1 1009
2 1513
1 1743
2 1940
2 422
1 1468
1 1296
1 2029
1 253
2 1582
1 1113
2 1292
2 1348
2 1407
2 1932
2 48
2 258
2 174
2 1349
1 657
2 36
1 181
2 94
2 1066
2 846
1 1164
2 425
1 889
2 299
2 819
1 673
1 371
2 5
1 541
1 621
2 598
1 1088
1 1830
2 1994
1 721
1 1598
1 1259
2 1551
2 1791
1 630
1 870
1 898
1 1193
2 47
2 1797
2 1931
1 793
1 1418
2 91
1 2039
1 757
1 976
1 515
1 1433
1 719
2 367
2 1683
2 263
2 746
2 96
1 1891
2 869
1 114
2 1409
2 853
2 85
1 360
1 457
1 1245
2 1110
1 544
2 1066
1 609
1 73
2 479
1 1225
1 404
2 45
2 881
1 791
2 1827
1 635
2 546
1 1832
1 871
1 899
1 1876
2 25
2 1137
2 1359
2 1287
2 2042
2 831
2 1623
2 1764
1 370
2 1684
2 1049
2 1624
1 1158
1 1055
1 108
2 1974
1 1822
2 162
1 1650
1 1955
2 872
1 655
1 1796
1 594
1 944
1 1901
2 1975
1 1086
1 1856
2 968
1 270
1 1543
1 701
2 470
2 1174
2 882
2 1509
2 884
2 56
1 2033
2 594
1 689
1 72
2 624
1 1186
1 1774
1 1858
2 1328
1 2027
2 949
1 1360
2 233
1 315
2 1064
1 1127
1 1057
1 180
2 1145
1 467
1 904
2 546
1 1284
2 1797
1 1241
2 287
2 527
2 607
2 739
2 258
2 1658
2 335
1 360
1 1646
1 1249
2 1263
1 845
1 1464
1 142
1 1444
2 303
1 1154
2 1190
1 1101
1 198
1 91
1 81
2 666
1 766
1 382
2 698
1 873
1 669
2 1395
1 1570
2 730
2 1098
1 1951
1 730
1 1625
2 1754
1 1568
1 397
1 1308
1 789
2 1163
1 816
2 1916
1 486
2 1731
1 571
1 491
2 1549
1 1184
1 178
1 429
1 1521
2 239
2 1445
1 1843
2 649
1 1864
1 696
2 1175
2 838
2 1535
1 1147
1 568
2 1785
2 1467
2 1813
2 172
1 860
1 1535
1 117
1 710
1 1068
1 262
1 1816
1 1551
2 1024
2 1441
1 1062
1 1117
2 710
1 249
2 200
1 970
1 530
1 1226
1 1166
2 888
1 1636
2 259
2 1441
2 1461
1 587
2 1488
2 1970
2 1412
2 1253
1 1484
2 1265
2 1736
1 1622
2 1020
2 1086
1 1720
1 760
2 1695
2 70
2 1300
2 134
1 511
2 1504
1 254
2 561
1 1438
2 1692
2 516
1 815
1 1088
1 1277
1 493
2 1849
2 1459
2 1909
2 1435
1 1689
2 1283
1 1224
2 1902
1 1522
1 1184
2 357
1 2006
2 332
2 1727
1 1682
2 1085
1 1546
2 222
1 1352
2 1649
1 2015
1 112
1 814
1 1220
2 373
2 1356
1 265
1 1216
1 231
1 25
1 155
2 345
2 1818
2 1949
1 623
2 221
2 604
1 1219
2 909
2 1852
2 1546
2 1595
