4100 4000
2 1010
2 1251
2 54
1 647
1 1679
2 1655
1 211
2 1617
2 1953
1 1162
1 879
1 1302
1 76
1 1400
2 35
1 36
1 787
1 1688
2 1551
1 941
1 320
2 260
2 805
1 1140
1 395
1 244
1 1459
1 186
2 446
2 1648
1 519
1 665
1 1193
2 1093
1 67
1 565
2 1428
1 1963
2 1629
1 288
1 112
2 650
2 1184
2 1383
2 1257
1 1838
2 1753
2 2024
1 2034
2 1090
1 174
1 1114
1 1647
1 458
2 890
1 253
2 1447
2 843
1 866
1 931
1 1452
1 1187
2 1492
1 522
2 2043
1 158
1 1169
1 1498
1 44
2 633
1 335
2 983
2 1622
2 316
2 1126
2 1214
2 21
2 793
1 78
2 1644
1 1639
1 1422
1 1860
2 456
1 346
2 273
1 249
1 1549
1 1807
2 971
1 467
2 936
1 328
2 434
2 329
2 1667
1 325
2 313
2 1198
2 1130
2 1414
1 463
2 150
1 1122
2 817
2 869
1 1002
2 1221
1 567
2 192
2 781
2 571
2 1538
2 800
2 1684
2 599
1 1064
1 1485
2 450
1 1037
2 1790
2 994
2 1217
1 206
2 1153
1 133
1 560
2 1103
1 749
1 1135
2 635
1 1711
1 1363
1 1481
1 1590
2 2004
1 1219
1 1825
1 440
1 312
2 1477
1 93
2 1326
2 228
1 295
2 583
2 1944
2 1927
2 1963
2 1775
2 1607
2 706
1 901
1 1034
1 323
2 142
1 997
2 908
2 1394
1 2013
1 910
2 528
2 1592
2 568
1 977
1 1699
2 265
1 203
2 221
2 19
2 1557
2 1550
1 760
2 1035
2 348
2 1435
1 1022
1 342
2 223
1 571
2 765
2 730
2 291
2 1381
1 1616
2 624
1 1855
1 195
2 452
1 304
2 863
2 2029
2 1101
1 1967
1 274
2 365
1 1811
2 161
2 1031
1 551
2 1411
1 1043
2 574
1 1456
1 77
1 447
2 1973
1 1541
2 2049
2 1781
2 1097
1 434
1 457
1 972
2 32
1 662
1 1840
1 790
1 1515
1 1483
1 206
1 1885
2 629
1 13
2 1323
2 1593
1 2039
1 2027
2 1365
1 2017
1 744
2 1970
2 461
2 1675
1 760
1 1108
1 942
1 57
2 1384
2 493
1 1721
2 1024
2 1184
1 718
1 545
2 1587
2 231
2 1624
1 1641
2 451
2 1202
2 884
1 289
1 1208
1 80
1 1542
2 1778
2 1008
1 479
1 736
2 806
1 1369
2 890
2 817
1 422
1 43
2 1056
1 52
1 1601
1 263
1 7
2 696
1 1824
2 1313
2 619
1 750
2 60
2 290
1 359
2 566
1 1288
2 1950
1 1756
2 1611
1 1315
1 535
1 956
1 1231
2 1774
2 33
2 1067
2 1369
1 713
2 921
2 671
1 1534
1 775
1 116
2 807
2 674
2 1699
2 599
2 1100
2 1152
1 1142
1 121
1 1763
1 1120
1 1777
1 372
1 204
1 1236
2 844
2 1297
1 324
1 326
1 317
1 1479
2 1936
1 1389
2 20
1 535
2 916
1 1349
2 1696
2 481
2 222
1 131
2 661
1 1353
2 119
1 608
1 656
1 32
2 714
1 739
1 387
1 269
2 1745
1 1951
2 113
2 1443
1 1989
2 1991
1 379
1 1861
1 645
2 1
1 1829
2 1373
1 188
1 474
2 1349
1 1398
2 1731
1 848
2 8
1 712
2 1610
2 2049
1 284
2 1568
2 59
2 745
2 1486
1 1656
2 374
2 1150
2 748
2 1168
2 924
2 1569
2 194
2 1524
1 1466
1 62
2 658
1 1977
1 25
1 437
2 955
1 634
2 1163
2 621
2 352
1 1794
2 1216
1 1192
2 914
2 877
1 1576
1 308
1 335
1 1599
1 171
2 1477
2 1394
1 615
1 1352
2 713
2 627
1 1047
2 351
2 1147
1 680
1 1483
2 1633
2 553
2 1818
1 1795
2 1392
1 302
2 1407
1 1122
1 383
2 878
1 1662
1 200
2 980
1 1585
1 564
2 1445
2 1413
2 86
1 8
1 199
2 645
1 608
2 1099
1 1525
1 978
2 1012
1 576
2 1470
1 736
1 1842
2 1138
1 804
2 1213
1 494
2 135
2 1966
1 740
1 768
2 1487
2 34
1 1176
2 1543
2 931
2 594
1 487
2 881
1 278
1 554
1 1219
1 1268
2 1903
1 1577
2 221
1 240
1 1857
1 393
1 2021
2 1200
2 2025
1 648
1 1277
1 1719
2 780
1 692
1 1561
1 522
1 286
1 1474
2 1058
1 1308
1 1148
1 1981
2 1502
1 1845
2 690
1 1962
1 1075
2 946
1 559
1 1598
1 38
2 1794
1 1331
2 595
2 1280
1 1395
1 825
2 1812
1 1379
2 1518
2 1436
2 1629
1 327
1 600
1 492
1 1135
2 1267
1 1401
1 1591
1 1815
1 1640
2 92
2 1085
1 1059
1 209
1 952
1 1622
2 1263
2 388
1 442
1 103
2 1592
1 1013
2 898
1 1212
2 1346
1 873
2 180
2 1012
1 1366
1 795
2 751
2 894
1 94
2 1594
1 1990
1 397
1 923
1 1367
2 287
1 1196
2 1105
2 525
1 397
2 1849
1 1886
1 1197
2 1323
1 70
2 1045
2 1930
1 1151
2 1565
2 1164
2 151
2 625
1 610
2 1840
2 344
2 1841
1 1047
1 1643
1 900
1 1976
2 2022
1 570
2 1473
2 819
2 1301
2 837
1 1918
1 414
2 842
1 1943
2 726
1 1604
1 986
1 1766
2 1857
2 691
2 1820
1 95
2 1520
1 240
2 1322
2 401
1 153
1 203
2 1226
1 1206
2 1768
2 1448
1 1689
2 930
1 1898
1 1377
1 531
2 323
1 1770
1 1834
1 1693
1 1598
1 406
2 1585
1 1059
1 1965
2 1282
2 1442
2 709
2 132
1 2003
1 582
2 1499
1 1940
2 110
2 938
2 24
2 1907
2 309
1 1245
1 106
2 1073
2 1390
2 179
2 168
2 1639
1 407
1 1708
1 514
1 300
2 1347
2 1726
1 528
1 477
2 264
2 584
2 1223
2 832
2 674
1 387
1 1787
1 1186
2 934
1 1479
1 455
2 202
2 424
1 1042
2 1320
2 1994
1 1601
1 1453
1 991
1 503
1 529
2 183
1 311
1 1875
2 1878
1 2039
1 1038
1 219
2 1618
1 1694
2 905
2 1054
1 355
1 798
2 784
2 350
1 101
2 167
1 1141
1 1408
2 1048
2 1686
2 2007
2 792
2 1367
1 513
2 1974
2 1243
2 1311
1 982
2 837
1 331
1 949
2 1474
1 1272
1 1981
2 51
2 228
2 1489
2 631
1 1604
1 510
2 261
1 1965
2 1106
2 1342
2 2032
2 376
1 118
1 409
2 1818
1 459
2 1224
1 379
2 1358
1 559
1 1615
1 1418
1 1902
2 796
1 1121
1 281
2 268
2 252
2 588
1 2006
2 225
2 1322
1 1374
2 453
2 292
1 294
1 1362
2 1650
1 1912
2 1950
2 1404
1 1061
1 849
2 425
2 1681
2 1066
1 1454
2 1177
2 1595
2 1879
2 873
2 874
2 148
2 550
2 1495
1 88
1 694
2 770
2 678
1 1456
2 1697
1 50
1 617
1 774
1 1862
1 1334
2 1424
1 473
1 2048
2 396
2 1387
1 1877
1 995
2 1186
2 1546
1 55
2 1258
1 1436
2 503
2 1281
1 222
1 1839
1 419
2 1983
1 606
2 1292
1 590
1 143
1 1633
2 1760
2 948
1 1706
2 1830
2 191
2 1671
1 904
1 1578
1 366
2 1274
2 590
1 153
2 838
2 1243
2 536
1 1545
1 710
2 411
1 254
2 1470
1 299
1 1642
1 1372
1 257
1 1567
2 1026
1 1623
1 1415
2 268
1 2003
1 885
2 1693
1 589
2 725
2 1759
2 904
2 1475
2 1819
1 71
2 1833
1 899
1 1496
1 996
2 953
2 1328
1 1837
2 1254
1 1188
1 595
1 715
1 962
1 1170
2 1404
1 696
2 586
2 97
2 1039
1 638
2 163
1 1608
2 1746
1 1419
1 125
2 446
2 1879
2 587
1 202
2 1240
1 422
2 973
2 917
2 1553
2 875
1 2025
2 616
1 1298
1 676
2 720
2 1875
1 1220
2 17
2 1673
1 1899
1 389
1 755
1 960
1 786
2 349
2 492
2 445
2 1599
2 1410
1 381
2 770
1 1481
1 1376
1 639
2 549
1 1685
2 903
2 1588
2 2027
2 782
1 1703
2 1562
2 409
2 1559
1 2008
1 1156
1 1930
2 1773
1 334
2 326
2 418
2 1954
1 1427
1 573
2 480
2 1289
1 47
1 1118
1 1506
2 1246
2 1182
1 2041
1 1683
2 117
1 1377
1 114
2 1508
1 1007
1 844
2 297
1 851
1 992
2 897
2 1390
1 1710
1 1073
2 1004
2 802
1 755
2 1112
2 1838
2 1424
1 552
1 404
2 655
2 485
2 2026
1 1776
1 815
2 940
2 1057
2 934
1 1144
2 1476
2 150
1 1797
2 1971
2 614
1 465
1 1864
2 618
1 1319
2 1690
1 808
2 1834
2 912
1 728
2 1416
2 1610
2 1321
1 1250
1 1201
1 613
2 1991
1 223
2 803
1 630
2 187
1 1108
2 1757
2 1823
1 1742
1 2045
1 1102
1 345
2 566
2 1934
2 797
1 1800
2 1733
2 1915
1 830
1 1558
1 1620
2 1459
2 2031
2 1745
1 156
2 1339
1 1095
1 1327
1 231
1 1333
2 1368
1 156
2 579
2 1684
1 621
1 123
2 1955
1 524
1 1123
2 1463
1 848
1 626
2 338
1 487
2 1918
2 627
1 1793
1 1660
1 693
1 1117
1 913
1 658
2 672
1 79
1 1031
1 1874
2 233
1 306
2 582
1 1370
1 971
1 1465
2 2050
2 486
1 448
1 1332
2 1563
2 364
1 1619
1 1638
1 152
2 1939
2 591
2 144
2 1704
2 1881
1 470
1 747
2 1037
1 1110
1 1265
1 1615
2 2031
2 1451
1 871
1 412
2 1501
1 797
1 48
1 310
2 1026
1 1460
1 1132
1 1931
2 644
1 1909
2 484
2 1464
1 1205
1 1776
2 505
2 430
2 1535
1 1801
2 659
2 767
2 1802
1 1740
2 1311
2 964
1 538
2 256
2 1089
2 1674
2 1885
2 1724
1 939
1 104
2 1555
1 1785
2 1482
1 1337
2 1652
1 892
1 839
2 835
1 946
1 975
2 26
2 669
2 1187
2 1192
1 1252
1 579
2 1498
1 727
2 1580
1 272
2 1309
1 154
1 881
1 1473
1 466
1 374
2 1095
1 1994
2 1172
2 1282
1 1755
1 724
1 1432
1 862
2 1124
1 801
1 495
2 9
2 491
1 1909
1 488
1 1486
1 425
2 428
1 191
1 61
1 1979
2 1581
1 790
2 1926
2 496
2 1226
2 838
2 249
1 1029
2 557
2 1409
1 1305
2 1315
2 1996
1 701
1 2002
1 596
1 235
1 585
2 2019
2 1043
1 1427
2 1911
2 1870
1 1887
1 916
2 1260
1 254
1 1949
1 677
1 555
2 1096
1 864
1 1855
1 1387
2 165
1 1645
1 1914
1 98
1 314
2 633
2 336
2 460
1 2015
1 69
1 353
2 1380
1 657
1 578
1 1997
2 69
2 1235
2 232
1 1232
2 394
2 743
2 516
1 1102
2 385
1 1882
2 1913
1 186
2 185
1 193
2 1388
2 91
2 482
1 2009
1 1624
2 887
1 1796
2 403
1 1497
2 711
2 1082
1 998
2 1280
2 1528
1 921
2 832
1 41
1 267
1 779
2 388
1 1566
2 1433
2 147
2 1185
1 1640
1 2037
1 530
1 1336
1 1716
2 1878
2 1224
1 138
2 1516
1 1070
1 1480
2 764
2 1277
2 1793
1 181
1 1284
1 1844
1 1826
1 1727
1 1547
2 1674
1 347
2 1663
1 722
1 636
2 1399
2 368
1 623
1 634
2 1265
1 1888
1 14
1 321
1 723
1 757
1 2047
1 1772
1 1675
1 1942
2 1420
2 1756
1 876
1 1370
2 673
1 842
1 1509
1 1906
1 1191
1 623
2 975
2 13
1 356
2 1605
1 1594
2 1800
2 1543
2 778
1 1719
2 505
2 541
1 1780
1 845
2 361
2 764
2 362
1 1722
1 1472
2 390
2 1799
1 1747
1 1704
1 1927
2 1703
2 1215
2 471
1 1757
2 364
2 1324
2 572
2 1964
2 1330
1 649
2 250
1 1371
1 622
2 139
2 1339
1 1316
1 239
2 276
2 1997
1 827
1 1183
1 1608
2 1774
1 1929
2 1004
2 1575
2 124
1 1752
1 1088
1 1375
1 212
2 449
1 1531
1 174
2 68
2 1995
2 1098
1 1919
2 732
2 1522
2 1484
2 1609
1 984
1 210
1 201
1 380
2 2
2 693
1 1949
1 1327
1 115
2 741
2 1668
1 432
2 380
2 1496
1 83
1 1611
1 14
2 1155
1 74
2 1987
2 78
2 1126
2 1915
2 331
1 1017
1 986
1 1045
1 1698
1 2018
1 192
1 831
1 1060
1 437
1 238
1 1849
2 1894
2 484
2 1907
2 857
2 506
1 743
1 809
1 1680
1 1542
1 439
2 2026
1 465
1 888
1 75
1 1216
2 732
2 1846
2 1302
1 734
2 643
2 194
1 945
2 985
1 1728
1 1536
2 1084
2 550
2 105
2 441
2 1342
1 1569
2 928
2 91
1 1439
1 182
2 100
2 1853
2 1549
2 507
2 219
2 1884
2 495
1 285
2 1947
1 1510
2 991
2 1299
1 1146
1 1620
1 1769
1 2000
2 607
1 1493
2 1347
2 96
1 1999
1 1457
1 1406
1 1313
1 531
1 494
2 568
1 360
2 1146
2 1249
2 6
2 1836
1 918
2 1563
1 322
1 1933
2 136
2 289
2 1890
2 1365
2 1366
2 2018
2 1036
1 880
2 839
1 45
2 317
1 1006
2 2000
1 918
2 308
2 1730
2 216
2 1285
2 1319
1 1869
1 177
2 45
1 1940
2 845
1 1602
2 1987
2 1305
2 826
1 1077
2 229
1 1344
2 1371
1 619
1 366
1 1358
1 1278
2 1100
1 1111
1 1554
2 604
2 1179
1 1127
2 866
2 1173
2 86
1 640
1 1824
1 319
2 853
2 1548
2 1521
1 1582
1 1676
2 271
1 1241
1 829
1 1063
1 811
1 1789
1 1752
2 426
1 1027
1 1338
2 1389
2 752
1 789
1 1120
1 1121
1 1128
2 349
2 1916
2 1636
1 1556
1 384
1 615
1 1766
1 462
1 1188
1 1539
1 2046
1 178
2 1647
1 1917
2 641
1 1530
1 1806
2 941
1 208
1 1438
1 1980
2 581
2 87
1 1520
2 382
2 266
2 1230
1 1462
2 400
2 464
1 1164
1 1345
2 1029
2 1720
2 1138
2 2009
2 1832
1 847
2 1974
2 1239
1 303
2 1749
2 314
2 1180
2 738
1 1072
2 731
2 129
2 214
2 96
1 1346
2 1537
2 92
1 939
1 668
2 1141
2 430
1 413
2 1634
1 1130
2 1162
1 489
1 1864
1 2010
2 281
1 1891
1 145
2 1988
2 1386
2 677
2 1068
2 1475
2 988
1 1016
2 1710
2 1886
2 1593
2 136
1 1270
1 1775
1 1288
2 258
2 896
2 947
1 829
1 1692
1 1488
2 928
2 1158
2 1178
2 935
2 1986
1 786
1 1673
1 1431
1 475
2 1244
1 119
1 963
1 1826
2 377
2 1649
1 456
2 1638
1 2036
2 963
2 1533
1 543
1 247
1 1873
1 1753
2 1144
1 1014
1 483
1 1676
2 1448
1 1786
1 914
1 1351
2 1814
1 1526
2 864
1 1452
1 1671
1 343
2 7
1 309
1 1396
2 1694
1 1225
2 537
2 178
1 1046
1 1761
2 1718
2 1792
1 1820
1 1376
2 1143
2 1497
1 1713
1 226
2 695
1 160
1 2001
1 546
2 809
1 1420
1 1695
1 1621
1 827
2 1021
1 2044
1 1564
2 913
1 305
1 1336
1 346
2 2010
2 1110
2 297
1 1762
1 2038
1 1320
2 574
1 886
2 392
2 927
1 1430
2 943
1 302
2 398
2 1947
1 653
2 603
1 76
1 1437
2 979
2 1078
1 1317
1 1664
1 1685
2 697
2 1714
2 1810
1 1149
1 229
1 213
1 1353
1 1642
2 1079
1 1821
2 783
1 2005
2 1539
1 1328
1 167
2 1391
1 859
1 282
1 815
1 386
2 1019
2 1069
1 1905
1 394
1 1351
2 1998
2 1701
1 208
2 1731
1 217
1 1180
1 1652
1 1340
2 544
2 791
1 93
2 1632
1 567
1 427
1 819
2 52
2 1469
2 1661
1 957
1 1841
2 441
1 50
2 679
1 850
1 159
2 562
1 1854
2 1237
2 128
1 173
1 2006
2 830
2 29
2 569
1 663
2 1850
2 1255
1 1166
2 1393
1 672
1 1003
1 1985
2 552
1 1030
1 1175
2 1603
2 974
2 1335
2 1471
1 1065
1 1653
2 1992
1 1858
2 1572
1 116
1 1023
2 679
2 432
1 1324
1 1
2 16
2 257
1 1618
2 1412
1 990
2 1240
1 391
2 1533
1 1429
1 669
2 1338
1 1978
2 1929
2 1769
1 860
1 417
1 395
1 1623
1 1897
1 149
1 717
1 337
1 976
2 1140
2 1934
1 483
1 1220
1 896
1 1807
2 520
2 252
2 149
2 1152
1 30
1 1316
2 301
2 60
1 618
1 1540
1 1385
2 1504
2 1017
2 486
1 1772
2 1527
1 1166
1 347
1 1522
1 2035
1 1025
2 1832
1 322
2 1242
1 1982
1 70
2 190
2 629
1 1625
2 1429
2 1906
1 1401
1 1198
1 1862
2 468
2 758
1 816
2 1586
2 961
1 688
2 1715
2 1129
1 828
1 1935
2 920
1 1411
1 1343
1 1266
1 1725
1 1062
1 138
2 455
1 101
1 1500
1 460
1 932
1 1438
1 776
2 1331
1 587
2 958
1 1113
2 1972
1 563
2 834
2 806
1 823
2 759
2 53
2 81
1 1084
2 1437
2 701
1 1705
1 1532
1 1304
1 1967
2 1523
1 315
1 248
2 1080
1 1737
1 497
1 165
1 12
1 1678
2 539
2 766
2 1528
1 1802
2 1337
1 694
2 735
2 1960
1 1665
2 1948
2 1131
1 63
1 330
2 1551
2 1688
2 1085
1 1762
2 520
1 1350
2 1455
1 1923
1 1627
1 2004
1 769
1 773
1 1079
2 1291
1 1060
1 2016
2 496
1 184
1 1628
2 794
1 1159
2 698
2 2036
1 1325
2 1507
2 1961
1 716
1 1572
2 624
2 154
2 610
1 657
1 524
1 1876
2 534
2 361
1 304
2 1308
2 1203
1 893
2 1410
2 1236
1 602
2 1954
2 1382
1 490
2 1009
2 951
2 712
2 12
2 1015
2 1402
1 43
2 1767
2 2047
1 99
2 1052
2 899
2 1143
1 262
2 168
1 1583
2 646
1 122
1 1565
2 926
1 1511
1 874
2 1379
1 611
1 1484
1 1953
1 1002
1 1736
1 1340
2 421
2 691
2 196
1 1169
2 940
1 1951
2 1402
2 1287
2 1225
2 707
1 734
2 1512
2 1888
2 664
1 1167
1 501
1 348
2 1784
2 83
1 1680
1 638
2 37
2 570
1 1768
1 2050
2 1107
2 591
2 1531
1 1450
2 189
2 356
1 1087
1 731
2 885
1 68
1 1748
2 277
1 1403
2 1055
2 462
1 1720
2 1923
1 1797
1 1814
2 431
1 558
1 369
2 768
2 340
2 1425
1 1310
1 9
2 1010
1 646
2 1018
1 1207
2 538
1 1737
2 1467
2 1253
1 148
2 514
1 955
2 197
2 796
2 1837
1 161
1 275
1 58
2 1426
1 218
2 1398
1 1653
1 1256
2 1654
2 1663
1 2013
2 717
2 1058
2 237
1 1626
2 540
1 1937
1 776
1 1672
1 1713
2 56
1 1913
2 996
2 370
2 1368
1 1157
1 1222
2 812
2 919
1 501
2 1777
2 1805
1 16
2 1409
2 1648
1 548
2 730
2 1519
2 1357
1 1922
1 636
2 1263
2 1742
2 157
2 1104
2 1600
1 1050
1 137
2 1589
1 1306
1 121
1 473
2 502
2 1422
2 1303
2 1724
2 166
1 1127
2 526
1 1082
2 2012
2 371
2 1393
2 1155
1 1269
1 1904
1 1181
1 134
2 1984
2 719
1 1086
1 1451
2 220
1 1817
2 337
2 2014
1 1174
1 1881
2 2016
2 1487
2 110
1 1052
2 1990
1 919
1 490
1 1614
2 997
2 1318
2 911
1 1055
1 1476
1 1880
1 130
2 1044
2 4
1 287
2 65
1 1896
2 856
2 1158
2 1407
1 61
1 1999
2 688
2 334
1 765
2 575
1 950
1 282
1 184
1 1215
2 1664
2 25
1 1271
2 238
1 607
2 1116
1 605
2 1125
1 1920
1 1529
1 1350
1 1513
2 1780
2 1357
1 965
1 1722
1 1571
1 350
2 1810
2 1732
1 1754
2 725
1 562
2 415
2 1532
2 54
1 537
2 708
1 1297
2 338
1 649
1 215
1 766
1 733
1 417
2 1645
1 36
1 1866
1 1112
2 358
1 55
2 1053
1 689
1 1717
2 1657
2 259
2 527
2 1362
1 1887
1 351
2 1859
1 340
1 1866
1 1831
1 628
1 399
1 141
2 1602
1 145
2 85
1 791
1 907
2 1125
2 1011
2 622
2 1831
1 102
1 1151
2 1961
1 399
1 2042
2 1893
2 15
2 1670
1 1568
2 305
1 1006
2 301
1 1931
2 854
1 1558
2 1525
1 576
2 205
1 1374
1 1521
2 1145
2 1212
1 529
1 312
1 1851
1 122
2 1559
2 1489
2 1210
2 642
2 1613
2 714
1 1596
1 1090
1 1702
1 24
2 637
1 37
2 992
1 375
2 849
1 1234
1 1686
2 707
1 1754
1 6
2 1989
2 1287
2 18
1 877
2 593
1 493
2 187
2 1764
1 820
1 1039
1 1364
1 212
1 333
2 774
1 1444
2 285
2 1024
2 600
1 183
1 933
2 1114
1 515
2 1054
2 298
2 1889
2 1461
2 1650
1 31
1 367
1 660
2 271
1 440
2 1076
1 2024
1 498
2 303
1 98
1 1750
1 502
1 1682
2 521
1 171
1 2040
1 1251
2 164
2 1248
2 944
2 3
2 452
2 1668
2 1359
1 1665
2 1348
1 1972
2 626
2 1871
2 1743
1 448
2 945
1 840
1 26
2 10
1 1956
1 818
2 1892
2 814
1 515
2 1089
1 1962
1 889
2 1519
1 533
2 833
1 968
2 262
2 1534
1 882
2 1651
1 1501
2 1670
1 585
2 1735
1 329
2 1334
2 1432
2 444
1 754
1 1798
1 1204
1 3
2 73
2 584
1 1749
2 1707
2 1307
1 822
1 1246
1 290
2 169
1 1575
1 1361
1 547
1 1304
1 826
1 315
1 1154
2 1051
1 2034
1 1874
1 1976
2 294
2 689
1 959
2 518
2 160
2 893
2 1293
1 1783
2 1036
2 846
2 690
1 1405
1 291
2 467
1 879
1 1500
1 798
2 642
1 1041
1 1564
1 1417
2 968
2 988
1 175
2 1428
2 1395
1 1637
2 1458
1 1518
1 1230
2 1310
2 278
2 1344
1 504
2 903
2 147
2 1803
2 1982
2 561
2 1431
2 1247
2 1134
2 1455
2 1795
1 841
1 1678
1 1134
2 1168
1 2038
1 267
2 1494
1 882
2 1662
2 18
1 1385
2 1983
2 1113
1 951
2 863
2 751
2 318
1 1044
2 925
2 406
2 901
1 609
1 476
1 1798
2 2
1 1035
2 1174
1 328
2 414
1 234
2 1356
2 1178
1 1758
2 1505
2 1064
1 1751
2 195
2 911
1 384
2 368
2 1333
2 820
2 94
1 1359
2 1264
2 230
2 1375
1 1256
2 1195
1 255
2 1727
1 612
2 1514
2 162
1 573
2 878
1 910
1 1182
1 1714
2 1944
2 1858
2 859
2 1872
1 450
1 867
1 1843
2 533
1 491
1 1782
1 1706
1 133
1 1606
2 251
1 123
1 1049
1 1914
2 64
1 1396
1 708
2 419
1 1025
2 400
1 354
1 1804
1 1584
2 365
2 2045
1 73
2 246
1 1081
2 1071
1 632
1 748
2 967
1 1658
1 1318
1 1702
1 2037
1 1548
2 744
1 1153
1 1868
2 1628
2 449
2 298
2 325
2 749
2 981
1 974
2 704
2 886
2 1204
1 1904
1 1098
1 1848
2 1863
2 1975
2 433
2 1109
2 1101
2 1419
2 746
2 443
1 777
1 892
2 1111
1 1257
1 163
1 402
1 1723
2 601
2 756
2 1863
1 407
1 359
2 1867
2 1009
1 143
1 2002
1 1223
1 435
2 1175
2 662
1 274
2 1172
2 464
1 1635
1 993
2 1001
2 1210
2 1363
1 475
1 884
2 1827
1 711
1 1245
1 943
1 1580
1 860
2 699
1 895
2 560
2 1546
2 1553
1 1773
2 1232
2 1213
1 459
2 401
2 1300
1 1743
2 647
2 728
2 245
1 1269
1 1137
1 435
1 159
1 31
2 761
1 382
2 1813
2 1630
1 1433
2 1721
2 2042
2 1482
2 788
2 843
1 1901
2 1573
1 1942
2 1503
1 313
2 1447
2 1049
2 577
1 453
2 1238
2 1833
2 276
2 319
1 654
1 360
1 1330
2 769
1 1096
2 1938
1 1590
1 1656
1 67
2 977
1 2035
2 814
1 1771
2 141
1 1380
2 1283
1 1959
2 1880
2 1683
1 794
2 763
1 1214
2 339
2 718
1 11
2 27
1 1755
1 2023
2 750
1 1502
2 917
1 1194
2 692
1 1109
1 173
2 818
1 1294
1 661
1 1873
1 1434
1 1986
1 1687
1 128
2 1733
1 597
1 1341
2 644
2 1977
1 103
1 367
2 342
2 1707
2 5
2 1441
2 954
2 561
1 418
2 856
1 1104
2 1844
2 1583
2 630
1 549
1 57
2 932
2 1812
1 21
1 548
2 805
1 722
1 858
2 369
1 1751
1 1234
2 1978
2 134
2 683
2 1557
2 706
2 729
2 1660
2 39
2 2012
1 640
2 1202
1 1423
2 247
1 166
1 1869
2 982
1 905
1 1299
2 937
2 1933
1 1903
2 378
2 1993
2 854
1 102
1 771
2 1284
1 1938
2 513
2 1321
1 784
2 1596
2 99
1 1074
2 922
1 1262
2 598
1 1788
1 1107
2 915
1 2041
1 1899
2 506
1 1836
2 1788
2 933
1 523
2 739
2 604
1 1515
2 84
2 1285
1 1517
1 1494
1 1391
1 1291
2 1314
1 1480
1 1136
1 1421
1 318
1 536
2 664
2 947
2 686
2 1449
2 139
2 4
1 1859
1 673
1 433
2 1250
2 357
2 831
2 675
1 962
1 1708
2 906
1 1228
2 1761
2 41
2 1672
2 207
2 705
1 1876
1 1992
2 415
2 170
2 1244
2 1252
1 891
2 1075
2 214
1 1655
1 1258
1 1209
1 140
1 1468
1 684
2 1028
1 888
2 517
1 631
1 10
1 1418
2 2011
1 603
2 284
2 1179
1 966
2 1884
1 1465
2 759
2 1190
1 956
2 1262
1 1709
2 188
1 1001
2 354
1 217
2 1561
1 451
1 1425
2 857
1 632
1 1149
1 1785
1 900
2 1871
2 1139
2 592
1 572
1 1200
2 1579
1 617
2 1924
1 234
1 824
1 555
1 1842
1 564
2 772
1 19
2 1556
2 670
1 1461
2 620
2 989
2 1813
1 376
2 687
2 321
1 1835
1 1116
1 1005
2 1925
1 243
2 1050
2 1165
2 871
1 1957
1 1591
1 738
1 602
1 1567
1 146
1 405
1 737
1 920
1 808
1 175
2 181
1 29
2 512
1 1578
2 47
1 1996
2 824
2 1616
2 1718
2 1550
1 498
2 393
2 207
2 1574
1 1426
2 509
2 1538
1 1817
2 1352
2 1131
2 1239
1 1626
1 942
2 580
2 1247
1 1381
2 1644
2 42
2 1901
2 1272
1 1261
1 907
2 887
1 1921
1 1744
2 1354
1 1067
1 373
2 423
2 532
2 2001
1 454
2 357
1 1524
2 296
1 1301
1 682
1 34
2 1606
2 1190
1 1405
2 1928
1 1237
1 1062
1 1883
2 1273
2 242
1 909
1 803
2 1861
1 1069
1 952
1 1271
1 1666
2 2019
1 355
1 741
2 1595
2 408
1 261
2 2033
1 880
1 237
2 132
1 1748
2 1355
1 700
1 1806
2 1106
2 1276
2 1491
1 651
1 1796
1 1449
1 1199
1 155
1 518
2 1030
1 699
1 670
1 930
2 508
2 1570
2 1378
1 1651
1 898
1 1791
2 785
2 1698
2 63
2 929
2 1957
2 1312
2 1373
2 1092
1 74
2 686
2 643
2 995
1 1619
2 656
1 135
2 1770
1 89
2 1709
1 1382
1 109
1 1018
1 1941
2 1259
1 358
1 745
2 87
1 246
2 1046
1 821
2 1908
1 757
2 28
1 598
1 998
1 427
2 781
2 478
1 280
2 1270
2 960
1 250
1 1032
1 836
2 227
1 1993
2 1843
1 1734
2 1203
1 105
2 1306
2 733
1 1360
2 1286
2 239
1 553
2 371
2 372
2 1910
2 458
1 1523
1 1397
1 1526
1 999
2 1895
2 1087
1 753
1 902
2 779
1 46
1 1235
1 1928
2 1314
2 1971
2 224
1 152
1 721
1 1728
1 479
1 1964
2 499
2 959
2 429
2 1343
1 1296
1 763
1 1657
1 1400
1 821
2 1279
2 375
2 795
1 1816
2 716
2 1659
1 1799
1 1541
2 1132
2 2046
1 1980
2 377
1 1211
2 1936
1 385
1 373
2 1829
2 272
1 480
1 127
2 1739
2 155
2 1137
1 213
1 1133
2 1790
2 210
1 1819
2 556
1 1254
1 1462
2 1514
1 438
2 1292
1 46
2 1091
2 1273
1 424
1 1467
1 1839
2 687
1 876
2 724
1 1488
2 1856
2 680
1 410
1 872
1 1689
1 1781
1 1446
2 1504
2 461
2 773
2 605
2 1189
2 925
1 478
1 753
1 613
1 411
2 1870
2 280
1 635
1 270
1 729
2 789
2 1765
2 709
2 295
1 541
2 1852
2 1117
2 1063
1 28
2 120
1 230
1 828
2 546
2 922
2 1094
2 648
1 953
1 345
2 1093
2 799
2 2029
2 1053
2 1161
2 883
2 193
2 1099
2 1207
2 801
2 1450
2 447
2 684
1 1199
2 457
2 1605
1 38
1 586
2 306
2 15
1 1560
1 958
1 1856
2 162
1 1577
2 1726
2 895
1 778
1 1821
1 1248
1 1506
1 2023
2 1218
1 542
2 834
1 1893
1 583
2 588
1 1458
2 75
2 527
2 1191
1 1811
1 875
1 1617
1 172
2 89
1 2014
1 1760
1 1948
1 1091
2 557
2 1217
1 97
1 256
1 1636
1 1939
2 1298
2 283
2 655
2 1266
1 189
1 1189
2 1850
2 1998
2 1295
2 793
1 1946
2 1815
2 1329
1 1894
2 1891
2 106
1 1503
1 1697
1 1571
2 378
2 1264
2 1646
2 251
2 1255
2 762
2 232
2 1900
2 1267
2 1023
2 507
1 1490
1 1854
1 1692
1 625
2 852
1 575
1 71
2 1294
2 343
1 1378
2 659
2 685
2 1960
2 48
1 1782
1 870
1 1493
1 740
1 987
1 1912
1 233
1 1687
2 754
2 675
2 336
2 700
2 720
2 1666
2 396
1 1201
2 816
2 1823
1 90
2 1469
1 1408
2 277
2 1233
2 667
2 812
2 702
1 1778
1 867
1 1635
2 544
2 1123
2 1238
2 868
2 703
2 1905
2 1383
2 1952
2 1809
1 316
1 218
1 82
2 33
1 1068
1 82
2 158
1 1088
1 1406
2 683
1 408
1 950
1 1902
1 27
2 1715
1 1600
2 383
1 111
2 681
2 1547
1 1763
2 1454
2 1206
2 1507
1 1274
2 177
2 915
2 1150
2 840
2 1791
2 894
2 721
1 1185
2 88
1 1540
2 1300
1 889
1 108
1 1700
2 964
2 151
2 472
1 1621
2 650
1 1545
2 146
1 651
2 1222
2 1897
1 1317
2 2005
2 985
1 800
2 1695
2 862
2 1078
2 1784
2 1669
1 897
2 1228
2 807
2 822
2 1822
1 1808
1 1033
1 180
2 1729
2 1513
1 747
2 1281
1 1133
1 1883
1 891
2 1511
2 1581
2 1958
1 1759
2 332
2 554
2 1472
2 777
1 1868
1 113
2 652
1 1952
2 1034
1 1926
2 5
1 865
2 1195
2 906
1 861
2 1667
1 1512
2 948
1 715
1 966
2 62
1 855
1 872
2 1848
1 1995
2 310
2 667
1 176
1 1413
1 2028
1 1259
2 1136
1 1801
1 1847
2 389
2 1649
2 125
2 1423
2 1051
1 563
2 1103
2 1805
1 226
1 1911
2 1510
2 1922
1 1364
1 1867
2 1022
1 1005
2 772
2 1975
2 1969
1 594
2 72
2 1439
2 85
1 937
2 58
1 681
2 1966
1 1535
1 1279
2 1478
1 504
2 2007
2 1958
1 398
1 1725
2 320
2 762
1 1970
1 243
1 421
1 1021
1 969
2 1579
2 2032
2 1303
1 1641
1 865
2 2040
2 1229
2 1747
1 1372
1 1919
1 593
1 1779
2 726
2 1139
2 363
1 1261
2 410
2 1295
1 126
1 1808
1 846
2 1682
1 1900
1 676
2 990
1 104
1 1932
1 758
2 2011
2 259
2 283
1 1014
1 474
2 792
1 1183
1 1355
1 1630
1 1576
1 49
2 1444
2 1741
1 30
2 1072
2 1959
1 1013
1 1530
2 1589
1 1804
2 420
1 1968
1 752
1 697
2 1434
1 967
2 307
1 79
2 236
1 1740
2 1129
1 1803
1 300
1 84
2 1283
1 1830
1 1537
2 2048
1 2022
1 1712
2 1508
2 1466
1 264
2 1658
2 1712
1 735
2 1275
1 1161
2 870
2 1386
1 1741
1 1177
2 855
1 17
1 59
2 1767
1 2028
2 1443
1 227
1 641
1 1105
2 969
1 979
1 404
1 869
1 782
2 1750
1 1910
1 1020
1 1921
1 1325
2 1677
1 65
1 1460
2 788
1 413
2 508
1 1414
1 124
1 1293
2 1007
2 668
1 976
2 341
2 512
1 111
2 1490
1 482
1 660
2 589
1 1360
1 1732
2 835
1 1945
1 628
2 1278
2 1495
2 1003
2 258
2 172
2 804
1 1729
2 926
2 543
2 1335
2 469
2 1681
2 209
2 115
1 1066
1 142
1 981
2 499
2 705
1 957
2 902
2 1392
2 66
2 556
2 1040
1 1646
1 1787
2 1468
1 1847
1 1691
2 1945
2 620
1 1048
1 702
1 984
1 370
1 685
2 654
1 236
1 532
2 983
2 444
1 1701
2 1205
1 682
1 81
1 987
2 299
2 936
2 1016
1 1736
1 1696
2 1221
2 534
2 72
2 511
1 118
2 666
2 1397
2 386
2 1588
2 279
1 1086
1 260
1 463
2 810
2 1356
2 1464
2 1792
1 1241
1 176
2 196
1 353
1 1612
1 1032
1 1399
1 1554
1 1171
2 547
1 269
2 1586
1 1822
2 469
2 205
1 1845
2 42
2 1403
2 263
1 1739
2 402
1 1440
2 1119
1 1711
1 2021
2 1690
2 1041
2 179
2 1669
1 109
1 1584
1 1544
2 1587
1 1038
1 362
2 853
1 144
2 787
1 597
1 944
2 1574
2 117
2 1529
1 737
1 198
1 497
2 1890
2 1735
1 761
2 1163
2 1661
1 1148
1 1167
2 22
1 1000
1 923
1 802
1 140
1 961
2 1738
2 1560
2 1083
1 1932
1 1765
2 1582
1 1181
1 1276
2 1700
2 1499
2 1209
1 1896
1 1552
1 1916
2 51
1 100
2 1290
2 363
2 949
1 592
2 197
1 500
2 1020
1 578
2 836
2 1142
2 1040
2 1417
2 551
2 1028
2 1562
2 182
1 416
1 423
2 1076
1 126
2 1118
1 324
2 235
1 1471
1 40
1 1536
1 137
1 1332
1 1453
1 1416
2 472
1 1492
2 1895
1 500
1 2030
2 780
2 1985
2 245
2 545
2 255
1 530
1 833
1 1924
1 704
2 517
2 1231
2 485
1 391
2 2017
2 698
2 1042
2 49
2 436
2 825
1 1544
1 1229
1 403
1 199
1 663
1 823
2 1057
2 810
1 1746
1 429
2 1329
1 1441
1 293
2 293
2 601
2 521
1 972
2 1307
1 1734
2 332
2 1388
2 912
1 1631
1 95
1 127
1 1275
2 1607
2 1197
2 2044
2 292
1 1835
1 1882
1 296
1 1659
2 39
1 225
1 169
2 1828
2 523
2 466
2 1081
2 1008
2 307
1 1196
2 841
2 44
1 327
1 511
1 253
2 858
2 938
2 703
2 1115
2 1872
2 1077
2 211
2 1631
2 1478
2 1361
2 799
2 1033
2 742
2 666
2 1717
2 1860
1 56
1 1065
1 1783
2 1268
2 286
1 1955
1 224
2 1442
2 1679
2 216
1 710
1 1917
2 445
2 1286
1 204
1 609
1 23
1 1943
1 1412
1 965
1 288
2 1097
2 1789
1 639
2 1193
2 954
1 215
1 746
1 606
2 470
2 1421
2 1430
2 1625
1 616
1 539
1 1925
1 540
2 200
2 1170
2 1637
2 1827
2 1877
2 1816
2 652
2 1341
1 989
1 489
2 1156
2 1249
2 1988
2 170
2 341
2 1744
1 1159
2 1128
2 1211
1 1154
1 719
1 1233
2 23
2 927
1 510
1 40
1 1061
2 22
1 426
1 1171
1 157
1 994
2 1969
1 1326
2 813
1 190
2 131
2 11
2 1227
1 542
1 241
2 1309
2 2020
2 1984
1 1348
1 439
2 580
1 53
2 1115
1 1865
2 244
1 352
1 581
1 1157
1 1094
2 35
1 476
2 273
2 516
2 114
1 1160
1 1853
2 1015
2 850
1 431
2 637
1 1979
1 1435
1 813
1 1956
1 1892
2 64
1 1851
2 671
1 999
1 980
2 471
2 381
1 970
2 107
1 488
1 130
2 1463
1 861
2 526
1 1160
2 1000
2 1612
1 1828
1 742
2 1289
1 2030
2 1296
1 1846
1 1779
1 1597
2 727
2 1070
1 1354
1 1627
2 1509
1 311
1 1852
1 1516
2 1517
2 1758
2 77
2 330
1 1260
1 569
2 1809
1 1603
2 1937
1 1865
2 1597
2 1119
2 1208
2 775
1 1345
2 1124
1 107
2 248
1 1218
1 1908
1 270
1 468
1 1677
1 1415
1 908
1 993
1 1071
1 723
2 333
2 1730
2 1691
1 275
2 1147
2 909
2 1019
1 412
2 970
1 420
2 1613
2 405
1 1566
2 1634
2 1527
1 1242
1 1632
1 481
1 1552
1 112
2 614
2 929
2 924
1 1705
2 198
2 80
1 120
2 477
2 1614
1 678
1 1935
1 1968
2 428
1 847
1 1920
1 1027
1 771
1 1173
2 201
2 2015
2 851
2 1889
2 978
2 1643
2 1764
2 454
2 565
1 443
2 1491
1 108
2 1227
1 558
2 509
2 1194
2 2033
2 1786
1 883
1 344
1 279
2 90
1 1092
1 1738
2 1941
2 1056
2 811
1 185
1 1440
2 2008
1 1505
2 266
1 783
2 242
1 436
1 611
2 665
1 756
2 390
1 1290
2 1570
2 1145
2 1573
1 416
2 1609
2 1446
2 1312
1 935
1 1074
1 1253
2 1485
1 1716
2 1723
2 1973
1 438
2 1457
2 973
2 1654
2 785
2 392
2 339
2 519
1 1165
2 596
2 2043
2 2020
1 1080
2 1771
1 1898
1 577
2 442
2 1176
1 20
1 1555
2 241
2 129
1 612
2 695
2 1011
1 1946
1 1384
1 220
1 1083
1 525
1 1825
1 164
1 1445
2 852
1 868
2 265
1 66
2 767
1 653
