4100 3500
2 423
2 29
1 356
2 1198
2 173
1 270
1 1033
1 1533
2 1001
2 1333
2 50
1 235
2 2019
1 1185
2 39
2 1471
2 503
2 1316
1 946
2 182
1 1968
2 2017
2 1917
1 580
2 785
1 901
1 189
2 1422
1 1286
2 1497
1 1323
2 1935
1 696
1 375
2 1555
2 1311
2 201
2 1549
2 669
2 1831
2 490
2 263
2 246
1 1117
1 1291
2 355
2 1747
1 155
2 530
1 1138
1 1078
2 1691
2 1190
2 1273
2 1690
1 1750
1 1271
1 1623
1 944
1 202
2 288
1 907
1 220
1 513
1 1391
1 1072
2 1668
2 1216
2 1652
1 1462
2 378
1 682
2 1207
2 297
2 1215
1 1129
2 102
1 1257
2 1280
1 577
2 2001
1 1753
2 1176
1 1668
2 1076
2 1370
1 959
1 1102
1 1459
2 1903
2 449
1 1769
1 117
1 1885
2 1809
1 1371
1 1430
2 782
1 553
2 296
2 1554
2 894
2 1699
2 181
1 305
1 1658
1 224
1 1338
2 2039
1 1766
2 1627
1 1761
2 1242
2 1839
2 268
1 2044
1 1150
1 633
1 1250
1 1953
2 577
1 2013
2 622
1 1488
1 1962
2 670
2 176
1 831
2 208
2 965
2 2028
1 931
1 818
1 539
2 256
1 596
1 983
2 1536
2 604
2 657
2 593
2 799
2 787
2 1110
1 1228
1 1708
1 985
1 249
1 233
2 1831
2 1830
1 1821
2 683
1 1071
1 344
2 226
1 723
1 661
2 1178
2 311
2 393
1 1079
2 1675
1 290
2 962
2 1400
1 1367
1 480
1 803
1 251
2 704
2 1308
1 211
1 1665
1 1560
1 286
1 1158
1 1244
1 599
1 765
2 1601
2 363
1 1496
1 1748
2 590
1 317
1 1275
1 1151
2 1616
2 43
1 1753
2 792
2 1073
1 106
1 1470
2 2024
1 1112
1 1531
2 924
1 324
2 21
1 418
2 737
2 1915
2 1403
1 1681
2 8
2 938
2 2029
1 1000
2 972
1 152
1 461
1 1501
1 696
2 954
2 588
2 366
2 87
2 982
1 1700
2 1434
2 1111
2 1308
1 1574
1 1482
1 867
1 1387
2 1580
2 542
1 1866
2 424
1 811
2 1138
1 1730
2 1526
1 742
2 749
1 823
1 1136
1 2030
2 783
2 676
1 655
2 1170
1 1444
1 371
2 447
2 190
1 855
2 571
2 797
1 1327
2 357
2 1447
2 1099
1 402
2 1086
2 1976
1 527
1 416
1 607
2 76
2 493
1 235
1 1629
1 2005
2 1586
1 804
2 479
2 873
1 34
1 1163
2 1339
2 1702
1 1504
1 919
2 1802
2 1056
2 1465
1 744
2 533
1 1767
2 1532
2 975
1 1904
2 1410
1 1491
1 950
1 854
1 1680
1 258
2 1151
1 1909
1 102
2 1741
2 154
1 1635
1 587
2 699
2 19
2 1356
1 1590
1 5
2 357
1 1735
2 976
1 1587
1 1258
1 356
1 238
2 1622
2 1751
1 482
2 228
2 1348
1 857
1 206
2 1968
2 33
2 1950
2 1720
1 1298
1 2049
2 1383
2 923
1 1669
2 54
2 1658
1 1369
2 1930
2 320
2 567
2 292
2 1160
2 153
1 692
2 1885
1 562
1 760
2 1309
2 903
1 999
2 1322
1 591
1 430
1 903
1 1400
1 856
1 1101
2 1215
1 1535
1 1145
2 321
2 1416
1 1321
2 1574
1 1708
2 123
1 1161
2 134
1 727
2 1634
2 1415
1 120
2 1602
2 1547
1 685
2 1920
2 1469
1 912
2 691
2 230
1 793
1 1058
1 583
2 1739
2 863
1 1512
1 839
2 1061
2 1948
1 928
2 269
1 352
1 609
1 547
1 85
1 86
2 1006
1 1047
1 1776
1 513
1 143
2 1790
2 109
1 1709
1 1828
1 1438
1 2016
2 1876
1 1878
1 1527
1 1130
2 680
2 703
1 124
2 1771
2 743
2 259
2 1358
1 246
1 1980
2 56
2 1925
1 666
1 1513
2 824
2 30
2 1335
1 902
2 1359
1 1152
2 1104
1 341
1 1060
1 209
2 801
1 188
2 65
2 1647
2 1053
1 248
2 951
1 444
1 958
2 1120
2 1234
2 945
1 1186
2 184
2 1836
2 1297
1 768
1 1498
2 1513
2 1807
1 179
1 1562
1 1134
2 1037
2 808
2 551
2 609
1 1943
1 1102
1 1522
1 405
2 561
1 256
1 1859
1 542
2 704
1 1357
1 1775
2 1532
2 33
1 845
2 1732
2 1225
2 786
1 765
1 1387
2 1395
2 1417
2 1867
1 689
1 1895
1 623
2 1864
1 195
2 1078
1 171
2 1084
2 1299
1 353
2 653
1 917
2 675
1 1456
1 516
1 1662
2 738
1 20
1 527
1 1927
1 1865
2 1237
1 1593
1 685
2 1344
1 1427
2 601
2 795
2 1238
2 1193
2 1562
1 1526
1 1863
1 1453
2 980
2 1973
1 1467
1 823
1 1036
2 936
2 570
2 227
1 1939
2 1826
1 132
2 295
1 504
1 1304
2 689
1 1974
2 1207
2 6
2 131
2 694
2 892
1 991
1 920
1 2000
1 1321
1 359
2 486
2 538
2 395
1 316
1 608
1 69
1 1813
1 761
1 1089
1 1595
1 744
2 1349
1 79
1 855
1 226
1 1090
2 1530
2 1938
2 159
1 1010
1 313
2 902
2 1345
1 1578
2 801
1 1945
1 1431
2 1121
2 1618
1 871
1 1346
1 1737
2 802
1 2034
1 495
1 511
1 2014
1 372
2 1849
1 1266
2 1254
1 419
2 389
1 758
2 992
1 515
1 616
2 283
1 838
2 969
2 944
2 1358
2 1542
1 1235
1 212
2 1429
1 432
2 731
2 1240
1 1446
1 1873
1 208
2 428
1 450
1 494
2 1820
1 887
1 1928
1 753
2 1294
2 1783
1 927
1 1313
2 539
2 761
2 1248
1 881
1 409
1 390
1 775
1 503
1 793
2 1986
1 834
2 1343
1 837
2 679
1 1020
1 1944
1 1048
2 272
1 96
1 1966
2 90
2 1377
1 492
2 1643
2 936
2 707
2 352
1 1484
1 802
1 158
2 1583
1 225
1 2017
1 141
1 800
1 1452
1 1192
1 207
1 304
1 1301
1 282
2 1281
2 295
2 562
1 603
2 1100
2 184
1 920
2 1934
2 1733
1 496
2 1417
2 1707
2 1448
2 819
1 1963
1 745
1 1779
1 1306
1 1432
2 243
1 1054
1 73
1 39
1 1511
2 788
2 1005
1 1516
1 261
1 922
1 1677
2 214
1 1911
1 884
2 176
1 517
1 253
1 1682
1 1131
1 1462
2 157
2 1050
2 1683
2 217
2 648
1 1943
2 1424
1 1427
1 842
1 169
1 1086
2 487
2 498
2 1994
1 515
1 1926
1 1134
1 713
1 933
2 1916
1 1189
1 785
2 1373
2 2007
1 816
2 507
1 1436
2 57
2 421
1 118
1 289
2 1887
2 1845
2 1474
2 1112
2 1451
2 1991
1 1036
2 89
1 252
2 906
1 343
1 1921
1 1477
2 1901
2 453
1 1951
2 444
1 1182
1 1351
1 287
2 1840
2 1250
1 308
2 790
2 1173
1 891
2 2010
2 383
2 734
1 2006
1 359
2 852
1 1327
1 453
1 1080
2 1432
2 2
1 850
1 1057
2 74
2 469
2 836
2 1373
1 194
2 472
1 48
1 1806
2 983
2 1385
2 813
2 151
1 2050
1 752
1 1629
1 1751
1 124
1 837
2 507
2 879
1 1712
1 1718
2 382
2 472
2 1196
1 1596
1 1838
2 1989
1 1106
1 1345
1 129
1 199
2 1119
1 373
1 579
1 582
2 1924
2 502
1 989
1 1517
1 1407
1 1169
1 1823
1 404
2 294
2 451
2 1736
1 1248
1 2013
1 806
2 1736
1 628
2 361
1 632
1 80
2 672
2 1794
2 1871
2 1019
1 1597
1 518
1 1657
1 1742
2 1619
2 1018
1 1107
2 299
2 759
2 1567
1 1936
1 1994
2 87
1 1523
1 1875
2 429
2 1388
2 1133
2 755
2 459
2 1021
1 1925
1 420
2 1047
1 1558
1 1081
2 284
1 41
1 332
2 319
2 551
1 1694
2 84
2 1378
1 160
1 649
1 862
2 336
2 712
2 122
1 1529
2 1992
1 1397
1 884
2 170
1 2027
2 351
2 2000
2 555
2 1211
2 139
1 217
1 368
1 1609
2 1723
1 488
1 570
1 73
1 1799
1 1500
2 642
2 112
2 1173
1 173
2 1010
2 753
1 391
2 646
1 1166
1 1985
1 602
1 1888
2 607
1 482
1 237
2 997
1 1674
1 918
1 1606
1 1439
2 1646
1 1728
2 1143
1 1701
2 834
1 999
1 1105
2 222
2 1664
2 1755
1 1139
2 1607
2 1328
2 1689
2 1576
1 862
2 1372
2 1570
1 265
1 1341
2 1170
2 1970
1 93
2 1792
2 129
1 1072
1 303
1 1062
2 188
1 558
2 1778
2 625
1 1678
2 1922
2 886
1 95
1 1772
2 1492
2 1343
2 978
1 1522
2 858
1 331
1 1746
2 1626
2 1160
2 935
1 200
2 1031
1 1092
2 1201
2 860
2 843
2 883
2 1316
2 1015
2 1103
2 975
1 152
1 1603
1 1208
2 1796
1 1516
1 1270
1 1640
1 1394
1 135
2 664
1 1356
2 1290
2 854
1 1392
2 639
2 1835
2 420
2 1564
1 762
2 1433
2 1871
1 1517
2 374
1 1039
2 264
2 1818
1 1300
1 540
1 853
1 264
1 1783
2 1973
1 1637
2 1941
2 1508
1 1024
2 314
2 1323
1 1510
2 1997
2 718
1 145
1 1025
2 904
1 573
1 1469
1 151
1 186
2 1444
1 678
1 1142
2 1464
1 1457
2 578
1 1654
1 1855
2 1600
2 468
1 1551
2 374
1 1660
1 1640
2 1188
1 195
2 748
1 1196
2 1274
1 417
2 1839
2 1053
2 254
2 1956
2 1581
2 213
2 1398
2 6
1 1292
1 412
1 1437
2 1869
2 1095
1 1051
1 1419
1 825
1 1025
2 1037
1 885
1 994
1 693
2 660
1 1981
2 756
1 1405
2 784
2 1082
2 2029
1 1473
1 316
2 367
2 1534
1 1126
2 858
2 1729
2 870
1 398
2 1552
1 1948
1 1738
2 2016
1 726
1 1649
1 214
1 266
1 1021
1 977
1 410
2 1249
2 815
2 536
1 1650
1 210
1 1653
1 2041
1 375
2 1762
2 1565
2 1488
2 1535
2 1853
2 1582
2 1775
1 820
2 1168
1 1784
1 2043
2 488
1 108
1 2018
1 1080
1 612
2 1445
1 1108
2 1137
2 1860
2 1687
2 1969
2 1074
2 408
1 912
1 763
1 484
1 606
2 817
2 1384
2 1824
2 1279
2 473
1 861
1 1821
1 1870
2 1277
1 435
2 9
1 422
1 585
2 2009
2 1012
1 1096
2 788
1 1835
1 1863
2 2002
2 313
1 1423
2 1797
1 1631
2 1233
1 519
2 1593
2 1785
1 949
2 274
1 1632
2 1721
2 1443
1 1662
1 120
2 1411
1 525
2 1499
2 385
1 808
2 932
2 1785
2 1434
2 37
1 330
1 667
1 1565
1 227
1 1977
1 1817
1 502
1 1550
2 2036
2 1706
1 100
2 961
1 789
2 791
2 154
2 754
2 74
1 1584
1 841
1 791
2 708
1 955
2 414
1 613
1 1124
1 1814
2 1926
1 509
1 1853
1 782
2 95
2 1422
2 41
1 710
2 520
2 533
1 720
2 361
1 600
1 606
1 236
1 889
1 498
1 119
1 335
2 1724
2 670
2 61
2 416
2 1525
1 1454
2 1896
2 283
2 927
1 1920
1 1190
1 732
1 1058
1 1648
1 1588
1 415
1 821
1 160
1 126
1 1182
2 1484
1 1318
1 1582
1 1038
2 907
1 1635
1 1052
1 807
2 708
2 1454
1 1757
2 1073
2 1235
2 1002
2 2047
1 998
2 1273
1 1293
2 622
1 569
1 145
2 600
2 931
1 1035
1 1435
2 413
2 1971
1 1738
1 1287
2 1412
1 417
2 1153
1 427
2 588
2 1088
2 1009
2 1932
2 925
2 340
2 1279
1 1902
1 1566
1 59
2 1590
1 1895
1 1725
1 1353
1 1530
2 1282
2 597
1 554
1 281
2 1509
1 1101
2 1749
1 1610
1 1721
2 5
1 1978
2 474
1 1983
1 1246
2 1919
2 1833
1 526
2 2012
1 1371
1 1309
1 1266
1 371
2 442
1 1055
1 181
2 365
2 1288
1 911
1 169
1 61
1 1797
2 170
2 597
1 1816
1 1150
1 851
1 1401
1 137
1 293
2 980
1 1963
2 1392
1 198
2 397
1 1695
1 1805
1 822
2 449
1 222
1 308
1 1908
2 953
1 194
1 1381
2 1607
1 1998
1 57
1 1645
1 1070
2 629
2 500
2 964
2 1995
2 1147
1 1049
2 462
1 888
2 205
2 555
2 1639
1 1717
1 1335
2 1338
1 1577
2 518
2 380
2 111
1 1585
1 67
1 1227
2 1722
2 934
2 1801
2 15
1 618
1 535
1 1778
1 178
2 1439
1 868
1 340
1 116
1 400
1 814
1 1933
2 1657
2 1008
2 117
1 248
2 1069
1 1487
2 301
1 223
2 1165
2 1075
1 112
2 1852
1 757
2 1903
2 1636
1 1241
1 200
1 1894
1 678
1 639
1 1334
1 943
2 755
1 1740
2 1119
1 439
2 436
1 201
2 1621
2 574
2 900
1 1780
1 1180
1 1910
2 1939
1 928
1 730
2 719
1 389
2 1603
1 1678
1 125
1 332
2 82
2 1767
2 70
1 730
2 1850
2 796
1 433
2 1188
2 1614
2 721
2 1011
1 828
1 1975
2 906
1 376
2 779
2 948
2 996
1 890
1 298
1 546
2 1886
2 2042
2 692
2 1283
1 877
2 2025
2 468
1 1404
1 2003
2 1265
1 1041
1 740
1 16
2 1494
1 1140
1 459
2 626
1 1115
2 115
2 1594
1 191
2 1755
1 1789
1 285
2 1859
1 1283
1 1359
2 1486
1 1209
2 125
1 1898
1 1240
1 266
1 491
2 165
1 403
1 2004
1 1067
2 328
1 1942
2 1796
1 1935
2 1065
2 203
1 122
1 1847
1 2045
1 175
2 638
2 1093
1 643
1 203
1 538
2 339
2 367
1 172
2 1414
1 282
2 133
2 301
2 1499
1 1284
1 1261
1 1726
1 617
1 1420
2 644
1 1880
1 874
2 1779
2 2005
2 766
2 1960
2 1987
2 1205
1 1000
1 528
1 1197
2 162
2 452
1 925
1 14
1 1121
2 747
2 560
1 343
1 646
1 893
2 1118
2 1046
1 1208
1 1790
1 901
2 99
2 1220
2 1825
1 1563
2 899
1 1211
2 1449
1 302
1 1979
1 1694
1 675
1 1842
1 1524
2 1028
1 1456
1 1699
2 1116
2 27
1 716
2 987
1 387
1 1502
1 864
2 1512
1 273
2 1087
2 1932
2 1766
1 142
2 1461
1 455
1 300
2 1330
1 1650
2 1892
2 2008
2 545
2 202
2 846
1 1822
2 1460
1 1155
2 706
1 1489
1 63
1 1223
1 929
2 369
2 290
2 504
1 244
1 1344
2 98
1 1977
1 1682
2 1197
2 312
1 673
1 565
2 810
2 312
2 1324
2 694
2 1829
2 1183
1 424
2 454
2 1018
2 1445
1 1665
1 1085
2 1906
1 491
2 1379
1 1278
2 466
1 492
2 1803
2 1664
1 1623
2 2022
1 719
2 500
1 684
1 602
1 1760
2 404
1 1315
1 821
1 516
2 1217
2 337
1 757
2 1573
2 905
1 1592
1 803
2 36
1 935
2 1366
2 1849
2 1209
1 1463
2 1996
2 24
1 183
2 1730
2 1648
2 814
2 1936
2 849
1 967
1 1525
2 1108
1 1063
1 1618
2 783
2 399
1 1584
2 723
2 1098
2 549
2 1231
2 405
1 2030
1 228
2 641
2 2015
2 1199
2 930
1 45
2 1934
1 545
2 1425
1 1041
2 75
2 182
2 1357
2 775
2 1720
2 714
1 341
2 781
2 1589
1 1020
1 779
1 1851
1 1760
2 1906
1 476
1 669
1 777
1 1042
1 859
1 1802
1 1295
1 177
2 1079
1 1043
2 18
1 1229
1 1433
2 905
1 1881
2 186
2 2
2 259
1 43
2 247
1 872
2 1892
2 463
2 550
1 693
1 644
1 517
2 221
1 797
2 355
1 409
2 666
1 326
2 1659
1 430
1 1981
1 1698
2 27
2 1340
1 1958
1 984
2 1928
2 298
2 1949
1 1997
1 739
2 401
1 1048
2 1570
1 406
2 1135
1 1183
1 1858
1 358
1 1724
2 1947
2 2019
1 1368
1 398
2 1598
2 293
2 1798
2 265
2 629
2 734
2 1898
1 876
1 1596
1 1643
2 487
1 1350
1 1157
1 1884
2 269
2 1719
1 887
2 380
1 1483
2 1848
1 1046
1 1265
2 1145
2 1032
1 1035
1 1719
1 957
1 1758
1 71
2 13
1 1667
2 354
1 1162
2 1564
2 799
1 663
1 787
1 840
2 354
2 2044
2 320
2 1319
1 1365
2 1940
1 1280
2 1226
1 1026
2 816
2 1774
1 1298
1 1585
1 1795
2 1557
1 827
2 601
2 1521
2 127
1 525
2 1302
1 4
1 240
2 985
2 109
1 1333
2 1389
1 652
2 306
1 185
2 1764
1 2008
1 2046
2 1832
2 1811
1 1625
1 1158
2 979
2 1274
2 2011
1 923
1 1800
1 78
2 1241
2 1976
1 473
1 318
1 1734
1 556
1 720
1 1286
2 1527
1 1201
1 1375
1 763
1 250
1 729
2 1905
1 2047
2 1203
1 1531
1 1969
2 535
1 150
1 1646
2 218
2 1281
1 864
2 1887
1 568
1 1128
1 667
2 86
1 1220
2 1408
2 979
2 1888
2 1554
1 12
1 1505
1 842
1 63
1 1683
1 1717
1 130
1 1294
2 351
2 1267
2 939
1 1715
2 26
2 914
1 460
1 1602
1 62
2 1608
1 370
1 767
2 880
2 544
1 549
2 573
2 956
1 1583
1 541
2 724
2 1494
2 773
2 255
2 1864
2 66
2 819
1 431
1 1418
2 1655
1 294
2 467
2 247
1 1172
1 1288
1 706
2 481
2 438
2 1485
1 1991
1 368
2 777
2 1418
1 327
2 587
2 1122
2 1342
1 1155
2 261
1 277
1 251
2 1296
2 1167
1 1544
1 1251
2 677
2 843
2 216
1 280
2 1972
1 59
1 1856
1 662
2 1791
1 1490
1 1729
2 586
1 754
1 1804
2 621
1 1713
1 1841
2 809
2 1949
2 1114
1 1677
2 1918
1 1641
2 1559
2 1611
1 1148
2 1236
1 705
2 463
1 1027
1 193
1 327
1 1568
2 175
2 531
1 1952
1 1109
1 1763
2 1340
1 1337
1 895
1 1966
1 889
1 1337
1 552
2 915
1 329
1 885
2 866
1 1882
1 88
2 1002
1 381
1 174
1 1033
1 408
1 234
2 1931
2 1666
1 871
2 81
1 115
2 168
1 1880
2 1320
1 1679
1 751
1 1083
2 131
1 22
2 70
2 1348
2 784
1 1164
1 1493
1 1819
2 153
2 1039
1 60
1 838
1 686
1 1347
2 1787
2 1278
2 215
1 1023
2 773
2 1060
1 350
2 1967
2 1269
2 521
2 388
1 348
2 307
2 1398
2 260
1 1833
2 1990
2 1125
2 480
1 458
2 915
1 1669
1 822
2 1979
1 866
1 1706
2 1740
2 2007
2 756
1 1506
1 656
2 1071
1 1848
1 1763
2 440
1 676
1 1490
1 23
1 2020
2 1251
1 270
2 1666
2 58
2 1364
1 1984
2 1508
2 1861
1 209
2 1495
2 566
1 1946
2 1014
2 651
2 908
1 1142
1 2032
1 394
1 1771
1 1627
1 1403
2 739
1 418
2 263
2 85
2 1529
2 339
1 469
2 455
2 1592
2 436
1 1955
2 1236
1 1698
2 741
1 220
1 640
2 149
1 10
1 1566
2 1930
1 215
1 1921
1 1733
1 1746
2 1406
1 390
1 1342
2 770
2 1808
2 529
1 894
1 1230
1 1515
1 376
1 977
1 1184
2 250
2 1014
1 973
1 960
2 400
2 1195
1 971
1 1725
1 540
2 711
2 378
1 475
2 1654
2 141
2 1837
1 4
2 2011
2 1689
1 1312
1 1212
2 1061
1 1032
2 576
2 898
2 709
2 338
2 67
2 1042
1 1965
1 762
2 345
2 302
1 401
2 1545
2 1843
1 21
1 593
1 62
1 1230
1 362
1 1986
2 1178
1 245
1 1967
1 1464
1 1541
1 199
1 1206
2 1034
1 1745
1 1862
2 486
1 478
1 1947
1 191
2 1942
1 1902
1 1322
1 1318
2 654
2 2003
1 66
1 1331
1 1594
2 1330
2 1257
1 121
1 1083
1 83
1 1600
1 1878
1 97
1 1703
2 98
1 31
1 1022
1 458
2 1524
2 1285
2 1870
1 1295
2 1410
2 774
2 1443
2 1824
2 2026
2 679
1 1782
1 80
1 399
2 1768
2 1210
1 1538
1 485
1 634
2 1826
1 1687
1 1491
1 1598
2 592
1 840
2 886
2 1415
1 584
1 728
1 323
2 1180
2 1544
2 1290
1 364
2 1137
1 2039
2 1793
1 1612
1 949
2 1390
2 229
2 537
1 1007
1 1312
2 655
2 1630
1 1
1 485
1 1219
2 438
1 1031
2 1727
1 447
2 1842
2 617
2 1788
2 497
1 1985
2 1599
2 1874
1 1232
1 1065
1 1995
2 727
2 232
2 1784
1 38
2 1428
2 688
2 845
1 386
1 136
1 1553
1 1376
1 1261
1 1690
1 411
1 364
2 322
1 426
1 514
2 55
1 1914
2 1937
1 1786
1 1586
2 13
1 673
2 1893
1 483
2 240
2 1891
2 279
1 1429
2 1113
2 1262
1 1109
2 1470
1 1380
2 1369
1 51
1 134
2 219
1 1890
1 113
2 1696
1 1205
1 387
2 815
1 875
1 647
2 1620
2 591
1 58
1 1334
1 1483
1 116
2 725
1 168
1 1306
2 991
2 1239
1 682
2 1391
1 1019
2 53
1 446
2 1421
2 1857
2 1339
2 651
2 2023
1 224
1 1100
1 548
2 1282
2 373
1 811
2 1999
2 1255
2 1794
2 53
2 1229
1 769
2 464
1 916
1 580
1 653
1 466
2 523
1 1555
2 1152
1 101
2 510
2 1084
2 1187
1 30
2 827
2 1846
2 627
1 988
2 49
1 1213
1 1829
1 1946
1 1697
2 776
1 992
1 35
2 554
2 631
1 89
2 1820
2 1810
2 140
2 1989
2 1350
1 1693
1 872
1 197
2 1088
1 736
1 179
2 1455
2 1383
1 1375
1 1191
2 575
1 372
1 1663
2 1159
2 1543
2 725
2 647
2 616
2 1136
1 671
2 993
1 457
1 1272
1 1561
2 71
1 1519
1 196
1 22
2 1897
1 1768
1 824
2 142
2 993
2 101
2 391
2 1644
1 790
2 958
1 1027
1 656
1 1431
1 748
2 733
2 1857
1 1695
1 44
2 1514
1 144
1 1346
1 809
1 954
2 568
2 146
1 1029
2 1382
2 917
2 1929
1 1563
1 411
1 2034
2 161
1 1289
2 1505
1 1591
1 1896
2 1110
1 509
2 1879
2 1009
1 51
1 547
2 1106
2 242
1 29
2 663
1 563
1 695
1 677
2 1225
1 471
2 1714
2 252
2 1200
1 159
1 1822
2 1355
1 1269
2 307
1 1900
1 1749
2 2048
1 337
1 1016
2 1685
2 1958
2 155
2 1957
2 680
1 1693
2 323
1 123
1 1302
2 1409
2 1856
1 1573
1 413
1 163
1 1961
1 1632
1 690
1 913
1 46
2 1478
2 1068
1 702
1 1320
1 1971
1 183
2 1962
2 1500
2 605
2 489
1 1289
2 1287
1 1927
1 1399
1 90
1 952
1 1059
1 1581
1 1503
1 1615
2 1314
1 1219
1 321
2 305
2 1510
1 198
1 1485
1 105
1 986
1 806
2 1296
1 1692
1 637
2 919
1 867
2 973
2 423
1 32
1 161
2 1899
2 1426
2 1366
1 841
1 1691
2 1472
1 1325
1 1396
1 661
1 1619
2 966
1 78
2 1117
2 114
1 31
2 1520
2 611
1 262
1 284
2 942
1 623
1 1868
1 185
1 1026
2 135
1 531
2 641
1 1259
1 875
1 1111
1 219
2 110
1 1147
2 1545
2 1651
1 769
1 315
1 724
1 880
1 926
1 717
2 369
2 1149
2 774
2 1954
2 1613
1 477
2 1303
2 584
1 529
2 561
2 1873
1 451
1 1116
2 519
1 521
2 1206
1 10
2 20
1 1245
1 1744
1 1440
2 2014
1 267
1 425
1 360
2 1974
1 1393
1 1922
1 441
2 241
2 1426
1 564
2 548
1 1884
1 1726
1 1792
1 236
1 1093
1 25
1 868
2 167
2 1567
2 1637
2 589
1 1883
2 995
1 91
1 534
2 1176
2 489
1 1493
2 300
1 660
2 158
1 994
2 1070
1 2028
2 2038
2 2022
2 1506
1 955
2 2046
1 276
1 189
2 1478
2 166
1 1504
1 358
1 1748
1 3
2 512
1 1605
1 1571
1 471
2 1714
1 1263
2 1243
1 465
1 732
2 566
2 988
2 104
2 292
1 1040
1 1710
2 1307
2 1843
1 481
2 2002
1 77
1 40
2 257
1 114
2 1268
1 1468
2 1386
2 1217
1 1096
2 953
1 1830
2 1
1 1185
1 1256
2 148
1 1057
1 1604
1 147
2 1276
1 1437
2 1222
2 1256
1 1363
2 1077
2 943
2 620
1 830
1 1722
2 448
1 461
1 132
1 28
2 810
1 1440
1 103
2 750
2 649
1 268
1 565
2 328
2 1496
2 1827
2 700
2 1616
2 257
1 930
1 1129
1 987
2 1460
1 1754
2 395
1 703
2 1507
2 705
2 1441
1 668
2 1353
2 1846
2 1214
1 996
1 900
2 1442
2 721
1 174
2 1050
2 1126
2 604
1 1587
2 1728
1 1094
2 780
2 330
2 1120
1 735
2 1242
1 1834
2 833
2 309
1 127
2 508
2 18
1 764
1 1597
1 167
1 2023
2 1195
2 926
2 1940
2 605
2 856
1 873
1 532
1 128
2 672
2 94
2 1224
1 1770
2 1038
2 1087
1 1154
1 671
2 346
1 1965
1 1521
1 510
2 2024
2 311
1 608
2 1458
1 1688
2 594
2 524
1 1745
1 836
1 934
1 1329
2 1810
2 55
2 1819
2 512
1 388
2 1004
2 1081
2 446
2 92
1 1543
2 1013
1 632
2 1636
2 1064
1 2025
2 1515
2 1916
1 108
2 1519
2 1617
1 1701
1 1421
1 205
1 1177
1 957
1 91
1 1844
1 1056
2 82
1 899
1 1734
2 1808
1 1164
1 882
2 353
1 163
1 599
1 1203
2 285
1 1003
2 212
2 385
2 825
2 192
2 1249
2 798
2 2040
2 1816
1 1960
1 2050
1 921
1 218
1 1899
2 1704
1 334
1 1124
1 166
2 1264
1 1723
2 550
1 1411
1 46
2 778
1 878
2 165
2 1764
1 1420
1 938
1 888
2 435
2 835
2 37
1 1040
2 322
1 895
2 1536
2 729
2 950
2 524
2 2009
2 1475
2 1030
2 1156
2 1838
2 253
1 1245
2 1556
1 233
1 1676
2 1272
2 990
2 1495
1 448
1 1546
2 1924
1 452
1 910
1 995
1 878
2 1710
2 1576
2 128
2 171
1 333
2 1809
2 231
2 79
1 1214
1 1305
1 1747
1 407
2 347
2 968
1 1076
1 514
2 575
2 1095
1 396
2 1832
1 1044
2 758
2 1656
2 410
2 317
1 1154
1 1715
1 749
1 648
1 1244
2 1964
1 741
2 596
2 1731
1 319
2 9
1 1275
1 1622
2 52
2 333
1 526
1 1479
1 1314
2 1992
2 1162
2 737
2 1187
2 1441
2 136
1 1328
1 17
1 118
1 1326
1 1697
1 1827
2 1144
2 1374
1 731
2 1812
1 1458
2 2015
1 768
1 1705
2 1988
1 713
2 1198
2 543
2 225
1 690
2 437
2 1954
2 536
2 1964
1 139
1 28
1 1776
1 1140
1 1606
1 104
2 1239
1 826
1 7
2 379
1 881
2 1610
1 1759
2 221
1 633
2 133
2 255
2 760
2 1614
2 1716
2 60
2 1901
1 1684
1 1003
1 1406
2 1595
1 1862
2 913
2 1877
2 1389
1 65
1 2038
1 897
2 335
1 1413
2 2043
1 1741
1 1679
2 1537
1 1789
2 569
1 896
1 1430
2 1752
1 1651
1 654
2 1438
2 747
1 1639
1 1852
1 1218
1 1803
1 1937
2 1231
1 691
2 848
2 296
1 909
1 464
1 493
1 197
2 242
1 1394
1 1975
1 506
1 1761
2 848
2 1982
2 1368
1 476
2 630
2 650
2 1473
1 42
1 1450
2 1291
2 1396
1 48
1 563
1 1104
2 499
1 434
2 1424
1 1262
1 743
2 1993
1 590
2 986
2 1913
1 1680
2 1311
2 1773
2 1801
1 722
2 230
2 1540
2 1303
2 1253
2 1390
1 192
2 1770
1 187
2 1200
2 1854
1 1416
2 1917
2 1457
1 778
1 1951
2 1579
1 1004
2 1786
2 429
2 1404
1 1461
2 1228
2 1254
1 1449
1 1459
1 772
1 162
1 52
1 1218
2 695
2 1912
2 1548
2 1367
2 1044
1 1091
1 1572
2 1886
2 621
2 1907
2 1891
2 1324
1 1139
2 19
2 1085
1 1384
1 963
2 1630
2 324
1 244
2 138
2 187
1 876
2 164
1 1612
2 1661
1 751
1 143
2 475
1 1055
1 1541
1 146
2 1264
1 1644
2 645
2 1737
2 44
2 687
1 1213
1 1923
1 1092
1 362
1 594
2 381
2 665
2 111
2 1711
1 1633
2 559
1 1068
2 303
2 883
2 752
2 522
2 329
1 818
1 490
2 1865
1 643
1 1557
1 467
1 392
1 238
1 497
2 1894
2 1872
2 851
1 1331
2 1663
2 628
2 1082
1 974
1 1890
1 534
2 543
1 40
2 1743
1 2012
2 2036
1 1202
1 281
1 180
2 349
2 465
1 196
2 1854
2 397
2 1641
2 1561
2 1804
2 702
2 1221
2 1952
1 1234
2 728
2 922
2 1122
1 1480
1 619
2 2045
2 35
2 865
2 832
2 717
1 1091
1 581
1 393
2 1815
1 1024
1 1879
1 1781
2 1577
1 277
1 1074
2 1149
2 1580
1 1486
2 1956
1 882
2 1103
1 1904
1 428
2 613
2 1260
2 425
2 360
2 850
1 1413
2 1232
2 38
1 432
2 384
1 1791
2 709
2 1492
1 961
1 1364
2 1362
1 1558
2 1179
1 1393
2 414
1 1811
2 2037
2 1642
2 275
2 403
2 1268
2 1487
2 1626
1 1361
2 2021
1 93
2 1233
2 771
2 249
2 1482
1 698
1 1354
2 103
2 210
1 484
2 1380
1 1131
2 499
1 1649
2 1089
1 707
2 933
1 635
1 897
2 528
1 2033
2 1351
1 92
1 1711
1 1175
1 1271
2 941
2 1425
2 1172
1 106
1 1399
1 273
2 650
2 579
1 715
1 1703
1 243
2 659
1 1166
1 75
2 700
1 863
1 1135
2 1377
1 190
1 981
2 559
1 271
2 64
2 23
1 1066
2 921
1 971
1 1007
2 1016
2 1575
1 1105
1 859
1 1161
1 1475
2 342
2 1299
1 1075
1 1572
1 1713
2 557
1 1222
1 1599
1 910
2 213
1 1467
1 36
1 592
2 1017
1 1386
1 24
2 745
2 1704
2 76
1 216
1 746
1 1533
2 2004
1 918
1 1996
1 1192
2 454
2 1419
2 1913
1 869
2 2037
2 193
1 909
1 1860
1 1450
1 1675
1 844
2 1202
2 937
2 1141
2 1169
2 121
1 1238
2 26
1 457
1 1382
2 42
1 715
1 942
2 1673
1 968
2 421
2 624
2 1752
2 947
1 1617
2 1953
2 1253
2 870
2 1579
2 688
2 445
1 394
2 844
1 1998
2 532
1 1604
1 318
2 440
1 612
1 1216
2 576
2 1638
1 578
1 567
1 1900
2 334
1 556
2 681
1 1090
1 1270
1 530
2 1938
1 911
2 427
1 1165
1 1709
1 674
2 306
1 767
2 1681
1 431
2 1507
2 1980
2 1401
2 1620
1 83
1 345
1 1175
2 207
1 1497
1 817
2 1276
1 1793
2 1381
1 1765
2 687
2 1684
2 625
1 904
2 433
2 84
1 1568
1 1601
2 1008
1 1919
1 1744
1 1171
2 1806
2 634
1 148
2 659
2 304
1 1542
1 1489
1 1128
1 989
2 1685
2 1226
1 523
1 1133
2 1414
2 830
2 377
1 1861
2 572
1 572
1 1670
1 1174
1 520
1 450
1 1193
2 1442
1 1054
1 1905
2 807
1 1258
1 781
1 1549
1 1915
2 981
2 126
2 826
2 137
1 347
2 541
2 178
2 711
1 1362
1 119
1 494
2 610
2 1867
1 1503
1 1472
1 860
2 286
1 849
2 2021
1 288
2 1788
1 1097
1 1866
1 941
1 379
2 1194
2 780
1 1575
1 1847
2 1787
1 812
2 1455
2 829
1 1955
1 1520
1 828
2 1463
1 635
2 603
2 869
1 1589
2 105
1 1999
2 1781
1 1300
1 1479
2 522
2 1897
2 945
1 1146
1 1177
1 511
1 1961
2 1933
1 1754
2 598
1 1474
2 947
2 740
1 1347
2 1099
1 50
2 1481
2 7
1 1609
2 974
1 1397
2 68
2 1625
2 1845
2 1453
2 972
1 366
1 172
1 1990
2 344
2 1148
2 1284
2 564
1 733
1 726
1 439
1 1123
2 1313
2 1069
2 456
2 1511
1 32
1 812
2 1167
1 72
2 14
1 1881
1 1509
2 552
2 1305
1 1435
2 100
1 346
1 1660
1 1252
1 1528
1 1171
2 1858
2 1876
1 1012
1 1756
2 1537
2 94
1 1834
1 460
2 1352
2 204
1 611
2 2049
1 800
2 1113
1 1395
2 164
2 1498
2 1409
1 1743
2 952
1 638
1 239
2 107
2 274
2 1772
1 470
2 833
2 2040
2 1872
1 1132
2 1360
1 325
1 1325
2 861
2 1807
1 1066
1 1889
2 1030
1 1013
2 1670
1 963
1 657
2 1777
1 1237
2 1379
2 1194
2 1501
1 1049
2 742
2 107
1 2006
2 505
1 348
2 1376
2 789
2 441
2 770
2 99
1 722
1 47
1 1252
2 2048
1 144
2 1006
1 15
1 951
1 1780
1 1907
1 1034
1 1098
2 1546
1 997
1 434
1 1805
1 1045
1 553
1 331
2 267
1 1591
2 422
1 1466
1 1672
1 630
2 415
1 1759
2 1423
1 738
2 262
1 2001
1 1553
1 1181
2 618
2 662
2 1191
1 1063
2 857
1 940
2 1144
2 557
2 674
1 3
1 1163
1 1465
1 614
1 1795
1 1910
2 1615
2 589
2 686
1 1837
2 16
1 1634
2 336
2 1605
1 914
2 1538
1 1552
1 229
1 929
1 1556
2 1107
1 1624
1 1750
1 698
2 1001
1 776
1 1332
1 349
1 1686
1 1676
1 598
2 560
2 1712
2 794
2 382
2 1987
2 1815
2 771
1 805
1 1823
2 1652
2 1769
2 1569
2 1349
1 959
2 1883
2 12
1 383
1 916
1 1062
1 326
1 1851
2 1174
2 1523
1 402
2 1365
1 615
1 1263
1 156
2 291
1 1814
2 1407
2 396
2 1688
1 1319
2 156
2 479
1 1633
1 1912
1 877
1 1355
1 241
1 1825
2 2027
2 278
1 615
1 1476
2 1293
2 965
1 1114
2 1909
1 110
2 1199
1 1363
2 1707
1 1412
2 1671
1 260
2 831
1 1067
1 624
2 1378
2 1292
2 275
1 879
1 1372
1 610
2 130
1 847
2 1550
2 338
1 1157
1 626
1 501
2 1204
1 1978
1 77
2 792
2 232
2 234
1 998
2 54
1 1255
2 1259
1 377
2 1514
1 2032
2 712
2 2031
1 960
1 1329
2 1799
1 940
2 1243
2 1841
1 1613
2 1911
2 2035
1 1360
2 384
2 966
2 586
2 984
2 1332
2 45
2 1777
2 1817
1 1310
1 939
1 350
1 1836
1 315
2 1850
1 25
2 1471
1 1765
1 1402
2 1051
2 97
2 978
2 804
2 231
2 846
2 1667
1 113
1 81
2 595
2 750
1 68
2 1204
2 443
2 697
2 1813
2 1186
1 766
1 1984
2 1118
1 1301
2 1638
1 796
2 1028
2 585
1 1146
2 1477
1 1480
1 964
1 1944
2 1647
1 239
1 1436
1 1451
1 582
2 280
2 1756
2 595
2 1352
1 1631
1 1540
1 437
2 69
1 1578
1 847
1 1077
2 325
1 1064
1 853
1 177
1 49
1 1875
2 1800
1 1673
1 1310
1 1758
1 1661
2 501
2 736
1 794
2 1547
2 149
1 289
1 1893
2 365
2 574
1 1569
1 1757
2 1982
1 1446
2 1011
2 477
1 1970
1 2031
2 1945
1 699
1 1812
2 1705
2 140
1 1017
2 299
1 962
1 2033
2 1608
2 627
1 1447
2 1304
2 829
2 716
2 2020
1 718
2 1716
1 865
1 392
2 1983
2 1518
1 1336
2 1468
1 813
2 948
2 1374
2 976
2 1184
2 271
1 1015
2 967
1 1502
1 1551
1 206
1 2018
1 1405
2 701
2 1539
2 1466
1 658
1 1059
1 832
2 1818
2 386
2 1727
1 1686
2 1889
1 1052
2 1159
1 893
2 279
2 1385
1 839
1 1908
1 891
1 1874
1 412
1 1285
2 1097
1 1674
1 470
1 47
2 786
1 1388
2 1782
1 1840
2 363
2 64
1 637
2 544
1 795
1 932
2 683
2 898
2 619
1 1539
1 34
1 892
1 1762
2 1868
1 1611
2 1181
1 772
2 805
1 710
1 1844
1 937
2 631
2 310
1 11
1 138
1 1735
2 1534
1 1929
2 147
2 2035
2 970
2 1869
1 297
2 1005
1 890
1 1653
2 1448
2 970
2 735
2 1559
2 1481
2 1246
1 1642
1 636
1 1341
2 546
2 1260
1 664
1 2042
2 1132
1 1988
2 272
1 1127
1 658
1 1731
1 1130
1 150
2 1370
2 1315
2 1959
1 456
2 474
1 483
2 1914
1 72
2 1628
2 1189
1 620
2 1452
2 1297
1 1624
1 1408
2 505
1 969
2 1518
2 1361
1 180
2 1221
1 496
2 1588
1 1267
1 1354
2 1127
2 1223
2 835
2 1094
1 419
2 478
2 798
2 2010
1 1959
2 406
1 640
2 1718
1 1993
1 1227
1 1732
2 1931
1 1022
2 204
1 614
2 1224
2 1045
1 982
1 426
1 1029
1 407
2 1645
1 1742
2 820
1 1700
1 1125
2 287
2 558
2 946
2 1317
1 1774
1 1972
1 310
1 1855
1 223
2 1560
1 1476
1 1277
2 495
2 645
2 1528
1 1882
2 636
2 1247
1 1702
1 506
2 1659
2 1773
2 342
2 1628
2 278
2 537
1 508
1 684
2 1548
2 1143
1 211
1 8
1 1656
2 668
2 157
2 1918
1 442
2 445
1 11
2 874
1 370
1 1672
1 1957
2 1877
1 1115
2 1141
2 652
2 291
2 1307
2 1247
2 1798
1 1671
1 1212
1 2041
1 1402
1 254
1 314
1 1123
2 443
1 56
1 571
1 96
2 1210
1 746
1 1336
1 1156
2 1692
1 714
1 2026
2 88
1 852
2 681
2 924
1 1621
2 896
1 1153
2 462
1 697
2 1923
2 1739
2 17
2 1655
1 1941
2 1326
2 245
1 642
2 990
2 1179
1 701
2 1168
1 956
2 1317
1 1043
2 759
2 1950
1 1571
1 1696
1 1023
1 665
1 1828
2 276
2 258
1 583
1 908
2 237
2 1428
2 581
1 764
1 309
