4600 6500
1 14
1 1400
2 1525
2 321
2 1274
2 136
2 1037
1 1738
1 2086
1 2150
2 746
2 1424
1 1002
1 752
2 2292
2 891
2 2253
1 1309
1 538
2 579
2 432
2 2012
2 1545
2 1868
2 439
1 2022
1 730
1 1300
1 2273
2 101
2 1526
1 1624
2 1594
1 94
1 1408
1 1505
2 1432
1 200
1 2196
2 1147
2 1629
2 1024
2 1205
1 652
2 212
2 2069
1 2033
1 1239
2 1947
2 2023
2 1142
2 2089
1 1724
2 379
2 985
1 1944
2 1101
2 606
1 683
1 487
2 1842
1 977
2 1718
1 295
1 1855
1 1268
2 822
2 336
1 1686
2 2298
1 1249
1 1008
1 1626
2 653
2 2177
2 2037
1 1183
1 2028
2 1230
1 211
2 984
2 1355
2 1972
2 1547
2 2290
1 1479
1 1344
2 1768
2 2189
1 309
2 1891
1 158
2 1264
1 1280
1 1033
2 2177
2 20
2 1330
1 410
1 1067
1 77
1 2256
1 55
2 2183
2 67
1 160
2 1398
2 895
2 863
1 1443
1 1069
2 2255
2 323
1 408
2 1819
1 2146
2 914
2 2017
2 502
1 1833
1 1074
1 1827
1 1328
2 1806
1 2102
1 1265
2 357
2 687
1 1181
2 584
2 2219
1 1594
2 266
2 759
2 2201
2 778
2 1043
1 738
2 1577
1 1295
2 1291
2 193
2 2198
1 745
2 158
2 2109
1 905
2 1879
1 1836
1 1738
2 1892
1 62
1 242
1 110
1 1351
2 172
2 716
1 147
1 360
1 2277
1 1111
1 368
1 2116
1 1352
1 404
2 23
1 1526
1 946
2 966
2 273
1 1019
1 2223
1 399
2 1130
2 1288
1 1088
1 2085
1 75
2 561
1 337
2 880
2 229
1 2266
1 948
1 1961
2 1409
1 1805
2 924
1 1802
1 847
1 2151
2 1991
1 876
1 1145
1 1217
2 1306
1 2054
1 691
1 1607
1 1644
2 1076
2 299
2 38
1 1015
2 1573
2 617
1 1369
2 1707
1 1932
1 556
1 698
2 1648
1 105
2 162
2 535
1 1073
1 1483
2 1027
2 820
1 470
2 2009
1 1384
2 647
2 831
1 458
1 1065
1 548
1 744
1 239
2 1693
1 2026
1 1259
2 1683
1 378
1 305
2 359
1 137
2 2063
1 426
2 271
1 292
2 377
2 232
2 1508
2 787
1 1234
2 2188
1 8
2 61
2 422
1 1764
2 1275
1 2265
2 1970
1 636
2 105
2 499
1 1397
2 1884
1 1503
2 1901
1 1509
1 1336
1 361
1 1073
1 1698
1 1697
2 1818
1 1908
1 1550
2 902
2 770
2 1092
1 2278
1 790
2 181
2 229
1 409
1 1783
2 2122
2 1651
1 1193
2 569
1 2257
1 739
2 2110
1 1112
2 1429
2 894
1 79
1 1889
2 477
2 704
2 721
1 27
2 573
1 476
1 1187
1 1030
2 601
1 1095
1 166
1 90
2 478
2 646
2 1688
1 1810
1 413
2 677
2 2121
2 751
1 248
1 1347
2 363
1 223
2 990
2 923
1 26
2 540
1 50
1 1536
1 414
2 119
1 1875
1 1369
2 1725
2 383
2 786
2 1971
2 1808
1 2220
1 1951
2 1996
2 58
2 441
1 1274
2 1149
1 2002
1 2189
2 1786
2 729
2 1787
1 2198
1 1725
1 1170
2 2275
2 174
2 1872
2 2250
2 384
1 555
2 555
2 1381
1 705
2 1430
1 1794
1 1068
1 1968
2 951
1 774
2 869
2 431
1 313
1 1193
1 1938
2 135
2 1254
1 269
2 2144
1 591
1 204
2 1926
1 1741
2 1222
1 345
1 1587
1 505
1 1100
1 1160
1 927
2 1145
1 1070
1 1009
1 2247
2 2126
1 1716
2 1848
1 1272
2 1549
1 675
2 806
2 1375
2 1072
1 2156
1 930
2 2284
2 1668
2 2204
1 334
1 2118
2 1838
1 1354
1 1560
2 504
2 1632
1 149
1 1082
2 95
2 191
1 445
1 121
2 1572
2 556
1 1845
2 669
2 722
2 1982
1 792
1 154
2 467
2 1107
2 155
1 267
2 999
2 1954
1 372
1 354
2 1357
1 797
2 1089
1 1018
2 1059
2 677
2 1981
2 867
1 1318
1 459
1 467
2 1662
1 87
2 2131
1 1350
1 616
2 216
1 1642
2 738
2 1032
1 720
1 604
1 1715
1 1824
2 1388
2 246
1 255
1 1868
1 883
2 835
1 1107
1 140
1 1804
2 1371
2 1736
1 1148
1 1797
1 1840
1 1822
2 1933
2 736
1 988
2 597
2 808
2 166
2 77
1 1456
2 51
1 994
2 1458
2 662
2 805
2 102
1 2208
2 701
1 1053
1 2125
1 1964
1 1546
2 2017
2 954
2 545
1 1336
2 283
1 604
1 1196
2 1359
1 594
1 1866
1 1100
2 2193
2 266
2 869
1 1696
1 987
2 996
1 1702
2 2145
1 1176
1 1414
1 1212
2 2184
2 2300
1 466
2 742
1 1939
1 1722
2 38
1 106
1 362
1 2267
1 1898
2 193
2 1189
2 935
2 1346
2 218
2 1018
1 1589
2 609
1 179
2 291
1 46
2 2231
2 1371
1 1215
1 1904
2 329
2 1870
1 1425
2 1316
2 1423
2 2286
2 1132
2 1464
2 716
2 123
1 31
1 1472
2 672
1 1368
2 367
2 65
1 906
2 748
1 1564
1 1513
2 462
1 1022
2 2065
1 734
2 1524
1 2009
1 2106
2 438
1 2012
2 1654
1 1894
2 2006
2 552
1 1049
1 2216
1 1975
1 1079
2 88
2 1494
2 485
1 1907
1 287
1 1878
2 1019
2 1809
2 1778
2 2270
2 574
1 868
2 1753
2 879
1 2281
1 1351
1 798
2 466
2 1159
1 914
1 133
1 1312
2 1844
1 2149
1 1683
2 1595
1 1213
2 851
1 1910
2 109
1 1045
2 492
2 1979
1 1875
1 201
2 301
2 440
1 638
1 663
1 1511
2 650
1 898
1 313
1 374
2 144
1 66
1 458
1 495
1 1701
2 1692
2 543
1 1117
2 1443
2 989
2 1287
1 2226
1 450
2 1038
2 2060
1 1266
2 146
2 1294
2 241
1 385
1 1101
2 1105
1 80
1 1662
2 818
2 567
1 72
2 1189
2 1561
1 197
2 1545
2 2155
2 1289
2 122
2 282
1 1728
2 719
1 1671
1 774
2 974
1 1606
2 2051
1 1682
2 375
1 183
1 381
1 2201
1 33
2 1120
1 1125
2 260
2 1333
1 280
2 912
2 940
2 834
1 1068
1 1422
1 890
2 1218
2 1949
2 1918
2 431
1 1598
1 2227
2 1450
1 2258
2 929
1 1563
2 2229
1 2125
1 1393
2 23
1 1657
2 1200
2 259
1 2228
1 2290
1 2237
2 1641
1 991
2 2286
1 1704
1 1784
1 120
1 94
2 376
1 1036
2 400
2 311
2 2217
2 2238
2 896
1 1153
1 185
2 2212
2 416
1 1821
1 720
1 2218
1 1780
2 98
2 793
1 1028
2 729
1 746
2 871
2 1581
1 1941
1 2210
2 175
2 1460
2 761
1 2038
1 1207
2 59
1 2204
1 725
2 2171
2 2246
2 371
1 425
1 975
2 1779
2 1539
2 1669
2 329
1 271
2 1728
2 584
1 290
2 401
1 1277
1 639
2 1976
2 1124
2 926
2 1293
2 347
1 1699
1 287
1 596
1 2098
1 1770
2 258
2 2166
2 2064
1 1215
1 69
1 704
2 2090
2 1546
1 1226
1 1201
2 582
2 2157
2 262
1 1388
1 817
2 1911
2 1484
2 1814
2 1504
2 1878
1 1483
1 233
1 2082
1 1237
1 1551
1 2163
2 1065
2 1543
2 2172
2 1474
1 1628
1 1983
2 409
1 437
1 539
1 1339
1 1503
1 1298
1 1199
2 655
2 240
1 2289
2 1241
2 2236
2 350
2 365
2 2255
1 1379
1 1000
1 1706
1 1588
1 176
2 633
1 2023
2 1273
2 223
1 203
1 2235
1 9
1 1476
1 92
2 1816
2 1098
1 500
1 1376
1 907
2 1485
1 1326
1 239
2 823
1 1998
1 1326
2 82
2 1591
2 743
2 2213
1 886
1 1574
1 1873
1 620
2 1763
1 876
1 1342
2 2020
2 574
2 1022
1 1438
1 480
2 1437
1 1041
1 981
2 561
2 818
2 190
2 1736
2 845
2 1425
2 2172
2 1890
2 758
1 814
1 1206
1 757
1 1339
2 2087
1 1924
1 2280
2 510
2 632
1 276
1 1269
1 1198
1 1839
1 515
1 619
2 623
1 647
2 617
1 844
2 1509
1 183
2 1500
2 1271
2 121
1 1692
2 1118
1 1133
2 1848
2 840
1 1127
2 710
1 713
2 1543
1 93
2 436
1 1955
2 1202
2 626
2 2024
2 1632
1 132
2 21
2 2173
1 1498
2 551
2 1393
2 2148
1 848
1 1973
2 1003
1 2143
2 139
1 1861
1 2192
1 1805
2 519
2 1045
2 132
1 755
2 2021
1 215
1 2084
2 1955
1 2242
2 1229
2 1837
1 785
1 1959
2 517
2 1715
2 821
2 1449
1 1075
1 623
2 899
2 1556
2 1795
1 1345
2 474
2 1427
1 761
1 1407
2 1169
1 295
1 848
2 2083
2 384
1 106
2 441
2 1943
2 1080
1 733
1 1817
2 1759
2 1156
2 1058
2 939
2 1660
2 1281
1 977
2 1417
2 1734
1 2279
1 440
1 1216
1 1040
2 998
2 2100
1 2065
1 919
1 1056
1 805
1 2248
1 1254
2 999
2 1197
2 810
2 1404
2 1380
1 1837
2 457
1 797
1 157
1 2097
2 1236
1 327
1 1277
1 1834
2 289
2 562
2 1398
2 248
2 2221
1 932
2 882
1 2127
2 143
1 1308
1 1262
1 2273
1 1489
1 2078
1 1634
1 1382
1 1602
1 868
2 1134
2 1762
1 781
2 1185
2 2136
1 1899
2 824
1 1052
1 1950
2 1023
2 2
2 1600
1 2145
2 1938
1 1171
2 455
2 81
2 1640
1 1250
1 2251
2 2190
2 1660
1 2260
1 283
2 516
2 1694
1 2013
1 2036
2 1524
2 1416
1 2195
1 826
1 2108
2 1585
1 686
2 2138
2 1392
1 1
1 2067
1 194
2 1324
2 63
2 247
1 2075
1 57
1 2010
1 1948
2 2293
2 346
1 412
2 1713
2 1368
1 1936
2 527
1 1372
2 1055
2 1830
1 1409
2 1158
1 1635
2 310
1 469
2 2179
1 1757
2 1266
1 1965
2 2289
2 1225
1 1468
2 712
1 1575
1 1440
2 1128
2 293
1 1992
1 487
1 84
1 1963
1 1310
2 274
1 1035
2 146
2 850
1 2221
1 1820
1 1283
1 1232
2 1647
2 1940
2 1729
1 1745
1 744
1 2029
2 1597
2 1756
1 1666
2 2244
2 18
2 1310
1 815
2 782
1 1415
1 760
1 816
1 642
2 1634
2 1881
2 1863
2 2168
2 793
2 1280
1 1077
2 2283
2 1291
1 1034
1 1744
1 489
1 992
2 1733
2 297
1 366
1 540
1 2039
2 2107
2 186
1 1276
1 7
2 753
2 1828
1 245
1 725
2 1557
1 943
1 1675
1 2202
2 1861
2 1211
1 1046
2 541
2 2040
2 1025
1 281
2 1334
2 2066
2 1066
1 420
1 1970
2 811
2 1390
1 2114
2 1438
1 1005
1 813
1 942
1 1609
1 1132
1 560
1 1926
1 1637
2 1931
2 986
2 702
1 2073
2 2141
2 927
2 1614
2 1208
1 1559
1 423
2 1957
2 971
2 2055
2 1452
1 1551
2 1749
1 2045
1 1360
1 663
2 641
1 1695
1 1591
2 2121
2 836
1 192
1 590
1 1260
2 1102
2 1312
1 1311
2 1962
2 1849
1 559
1 61
2 263
1 345
1 1823
1 875
2 373
1 2038
2 878
2 1708
2 718
1 588
2 1152
2 981
1 205
2 62
1 1611
1 2193
2 161
2 2169
1 426
1 668
2 1529
1 494
2 890
1 1292
1 442
2 1352
1 231
2 1655
1 155
2 101
2 186
2 1987
1 841
2 472
1 1618
2 395
2 108
2 740
1 2215
1 1966
1 1391
2 751
2 473
2 145
2 1681
2 638
1 68
2 1206
1 1896
1 493
2 1168
1 143
1 1297
1 53
2 203
2 948
1 506
1 1298
2 1688
2 379
2 2264
2 509
2 1340
2 1590
1 2008
2 498
1 1521
1 607
1 1238
1 1421
2 1082
2 514
2 1571
2 773
2 997
1 2258
1 1756
1 566
2 200
2 435
2 1461
2 2132
2 2035
1 475
1 1484
2 364
1 1547
2 691
2 1335
1 209
1 2164
2 1410
1 913
1 904
2 2158
1 1167
2 2272
1 1521
2 1746
1 1054
1 1567
2 714
1 2002
2 1235
1 832
2 162
2 1726
1 1441
1 1381
2 752
1 1037
2 2134
2 482
1 145
1 1353
2 624
1 2291
2 776
2 1576
2 1157
2 1403
1 1760
2 1801
2 2224
2 501
2 418
1 549
2 651
1 362
2 801
1 877
1 562
1 1497
1 1315
1 859
2 80
1 1494
2 923
2 262
1 420
2 2296
1 916
2 884
2 386
2 1348
2 1847
2 1258
2 520
1 330
1 135
2 1083
1 346
2 891
2 850
2 799
2 597
1 418
2 2297
1 961
1 1191
1 2170
1 1769
1 31
1 2222
2 950
2 17
1 1096
1 1832
2 456
2 2211
1 2175
2 593
1 1390
1 652
2 1753
2 1905
1 321
2 192
1 1
2 308
1 2003
1 1129
1 1489
2 711
2 265
2 1654
1 1956
1 380
2 187
1 131
2 658
2 1994
2 739
1 2046
2 1099
2 1718
2 1147
1 1176
2 25
1 829
1 1811
1 279
1 411
2 231
2 1299
1 1617
1 1148
1 1784
1 332
1 826
1 1253
2 429
2 518
2 17
2 949
1 2119
1 1470
1 1652
1 1745
1 380
2 178
1 1138
1 551
1 938
2 2070
1 322
2 187
1 775
1 2165
1 2180
2 1530
1 1008
2 924
2 1697
2 2238
1 315
2 1150
1 8
2 39
2 404
1 860
2 115
2 603
1 852
1 331
1 127
1 933
2 1713
2 1502
2 100
2 1813
2 1566
1 934
2 298
1 812
1 215
1 1625
1 984
2 815
2 12
1 1233
1 1257
2 422
2 252
1 972
1 259
1 830
1 783
1 1853
2 523
1 4
2 2160
1 246
1 861
1 1803
2 1733
1 1006
1 1420
2 1000
1 1463
1 2191
1 1691
1 153
1 581
1 1178
2 2230
1 189
2 369
2 2105
2 1131
1 1840
2 1322
1 1170
1 2160
2 969
1 799
2 897
2 1903
2 922
2 310
2 1826
2 1364
2 1223
2 250
2 750
1 301
1 676
2 524
2 277
2 724
2 764
1 1525
2 463
1 553
2 2168
1 2140
2 1304
1 270
1 1659
2 237
2 2149
2 954
1 1017
2 1034
1 2194
1 1252
2 627
2 2036
2 1377
1 1378
1 1436
2 1330
1 2181
1 436
1 804
1 2144
2 620
2 1881
1 375
1 585
2 1299
1 822
1 188
2 1987
1 1405
1 2269
1 1026
2 589
1 808
1 1658
2 1871
2 1541
1 988
2 1080
1 1167
1 2071
1 513
1 1985
2 1415
2 10
1 288
1 173
2 1343
1 1616
1 1650
2 1184
2 645
2 956
2 169
2 2146
2 1225
1 2138
2 1004
2 1519
2 1070
2 1439
1 36
2 1783
2 1446
1 1085
1 1462
2 613
2 1156
1 1110
2 1678
1 706
1 1831
2 1923
2 57
2 1481
1 2137
1 446
1 41
2 1516
2 902
1 2262
2 2076
2 1428
2 1269
1 1146
2 1959
1 1892
1 946
2 1519
1 1506
1 594
1 2093
2 448
1 312
2 26
1 862
1 2165
1 1915
1 580
2 1478
2 811
2 1478
1 586
1 153
2 637
2 795
2 1912
1 486
2 190
1 1771
1 558
1 1166
1 789
2 2199
1 538
2 2026
1 1386
1 511
2 359
1 1721
2 245
2 249
1 875
2 470
2 268
2 1920
2 1809
1 378
1 2103
1 129
2 328
2 464
1 694
1 1465
1 718
2 1584
2 250
1 1793
1 1843
2 1178
1 1118
2 2294
1 1374
1 2043
1 864
2 1779
2 2147
1 1536
1 1064
1 1183
2 2240
1 355
1 1200
1 681
1 1264
1 1799
1 1029
1 651
2 1731
1 1373
2 1730
1 415
2 2077
2 1934
2 1016
1 1396
2 1370
2 1867
1 619
2 863
2 1562
2 550
2 1820
1 1051
2 1093
2 1643
2 70
1 1976
2 1180
2 1749
1 598
1 2137
2 884
2 1901
1 1714
2 32
1 1307
1 1284
2 138
2 794
1 1387
2 565
2 1649
2 177
1 1401
1 918
2 846
1 1896
1 635
1 2058
1 1399
2 417
2 1674
2 2050
2 1612
2 2231
1 1303
2 1581
2 172
2 614
2 769
1 2147
1 1876
1 228
1 1079
2 715
1 1542
2 421
2 957
1 998
1 30
2 2188
1 1048
1 2081
2 1877
2 576
2 2124
2 1720
1 1995
1 416
2 1946
2 1115
1 1258
1 1122
2 25
2 419
2 2212
2 205
2 382
1 1007
2 270
2 86
1 438
1 860
2 912
1 2095
2 221
2 332
2 1004
1 1920
2 28
2 2123
2 1897
1 2139
2 1573
2 903
1 1078
2 1757
1 1451
1 1700
2 896
1 47
1 2142
1 1656
2 1666
2 553
2 1151
1 1395
1 1874
1 497
2 1781
2 970
2 975
2 1684
1 1095
1 673
1 2154
2 1317
2 1703
1 1356
2 650
1 1466
1 195
2 1772
2 1849
1 367
2 2277
2 452
1 1658
2 278
2 654
2 1636
2 2191
2 1347
2 1126
2 2185
1 1488
2 1532
2 44
2 1345
1 202
1 306
2 1285
1 1565
2 1653
2 1267
1 278
2 2018
2 99
1 2068
1 82
2 2281
2 198
2 391
2 1860
2 1596
2 2272
1 15
2 1565
2 643
2 1729
2 425
2 1986
2 512
2 1980
1 1094
1 1496
2 1295
1 1788
2 1362
2 2106
1 1195
2 1172
2 2014
2 564
2 1571
1 360
1 2152
1 837
2 1663
1 969
1 451
1 314
2 1569
1 1459
1 2011
1 1656
2 371
1 2239
2 2159
1 1469
2 2163
1 621
1 483
1 1337
1 1382
2 282
1 206
2 649
2 1937
1 1314
2 1126
2 1261
2 727
1 1727
2 2154
1 2209
2 735
1 2043
2 807
2 469
1 1104
2 889
2 1238
2 756
2 36
2 2060
1 1212
1 547
2 1799
2 1399
1 138
1 1900
1 1960
1 42
1 1359
1 2186
1 802
2 2213
1 599
1 714
1 945
1 985
2 1680
2 1320
2 1592
2 403
1 98
1 326
2 1486
2 1512
1 1057
1 1324
2 1151
1 1426
1 1216
2 1505
1 1638
2 1615
1 1788
1 81
1 1997
1 1394
2 238
2 1792
1 1435
2 2239
2 1929
2 1882
1 302
2 219
1 1373
2 2261
1 915
2 1813
1 257
2 48
1 1826
1 2178
2 1006
2 475
2 853
2 1358
1 456
1 1033
2 42
1 1608
1 2092
1 1430
2 1175
1 1833
2 397
2 1598
1 428
2 1777
1 864
1 940
2 802
1 1978
1 1535
1 1287
2 40
2 1358
1 960
1 1732
1 2006
2 2103
2 1721
1 1162
1 1219
1 199
1 296
1 812
1 60
2 2162
2 1171
2 1439
2 1679
2 164
1 618
2 51
1 959
2 1761
1 628
2 865
1 236
2 160
1 1885
2 414
2 648
1 479
1 1025
2 2135
1 1812
2 1173
2 2057
1 1088
1 1957
1 1686
1 1607
1 1932
1 1855
1 1418
1 1673
1 1548
1 880
1 1747
1 208
1 602
2 1131
2 1179
2 492
2 1595
1 1766
2 1723
1 2131
2 496
2 1255
2 680
1 1081
2 578
2 1108
2 712
1 1540
1 965
1 1049
1 1468
2 2028
2 967
2 671
2 1626
2 65
2 309
2 506
1 911
2 1916
2 1419
1 1231
2 709
2 1510
1 696
1 892
2 444
1 2235
2 1608
1 327
2 1123
2 1735
1 49
1 622
2 1570
2 1378
1 457
1 1497
1 2151
1 1555
1 1060
2 1467
1 1737
1 2153
2 1279
2 1550
2 857
2 2071
1 474
2 1143
1 1181
1 705
1 765
1 770
1 1108
1 338
1 2271
1 1847
2 1165
2 629
1 444
1 1411
2 2249
2 356
2 1286
1 1450
2 1804
1 1752
2 59
1 1384
1 213
1 2174
2 1055
1 654
1 1744
2 888
1 1604
1 577
1 833
2 1858
2 2094
2 37
2 1417
1 1537
1 2031
1 1433
2 1020
2 1508
1 1410
1 2205
1 1038
2 1349
2 894
2 2046
2 210
2 700
1 1163
2 1672
1 2015
1 1836
1 225
2 1307
2 572
1 68
2 1251
2 2241
1 1763
2 2070
2 1636
2 226
1 883
1 1887
2 1776
2 495
1 1994
1 517
1 1039
1 1719
1 1944
2 86
1 141
1 319
1 473
1 1357
2 1693
2 279
2 1951
1 682
2 157
2 536
2 2054
2 471
1 34
2 1163
1 2181
2 1578
1 534
1 570
2 306
1 2227
2 949
2 341
2 43
2 2044
2 2014
1 240
1 1114
1 2078
2 1297
2 1208
1 427
1 174
2 2158
2 859
1 1928
1 2120
1 1870
2 24
2 39
1 1664
2 1177
2 333
1 787
1 1251
2 408
2 756
1 1071
1 1153
2 1053
1 1673
2 592
2 73
2 2236
2 1979
1 1014
1 1830
2 2016
1 1162
1 361
1 2194
1 666
1 1375
1 1452
2 711
2 168
1 931
1 1518
1 2099
1 1043
2 1596
1 777
2 394
1 5
1 449
1 1012
2 992
2 607
2 1629
1 2096
1 2297
2 392
1 971
1 1113
2 2234
2 1389
1 695
2 1169
2 1491
2 2292
1 661
2 27
1 544
1 2178
1 1477
2 1036
1 1185
1 1540
1 156
1 1877
2 871
2 1751
1 1859
1 503
2 1474
2 629
1 1993
1 1996
1 1945
1 1039
1 167
1 1259
1 784
2 1260
2 1293
2 1559
1 1113
1 2085
1 387
1 955
1 2296
1 1227
1 151
2 1495
2 1114
2 539
2 118
1 907
2 1961
2 1714
2 493
2 471
2 959
1 1116
1 1687
2 564
2 1793
2 486
1 740
1 1544
1 2019
2 1140
2 804
2 107
1 74
1 784
1 814
2 2245
1 1402
2 1296
2 2016
1 443
2 741
1 350
2 461
1 824
1 835
2 631
1 424
2 1090
1 1453
1 2229
1 558
2 749
2 520
2 1513
2 413
2 689
1 2042
2 210
1 1256
1 688
1 687
2 1534
2 1639
1 2025
1 2176
1 928
2 405
1 535
2 1674
2 390
1 943
1 2068
2 2110
2 1119
2 1482
2 1885
1 1582
2 2115
1 2032
1 936
1 2059
2 1789
2 402
1 1154
2 454
1 2219
1 22
2 2033
1 1807
2 198
2 1752
1 575
1 1974
2 1786
2 1437
1 1383
1 2077
2 358
2 690
1 396
2 626
1 888
1 2051
2 1129
1 893
1 829
1 1774
1 731
1 1214
2 579
1 130
1 1904
2 968
1 1880
2 83
2 460
1 16
2 523
2 1899
1 285
1 1062
2 882
2 227
1 1021
1 522
1 220
1 2187
2 2156
1 377
1 743
1 771
1 1797
2 272
2 2260
2 2037
1 1235
2 482
1 391
2 2197
2 2214
1 2216
2 1966
2 247
1 1412
1 370
1 393
1 1135
1 806
2 1014
2 1578
2 163
2 788
2 1651
1 1240
1 131
1 606
2 1442
1 2136
2 292
2 1851
1 776
2 434
2 365
2 67
1 1090
1 655
2 1078
2 1653
2 970
2 1184
1 2004
1 104
2 644
1 383
2 1449
2 448
1 1138
2 364
1 180
1 625
2 28
2 1493
2 1586
1 403
2 1064
2 1949
2 54
1 1231
1 861
2 748
1 2032
2 167
2 836
1 2090
1 2225
1 565
1 1203
1 1577
2 430
1 2075
2 2063
1 119
2 726
1 690
2 1684
1 1458
2 512
2 1907
1 1676
1 2211
2 1144
1 1300
1 560
1 674
2 1956
2 496
1 2124
2 1290
1 728
2 2285
1 1361
1 154
1 548
2 699
2 491
2 2079
1 978
2 1427
1 1669
1 866
2 128
2 1321
1 1475
1 1747
1 966
2 490
2 1316
1 1997
1 2141
2 300
1 737
2 139
1 2187
1 1087
1 164
2 2133
1 791
1 2042
2 1247
2 213
1 230
2 849
2 873
1 1020
1 2222
2 1935
2 122
1 393
1 978
2 1952
1 595
2 1588
1 692
1 1582
1 1992
2 288
2 546
2 344
1 525
1 1186
1 1412
1 1009
2 1286
1 2074
2 1091
1 1717
2 1709
1 1592
2 2049
2 1175
2 180
1 130
2 1304
2 1888
2 275
2 1741
2 789
2 1767
1 411
1 825
2 1918
1 1418
1 681
2 1487
2 284
2 1341
2 1743
1 1690
1 2256
1 673
1 598
1 2097
2 1984
1 1112
1 32
1 2055
1 807
2 786
2 587
2 533
1 2218
1 1707
1 524
1 933
1 777
2 513
2 685
1 1712
2 2041
2 767
1 1166
2 2102
1 102
2 2132
1 43
1 953
1 1201
2 1442
2 1141
1 1919
1 1405
2 489
1 670
2 1343
1 528
1 611
1 1934
2 342
1 722
2 749
1 1897
1 1869
1 794
1 484
1 1661
2 657
1 1102
2 816
2 89
1 1313
2 2041
2 2167
2 795
2 2234
1 2283
2 1041
2 1930
2 2116
1 1748
1 1137
1 679
1 423
2 134
1 1777
2 1759
1 1865
2 563
2 1222
1 1785
1 1272
2 2252
2 803
2 1323
2 1319
2 610
2 392
1 1841
2 1541
1 114
2 2047
2 958
2 1850
2 2257
2 1800
2 1560
2 2224
2 983
2 1209
1 430
2 1134
2 1572
2 667
2 96
1 838
1 616
1 2050
1 1473
2 1590
1 1755
2 1057
2 733
1 1931
2 2059
1 779
2 63
1 533
1 2269
2 339
1 1204
2 1937
2 622
2 750
2 1514
2 879
2 1982
2 766
2 1612
2 600
1 1160
2 484
2 1872
1 445
2 1989
2 701
1 1076
2 1644
1 412
1 754
2 2253
2 1605
1 199
2 763
2 455
1 159
1 2069
1 1188
1 898
2 1698
1 953
1 1323
1 1719
2 845
1 1735
1 1960
2 424
1 557
1 2134
1 1611
2 1074
2 257
1 1927
1 874
2 627
1 1115
2 1210
1 2047
1 1553
1 1930
2 1363
2 1539
2 184
1 2120
1 1273
1 576
2 693
1 660
1 591
2 1538
1 1219
2 501
1 1318
2 196
2 1198
2 2004
1 2249
2 387
2 1796
1 1081
2 1032
1 944
2 529
2 1139
2 1003
1 1397
1 514
1 518
2 1164
1 610
1 1414
1 952
2 640
2 820
1 817
1 1445
2 1780
1 1477
2 1917
1 515
2 336
2 1327
1 1909
2 2021
1 1842
2 833
1 1947
1 45
1 762
1 974
1 1893
2 1028
2 1522
1 1665
2 1991
1 887
1 147
2 399
1 1610
2 2003
2 917
1 1305
2 2259
1 1758
1 1895
2 1530
2 1344
1 317
2 353
2 522
1 963
2 1056
2 844
2 1532
1 1778
2 1194
2 2111
1 11
2 163
1 284
1 783
1 1447
2 1835
2 788
1 684
2 1431
1 1233
2 202
2 352
1 1927
2 2242
2 667
2 1621
1 1910
1 1507
2 320
1 1652
1 93
1 1001
1 243
1 952
2 601
1 1448
2 1882
2 435
2 2049
1 657
1 468
1 557
2 1246
2 832
2 376
1 325
2 1645
2 1893
1 1661
2 656
2 1999
1 251
2 531
2 1679
2 643
2 1620
2 819
1 2115
1 656
1 828
2 1566
1 534
2 1587
2 2207
1 382
2 70
2 344
1 1623
1 1844
2 554
1 925
2 256
2 386
2 1389
1 443
1 791
2 698
2 71
2 1585
1 980
2 2152
1 936
1 707
2 374
2 151
1 2109
1 1672
1 1356
1 624
2 1285
2 2030
1 1217
1 1432
1 1617
2 178
1 983
1 1906
2 1105
2 680
2 497
2 1490
1 265
2 1155
2 707
1 2207
2 1965
1 2045
2 12
1 962
1 645
1 2072
2 1558
1 1928
1 305
1 2142
1 1423
2 1863
1 381
1 1999
1 1029
2 937
2 353
1 1962
1 1862
2 1841
1 870
1 401
2 1192
2 646
1 530
1 491
2 1411
2 224
1 165
2 1814
2 363
2 900
1 2094
1 1940
1 1646
2 2208
2 1817
2 1252
1 54
1 1349
2 1486
1 1507
1 1610
1 315
2 1517
1 602
2 2176
2 1562
2 417
2 95
2 1249
1 1579
1 2243
1 810
2 251
1 234
2 1197
1 1619
2 1619
2 726
1 1506
1 854
2 1265
2 316
1 1593
2 1402
2 1445
1 775
1 1342
1 15
1 1059
2 2291
1 13
2 979
2 1329
2 1916
2 141
2 592
1 778
1 635
2 559
2 581
1 137
1 2190
2 737
1 1460
1 621
2 2039
2 1771
2 1122
2 1915
1 1816
1 29
2 1335
2 1905
1 1515
2 991
2 2061
2 204
1 1302
2 661
2 1635
2 2129
2 290
2 1104
2 1075
1 542
2 1708
1 433
2 272
1 2087
2 989
2 1244
2 2062
1 1548
1 563
2 913
2 1638
2 1762
1 525
2 228
1 1421
2 995
1 1645
2 214
1 1914
1 1798
1 370
1 842
2 1230
1 821
1 335
1 1798
1 60
1 545
1 1302
2 1383
2 571
1 1782
2 1687
1 2119
2 2166
2 208
1 488
1 2254
1 792
2 877
2 634
1 33
1 9
1 2170
2 254
1 1455
2 1854
1 958
1 1750
2 728
2 1523
2 11
1 116
2 1103
1 1700
2 340
1 1568
2 521
2 697
1 465
2 2250
1 83
1 171
1 530
2 1734
1 741
2 2295
1 2199
1 76
1 982
2 1696
1 1363
2 633
1 2018
2 35
1 903
2 1221
1 567
1 1047
2 1648
2 973
2 2209
1 1279
1 87
2 1667
1 1990
2 1846
1 566
2 1365
2 4
1 763
1 1917
2 2280
2 1685
1 1301
2 769
2 1161
2 541
2 1436
2 268
1 1625
2 84
2 241
2 1623
1 2007
2 1939
2 1942
2 6
2 976
1 372
2 434
2 1534
2 1829
1 1419
2 1852
2 1380
2 1564
2 2027
2 577
1 1429
1 944
2 1488
1 1085
1 1859
2 170
1 827
2 1854
2 1270
2 242
1 2169
1 1867
2 235
1 227
1 717
1 2073
2 1158
1 1040
1 1891
2 2167
2 1244
2 2200
2 980
2 319
2 1311
1 920
1 453
2 583
2 1705
2 1967
1 1331
1 779
2 1978
2 732
1 1682
2 2271
2 1739
1 834
1 1246
2 318
2 179
2 127
1 454
1 1522
2 402
1 1061
1 976
2 1818
2 2095
2 144
2 446
1 1858
1 906
1 772
1 1900
2 170
2 856
2 1245
1 2153
2 653
2 253
1 1827
1 291
2 866
1 2083
1 901
1 1281
1 1395
2 672
1 798
1 1133
1 1528
1 664
2 1925
2 1751
1 2162
2 2261
2 1603
2 1046
1 659
2 1077
1 1943
1 972
1 578
1 1495
2 1936
2 2278
2 472
1 916
2 91
1 2294
2 1116
2 1092
2 1794
2 357
2 2128
1 1516
2 1774
1 285
1 1839
2 74
2 1834
1 1557
1 125
1 1768
2 261
1 1245
2 2064
2 485
1 2171
1 297
2 590
2 1464
1 1789
2 453
2 1694
1 1723
2 723
2 314
1 1856
2 1977
2 694
2 78
2 951
1 1447
2 1690
1 1306
1 118
2 1136
2 104
1 685
2 318
1 1924
1 1327
1 858
2 112
1 1224
2 1772
1 1864
1 115
1 1710
1 1374
2 1646
2 1831
1 2139
2 451
2 1624
1 1711
2 1174
1 303
2 10
1 1276
2 703
1 1676
2 837
1 507
2 2248
2 932
1 1364
2 1282
1 1659
2 499
2 1229
1 1361
1 686
2 505
1 264
2 261
2 415
1 1552
2 1275
2 1243
2 731
2 688
1 1613
1 2143
1 1895
1 449
1 2275
1 1130
2 1533
2 481
1 664
2 1011
2 1767
2 1376
1 1072
2 2101
2 1394
1 368
2 853
2 1570
2 1365
2 1159
2 1109
1 934
2 1770
1 1695
1 885
1 1305
2 823
1 2233
1 1096
2 1454
1 73
1 116
1 1341
1 1433
1 1416
1 2056
1 516
1 1631
1 573
1 56
1 2206
2 2196
2 2233
1 2266
1 1712
2 196
1 5
2 1800
1 1969
1 316
2 2010
2 503
2 2140
2 1013
1 1498
1 1746
2 1226
2 49
2 1268
1 207
2 809
1 526
1 1670
1 921
1 1372
2 1599
2 790
2 1650
1 1455
1 1333
1 1137
2 892
2 1986
2 1338
1 759
1 1898
2 1444
1 1671
1 1202
1 269
2 1492
2 509
1 2263
1 508
2 325
2 1553
1 1717
1 148
1 854
1 2076
2 640
2 1060
1 2279
1 1289
1 630
2 480
2 165
1 1984
1 149
1 2013
1 1492
1 904
2 2105
1 230
1 2092
1 1097
2 857
1 1385
1 1621
1 256
2 828
2 117
2 1435
1 2130
1 2093
2 2174
1 1248
1 1819
2 150
1 990
2 1967
2 328
2 745
1 1792
1 3
2 3
2 915
2 964
1 552
1 2126
1 1555
2 856
1 85
2 930
2 669
1 767
2 1703
2 1152
1 2206
2 124
2 979
2 2066
1 1862
2 194
1 1933
2 921
1 544
1 1143
1 1451
2 356
2 519
1 2091
1 197
1 945
2 2008
1 719
2 195
1 176
1 224
2 1902
2 369
2 1177
2 618
2 1527
1 1775
1 79
2 887
1 407
2 937
2 2101
1 1812
2 926
1 1876
2 1334
1 124
1 708
2 99
2 502
1 1454
2 1731
1 1401
2 531
2 1972
2 2029
1 843
1 665
1 254
1 803
1 554
1 1420
2 1663
1 1325
2 846
1 1440
2 1631
1 1456
2 1605
1 226
2 911
1 289
1 2150
1 676
2 2130
2 696
1 583
2 1236
1 352
1 1873
2 1501
1 1953
2 1087
2 1303
1 1922
2 1024
1 428
1 931
2 878
2 468
1 734
1 615
1 1835
2 2035
2 1764
2 855
2 1050
2 465
1 893
1 304
1 188
2 1121
2 1125
1 1755
1 2161
1 1838
2 1199
2 263
2 886
1 1952
2 1609
1 840
2 1923
2 1828
2 1501
1 1601
2 307
2 1758
1 1128
1 182
1 189
2 1825
2 2112
1 1887
1 2274
2 1179
1 1192
1 536
1 754
2 2175
1 2044
2 1224
2 2276
2 668
2 1110
1 300
1 772
1 1732
1 569
2 1988
1 2080
2 1470
1 780
1 1267
2 2133
1 771
2 1822
2 136
1 1309
1 322
1 1829
2 294
2 1942
1 825
1 398
1 1641
1 1499
1 1194
2 1149
1 2268
2 1097
2 1346
1 182
2 1691
2 596
2 2214
2 1500
1 1754
2 317
1 1103
2 2223
1 1408
1 1400
1 2180
1 1325
1 1856
1 715
1 1099
2 1282
2 918
2 244
2 764
1 1760
2 1048
1 120
1 18
2 993
2 234
1 442
1 1969
1 905
2 947
1 2179
1 1600
1 2074
1 1945
2 1583
1 1527
2 1773
2 2031
1 394
1 50
1 273
2 1586
2 112
2 1529
2 217
1 1975
1 340
2 847
1 1929
2 1424
2 298
1 1711
2 1084
1 140
1 1678
1 1491
2 337
1 2220
1 349
1 1549
1 1884
2 1603
2 219
2 2079
2 1338
1 768
1 730
2 462
1 1542
1 511
2 758
2 1801
2 2053
2 599
2 760
1 97
2 603
1 851
1 1186
2 181
1 396
1 1256
1 1015
1 862
2 1071
2 1459
1 549
2 2025
1 1013
2 1475
2 113
1 1580
1 1141
2 343
2 2088
1 478
1 510
2 1579
2 236
1 1173
1 1602
2 1720
2 1643
2 1387
2 1220
2 1278
2 1921
1 331
1 917
2 1914
2 1846
1 1042
1 881
2 2254
1 2040
2 46
2 2247
2 398
2 1240
2 2128
1 2262
1 1012
2 1791
1 1385
1 1457
1 1203
1 1871
1 1480
2 2203
2 69
2 782
1 765
2 1482
2 1239
2 110
1 542
1 2192
2 286
2 1493
2 1182
2 113
1 1568
1 22
1 1283
1 1584
1 1968
1 1722
1 53
1 72
2 351
1 1806
2 405
2 1535
1 88
1 2226
1 161
2 1511
1 21
2 209
1 1950
2 941
1 1308
2 1154
2 1883
2 20
2 960
1 1857
1 1010
2 665
1 1434
1 1119
2 781
2 1601
2 1182
1 1823
1 1776
2 6
1 1742
1 874
2 801
2 632
2 1630
2 1558
2 2001
2 488
1 2186
2 1989
1 900
1 1633
2 206
1 1350
2 1971
1 636
2 2157
2 589
1 1973
1 1576
1 1852
1 1791
2 264
1 963
2 238
2 819
2 1843
2 895
1 1214
2 1150
2 1218
1 706
1 1701
2 841
2 2243
1 2210
1 500
2 580
1 66
2 13
1 307
2 675
1 1434
2 1044
1 1664
1 1775
2 1196
1 90
1 400
2 1288
2 1027
2 212
1 1406
1 679
2 308
1 1207
2 342
2 830
2 1807
1 1250
2 1964
2 222
2 91
2 100
1 568
2 612
2 928
2 962
2 630
2 1890
1 348
2 1639
1 1042
2 1089
2 406
2 1083
2 358
2 1223
2 103
1 2113
2 1593
1 1044
2 214
2 1811
2 2270
2 1706
1 699
2 1407
2 395
1 1479
2 2182
2 330
1 1528
2 2205
1 320
1 1670
2 2282
1 1704
1 1242
1 479
1 56
1 1172
1 1106
2 1284
1 1016
1 1191
2 1453
2 2183
1 1517
2 1487
1 253
1 842
1 1315
1 2265
2 1319
1 504
1 2024
2 388
1 461
2 267
1 526
2 1490
1 1348
2 2053
2 908
1 1084
1 323
1 1580
2 1121
1 2240
1 1761
1 494
1 388
1 1803
2 2114
1 736
1 881
2 476
1 678
1 2107
1 1622
1 1211
2 2135
2 762
2 1912
2 407
1 277
1 1640
1 249
1 644
1 1919
1 1782
1 255
1 1496
2 2108
1 1802
2 64
2 1630
2 1614
1 2123
2 1821
2 1379
2 2159
2 994
2 723
1 439
1 967
1 1499
1 235
2 747
2 304
1 1007
1 126
2 1031
1 220
2 211
1 897
1 2005
2 872
2 1597
1 481
2 2230
2 312
2 2237
1 575
2 2117
2 1954
2 1109
2 973
1 935
2 1533
2 1569
1 628
1 1136
2 150
1 156
1 947
1 1773
2 942
2 1174
1 612
2 1552
2 2127
1 397
2 2072
2 1165
2 1204
2 1857
1 1370
1 920
2 37
2 941
2 177
1 201
1 111
1 244
1 1210
1 1790
1 2096
1 2287
2 648
1 432
1 1005
2 1889
1 1866
1 450
2 324
1 2185
1 237
2 1699
2 78
2 55
1 1845
1 1467
2 768
1 1481
2 939
1 532
1 1441
1 1466
1 1228
1 1168
2 1815
1 419
2 19
1 1606
1 1795
1 2104
2 608
1 1668
1 889
1 1317
2 1946
2 58
1 2300
1 1270
1 950
1 335
1 1850
2 2118
2 89
1 2203
2 1995
1 1649
2 1518
1 293
2 76
2 2084
2 637
1 2244
1 683
1 1963
1 1413
2 872
2 1825
1 406
1 1515
2 697
2 1538
1 1750
2 1010
1 1164
2 1561
1 1396
2 625
2 373
2 351
2 2267
2 34
2 429
1 1428
2 1790
1 1737
2 1990
2 1563
1 1685
2 1637
1 366
2 1190
1 1913
2 410
2 2027
2 299
2 2001
2 1263
2 1086
1 2067
2 1599
1 982
1 1086
1 615
1 2284
2 1874
2 427
1 1362
1 1681
2 1575
1 286
1 1332
1 2011
2 1329
2 986
1 1941
2 2264
2 2197
1 1471
1 1221
2 1680
2 1406
1 339
2 125
1 2228
2 148
2 1796
1 919
2 1886
1 852
1 1188
1 753
2 41
2 831
2 1035
2 175
2 2056
1 2232
2 29
2 2080
2 1367
1 670
2 2062
2 1144
1 1155
1 1187
1 1554
1 447
2 1180
2 1422
2 634
2 1628
2 649
1 955
1 613
1 1098
2 16
2 858
1 1322
2 464
1 938
1 1616
1 1063
2 1469
1 1647
1 689
1 1471
2 1140
2 609
2 2052
2 1769
1 216
2 1520
2 142
1 693
2 1730
1 1195
1 111
2 490
2 614
2 1001
1 2015
2 1754
2 1313
1 2184
1 44
1 585
2 217
2 724
2 1808
2 463
2 1294
1 1864
2 703
2 2129
2 2276
2 114
1 1909
2 1908
1 899
1 2217
1 7
1 2048
2 1815
2 221
1 1278
1 2246
2 389
1 1292
1 1574
2 702
1 2288
1 766
1 521
1 1504
1 385
1 103
1 1988
1 605
2 1332
1 717
2 296
2 922
1 1743
1 1120
2 608
2 2285
2 796
1 1067
2 1742
1 252
2 1063
1 169
1 997
1 1657
1 865
2 1935
2 2155
2 1426
1 2
1 678
1 1655
1 2122
2 529
1 134
2 2000
1 537
2 710
2 1354
2 1911
2 1355
1 2299
1 2161
2 674
1 207
2 1261
1 2241
1 1894
2 1781
2 582
2 280
1 354
1 658
2 152
2 1689
2 2200
1 1242
1 274
1 849
1 1765
2 2173
1 1785
2 1702
1 1618
1 1998
2 1726
1 1604
2 713
2 528
1 588
2 1328
1 1011
2 956
2 1301
1 1716
1 2052
2 1677
2 1091
1 2251
2 709
1 2299
2 2202
1 1050
1 225
1 995
1 2058
2 873
1 1340
2 1448
1 885
2 587
2 1391
1 460
2 355
1 595
1 2061
1 639
1 532
1 838
1 389
2 30
1 233
2 1135
2 813
2 71
2 2259
2 333
1 1320
2 347
1 349
2 780
1 96
1 1321
1 1124
2 2195
1 572
2 1253
1 483
1 218
2 1705
2 1983
1 1190
1 447
1 1117
1 1787
1 1620
1 2282
2 2225
2 1054
1 961
2 1205
1 126
1 459
2 1051
2 1567
2 2104
1 97
2 1142
2 302
1 1633
2 2086
1 2019
1 303
2 1903
1 452
1 2298
1 1461
2 1627
2 1766
1 909
1 1922
1 294
2 1227
2 2268
2 1925
1 1026
1 684
2 1613
1 1537
1 1485
2 109
2 800
1 692
2 1030
2 2007
2 1241
1 1740
1 48
1 641
1 40
2 324
2 1958
1 343
2 1127
1 1958
1 75
1 1403
2 671
2 1906
2 2274
2 348
1 2022
1 1444
2 123
1 1921
2 52
1 727
2 757
1 695
1 1981
1 260
1 1360
1 1974
1 92
2 1228
2 276
2 2020
1 1710
1 735
1 1544
2 1886
2 1502
2 390
2 1209
1 2164
2 1913
1 1386
1 747
2 275
2 659
2 1377
1 1677
2 1667
2 1017
2 1367
2 142
1 1977
1 1296
2 1337
2 660
1 258
1 52
1 1888
1 2089
1 338
1 2215
1 1094
1 855
1 243
1 1021
2 498
1 800
1 1366
1 570
2 2117
2 867
2 1615
1 1724
1 341
1 901
2 1531
1 2034
1 957
1 964
2 547
1 1824
1 631
2 1689
2 171
2 1514
1 2048
2 2091
2 1052
2 1883
1 870
2 2005
1 1473
1 1865
2 600
1 993
1 593
2 1853
1 2088
1 1257
2 2099
1 19
1 311
1 910
2 1139
2 168
1 1243
2 2030
2 1465
2 1262
2 85
1 1810
1 14
2 2057
1 965
1 1047
2 662
2 1446
1 1860
1 1463
2 1232
2 1709
1 1740
1 910
1 1589
2 605
2 2111
1 334
1 2288
2 1583
1 1157
1 1727
2 184
1 1675
2 1531
1 1069
2 755
2 1554
2 742
2 1480
2 568
2 1220
1 809
2 108
1 1062
2 1879
2 839
1 35
1 1271
1 2287
1 508
1 2082
2 1234
1 1392
1 2113
2 1627
1 128
1 908
1 1255
1 682
2 586
1 1869
2 1366
2 1523
1 1146
1 2100
1 1472
1 1061
2 1739
2 281
1 326
1 700
1 2263
1 996
2 1462
1 1948
1 708
1 421
1 152
1 839
1 1476
2 2295
2 222
1 785
1 1353
2 64
1 2034
2 1314
1 129
2 191
2 1556
2 843
2 666
2 1413
2 1248
1 987
2 827
2 1980
1 550
1 1902
2 2232
1 1431
1 2000
2 433
1 185
1 1832
1 2252
2 1263
2 45
1 133
2 107
2 1665
2 571
1 1123
2 2098
1 437
2 611
1 796
2 1985
1 1642
2 173
1 1111
1 1213
1 1748
1 1058
2 1512
2 546
1 968
2 24
1 1510
2 642
1 925
1 1880
1 232
1 2081
2 1031
2 1247
2 1290
2 1093
2 1993
2 1404
1 2293
1 773
1 1237
2 2112
1 929
2 527
1 477
1 1622
2 1457
2 1953
2 909
1 159
1 1520
1 1851
2 1066
1 537
1 2148
2 2182
1 1765
1 1023
1 117
2 507
2 732
2 47
2 1106
2 721
1 1331
1 2245
1 543
1 1002
1 1161
