4100 6000
1 225
1 721
1 1870
2 705
1 261
2 345
1 192
2 1695
1 1573
1 132
1 269
2 568
2 1231
1 1361
2 703
1 799
2 280
1 1142
1 205
1 2010
1 1783
2 1250
1 1736
2 1773
2 2046
2 1282
2 778
2 537
1 1532
2 1568
1 1391
2 1233
1 112
1 1232
2 110
2 1247
2 1629
2 1707
1 1261
1 1042
2 15
1 82
2 1171
1 93
2 314
1 1279
1 94
1 1544
2 944
1 123
1 1518
1 1613
2 501
2 1593
2 57
1 585
2 1072
2 1536
2 829
1 1515
2 972
2 7
1 732
2 438
2 1599
1 604
1 834
1 377
1 2019
2 318
2 1967
2 936
1 591
1 156
1 1639
1 433
2 1302
2 1836
1 814
2 1877
1 805
2 1802
1 1674
2 1343
1 883
1 683
1 649
1 377
1 1748
1 1240
2 1503
1 901
1 1002
1 392
1 1541
2 1844
1 1457
2 1532
1 939
2 415
2 689
1 915
2 1577
2 74
2 1649
1 13
2 811
1 934
2 558
1 91
1 327
1 1863
2 1835
2 1489
1 821
2 1047
1 1739
1 1906
1 889
1 1107
2 306
2 282
2 933
1 154
1 547
2 1688
1 598
1 76
2 413
1 1622
2 1185
1 1735
2 2022
2 1896
2 1445
1 66
1 1865
2 1989
1 1315
1 1608
2 169
2 1437
1 1202
1 254
1 1804
2 1553
2 1745
1 399
1 632
2 959
2 1744
2 57
2 58
2 1548
2 1631
2 1260
1 1775
2 531
2 1147
2 1922
1 1112
1 764
1 1782
2 1467
2 781
2 1447
1 317
1 350
2 1047
1 2031
1 584
1 427
1 82
1 520
2 724
1 1606
1 1227
1 1356
2 421
2 1050
2 349
1 271
2 316
1 163
1 830
1 248
2 357
2 369
2 1662
1 146
2 1420
2 134
2 761
1 1864
1 1970
1 1852
2 1328
1 2
2 1464
2 267
1 2049
2 430
1 1356
2 878
2 1597
1 1184
2 1188
1 840
2 1111
1 1498
2 1889
2 793
1 584
2 1696
2 1134
1 811
2 181
2 1306
2 80
2 1169
2 411
2 1591
2 2012
2 1392
1 187
2 1339
1 2023
1 1812
2 1913
1 1807
2 1236
1 409
2 1024
1 100
1 1182
2 1255
2 1580
1 1415
2 378
2 324
1 119
1 494
1 1777
1 1607
2 1126
1 1624
1 845
2 396
2 1796
2 323
2 860
1 342
2 1921
2 1877
2 1056
1 1657
1 363
2 1910
2 977
2 941
1 1911
1 1127
1 812
2 587
2 1687
2 1697
1 942
1 1825
1 343
1 266
1 170
2 968
2 436
2 1650
1 1292
2 663
2 1115
2 1037
1 357
2 1859
1 125
1 510
2 1938
2 1257
2 216
1 2023
2 263
2 1007
1 720
2 1300
1 943
1 804
1 1187
2 476
2 682
1 1573
2 29
2 617
1 1352
2 826
2 1385
1 751
2 1062
2 1545
2 916
1 1451
1 1249
2 993
1 711
2 1140
1 975
1 1495
1 1676
2 21
1 510
1 973
2 1894
2 487
2 141
1 386
2 998
1 27
1 1355
1 1603
2 658
1 129
2 922
1 1918
2 1014
1 838
2 950
2 1310
1 347
1 833
2 1377
1 813
1 956
2 1040
1 358
1 1959
1 204
2 1397
1 1418
1 1728
1 646
1 405
1 861
1 213
2 1423
1 1764
1 310
2 190
2 1994
1 1899
2 1634
1 1109
1 1908
2 177
1 431
1 675
2 525
2 517
1 1892
2 655
2 1077
1 586
1 56
1 1993
1 1260
2 1669
2 549
1 899
2 1480
1 424
1 499
2 890
1 1517
2 1425
1 827
1 557
1 798
2 645
2 884
2 1406
2 933
1 903
2 502
1 2038
2 1948
2 1280
2 191
2 75
2 1258
1 473
1 1308
1 1925
2 1025
2 330
1 849
1 1765
2 512
1 873
1 1396
1 1353
2 641
1 906
1 948
1 1590
1 1838
2 133
2 1305
1 1008
1 991
1 450
1 1209
1 373
1 914
1 669
1 1704
2 1155
2 232
1 128
1 1195
2 720
2 33
1 1854
2 226
1 1193
2 1913
2 331
1 320
1 1574
2 201
2 68
1 1724
2 276
1 273
1 1165
1 225
1 1574
2 307
1 1887
1 72
2 454
1 1649
2 319
1 1161
2 881
1 395
2 1241
2 1400
2 132
2 229
1 1558
2 326
2 1964
2 1447
1 739
2 740
1 602
2 343
2 1479
2 1931
2 1982
2 1546
1 551
2 756
2 54
2 780
1 1137
1 1045
2 59
1 19
1 583
2 144
2 1156
1 1947
2 615
1 311
1 1645
1 1735
1 1436
2 999
2 462
1 919
2 408
2 1690
2 653
1 119
1 1166
1 1326
2 1477
2 1036
2 1723
1 1740
1 217
2 1364
1 732
1 1690
1 1074
2 984
1 1187
1 1907
2 1454
2 2005
2 681
2 39
1 34
2 1220
1 1680
2 1485
2 985
1 979
1 251
1 1267
1 1919
2 951
2 536
2 196
1 1911
1 697
2 569
2 1232
1 69
2 571
2 932
2 1894
2 1930
1 1614
2 356
2 1694
1 312
2 2009
1 423
2 1315
1 1362
1 1912
1 712
1 527
1 1888
2 750
1 1098
2 1375
1 662
2 2018
1 868
1 1269
2 1308
1 12
1 1843
1 660
2 1359
2 1880
2 774
1 1966
1 1005
1 387
1 1749
1 1860
2 663
1 1994
1 1048
1 302
1 1554
1 535
1 1504
2 1960
1 737
1 2003
1 1914
2 1486
1 466
2 417
1 83
2 1245
1 677
1 279
2 58
2 1027
1 593
2 1575
1 1094
1 1325
2 1095
2 462
1 767
1 908
1 1197
2 1387
1 31
1 303
2 1452
2 1017
2 716
1 1021
1 644
1 1272
2 1294
2 70
2 391
1 386
2 652
1 90
1 940
1 259
1 1630
1 116
1 579
2 620
2 1554
2 976
2 168
2 1137
2 1977
1 1430
1 791
1 34
1 923
2 1934
2 1222
1 840
1 589
1 817
2 236
2 1494
1 1385
1 428
2 793
2 830
2 636
2 1992
2 967
2 176
1 126
2 1679
2 1167
1 1354
1 512
2 111
2 2034
2 2021
2 376
2 323
1 1795
1 1201
2 528
1 1453
2 1263
2 1321
1 1679
1 1663
2 182
1 1507
1 212
2 621
2 1867
1 1583
2 45
1 934
2 763
2 1555
2 1215
1 726
2 996
1 1291
1 228
2 1934
2 1175
1 1743
1 1790
1 64
1 1059
1 504
2 1639
2 1014
1 1124
1 493
2 1979
1 905
2 2006
2 1081
2 1984
2 1179
2 1473
2 1488
1 924
1 1021
2 724
2 366
1 1173
2 1846
2 1313
1 472
1 1364
1 299
1 1937
1 360
1 1730
2 1724
1 604
2 1758
1 437
2 1105
2 2012
2 375
1 656
1 582
2 680
1 12
2 1830
1 1688
1 773
1 305
1 1148
1 701
2 138
1 1721
2 284
1 1407
1 1729
1 773
2 479
1 844
2 2048
2 325
2 440
2 401
1 199
1 1345
2 1949
2 2014
2 1333
1 1217
2 1730
1 907
2 1614
1 218
1 1127
1 63
1 1052
1 1044
1 922
1 1522
1 385
1 1246
2 1081
1 1228
2 1606
1 1943
1 1799
2 1793
1 40
2 1084
2 344
2 481
2 703
2 482
1 1426
1 427
2 859
1 1996
1 602
2 1550
2 2047
2 1897
2 222
1 1055
1 1636
2 577
1 2022
2 219
2 2016
2 435
1 1774
2 1727
1 1726
1 1228
2 1920
1 1013
2 554
1 1824
1 818
2 1181
1 1907
2 1556
2 1027
2 464
1 1859
1 1883
1 148
2 73
1 1586
2 1349
2 1396
2 345
1 699
2 1886
1 1411
1 914
1 1874
2 790
1 234
1 161
2 292
2 1284
1 712
1 1214
1 983
2 397
2 502
1 657
2 2020
1 1521
2 721
1 106
1 1065
2 1924
1 822
1 1728
1 32
2 696
2 1559
1 1287
2 1249
2 787
1 1028
1 1781
1 339
1 1314
1 814
2 1935
1 1870
1 1625
2 938
1 1476
2 1329
1 475
1 1451
2 594
1 731
2 681
1 2043
2 1502
2 1230
1 1088
2 1538
1 1998
2 642
2 862
2 1547
2 1427
2 1264
1 1004
1 2042
2 525
1 288
2 456
2 607
1 1455
1 759
2 1045
2 1615
1 1693
1 1271
1 1864
1 1809
1 1213
1 1357
1 1517
2 1774
1 258
1 1792
1 1657
1 832
1 44
1 548
2 634
2 610
2 1659
2 1595
2 444
2 1612
2 926
1 1096
1 1283
2 1478
1 1211
1 1462
1 1309
2 198
2 52
1 1177
1 458
2 566
1 1131
1 921
2 1270
2 1487
1 731
1 1365
1 648
2 1087
1 1184
1 1182
2 948
2 208
1 672
1 887
1 1565
2 123
1 227
2 1365
2 971
1 971
2 679
2 1976
1 301
2 1816
1 870
2 640
1 1772
2 1358
1 1616
1 1898
1 980
2 212
2 275
2 42
2 1290
2 836
1 1702
2 310
2 406
1 1815
1 1622
2 144
2 290
1 321
2 1853
1 930
1 1063
2 1621
1 133
1 215
2 1119
1 1754
1 1536
1 232
2 832
2 1485
2 941
2 1488
2 1993
1 704
1 1538
2 725
1 609
1 1334
2 1974
1 819
1 888
1 521
2 745
1 763
2 200
2 1578
1 900
1 580
2 801
1 790
1 1217
1 60
1 289
2 9
1 1442
2 444
2 1556
2 247
1 1552
1 1258
2 1450
1 294
1 10
2 1442
1 1885
1 1018
2 1227
1 1299
1 839
1 2021
1 940
1 139
2 1619
1 52
2 218
2 61
2 308
2 1290
1 1717
2 2049
1 1612
1 1192
1 245
1 1359
1 980
1 970
1 854
2 631
1 1808
1 1200
2 946
2 574
2 664
1 898
1 1438
1 953
2 1713
2 1150
1 1234
2 223
1 1786
1 572
2 783
2 1386
2 330
2 60
1 1154
1 364
1 29
2 1269
2 1623
2 231
2 135
1 1958
1 730
2 638
2 1467
2 1723
1 1888
1 471
2 1731
2 529
2 453
1 521
1 1484
1 1
1 1065
1 1651
2 1001
1 130
1 366
2 153
1 63
2 1366
1 234
2 959
1 890
2 1939
2 760
2 738
2 1596
2 1378
1 183
1 1335
2 1499
1 382
1 1857
1 40
1 211
2 1973
2 1530
2 1682
1 545
2 501
2 1371
1 143
2 1188
2 1508
1 1254
2 1430
1 1919
2 199
1 8
1 1205
2 429
2 1733
2 1921
1 1382
2 926
1 1533
1 1952
2 341
1 1703
2 744
1 772
2 1322
1 138
2 1822
2 453
1 1898
2 1136
1 306
2 1049
2 410
1 251
2 660
1 1138
2 207
1 526
1 1832
2 1008
1 2017
2 1802
2 837
2 691
1 307
1 418
1 281
2 767
1 1395
2 1012
2 1162
2 265
1 1145
1 177
2 757
2 10
1 1526
2 579
2 1831
1 407
1 865
1 1732
2 439
2 1530
1 1298
1 719
1 1821
2 1510
2 1191
1 628
2 650
2 726
1 671
2 1048
1 104
1 1376
1 237
1 842
1 1990
1 255
1 1091
2 1500
1 1361
2 866
1 2026
1 115
1 808
1 1795
2 334
1 1093
1 89
2 1887
2 1539
1 1311
1 760
1 1750
1 362
2 384
1 688
1 1235
2 204
1 2050
1 432
1 786
1 76
1 470
2 301
1 503
1 426
2 1141
2 298
1 861
1 1799
2 1678
2 291
1 1817
1 1465
2 841
1 1197
2 875
1 1856
1 659
2 1130
2 1202
1 748
2 540
2 2003
1 636
2 1206
2 1032
1 1931
2 486
2 1444
2 1856
2 1497
1 2000
2 1247
2 977
1 317
2 1903
2 506
2 309
2 237
1 95
1 1000
2 919
2 302
1 1421
1 167
2 1369
1 774
2 490
2 1567
2 1698
1 1038
2 1995
1 296
1 264
2 672
2 1773
2 43
1 529
2 708
2 262
1 1868
1 129
1 1759
2 1106
1 1610
2 576
2 1252
2 1784
1 656
1 1115
1 1427
1 1085
1 673
1 1212
1 1052
1 1299
1 77
1 2024
1 1509
1 746
2 949
2 1306
2 1072
2 238
1 796
2 912
2 265
2 1346
1 1578
2 665
1 394
1 549
1 1013
1 961
1 142
2 1714
1 411
1 1945
2 755
2 304
1 1041
2 1179
2 414
1 688
1 1593
2 1076
2 1305
2 1293
1 900
2 299
1 1022
2 882
1 487
1 1668
2 1010
2 17
2 1120
1 1291
1 495
2 1857
2 1363
1 1194
1 1819
1 1482
2 938
2 876
2 846
2 468
1 419
2 1117
1 668
2 240
2 1705
2 227
2 1086
1 741
1 1535
2 1283
2 86
1 1642
2 1531
2 738
1 765
2 195
2 596
2 89
1 2041
2 644
2 692
2 1199
2 1589
2 695
1 1561
1 403
2 135
1 590
1 443
2 835
2 463
2 1335
2 831
2 1153
1 899
1 605
1 1963
1 390
2 1108
2 1446
2 388
1 127
2 1788
1 1971
2 1172
2 1141
1 1524
2 358
1 77
2 1526
2 2009
1 242
1 1097
2 1577
2 1009
2 611
1 242
1 929
2 1126
2 220
1 126
2 1901
2 1374
2 847
2 670
1 1552
1 1941
2 1104
1 1780
1 522
1 909
2 165
2 379
1 568
1 1868
2 1380
1 389
1 1648
2 1083
2 1219
1 239
1 2026
1 271
1 905
2 509
2 1039
2 147
1 516
1 1223
2 1440
1 878
1 26
2 1379
1 856
2 1720
2 1044
2 1020
1 848
2 1333
2 1280
1 988
2 55
1 1218
1 533
1 1180
2 647
2 782
2 275
1 1133
1 1653
2 1995
1 1769
2 1832
2 172
1 635
1 1438
2 1376
1 1588
1 1256
2 1515
2 84
1 2025
1 1571
2 445
1 927
2 1709
1 1285
2 956
2 658
1 1553
2 194
1 1961
2 1785
1 1771
2 146
1 1975
2 612
2 1617
1 1748
1 580
1 1226
1 1143
2 1659
1 2034
2 193
1 910
1 1336
1 880
1 1032
2 1519
1 642
2 1837
2 1505
2 1373
1 1644
2 85
1 48
2 1313
2 1827
2 381
1 1337
2 331
2 1797
2 645
1 1405
2 682
1 851
1 638
1 1381
1 637
1 698
1 1845
2 871
2 1100
1 1399
2 1408
2 465
2 1495
1 1391
1 458
2 107
2 769
2 585
1 1456
1 71
2 202
2 260
1 141
1 592
2 1319
2 1902
1 1129
1 1981
2 497
1 460
2 1286
1 1295
2 1168
2 616
2 694
2 36
2 902
1 1483
1 1066
2 1819
1 803
2 997
1 482
2 1794
1 2008
1 1294
2 151
2 583
2 1125
2 253
2 293
2 517
2 1105
2 1734
1 1274
2 69
1 1543
2 1101
1 677
1 1924
2 1523
2 1707
1 1866
2 1270
1 785
2 240
1 187
2 1751
1 169
2 2029
2 504
2 7
1 1689
2 864
1 1801
2 578
1 522
1 1778
2 53
2 806
1 993
1 418
2 1763
1 190
2 492
2 1264
2 983
2 2047
1 1656
1 1253
2 530
1 1191
2 2020
1 1623
2 38
1 1620
1 775
2 1452
2 923
1 1155
2 897
2 1102
2 901
1 1348
1 1611
2 335
2 653
2 315
1 1592
1 420
2 513
2 722
2 239
2 1248
1 1432
2 156
2 1755
1 675
2 569
1 574
2 360
2 272
1 858
1 1892
2 1397
2 2004
1 1061
1 825
2 1135
1 347
2 620
2 613
1 171
1 649
1 490
2 1658
1 2035
2 964
2 1937
1 1122
2 380
1 1566
2 766
2 314
2 1331
1 863
1 1890
1 506
1 1163
2 819
2 1301
2 1493
2 643
2 13
1 637
2 622
1 906
1 1002
1 1866
2 1764
2 975
2 1805
1 1557
2 937
2 1387
1 700
1 1496
1 2010
1 337
1 539
1 500
2 751
1 1090
2 1564
2 1615
2 1987
1 79
1 1816
1 962
1 872
1 862
2 564
1 895
1 1560
2 70
2 365
2 162
1 1031
1 1699
1 748
2 188
2 1432
1 459
1 727
2 96
1 1477
1 986
1 685
2 1829
1 1434
2 1548
2 680
1 722
2 565
1 1295
1 489
2 245
2 1375
2 1946
2 59
2 1957
1 1900
1 1594
1 1962
1 1965
1 742
2 2036
1 810
1 195
2 678
1 816
2 1540
1 1110
2 1325
2 1276
2 1585
1 1176
2 1848
2 1638
1 556
2 1350
2 188
1 2027
1 1664
2 911
2 1909
1 991
2 1549
1 1448
2 1981
1 761
2 1683
1 1990
2 1670
2 1449
1 1263
1 236
2 292
1 241
1 592
2 1520
1 1199
2 101
1 170
2 1453
2 809
2 1321
1 1826
2 39
2 1433
1 591
1 1351
1 1871
1 1752
1 659
1 55
1 1768
1 1903
1 1531
2 1701
1 868
1 1889
1 1500
1 298
2 192
2 1631
1 1345
1 918
1 2027
2 1844
1 1152
1 713
1 1159
1 1601
2 75
1 643
1 1970
2 1068
1 1529
1 957
1 1414
2 739
1 1533
2 1372
1 205
1 1637
1 520
2 1635
1 1660
2 970
1 1233
2 544
2 1170
2 373
1 26
2 25
2 1685
1 61
1 1755
1 243
2 329
2 597
1 1448
1 196
2 1660
2 1326
2 166
2 762
1 1213
2 1923
1 8
1 1929
2 16
1 1134
2 1503
2 1390
2 1106
1 978
2 1916
1 1964
2 1360
2 1088
2 1437
1 1805
1 1715
2 786
1 393
2 1285
1 963
1 508
1 1113
2 1600
1 1719
2 1177
2 1049
2 198
1 131
1 511
2 743
1 430
2 812
1 1222
2 1373
2 1318
2 570
1 854
2 958
2 776
2 1680
2 960
1 249
2 1875
2 524
1 1770
2 484
1 881
1 1826
1 639
1 1160
1 1666
1 37
1 600
2 888
1 364
2 886
2 1563
2 1922
2 1742
1 332
2 1754
1 1950
2 1998
1 1344
1 987
2 1961
1 266
1 1428
2 353
1 1067
2 1940
2 964
1 1843
2 1759
1 1403
1 955
2 1798
2 1173
2 1352
2 1793
2 772
2 412
1 2038
2 1766
1 1107
1 109
1 1663
1 776
2 524
2 1879
1 743
1 1704
1 1972
2 1034
1 1060
2 1250
1 1524
2 759
2 42
1 1146
1 1221
1 351
1 1206
1 1677
2 545
1 178
2 495
1 852
1 404
2 1157
2 865
2 1369
1 98
1 1682
2 434
1 1766
2 1562
1 777
1 1656
2 1091
1 1475
1 201
2 1646
1 1518
1 1988
1 609
1 734
1 416
2 1064
2 241
2 1004
1 1834
1 825
1 607
1 1620
1 117
2 1018
1 31
1 1176
2 513
2 17
2 1999
2 1334
2 1124
1 179
2 1956
2 1424
1 973
1 1873
2 1570
2 1402
2 1190
2 538
1 1594
2 792
2 639
1 1342
1 1757
1 405
2 1164
2 1337
1 117
1 1265
1 1567
2 1400
1 1687
1 1954
2 1576
2 1149
1 2019
2 1435
2 92
1 1957
2 988
1 1011
1 1557
2 1273
2 41
2 1747
1 1410
2 295
2 1496
1 163
1 370
1 745
1 614
2 1183
2 1825
2 1178
1 1713
1 929
2 747
1 1322
2 2048
2 354
2 624
1 1689
1 1208
2 867
1 573
2 696
2 1980
2 1286
1 84
1 896
1 467
2 537
1 1637
1 963
1 47
1 217
2 1151
1 1711
1 1253
1 1370
1 1646
2 1274
1 1720
1 1939
1 1810
1 544
1 1381
1 589
1 511
2 131
1 955
2 110
2 1023
2 486
2 869
1 666
1 168
1 1811
1 1648
1 1787
1 1219
2 648
2 828
2 2018
1 324
1 471
1 1617
2 921
1 1156
2 2006
2 50
2 1545
2 1424
2 647
1 1478
2 1973
1 415
1 208
1 488
1 1820
1 1820
2 1466
2 1683
1 1522
2 1917
1 451
2 646
1 277
2 1268
2 145
2 1413
2 1204
2 2039
2 1749
2 1351
2 709
1 85
1 1035
1 1592
1 1384
1 957
1 1627
1 136
2 1858
1 189
2 356
2 1968
2 79
2 372
1 1706
1 1756
1 1642
1 1828
1 1953
1 1158
1 1875
2 1252
1 1078
1 1950
2 515
2 121
1 1722
2 2033
2 762
1 1833
2 1978
2 420
2 312
1 853
1 293
2 736
1 78
2 882
2 352
2 777
2 1461
2 281
1 1464
2 1691
1 740
1 113
1 1239
1 1626
2 167
1 14
2 385
2 866
1 1569
2 1460
1 1904
2 1458
2 1927
1 1372
2 474
2 221
1 72
2 1583
1 1475
1 1120
1 1980
2 2045
2 30
1 1785
1 333
2 1719
1 3
2 532
1 1914
2 1917
1 200
1 1779
1 1603
2 1077
1 1772
2 1941
2 966
1 1986
2 1050
1 597
2 1940
1 1618
1 535
2 209
2 1267
1 262
2 1089
2 894
1 1195
2 22
2 1830
1 555
2 1268
1 23
1 1374
2 1103
1 925
1 46
2 1080
2 374
2 1082
1 1910
2 1839
1 128
2 1466
2 96
2 1546
2 1643
2 1565
2 1486
1 874
2 152
2 1809
2 1054
1 157
2 729
1 422
1 806
1 1234
1 1324
2 35
1 758
2 235
2 20
2 392
1 1152
1 383
2 1626
2 1746
2 669
2 50
1 1951
2 1389
2 121
2 450
1 81
2 6
1 54
1 965
2 1967
1 4
1 276
2 223
2 62
1 1116
2 1956
2 425
2 1757
1 1716
2 1902
2 1122
2 1610
1 216
1 313
1 1969
1 1862
1 570
2 74
2 1789
1 101
2 375
1 1216
2 268
1 1196
1 1171
2 1346
2 109
2 1861
1 461
1 25
2 714
1 125
1 989
2 400
2 389
1 379
1 2039
1 428
1 1461
2 942
2 1823
2 1212
1 2008
1 1572
1 1655
1 257
1 1521
2 1686
2 641
2 635
2 1960
1 1031
1 484
1 935
1 1944
2 1388
1 701
1 1666
1 1692
2 1281
1 1224
2 1324
1 441
1 1905
1 346
1 465
2 120
1 1584
2 1550
2 1133
1 1459
1 136
1 693
1 1218
1 231
2 2045
1 1880
1 1560
2 588
1 1443
2 1628
1 1740
2 1946
2 1366
2 875
1 650
1 1383
2 1225
1 1056
1 336
1 338
1 285
1 351
1 1928
2 363
2 1669
2 1053
1 295
2 1694
1 1392
1 1791
2 1882
2 962
1 1752
1 28
2 403
2 1855
2 614
2 1510
2 1571
2 1465
2 1070
2 283
2 627
2 334
2 1053
2 338
2 550
1 384
1 797
2 937
1 238
1 1693
1 534
1 213
1 143
1 1904
1 1319
1 1236
2 1100
2 1160
2 618
2 1695
1 1370
2 294
1 436
2 1165
1 448
2 2024
2 1037
1 1636
2 1644
1 114
1 455
2 206
1 1384
1 550
2 1624
1 1668
1 303
2 417
1 1662
1 1555
1 21
2 667
1 1256
1 1840
2 305
1 1638
1 1564
2 1030
2 850
2 1094
2 1737
1 670
2 624
2 541
2 274
1 1999
2 353
1 401
2 27
1 519
2 1331
1 230
1 1800
2 707
2 1817
1 1881
2 359
2 1330
2 431
2 817
1 2040
1 488
1 273
1 1257
1 36
1 300
1 518
1 945
1 954
2 481
1 626
2 339
1 398
2 1189
2 833
2 1051
2 1117
1 51
2 976
2 1214
1 747
2 395
2 1132
1 206
2 561
1 492
2 1801
1 676
2 566
2 1417
1 1885
2 1818
1 447
1 1760
1 841
2 1929
1 835
2 736
1 1071
2 1386
1 851
2 1463
1 623
2 1671
1 508
2 1633
2 454
2 410
1 1860
2 1158
2 457
1 1975
2 1302
1 43
1 1353
2 706
1 1558
2 1815
1 355
1 1607
1 603
2 1569
2 197
1 935
2 1304
1 1150
1 553
2 1589
2 328
2 1700
2 151
1 1527
1 2002
2 1332
2 847
2 1406
1 587
2 73
2 1237
2 1244
2 1751
2 102
2 1298
1 618
1 779
2 573
2 1193
1 1525
1 567
1 1661
1 1672
2 780
2 158
2 1653
1 1714
2 1005
1 1761
1 716
1 1685
1 500
1 804
2 2033
2 152
2 381
1 507
2 1420
1 1640
2 807
1 879
2 1079
1 2044
1 191
2 1348
1 445
1 2016
1 210
1 1936
2 1505
1 781
2 1591
1 449
1 758
1 1602
2 1519
2 1725
2 1292
1 1718
1 887
2 575
1 945
2 1456
2 261
2 352
1 1459
1 1842
1 892
1 1641
2 497
2 1654
2 515
1 1909
1 1060
1 1504
1 368
1 173
2 412
1 943
1 62
1 124
1 1412
2 818
2 1502
2 1588
1 1093
1 383
1 728
1 1823
1 1584
1 913
2 706
2 1019
2 1952
1 1157
1 1390
1 175
1 1849
2 823
2 1791
1 1042
1 784
1 118
1 634
2 1513
2 686
1 1702
2 864
2 705
2 1425
2 1470
2 795
2 473
1 928
1 1494
1 626
1 889
2 565
2 665
1 863
1 118
1 2007
2 1297
2 1317
1 702
2 1046
1 838
2 1288
1 1204
1 1865
1 469
1 952
1 1339
2 1671
1 1099
1 1398
2 567
2 1439
1 984
2 655
1 1706
1 1876
1 628
2 1354
2 269
1 664
1 1630
2 321
2 367
2 1151
2 257
1 280
2 1901
1 654
1 1303
2 1652
1 340
1 252
1 540
2 704
1 1539
1 477
2 553
1 2013
2 1244
2 612
1 2004
2 336
1 463
1 18
1 1300
2 1068
1 1380
1 892
2 1512
2 1144
1 1368
2 1136
1 250
1 1001
2 1483
2 1248
2 595
1 1677
2 1490
2 1159
1 1953
1 1581
2 1429
2 162
1 1238
2 1876
1 1311
1 990
1 158
2 67
1 1833
2 802
1 795
1 920
1 1753
2 1129
1 944
2 742
1 127
2 1927
1 894
2 1563
1 1
2 689
2 1923
2 1362
1 9
2 2035
2 807
2 1402
1 1363
1 2028
1 1673
1 137
2 1988
2 1684
2 1123
1 442
1 155
1 448
2 1932
1 159
2 1163
1 1508
1 66
1 608
1 1576
1 1850
1 581
2 845
2 610
1 559
2 425
2 1394
2 768
2 2015
2 332
1 599
1 1710
2 753
2 1736
2 1974
2 1534
2 400
2 477
2 1338
1 916
2 1831
1 1198
2 1011
2 1412
2 124
2 1746
1 1678
1 1410
1 1879
2 1700
1 1813
2 1036
2 514
2 1259
2 1635
2 288
2 1166
2 382
1 197
2 619
2 46
2 880
2 207
2 164
2 2000
2 1310
1 1747
2 1744
2 904
1 1096
2 1581
1 1562
1 538
1 1727
2 1835
2 1955
1 1756
1 1891
2 527
1 1935
1 1055
1 757
1 88
1 1316
2 684
1 322
2 22
2 961
1 1753
1 789
1 1767
2 1003
1 325
2 820
1 844
1 1083
2 547
1 769
1 823
1 1641
1 770
1 1017
2 1057
1 792
1 1101
1 1320
1 1240
2 1542
1 1132
2 423
1 1972
1 1803
2 456
1 1409
1 1803
1 374
2 148
1 590
2 546
2 1814
2 2044
1 640
2 1051
1 895
1 1915
1 1408
1 166
2 1143
2 214
2 1989
1 995
2 402
2 28
1 910
1 541
1 214
1 1015
1 1278
2 2041
2 147
2 552
1 1168
2 18
1 532
2 461
1 1146
1 14
1 1851
1 1667
2 1708
2 1925
2 1481
1 1075
2 1821
1 1277
1 1429
1 1075
1 393
1 155
2 1986
2 185
1 979
2 714
1 1523
1 1020
1 1340
2 986
2 1984
1 1266
1 917
1 533
1 1497
1 421
1 1890
1 329
2 1190
2 794
1 344
2 1845
2 160
1 1982
1 286
1 1215
1 518
1 1549
1 1598
2 1482
2 1276
2 1776
2 311
2 1966
1 1846
2 870
2 516
2 727
2 1992
1 982
2 2030
2 1358
2 376
1 1312
2 800
2 965
1 341
1 1534
1 179
1 165
2 754
1 1079
2 1944
1 1034
2 1265
1 1797
1 1131
1 1338
1 1738
2 184
1 181
2 1701
1 1782
2 710
2 1872
2 1738
2 194
1 671
1 1499
1 766
1 920
1 1609
2 337
2 6
1 787
2 78
2 1090
1 87
2 1895
2 877
2 1806
2 498
2 1413
2 221
1 174
1 178
1 1971
1 1784
1 562
2 733
1 782
1 1181
2 733
2 176
1 1128
1 1231
2 1418
1 593
1 857
2 551
2 404
2 1839
2 30
2 90
1 252
2 1804
1 1786
1 752
2 255
2 509
2 1841
2 186
1 1216
1 633
2 1063
1 1404
2 1579
2 753
2 1918
2 1776
2 966
1 1891
2 1985
2 1142
1 112
2 791
1 433
1 1080
1 1943
1 1169
1 2001
2 1613
2 836
2 1009
1 1717
2 1251
1 1441
2 1873
1 1279
2 1229
1 503
1 446
2 1991
1 1178
1 1778
1 229
1 1192
1 32
2 235
1 210
1 1490
2 1893
1 699
2 388
2 1121
1 519
2 278
2 925
2 1511
1 1814
2 105
1 1886
1 258
2 1516
1 1436
1 108
2 1084
1 1029
2 1667
1 1768
2 1476
1 1655
1 1582
1 466
1 247
1 931
1 1540
2 1357
1 496
1 1399
2 1318
1 468
1 1570
1 1174
1 992
2 692
2 651
2 831
1 1928
2 625
1 1897
2 674
1 684
1 1327
1 1172
1 1207
1 1884
1 1895
1 434
1 1609
2 1580
2 1262
2 1421
1 1985
1 51
1 1654
2 1367
2 1965
2 291
1 41
1 470
2 391
1 1506
2 99
2 105
2 253
1 469
2 1189
1 603
1 1599
2 1445
1 886
1 322
2 754
1 1289
2 1881
1 1431
2 582
2 600
2 932
1 2050
2 49
2 1602
2 1211
2 536
2 1837
1 290
2 1221
2 399
1 87
2 702
2 164
1 1220
2 1979
2 394
2 951
2 1976
1 974
1 999
1 1229
2 898
2 1544
1 885
2 954
1 809
2 632
2 1114
1 1038
1 49
1 1203
2 749
1 559
2 571
1 1149
2 1458
2 978
2 1997
2 1161
1 1336
2 1003
2 625
1 623
1 1632
1 1579
2 1838
1 1460
2 476
1 1800
2 1899
1 496
1 333
2 1708
1 215
2 328
2 1226
2 189
2 997
1 828
2 1761
2 1455
2 1969
1 729
2 613
2 686
1 1235
1 1444
1 531
1 1858
1 1170
1 422
2 1209
2 728
2 1507
1 839
2 1095
2 1035
2 802
1 1647
2 1798
1 1423
1 611
1 1699
2 37
2 1097
2 990
1 1393
2 1731
1 1906
2 1433
1 850
1 884
2 1112
2 1863
1 737
2 893
1 662
2 1862
1 815
2 1153
1 685
1 981
2 1398
2 1415
2 904
2 5
1 1196
2 1608
1 902
2 1743
2 1930
2 1616
2 1328
1 1987
2 958
1 1026
2 633
1 86
1 1360
1 530
2 1991
1 1067
1 1949
1 879
2 38
1 1349
1 709
1 1709
1 278
2 452
2 1978
1 371
2 1664
1 1732
2 735
1 1908
2 1066
2 1104
1 467
2 182
1 1775
1 1241
2 985
2 1201
1 911
1 1963
1 367
1 342
2 1281
2 1598
1 1537
1 599
2 1329
2 485
1 1340
1 2005
1 815
1 1765
2 111
1 713
2 930
2 1587
1 1058
2 1278
2 1243
2 909
2 1409
2 244
1 1245
1 472
2 799
1 1779
2 987
1 81
2 97
2 1566
1 1501
1 1223
1 1492
1 960
1 1807
2 1947
2 4
2 1915
2 1000
1 1954
1 326
1 1491
1 2032
2 350
2 1691
2 20
2 1516
2 1847
1 695
1 783
2 1762
2 1528
2 856
2 429
1 378
2 175
1 455
2 249
1 1959
2 1867
1 1138
2 1840
2 1275
1 1061
2 426
1 924
1 558
2 679
2 1878
1 413
1 805
2 1640
2 437
2 279
2 94
1 1272
2 542
1 1469
1 946
2 1401
1 621
2 1861
2 15
1 447
1 803
1 1251
1 1715
2 575
1 300
1 1604
1 150
1 1230
2 1841
1 171
1 523
1 1955
2 491
1 355
1 1016
2 546
1 1275
2 1039
1 756
1 115
1 346
1 1118
2 918
2 598
2 719
2 1471
2 561
1 243
1 139
2 765
1 734
2 483
1 707
2 1130
2 1481
2 1900
2 1147
1 1355
2 939
1 1006
1 1164
1 202
1 256
1 651
2 1487
2 711
2 1378
2 1780
2 735
2 764
2 768
1 994
1 11
1 915
2 1030
1 1225
1 687
1 1849
1 667
1 843
2 523
2 1509
1 1102
2 1092
1 1745
2 718
2 1296
2 1403
2 1506
1 1471
1 1996
1 1896
1 48
2 1474
1 846
2 563
2 1062
1 1296
2 267
2 1443
2 1878
1 371
2 369
1 478
1 1681
1 605
1 872
2 1435
1 908
1 56
2 1426
1 1271
1 1468
1 834
2 859
1 246
1 1099
1 1493
2 1073
1 1246
2 1883
1 1092
2 71
2 264
2 106
2 1057
2 1926
1 1012
2 1933
1 2
2 874
2 1869
2 362
2 1543
2 1431
1 402
1 122
2 891
2 309
1 102
1 1309
1 44
1 1205
2 1600
1 1180
2 160
2 1541
2 928
1 313
1 627
2 2042
2 1938
1 180
2 104
1 1019
1 145
2 1725
2 661
2 406
1 1203
1 1139
1 936
2 451
2 209
2 824
2 438
2 224
1 1006
2 949
1 1968
2 1673
2 1712
2 691
2 1769
1 1208
2 1086
1 274
2 953
1 1121
1 927
1 439
1 1829
1 459
1 995
1 1905
1 778
1 615
1 1103
1 562
1 539
1 1812
2 1323
1 1434
1 368
1 877
1 950
2 697
1 1491
1 287
2 816
2 67
1 409
2 1851
1 952
2 1771
1 91
2 871
2 185
1 631
2 1284
2 480
1 100
1 1123
2 676
1 1301
2 398
2 674
2 1480
1 796
1 2011
2 1350
1 483
2 172
2 452
2 1242
1 1561
1 1633
2 361
1 896
2 320
2 1175
1 661
1 1619
1 65
2 1417
1 1023
2 120
2 149
2 1767
2 130
1 1383
2 186
2 114
1 555
1 588
2 1069
2 108
2 1850
1 821
2 552
1 1343
1 2007
2 601
2 1983
2 1997
2 1419
1 1962
2 149
1 505
2 788
1 1512
2 1582
2 1210
2 1454
1 1154
2 810
2 1457
2 68
2 717
2 873
1 1672
2 630
2 1514
1 1871
1 608
2 1781
1 1046
2 1741
2 1167
1 1289
1 1535
1 1416
1 1492
2 1028
2 867
2 268
1 1440
1 1652
2 755
2 543
2 1449
1 1148
1 1882
1 2017
1 1665
1 860
1 203
1 1942
1 629
2 666
1 808
2 1162
2 1605
1 1224
1 1389
2 1414
2 788
2 542
2 1703
1 1676
1 1059
2 2002
1 457
2 1439
1 475
1 698
2 1377
2 630
2 1304
2 1597
2 989
2 1590
1 1647
2 1341
1 913
2 1371
2 1473
1 370
2 1942
2 220
2 576
1 752
1 1806
1 1643
2 478
2 779
2 159
2 1087
1 1789
2 491
2 586
2 827
2 1411
2 1595
2 1327
1 606
1 1842
1 1528
1 1261
2 1710
2 1407
2 1344
2 897
2 1855
2 424
1 1422
2 1958
2 891
1 1698
2 1367
1 1243
1 749
1 1650
1 318
2 24
2 1462
1 974
1 1893
2 250
2 1818
1 99
2 1388
2 359
1 1651
2 1872
2 1382
1 1183
1 53
1 348
2 387
1 534
1 222
2 1874
2 715
1 443
2 1586
2 1739
1 1317
1 1210
2 1394
1 1551
2 1758
2 1320
1 11
2 1675
1 931
1 992
1 2043
2 1098
2 103
1 419
2 1303
1 572
1 969
1 1632
2 1428
2 1347
1 1041
2 715
2 380
2 1347
2 407
2 1297
2 287
1 47
2 1238
2 1711
2 2032
2 1611
1 785
1 798
2 1110
2 1933
2 1029
2 297
1 1085
2 1273
1 142
1 1601
2 1721
1 150
1 1884
2 947
1 853
2 1634
1 203
1 335
1 1547
1 1108
1 629
1 296
1 1401
1 800
1 1737
1 2001
2 354
1 1834
1 97
2 507
1 1627
2 1111
2 211
2 226
2 1450
1 801
1 297
1 1255
1 1811
2 848
2 64
2 746
1 1763
1 1787
2 308
2 2046
2 1076
2 601
1 1207
2 1733
2 446
2 1869
1 725
2 1089
2 1314
2 770
2 1645
2 1144
1 556
2 1016
1 1848
2 1404
1 560
2 2029
1 1813
1 493
2 45
1 1810
2 869
2 88
2 1618
2 842
1 153
2 526
2 1185
2 1043
2 1472
1 263
2 1293
2 1135
1 1658
2 883
1 183
1 289
2 140
1 1393
1 1419
2 489
1 414
1 103
1 1808
1 1064
2 246
2 1342
2 1705
1 479
1 248
2 858
1 315
2 1587
1 1332
1 2014
2 1463
2 319
2 700
2 1788
1 1585
1 1572
1 577
1 1629
1 2028
2 710
1 1033
2 594
2 1078
2 1852
2 1033
1 1307
1 1128
2 416
2 1323
1 1025
2 581
1 657
1 116
1 668
2 678
1 775
1 1853
2 33
2 1729
2 1125
2 480
2 750
2 1621
1 1790
1 2037
1 912
1 1139
1 256
1 1827
1 228
2 1722
1 972
2 83
2 1186
2 1058
2 1010
2 390
1 852
1 449
1 1140
2 824
1 1262
1 1675
1 1118
1 1951
1 1681
1 180
1 1726
2 1537
1 826
2 1119
2 270
1 340
2 822
1 327
2 1501
1 1379
2 1368
2 1007
2 771
1 1983
2 272
2 1945
1 1920
1 1948
1 1716
2 1718
2 1674
1 1237
2 19
2 1796
1 1194
1 673
2 1792
1 694
2 259
2 494
2 1074
2 408
2 1628
2 564
1 3
2 708
1 1070
2 1040
2 282
1 797
1 622
1 65
2 1665
2 1542
1 969
1 244
2 24
1 2031
1 304
1 855
2 857
2 219
1 789
2 224
2 1254
1 1489
2 723
2 1686
1 2036
1 1441
1 5
2 365
1 1854
1 474
2 2015
1 1977
1 723
1 1307
1 903
1 855
1 885
1 396
2 1783
2 1405
2 286
2 98
1 947
1 284
1 1559
2 917
2 1479
2 994
2 2011
2 578
1 35
1 1026
1 1697
2 1082
1 230
1 554
2 1575
1 1474
1 1422
1 771
1 1824
2 718
1 849
2 1762
2 968
1 1696
1 1596
1 174
2 460
2 1625
1 1341
1 1282
2 1446
2 543
1 794
1 1200
1 1468
2 1916
2 1145
1 1750
1 907
1 1288
1 233
2 1259
1 1498
2 140
1 1469
1 1926
1 348
1 1287
2 1277
2 1330
2 80
1 154
1 283
2 1114
2 285
1 1734
2 137
1 1395
1 161
2 1239
2 1605
1 173
2 442
2 998
2 361
2 1684
2 1513
1 1828
2 1912
2 397
1 1568
1 464
1 893
1 616
1 1043
1 1760
1 744
2 1073
1 2040
2 254
2 829
1 2030
1 563
1 485
2 107
2 1071
1 349
1 2037
1 784
2 1529
1 514
2 654
1 820
1 1794
1 93
2 505
1 1551
1 23
1 134
2 687
2 1109
1 441
1 1847
1 1015
1 1770
2 498
1 113
2 617
1 528
1 92
1 1661
1 1266
2 1416
1 1936
1 1741
1 996
2 606
1 596
2 1822
2 1116
2 1174
2 316
1 548
1 813
1 1186
1 1692
1 1022
1 499
1 1520
2 730
2 1742
1 1932
1 16
1 1836
1 652
2 440
2 1777
1 982
1 683
1 157
2 741
1 260
2 1069
1 435
2 967
1 1198
2 1113
1 1712
1 1242
1 1312
1 1484
1 270
2 1316
1 233
1 595
1 1024
1 1604
1 2025
1 372
1 557
2 1470
1 2013
1 1511
2 1054
1 432
2 981
1 1527
2 122
1 95
1 693
1 193
2 619
1 690
2 717
2 843
2 560
2 1472
1 184
1 837
2 277
2 876
1 1525
1 1514
1 1670
1 690
