4600 7000
1 466
2 857
2 1902
1 979
2 1676
1 1979
1 838
2 1183
2 373
1 551
2 2244
2 704
1 2186
1 120
1 2136
1 606
2 1461
2 1683
2 639
1 584
1 3
1 202
2 1044
2 802
1 1367
1 379
2 212
2 562
1 1528
1 1745
2 671
2 1194
1 1109
2 2137
2 248
1 2201
1 2175
2 649
1 1658
2 2205
2 716
1 2281
2 900
2 2058
2 1714
1 852
2 191
1 384
1 2107
2 2038
1 1593
1 2068
1 1778
2 2008
1 2013
1 1029
1 352
2 1645
1 197
1 1819
1 787
1 1745
1 1339
2 372
2 837
1 2249
1 340
1 2088
1 275
2 334
1 1718
1 1162
2 1255
2 1865
2 1534
2 1088
2 311
1 2027
1 100
1 2094
1 1626
1 1116
2 1643
2 46
1 1330
2 2209
2 2017
2 1450
1 973
1 1366
1 1440
1 1739
1 1978
1 811
1 1626
2 974
2 848
2 779
2 1657
1 1951
2 62
1 94
1 1229
1 941
1 1183
1 1132
2 1488
2 2256
2 1391
2 2145
1 746
1 567
1 1494
2 523
2 1234
2 1591
2 1808
1 586
1 216
1 1236
2 1510
2 204
2 1853
1 2200
1 2146
1 319
1 1492
2 362
1 2159
2 1525
2 1880
1 254
1 1201
1 939
2 155
1 285
2 974
2 512
1 824
1 1047
1 927
2 1526
2 980
2 208
1 1322
1 2044
2 2126
2 837
1 2279
1 6
1 110
2 812
2 882
2 55
1 1319
1 1765
1 948
2 1819
2 159
2 1830
1 602
2 1947
1 2241
1 1378
2 1273
2 447
1 825
2 1399
1 1353
1 1379
2 1000
1 1347
1 48
1 2121
1 1611
2 1412
2 1398
1 955
2 2119
1 1343
1 242
1 309
2 1016
2 2000
1 1619
2 631
2 1218
1 712
2 1856
2 249
2 696
2 1516
2 1323
2 1262
1 1209
2 1173
1 12
2 459
1 2235
1 1916
1 11
2 521
2 1543
2 402
1 909
1 1968
1 1215
2 227
1 19
1 464
2 1041
2 1617
1 1946
1 1100
1 627
1 2155
1 911
2 1530
2 2132
2 315
2 388
2 552
1 1648
2 683
1 1186
1 569
2 710
2 1809
1 2160
1 399
1 785
1 609
2 498
1 1343
1 1952
1 118
1 1529
2 1924
1 1589
1 2173
1 2288
2 600
1 1693
1 372
2 2053
2 1198
2 995
1 1442
2 1105
2 591
2 141
1 746
1 1760
2 2036
1 303
1 1713
1 1316
2 191
2 1641
1 1374
1 249
2 95
1 198
2 670
2 860
2 1213
1 1427
2 229
1 269
2 647
2 707
2 1850
2 170
2 610
2 1814
1 1295
1 1863
1 804
1 2207
1 2009
1 1929
1 151
1 82
1 216
1 1991
2 1823
2 1365
1 956
2 790
2 270
2 1918
2 1053
2 1620
1 1433
1 341
2 523
2 269
1 1851
1 862
1 1087
2 1334
2 1953
1 456
1 1111
2 688
2 1934
2 1609
1 762
2 2106
1 1355
1 626
1 1134
1 1907
1 1417
1 1656
2 595
1 317
2 1156
1 745
2 2020
1 686
1 111
2 2039
2 1367
1 193
2 1268
1 2295
1 496
1 2018
1 180
2 276
2 1357
1 1158
2 207
1 657
2 637
2 157
2 1796
2 1674
2 1625
2 584
2 928
1 975
2 1122
2 426
1 314
2 316
2 84
2 1601
1 1098
1 31
2 961
2 933
2 217
2 645
1 1333
1 798
2 832
2 1817
1 875
1 335
2 296
2 892
2 1884
2 1714
1 1797
1 1841
2 1047
1 1397
2 2055
2 511
1 2124
1 1241
1 1869
2 389
2 707
2 1560
1 1083
2 1345
2 1096
1 133
1 616
1 1807
2 2015
2 1933
2 1890
1 1466
2 1032
2 2112
1 1065
2 418
2 1820
2 668
2 1855
2 449
2 1013
2 1384
2 1327
1 1554
2 2176
2 388
2 1821
1 536
1 1610
2 37
1 1388
1 596
1 647
1 535
1 300
1 1163
2 358
2 1752
2 2157
2 920
1 626
1 1559
2 1548
1 194
1 761
1 851
2 1611
2 1354
1 1913
1 1812
2 386
2 137
2 1929
1 893
2 937
2 590
2 1666
1 1409
2 1535
2 1257
2 1892
2 1758
1 2061
1 1274
2 452
2 1681
1 360
2 1491
1 488
2 1092
2 1883
1 2277
2 142
1 156
1 1581
2 436
2 389
2 1711
2 2144
2 730
2 313
1 2041
1 874
2 982
1 1732
2 447
2 323
2 1753
2 773
1 1919
1 2206
2 954
1 1307
1 225
1 1894
1 351
2 1990
1 946
1 1401
1 864
2 826
1 1441
1 163
1 305
1 1158
1 421
2 1375
1 1783
1 1296
2 847
1 323
2 1394
1 1095
2 2286
1 1471
2 177
2 630
2 443
1 435
2 1606
2 1888
2 736
1 453
2 403
2 1778
2 2243
1 257
2 1203
2 1165
2 2041
1 283
2 1960
1 1922
2 1437
2 755
2 1319
1 987
2 294
2 1222
2 2078
1 1443
2 7
2 766
2 1756
1 1106
1 665
2 579
1 1862
1 605
2 1982
2 997
1 1219
2 1245
1 474
1 224
2 1099
1 1743
1 122
1 1720
2 924
2 613
1 1429
1 2043
1 1497
2 445
1 1586
1 237
1 2238
2 2213
2 44
2 1573
1 1771
2 1913
1 913
1 844
1 643
1 556
1 1227
1 1333
1 1361
2 50
2 1905
1 1950
1 2259
1 1845
2 2280
1 1124
1 425
2 2139
2 2165
2 138
1 1818
1 1061
2 2251
2 1247
2 496
2 163
2 776
2 904
2 539
2 409
2 2132
2 2172
2 1962
2 2104
1 202
2 1376
2 877
1 884
2 1997
1 194
1 1684
1 509
2 2287
1 96
1 1115
2 408
1 1360
2 1322
1 1098
1 694
1 1286
1 428
2 949
2 171
2 2277
2 608
2 880
2 1447
1 2063
2 903
1 910
1 1446
2 1475
2 769
2 802
2 51
1 2244
2 1912
1 902
1 1904
2 879
2 1446
1 519
1 84
1 1606
2 815
1 1119
2 1035
2 356
2 823
2 1902
1 1908
1 75
2 271
1 560
2 1381
1 2163
1 1069
1 201
2 245
1 394
1 1974
2 449
1 2283
2 1133
1 1937
2 515
1 2011
1 1114
1 753
2 782
1 751
2 2232
1 2254
1 1102
2 1401
1 1833
2 234
2 75
2 1995
1 971
1 369
2 1900
2 2154
2 543
2 625
1 558
2 2227
1 1318
1 1636
2 240
1 1258
2 2292
1 1214
2 1149
1 96
2 1093
1 1292
1 1022
1 67
1 2166
1 1501
2 663
2 1694
1 1409
1 1339
1 428
1 1700
2 2016
2 519
1 1144
2 2181
1 1110
2 206
1 208
1 2135
1 674
1 1291
2 112
2 861
2 2161
2 1599
1 1770
2 378
1 64
1 642
1 1747
2 1954
1 723
2 583
1 342
2 552
1 1793
1 856
1 1062
1 2211
1 306
2 1017
1 504
1 1764
1 2026
2 1395
1 2123
1 2064
2 836
1 630
1 2045
2 165
2 1434
2 1667
2 1487
1 547
2 2224
1 1596
1 705
2 964
2 1696
2 1842
1 1436
1 2101
1 308
1 1383
1 526
2 159
2 1860
1 429
2 1075
1 1472
2 1772
1 1746
2 486
2 1810
2 1013
2 2150
1 1091
2 946
1 1955
1 807
2 1149
1 561
2 1565
2 673
2 563
1 218
2 1849
1 2113
1 988
2 617
2 1084
1 1685
2 1046
1 59
1 211
2 2040
1 1552
1 1120
2 1371
1 1267
2 1315
2 1472
1 1108
1 1034
2 2240
1 1746
2 2138
2 1026
2 1250
2 1103
1 385
2 1325
2 1228
1 1499
2 1776
1 1874
1 1949
1 1392
2 839
1 1826
1 2172
1 2153
2 1002
2 1059
2 1583
1 1003
1 2189
1 793
1 747
1 850
2 1649
2 534
2 390
2 762
1 587
2 1244
1 982
1 2296
2 181
2 1468
2 1953
2 859
2 132
1 409
2 699
1 1032
1 446
1 789
2 1815
2 58
2 898
2 1059
2 1022
2 881
1 1093
2 1516
1 851
1 1508
1 70
1 867
2 1537
1 1209
2 1170
2 1038
1 1958
1 1889
2 1833
1 259
2 245
2 2177
2 1086
2 407
2 1551
1 359
1 1728
1 711
2 1247
1 703
1 1274
2 177
2 2150
2 908
2 465
1 1424
2 724
1 1691
2 342
2 277
1 1233
2 896
1 2203
2 1313
2 2013
2 1569
2 295
1 45
2 60
1 939
2 2273
2 1976
1 310
2 471
2 1878
2 706
2 613
2 1038
1 1077
2 1640
2 1311
2 1621
1 2235
2 459
1 1524
2 742
2 1973
1 2204
1 494
1 1035
2 2184
2 1597
2 682
2 1223
1 2174
2 546
2 426
2 561
1 270
1 922
2 956
2 1963
1 413
1 179
2 1540
1 1848
1 1238
1 2073
2 694
2 1225
1 758
2 704
2 128
2 1214
1 476
2 167
2 1220
1 969
1 102
1 2062
2 554
2 669
1 1704
2 577
1 876
2 1338
2 1317
2 414
2 26
1 1541
1 1349
1 1891
2 1839
2 1751
2 2017
2 1210
1 30
1 1726
1 1784
1 599
2 1967
1 456
1 1980
2 1254
1 1747
1 1182
1 1305
1 140
2 905
2 1072
2 794
2 749
2 36
1 594
2 1821
1 1422
1 490
2 1738
1 1152
2 444
1 2213
1 1277
1 1763
1 856
2 2061
2 422
1 501
2 2167
2 2173
1 1141
1 1567
1 1422
1 568
1 1850
1 1320
2 689
2 1518
2 1229
2 984
2 1186
1 1646
2 1927
2 438
1 1705
2 628
2 1909
2 220
1 597
2 1445
2 1096
2 715
1 1861
1 2169
2 1511
2 129
1 1944
1 1489
2 1570
2 286
2 1104
2 1410
2 1804
2 2098
2 1914
1 1030
1 1579
2 944
2 2080
2 98
1 2002
2 1741
2 1935
2 541
2 1813
2 318
2 548
1 832
1 1140
2 931
1 1192
2 478
1 1680
2 2064
1 2109
1 291
2 101
2 1412
2 2048
2 1920
2 1883
1 272
1 1425
2 1647
2 1603
1 667
1 759
1 625
1 445
1 1058
1 799
2 1789
2 29
2 482
1 1260
2 528
2 1436
1 1019
1 1940
1 103
1 1271
2 524
2 57
1 727
2 2057
1 984
2 73
1 1468
2 367
2 809
1 697
2 1246
2 1302
2 1478
1 1278
1 1939
1 950
1 1662
1 596
1 7
1 718
1 564
2 453
2 1914
2 1636
1 1703
2 1744
1 805
1 1701
1 2260
2 41
2 620
2 22
1 1024
1 1679
1 549
2 559
1 107
1 1881
2 97
1 2028
2 1816
1 1779
2 830
2 623
1 1272
1 1071
2 2179
1 1396
2 1890
2 640
1 1941
1 580
1 175
1 195
1 398
1 1224
2 40
1 977
2 20
1 515
1 168
2 1419
2 1456
2 673
2 457
2 582
1 717
1 1390
2 604
1 1043
1 1125
1 435
2 627
2 1689
2 1609
2 2122
1 493
1 55
2 68
1 1538
2 1166
2 1469
2 1669
1 397
1 1787
2 1727
2 501
1 1002
2 1972
2 2239
1 889
2 1251
1 1996
2 1847
2 251
1 1511
2 410
1 1143
2 1055
1 469
2 1528
2 457
2 885
2 1900
2 2076
1 2272
2 1568
1 2185
2 1303
2 2291
1 930
1 82
2 1717
1 1912
2 1726
2 2147
2 1042
2 2164
2 123
1 871
2 136
2 1783
1 81
2 1928
1 735
2 919
1 1442
1 792
1 538
2 170
2 374
2 1297
2 223
1 1961
1 1414
2 1195
2 2220
2 1794
1 2049
2 1265
1 537
2 1159
1 252
1 2200
2 2026
2 265
2 1678
1 1370
1 152
1 1852
1 1598
2 2231
2 2238
2 1256
2 264
1 2253
1 393
2 840
2 1113
1 403
2 965
2 30
1 1305
2 1681
1 130
2 2283
1 967
2 1816
2 1498
2 94
1 621
1 853
1 996
1 28
1 1349
2 1856
2 37
1 812
1 294
2 2140
1 1877
1 1119
1 1893
2 450
2 2284
1 742
2 1966
1 2300
1 2087
2 1610
1 241
2 1431
1 1903
2 1624
2 1712
1 1314
2 983
1 349
2 1030
1 1217
2 2012
1 85
1 938
1 888
1 1617
2 1956
1 352
2 1
2 1190
2 514
2 2053
2 1031
2 612
1 1990
1 835
2 319
2 239
2 1368
2 190
1 721
1 131
2 502
2 1910
2 2090
1 931
1 1896
1 1908
2 1794
1 1676
1 2183
1 811
2 173
2 116
1 1942
2 876
1 185
1 759
1 598
1 1863
1 1046
2 346
2 1053
1 1000
2 2162
2 1221
2 2252
1 1780
2 1041
2 1875
1 2257
2 1021
2 344
1 906
1 2120
1 709
1 1660
1 289
1 693
2 714
2 1620
2 2097
2 328
1 230
1 760
2 140
2 46
1 261
1 130
1 392
1 1294
2 360
1 1441
1 1549
2 990
1 1321
2 99
2 2074
1 2239
2 450
2 1832
2 1369
1 1514
2 1094
2 1834
2 1366
1 882
2 182
1 376
2 1580
1 1539
2 750
1 480
1 891
2 442
2 1956
1 942
2 220
1 91
1 978
1 381
2 2023
1 475
1 383
2 78
2 1262
2 516
1 209
2 1702
2 908
2 1670
2 2081
1 278
1 517
1 598
2 250
1 1748
1 1341
1 1669
1 444
2 786
1 210
2 373
2 1737
1 1395
1 464
2 1605
1 1981
2 1615
1 1040
2 2106
2 567
1 2206
1 71
1 1270
1 1074
2 2233
2 1230
1 1904
1 1531
1 2227
2 2299
2 1805
1 880
2 6
1 1188
2 386
1 343
2 157
2 5
1 273
2 215
2 1517
2 1616
1 2020
1 489
1 313
1 278
2 88
1 2284
2 1237
2 1632
1 483
2 43
2 2290
2 468
1 818
2 926
2 1052
1 2092
2 1486
1 921
1 65
2 948
2 2081
2 2298
2 1439
1 1644
1 1017
1 978
2 1862
1 631
2 467
1 1922
2 460
2 77
2 1126
1 354
1 1273
1 1212
1 917
1 941
1 1419
1 484
1 287
1 356
1 363
1 8
1 1723
1 1008
1 1566
1 778
1 1573
1 1769
2 67
2 1677
2 2010
2 1211
2 1698
1 1621
1 81
2 696
2 858
1 1556
2 1944
1 943
2 1129
1 1797
1 2205
2 2268
2 691
2 2271
1 1350
2 304
2 708
2 1597
2 1414
2 2276
2 1873
2 540
2 2012
1 1473
2 2164
1 213
2 606
2 1632
2 923
2 1707
2 336
2 2226
2 303
2 1031
2 1824
1 1840
2 689
2 542
1 1121
1 1392
2 387
1 1785
2 2114
1 90
1 1740
1 1608
1 789
1 1026
2 2123
1 1454
2 485
1 299
2 1786
1 722
1 1513
1 203
1 1825
2 1712
2 366
2 634
1 455
2 1196
2 1563
2 1715
1 1200
1 1448
2 20
2 1650
1 1033
1 505
1 732
2 1179
1 1318
2 1767
1 1782
1 1688
2 1332
2 76
1 2274
1 1992
1 22
1 1891
1 1869
2 2031
2 895
1 307
1 1433
2 78
1 728
2 2230
1 1751
2 2184
1 2134
2 1390
1 655
2 1232
1 10
2 1631
1 855
2 2033
2 1544
1 2158
2 738
2 1504
1 266
1 738
1 16
1 988
1 443
2 1432
1 1506
2 898
2 1682
2 1094
2 124
1 1205
1 141
2 1193
1 52
1 815
2 146
1 111
1 2105
2 685
1 1696
2 395
1 1546
2 1840
2 1261
1 470
2 1406
1 1370
1 1182
2 1341
1 619
2 536
1 2177
2 1935
1 1108
2 731
1 172
1 691
2 1163
2 166
1 1892
1 1243
2 1102
1 1859
1 756
1 1527
1 575
2 1735
1 2219
2 920
2 601
2 1968
2 452
1 1240
1 24
1 2010
2 375
1 1064
1 836
2 2046
2 1705
2 2212
2 1633
2 1938
2 2145
1 174
2 2104
1 676
2 820
2 430
2 994
2 2052
1 2067
1 1012
2 2237
2 1533
1 1067
2 1156
2 2067
1 2044
2 2133
2 2289
1 115
2 86
1 650
1 1497
1 857
1 232
1 1518
1 331
1 32
1 1071
2 1550
2 2252
2 516
2 1276
1 338
2 1134
1 1627
1 499
1 730
2 370
2 1082
1 2011
2 651
2 345
1 1324
2 1492
1 1635
1 1458
1 1678
1 106
2 675
1 1181
1 819
1 889
1 813
1 553
1 783
2 1234
1 1439
1 2209
2 1523
2 283
2 1700
1 401
2 930
1 893
1 693
2 1043
2 1410
1 329
2 1239
2 1634
2 150
2 1939
1 1387
1 764
2 330
1 641
1 508
1 1170
1 462
2 1381
2 582
1 629
2 138
2 1760
2 384
2 187
1 362
1 853
2 992
2 1707
1 847
2 1320
2 671
1 196
1 1249
2 95
2 34
1 1857
1 883
1 888
2 657
2 1503
1 1969
2 256
1 1649
1 603
2 1166
1 714
1 2175
1 2290
2 1477
2 1495
1 571
1 281
2 2183
2 933
1 139
2 284
2 2264
1 676
1 751
1 726
1 942
2 2143
2 1185
2 2163
1 892
1 132
1 529
1 1199
2 1788
2 1155
1 655
1 592
1 758
1 195
2 265
1 1798
1 35
2 843
2 1730
1 1232
1 495
2 1566
1 376
1 437
2 1995
2 2033
2 1942
1 2052
1 1427
2 325
1 826
1 1233
2 1344
2 732
2 336
1 1828
1 1659
2 281
1 149
2 1947
1 1060
1 932
1 204
1 972
2 824
1 1506
2 2182
2 2210
2 198
1 1503
1 2066
1 2057
2 1642
2 624
2 727
2 894
2 953
1 308
2 844
2 2103
2 1139
2 200
2 710
1 312
1 383
2 2161
1 1567
2 1377
1 1600
1 1758
2 993
2 1802
1 2294
2 1541
2 636
1 145
2 1837
1 45
2 144
2 267
1 1906
1 828
1 1223
1 829
2 1983
1 400
1 629
1 949
2 1476
2 491
1 1097
1 1808
2 603
2 73
1 217
1 1961
2 1722
1 56
1 661
1 258
2 1048
1 771
1 49
2 1420
2 915
1 698
2 1261
2 1406
1 525
2 235
1 415
2 1682
2 1524
1 1897
1 1936
1 1734
1 128
2 1826
2 1976
2 2022
2 416
2 2036
2 735
2 977
2 679
1 34
2 1050
1 222
2 1300
2 1420
1 863
2 887
2 695
2 2136
1 2093
2 1385
1 1266
1 1595
2 2228
1 1779
2 1263
1 224
1 108
2 9
1 1674
2 290
2 1160
1 549
1 488
2 351
2 2278
1 2087
2 1982
2 557
2 1838
1 1476
1 1985
1 2192
1 1044
1 1082
1 166
1 152
2 1766
1 1893
1 1007
1 487
2 814
1 1109
1 243
2 2092
1 1066
2 2189
1 1198
1 292
2 1315
1 1430
1 1513
2 412
1 1500
2 1191
2 1440
1 153
1 555
2 231
1 2034
2 587
1 1025
1 252
2 1800
2 2083
2 652
1 326
2 863
2 2231
2 253
1 1150
2 1923
1 1181
2 2109
2 1331
2 1077
2 1834
1 33
2 2193
2 1037
2 146
1 1310
2 2243
2 1236
1 1975
2 134
1 42
2 1055
2 544
2 301
2 2137
1 1005
1 823
1 817
2 2287
1 1260
2 1023
1 2216
1 246
1 1113
1 161
1 1289
1 1623
2 1101
1 1754
1 1654
1 1679
1 660
2 199
2 1371
2 1368
1 230
2 2216
1 797
2 2096
1 900
1 284
1 92
1 580
1 1144
2 1425
2 66
2 429
2 1613
1 1421
1 1749
2 599
2 569
2 1936
1 424
2 1142
2 646
2 136
2 196
1 251
2 1577
2 1971
1 1297
2 2037
1 788
2 399
2 1081
2 497
2 52
2 622
1 2085
1 595
2 1130
1 1028
2 1768
2 2168
1 1618
2 1686
2 685
2 33
1 461
2 232
1 1470
2 1049
1 174
2 1780
2 1987
2 1959
2 1295
1 899
1 2015
1 2032
1 1628
1 859
1 1792
2 1499
2 1386
1 1509
2 225
2 887
2 489
2 952
2 1084
2 1287
2 2047
2 32
2 535
2 897
1 559
1 618
1 463
1 17
2 1731
1 2282
2 904
2 1421
1 1974
2 2019
2 2194
1 2143
1 1351
1 1027
2 2170
2 1677
2 1092
1 624
1 1548
2 507
2 1711
2 1179
1 361
2 1480
1 431
1 772
1 530
2 905
1 2250
1 877
1 68
1 1360
1 1658
1 1045
2 1115
1 346
2 1483
1 1886
2 2135
2 924
2 835
2 1285
1 1625
1 1490
1 2065
2 1068
1 2207
1 1925
2 238
2 41
1 235
1 1880
1 109
2 1655
2 614
2 2105
1 1074
1 1048
1 1114
2 2098
2 1896
2 2197
1 709
2 1124
1 845
1 158
1 2220
2 719
1 2125
1 1049
1 285
1 3
2 895
2 2062
2 296
1 1738
2 740
2 1407
2 1555
2 830
1 943
1 1844
2 2171
1 1602
2 2198
1 2042
2 1132
2 574
2 1454
1 1662
1 770
2 739
2 1374
2 1184
2 2228
1 1386
1 2190
2 2074
2 1403
2 110
2 2115
1 1984
1 790
2 1485
1 1561
2 406
1 1227
2 1292
1 986
2 2032
2 958
1 1285
1 2
2 1264
1 205
2 1271
2 2245
2 677
2 331
2 1078
1 2162
1 1221
1 1352
2 1672
2 420
1 1553
2 160
2 1496
2 419
2 1710
1 901
2 2068
2 53
2 2076
2 2055
2 1300
2 1078
2 421
1 2072
1 1817
2 533
1 391
2 901
2 1762
1 1671
1 1445
1 1576
2 2178
2 2116
1 1698
1 1938
1 1782
2 849
1 1999
2 663
1 339
2 451
2 661
2 1876
2 1478
1 666
1 1413
2 1515
2 976
2 119
2 382
2 1704
2 264
2 995
2 1586
2 1735
1 1004
2 1033
2 1687
2 2051
1 1097
1 724
2 510
2 1244
2 1943
2 2276
1 980
1 1693
1 2005
1 2187
1 1945
2 2263
1 433
2 748
2 795
2 1290
2 1352
1 2232
2 2168
2 2221
2 573
1 2050
2 723
2 39
1 1757
1 1028
2 1663
1 2289
1 397
1 1060
1 2217
2 2217
1 1918
2 1531
1 1220
2 1843
2 414
1 1911
1 387
2 88
2 554
1 427
2 816
2 1993
1 353
2 1708
2 1861
1 219
2 743
2 1667
2 1690
2 1772
1 1860
2 279
1 656
2 1815
2 1628
1 1072
1 1999
2 2004
1 2124
2 274
1 2024
1 659
1 1204
1 875
2 2272
1 562
1 2122
2 1138
2 2197
1 2102
2 1255
1 841
1 1921
2 1301
2 2253
1 734
1 1466
2 1814
2 1559
1 2247
1 2043
2 1137
1 1943
2 1510
2 1237
2 2292
2 1021
2 1279
2 2255
2 1464
2 1458
2 1765
2 1754
1 2024
1 253
2 455
2 1304
2 2131
1 1802
2 572
1 1188
1 772
1 1372
1 1250
1 1404
1 1207
2 2027
1 1921
2 1637
1 1138
2 125
2 50
1 240
1 981
2 448
2 479
1 1753
2 1161
2 2214
1 1533
1 1502
1 959
2 2084
2 675
1 726
1 1212
2 108
2 518
1 2225
2 1039
2 1668
1 1868
2 1453
2 2262
2 1293
1 1091
1 868
1 369
2 43
1 295
1 1171
1 8
2 1245
2 2234
2 846
2 172
2 700
2 1837
2 804
1 1842
2 621
2 322
1 239
2 672
1 754
1 2108
1 1791
1 27
1 2156
1 1909
2 1650
1 1539
1 848
1 236
1 2233
1 148
1 579
1 51
1 2
2 1520
2 1653
1 1508
1 1827
1 2050
2 1283
2 1741
1 1485
2 1877
2 1384
1 672
2 1965
2 1174
1 1809
1 1465
2 1284
1 749
1 1133
1 879
1 2070
2 2069
1 1648
2 721
2 864
2 1905
1 1061
2 986
1 1752
2 2086
2 1831
1 1197
1 683
2 1895
1 1777
1 1483
2 2049
1 1521
2 405
2 2275
1 960
2 2293
2 1450
2 1128
1 1769
2 2198
2 1562
2 926
1 2152
1 25
1 2088
2 633
2 576
1 1666
1 101
2 1308
1 54
2 1781
1 86
1 945
2 76
2 1161
2 1326
1 1917
2 2178
1 432
1 510
2 1580
2 820
2 592
2 185
2 327
2 1463
1 1813
2 1854
1 1416
2 787
1 1157
2 729
1 1604
1 957
1 178
2 1449
2 2262
1 169
1 1418
2 242
1 970
2 1906
1 825
1 207
2 61
1 1004
1 2234
1 1927
2 1940
1 1596
2 918
1 2196
2 925
2 1484
1 902
2 1153
2 340
1 368
2 1616
1 347
1 2021
2 1502
2 2221
1 1963
1 327
2 164
1 2242
1 1103
2 1128
1 106
1 1901
2 1259
2 903
2 320
2 1435
1 768
1 47
1 1171
2 881
2 2215
1 299
2 2280
2 944
1 1981
1 273
1 1970
1 2260
2 2100
1 526
2 1984
2 40
1 2248
2 500
1 2028
2 312
1 1426
1 565
1 1249
1 712
1 417
1 831
2 872
1 1241
2 1787
1 1887
1 304
1 1957
1 808
2 1864
2 316
1 1505
2 2240
1 1964
1 1106
2 744
1 1278
1 1375
2 1373
2 963
2 2029
2 408
2 936
1 533
2 2148
2 332
2 1810
1 665
2 326
2 470
2 678
2 2271
1 697
1 83
1 1477
1 884
2 1056
1 1284
2 669
2 70
2 1307
1 1588
2 1112
2 1063
2 1547
2 555
1 1994
1 664
1 1125
1 972
2 1598
2 1872
1 2270
1 2130
2 540
1 1415
2 2003
2 2009
1 1314
2 690
1 2195
2 381
2 5
2 121
2 65
1 23
2 1716
2 1238
2 1768
1 1294
2 1855
1 800
2 1574
2 653
1 2246
1 1117
2 1177
2 1131
2 589
2 1426
2 164
1 968
1 1353
2 1578
1 1728
1 1762
2 1127
2 1351
2 1882
2 2274
1 49
2 2127
2 58
2 1991
1 1321
1 433
1 593
1 1210
1 1873
2 1266
2 1126
2 54
1 1841
1 1655
1 2002
1 2156
2 1007
2 1197
2 1807
2 1437
1 687
2 2095
1 1689
2 720
1 1301
2 1259
1 1701
1 1211
2 344
2 212
1 544
2 1480
1 1594
1 1535
1 1925
1 601
1 950
1 2192
2 1407
1 1242
1 1663
2 302
2 807
2 1604
1 1302
2 288
2 1168
1 1398
1 2296
2 602
1 528
1 1894
1 1822
1 311
1 1136
2 919
1 2038
2 1846
1 2187
1 2248
2 2188
1 1836
1 525
2 59
1 1334
1 1335
1 499
1 380
2 1172
2 2089
1 1088
1 2256
2 2039
1 615
1 1089
2 1455
2 1996
1 1473
1 322
2 1456
1 1948
2 1958
1 589
1 1932
2 237
1 1328
2 263
2 1771
2 576
2 1836
1 1242
1 2210
2 1187
2 250
1 1950
2 1591
2 451
2 167
2 231
1 2040
2 1180
2 1500
1 991
1 1146
2 1512
1 1276
2 1507
1 701
1 199
1 1799
2 134
1 2080
1 834
1 1191
2 894
1 1639
2 1280
2 1575
1 1546
1 1886
1 293
2 431
2 148
2 916
2 1773
2 634
1 104
2 1930
1 1062
2 667
2 641
2 1529
1 1413
1 1641
1 329
1 1899
2 2113
2 1865
1 2268
2 1287
1 2129
1 1482
1 822
1 114
1 1522
2 1254
2 713
1 1554
2 845
2 1014
1 85
1 765
2 1737
1 1172
1 568
2 272
1 1042
1 77
1 1811
1 1296
1 1107
2 1293
2 896
1 1638
1 1612
2 1920
2 890
2 648
2 1507
2 748
2 747
2 1749
1 1733
1 1643
2 466
1 1057
1 2101
2 493
1 731
2 737
1 1564
2 1570
2 1001
1 1634
2 932
2 644
1 1224
2 63
2 354
2 765
1 1967
2 906
1 1459
1 330
2 597
2 1954
2 1073
2 2018
1 1514
2 26
2 1122
1 607
1 2077
2 936
1 491
1 1328
1 2181
1 203
2 2014
2 221
2 1719
1 776
2 1859
2 1910
1 1822
2 2138
2 74
1 337
1 1155
1 2120
2 1525
1 1501
1 1744
2 169
2 1725
1 1835
1 1435
2 1337
1 477
2 779
1 1670
1 248
1 271
2 404
1 1208
1 221
1 1239
2 2147
1 53
2 1731
1 1590
2 591
1 2146
1 18
1 774
2 1740
1 578
1 1484
1 1755
1 650
1 2069
2 1346
2 1635
1 532
2 1729
2 1695
2 2115
1 1603
1 1452
2 1871
2 2285
1 380
1 1713
2 947
2 72
1 1811
2 2096
2 737
1 873
2 620
1 385
2 1845
2 1957
2 1899
2 280
2 1373
2 1898
2 1543
2 497
1 819
1 1538
1 1709
2 2084
1 2006
1 791
2 1408
1 1340
1 442
2 1389
2 2144
2 1587
1 2034
1 1823
1 377
2 2117
2 664
2 780
2 2282
1 477
2 288
2 282
2 2019
2 2226
1 1552
1 2001
2 611
1 2089
1 1664
1 1054
1 637
2 763
2 814
1 913
2 287
1 1979
1 611
2 116
1 1959
1 2133
1 1309
1 1228
2 1871
2 897
2 113
1 1324
2 885
1 244
1 1152
1 865
1 964
2 357
2 1357
1 2265
2 1702
2 1838
1 423
1 1117
2 706
2 463
1 777
1 2278
1 2094
1 2259
1 636
1 1347
1 324
1 11
1 1393
2 2258
2 654
1 777
1 1151
1 1619
2 2025
2 154
2 1355
1 775
1 4
2 1362
1 656
2 1268
2 1593
2 1656
2 2031
2 2073
2 1348
2 2059
1 1415
1 734
2 1100
2 2241
2 534
2 2111
2 2014
1 1491
1 1190
1 550
2 1924
2 645
1 1024
1 1584
1 10
1 1851
2 846
1 267
2 486
1 1012
2 1135
2 228
2 439
1 1790
1 794
2 524
1 581
2 1820
2 1148
1 2270
1 2051
2 692
2 1164
2 2029
1 923
1 1348
1 538
2 1089
2 332
2 558
2 370
2 866
2 1202
2 1977
1 57
1 1195
1 2151
1 1638
2 1866
1 2153
1 1444
1 565
2 557
2 1317
1 2286
1 572
2 1475
1 1342
1 1404
1 2202
1 648
2 102
1 652
1 1858
2 912
1 684
2 246
1 275
2 400
1 1589
1 570
2 715
2 2155
2 305
2 966
2 104
1 1659
2 2048
1 1438
1 2297
1 632
1 184
1 2269
2 1189
2 234
2 371
2 392
1 701
2 1557
2 833
2 739
2 1145
1 255
1 868
2 1264
1 938
1 858
1 834
2 1265
2 189
1 985
2 1204
2 485
2 1083
1 916
1 623
1 2102
2 1157
2 793
1 1202
1 1627
2 2251
2 756
2 713
2 27
2 1852
2 1231
1 1600
1 717
1 2273
2 1916
1 127
2 1926
1 2025
1 2285
1 1878
1 258
2 1876
2 574
1 162
2 2066
2 1101
2 1313
2 2299
1 1350
2 2295
1 969
2 1568
1 1988
1 1585
2 2060
2 2099
2 1496
1 1818
1 1867
2 79
1 394
2 63
2 585
1 1185
1 1240
2 838
1 2211
1 99
1 1121
1 1235
2 2300
1 662
2 328
1 87
1 1795
1 801
1 780
1 21
2 771
1 1304
2 1874
1 2016
1 2108
2 309
1 1403
1 14
1 1806
1 154
2 2275
2 1107
2 927
2 692
2 651
1 1545
1 161
2 1143
1 643
1 2193
2 47
1 211
1 14
2 1734
1 1721
2 1167
1 115
1 458
1 64
1 117
2 439
1 297
1 1800
2 1522
1 1253
1 1325
1 214
1 1930
2 1361
1 1359
2 684
1 1416
1 1770
1 2005
1 1493
1 852
1 612
2 201
1 1394
2 810
1 2288
1 1380
1 1467
1 910
1 184
1 1992
1 803
1 1050
1 1755
1 117
1 1789
1 367
2 1207
2 411
1 1455
2 2194
1 74
1 854
1 1657
1 1177
2 522
1 2267
2 2208
1 1288
1 377
1 711
2 940
2 725
2 1424
2 361
2 2121
1 797
1 357
2 430
1 31
1 1110
2 1675
1 478
1 292
2 1014
2 2071
1 506
1 1358
1 1411
2 716
2 1338
1 1169
2 112
2 2218
1 532
1 2045
1 89
1 899
1 144
1 965
1 605
1 914
1 781
2 2035
1 2021
1 934
2 695
1 1052
2 13
2 2195
2 23
1 1178
2 289
2 571
1 547
2 2154
2 1579
2 440
2 1494
1 410
1 1975
2 2007
2 1129
2 1252
1 1080
2 2151
1 993
2 440
1 551
1 1872
1 810
1 1036
1 1970
2 840
2 1070
2 1020
1 15
2 1858
1 359
1 1864
2 1167
1 1153
2 989
2 1584
1 1915
2 2257
1 1727
1 2191
2 1795
1 1308
1 446
1 1011
2 1382
1 347
2 2255
1 2149
2 991
2 644
1 1690
2 1647
1 2169
2 1791
2 687
1 179
1 831
1 1804
1 2225
2 151
2 1599
1 358
1 833
1 610
1 886
1 604
2 945
1 1642
1 1725
1 1168
2 850
1 436
1 1359
2 1788
1 806
2 2056
1 1532
2 168
1 437
1 423
1 1512
2 958
1 883
1 1764
2 1553
2 1453
2 1065
2 1175
1 293
2 1231
1 282
2 126
2 80
2 2128
2 1781
2 1685
2 614
1 124
2 1243
1 586
1 38
2 1275
1 1479
1 42
1 1733
2 1672
2 729
2 2222
1 1590
1 2114
1 2203
1 1006
1 1575
1 276
2 2223
1 1459
1 1331
2 2100
1 2004
2 1309
2 183
1 355
2 970
2 469
1 1775
1 2142
1 1140
1 175
1 1692
2 500
2 268
1 2056
1 1571
2 192
2 1079
2 1148
1 1018
1 2083
1 947
2 215
2 492
2 480
2 2077
2 1346
2 1383
2 494
2 1282
2 1020
2 1358
1 236
1 1615
1 1137
1 1558
2 1515
1 755
2 180
2 1451
2 997
2 1015
2 951
2 720
1 2065
1 1279
1 1829
1 197
2 1263
2 1806
2 1911
2 415
1 2176
2 1870
2 302
1 1291
2 1895
1 822
1 418
1 1001
1 1203
2 681
2 2229
1 1986
1 973
1 566
1 1660
2 550
1 1793
2 143
2 1073
1 1460
2 487
2 334
1 539
1 484
1 563
1 733
1 872
1 1792
1 1933
2 259
2 1721
1 416
1 998
1 1465
1 1270
2 1646
2 133
2 632
1 219
2 545
2 517
1 1687
2 752
2 1962
1 546
1 333
2 498
2 2054
1 1216
1 1206
2 1709
1 1336
2 87
1 1777
2 1023
1 1364
1 1438
1 1986
2 458
2 1757
2 1111
1 122
2 401
2 1423
1 2008
2 1326
2 1673
1 1057
1 1505
2 788
2 928
1 1774
1 1460
2 2218
2 1176
2 1948
2 2082
1 2267
2 1448
2 192
1 241
2 1691
1 93
1 1993
1 434
2 1973
2 1801
1 994
1 635
2 176
2 1493
2 438
2 2152
2 1937
1 1582
1 318
2 768
2 315
1 2182
2 744
2 2208
1 262
1 1594
2 1490
2 395
2 1766
1 1946
1 1581
2 2079
2 987
2 635
1 741
1 1498
2 1009
2 1444
1 818
1 511
1 1482
1 413
2 796
2 1759
2 1630
2 658
2 257
2 2204
1 1226
1 2245
2 1495
1 91
2 2111
2 1931
2 1451
2 69
2 678
2 1075
1 460
2 2174
2 317
1 2157
2 2117
1 1008
2 2125
2 1015
2 2291
2 1248
1 1504
2 757
1 321
2 1547
2 222
2 960
2 1785
1 1036
2 743
1 62
2 767
2 2141
2 495
1 1290
1 719
2 1784
2 343
1 2250
2 1382
1 1519
1 767
1 1969
2 1519
2 1798
1 808
1 1977
1 690
1 700
1 1555
2 1356
1 1736
2 1474
1 509
2 1932
2 929
1 1306
2 784
2 1405
1 1614
1 1159
2 1736
1 1562
1 1379
2 670
1 337
2 870
2 1345
1 996
1 520
2 1219
1 109
2 260
2 2188
1 448
2 1576
2 1654
2 274
2 12
2 622
2 1730
2 256
1 963
1 2072
2 143
2 2116
1 1362
2 333
1 1637
1 1200
1 1665
2 379
2 1629
2 855
2 1523
2 1786
2 505
1 1199
2 1829
2 1697
2 1389
2 1717
1 2230
2 708
2 1722
2 25
2 2237
1 1269
2 186
2 754
1 147
1 2223
2 2214
2 1286
2 1269
1 24
1 1034
2 2022
2 1336
2 609
1 1256
1 345
1 412
2 1564
2 728
2 741
1 1801
1 1429
2 60
2 1081
2 71
2 100
2 1972
2 962
1 310
1 1312
1 118
2 1487
1 2265
2 2264
2 1405
2 1479
1 325
2 1377
1 206
1 1176
1 150
2 753
1 187
2 1246
2 992
1 364
1 1217
1 262
1 718
2 521
1 1388
1 1928
2 1369
1 492
1 646
2 2110
2 1630
1 639
1 188
2 1629
1 1839
2 153
1 608
2 1312
2 2119
1 2266
1 1380
1 981
1 2118
2 873
2 1767
2 233
2 573
1 407
2 633
2 255
1 508
1 821
1 2127
1 959
2 1080
2 1193
1 1665
2 1989
1 773
2 961
1 770
1 1147
2 1070
2 28
2 681
1 468
2 454
2 638
1 934
1 125
2 298
2 2063
1 1607
2 142
2 1105
2 97
2 1915
2 816
1 1761
1 668
1 1079
2 800
2 1684
1 1356
1 760
1 1329
1 238
1 763
1 1661
2 839
1 1668
2 1989
1 1885
2 1430
1 1174
1 2185
1 481
2 254
1 1310
2 1622
2 769
2 1452
1 341
2 2170
1 1131
2 2001
2 1724
2 260
1 2134
2 1164
2 1364
2 200
1 1719
1 210
1 2190
2 432
1 530
2 1051
2 178
1 17
2 472
2 917
2 105
2 1799
2 263
2 588
1 396
1 1542
1 594
1 1085
1 1481
1 419
2 1116
2 1216
2 918
1 1281
1 2003
1 1544
1 1327
1 2030
2 2079
1 1761
1 286
2 382
2 1311
1 227
2 1563
1 2035
1 1130
1 297
2 390
2 1565
2 2097
2 912
1 869
2 371
1 512
2 1464
2 2000
2 531
1 1486
2 1664
2 1695
1 1090
1 1875
1 1449
2 1680
2 1587
2 761
2 226
1 1592
2 422
1 1775
1 2130
2 139
1 1332
2 1281
2 1147
1 2263
1 479
1 417
1 79
1 1532
1 61
2 472
2 375
1 1723
2 1517
2 1340
2 2224
1 1835
1 1694
2 1776
2 581
2 1526
2 1136
1 1474
1 520
1 1683
1 1154
1 261
2 990
2 307
1 1732
1 483
1 465
2 1432
2 244
2 1027
1 585
2 1983
1 531
2 1582
2 1258
1 1844
1 475
1 2042
2 1926
2 396
1 1235
1 1283
2 1411
2 268
1 507
2 1536
1 2258
2 1187
1 1205
2 649
1 1123
1 1688
2 801
2 103
1 1151
2 1825
2 1622
2 1175
2 1651
2 1037
1 1618
2 1549
2 553
2 1827
1 1945
1 1750
2 1796
2 1402
1 1141
1 338
2 784
1 114
2 1868
2 1601
1 1853
1 1640
1 616
1 817
2 1180
2 2215
1 2099
1 821
1 2091
2 1631
1 862
1 968
2 786
2 127
1 1866
2 1363
1 660
1 1330
2 1481
2 1887
2 705
1 909
1 1917
1 1417
1 424
1 131
2 1069
2 1742
1 1955
2 725
1 1275
2 363
1 350
2 658
1 1
1 2112
2 66
2 1812
2 13
1 628
2 420
1 1396
1 1267
2 2179
1 2196
1 1994
2 1897
1 1469
1 2070
2 1385
1 2180
1 2023
1 1534
1 796
2 72
2 1282
1 1540
1 105
1 2294
2 1354
2 1393
2 218
2 1550
2 1571
2 1252
1 1150
2 1457
1 1985
1 1537
1 473
2 2140
1 291
1 2030
2 129
1 686
2 1561
1 783
1 1551
1 1903
2 158
2 806
2 378
2 482
1 1949
2 314
1 967
2 1980
1 1639
2 365
2 638
2 1470
2 799
2 1742
1 280
1 98
1 182
1 427
1 1542
2 1545
1 886
1 147
2 364
1 1661
1 618
1 733
2 393
2 473
2 405
2 2279
1 1803
1 1520
1 320
2 229
2 688
1 1206
1 306
2 1743
2 666
1 1213
1 985
2 1931
2 1867
2 1160
1 2247
1 537
2 1104
2 1951
2 1572
2 854
2 2254
1 266
2 233
1 740
2 1222
1 757
1 841
2 1595
1 1112
1 951
2 2167
2 1428
2 1881
1 1447
2 1434
2 1372
2 953
1 1966
2 1402
2 1846
2 1029
1 2222
2 782
2 44
1 1987
1 1645
2 2149
1 481
1 674
1 791
2 1574
2 2297
2 69
1 135
1 1824
2 2110
1 778
1 878
2 556
1 680
1 1064
1 113
1 921
2 1135
1 2266
1 1832
2 348
1 545
1 1703
2 90
1 1699
2 1299
1 391
1 1316
1 2281
1 2191
2 398
2 1848
2 474
1 2095
1 1847
1 1208
1 600
1 213
1 1400
1 1127
1 1612
2 1763
2 1889
1 1530
2 867
2 80
1 1467
1 527
1 642
2 1397
1 1363
1 1849
1 1067
1 366
2 173
1 1857
2 123
2 1718
1 176
2 39
2 1154
1 2006
1 1578
1 503
2 1651
2 915
2 1253
1 971
2 829
1 1194
2 1298
1 798
1 1884
2 566
1 792
1 1675
2 137
1 1560
1 2093
1 1828
1 702
2 999
1 1058
1 92
1 1230
2 1016
2 871
1 861
1 190
1 1720
1 764
2 1588
1 679
2 1215
2 1303
1 702
2 1653
2 1090
1 339
1 18
2 467
2 121
2 1773
2 575
2 588
1 891
2 1870
1 870
1 214
1 1527
1 1400
2 922
2 2159
1 1277
1 1399
1 300
2 402
1 2071
2 752
2 2201
2 183
2 999
1 1471
1 160
2 570
1 1750
1 940
1 441
2 38
1 542
2 1335
1 374
1 119
2 1608
2 518
2 2212
2 865
1 247
1 2037
1 1729
2 1063
2 1888
1 1120
1 1066
1 795
2 2075
1 2090
2 1457
2 2091
2 975
1 543
1 1461
2 937
1 659
1 653
2 298
1 2054
2 548
1 955
2 827
2 619
2 2059
1 1557
2 1998
2 607
2 9
1 1142
2 155
1 93
2 1272
2 1431
1 1418
1 1934
2 1006
1 1715
1 1387
2 2047
1 1739
2 279
2 4
2 1907
1 35
1 1592
1 454
1 36
1 1577
2 1708
2 2046
2 1423
1 1045
2 1019
2 1774
2 1748
2 514
1 1086
2 809
1 476
2 699
1 1408
2 1306
1 2082
1 441
1 989
2 56
1 957
2 1010
1 107
1 736
1 874
2 2261
2 181
2 1879
2 698
2 914
2 962
2 1964
2 1898
1 998
2 1699
2 1463
1 1039
1 1462
1 19
2 541
2 1011
2 2118
1 1692
2 1099
2 1288
2 1337
2 2249
2 1613
1 1068
1 2199
1 83
2 1671
2 952
1 1005
2 560
1 2246
1 1095
1 1298
2 1192
2 1941
1 785
1 682
2 617
1 16
1 1607
1 2180
1 1997
2 907
2 2229
1 1854
1 1724
2 578
2 583
2 1965
1 745
2 925
1 2128
2 703
1 1605
1 640
1 1076
2 1998
2 149
1 2085
1 1521
2 1790
1 290
1 1365
2 503
1 353
1 1569
1 615
1 2199
2 1652
1 48
1 781
1 966
2 1165
1 1623
2 979
1 15
2 1686
2 1257
2 2160
2 461
2 502
1 1978
2 1009
1 1010
2 2086
2 2269
2 1201
1 504
1 1633
1 1145
2 1139
1 654
1 135
1 878
1 1085
1 89
2 156
1 1391
2 1196
1 2219
2 1462
2 2103
2 2131
1 1146
1 1697
2 1644
2 1226
2 1428
1 1225
1 1556
1 2148
1 564
1 171
2 277
2 1602
1 2107
1 680
2 1342
2 348
2 1489
1 189
1 2139
2 590
1 1184
1 1673
2 2060
1 324
2 2261
1 935
1 1123
1 209
2 1323
2 349
1 321
2 1652
2 1488
2 1706
1 842
2 490
1 1572
1 1169
1 2202
1 1952
1 866
2 1251
2 828
1 1614
1 750
2 1118
1 1960
1 1003
2 1882
1 1585
1 1805
1 223
1 1583
1 813
2 1025
2 355
2 1885
1 1710
2 1040
2 983
2 2141
1 2165
1 188
1 976
1 1189
2 1803
1 2007
2 301
2 907
1 1716
2 1923
1 1344
2 929
2 860
2 2075
1 1051
2 205
2 774
2 506
2 954
1 2166
1 677
1 165
2 577
2 162
2 2236
2 1509
1 21
2 775
2 849
2 1376
1 1558
1 2078
1 869
1 1087
2 335
2 1843
1 1056
1 527
2 803
2 193
1 126
1 827
1 1706
2 843
1 1756
1 471
1 29
1 2129
2 368
2 2126
1 247
1 145
1 425
1 186
2 243
2 462
2 722
2 1178
1 1988
2 1536
1 228
2 1162
1 662
2 1443
2 1173
2 2186
2 1018
2 890
2 1919
2 365
2 434
2 2171
1 226
1 2236
1 1901
2 1759
1 1831
2 1218
1 350
2 406
2 842
2 1830
2 805
2 2298
2 593
1 1624
1 1054
1 411
1 766
1 2293
2 1280
2 522
1 513
1 2142
1 1879
2 529
2 513
2 1118
2 935
1 2158
2 1299
2 1248
2 2058
1 1076
1 1289
1 120
1 404
2 2242
1 1378
1 1971
2 1329
2 911
