4100 6500
2 229
2 1305
2 325
2 1351
2 877
2 1338
2 303
1 2000
2 920
1 1244
1 1606
1 463
1 1774
1 1268
2 123
2 1566
2 1848
2 200
2 123
2 1037
1 2018
1 1932
2 1020
1 1928
2 1930
1 774
2 615
1 894
1 1288
1 1876
2 311
2 1342
2 1988
2 48
2 1706
1 1532
1 710
1 1891
2 490
1 1397
1 846
1 128
1 1205
2 652
1 649
1 1962
1 228
1 1598
1 1112
1 1913
1 1326
2 475
1 1041
2 488
1 609
2 1657
2 1144
2 1199
1 1414
2 111
1 932
2 759
2 427
2 1987
1 2050
2 42
1 505
2 1424
2 755
1 28
2 1145
1 1634
2 687
1 543
1 1411
1 957
2 633
2 1832
2 58
2 1937
2 1576
2 1499
2 210
2 983
2 256
2 1656
1 530
2 353
1 102
2 877
1 1743
1 279
1 1341
1 1132
1 1154
1 1138
2 1869
1 1533
2 1346
2 1545
1 1903
1 1196
2 225
2 1992
1 910
1 634
1 1245
2 1518
1 1467
1 1786
1 1292
1 496
1 134
1 930
2 453
2 1556
2 600
2 568
1 1541
1 25
2 1361
2 1366
2 375
2 1190
1 663
2 1790
1 1646
2 1166
1 1201
1 1462
2 1420
1 1887
2 1996
2 1900
1 76
2 1647
2 262
2 351
2 1164
2 1214
2 689
2 1204
1 312
2 1494
2 405
2 765
1 672
2 2037
1 1116
2 1157
1 719
2 792
1 974
1 1461
2 77
2 1195
1 412
2 1058
2 878
1 1273
1 1127
2 1256
1 1056
1 832
1 617
2 1033
2 657
1 569
1 1777
2 872
1 762
1 1608
2 505
2 1300
1 1793
2 270
1 1902
2 1092
2 1278
2 1670
1 1964
1 376
2 1086
2 1975
2 1010
1 1471
1 1980
1 77
2 745
1 707
2 1941
1 316
1 323
2 81
2 548
1 925
1 1394
2 1855
2 219
1 163
1 356
1 1341
2 252
1 1227
1 1722
1 1863
1 723
2 1950
1 1727
2 320
1 1751
1 732
1 1677
2 1138
1 955
2 413
1 1089
1 1042
1 120
1 190
1 1527
2 1402
2 290
2 370
2 1612
1 1126
2 1310
2 196
2 746
2 1990
1 828
2 1863
2 1176
2 152
1 896
2 431
2 532
1 566
2 164
1 1473
2 248
1 703
1 1883
2 1306
1 1559
1 153
2 131
2 1999
2 379
1 1925
2 1226
1 403
1 620
1 470
1 1480
1 1309
1 796
2 1219
1 103
2 1510
1 96
1 1070
2 90
1 1165
1 552
2 1927
1 135
1 2013
1 1384
2 1762
2 1703
2 644
1 1707
1 1571
1 595
2 521
1 1159
1 195
2 1477
2 904
1 1390
1 830
2 1734
1 1590
2 491
1 1003
1 1638
1 1231
2 1372
1 682
1 263
2 1324
2 683
2 20
2 1881
1 1097
1 850
2 1719
1 179
2 1609
1 1254
2 1843
1 841
2 584
1 1592
1 1263
2 344
1 643
1 1139
1 450
1 198
2 605
1 1227
1 469
2 704
2 211
2 1173
2 551
1 423
1 981
2 1814
2 227
1 226
1 383
2 1186
1 565
1 509
1 478
1 1572
2 105
2 45
2 756
1 924
2 305
2 1756
2 1426
2 1733
1 1892
2 1376
2 135
2 1731
1 382
2 1370
2 447
1 1232
2 1299
2 1413
1 1405
2 944
2 984
1 1469
2 750
2 72
1 182
2 929
1 1759
2 1053
2 2017
2 573
2 111
2 871
1 1755
2 119
1 263
2 1823
2 520
1 1791
2 830
2 1559
2 607
1 789
2 818
1 1027
1 529
1 1818
2 1295
1 281
2 563
1 1201
1 1184
2 883
1 1810
1 1635
1 1878
1 356
1 1130
1 347
1 1374
2 1584
2 710
1 1983
2 301
1 1726
2 686
1 493
1 1813
2 286
1 1858
1 1100
1 1870
1 58
1 388
2 1639
1 1838
1 718
1 1943
1 675
1 67
2 1661
2 913
2 1862
1 1769
1 504
2 481
1 919
1 1051
2 384
2 221
1 293
2 476
1 71
1 1431
2 799
2 191
2 1212
1 1103
2 543
1 101
2 1536
1 201
2 1001
1 569
2 982
2 1651
2 1619
2 1286
1 683
1 1614
1 12
2 126
1 1903
1 393
1 1574
2 80
1 506
1 677
1 635
2 1708
2 714
1 525
1 1687
2 764
1 62
2 1352
1 1753
2 95
1 1794
1 1047
1 1315
2 1262
2 1776
2 223
1 1119
2 1081
2 739
2 702
1 1561
1 389
1 1261
1 63
2 592
2 1764
2 1782
1 17
2 1808
2 1675
1 1653
2 1223
2 528
1 1638
2 125
2 142
2 1586
2 275
1 141
2 1665
1 517
1 1065
1 194
1 599
1 321
1 1645
1 826
2 138
2 778
2 666
2 889
1 839
2 1266
1 1834
1 479
2 141
2 1848
2 542
2 433
2 1750
1 812
1 213
1 2016
2 293
1 805
2 789
2 218
1 1380
2 1826
1 246
2 1416
1 1908
1 423
2 806
2 51
1 891
1 313
1 931
2 1051
2 1909
2 1453
1 965
2 115
1 1403
2 171
2 734
1 11
2 1339
2 1430
1 1611
2 1075
2 466
2 598
1 605
2 981
2 1949
2 709
2 1247
1 953
1 1178
1 1135
2 1677
2 1811
1 2029
2 1521
2 471
1 1767
1 39
2 1864
1 735
1 1339
1 934
1 142
2 331
2 60
2 1432
2 587
2 1026
1 1710
1 938
1 1289
2 498
1 2002
1 1153
1 1985
2 1275
2 1760
1 1223
2 895
2 1202
2 1389
2 1528
1 782
2 705
2 1209
1 1082
1 275
1 990
1 159
2 2010
2 1108
1 1182
2 542
1 915
2 915
2 261
2 116
2 2035
2 391
2 1015
2 933
2 1585
1 881
2 1347
1 1011
1 1874
1 173
2 415
2 790
2 392
1 1221
2 391
2 430
1 1775
2 1980
2 1509
2 1474
1 1290
2 89
2 11
1 829
1 1442
1 493
2 1624
2 1933
2 2025
2 370
1 272
1 1626
1 678
2 22
2 1064
2 1078
2 1182
1 783
1 6
1 1884
2 1210
2 1804
2 1214
2 1519
2 1269
2 579
2 1029
1 1385
1 1101
2 188
1 598
2 781
1 380
1 399
2 991
1 1800
1 108
1 1197
1 929
2 3
1 477
1 336
2 66
1 420
2 1475
2 631
1 580
2 697
2 681
2 310
2 1458
1 1421
1 1557
1 1369
2 599
2 967
1 407
1 1544
1 539
1 916
1 27
2 486
2 1809
2 1628
1 678
1 1364
1 1030
2 1918
1 1343
2 1536
2 758
2 1040
1 1636
1 1419
2 1822
2 1107
2 1565
1 725
1 1097
2 547
2 1343
1 889
2 1649
2 1276
1 767
2 261
1 458
2 838
1 309
1 1886
1 1217
1 833
1 474
1 350
1 653
1 867
2 1414
2 1436
2 1766
2 1502
2 952
2 786
1 1633
1 235
2 909
1 708
2 597
2 1629
2 534
1 1008
1 1622
1 1280
2 1253
1 1723
2 1717
2 448
1 1840
1 1663
2 1873
1 975
2 254
1 998
2 1441
1 541
1 1540
2 1026
2 506
1 926
1 291
1 666
2 731
2 1479
2 176
1 625
1 1765
1 1867
1 296
2 1246
1 763
1 1425
1 835
1 1239
2 1317
1 1728
1 29
2 212
2 1194
2 1279
2 540
1 244
2 436
2 1238
2 819
2 1788
1 1152
1 1658
2 1025
2 574
2 468
2 1224
1 121
2 167
2 1419
2 968
2 288
1 400
2 893
2 230
2 1300
2 2027
1 1859
2 1444
2 1069
1 116
2 1594
2 439
2 1767
1 1096
2 811
1 662
2 1905
2 583
2 1555
1 358
1 1684
1 1504
1 1072
1 1200
2 1975
2 1994
1 843
2 1396
2 1664
2 421
2 765
2 746
1 851
2 1044
2 149
1 954
2 32
1 1110
1 266
1 241
1 184
1 988
2 47
1 1553
1 344
1 1988
2 1248
1 2024
2 1154
1 222
2 1853
1 234
1 597
1 996
1 540
2 1913
1 1383
2 1511
1 603
2 258
2 1510
2 1992
2 1821
2 17
2 1220
2 1705
1 1978
2 117
1 153
2 2028
2 1696
1 638
1 1470
1 333
2 1498
2 1915
2 81
1 966
2 441
1 340
2 873
2 1095
1 1667
1 907
1 1736
1 899
2 1387
1 627
1 872
2 236
1 791
2 202
2 282
1 781
2 199
1 2026
2 798
2 826
2 260
2 1146
1 1807
1 813
2 663
1 1761
1 1606
1 45
1 1993
1 1151
2 1023
1 1200
2 1431
2 1997
2 1155
1 1181
2 55
2 1409
2 878
2 468
2 230
1 1731
1 1953
2 1309
2 1964
2 1417
1 264
2 814
2 801
1 1578
1 368
1 1690
2 54
1 1423
1 1800
2 1218
1 1493
2 46
2 1099
2 959
1 1023
2 1061
1 255
2 1208
1 853
1 795
2 270
2 381
2 876
1 1107
1 345
1 50
2 2039
2 327
2 1930
2 719
1 650
2 53
1 724
2 2042
1 1048
1 1924
1 1620
1 1287
2 1144
1 1511
1 935
2 1372
1 623
2 1904
1 94
1 1792
2 1846
1 512
1 1689
1 1715
2 1512
1 1938
2 640
2 739
2 390
1 92
1 1750
1 287
1 910
2 778
2 450
2 336
2 1385
2 1266
2 1734
2 1875
2 952
1 958
1 39
1 1774
2 1937
2 407
1 716
2 1745
2 1508
2 1896
1 464
2 1073
1 1639
2 503
1 1963
1 362
1 912
2 679
1 831
1 325
2 957
2 2020
2 21
1 1524
2 249
2 590
2 1836
1 652
1 1461
2 1368
2 1971
2 1746
1 428
2 1171
2 30
1 515
2 186
2 1466
1 1630
1 588
2 1593
2 1331
2 541
2 2035
2 940
1 1956
1 554
1 504
2 1689
1 591
2 594
2 1538
2 1140
2 326
1 1356
2 1633
1 357
1 1644
2 1106
1 1453
2 1619
1 430
1 2042
2 622
2 1060
2 1191
1 1388
1 1336
2 225
2 1493
2 326
2 1067
2 998
1 660
2 158
2 1320
2 963
2 555
1 1539
1 840
2 483
2 713
1 1871
2 1503
2 20
1 400
2 1539
1 95
2 1440
2 1098
2 905
2 1618
1 982
1 1330
2 1104
1 1886
1 1396
2 980
1 735
1 1220
1 536
1 284
1 968
1 596
2 1983
1 1575
2 1656
1 339
2 844
1 440
2 226
2 1977
2 1207
1 1281
1 1642
1 409
2 1188
1 904
2 1275
2 1971
1 642
1 1281
2 691
2 1076
1 1666
1 703
2 923
1 1375
1 317
1 74
2 1045
2 1822
2 154
1 1263
1 1562
2 1729
2 1660
2 797
2 592
1 685
1 898
1 221
1 767
2 96
2 1576
2 948
1 882
1 65
2 1986
1 1019
2 1032
2 928
1 24
1 955
1 1377
2 1778
2 825
2 1708
2 1076
2 600
2 528
2 2044
1 511
2 207
1 435
2 128
2 1274
1 1735
2 1036
1 1352
2 1204
1 1445
1 119
2 208
2 1674
1 1727
1 1163
1 1476
1 241
1 1166
2 1221
2 140
2 1560
1 1525
2 100
2 1658
2 558
1 1852
1 1283
1 1252
2 1548
1 467
2 1884
1 694
2 442
2 1631
2 69
1 720
2 879
2 2012
1 1912
1 22
1 36
2 854
2 936
1 922
1 539
1 880
2 1438
1 2019
1 390
2 1318
2 373
2 759
1 1391
2 972
2 319
1 495
2 228
2 619
2 371
2 165
1 181
1 798
1 1470
1 1678
1 1464
2 1046
2 1763
1 300
2 1148
2 1572
1 1530
2 824
1 988
1 144
1 950
2 1127
1 805
2 1025
2 408
2 502
2 1291
2 56
2 1424
1 1077
1 1060
2 183
2 2039
2 1601
1 1299
1 1477
2 1234
2 903
1 1155
2 209
1 134
2 926
2 246
1 1186
1 1718
2 231
2 494
2 1034
2 1128
2 1082
2 713
2 217
1 1723
1 401
1 161
2 429
2 1425
2 1213
2 1520
1 648
2 1211
2 1468
1 1645
2 508
1 406
1 1386
2 819
1 1472
2 588
1 1563
1 1505
1 1433
1 1787
1 1882
2 464
1 1900
2 362
2 446
1 1935
1 836
1 1241
1 996
2 377
2 776
2 742
2 1894
2 559
1 787
1 461
2 44
1 1626
2 398
1 467
1 561
1 874
2 1534
1 673
2 1236
2 1118
2 69
2 1392
2 205
2 127
1 1892
2 1628
2 1607
1 1345
2 985
1 1827
1 1546
1 1940
1 721
1 1137
2 1267
1 512
1 1049
1 754
2 1179
1 959
1 1248
2 67
1 1738
1 68
2 510
1 1010
2 351
1 353
2 109
1 2038
1 169
1 415
1 299
2 712
2 1004
1 808
1 1407
2 1631
2 297
2 1039
1 184
2 236
1 1530
2 726
1 1998
2 1319
2 630
2 434
1 665
2 1573
2 433
1 1577
2 1354
2 891
1 1242
1 766
2 722
2 821
2 413
1 1943
2 287
2 1386
1 1043
2 2
2 947
1 668
1 1429
2 38
2 695
1 1283
1 1188
2 1604
1 1415
2 607
1 725
1 727
1 437
2 688
1 1740
2 132
1 1412
2 1403
2 426
1 1577
2 1668
2 907
1 324
2 1297
2 243
1 1812
1 1862
2 806
1 1531
2 935
2 1009
2 299
1 1251
2 180
1 147
2 1149
2 1674
2 56
2 711
2 1475
1 474
1 1185
1 1465
2 163
2 696
1 1002
1 772
2 1868
1 589
1 1732
2 112
2 644
1 481
1 304
2 1035
1 1235
1 1177
1 1826
2 269
1 5
2 1347
1 901
2 1515
1 1124
1 1908
2 1439
2 1344
2 1680
2 205
2 82
2 961
2 1655
2 1243
2 635
2 316
2 1353
1 1672
1 706
1 1779
1 902
1 277
1 1327
1 1808
1 950
1 267
2 350
2 1627
2 556
1 866
2 1292
2 1289
1 1791
1 1790
2 1591
2 1741
2 622
1 1550
2 1011
2 632
1 1844
2 1873
2 32
1 971
1 1824
2 1801
1 718
2 1961
1 1501
1 941
1 1342
1 459
1 1158
1 1495
2 1989
2 76
2 895
2 412
2 1336
1 629
1 1195
1 949
1 492
2 699
2 374
2 1562
1 51
2 1394
1 1505
2 933
2 1603
1 266
2 1434
2 1192
1 1617
1 1164
2 1088
1 1274
2 1111
2 1575
1 1955
1 1904
1 737
1 43
1 1460
1 698
1 970
2 1580
2 1459
2 2034
2 36
1 1187
1 1940
2 1654
2 628
1 671
2 369
1 1732
1 168
1 165
1 1716
2 1597
1 1333
1 64
1 1561
1 1437
1 2030
2 1380
2 1565
1 360
2 1952
2 1161
1 1145
1 257
1 1322
1 1150
2 162
1 1779
1 124
2 93
1 574
2 1597
2 570
2 1146
2 233
2 1703
2 1989
2 53
2 1934
2 715
1 1869
1 873
2 333
1 1295
1 1053
2 1507
2 381
2 1781
1 50
1 890
2 1924
1 1837
2 827
1 1238
1 331
1 565
1 1106
2 561
1 1006
1 1290
2 1321
2 603
2 742
1 192
2 859
1 59
2 1649
1 177
1 1730
2 1630
2 1009
2 903
1 744
2 1167
2 1085
1 1133
1 1351
2 511
1 1686
2 1363
2 1169
2 851
1 1228
1 1850
1 1428
1 262
1 1881
2 1981
1 948
1 1377
2 570
1 1764
2 146
1 1364
1 314
1 1557
2 1110
2 993
1 341
1 1365
1 232
2 1168
2 440
1 1582
2 641
2 150
1 1407
2 736
2 828
2 585
2 1951
2 690
2 1002
2 265
2 963
2 1083
2 1803
2 782
1 118
2 2048
1 1845
1 1210
1 692
1 535
1 1712
1 526
2 611
2 1579
2 110
1 1847
2 522
1 73
2 1954
1 30
2 788
2 1688
2 940
1 1497
2 1141
1 886
2 1516
2 1602
1 1280
2 1226
1 979
1 756
1 382
1 994
1 1919
2 951
1 1492
1 557
2 649
1 749
2 12
2 451
1 1921
1 434
2 962
1 856
2 1504
1 312
1 515
1 1481
1 908
2 1346
2 1257
1 322
2 736
2 1167
1 446
2 1112
2 149
2 1716
2 185
2 1519
1 1249
1 1662
1 1063
2 1785
1 1103
1 1355
2 259
2 729
1 593
2 1325
2 1668
1 1066
1 268
2 1506
2 1312
2 721
2 921
1 1371
2 1846
1 1230
1 1270
1 1335
1 334
1 1357
2 1802
2 646
2 748
2 1197
1 1739
2 838
1 1641
1 1027
2 1193
2 1535
2 1833
1 1473
2 1193
1 1995
2 1068
1 1669
1 608
1 1785
1 156
2 1815
1 854
2 962
1 888
2 1768
2 701
2 1513
1 1938
1 1485
1 1865
1 525
2 307
2 101
1 1447
2 33
1 1075
1 1202
2 277
1 770
2 1521
1 866
2 508
1 1819
2 2011
2 1646
2 693
1 1976
1 976
1 707
1 253
2 771
1 1994
2 586
2 421
2 1569
2 376
1 397
2 1160
2 1371
1 1531
1 1585
1 1250
1 979
1 1428
1 1231
2 1527
1 480
1 476
2 566
1 1095
2 216
1 845
1 587
1 366
2 1906
2 1945
1 1685
2 1796
1 604
2 427
2 24
1 1713
1 1308
2 1880
2 732
2 865
1 1034
1 1348
2 883
1 1178
2 1277
1 1393
2 273
1 203
2 1551
1 1543
1 769
1 133
1 1792
1 1720
2 568
2 364
1 445
2 815
2 860
1 800
1 885
1 352
2 394
2 1247
1 861
1 1806
2 1255
2 884
2 1133
1 1237
1 1935
2 74
1 864
2 1361
2 108
1 1503
1 4
1 1946
1 1126
2 305
2 1413
2 1841
2 750
2 104
2 1177
1 737
2 203
1 1508
2 186
1 1694
1 2014
1 1588
2 606
2 1743
1 1125
2 630
1 1365
2 1620
2 1711
1 1825
2 1173
2 1697
2 1819
1 1358
2 727
1 1720
2 1360
2 338
2 86
1 43
1 2011
2 452
2 283
2 155
2 880
1 1857
2 1567
2 728
2 820
2 1918
1 821
1 2032
2 1088
2 280
1 639
1 1065
2 1700
2 1648
2 1399
2 118
2 471
1 1558
1 741
1 1456
1 107
2 2002
2 200
1 1564
1 1059
2 16
2 473
1 1699
2 825
1 664
1 91
1 310
2 173
2 1319
2 1392
2 701
2 775
2 1795
1 1643
1 1885
1 66
1 552
1 1570
2 1469
2 1014
1 868
1 1070
1 917
2 477
1 83
2 361
2 1016
2 1211
2 33
1 576
2 2026
1 753
1 384
1 1340
1 329
1 133
1 162
1 346
2 567
1 1803
2 443
1 328
1 814
1 886
2 1041
2 463
2 300
1 1449
2 4
2 1008
1 21
2 239
1 268
1 445
1 1969
2 416
1 1537
2 1663
2 723
1 1260
1 156
2 348
1 2024
1 1851
1 1349
1 1974
2 374
1 212
2 19
1 1381
1 1440
2 639
2 1483
1 1465
1 1580
2 549
1 997
1 572
1 419
2 717
2 1435
1 1395
1 1276
1 2
1 1683
2 768
2 1978
2 1160
1 1077
2 858
2 1061
1 986
1 1584
1 816
1 1524
1 334
1 1387
2 868
2 562
2 1773
1 1538
2 1902
1 168
2 909
1 1880
2 274
2 560
2 655
2 347
2 1215
1 346
1 897
1 1484
1 485
1 52
1 213
1 1438
2 1362
2 1264
2 2045
2 1925
2 1672
2 1420
2 1005
1 1673
1 1713
2 575
2 1817
1 204
2 1312
1 1449
2 734
2 752
1 1136
2 13
1 776
2 1810
1 1939
2 1806
1 1459
2 1063
2 1439
1 548
2 1574
1 1600
2 1271
2 491
1 1332
2 1812
2 698
2 1526
1 577
2 647
2 2000
2 1313
1 1105
2 2041
2 1074
1 662
1 167
1 870
1 303
2 1136
2 447
1 2027
2 1294
1 1398
1 2023
1 349
2 1318
2 106
1 1087
2 943
1 23
1 448
2 1381
2 1482
1 699
1 1446
2 1084
2 40
2 520
2 425
2 1752
1 1024
1 823
1 1852
2 1798
2 1229
2 1650
1 1799
2 49
2 1083
2 1563
1 976
1 1205
2 1116
1 906
2 974
2 1740
2 995
1 1259
1 37
1 379
1 179
2 99
1 318
1 3
2 2009
2 1518
1 1496
2 1586
1 905
2 937
1 1258
1 888
2 1528
2 237
2 1698
2 363
2 1839
1 298
2 882
1 856
2 1311
1 685
2 1899
2 283
1 2005
1 1109
1 1830
1 2047
1 848
2 533
2 242
2 201
2 449
2 57
1 358
1 1012
1 1251
2 646
1 408
2 1134
2 1147
1 1551
1 780
1 503
1 332
1 1915
2 1996
2 1378
1 18
2 19
1 1024
2 1258
2 567
1 1896
2 990
1 900
1 1500
2 279
2 1691
1 995
1 1885
2 1180
1 1523
1 29
1 973
1 1013
1 785
2 840
2 655
1 1233
1 285
1 714
1 100
1 811
1 1875
1 661
2 1905
1 533
2 582
2 844
1 1489
2 1091
1 150
2 1359
2 573
1 1236
1 444
2 420
1 79
2 1569
1 125
1 1610
2 1451
1 596
1 1831
2 1337
1 1005
1 2050
2 1545
2 328
2 1847
1 1209
1 1313
2 867
1 900
2 1877
2 1206
1 1382
2 1150
2 110
1 298
1 26
1 368
1 52
2 114
1 215
2 1055
1 509
1 130
1 1845
1 1068
2 1085
1 460
1 1183
1 1972
2 931
1 1169
1 288
2 1291
2 1603
1 654
1 60
2 410
2 1073
1 1271
1 1829
1 1946
1 1522
2 318
1 182
2 1704
1 1450
2 1888
1 810
1 1101
2 897
2 538
2 148
1 1664
2 375
1 37
1 442
1 15
1 1748
2 1366
2 417
1 292
1 1709
2 1789
2 1494
2 388
1 1285
1 1334
1 686
1 1711
2 544
2 618
2 970
2 1653
2 709
2 611
1 1692
1 1760
1 788
2 936
1 414
1 993
1 296
1 579
1 479
1 1308
2 44
1 1749
2 1172
2 231
2 1613
2 595
2 1813
2 1993
2 689
2 1040
2 747
1 554
1 1148
1 1965
2 1553
1 469
2 359
1 1917
2 462
2 1018
1 1448
2 1721
1 488
2 1335
1 25
2 621
2 367
2 456
2 1797
2 1094
1 63
2 831
1 817
2 1151
1 1555
2 847
1 874
1 431
1 335
2 762
2 1500
2 1736
2 1786
2 1999
2 842
2 1775
2 747
1 1747
1 2003
2 1642
1 218
2 657
1 1960
1 2021
1 1
1 1953
2 1269
1 317
1 18
1 1444
1 1973
1 1683
2 609
2 48
2 1570
1 1265
1 702
1 16
2 1490
1 419
1 1455
1 68
1 1252
2 1949
2 1893
2 754
2 1802
2 863
2 272
2 1741
2 1378
2 1256
2 1315
1 204
1 1686
2 59
2 1742
2 1991
2 1373
1 671
2 862
1 145
2 1907
2 1029
1 35
2 215
1 1079
2 271
2 1395
1 684
2 1062
2 175
2 892
1 1162
2 1139
1 249
1 1297
2 751
2 1594
1 1322
1 870
2 1427
2 1735
1 343
2 519
2 1194
1 143
1 928
1 1057
1 41
2 1897
1 514
2 667
1 672
1 1807
2 64
1 54
1 1838
1 360
2 1426
1 916
2 1382
2 773
1 109
2 1643
1 1108
1 578
1 1525
1 1153
2 422
2 209
1 1581
1 584
2 189
1 1016
1 418
1 438
1 992
2 132
1 1199
1 1000
1 695
2 2049
2 1768
2 1865
2 658
1 365
1 898
1 1789
1 771
1 1018
1 1695
1 1688
2 1332
1 977
1 824
2 659
1 457
1 483
2 837
2 1932
1 1165
1 1232
1 1967
2 489
2 764
2 158
2 1985
1 796
2 2015
1 220
1 1203
1 1834
2 1724
1 590
2 1307
2 1972
2 1614
2 1641
1 292
2 978
2 1707
2 1694
1 676
2 102
1 1678
2 516
1 522
2 2009
1 1128
2 223
1 687
2 1402
2 461
2 1547
2 258
1 235
2 87
2 1306
1 1054
2 1702
1 70
2 187
1 775
1 849
2 1957
2 961
2 216
1 166
2 1115
2 1588
1 633
2 1135
1 1452
2 2040
2 669
2 966
2 458
2 1140
2 692
2 1805
1 908
2 1657
2 1889
2 1615
2 906
2 1121
1 286
1 1627
2 1793
2 641
1 553
2 617
2 1367
1 315
2 546
1 1533
1 1298
1 589
1 470
1 884
2 307
1 1219
2 700
2 1679
2 516
1 1984
1 220
1 1589
2 1754
2 322
2 1897
1 1354
1 1681
1 960
2 207
1 1966
1 745
2 372
1 1929
2 280
2 1307
2 1911
1 1647
2 1685
2 1945
2 145
1 1451
1 1406
1 1624
1 1842
2 675
1 403
2 1255
1 472
2 1816
1 1722
2 47
2 841
1 1560
2 964
2 354
2 1705
2 1224
2 1534
2 136
2 954
2 2046
2 264
1 2006
2 265
1 455
2 1955
2 859
2 1422
1 170
1 1613
2 1080
1 1429
1 1517
2 670
2 523
2 197
2 1284
2 1007
1 1516
1 496
2 999
1 1218
1 2016
2 758
2 1747
2 1923
1 1433
1 1337
2 1644
2 1410
2 99
1 237
1 1001
1 658
2 210
1 860
1 1156
2 1823
2 797
1 366
1 311
2 282
2 31
2 78
1 1288
1 1501
1 1329
2 1507
1 502
2 1719
1 1898
1 1206
1 1078
1 1129
1 2007
1 271
1 1123
1 348
2 902
2 939
1 451
1 1948
2 306
2 726
2 784
2 1237
1 989
2 1948
1 523
1 357
2 1052
2 1142
2 1331
1 422
2 2019
1 1898
2 627
1 558
1 586
2 1270
2 850
2 1605
2 1038
2 2028
1 284
1 575
2 196
2 1676
2 1670
2 510
2 980
2 871
2 2036
2 35
1 219
1 911
1 779
2 211
2 571
1 1050
1 1958
2 1198
2 637
1 437
1 513
1 1398
2 960
1 1701
2 1526
1 1476
2 1535
1 1072
2 1031
1 2010
2 1000
2 1132
2 1934
1 1997
2 1463
1 478
1 1249
1 385
1 744
1 373
2 1864
1 724
2 1632
2 738
1 1225
2 1804
2 890
2 555
2 327
1 1798
1 121
2 396
2 1447
1 1379
1 987
1 1208
2 23
1 1490
1 1987
1 1520
1 2004
1 1350
2 1954
1 1540
1 255
1 650
1 1120
1 1654
2 1022
1 1542
2 1745
1 1
2 72
1 232
2 852
2 1375
2 314
2 1017
1 1733
2 1761
1 1456
1 401
2 126
2 1298
2 1814
1 73
2 1757
2 593
2 1780
1 238
1 455
2 667
2 1099
1 1488
2 9
1 457
2 453
2 807
1 1549
1 85
2 1944
2 538
2 1327
1 892
1 289
1 1583
2 551
2 1047
1 1131
1 694
1 614
1 86
1 1131
2 404
2 202
1 1665
2 1973
1 557
1 1350
2 1487
1 157
1 1941
2 5
1 439
1 139
1 786
1 1702
1 1867
2 1770
2 2001
1 1161
2 387
2 46
1 1596
1 1506
2 243
2 1203
1 1183
2 1345
2 501
1 748
1 1861
2 861
2 2013
1 1659
1 386
2 1406
1 1907
2 2005
1 195
1 120
2 1170
1 945
2 361
1 281
1 429
1 1171
1 1239
1 1821
1 1974
2 1910
2 1772
1 606
2 1680
2 1022
2 1305
1 480
2 1709
1 343
2 61
1 1921
1 545
1 405
1 1122
1 380
1 409
1 1714
1 956
1 1850
2 670
1 157
1 1578
1 1568
1 712
1 673
1 222
2 1837
2 1168
1 642
1 84
2 835
1 802
2 1418
2 180
2 1979
2 1616
1 1623
2 1454
1 1622
2 1648
1 1408
1 800
1 704
1 1618
2 2043
2 1293
1 1757
2 1922
2 1872
2 1359
1 1363
2 629
1 1952
2 816
2 1625
2 849
1 1057
2 227
1 637
1 233
1 984
2 289
1 887
2 1933
2 1697
1 14
1 1856
1 417
1 1405
1 1691
2 122
2 15
1 122
2 717
2 1859
2 1529
2 1098
2 1673
2 250
2 1835
1 706
2 166
2 1951
2 1558
1 780
1 1942
1 580
1 822
1 1549
2 2017
1 137
2 1468
2 2020
2 804
1 842
2 1712
1 845
1 817
2 1267
1 688
1 1835
2 1901
2 278
2 967
2 1590
2 392
2 1968
2 2046
2 372
2 938
2 1262
1 610
1 1749
1 1373
1 791
1 1175
2 975
2 1662
1 942
1 1043
2 563
1 581
1 571
1 378
2 140
2 852
2 1766
2 1421
1 1094
1 1671
1 865
2 544
2 999
1 441
2 2023
1 339
2 251
2 10
1 1311
2 1887
2 1809
2 332
2 1124
1 1942
1 1894
2 1189
1 1213
1 1567
2 648
1 78
1 473
2 1541
2 1081
1 1860
1 610
1 1355
2 276
2 983
2 740
1 618
2 411
2 1515
1 70
2 1185
1 1550
1 1055
2 337
2 530
1 659
2 1901
2 174
1 6
2 636
2 1302
1 244
1 733
2 616
2 319
2 83
2 1950
2 485
1 526
2 690
2 1608
1 1612
2 858
1 700
2 559
1 1448
1 41
2 626
2 1839
1 297
2 414
1 1609
1 1115
1 208
1 342
1 206
1 529
2 680
2 1481
2 1682
2 740
2 823
2 1780
2 656
2 1746
2 925
1 1037
2 1589
2 1637
2 524
1 1788
2 785
1 1102
2 696
1 487
2 918
2 1724
1 1391
1 497
2 254
1 385
1 620
1 1879
2 818
1 1917
1 855
1 1596
1 912
2 112
1 660
2 810
2 716
2 1272
2 172
1 1548
2 1755
2 500
1 490
2 1552
2 985
1 304
1 1872
2 1368
1 1316
2 626
1 1966
2 619
1 728
2 444
1 1928
1 893
2 395
1 1582
1 623
1 301
1 1728
1 321
1 257
2 1833
1 398
2 1404
2 645
1 1610
2 1604
1 827
1 2041
1 1914
1 577
1 1830
1 2007
2 337
1 1556
1 193
2 1844
1 564
2 1820
2 664
2 1502
1 761
1 813
1 465
2 1778
2 42
2 1883
2 105
2 847
1 1737
2 1960
2 550
1 1911
2 1090
1 1840
1 1050
2 34
1 1418
1 921
1 631
2 117
2 1890
1 1781
2 1397
2 499
2 1323
1 521
1 395
2 749
1 697
1 1446
1 2031
2 1756
1 1212
1 1483
1 613
2 482
2 1599
1 1696
2 894
1 531
2 338
1 1411
2 665
1 330
1 738
1 1871
2 1265
1 987
2 815
1 965
2 188
2 1294
2 1074
2 155
1 94
1 1172
2 919
1 1241
1 302
2 621
1 1410
1 1849
1 1349
2 1963
1 387
1 1660
1 766
1 1858
1 432
2 1923
1 1033
1 628
1 1333
1 399
1 946
2 194
1 507
1 8
2 1287
2 1215
2 1412
1 1222
2 363
1 355
1 676
1 1261
1 294
2 1042
2 1991
2 1706
1 1357
2 1362
2 769
1 1968
2 1967
1 1564
1 183
1 783
1 1796
1 295
1 2001
1 160
2 1882
1 752
1 1771
2 1599
1 1080
1 720
1 1854
1 460
2 260
1 1017
2 1772
1 103
2 822
2 524
1 2040
2 1889
2 1827
1 151
1 545
2 846
1 553
2 1301
1 175
1 656
2 812
1 1259
1 9
2 1121
2 1329
2 941
2 1621
2 1542
2 1260
1 383
2 406
2 1104
2 787
1 795
1 1982
1 1939
2 129
1 397
2 1314
1 583
2 1765
2 945
2 87
1 290
1 834
2 426
2 276
2 106
2 443
1 352
2 1995
2 38
2 1196
2 1067
1 684
1 1491
1 324
1 1777
1 885
1 396
2 323
1 190
2 1268
2 1415
1 1445
1 951
1 1651
1 1367
1 2044
2 896
2 1105
2 992
1 1684
2 124
1 1499
2 2008
2 129
1 1737
1 1721
1 57
1 1304
2 1782
1 315
1 1162
1 1914
1 178
2 2033
1 1028
1 772
2 1854
1 986
2 359
1 1895
2 643
1 1044
2 151
2 2047
1 1855
1 1704
1 1113
1 1910
1 839
2 1129
2 192
1 1293
2 518
2 402
2 131
1 1832
2 793
2 1482
1 161
2 920
1 486
1 1714
1 537
1 349
1 1922
2 604
1 501
1 1174
1 1443
1 1692
1 1598
2 1783
2 1909
2 2015
2 777
2 97
1 1857
1 1021
1 1725
1 1225
2 1629
1 1842
1 833
1 170
1 1970
2 1187
1 1474
1 1086
1 495
2 1698
2 274
1 1399
1 1467
1 1159
1 625
2 1383
2 1353
2 1091
1 647
1 546
1 1899
2 1272
2 1245
2 62
1 1282
1 532
2 1573
2 1592
2 329
2 497
2 691
2 653
1 1998
1 1829
2 651
1 176
2 335
1 1181
1 820
2 761
1 1816
2 472
1 127
2 160
1 355
2 1257
1 466
2 602
2 1109
2 2006
2 1661
1 259
2 1742
2 1984
1 1432
1 1797
1 1198
1 763
1 1675
1 887
2 1554
2 1546
2 92
1 1695
1 1817
2 1301
1 585
1 2037
2 178
2 743
2 1831
1 1655
1 768
1 1616
2 1427
1 715
1 1754
2 1693
2 1437
1 377
2 711
2 1965
1 1634
2 1659
2 80
1 1815
1 1325
2 1012
2 517
1 1422
2 1296
1 1303
2 669
1 760
2 1849
2 857
2 1457
1 393
2 342
2 1679
1 1587
1 452
2 1113
1 308
2 1388
1 608
1 946
1 1926
2 829
1 454
2 1079
1 651
2 31
1 424
1 147
1 1947
1 730
1 28
1 1484
1 1021
2 1784
2 705
2 2038
2 730
2 2033
1 1356
2 680
2 1157
2 994
1 1671
2 425
2 139
1 240
2 1036
1 899
1 1738
2 1273
1 1919
2 1605
1 794
1 2030
2 93
1 394
1 89
1 958
1 1056
2 174
1 1762
1 253
1 853
2 507
2 1486
1 1323
1 1650
2 1235
2 1254
1 214
1 876
1 1069
1 1480
1 1669
1 1860
1 199
1 1936
2 1969
2 164
2 808
2 238
1 1479
1 1244
1 997
1 932
2 1488
2 531
1 1512
2 1253
2 1799
1 171
1 1895
1 1581
1 1876
2 837
2 1442
2 1400
1 832
2 1250
2 572
2 411
1 294
1 632
2 250
2 802
2 107
1 1321
1 1753
2 578
2 1316
2 2032
2 1434
2 1430
2 1771
1 389
1 273
2 1514
2 1141
1 2025
1 601
2 591
2 1317
1 1637
2 1045
1 1134
1 1690
1 1492
1 1472
2 1916
1 1497
2 1457
2 1279
2 26
1 1090
2 677
1 1509
1 1523
1 1119
1 729
2 269
2 267
2 492
1 1175
2 247
1 1390
1 1600
2 1296
1 1147
2 807
2 864
1 418
2 1117
1 1611
1 428
2 1957
1 1278
2 927
1 1152
1 930
2 1338
1 863
1 1744
1 435
2 640
2 1408
1 1234
1 1003
1 1471
2 668
2 875
2 581
2 1052
2 1906
1 917
1 1593
1 1156
2 991
2 1120
1 1976
2 972
1 1635
1 1861
2 98
2 1028
1 1916
2 1699
1 85
2 2004
1 875
1 1769
2 90
2 1652
2 1853
2 1981
2 459
2 550
2 1093
2 1794
1 416
1 8
1 879
1 251
1 169
1 969
1 1795
1 1851
1 1636
1 242
1 934
1 115
2 1441
2 2036
2 1401
2 1770
1 1982
1 137
2 1866
2 1401
2 1230
1 1207
1 499
1 152
2 1487
2 1233
1 527
2 799
2 1958
2 1458
1 438
2 681
2 1667
2 1489
1 79
2 1522
1 1310
1 482
2 1496
2 1990
2 113
2 224
1 82
2 536
2 1811
2 1718
1 1625
2 1912
1 1495
1 753
2 1700
1 843
1 1222
2 206
1 1102
1 1962
2 869
2 1681
1 661
2 1087
1 834
2 1491
1 1344
1 1591
2 1587
1 2043
2 1478
2 1071
1 365
2 1498
2 537
1 741
2 1328
1 1615
2 330
2 191
2 14
1 1552
1 1130
1 27
2 927
1 1114
2 953
1 1149
1 1687
1 1818
2 519
2 1514
2 1715
1 1759
1 634
2 75
2 792
2 2022
2 722
1 1302
1 576
1 973
2 1920
1 1117
2 527
2 1961
1 1621
1 1404
2 755
1 1947
1 1369
2 378
1 371
2 2045
1 1054
1 1143
1 1092
2 857
1 386
1 1393
2 615
2 1360
1 1304
1 760
1 369
2 1416
2 1652
2 49
2 949
2 971
1 1286
2 1927
2 340
1 1956
2 939
2 1174
2 1006
2 1240
1 1693
2 790
1 708
2 1137
2 1125
1 1176
1 229
2 1417
1 1030
2 1400
1 1836
1 345
1 564
2 989
2 295
2 154
1 547
2 484
2 535
1 757
2 181
2 313
2 1384
2 1443
2 1379
1 1739
2 602
2 1893
2 1929
1 901
2 969
1 922
2 2018
2 674
2 645
1 942
1 1216
2 1977
2 1334
1 624
2 911
2 2029
2 914
1 245
1 1455
2 320
1 1979
1 1890
1 1466
1 1758
1 1035
1 1623
1 1891
2 278
2 1340
2 977
2 309
2 1784
1 143
2 513
1 1571
2 1828
2 924
2 2014
1 1370
2 341
1 560
1 1878
1 624
1 1820
2 7
2 1303
2 2003
1 582
1 1242
2 97
1 248
2 1879
1 1595
2 913
2 1058
2 1805
1 1568
1 1632
1 432
1 1730
2 1004
1 616
2 148
2 804
1 794
1 1866
1 1843
1 1071
2 836
1 1118
2 1111
2 803
2 354
2 1537
2 1666
1 214
1 1601
1 743
1 71
1 1190
1 410
1 1763
1 1717
2 1436
2 65
1 809
2 1944
2 1464
1 1486
2 1093
2 1158
2 1513
1 189
2 1389
1 1328
1 674
1 801
2 55
2 159
1 61
2 777
1 612
2 654
1 185
2 534
2 484
2 10
1 2048
2 193
1 1801
1 1031
2 1089
2 144
1 1870
1 1285
1 498
1 1640
1 2022
1 285
2 636
2 943
2 1163
1 367
2 1192
2 1920
2 1240
1 454
2 1246
2 869
2 234
2 757
2 1758
2 1284
2 1282
2 1729
1 465
1 2049
2 809
1 549
1 1602
2 2012
1 1787
2 7
2 770
1 1868
1 88
1 1084
2 1180
2 562
2 187
1 256
2 104
2 494
2 1682
1 1096
1 98
1 475
1 556
2 1243
1 1783
1 436
1 881
1 1114
1 1019
1 1020
1 1926
2 1931
2 2021
1 1048
1 217
2 1454
2 1579
2 1409
1 224
2 956
1 34
2 1856
2 1640
2 1676
1 1959
2 1776
1 1532
2 1970
2 855
1 1066
2 964
2 1595
1 2034
2 136
2 1038
2 1825
2 487
2 1358
2 1877
1 1752
1 793
2 2008
1 1841
2 1330
1 1824
2 13
2 40
2 1485
1 803
1 402
1 914
2 306
2 424
1 1320
1 1013
1 1463
2 138
2 1751
1 1277
1 679
1 1123
1 1064
1 1179
2 614
1 146
1 1170
1 1566
1 308
1 84
2 1264
2 1184
1 518
2 130
1 456
1 1046
2 1931
2 779
2 773
2 1478
1 245
2 197
2 733
2 1748
2 1744
1 1143
2 1374
1 751
1 1228
2 239
1 1959
1 1229
1 247
2 1725
2 937
1 1326
1 1324
2 1014
1 1314
1 682
2 2031
1 862
2 1710
2 500
2 1015
2 1607
2 1191
1 489
1 774
2 1032
1 404
2 177
1 1100
2 1062
1 1517
1 1874
2 88
2 731
1 1435
1 613
2 947
1 1529
1 291
2 1543
1 1348
1 594
1 198
1 1376
2 944
1 1828
2 1460
1 1544
2 638
1 462
1 1452
2 1773
2 1583
2 1007
1 252
1 172
2 1888
1 1462
2 1554
2 1059
2 114
1 923
2 75
2 1189
1 918
1 1142
1 1547
2 1423
1 1216
2 1986
2 784
2 1450
1 1039
1 1122
1 1726
1 1701
2 364
2 1217
1 240
1 601
1 693
2 514
2 612
1 91
2 1049
2 1936
2 978
1 113
1 302
1 449
2 1617
2 848
