4600 7500
2 399
2 1333
2 1961
2 1359
1 334
2 1467
1 536
1 352
1 919
2 1529
2 974
1 551
1 308
1 1307
1 2063
2 1471
1 1545
1 1631
1 931
1 1704
1 1364
1 1302
1 35
1 170
2 1024
1 1294
2 630
1 687
2 342
1 1852
1 1668
2 864
2 1269
2 2010
2 1443
2 1995
1 1041
1 1809
1 397
1 1605
2 1797
2 1490
1 1824
2 2149
1 160
1 1544
2 172
1 196
1 1688
2 589
2 2042
2 65
2 591
2 2150
1 527
1 1682
2 1760
2 1994
2 2204
1 1212
2 885
2 1449
2 138
1 451
2 1499
2 1029
1 2264
2 769
2 2269
1 1736
1 1590
1 1385
2 2265
2 456
1 2091
2 477
2 1746
1 1535
2 1790
2 1086
1 976
1 1664
2 558
1 23
2 1092
1 1095
2 981
2 913
2 629
1 1442
1 869
1 1096
2 1796
2 1802
1 853
2 2122
1 118
2 416
1 2239
1 1002
2 356
2 115
1 526
1 112
1 1340
2 897
2 2278
2 829
1 1886
2 245
2 1899
2 299
2 1740
1 1806
1 1369
2 688
1 2234
2 1931
2 1315
2 105
2 2197
2 1244
2 2013
2 1967
1 1941
1 442
1 2051
1 1492
1 1922
2 1435
1 154
1 5
2 1172
2 77
1 294
1 2079
2 1801
2 1283
2 1159
1 1597
2 2223
2 1729
2 961
1 1530
2 49
2 1080
2 24
1 1763
2 1088
2 879
2 1165
2 1842
1 1141
1 758
1 718
1 1147
1 1186
2 2285
1 1693
2 778
2 1121
1 1794
1 6
2 2251
2 1150
1 1975
2 400
1 821
2 808
2 815
1 402
2 2062
1 1104
2 278
2 781
1 616
1 1611
2 274
2 1863
2 1606
2 865
2 851
2 1558
1 143
2 364
1 76
1 886
1 1602
2 913
2 1909
1 1733
1 662
1 1680
1 1210
2 839
2 1483
1 3
1 262
1 759
1 1430
1 2012
1 1046
2 981
2 1378
2 1488
1 1907
2 641
1 1599
2 714
2 1471
1 1749
1 2007
1 948
2 643
2 152
1 2154
1 1563
2 1920
2 1996
1 1860
1 868
1 865
1 1504
1 952
1 2274
2 1222
1 1318
1 1534
2 1134
1 704
2 1165
1 1281
2 2198
2 202
2 1445
2 134
2 1391
2 2223
2 2069
1 436
2 905
2 523
1 1814
2 271
1 1301
1 1920
2 791
1 141
1 2270
2 1006
1 537
1 1227
1 2079
1 1876
2 1105
1 336
1 99
1 714
2 890
1 1422
1 2124
2 1362
1 2270
2 156
1 1698
2 745
2 23
2 881
1 2153
1 1871
2 1671
1 1123
1 38
2 1096
2 163
1 1516
1 194
1 733
1 1198
1 768
2 1468
1 1697
1 2037
1 200
2 1939
1 1844
1 314
1 426
1 2189
1 585
2 1289
2 396
1 1879
1 1453
2 2193
1 1596
2 582
2 2181
1 1247
2 1795
2 2187
1 2256
1 715
2 1945
1 1343
1 417
2 563
2 2146
1 1902
1 1721
2 1061
2 4
2 2271
2 1958
1 303
2 2081
2 2196
1 1767
1 117
2 2139
2 97
2 183
1 496
2 80
1 2150
2 287
2 871
2 840
2 256
1 273
2 878
1 1116
1 631
2 103
1 2114
2 891
2 1571
2 584
1 876
1 1742
2 2017
2 1617
1 1791
1 1997
1 147
2 2016
2 1804
1 1199
2 1259
1 2152
2 150
2 2113
1 248
1 286
1 99
1 1515
1 54
2 1888
1 515
1 911
2 1628
2 589
1 2257
2 1330
2 1302
1 1305
1 1979
2 2061
1 890
1 791
2 1224
2 331
1 1057
1 1883
1 2188
1 1928
1 1773
1 1410
1 1951
1 742
1 80
2 1328
1 448
1 482
2 2200
2 835
1 162
1 1032
2 1721
1 1749
2 2256
1 2025
2 1703
2 1382
2 1491
1 1339
1 1639
2 272
1 2083
2 715
1 1458
2 784
1 2212
1 1792
2 1044
2 2088
2 2241
1 448
2 623
1 545
2 707
2 771
2 75
1 1921
2 443
2 2050
1 1934
2 2125
2 1634
1 979
2 93
2 1370
2 1732
1 425
2 923
2 1184
1 654
2 712
2 678
2 1115
2 1055
2 235
2 2026
1 1815
1 954
2 538
2 539
2 415
1 2175
1 1831
1 1231
1 926
2 351
2 1358
2 694
1 1948
2 489
1 544
2 1807
2 1201
2 730
2 1255
1 1796
2 643
1 883
2 1511
1 437
2 770
1 1105
1 559
2 721
2 398
2 1432
2 1470
2 348
1 1643
1 1220
1 62
1 2032
1 1341
2 933
1 548
2 838
1 287
2 1526
2 1411
2 1022
2 516
1 451
2 1215
1 1555
2 165
1 1486
1 1867
1 760
1 2170
1 456
1 47
2 1469
1 499
1 501
2 1636
1 1554
2 1169
1 506
2 1773
1 108
1 1267
1 607
2 1898
1 1083
1 445
1 338
1 2214
1 343
2 747
2 325
1 229
1 1314
1 1983
1 116
1 1588
1 2108
1 145
1 101
2 1654
2 1774
2 1415
2 1086
1 1999
1 1567
2 1280
1 794
2 335
1 1996
1 769
1 896
1 1299
2 1331
2 751
2 144
2 1941
2 1659
1 1589
2 2155
2 1268
1 169
2 1208
2 799
2 1537
1 1382
2 702
2 60
1 2228
1 91
2 968
2 1365
2 775
1 628
2 41
1 1044
1 388
1 2245
2 697
1 1056
2 512
1 1691
1 267
1 1326
2 1879
1 391
1 270
1 572
2 641
1 638
1 1038
2 444
1 359
1 47
1 166
2 2041
2 642
2 2291
2 1312
1 2082
2 728
2 30
1 2119
2 766
1 2024
1 899
2 1356
1 1593
2 807
1 1488
1 279
2 1262
2 812
1 11
1 2180
2 1518
1 1727
1 2138
1 1530
1 2020
2 808
2 1963
2 1334
1 1287
1 881
2 34
2 1254
2 1527
2 901
1 596
1 939
1 2289
1 689
1 1423
1 479
2 53
2 580
2 64
2 1700
1 1724
1 450
1 1929
2 2169
1 2136
1 327
2 1835
1 1343
2 1889
1 1045
2 1117
1 404
1 199
1 24
1 521
2 1914
1 2005
2 1559
1 9
1 40
2 2195
1 1398
2 410
1 281
2 1968
2 2179
2 354
2 1144
2 480
2 2231
2 934
2 318
2 609
1 378
2 1667
2 1747
2 1771
1 1198
2 1588
2 218
2 1656
2 1162
2 212
2 1763
2 1976
1 1513
2 1004
1 2130
1 2151
1 159
2 1930
2 1870
2 142
2 455
1 1401
2 309
2 164
2 1297
2 1396
1 2287
2 884
2 618
1 538
2 1603
1 155
1 1811
2 2048
2 868
1 77
1 1374
2 675
1 1468
2 1497
2 649
2 107
1 1182
1 1357
2 94
1 754
2 2064
2 351
2 970
2 1209
1 1788
2 360
1 1808
1 2186
1 2015
2 1770
2 1413
2 1575
2 1108
1 554
2 647
2 1073
1 208
2 507
1 1476
2 1965
1 1665
2 357
1 1215
1 1541
2 639
2 1677
1 996
2 700
2 513
2 1514
2 2197
1 1640
2 1066
1 2033
2 745
1 711
2 1705
1 546
2 1504
1 211
2 1286
2 1551
2 942
2 171
2 1171
1 1877
1 140
1 154
1 1734
2 533
1 1794
1 214
1 1765
1 1825
2 1282
1 2006
1 534
1 1000
1 717
2 445
2 1363
1 1303
2 2058
1 880
1 710
2 110
2 1403
2 291
2 2066
2 358
1 95
1 921
1 1813
1 133
2 610
1 1626
1 756
2 431
2 986
2 636
1 1722
1 1701
2 51
1 370
1 89
2 1883
1 1896
1 396
1 1173
1 2045
1 1531
2 21
2 964
1 1817
1 2142
2 2207
2 1642
2 285
1 2083
2 270
1 2269
1 627
1 944
1 1352
2 1170
2 2041
2 531
1 1511
2 2159
1 33
1 1180
2 2278
2 635
1 1556
2 1655
1 870
2 1650
2 1451
2 1310
1 805
2 401
2 1562
2 1204
1 1688
2 555
2 1962
2 1857
2 1627
2 85
1 37
2 747
1 2163
1 1168
1 21
2 1748
2 1402
2 1973
2 570
2 1145
2 1021
1 2038
2 2277
1 1916
2 2122
1 2235
1 58
1 491
2 125
1 1051
1 2067
1 1012
1 618
2 266
2 1368
1 1166
1 1925
2 1751
1 1863
1 1824
1 1927
1 88
1 1223
2 438
1 859
2 2120
2 1137
2 1412
1 259
1 2037
1 178
1 1084
2 1539
1 1891
2 1686
1 2053
1 929
1 2210
2 956
2 1561
1 1033
2 1736
2 1462
1 454
2 1337
2 241
1 7
1 1711
1 106
1 435
2 1878
1 2226
1 482
1 1419
2 337
2 465
2 193
1 1712
1 1970
1 2295
2 1913
1 613
2 1517
1 1854
2 424
1 2293
1 1392
1 326
1 262
1 1961
2 1646
1 1286
2 982
2 1260
2 237
1 918
2 1405
1 704
2 542
2 1866
2 1288
2 260
1 1900
2 1570
1 617
1 1376
1 2001
1 1838
1 253
2 1622
1 2229
2 2061
2 2121
1 1250
1 2259
1 2069
2 405
1 1607
1 2018
2 1122
1 1498
1 739
2 2220
2 1268
2 876
2 400
2 877
1 1517
1 2096
2 1390
2 1399
2 1926
1 1569
1 41
1 663
1 1065
2 634
2 1153
2 908
2 1774
2 1450
1 1436
1 906
2 2178
1 524
2 1566
1 1427
1 211
2 2180
1 2282
2 665
2 820
2 1602
2 261
2 2117
2 2190
2 1771
2 720
1 1290
2 1398
1 28
1 2221
1 122
2 1849
2 1439
1 625
1 2118
2 832
1 273
1 1970
1 1000
2 87
1 278
2 718
2 1801
1 2021
2 1696
2 209
2 2077
1 1845
2 1127
2 1241
1 1238
1 1582
1 644
2 1877
1 590
1 2275
1 1874
1 44
1 701
1 990
2 793
1 633
2 227
1 713
2 869
1 135
1 850
2 1375
1 1937
1 907
1 82
1 1686
2 1195
1 935
1 1354
2 1374
1 304
2 1150
1 1246
2 1985
1 695
1 187
2 870
2 2288
2 527
1 669
1 46
1 307
2 1450
1 289
1 2119
1 1242
1 1659
2 387
2 982
2 1848
1 131
1 1385
1 1397
1 66
2 348
2 764
1 1088
2 845
2 1828
1 264
2 1537
2 653
2 1394
1 2254
1 1070
2 1358
1 1976
2 1112
2 813
1 1803
2 1047
1 1973
2 1497
2 937
2 2102
2 1157
1 2049
2 429
1 834
1 1936
1 421
2 141
2 807
1 1609
1 85
2 484
1 1637
2 387
2 1321
1 943
1 457
1 1367
1 763
2 330
2 521
1 926
1 1964
1 320
1 830
1 1661
1 2233
1 1226
2 1459
2 2127
2 2154
2 1980
1 137
1 895
1 315
2 1058
1 1036
2 1089
1 1922
1 2042
1 2043
1 33
1 1934
1 366
2 2286
1 1746
2 947
2 460
2 1564
2 347
2 2215
2 616
2 1490
1 1025
2 2234
1 1417
2 1008
1 1077
2 76
2 1181
1 580
2 293
2 353
2 2177
2 1855
2 1655
1 1785
2 827
1 359
1 1195
2 666
1 239
2 897
2 1508
1 752
2 968
1 1827
1 708
2 637
2 221
1 1684
1 1278
2 667
1 617
1 797
1 1718
2 226
1 384
1 790
1 1355
2 1347
2 1264
1 834
1 2225
1 1799
2 1690
1 1303
2 1587
2 677
1 1792
1 612
1 338
2 899
1 1218
1 1332
2 979
1 1245
1 788
1 2101
2 2201
2 234
1 1781
1 1745
2 1750
2 1424
1 960
1 240
2 204
1 817
2 1211
2 193
1 426
1 2149
1 257
1 1820
2 1578
2 2105
1 122
1 197
2 1852
1 1202
1 566
1 108
1 1995
2 549
1 188
1 1821
2 153
1 1737
2 820
1 2010
2 1015
1 1484
1 1959
1 1894
2 1065
1 2144
1 1831
1 61
1 429
2 1717
2 1722
2 1330
2 750
1 1987
1 2145
1 1623
2 774
2 1768
1 135
1 1893
2 385
2 624
2 1229
1 402
2 2002
1 2007
2 8
1 1144
1 653
1 810
2 1240
1 121
2 2224
1 1489
2 557
1 1719
1 687
2 1662
1 815
2 2298
1 847
1 1176
2 660
2 545
1 1320
2 1124
1 231
1 2191
2 1251
1 944
1 395
2 1781
1 1083
1 1379
2 1388
1 394
1 376
2 1823
2 1113
1 1482
1 950
1 1197
2 1793
2 1063
2 1716
2 1375
1 406
1 1348
2 709
2 993
1 959
1 2260
2 1034
2 2031
1 1179
2 555
1 1487
2 1643
1 583
1 2297
2 1849
2 2262
1 1108
1 210
2 172
2 1300
2 425
1 1491
2 1847
2 990
1 1836
2 671
1 297
2 233
1 711
2 1535
1 995
2 384
2 1610
1 1252
2 1322
2 2294
1 1575
2 971
2 1249
2 689
2 1778
1 1274
2 556
2 1955
2 133
1 1005
1 676
2 94
1 1353
1 799
1 1411
2 938
1 2230
2 749
1 1016
2 1524
2 1092
1 613
2 463
2 972
1 496
1 2159
1 2017
1 880
1 1390
1 1638
2 1159
1 2184
1 1013
2 215
2 1576
1 159
1 438
2 1619
1 1347
2 928
1 145
2 506
2 1259
2 1064
1 912
1 168
2 2140
2 1079
1 1768
2 645
2 1808
2 394
1 736
1 1991
2 620
1 1752
2 246
2 1110
1 1391
1 1988
1 999
1 53
1 608
2 229
1 1677
1 116
1 1521
1 180
2 1325
1 1149
1 156
1 991
2 1821
2 660
2 2027
1 1089
1 441
2 163
2 765
1 1163
1 1164
1 522
1 806
1 2110
1 1014
2 2046
2 2022
1 1752
2 114
2 1740
1 189
1 1798
2 1469
2 1337
2 748
2 222
2 695
2 2121
1 683
1 599
2 601
1 1206
2 2145
2 1528
2 30
2 1272
2 720
2 1713
2 582
2 450
1 510
1 2020
2 349
1 1601
1 1951
2 1533
1 946
2 200
2 1463
1 346
2 540
1 34
1 1905
1 818
1 165
1 2187
2 2139
2 1710
2 275
2 82
1 503
1 471
2 855
1 2205
2 449
1 2215
2 2107
1 2240
1 1461
2 956
2 626
2 593
1 632
1 1894
1 66
2 1822
2 2029
2 2222
2 1985
2 1264
2 2157
2 716
2 2291
2 2251
2 49
2 1348
2 2279
2 311
2 301
1 2000
2 485
2 849
1 55
2 1267
1 1990
1 1028
2 1125
2 2130
1 2189
1 2143
1 1085
2 323
1 1209
2 195
1 409
2 1413
1 1416
2 69
1 1319
2 2292
1 1426
1 2
2 614
2 1438
1 1697
1 1387
2 648
1 2120
1 787
1 1260
2 1155
2 1929
1 1048
1 1862
1 691
1 1584
1 609
2 1373
2 1755
2 1867
2 1674
2 139
2 2143
1 1916
1 500
1 2205
2 373
2 261
2 509
2 1720
2 1564
2 1287
1 2113
1 1341
2 962
1 951
2 1687
2 866
1 2035
1 2297
2 579
1 1777
1 2237
2 2156
1 288
1 1691
2 2241
2 1561
2 2043
2 1555
2 1683
2 1444
1 1335
1 2023
2 1040
1 423
2 1653
2 2261
2 1592
1 1275
2 1826
1 2198
1 1790
1 2034
1 1501
1 733
2 346
2 1360
1 578
2 692
2 753
2 2009
1 992
1 1118
2 2000
1 900
2 1306
1 1813
2 1690
2 2253
2 837
2 344
2 285
2 10
2 1381
2 1953
1 1191
2 1020
1 622
1 1684
1 1213
2 1141
2 1940
2 2128
1 1630
1 1363
2 790
1 682
1 662
1 223
1 1839
2 698
1 228
2 483
2 62
1 244
2 1789
1 268
1 1965
2 7
2 842
2 2117
1 452
1 380
1 1885
1 171
2 442
1 681
1 1802
2 123
2 1174
1 1606
1 1893
1 920
1 1197
1 198
2 686
2 1111
2 204
2 1630
2 646
1 2252
1 1859
1 2169
1 1911
1 1187
1 237
2 912
1 357
2 1906
1 1950
1 1498
2 2100
2 725
2 1119
1 2167
2 1975
1 574
1 1696
2 1493
2 175
2 848
1 486
2 2250
2 488
1 1263
2 1509
2 92
1 802
2 97
2 1711
2 1436
1 124
1 762
2 821
1 408
2 19
1 1890
2 1183
2 18
1 1329
2 828
2 1503
1 615
1 1361
2 1750
1 1181
2 169
1 737
2 1494
1 51
1 1094
2 602
1 218
1 2165
1 1496
1 1258
2 2030
2 2109
1 1289
1 1557
1 388
2 244
2 100
2 1404
1 1415
2 543
1 1400
1 26
2 716
1 1873
2 916
1 1250
1 1414
2 1624
1 1031
2 2179
2 329
2 922
2 217
1 674
2 2252
1 1635
2 744
1 439
1 1229
1 973
1 1376
2 424
1 283
1 132
1 1175
2 515
1 851
1 2157
1 468
1 948
2 2016
2 2153
1 1393
1 1872
2 2036
2 898
1 411
1 1208
1 2080
1 514
2 195
1 1191
2 203
2 1038
2 2034
2 977
2 14
1 2124
2 621
1 1417
2 1129
2 2018
1 933
2 2111
2 2185
1 634
1 242
2 57
2 1275
1 1399
1 2257
1 1353
2 1446
2 379
1 997
2 50
2 1981
1 37
1 274
1 276
2 1519
2 684
2 1186
2 658
2 2135
2 67
2 1479
2 1869
2 1855
1 46
1 1669
1 477
1 1527
1 1635
2 1907
1 88
1 1993
1 1256
1 1366
2 901
1 2140
2 541
2 997
2 1730
2 1384
1 2181
2 1440
1 1550
1 1100
2 40
2 958
2 487
2 1766
2 371
2 945
1 636
1 2068
1 2133
2 1403
2 604
1 355
2 1138
1 393
1 644
1 1860
2 2222
1 949
2 1307
2 1182
1 1502
2 839
1 243
2 1425
1 888
2 2266
1 934
1 265
1 1585
2 1
1 513
2 686
1 337
2 1156
1 954
1 1884
2 520
2 1386
1 2232
2 495
1 1593
1 1147
1 1170
2 1870
1 706
1 1572
2 1152
2 1124
1 2071
2 1042
2 1895
2 1859
2 123
1 703
2 1234
2 2058
1 374
2 1881
1 398
1 107
2 1991
2 72
2 1621
2 422
1 153
1 1503
2 958
1 1896
1 1978
1 213
2 74
1 735
1 900
2 240
2 335
1 671
2 923
1 1492
1 1853
1 703
2 1405
1 182
2 1833
1 2168
1 1052
1 1478
1 1485
1 986
2 2246
1 379
2 1769
1 621
1 1168
2 738
2 1657
1 1145
1 1048
1 2211
2 1167
1 983
1 233
2 2176
1 2300
2 569
1 827
1 932
1 1052
2 1243
2 1134
2 2005
2 1420
2 675
1 577
2 2242
2 972
2 1406
2 1288
1 608
1 480
1 2057
1 1292
2 1992
2 1149
1 960
2 304
1 295
2 822
1 1857
1 52
2 291
1 372
2 2266
2 1567
1 289
2 1294
1 1239
2 504
1 722
1 575
1 129
2 475
1 1265
2 1811
1 1980
2 1279
2 1132
1 478
1 1983
1 371
2 940
1 824
2 731
1 939
2 583
2 1140
1 674
1 1608
1 2075
2 594
2 1590
1 885
1 3
2 1631
2 978
1 1816
2 1187
2 1123
1 809
1 2095
1 439
2 1395
2 2072
2 903
1 1327
1 756
2 293
2 1592
2 300
2 470
1 874
2 723
1 1445
2 1942
1 16
1 1342
1 164
2 810
2 2174
1 1594
1 701
1 668
2 514
2 712
1 1753
1 1580
1 1587
1 216
1 1549
1 690
1 1523
2 2274
1 1986
1 321
1 386
2 562
2 661
1 1306
2 1291
2 2129
1 2248
2 212
2 1645
2 361
1 1418
2 1205
2 656
1 1702
1 1216
2 1427
1 1634
1 1678
2 1098
1 1418
1 557
1 524
2 893
2 1039
2 2047
2 2213
1 1066
2 1992
2 744
2 1345
2 2077
1 1819
2 605
2 1014
2 2074
1 1710
1 907
2 1641
2 773
2 324
1 419
2 328
1 498
2 45
2 841
1 910
2 2172
2 2085
2 206
2 257
1 2052
1 1228
2 185
1 1658
1 2126
2 264
2 753
1 1628
2 20
2 1544
1 249
2 191
2 360
2 151
1 2217
1 2094
2 263
2 319
1 1477
1 2188
2 915
1 1540
1 2244
2 924
1 2267
2 1847
2 1724
1 2028
1 1886
2 284
1 497
2 666
1 777
1 389
2 943
2 1770
2 785
2 1455
1 1071
1 374
1 811
1 158
1 1324
1 1482
1 1233
1 1759
1 390
1 852
1 2025
2 1142
1 1974
1 332
1 576
1 962
2 1554
1 1864
1 719
1 1114
2 330
2 2255
2 1508
2 2182
2 1761
2 2293
2 1693
1 817
2 1035
2 1081
1 1311
1 1169
2 1933
1 1317
2 1616
1 1377
1 1364
2 235
2 861
1 903
2 1431
1 847
2 2050
1 1835
2 722
2 1548
2 1378
2 768
2 1553
2 1026
1 970
2 2024
1 1204
2 2161
1 2175
2 1538
2 1641
2 946
1 1253
1 991
1 173
2 1891
1 113
2 1962
2 1908
1 925
1 1103
2 2165
2 2254
2 435
2 1160
2 2091
2 872
1 2286
2 775
1 2216
1 2167
1 1964
2 2054
2 192
1 1300
2 1335
1 1350
1 730
2 1094
1 321
2 922
2 316
2 1185
1 1997
2 377
1 1959
2 1645
2 1194
1 1235
1 241
1 1502
2 1271
2 324
1 1226
1 1285
1 1615
1 1594
1 1151
2 1515
2 762
1 1833
1 320
2 856
2 640
1 1037
2 1536
2 683
2 1447
1 1480
1 1739
2 1265
1 470
2 1039
2 2299
1 1850
2 588
1 1543
1 1452
2 2288
2 1703
2 507
2 440
1 1789
1 750
2 713
1 1392
1 466
2 965
2 430
1 1449
1 1282
2 1161
1 198
2 629
2 1786
1 1431
1 16
1 967
1 1151
2 1935
2 65
2 607
1 598
1 1059
2 519
2 1394
2 1328
2 2253
1 2056
1 590
2 1938
2 1830
1 633
1 339
1 1734
1 1284
2 1882
2 511
1 1723
2 132
1 1019
1 192
2 657
2 1842
1 418
2 1532
1 1804
1 1261
2 652
2 92
2 1604
2 501
2 567
2 1799
2 2292
2 911
2 1618
1 2126
2 2147
2 1982
1 1067
2 1582
2 13
1 1815
1 2092
2 106
2 1400
1 1428
1 1930
1 905
1 1687
1 875
1 759
2 1188
1 1910
1 2070
2 1648
2 1129
2 356
1 1936
2 902
1 1206
2 1246
1 1560
1 2022
1 461
1 811
1 2052
2 1057
2 1581
2 1438
2 2116
2 2273
1 1574
2 2093
1 1917
1 1946
2 1865
2 2082
2 6
2 1917
2 1368
2 1291
2 565
1 1512
2 1004
2 363
1 271
1 1672
1 2182
2 2076
1 1122
1 931
1 1457
2 434
1 740
2 459
2 1221
2 2201
1 558
2 1633
1 465
2 1236
1 254
1 2023
2 84
2 1568
1 1130
1 284
1 585
2 867
1 1798
2 1389
2 864
2 845
1 854
1 95
2 828
2 1237
1 1240
2 1780
1 1473
2 1757
1 929
2 1228
2 2238
1 2217
2 978
2 2276
2 1713
1 533
2 705
1 1202
1 1984
2 1133
2 297
2 884
2 134
1 661
2 1058
2 1192
2 1627
1 2199
1 528
1 1918
1 1757
1 963
2 1266
2 1871
1 1766
1 1732
2 813
2 654
1 104
2 403
1 1285
1 1429
1 1158
2 1928
2 2019
1 1416
1 1950
1 60
2 1699
2 1412
1 789
2 586
1 1902
2 1142
2 1925
2 437
2 853
2 182
1 1904
1 857
1 1944
1 572
1 805
1 453
2 859
2 2135
1 175
2 1685
1 723
1 1675
2 995
2 1117
2 2011
2 1689
2 553
1 1440
2 2148
1 1613
1 825
1 567
1 949
1 1434
1 1146
2 504
2 1034
1 366
1 1656
2 550
2 1047
1 696
1 989
2 1943
1 620
1 2019
2 392
1 1747
1 2109
2 1069
2 315
2 861
2 2110
1 806
1 724
1 783
2 1986
1 1193
2 2014
2 78
2 1621
1 529
1 1283
2 758
1 2132
2 111
1 81
1 1550
2 1739
1 1742
1 742
1 1786
2 455
2 2280
1 837
2 669
1 1608
2 301
1 144
2 576
2 698
1 591
2 1731
1 1753
1 699
1 2047
1 1
1 1841
1 1232
1 333
2 1764
1 1037
2 22
2 148
1 130
2 1595
2 2062
2 224
2 1040
2 914
1 189
2 1112
2 1952
2 1557
1 1139
1 1918
2 502
2 1956
1 1459
2 1251
2 494
2 535
1 832
1 568
2 785
1 2265
1 1878
2 457
1 1541
2 2003
1 45
2 1716
1 2099
1 1383
1 2015
1 1670
2 2243
1 746
2 1032
1 1027
1 1510
1 276
1 1559
2 1304
2 1464
1 1006
2 305
2 2152
1 234
1 1245
2 1948
1 1601
2 1676
2 1549
1 1873
2 314
2 1542
1 1479
1 1373
2 1454
2 309
2 685
1 1102
1 1780
2 1043
1 490
2 1388
1 181
1 1728
2 1566
2 372
1 282
1 295
2 1276
2 1109
1 1156
1 1573
2 966
2 505
2 532
2 217
2 2190
1 1333
2 1022
2 736
2 1806
2 985
2 2035
1 816
2 1812
1 809
1 1572
1 677
1 1882
2 1845
2 2085
1 1177
2 852
2 1805
2 843
2 1669
1 743
2 458
1 50
1 1726
1 1420
1 789
2 829
1 1901
2 1200
2 1148
2 738
1 1219
2 2001
1 407
1 2213
1 2272
2 2245
2 1387
1 1372
2 1827
1 1681
1 1756
2 1036
1 1018
2 146
2 423
1 1021
2 1435
2 2039
2 1756
2 1297
1 25
2 2003
2 1489
1 1892
2 1179
2 2258
2 1846
1 910
1 1397
1 1775
2 2097
1 1010
2 1465
1 121
1 118
1 56
2 414
1 1846
2 2131
2 887
2 1850
2 588
2 63
1 71
1 1595
2 2074
1 1586
1 993
2 1526
2 2128
1 2125
2 73
1 1316
1 1662
1 231
1 658
1 534
1 32
2 1649
1 1708
2 1899
2 1834
2 761
1 1270
2 1050
1 1671
2 161
2 1310
2 446
1 1257
2 1675
2 1952
2 631
1 1832
2 597
2 2107
2 2094
2 1321
1 525
2 2106
1 2183
2 27
2 2095
2 1966
1 433
1 2231
1 1586
2 1074
2 1421
2 249
2 2227
1 1861
1 1301
2 277
1 488
1 928
1 803
1 512
1 1433
1 670
1 850
2 317
2 2092
1 336
1 835
1 354
2 17
1 2294
2 1380
2 2285
2 1615
2 431
2 2029
1 1028
2 2009
2 1726
1 1880
1 17
2 1512
1 553
1 1284
2 1958
1 157
2 151
1 998
1 1714
2 1407
2 1548
2 1196
1 766
2 1381
1 1345
2 951
2 2008
1 1969
1 871
2 530
1 190
2 1404
1 2123
1 1219
2 1667
2 728
1 562
2 473
2 2026
2 741
2 1101
2 780
1 1577
2 1344
1 1068
1 2295
1 1911
1 186
2 1277
1 863
1 2059
2 143
2 2206
2 1809
2 974
2 1462
1 559
1 1881
2 1116
2 440
2 651
1 1805
1 1591
2 2108
2 221
1 2242
1 919
2 1817
2 1010
1 1623
1 1719
2 792
1 938
1 1709
2 1252
2 1106
1 655
1 1812
2 773
2 547
1 110
2 2280
2 71
2 1972
2 1367
1 1155
2 1481
2 1154
1 549
1 542
1 1350
2 1518
2 586
1 540
1 651
2 28
1 792
2 2093
2 1271
2 245
2 2207
2 186
1 2173
2 1443
1 300
1 510
1 898
2 2164
1 1188
1 693
2 1556
2 776
2 230
1 691
1 2264
2 1865
2 794
2 14
2 180
2 2235
2 380
2 927
2 308
2 1223
2 575
2 1419
1 318
1 412
1 227
1 103
2 2089
1 495
2 140
2 1355
1 1256
2 1558
2 814
2 1676
1 596
1 1196
1 1969
1 1664
1 1787
1 404
2 1118
1 1764
2 796
1 31
1 947
1 536
2 1927
1 2060
1 1318
2 1702
2 729
2 667
1 239
2 1906
2 798
2 377
2 600
2 836
1 1296
1 1783
1 2261
2 2100
1 413
2 187
2 1545
1 645
1 419
1 1429
1 493
1 2155
2 453
2 2106
2 87
2 614
2 2112
1 2137
2 1428
1 1205
1 42
2 1233
1 349
2 462
2 917
1 875
1 874
1 2296
2 194
2 822
2 2086
1 375
1 550
1 1775
2 29
2 1597
1 584
1 637
2 1681
2 1084
1 1674
2 181
1 1274
1 1632
1 1384
2 1714
1 15
1 1932
2 483
2 1127
1 546
1 1257
2 1477
1 1495
1 2246
2 592
1 1323
1 59
1 63
2 1446
2 595
1 1439
2 2298
1 2247
2 1457
2 1031
1 1011
1 1128
2 505
1 1424
1 1478
1 494
2 696
1 872
2 1705
1 560
2 114
1 32
2 2131
2 977
1 1937
2 292
1 1213
1 1644
1 250
2 298
2 915
2 2186
2 1235
2 376
2 142
1 1679
1 858
1 941
1 1856
1 326
2 2111
2 83
2 1646
2 500
2 1189
1 109
2 1173
2 2146
1 203
2 1915
2 917
1 167
2 1776
2 1352
2 1682
1 341
1 1444
2 1019
2 1772
1 1121
1 1351
2 2144
1 1547
1 1919
1 1371
2 1336
2 508
2 878
1 961
1 2289
1 953
1 581
1 1017
2 238
1 2221
1 1166
1 1360
1 879
2 1090
2 2027
1 319
1 1874
1 681
2 1984
2 1819
2 812
1 945
1 1056
1 280
1 561
2 818
1 1568
2 281
2 1966
1 386
1 2127
1 543
2 1629
1 363
1 1049
2 1841
1 499
2 2002
2 2115
1 1834
2 2211
1 365
1 656
2 525
1 2
1 909
2 1574
1 1120
1 1905
1 569
1 307
2 771
2 2013
1 102
1 2268
2 96
2 1308
1 735
2 826
1 517
2 98
2 2067
1 369
1 594
1 1903
1 849
1 2073
1 552
1 930
1 518
2 1758
2 90
2 48
1 692
1 1581
1 1115
2 2281
2 985
1 152
1 814
2 296
1 1393
1 2258
1 120
2 1935
2 1177
2 998
1 197
2 508
1 1357
2 219
2 1704
1 800
1 2123
2 1238
2 796
2 1023
2 639
2 955
2 179
1 401
2 472
2 1717
1 737
2 1616
2 957
1 537
2 104
2 93
2 694
2 1683
2 1689
1 1486
2 29
1 1407
2 1158
2 889
2 1309
1 655
2 1862
2 157
2 1531
1 1663
2 2065
1 2028
1 1081
2 530
2 406
2 168
2 382
1 464
1 717
2 1222
2 1132
1 707
2 2088
2 39
1 1782
2 1483
2 492
2 1876
1 1949
2 659
2 564
1 1679
1 1904
2 838
1 867
2 1324
2 1998
2 1864
1 1080
2 1185
1 1322
1 1565
1 1843
1 1797
2 2259
2 443
1 2136
1 866
1 531
2 663
2 1263
1 1609
2 158
2 1312
2 1496
1 1460
2 2147
2 520
1 2203
1 378
2 1135
2 1076
2 185
1 1035
1 173
2 1254
2 887
2 2300
1 1249
1 992
2 1225
1 1178
1 2249
2 1880
2 690
1 1192
1 1660
2 1692
1 2032
2 1210
2 1319
2 52
1 124
2 205
2 1406
1 1720
1 605
1 2250
2 892
1 1735
2 1760
1 1533
1 503
2 632
2 1230
2 444
1 622
2 344
2 1243
1 1474
1 2212
1 1473
1 2183
2 2200
1 1414
2 481
1 90
1 952
1 101
2 860
2 1924
2 390
1 626
1 1276
2 220
1 894
2 434
2 1099
1 2160
2 2112
2 288
2 1126
2 804
2 857
1 659
2 1858
2 252
1 1772
2 1727
1 685
2 1485
2 873
1 1456
2 2021
1 1295
1 1651
2 2066
1 649
1 259
2 1062
2 73
2 129
1 1097
1 980
1 1336
2 25
1 1160
2 1869
1 556
2 1001
2 1452
2 220
1 1325
1 1968
1 381
1 325
1 1625
2 79
2 2283
1 1244
2 1573
2 1977
1 1777
1 1694
1 313
2 1657
1 1354
2 1432
1 1200
1 331
1 254
2 1779
2 1839
1 1002
2 664
1 772
2 1008
2 1199
2 355
2 1990
2 2263
2 782
1 940
1 79
1 1242
1 471
1 166
2 1049
2 489
2 1063
1 96
1 1788
1 840
2 721
1 1437
1 2166
1 18
1 1131
1 627
2 9
2 467
2 178
1 2172
1 1596
2 1761
1 1668
1 1369
2 1945
2 2053
1 2216
2 447
1 2290
1 214
1 1323
2 1077
2 2134
1 819
1 1776
2 1956
1 802
1 1546
2 2268
2 1272
2 719
1 83
2 1148
1 904
1 2078
1 727
2 1678
2 296
1 668
2 463
1 957
1 932
2 441
2 2206
1 1856
1 2102
1 1174
1 1305
2 1359
1 1313
2 350
2 1162
2 266
2 1266
1 2008
2 1529
1 1342
1 1442
1 59
2 35
1 1230
1 1085
2 976
1 920
2 184
2 816
2 1423
2 299
2 1421
1 316
1 1944
1 54
1 1933
1 1487
1 1217
1 980
2 819
2 1258
1 882
1 1255
2 238
2 1099
1 1754
1 1481
2 528
1 2194
1 310
1 1500
2 414
1 115
1 1064
2 937
1 1923
1 75
2 1061
1 1104
2 1433
2 2178
2 177
2 1157
2 833
1 2166
2 119
2 1430
1 1707
2 352
2 1614
2 552
1 1273
2 918
1 746
2 139
2 57
1 2218
1 2226
1 665
2 1135
1 571
1 1963
1 112
2 2141
2 679
1 1522
1 2046
1 251
1 1098
2 1453
2 1665
1 409
1 780
1 382
1 2148
2 1441
1 2219
2 418
2 2036
2 1216
2 1203
1 1346
2 1810
1 1212
2 458
2 306
2 592
1 603
2 535
1 1167
1 1190
2 1371
1 1700
1 2290
1 1106
2 36
2 611
2 1943
1 4
1 2299
1 1175
2 1778
2 1003
2 1409
1 383
2 1189
1 292
2 1898
1 732
2 1458
2 1455
2 2237
1 286
2 1007
2 599
2 679
1 1131
2 670
1 305
2 1649
2 755
1 767
1 935
1 1706
1 680
1 1078
1 725
1 223
2 522
2 600
1 1598
1 1889
1 1136
2 1576
2 1217
1 1472
1 1239
1 1800
1 120
1 1820
1 544
1 427
1 2115
2 174
1 2075
2 1762
2 2114
1 312
1 1743
2 447
2 131
2 2138
1 490
2 1712
2 436
2 1784
2 1505
2 2220
1 368
2 511
1 2044
2 1045
1 1861
2 1125
2 283
1 1012
2 2151
2 464
1 342
2 136
2 1091
2 1885
1 1500
1 2168
2 2263
2 2045
2 191
2 2011
1 1912
1 1062
2 415
1 624
2 1171
1 432
2 1624
2 1050
1 258
1 1493
2 39
1 1638
2 892
1 640
1 1826
1 498
1 225
2 1225
1 1640
1 547
1 1448
2 1163
2 925
1 2089
1 98
2 581
1 1785
1 1921
1 2271
2 904
2 1534
1 358
2 2171
2 1344
1 1270
2 1708
2 256
1 1998
2 1154
2 428
2 427
2 1758
1 311
1 1953
1 469
1 2076
1 365
1 1351
2 70
2 1647
1 1738
2 752
1 888
1 797
2 247
2 1009
2 844
1 1924
1 699
1 43
2 1016
1 2098
2 68
2 421
1 1725
1 988
2 1733
2 70
2 2202
2 1908
1 454
1 1618
1 1042
2 2233
2 1539
1 2196
1 242
2 1748
1 1293
1 1521
1 921
2 1661
2 353
1 942
2 1184
2 1273
1 1356
1 1386
1 183
1 1553
2 684
2 519
1 1143
2 551
2 1340
2 277
2 467
2 1633
1 367
1 1999
1 1467
2 1584
2 782
1 1107
1 1422
2 2078
2 2174
2 1001
2 313
2 786
1 2103
2 855
2 1989
1 2048
1 452
2 561
2 1201
1 595
1 597
2 988
2 1426
1 179
2 739
2 642
1 936
2 1571
2 1372
1 1068
2 412
2 1020
2 1829
1 269
2 275
2 1803
1 5
2 2031
1 391
2 1644
1 526
2 1055
1 1715
1 1076
1 1909
1 1523
2 2176
2 84
1 1180
2 1507
1 1111
1 1897
1 282
2 1190
2 1895
2 246
2 1843
2 2103
1 1043
2 1666
2 1067
1 479
1 2073
1 1837
2 801
2 1562
2 619
2 1472
2 1519
2 2137
1 1949
2 1680
2 1723
1 1107
2 1954
1 362
2 61
2 2209
2 1698
2 587
1 405
1 128
1 188
2 909
2 1580
2 1989
2 2227
1 1663
2 196
1 638
1 1629
1 587
1 650
1 1069
2 1214
1 408
1 831
2 232
2 1383
2 1437
1 2209
2 1072
2 1366
1 1670
2 598
2 375
2 729
2 1844
1 1009
1 339
1 1955
1 673
2 969
1 2134
1 10
1 1978
1 2275
1 1075
1 893
1 345
2 1840
1 1651
2 2012
2 688
1 2173
1 109
2 1872
1 1522
2 1540
2 1579
1 1536
2 973
1 1901
1 128
1 1957
2 310
2 461
1 1253
2 269
2 474
2 119
2 1326
1 708
1 1494
2 570
1 2276
1 889
1 472
2 1236
2 532
1 1203
1 1178
2 1172
2 2055
2 743
1 11
1 1699
1 2105
2 2230
1 966
1 873
1 1694
2 757
2 1073
1 604
1 2060
2 265
2 373
1 199
2 236
1 648
1 1577
2 81
1 1866
2 290
1 554
1 826
1 788
1 963
1 702
1 1967
2 1314
1 2065
2 255
1 2049
1 2267
1 1176
2 250
1 226
2 2090
2 727
2 216
2 243
1 916
1 1695
1 383
2 936
1 268
2 844
2 1793
1 1269
2 1377
1 12
1 825
2 2248
1 573
2 2192
1 55
1 2039
1 2208
1 1600
2 1103
1 361
2 1767
2 757
1 1552
1 1673
2 1613
1 924
2 1728
2 606
2 1848
1 1589
1 1320
1 1610
1 327
1 236
1 2104
2 657
1 560
1 364
2 323
1 999
1 1532
1 680
2 411
2 2156
2 967
2 1221
2 619
2 1828
2 2208
1 161
1 2240
1 969
1 548
2 1709
1 652
2 1648
2 1735
1 1729
1 950
1 1525
2 1280
1 1278
2 1754
1 201
1 2260
2 2057
2 2004
2 113
2 334
2 539
2 760
1 1476
1 1744
2 984
1 476
2 136
1 1599
2 1598
2 1110
1 1499
1 1315
1 138
1 126
2 804
1 13
2 2158
2 2129
2 516
2 1931
2 741
1 1082
1 2210
1 160
1 959
1 1897
2 612
1 2162
1 1791
2 994
2 2099
1 1434
2 765
2 1231
1 611
2 1183
2 27
1 1900
2 1612
1 615
1 1506
2 1071
1 2101
1 341
1 1903
1 258
2 1475
1 1079
2 137
2 1647
2 914
2 56
1 726
1 42
2 1401
2 1660
1 1759
1 2054
1 1308
2 1087
2 1923
1 2202
2 1361
1 1632
2 219
1 2236
1 2064
1 2192
2 1743
2 1153
2 1960
2 2141
1 1652
2 1715
2 2296
1 1583
1 215
2 630
1 1093
2 971
2 1795
2 302
2 848
2 1666
2 255
2 2195
2 1779
2 1053
2 174
1 333
2 2158
1 1868
1 1164
2 1279
1 650
1 2161
1 2132
2 673
1 1316
1 303
2 2068
2 1514
1 862
1 1591
2 1339
1 983
2 734
2 1784
1 1054
2 58
1 1538
1 1654
1 369
1 1636
2 1281
2 2071
2 1825
2 1007
2 767
1 975
1 1875
1 1425
1 74
1 953
1 1506
2 432
2 322
1 1095
1 1395
1 2084
1 1910
1 1528
2 1800
2 1818
2 1745
1 781
2 1982
1 1465
1 693
2 574
2 1451
2 2087
1 623
2 213
1 1349
1 1023
1 628
1 1146
2 1658
2 413
1 1396
1 1091
1 930
2 2273
2 43
2 860
2 280
2 831
1 541
1 1977
2 26
2 625
2 833
2 2164
1 1090
1 1642
1 1087
2 1101
1 1520
1 1379
2 566
1 724
2 1979
1 568
2 800
1 842
2 2098
1 1460
2 843
1 2096
1 1408
2 2090
1 306
1 672
1 798
1 1560
1 2284
2 399
2 1765
2 882
2 1915
2 1938
1 678
2 1762
1 202
1 1143
2 148
2 896
2 485
2 646
1 170
1 1346
2 1015
2 1707
1 367
2 1464
1 2281
2 294
1 1370
2 1214
2 36
2 1033
2 392
1 395
1 272
2 776
1 497
1 1017
1 2194
1 1509
1 606
2 126
2 1755
1 1466
1 2133
1 1025
2 1947
2 672
2 1193
1 48
2 2191
1 2244
2 176
1 2239
2 2232
1 317
1 248
2 987
1 15
1 1053
1 2097
2 593
1 1939
1 1570
1 2170
1 1942
2 1409
1 420
2 1620
1 1241
1 2160
2 1224
2 2006
2 428
2 2283
1 1456
1 955
1 1402
2 1650
2 1617
1 420
2 2185
2 700
2 1293
1 127
2 965
1 1637
2 1583
2 449
1 783
2 1054
1 564
1 578
1 2087
1 1102
2 2072
2 908
1 2063
1 1738
2 2229
2 1829
1 726
2 863
2 902
1 1614
2 162
1 298
2 20
2 117
1 862
1 754
2 2279
1 1565
2 1940
1 2177
2 1706
1 2218
1 1247
2 2272
1 1237
1 1840
2 393
1 1126
2 1685
2 1298
1 823
1 446
2 1329
2 1695
2 2080
1 1858
1 1137
1 322
2 2081
2 2225
2 571
1 1290
1 1782
1 1816
2 228
2 964
1 1311
2 1075
2 1261
1 1851
2 774
1 105
1 251
2 1334
1 155
1 1207
1 1119
1 1051
2 676
1 1626
2 19
1 312
2 801
1 1317
1 1926
2 486
2 795
2 149
2 1338
1 1074
2 487
2 210
1 732
1 1914
1 1787
1 502
1 941
2 1313
2 1362
1 407
1 1981
1 2116
2 1309
1 1139
2 2277
1 1078
1 846
1 2118
1 1513
2 883
2 1470
1 635
2 2163
2 100
2 836
1 565
2 603
2 22
1 1838
2 709
1 1018
1 772
1 1551
1 1389
2 682
1 824
1 740
2 1947
1 856
1 1604
1 1585
2 1408
2 422
2 994
2 509
1 1030
1 761
1 1507
1 1299
1 78
1 579
2 2030
1 1611
1 207
1 1136
1 209
1 1011
2 2040
2 2038
2 1475
1 927
1 1461
1 891
1 647
1 2084
2 1327
2 2055
2 2070
2 252
1 417
1 1292
2 1130
1 149
1 984
2 1552
2 1304
1 1510
2 1516
1 2284
2 1211
2 1410
1 1769
1 1026
2 2247
1 177
2 2236
1 2255
2 1505
1 1152
2 518
1 710
2 474
2 481
1 2203
2 2199
2 44
2 1783
2 2193
2 779
1 786
1 12
2 1830
2 1818
1 1546
1 1109
2 2142
2 329
2 846
2 610
1 1248
1 1625
2 697
1 1463
1 1884
1 1912
1 1248
1 86
2 263
2 793
2 1639
1 2086
2 975
1 1603
2 1892
2 734
1 2059
1 332
2 1993
1 1600
1 68
1 260
2 1725
1 2228
2 1822
1 1484
1 1120
2 1741
1 1194
2 64
1 1365
1 385
1 1093
1 1836
2 1262
1 1072
2 803
1 2104
2 8
2 1542
2 601
2 2204
2 225
2 247
1 1744
1 167
1 475
1 125
1 1059
1 858
1 770
2 476
1 1569
2 1547
1 1692
1 347
1 1932
1 573
1 602
1 290
2 403
2 2040
2 1097
2 72
1 1737
1 563
2 1652
2 830
2 1718
1 302
2 430
1 2004
1 529
1 345
1 1954
1 184
2 350
1 778
1 389
1 2249
1 877
1 2287
2 1971
1 1448
1 989
2 1296
2 1447
1 1807
2 381
1 1380
2 205
1 787
1 2214
2 433
1 1046
1 1888
1 1579
2 2051
2 749
1 1605
2 1701
1 2033
1 1024
2 1474
2 1853
2 230
1 2219
1 1563
2 410
2 784
1 1837
1 1730
1 1003
2 1495
2 1988
1 1673
1 459
2 1919
2 523
2 2243
2 328
2 664
2 1466
2 232
2 886
2 1974
1 267
2 1332
2 1138
1 751
1 207
2 1060
2 150
1 1832
2 1890
2 1441
2 1868
2 1277
2 146
1 1607
1 469
1 2044
2 906
1 2184
1 894
2 1140
1 577
2 130
1 468
2 1349
1 1220
1 1041
1 222
1 1338
1 370
2 2282
2 1218
1 484
2 1875
1 1887
2 102
2 895
1 841
2 362
1 1994
2 1295
2 208
1 1622
1 764
2 279
1 777
2 1227
2 1810
1 1029
2 473
1 1946
2 460
2 416
2 517
2 2262
1 854
1 1234
1 67
1 1987
2 1814
2 478
1 1620
2 1823
1 1027
2 1612
2 1454
2 1957
2 1114
2 31
2 38
2 1960
2 1524
2 1298
1 1851
2 206
2 397
2 343
2 1207
1 1133
2 706
1 996
2 1525
2 1128
1 1070
1 127
2 147
1 748
1 176
2 1501
1 91
2 1005
2 1100
2 89
1 779
2 201
1 491
2 1161
1 1913
2 340
1 705
2 190
1 2238
1 253
2 1653
2 1113
2 493
1 2014
1 1741
2 1972
1 763
1 2224
2 462
2 86
2 1030
2 1619
1 69
2 1751
2 1887
1 340
1 1854
2 1082
1 2171
1 111
2 1543
2 1731
2 1480
1 1060
2 1578
2 755
2 1331
2 987
1 224
1 1672
2 1013
1 823
1 466
2 1232
2 2162
1 2056
2 492
2 795
2 731
1 1520
2 368
2 1971
