4600 4000
1 415
1 740
1 725
1 560
1 723
1 2140
1 1586
2 1074
1 1426
2 1393
1 318
1 2225
2 1541
2 790
1 1192
1 1390
2 837
2 515
2 1906
1 918
2 668
1 1562
1 1741
1 739
1 175
1 212
2 719
1 1005
2 1271
1 1177
1 495
2 228
1 609
2 1873
2 885
2 2077
2 540
1 930
1 2123
1 1786
1 2139
1 1970
2 693
2 842
1 644
2 1333
2 2074
2 1482
1 2262
2 2166
1 1793
1 402
1 339
2 2271
1 1731
2 2236
2 304
1 1990
2 318
2 370
1 1932
2 736
1 960
2 1028
2 1135
1 1403
1 368
1 2198
1 2184
1 1317
1 956
1 1043
1 157
2 1670
1 1840
1 576
2 1393
1 1427
1 134
1 629
2 2234
2 1252
1 676
1 2082
1 196
2 1719
1 284
2 580
1 1457
2 2121
1 1226
1 606
2 2120
1 1796
2 203
1 1297
2 557
2 1851
1 1068
2 1748
2 701
2 1937
2 1240
1 38
2 2241
1 1757
1 868
2 511
1 2110
1 924
1 825
1 1453
2 1038
2 733
1 1880
1 677
2 2173
2 321
2 1471
1 595
2 1270
2 2075
1 1765
1 1254
1 1026
1 815
1 392
2 1385
1 549
2 660
2 460
1 1750
2 2297
1 1396
2 1596
1 894
1 1706
1 455
2 892
2 1477
2 240
1 2259
2 1420
1 2077
1 1671
2 561
2 2261
2 1293
1 1536
2 446
1 1654
2 834
2 862
1 1019
2 954
1 2133
2 182
2 2101
1 181
2 2204
2 14
1 1361
2 2299
2 151
1 2098
1 1581
2 827
1 1700
2 1698
2 2041
2 1288
2 22
2 585
2 1929
1 327
2 1933
2 428
2 1388
1 708
2 1572
2 578
2 1773
2 828
1 720
2 167
2 1261
2 8
1 1417
1 2182
2 305
1 1582
2 1328
1 1285
1 868
1 1688
2 2230
1 1995
2 903
1 1485
2 2062
2 1745
2 159
1 931
1 1872
2 558
2 765
2 225
2 1639
1 1647
2 872
1 1567
1 533
2 1630
2 1824
1 1891
2 685
1 724
2 1724
2 407
1 1790
2 1684
1 582
2 1667
1 1218
1 434
2 1128
2 76
1 651
1 1056
1 1369
1 2125
2 460
1 684
1 2193
2 2196
1 1863
1 730
2 246
2 104
1 1003
1 437
1 263
1 188
1 1951
1 106
1 313
2 522
1 1182
1 1060
2 549
2 855
2 1340
2 1010
1 1897
2 486
2 1526
2 53
2 707
1 1899
1 732
1 1594
1 206
2 2012
1 1646
1 2286
1 435
2 813
1 1237
2 2190
1 1712
1 1007
1 392
2 500
2 1192
2 1872
1 330
1 2071
1 1999
1 1009
2 172
1 1976
1 1637
1 1145
1 1915
2 1129
2 1643
1 1023
1 362
1 1438
2 1450
2 368
1 357
1 26
1 877
2 567
1 1966
2 983
1 2059
1 327
1 1854
2 1329
2 762
2 1940
2 1084
1 1926
2 2022
1 2284
1 1640
1 2115
1 1381
2 125
1 999
2 1758
1 1539
1 1933
2 1109
1 1733
1 2183
1 1529
1 1918
1 1028
2 9
2 1047
2 153
2 1653
2 693
1 659
1 1287
2 892
2 957
2 2139
2 1386
2 1275
1 1047
2 1513
1 2103
1 1701
1 1126
1 853
2 230
2 1397
2 789
2 1080
2 169
1 1980
1 900
1 1985
1 525
1 440
1 427
1 491
1 1813
2 562
2 1722
1 436
1 2124
1 1250
2 1218
1 829
2 1011
1 122
2 1391
1 558
1 141
2 508
1 1810
1 512
1 1022
1 926
2 1973
1 2233
1 31
1 1889
1 1550
2 288
2 238
1 2108
1 1083
1 1008
2 492
1 1910
2 621
2 1668
1 1174
2 1232
2 1922
2 2044
1 787
2 2032
2 598
1 98
1 932
2 1609
2 1524
1 501
2 1556
1 582
2 871
1 1277
2 970
1 1912
1 1325
2 514
2 1376
2 670
1 1205
2 1773
1 372
2 2276
2 2281
2 1027
2 1926
2 1010
1 1551
1 1778
1 1445
2 929
2 843
1 1587
1 2273
1 1946
1 1744
1 1048
1 470
1 1379
1 2268
1 518
2 1593
2 218
2 1941
1 72
1 1994
1 2236
2 1857
2 2179
1 468
1 552
1 1727
1 600
1 227
2 160
2 261
2 1703
1 163
2 1770
1 1064
2 2281
1 1894
1 1913
1 1634
2 1492
1 1342
1 2233
2 1502
2 471
1 1292
1 1144
2 1614
1 745
1 619
2 1395
2 882
2 1173
2 247
1 1459
2 2248
2 1090
1 1196
2 1153
1 1033
2 1590
2 1958
2 437
2 1450
2 1570
1 610
2 1921
2 961
2 815
2 1223
2 721
2 198
2 1538
1 1462
1 159
2 2017
1 1194
1 23
2 1094
1 732
1 1469
2 91
2 1828
1 1705
1 2053
1 1247
1 499
1 681
2 1436
1 645
2 1613
1 526
2 1344
2 1402
2 1883
1 763
1 1962
2 1036
1 1610
1 1735
1 1952
2 790
1 1363
1 135
2 2263
1 2188
1 81
1 1077
2 1560
1 1398
2 123
1 1017
1 991
2 596
2 2219
1 1216
2 506
1 1238
2 2171
1 885
2 1372
2 1171
2 286
1 1214
1 1794
1 906
1 1145
1 1065
1 1749
2 16
2 809
2 1368
2 1545
1 854
1 947
1 1233
1 729
2 541
1 445
1 34
2 967
1 1281
1 2090
1 1774
1 1389
2 565
2 126
2 483
1 67
1 683
2 1964
2 1696
1 528
1 2112
1 427
1 2056
1 1569
1 82
1 884
2 1387
1 1682
2 1807
1 1825
1 295
1 275
2 2041
1 388
2 556
1 1092
2 1336
2 1583
2 2100
1 1119
1 2210
2 1049
1 1918
1 2225
1 2175
2 281
2 83
2 254
2 1813
2 1902
2 2218
1 1691
1 700
2 1220
1 728
1 2246
1 1823
1 1136
1 952
2 248
1 518
1 2232
2 1339
1 1948
2 1339
1 1015
2 3
1 1517
1 2222
2 962
1 2278
2 2018
1 1091
2 757
1 1428
2 1571
2 2107
1 1405
1 661
1 1383
1 779
2 472
2 1373
2 616
1 2178
1 1455
1 485
1 770
2 940
2 634
1 1566
2 235
1 779
1 1116
2 108
1 2195
1 1296
2 48
2 453
1 1805
2 709
1 2026
1 86
1 1099
2 1475
2 1361
2 231
1 1029
2 620
1 963
1 1442
1 906
1 2288
1 1803
1 794
1 711
1 1782
1 1579
1 1178
2 351
2 1056
2 2072
2 1619
2 1787
1 1798
2 108
2 1820
2 1112
1 1726
2 784
2 1955
2 1613
2 1949
1 1762
1 1598
2 178
2 1171
2 1998
2 1666
1 438
1 1304
1 1891
1 632
2 976
1 941
1 393
2 679
2 2240
1 260
1 614
1 151
2 1764
1 432
2 2140
1 346
1 134
1 726
2 252
1 241
2 1772
1 1294
1 1488
1 1208
1 1889
2 1866
2 1162
2 196
2 2130
1 1
2 270
2 2237
2 1140
1 1571
1 1348
2 1341
2 152
1 43
2 1319
2 69
1 2187
2 403
1 898
1 299
2 2202
1 1291
2 2116
2 304
2 642
2 1087
1 1959
1 2131
2 1324
1 826
2 1002
2 869
2 1487
2 428
2 111
1 775
1 1657
2 1353
2 2212
1 381
1 858
1 835
1 1473
1 1298
1 2095
2 1511
1 1651
2 1956
1 1794
2 1384
1 1078
1 1860
2 1111
2 2084
1 1345
1 416
1 1584
1 479
2 1712
1 1021
1 370
1 1989
2 749
2 2046
1 1648
1 207
2 341
2 886
1 113
2 1687
1 1362
2 1358
1 1615
2 1098
1 874
2 1634
1 1494
1 1258
2 2050
2 1548
1 1553
2 1627
2 1117
2 1710
2 1672
1 1138
1 2093
2 559
2 542
2 2027
2 1437
2 1283
1 339
1 2000
2 1449
2 1191
1 2252
2 456
2 442
2 142
2 547
2 940
1 1782
2 1149
2 1354
1 1837
2 268
1 2114
1 1133
1 543
1 1242
1 2142
1 1767
2 2011
1 130
1 803
1 2036
1 1238
2 964
2 1054
2 1133
2 1641
1 554
2 291
2 950
1 1546
2 1518
1 49
2 791
1 1584
1 2053
2 1400
2 847
1 1693
2 870
2 2180
2 727
2 927
1 1169
2 1580
2 1544
2 1176
2 652
1 826
2 696
2 1385
1 588
1 1158
1 579
1 1815
2 2163
1 988
2 1676
1 2088
1 919
1 794
1 1771
1 30
2 902
2 1328
2 1396
2 604
2 391
1 1120
2 301
1 334
2 818
2 1424
2 746
1 516
1 863
1 2099
1 152
1 1728
2 2270
2 1331
1 303
1 1563
1 942
2 1256
1 1038
1 265
1 1326
2 1343
2 1338
1 1722
1 655
2 1947
2 1878
1 2010
1 105
1 1863
2 485
2 1224
1 320
1 252
1 765
2 2260
1 1369
2 2175
1 1397
1 1876
1 365
1 1965
2 1195
2 1533
1 1653
1 1624
1 1853
2 1579
1 996
1 2235
2 1611
2 2260
1 551
1 1169
2 2275
2 786
1 1236
2 55
2 529
1 1827
1 2024
1 757
2 1944
2 135
1 2114
2 1222
2 306
2 996
2 1012
2 317
2 656
1 840
1 913
2 719
2 86
1 1156
2 471
1 1208
1 686
1 1885
2 1790
1 1808
1 1950
1 1746
1 1819
1 756
2 788
1 1785
1 519
1 354
1 771
1 1106
2 1122
2 2029
1 1185
1 722
2 312
1 641
1 1257
1 1207
2 1576
1 589
2 852
1 2131
1 1970
2 1199
2 402
2 1306
1 1046
1 31
2 2221
2 733
1 365
1 630
2 997
1 1125
1 622
2 2173
1 464
2 1004
1 395
1 1015
1 1465
2 1490
2 831
1 1936
1 2217
1 1219
1 1094
1 1330
1 1443
1 1073
2 314
1 1293
1 1155
2 875
2 1932
1 1555
2 1986
1 1602
2 375
1 1456
2 1977
2 930
1 753
2 653
2 2118
2 2196
2 2065
2 1358
1 804
1 1686
1 315
1 1995
2 818
2 802
2 1709
1 1887
2 1656
1 1440
1 521
2 1864
1 1377
2 556
2 291
2 731
1 669
2 1888
2 1431
2 1349
1 340
2 194
2 1454
1 2135
2 798
1 1862
2 634
2 923
2 1079
2 1956
2 882
2 2256
1 1267
2 374
1 2227
1 1535
2 251
1 949
1 923
1 2109
1 64
1 93
1 1037
1 2209
2 1282
2 1550
1 77
2 441
2 1305
2 2012
2 1335
1 2039
1 620
2 7
2 1769
2 189
2 1315
1 759
1 973
1 1567
1 796
2 946
2 84
2 713
2 1717
2 1121
2 546
1 56
2 375
1 202
1 839
1 211
2 173
1 1746
1 2135
2 768
1 386
2 1723
2 64
1 2258
2 213
2 2144
1 737
2 116
2 1961
2 245
1 951
1 1898
2 97
2 1547
1 205
1 658
1 645
1 312
2 1375
1 1245
1 1589
2 801
1 875
1 1874
1 1434
1 142
2 2078
1 179
2 2159
1 1221
1 1549
2 244
1 857
2 307
2 884
1 1974
1 2275
2 769
2 2025
2 701
1 404
2 1408
1 744
2 422
2 1497
2 1053
1 572
2 2058
1 987
1 120
1 1437
1 1988
2 2089
1 781
1 1547
1 753
1 759
2 1833
2 18
2 63
1 361
2 2205
2 685
2 267
1 533
1 2076
1 1895
2 1205
1 1146
2 1702
2 1201
2 1260
2 1836
2 880
1 1367
1 2015
2 440
1 1083
2 2157
1 201
2 1039
1 1420
1 166
2 1820
1 1900
2 861
2 447
2 1132
2 2052
1 1466
2 1528
1 925
2 366
2 2081
1 2284
1 1890
2 741
1 947
2 537
2 2197
2 814
2 1136
2 1209
1 1981
1 517
1 1887
1 268
2 671
2 82
2 400
2 1024
2 786
2 1035
2 1537
1 1757
1 1446
1 895
1 1752
2 381
1 646
2 319
1 729
1 599
2 1352
2 1850
2 1787
2 145
1 1219
1 1060
1 1387
2 467
1 1519
1 1004
2 2221
1 223
2 480
1 2015
2 699
1 1415
1 653
1 2226
1 1389
1 1564
2 1500
2 6
1 1263
1 2002
1 874
1 1858
2 964
2 971
1 1323
1 1212
2 990
2 1439
1 1692
1 2203
1 1055
2 1444
2 1448
2 1758
1 1527
1 1799
1 812
1 73
2 1568
2 521
2 1165
1 580
2 636
1 470
2 1446
2 1141
2 1875
2 1503
1 773
1 384
1 2051
2 2289
2 1678
1 720
2 650
1 1458
2 1250
2 1923
1 857
2 1552
2 889
1 168
1 880
2 1525
1 554
2 1897
1 744
1 1244
2 161
1 2181
1 2003
1 425
1 1154
1 1346
2 1080
1 1739
1 233
2 2048
2 1157
2 1901
2 1374
1 447
1 259
2 1942
2 1222
2 814
1 2072
2 201
1 2164
1 1190
2 1309
1 417
2 1419
2 1554
2 1569
2 2282
1 2047
2 2039
1 983
1 1261
1 816
1 241
2 1513
2 1211
2 1239
2 387
2 748
2 1174
1 1298
2 1421
2 767
1 166
1 1280
2 577
1 1629
2 1938
2 702
1 1008
2 2267
2 846
2 13
1 206
1 1626
1 1801
1 836
1 362
2 80
1 1202
2 918
1 1112
1 1241
2 1040
2 2048
1 2159
1 1340
2 603
1 1898
1 1411
2 1624
2 1559
1 1127
1 1296
1 1417
2 1468
2 1269
1 1518
1 1580
1 298
2 356
2 1935
1 1987
2 1783
1 68
1 2122
2 1281
2 140
2 708
1 139
2 388
1 1305
1 1322
2 2224
1 169
2 712
2 1806
2 1930
2 1909
1 1525
2 666
2 1763
2 2071
2 816
2 272
2 1025
2 1994
2 1357
1 347
2 1600
2 1071
2 2091
2 1915
2 1601
1 624
2 581
2 1705
1 107
1 468
1 2286
1 411
2 1840
2 1554
2 2153
1 452
2 276
2 41
2 516
2 812
2 637
2 592
1 396
2 903
1 57
1 320
1 118
1 589
1 75
1 966
1 2220
1 10
2 657
1 915
1 548
2 865
1 23
2 371
2 560
2 1231
1 862
1 384
1 1804
1 1539
1 1021
1 1923
2 2215
1 682
2 694
2 2094
2 1128
1 2013
2 331
1 2134
2 1593
1 1265
2 1345
1 1506
1 2165
2 2069
2 1662
2 27
2 647
2 1187
1 348
1 5
1 1187
2 211
1 2086
2 2228
1 774
2 1685
1 796
1 1711
2 1596
1 1070
2 328
2 133
1 1181
2 1574
1 617
2 2161
1 1754
2 1100
1 1272
2 1268
2 891
1 1485
1 467
1 176
2 629
2 799
2 180
1 2266
2 1606
2 1505
2 891
2 683
1 1480
1 1791
2 414
2 824
2 863
2 1941
1 333
2 45
1 1699
2 1082
1 845
1 519
2 1240
1 676
1 1604
2 1946
1 309
2 1695
2 334
1 439
2 2280
2 2241
2 877
2 501
1 1871
2 821
2 727
1 2003
1 1052
2 1922
1 1680
1 2154
1 555
2 660
1 1124
1 623
2 1714
2 643
1 1070
1 1025
1 1744
2 10
1 881
2 711
2 544
2 1421
2 1119
1 1115
2 844
2 1160
2 1867
2 1435
1 1736
1 929
1 538
2 50
2 2136
2 945
2 274
2 1754
1 643
1 1085
2 237
1 212
2 413
2 112
1 145
1 385
1 1206
2 1249
1 1172
2 1075
1 907
1 1138
1 1087
2 185
2 1520
1 850
2 1436
1 1242
2 1144
2 760
2 351
1 2167
2 528
1 1693
1 1553
2 1577
1 1314
2 195
2 820
1 619
2 2020
2 1075
2 306
2 397
1 1573
1 207
2 2154
2 2257
1 1491
2 2082
2 801
2 1680
1 2245
1 1617
1 937
2 2132
1 913
2 340
2 226
2 1765
1 1616
1 1649
1 1594
2 769
2 90
2 822
1 2283
1 47
1 1467
2 2180
1 1707
2 997
2 838
2 1111
1 287
1 1591
2 1635
1 1076
2 1114
2 2209
2 770
2 1123
1 920
2 100
1 793
2 1031
2 807
1 994
1 1044
2 493
1 611
2 1501
2 1759
1 1627
2 210
1 1620
1 2096
1 98
2 649
1 823
1 675
2 1747
1 2086
1 1494
2 1148
2 1822
2 1865
1 2292
2 1084
2 445
2 217
1 1669
1 2182
2 2098
2 2017
1 191
2 1818
1 1620
1 760
1 813
2 2204
1 2033
1 1341
1 469
1 77
2 1644
1 463
2 1548
2 1903
2 115
2 389
2 5
1 658
2 1299
1 657
1 472
2 2164
1 1392
1 1441
1 137
2 1499
1 1167
2 1176
2 919
2 112
2 1776
2 2242
2 2153
1 128
1 1559
2 1775
1 1809
1 1440
2 314
2 2055
2 2155
2 51
2 869
2 193
1 1184
1 448
1 1925
2 294
2 235
2 1953
2 944
1 187
1 380
2 530
1 2102
1 1020
2 1018
1 2148
2 416
1 1479
2 2278
2 2064
1 1881
2 654
1 148
2 1367
2 954
2 873
2 555
2 1462
1 1502
2 1975
1 2251
1 714
2 153
1 305
1 587
2 797
1 2183
1 1869
1 2264
2 1156
1 2279
2 2199
2 67
1 1789
1 1399
1 1877
1 1668
2 386
2 1019
1 1591
1 111
2 198
1 1779
2 2237
1 38
1 724
1 494
2 2274
1 1045
1 2265
1 326
1 1337
1 1464
1 1400
2 739
1 741
1 1366
1 8
1 487
1 289
1 1088
2 47
1 1870
1 37
2 2011
2 2064
2 1605
1 899
2 129
2 1784
2 2203
1 281
1 841
1 1430
2 612
2 1976
2 423
1 1359
1 1251
1 1232
1 1810
1 1041
1 1312
2 985
2 2297
2 1655
2 575
2 871
2 1215
1 859
1 1566
2 1931
1 2036
2 593
1 597
2 1483
2 1203
1 2046
1 1780
2 1859
1 397
2 1374
1 1623
1 1394
1 2122
2 1364
1 2103
1 1110
1 665
1 404
1 1764
2 1621
1 646
2 600
2 1797
2 1536
2 564
2 46
2 534
1 1283
1 21
1 229
2 1166
1 2004
2 1802
2 1692
2 1259
1 1362
2 1896
2 1884
1 179
1 2211
2 1035
1 1165
1 691
1 1927
2 1516
2 1910
2 1428
2 599
1 264
2 2051
2 569
1 1071
1 1878
1 536
1 611
1 2059
2 1736
1 2042
2 1521
2 615
2 44
1 65
1 1638
2 716
1 2127
1 827
1 1963
1 1414
1 584
2 1663
1 1108
1 1501
2 934
2 1909
2 1308
2 231
1 755
2 283
2 228
2 854
1 1109
1 1289
2 879
2 1401
2 1325
1 275
1 1514
1 778
2 137
1 358
2 1346
1 1422
1 596
1 1543
2 845
1 1581
2 1134
1 904
1 737
1 415
2 1378
2 164
1 824
2 213
2 1859
2 2156
2 1729
2 325
2 332
1 355
1 1819
2 1532
1 2248
1 1062
1 570
2 1304
1 2155
2 215
2 215
2 1737
2 218
1 24
2 1178
2 705
1 1945
1 2037
2 1452
1 2127
2 595
1 147
2 85
2 2060
2 1846
2 931
1 1422
2 1900
1 1229
2 1535
2 1612
1 640
2 255
1 499
1 164
1 1458
2 661
1 581
2 2227
2 1849
1 2110
1 837
1 382
2 1811
2 925
2 230
2 1516
1 1052
1 1595
1 1842
1 345
1 2151
2 194
1 834
2 2
1 1921
2 928
2 706
2 543
2 986
1 214
1 717
2 420
2 69
1 1016
1 698
2 1515
1 1896
1 2162
1 1775
2 1333
2 2251
2 12
1 975
1 860
1 1442
2 735
1 1665
1 143
1 59
2 482
2 92
1 1542
2 1410
2 1632
2 697
1 255
1 1695
2 464
2 349
2 2084
2 1672
2 1290
1 914
2 633
1 413
2 266
1 2244
2 1347
2 553
1 1137
2 1710
2 527
2 457
1 1510
2 1344
1 2276
2 465
1 1254
2 2295
1 88
2 2194
1 1556
2 254
2 735
1 417
1 1253
2 118
1 613
2 763
1 1504
2 1864
1 594
1 2266
2 1299
1 1432
2 1529
1 905
1 702
2 2176
1 1179
1 1275
1 550
2 432
1 127
2 461
2 934
2 489
1 2172
2 758
1 1435
1 1104
2 260
1 40
2 959
2 1592
2 1029
1 1411
2 715
1 1026
1 2215
1 500
2 346
1 1730
2 227
2 644
2 1311
2 54
1 1233
1 1139
2 1848
1 2000
2 1334
2 1856
2 1530
2 186
1 504
1 1524
1 1849
1 1510
1 71
1 1543
1 1882
2 1323
2 2177
2 734
1 398
1 1326
1 253
1 369
2 715
2 1210
2 1013
2 958
1 890
1 2021
2 1916
2 1351
1 1877
1 311
1 1867
1 1537
1 2243
2 62
2 1290
1 617
1 1935
1 696
2 847
1 367
1 1064
2 993
1 1829
1 2080
1 1603
1 1625
1 1802
1 1707
1 220
1 1750
1 119
2 294
1 9
1 199
2 667
1 1523
2 1359
1 612
2 972
2 551
2 1844
2 638
2 1597
2 1407
2 246
2 2151
2 1093
1 360
1 1558
1 2293
2 383
1 1493
2 110
1 450
2 1742
1 1528
2 1551
1 1318
1 393
2 986
1 1969
2 2205
1 2148
1 221
1 1251
1 1055
1 1638
1 1183
1 1302
1 165
2 2033
2 1738
2 1046
2 530
2 1451
1 269
2 568
2 1278
1 2035
1 1424
1 615
2 2123
1 1321
2 2049
1 2014
1 1262
2 627
1 908
2 2083
2 150
2 1807
1 2043
2 1737
2 1414
2 1257
1 492
1 1274
1 1678
2 459
1 2291
1 453
1 285
2 1266
2 1675
1 261
1 782
2 132
1 1795
2 994
1 1030
1 2247
2 1614
1 1143
1 2296
1 332
2 299
1 363
2 1488
1 1395
2 2250
1 49
1 1715
2 1237
1 682
2 1585
2 995
2 1365
2 2112
2 76
1 523
1 2126
2 714
1 1788
2 1545
2 579
1 102
1 170
1 1206
1 96
2 1034
2 927
2 1781
2 190
2 352
1 1635
1 2247
2 1316
1 1224
1 451
1 1873
1 935
2 303
2 1478
2 2113
2 1958
1 439
1 1146
1 89
1 424
2 1969
2 705
1 1563
2 1711
1 373
2 819
1 1728
2 344
2 1814
2 2085
2 2222
2 946
2 204
1 363
2 2045
2 1049
1 1151
2 1739
1 476
1 764
2 39
2 2162
1 495
1 56
2 992
1 975
2 123
2 2300
2 545
1 276
2 1248
1 1355
2 1386
2 2087
2 1821
1 1990
2 2129
2 65
2 114
2 1542
1 426
1 1042
1 234
1 263
1 2210
1 456
1 2168
1 607
1 1005
2 141
1 773
1 187
2 920
1 1740
1 2253
2 57
2 251
2 662
2 1441
1 1461
1 897
1 550
2 97
1 273
2 1211
1 850
1 1733
2 780
1 2061
1 1503
1 1938
2 688
2 547
2 992
2 1899
2 2199
2 2049
2 322
1 1480
2 870
2 2133
2 792
2 243
2 1466
2 2171
1 2296
1 396
2 1655
2 808
1 1499
2 1747
1 2208
2 971
1 1277
2 1301
2 1942
1 591
1 256
1 1423
1 1964
2 1575
2 1561
2 887
1 1679
1 170
2 832
1 1577
1 32
2 377
2 1190
2 902
1 35
1 823
2 647
1 1166
2 512
1 250
2 1984
1 761
1 911
2 1955
2 1943
1 2166
2 1469
1 53
1 802
2 18
1 117
2 1756
2 481
1 1348
2 1911
1 1189
1 1390
1 75
2 1215
1 353
1 1913
2 978
2 165
1 822
1 1147
1 219
2 527
2 1555
2 2228
1 163
1 1920
1 2008
1 1150
2 335
1 959
2 2005
2 93
2 1167
2 2184
1 1430
1 2147
1 2167
2 766
2 1449
1 1195
2 1256
1 1997
1 2213
1 829
1 150
2 1280
2 1061
2 167
2 148
1 1572
1 910
1 853
2 482
1 189
2 583
1 2254
2 1313
2 1057
1 356
1 33
2 1895
1 188
2 1786
2 1797
1 1526
1 557
1 1907
2 1086
1 632
2 359
2 100
2 478
2 1875
2 1617
1 553
2 1370
1 2200
2 2078
2 1291
2 1916
2 965
1 982
1 1489
1 1476
2 911
1 721
2 497
2 1352
1 1239
1 1227
2 1330
1 559
1 1409
1 2037
2 366
2 1694
2 26
2 1908
2 1521
2 1852
2 1024
2 37
1 1968
2 1610
1 4
2 1729
1 2170
1 1843
2 484
2 1353
1 1189
2 200
2 1715
2 2073
2 630
1 883
2 698
2 841
2 639
1 601
2 2100
1 2147
2 2179
1 2239
1 1772
2 1108
2 1249
2 1816
2 2105
1 2279
1 1767
2 1115
1 298
1 1971
1 774
1 1234
2 1766
1 2006
1 271
2 139
2 546
1 2008
1 805
2 138
2 1660
1 1522
2 1845
1 799
1 2255
1 1696
2 842
1 28
2 1068
2 2152
2 1817
1 669
2 2258
2 640
2 932
1 1443
1 232
2 697
1 1132
1 2178
2 1718
1 1799
2 46
2 939
2 743
2 216
1 301
1 1725
2 1036
1 1684
1 2254
2 886
2 1953
1 497
2 852
1 172
2 890
2 1448
2 1656
1 280
2 1557
1 2111
2 1312
2 1522
2 1669
2 481
1 283
2 121
1 1235
1 1677
1 1599
1 2094
1 1718
2 2295
2 2032
2 122
1 672
2 2185
1 149
2 224
1 1230
1 965
1 1618
1 1135
2 2079
2 522
1 777
1 1792
1 1011
2 1552
1 1800
2 2029
2 1853
2 2271
1 1500
1 772
1 1159
2 310
2 905
1 689
1 772
1 1210
1 821
2 409
1 117
1 2091
1 1225
2 302
1 901
1 422
1 1365
2 962
1 2294
1 197
2 2172
1 1657
2 566
1 431
2 1546
2 1588
2 2285
2 1748
1 2231
1 1779
2 2244
1 245
1 2138
2 943
1 197
1 1161
1 1264
2 1474
2 896
1 1053
1 1096
2 1612
1 2187
1 498
1 804
2 915
2 639
2 1931
2 1629
2 989
2 1159
1 1959
1 1007
2 1831
1 2106
2 958
2 1815
2 1511
2 810
1 1951
2 1426
1 234
1 239
1 1467
1 1264
1 278
2 1561
2 626
1 907
1 1403
2 1106
1 618
2 1845
2 1618
1 2063
2 1406
1 204
2 1879
1 1749
2 1866
1 662
2 539
2 1355
2 785
2 1755
1 1768
2 899
2 1023
1 1066
2 493
2 1350
1 354
1 1479
2 1217
2 1492
1 316
1 979
1 433
2 1354
2 1347
1 980
1 1455
2 2287
1 2192
1 1996
2 325
1 1042
2 811
2 438
1 2186
1 1163
2 1310
2 695
1 2066
2 941
1 1034
1 621
2 274
2 483
1 350
1 1892
2 1155
2 1834
1 435
2 455
2 1273
1 1152
2 1726
1 1640
1 2002
1 1836
2 1453
1 766
2 2214
2 1213
2 601
1 1103
2 778
1 1183
2 2261
2 66
1 174
1 62
1 652
2 292
1 1484
1 1380
2 1123
2 101
1 2274
2 1131
2 282
1 1788
1 44
2 1847
1 178
1 410
2 433
1 39
2 1966
1 2230
2 1464
2 679
2 1463
2 768
2 1903
1 1141
2 613
2 2249
2 1433
1 1188
2 1476
1 1934
1 1978
2 1182
2 34
2 2299
2 1022
2 1260
2 385
2 1482
2 1020
1 678
1 904
2 1444
2 848
1 1886
2 51
1 409
1 706
2 952
1 2238
2 2117
2 1975
2 430
1 1984
2 866
2 718
1 1045
1 901
1 1197
1 912
1 510
1 969
1 347
1 1505
2 833
2 1784
2 175
2 1649
2 894
1 981
2 665
2 454
2 465
2 833
1 1685
1 2028
1 1960
2 79
1 963
1 699
2 2031
1 41
2 754
1 1905
2 1001
1 259
2 1433
1 1874
1 1740
2 408
1 2257
2 343
2 426
2 1681
1 2137
2 58
2 1207
2 1578
2 1078
1 154
1 2075
1 2009
2 1993
1 1768
1 858
2 970
1 250
1 1246
1 1533
1 2109
1 2095
2 313
1 1158
1 2063
1 94
1 2149
1 33
2 2079
1 1089
1 114
2 92
1 1527
1 449
2 443
2 1531
1 989
2 2056
2 1540
1 1486
2 1404
1 532
1 338
2 1812
1 1101
1 1338
1 1017
1 6
1 352
2 938
2 703
2 1243
1 1939
1 2218
1 1027
1 270
1 1376
2 828
2 950
1 2019
1 410
2 1861
1 83
2 1051
1 578
1 605
1 1248
2 496
1 811
2 1647
1 570
2 476
1 1432
1 1307
2 1048
1 703
1 1360
2 463
1 1401
1 394
2 1732
1 2070
1 909
2 1633
2 536
1 1988
2 1186
2 1213
1 2007
2 419
1 13
2 203
2 1689
1 602
2 1592
1 792
1 2246
1 635
2 1214
1 505
1 2058
1 1445
1 681
2 2065
1 1540
2 966
2 487
2 1117
1 1759
2 1471
2 571
1 2165
2 1742
2 883
1 190
2 2067
2 1002
2 1142
2 916
2 2289
2 1113
2 1066
2 988
2 70
1 1890
1 1968
2 2074
2 475
1 1777
2 1977
1 2157
2 494
2 1356
2 1032
2 1824
2 395
1 607
1 1105
1 297
2 525
2 2055
1 1188
2 602
2 1204
1 893
1 1760
1 336
2 1335
1 1930
1 1761
1 538
2 1342
2 146
2 1699
2 1675
1 2
1 2097
1 30
1 836
1 29
1 990
2 1573
1 1666
1 1336
1 389
1 1032
2 627
2 2099
1 1099
2 78
2 1484
1 1769
1 1472
2 1855
2 1300
2 1226
1 243
1 2293
2 2118
1 1793
1 1622
2 331
2 1532
2 1483
1 156
2 666
2 233
2 449
2 624
1 867
2 707
1 651
1 838
1 851
2 349
2 1157
2 1658
2 214
2 972
2 526
1 1504
2 1806
1 2223
1 2030
1 531
1 694
1 776
1 1701
2 87
1 573
2 1235
2 1716
1 1808
1 1950
2 1506
1 1565
1 248
1 2092
1 2090
1 1514
2 2068
2 1795
2 564
2 2287
2 32
2 1408
2 1704
1 2177
1 17
2 636
1 1406
1 1691
1 208
2 1987
1 1842
1 1608
2 1777
2 132
2 1967
2 1370
2 1637
2 1412
2 267
2 1459
1 1731
1 35
1 2294
2 839
2 199
1 726
2 1091
2 1776
2 1590
2 2206
1 758
1 569
2 1708
1 1991
2 1780
1 424
1 293
1 202
1 1127
1 2031
1 1164
1 846
2 1641
2 638
2 1236
1 2073
2 1107
2 1478
2 803
1 1827
2 1869
2 444
2 223
1 474
1 496
1 1821
1 1636
1 348
2 16
1 136
2 209
1 1014
1 36
2 1609
1 1908
2 728
2 1901
2 2116
1 52
2 1974
2 394
2 160
1 1841
1 1288
1 1308
1 330
1 1377
2 1839
1 953
1 1603
2 155
2 1013
2 637
1 1313
2 183
2 1981
1 1059
2 2096
2 848
1 1487
2 1301
2 1452
1 1616
2 1082
2 548
2 1231
1 872
2 584
2 2001
1 2009
2 24
2 1054
1 614
1 2229
2 382
2 20
2 466
2 1086
1 1384
1 610
1 1945
2 1674
2 1857
1 480
1 1835
2 2141
1 1364
1 783
2 1012
1 2169
1 1623
2 1300
1 282
1 407
2 888
1 1917
1 257
1 1093
1 1394
1 120
2 951
2 1468
1 156
1 1957
1 186
2 42
2 406
2 1997
1 1102
2 725
2 1679
1 840
1 914
2 1665
2 2038
1 1429
1 674
1 1717
1 734
1 147
2 2300
2 942
1 1202
1 221
1 1198
1 704
1 168
2 2290
2 1607
1 2188
2 2170
2 1037
1 1315
2 128
1 1271
2 357
1 477
2 2016
2 195
1 321
2 157
2 2282
1 832
2 1153
2 1098
2 1792
1 690
2 458
1 2190
1 1278
2 1541
2 1292
2 2050
1 2226
2 1770
1 830
1 1814
1 1871
1 288
1 2174
1 529
2 574
1 2250
1 1632
2 2076
2 1089
1 591
2 1509
1 1954
2 390
2 1378
2 2093
1 162
2 1199
1 1497
2 238
2 1423
1 1085
1 917
1 695
1 103
1 399
2 912
2 2014
2 1957
2 1628
2 2150
1 1700
2 1828
2 414
1 1130
2 1983
1 54
2 322
1 524
1 1186
1 45
1 2044
2 48
1 1472
1 2019
1 81
1 742
2 1
2 249
1 1791
2 324
2 421
2 800
1 2146
1 506
2 520
1 1154
2 1151
2 1193
2 21
1 430
1 1661
1 391
2 1069
1 1530
1 731
2 1876
1 575
1 976
2 104
1 1067
2 1948
2 625
2 1284
2 881
1 2235
1 1006
2 2128
2 2097
1 631
2 898
1 360
2 2272
2 752
1 1763
2 2198
2 730
1 317
2 574
2 1173
1 1936
1 2066
2 2259
1 1454
1 831
1 1697
1 1289
1 1220
2 1470
1 1972
1 2004
1 1375
2 387
2 418
2 2018
1 507
2 955
2 1585
2 2026
1 1783
1 94
1 509
1 319
1 2034
2 1200
2 1606
2 1356
2 1314
1 478
2 258
2 784
2 408
2 2080
2 1003
2 798
1 308
1 180
1 1164
2 1058
1 750
2 1272
1 573
1 2202
2 748
2 544
1 109
1 1228
2 1383
2 209
2 969
1 897
2 2102
2 289
2 1425
1 1287
1 1286
1 1496
2 1622
2 390
1 1266
2 171
1 338
2 61
1 953
2 443
1 1893
1 1927
1 2121
1 1160
2 1427
1 788
1 785
2 1179
2 1122
1 2268
1 342
1 1061
1 791
2 285
2 677
2 2169
2 1410
1 406
2 667
2 1560
1 502
1 2229
1 3
1 1507
2 1993
1 333
2 96
2 1706
1 1598
1 689
2 2273
2 878
2 376
1 723
2 1894
1 1888
1 800
1 1991
1 873
1 1320
1 1589
2 1549
1 1852
1 400
2 2062
2 1041
1 1962
2 672
1 1000
2 412
2 345
1 1832
2 1719
2 324
1 1316
1 1014
2 819
1 1184
2 1687
1 1379
2 710
1 1460
1 1181
2 1694
1 1597
2 1486
2 115
1 1392
1 488
2 11
1 2068
1 378
2 775
1 980
1 936
2 588
1 810
1 328
2 1631
2 1418
2 807
2 1771
2 72
1 999
2 1247
2 144
1 1418
1 806
1 1998
1 532
1 510
2 2107
1 210
1 2243
1 2263
1 563
2 1789
2 843
2 1645
2 124
1 1686
2 1751
1 161
1 1245
2 272
2 736
1 888
2 1398
1 1939
2 1493
1 2119
2 1683
1 1067
1 74
2 948
2 401
2 1180
2 2025
1 1816
1 608
1 2028
2 2242
1 663
2 738
2 1879
1 825
2 1134
1 524
2 2212
1 531
1 1644
1 1284
2 1477
1 684
1 1949
2 1982
1 1980
1 1664
1 473
1 1079
2 1846
1 454
1 910
2 523
1 1388
1 743
2 143
1 15
2 1457
2 63
1 1495
1 503
2 222
2 60
1 649
2 1147
2 650
2 808
1 1652
2 2163
2 2120
2 513
2 59
2 1209
2 717
2 1992
2 130
1 2105
1 1884
1 593
1 2137
2 691
2 450
1 1925
1 2057
1 933
2 2238
2 787
2 1965
2 1670
1 1100
2 177
1 583
2 182
1 1343
1 1583
2 1413
1 2113
2 1001
2 1838
2 342
2 1732
1 1139
1 1371
2 2142
1 1743
2 311
2 568
2 1753
1 95
2 1697
1 225
1 738
1 771
1 490
1 1841
1 795
2 1227
1 242
2 1578
1 1180
2 747
1 567
2 1902
2 1650
2 993
2 1228
2 1434
1 505
1 2069
2 893
2 1317
1 900
1 922
1 1907
1 1309
2 1351
1 2201
2 131
1 2104
1 121
1 1595
2 655
1 1800
1 552
2 2290
2 1862
2 566
2 1847
1 466
2 133
2 2181
1 300
2 1148
2 1489
2 1515
1 25
1 335
1 659
1 1297
1 1470
2 1366
2 687
2 1734
2 678
2 473
2 434
2 2145
2 1654
1 1809
1 1120
1 350
2 1582
2 1830
2 236
2 68
2 101
2 277
1 928
2 1660
2 1601
2 2001
2 856
2 1761
1 713
1 2207
1 1650
2 995
2 106
1 1110
2 1727
1 2030
1 1882
2 2298
2 1643
1 1069
1 2144
1 1839
2 1152
1 1044
1 19
2 865
2 2255
2 2272
1 603
2 746
2 680
2 1766
1 1850
1 216
2 2152
1 1633
1 690
1 2115
2 820
1 1940
2 2292
1 973
2 307
1 1081
1 113
2 1904
1 1574
2 364
1 887
1 220
1 2119
1 2081
2 99
2 1796
2 1162
2 1131
1 1204
1 1904
2 598
1 1124
2 1407
2 2023
1 592
2 1570
2 1721
2 535
2 1063
1 2231
1 1404
1 1114
2 266
1 1253
1 1126
2 1252
1 889
1 91
1 563
2 1475
2 1217
2 509
2 2192
1 1745
2 1523
2 15
2 1983
2 1576
2 1798
2 1751
2 1671
1 1095
1 292
1 1517
1 1057
2 1619
1 184
2 764
2 2201
1 1690
2 2264
2 284
1 458
1 1508
2 1756
2 944
1 623
1 1491
1 618
2 1322
1 515
2 922
2 286
1 1285
1 378
2 1698
2 1659
2 981
1 74
2 572
1 264
1 1883
1 491
2 960
1 278
1 1512
2 1544
2 1856
2 461
1 490
2 1972
2 1416
2 1703
1 1018
2 1835
2 232
1 686
1 2145
1 1273
1 631
2 936
1 663
2 300
2 674
1 2267
1 542
1 517
2 1372
2 1912
1 745
1 2083
1 379
1 452
2 561
2 864
1 2136
1 262
2 1065
2 1203
1 776
1 2265
2 1481
1 1043
2 809
1 1673
2 756
2 367
1 1724
1 183
1 1753
2 2006
1 155
2 2216
2 1848
1 2128
2 1077
2 1575
1 2288
2 933
1 752
2 2138
2 22
2 71
2 208
2 1103
1 459
2 1327
2 441
1 1076
1 1861
2 1811
1 184
2 2277
2 1107
2 1140
1 762
2 2020
2 1818
2 866
2 1332
2 1952
1 1928
2 507
1 867
1 58
2 535
2 326
1 107
2 864
1 262
2 1267
1 1683
1 403
2 1509
1 664
2 125
2 486
2 1168
1 2013
1 129
2 110
2 1817
1 475
1 1885
1 1074
2 2194
1 2191
2 1072
1 1033
2 2195
1 1244
1 860
2 1050
1 1667
1 329
1 253
1 1429
1 1331
1 1419
2 751
2 782
1 2283
2 1416
1 2176
1 287
2 2269
1 2206
1 1360
1 673
2 420
1 1971
2 296
1 909
1 1447
2 1246
1 102
1 1725
1 297
1 40
2 1992
1 2211
2 265
1 1349
2 781
1 1320
2 511
1 1642
2 1413
2 664
2 1294
2 1713
2 984
2 604
1 1520
2 1854
1 2197
1 1051
1 1738
1 1886
2 1681
2 586
2 926
1 609
1 668
2 70
2 277
1 991
2 1673
2 1564
2 1088
1 138
1 1519
1 50
1 293
2 616
1 177
1 2262
2 1279
2 700
1 938
2 1979
1 1172
1 878
2 520
2 1016
1 1161
2 2045
1 28
2 1130
2 405
1 323
2 1628
2 315
1 1327
1 373
2 861
2 590
1 361
2 1851
1 692
1 7
1 1920
1 1855
1 1714
2 1097
1 1039
2 444
2 2054
2 789
1 576
1 924
1 594
1 1495
1 935
2 1716
2 42
1 377
2 193
1 489
1 55
2 448
1 1234
1 984
2 217
1 103
1 688
2 2146
1 2219
1 1906
2 1937
1 1838
1 222
1 1118
2 590
2 1072
2 484
1 1730
2 1118
1 1302
1 1615
2 1081
2 2291
2 1274
2 136
1 987
2 2270
2 2280
2 1507
1 1268
2 851
2 2054
1 795
2 1602
2 149
1 896
1 1996
2 1588
1 116
2 19
2 258
1 2298
1 1243
2 498
2 1096
1 1201
2 961
1 162
2 90
2 2108
1 1924
1 1826
2 967
1 586
2 1090
1 1399
2 1534
1 1357
2 1709
2 974
2 2223
1 2158
2 192
1 635
2 273
1 369
1 1947
2 1456
1 1129
1 1006
1 1829
1 61
2 1944
1 2160
1 421
2 2023
2 87
1 722
2 1929
1 1605
2 1050
1 2168
1 2245
2 754
1 99
2 1868
2 451
1 656
1 1295
2 1652
1 673
1 1062
1 2089
2 401
1 2189
2 337
2 1439
2 2117
2 514
2 585
2 1762
1 1412
1 908
2 1986
2 1265
1 1967
2 1009
2 2125
2 229
2 1185
1 336
1 1142
1 1163
1 2191
1 359
2 295
1 219
1 648
1 474
1 158
1 949
2 1113
1 78
2 849
1 2021
2 89
1 1868
1 140
2 2047
2 249
1 537
2 1193
2 955
1 671
1 2156
1 1324
2 2134
2 508
1 1586
1 73
2 1382
1 1702
2 1659
1 66
1 4
2 462
1 244
1 1402
1 2143
1 761
1 239
2 1743
2 1961
2 1221
2 1286
2 1943
1 1963
1 423
2 1223
1 1121
2 1924
1 1391
1 1508
2 1805
2 308
2 2067
1 124
1 341
2 105
2 425
2 1804
2 1092
2 1917
2 977
1 670
1 1177
2 835
2 237
1 2088
2 1415
1 587
1 84
2 1447
1 1870
2 1104
1 830
2 968
2 2249
2 154
2 1229
2 2040
1 2024
1 1834
1 1600
2 1409
1 1682
2 1785
1 1822
2 2129
2 1496
2 2104
1 1892
2 1639
2 1381
1 1137
2 1661
1 271
2 718
1 687
1 1295
1 1073
2 2007
1 805
2 383
2 1225
1 1490
1 1258
1 2038
2 855
2 622
1 1587
2 226
1 1911
1 2150
1 1999
1 477
2 85
2 309
1 2224
2 256
1 1303
1 1833
2 742
2 605
2 2101
2 429
1 1334
1 968
1 1216
1 2034
1 2240
2 709
1 849
1 296
1 1332
1 750
2 257
2 571
1 1262
1 1825
1 1198
1 2158
2 1914
2 1979
2 1626
2 1241
2 419
2 290
2 376
1 1425
2 358
1 648
1 20
1 1636
1 740
1 2052
1 488
2 1860
2 1279
2 88
1 577
2 654
1 343
2 95
2 1255
2 921
2 876
1 680
1 633
1 412
2 1512
1 712
1 937
1 692
2 1741
1 236
2 1608
2 956
2 2141
1 1704
2 1040
2 783
2 1557
1 1831
1 1880
2 1310
1 1230
1 1175
1 1031
1 25
2 1170
1 1276
2 876
1 1143
1 337
1 1095
2 844
2 1720
2 2161
2 1460
2 1030
2 1881
2 1646
2 374
2 1063
1 2232
2 747
2 1270
2 1844
1 628
1 1276
2 1954
2 1170
2 1801
2 2016
1 1919
2 641
2 1919
2 1713
1 1928
1 1191
2 945
1 1116
2 957
2 755
1 1611
2 1097
1 2035
1 2213
2 1000
2 1755
2 174
2 1760
1 127
1 534
1 372
2 399
1 1259
2 2126
1 436
2 1826
1 462
1 1311
2 379
1 1461
1 1197
1 146
2 998
1 242
2 2186
2 1663
1 1720
1 2285
2 398
1 1778
2 1642
1 29
2 240
2 457
2 597
1 329
1 797
1 751
1 2256
2 2027
2 562
1 2111
2 1438
1 1194
1 2200
1 280
1 2174
1 144
1 675
2 12
2 948
2 109
1 36
1 1905
2 43
2 1982
1 1150
2 2005
2 710
1 1498
1 626
1 2022
1 2143
2 1463
2 1255
2 418
2 14
2 2252
2 1832
1 1607
1 2040
1 1774
1 2061
1 917
1 1978
1 1558
2 504
1 2277
1 1893
2 977
2 2160
1 1059
1 1473
2 1734
2 279
1 1465
1 1735
1 429
1 1538
2 1382
2 1662
2 625
1 1914
2 1723
2 405
2 1307
2 2239
1 1363
2 1823
1 2042
2 1858
1 1196
2 224
2 628
2 974
1 2269
1 1303
2 1321
2 52
1 921
2 943
1 2214
2 1337
1 978
1 985
2 1481
1 879
2 2185
2 1474
1 1350
2 540
2 1451
2 1102
2 2130
1 502
2 290
2 1371
1 2207
2 1306
2 2253
1 541
1 1621
2 205
2 279
1 344
2 1149
1 1200
2 353
2 539
2 2149
2 716
1 895
1 545
1 767
2 1562
2 1708
2 442
1 1263
1 191
1 1688
2 355
1 316
2 749
2 479
2 1568
2 1168
2 1105
1 513
2 608
2 806
1 323
2 793
2 503
1 2220
1 777
2 126
2 1837
1 2010
1 2193
1 1645
1 200
2 817
2 606
2 1531
2 1651
2 2070
1 1989
2 364
1 1985
1 1368
1 2208
2 1677
2 380
1 1125
2 916
2 1843
2 1599
1 2087
1 371
2 2124
2 411
1 2234
1 79
1 1631
1 1380
1 1648
1 2085
2 2057
1 185
1 1689
2 431
1 80
1 704
1 1318
2 60
2 979
1 1058
2 181
2 119
2 302
2 2132
1 2217
2 1830
1 2189
2 173
2 1175
1 1960
2 469
1 1973
1 856
1 780
1 247
1 158
1 1630
2 1329
2 2092
2 2060
2 1625
2 1721
1 1534
1 998
2 1319
2 1101
1 11
1 1604
1 1212
2 192
2 1674
1 1431
2 1658
1 1405
1 1269
1 1690
2 1565
2 1664
2 269
1 1282
1 982
1 2106
2 2043
1 939
2 1934
1 565
1 17
1 1676
2 310
2 131
2 446
1 1803
1 176
1 1865
1 2216
1 171
2 1498
2 27
2 817
2 1752
2 1373
2 1812
2 859
1 642
2 1781
