4100 2500
1 604
1 1928
1 557
2 694
2 1296
2 76
2 2007
1 1763
1 1537
1 83
1 949
2 2043
2 1021
2 686
1 1437
2 804
1 939
2 223
2 421
2 814
1 38
1 108
1 1277
1 701
1 1339
1 722
1 1551
1 105
1 1575
1 1249
2 1965
2 218
2 1055
1 1694
1 789
2 1670
1 1199
2 749
2 1564
1 1901
1 1685
2 1155
1 1242
1 1786
2 1140
1 1566
1 668
2 139
2 827
1 1212
2 1843
1 119
2 1470
2 192
2 671
2 1733
1 957
1 284
2 153
1 587
2 1388
2 1602
1 128
1 1675
1 132
1 1085
1 1460
1 650
2 470
1 970
1 1910
2 588
2 655
2 613
2 662
1 1272
2 1630
2 296
1 929
1 394
2 886
1 85
1 1325
1 774
2 1464
2 915
2 6
2 768
2 1638
1 1110
2 569
2 1510
1 721
2 1357
2 107
1 38
1 1661
1 1356
2 882
2 1275
2 1848
2 1726
1 1693
2 434
2 1016
1 252
2 1218
2 856
2 1627
2 1588
1 898
1 45
2 1129
1 950
1 1022
2 1296
1 1767
2 1135
1 1601
2 1294
2 504
1 1224
1 16
2 554
1 1356
2 575
2 1490
2 210
1 221
2 834
1 1187
2 525
1 1225
2 1435
2 1666
2 27
2 1281
1 203
1 168
2 219
2 1472
1 563
1 1217
1 853
2 1523
2 44
1 182
1 818
2 1738
1 1333
2 1925
2 1058
1 1993
1 833
2 421
2 313
1 93
2 13
1 1820
2 2010
1 140
1 58
1 766
2 1880
2 1690
2 67
2 953
2 14
1 1687
2 1266
2 1537
2 1715
1 834
1 1300
1 145
2 846
2 119
2 837
2 1790
1 547
2 877
2 285
1 1563
2 1941
2 1823
2 212
2 397
1 491
2 1658
1 663
1 918
1 1391
1 994
2 1587
2 129
1 1915
2 644
1 2027
1 865
2 1088
1 373
1 633
2 1694
2 322
1 50
2 1165
1 1293
2 2024
1 1412
1 17
1 1076
1 371
1 1066
1 1396
2 1450
1 685
1 558
1 1325
2 1293
2 690
1 672
1 1998
1 855
1 338
1 1924
1 2028
1 969
2 163
2 350
2 762
1 90
2 1517
2 235
2 1815
2 422
2 165
2 1762
2 1086
1 1717
2 423
1 1543
2 639
2 1764
1 1952
1 758
1 1083
2 147
2 1151
2 2029
2 638
2 120
2 672
1 8
1 538
2 831
2 1196
2 1053
2 1290
1 470
1 1086
2 995
2 1444
2 432
1 599
2 1308
1 401
2 1411
1 1490
1 1855
1 201
1 1948
2 1379
2 971
1 2000
2 1063
1 1883
1 2050
1 597
2 899
1 5
1 904
2 43
1 1054
2 1363
1 1070
1 485
2 781
1 524
1 1886
1 1542
2 1455
2 882
2 963
1 1984
1 1304
1 12
1 1247
1 1007
2 1607
1 1929
2 1981
1 1313
1 1986
2 551
1 1047
1 965
2 153
2 791
2 1262
2 1894
2 1678
2 1000
2 1287
1 1926
2 1936
1 1810
2 1914
2 1034
1 360
2 1680
1 656
2 1200
1 1731
1 68
1 1965
1 803
1 1274
2 1585
1 1140
2 170
2 1703
2 974
1 2022
1 1959
2 808
2 1513
1 606
2 658
2 1001
1 908
2 1377
1 1896
1 921
1 792
1 1405
2 391
2 1368
1 1216
1 1457
1 1317
2 1661
1 1750
2 1512
1 1860
2 172
1 764
2 1804
1 297
2 1425
1 982
1 712
2 70
2 1997
2 1912
1 947
2 666
1 2034
1 1499
2 710
1 838
2 2016
1 1738
1 2049
2 101
2 609
2 33
1 1500
2 389
2 979
1 390
1 614
1 305
2 1062
2 1228
2 967
1 1428
1 1909
2 293
2 1651
2 268
1 813
1 1251
2 667
2 376
2 884
2 821
1 1271
2 393
2 609
2 618
1 440
1 1197
1 57
2 1601
2 1375
2 222
1 1100
1 444
2 1819
1 228
1 514
2 1785
1 106
1 246
2 670
1 1836
1 1048
2 1951
1 320
1 405
1 1506
2 877
1 1676
2 1817
1 1854
1 461
2 1755
1 1683
1 966
2 1400
1 115
1 1730
2 1366
1 580
1 716
1 572
1 1243
2 666
1 1576
1 1030
2 242
2 1263
1 1005
2 1899
2 1689
1 1641
1 1555
2 243
1 225
1 2006
1 1295
2 1041
2 1911
1 395
1 596
2 1438
1 1124
1 962
2 245
1 1158
2 1355
1 1787
2 1120
2 439
2 1499
2 1389
2 851
1 1639
1 161
2 398
2 464
2 1982
1 1677
1 1981
1 847
2 443
1 659
1 1116
2 1834
1 1757
1 150
2 520
1 1257
1 1640
1 1806
1 1045
1 340
2 379
1 226
1 1849
1 1597
1 1403
2 180
2 579
1 477
2 276
1 150
2 1792
1 1076
1 1886
1 1749
1 805
2 665
1 2019
2 1502
2 1052
2 1041
2 367
2 625
1 1462
2 398
1 415
1 1725
2 167
2 160
2 1206
1 1975
1 1704
2 73
1 1540
2 748
1 729
2 645
2 351
2 998
2 811
1 508
1 1809
2 1516
1 1128
1 617
1 969
2 681
2 1746
2 57
2 265
1 1594
1 1209
1 1832
2 114
1 510
2 704
1 356
2 626
2 1714
1 1186
1 1974
1 1890
2 1744
2 1187
1 444
1 323
2 1621
2 586
2 796
1 576
1 171
2 1953
2 1011
1 1619
1 942
1 927
1 1406
1 1530
2 1554
2 270
1 754
1 264
1 488
1 1068
2 220
1 1503
1 1811
2 1300
1 1176
1 594
1 1168
1 1394
1 449
1 183
2 1842
2 1722
2 1654
2 1144
1 1436
1 1371
2 2042
2 963
1 1747
1 409
2 846
1 1056
2 1829
2 1807
1 972
2 1509
2 339
2 1912
1 1124
1 1211
2 1226
2 592
2 1108
1 1862
2 1946
1 922
2 954
1 452
1 66
1 134
1 640
2 1392
1 1961
1 976
1 520
1 688
1 51
2 286
2 785
2 629
1 130
2 638
2 502
1 1605
2 1609
2 1574
1 1301
1 2037
2 286
2 496
1 1502
2 1570
2 28
1 1192
2 324
1 712
2 1292
1 166
2 1268
1 1361
1 1842
2 1181
1 1817
2 1297
2 591
1 980
2 1185
1 911
1 486
1 830
1 410
2 521
1 2025
1 1112
1 211
1 1344
1 162
1 1351
1 1319
1 1512
2 607
1 589
2 1691
1 1766
2 722
1 1360
2 1477
1 136
1 461
1 723
1 1402
1 452
2 1866
2 1161
2 684
2 1042
2 929
2 1591
2 917
2 1982
2 1335
2 1880
2 773
2 334
1 1557
1 1019
2 1978
1 1281
2 469
2 1496
2 149
2 1376
2 184
2 358
2 1674
2 657
1 80
2 1915
1 863
1 1675
1 8
2 1285
1 447
1 1459
1 221
1 103
1 2032
2 1439
1 698
1 790
1 1570
1 1919
2 889
1 1642
2 532
2 1926
1 957
1 1170
2 167
1 1291
2 701
1 888
1 1067
1 1053
2 1992
1 1612
2 779
1 968
2 1644
1 1322
1 472
2 363
2 1113
2 307
2 76
2 82
1 477
1 154
1 1801
1 1966
1 1396
1 612
1 186
2 1649
2 1791
2 1707
2 1291
1 1473
1 64
2 1491
2 2
1 1948
1 1622
2 1505
1 1620
2 146
2 550
2 1617
1 1763
1 313
2 1776
1 1564
1 1872
1 1260
2 690
1 1209
1 972
1 489
1 1362
1 406
2 1689
1 874
2 424
2 552
1 1417
2 946
1 1381
2 1461
1 1599
2 205
2 794
2 1
1 1303
1 1616
2 1854
2 516
1 1951
2 1287
2 1532
2 411
2 1940
1 1955
1 578
1 1054
1 1838
2 347
1 481
2 1592
1 1452
1 608
1 1862
1 63
1 1058
2 1991
2 1014
2 1715
1 1813
2 1261
2 909
1 446
1 1458
1 464
2 1507
1 20
2 378
2 943
1 1262
1 781
2 88
1 1688
2 2046
1 1018
2 1172
1 1370
1 423
1 662
2 506
2 593
1 428
1 1975
2 862
2 622
1 1482
1 1040
2 1723
1 163
1 1221
2 1379
1 238
2 1207
2 1922
1 1175
2 1541
1 1914
1 1615
1 1967
2 34
2 1398
2 405
1 804
1 1134
1 157
2 842
2 1121
1 1095
1 496
1 377
1 239
2 458
1 1999
2 1731
2 1717
1 1745
2 230
1 122
2 842
2 364
1 1812
1 1725
2 894
2 1185
1 1809
2 255
1 490
1 1642
1 1897
1 1454
2 494
1 1488
1 770
1 1414
2 507
1 1192
2 1102
2 832
2 1916
1 669
1 540
1 505
1 948
2 719
1 853
2 1700
1 558
1 1317
1 554
2 49
2 1280
2 1229
2 1727
2 1330
2 1831
1 1182
1 194
1 466
1 198
2 83
1 825
2 1321
1 777
2 10
2 181
2 941
1 1709
2 1801
1 995
2 1179
2 826
1 1461
1 1519
2 1049
2 632
1 1198
1 1480
2 295
2 1160
2 1949
1 1382
2 92
1 1980
2 916
2 1198
2 420
1 133
2 1297
2 966
2 1956
1 431
1 2004
2 1925
2 366
2 923
2 1771
2 233
1 1954
2 858
1 1489
1 1312
2 128
2 876
2 387
2 940
2 1758
1 977
2 331
2 1373
1 1968
1 1946
1 568
2 1863
2 390
2 1244
2 678
1 661
2 1606
2 808
2 165
2 454
1 1082
1 56
2 1401
1 881
2 1668
1 450
1 260
2 1380
1 9
1 107
2 462
2 673
1 1330
2 111
1 1440
2 1600
1 1226
1 589
1 2027
1 1967
2 1530
1 1155
2 254
2 142
1 1849
2 530
2 946
2 1215
1 1558
2 1699
1 1110
2 543
1 1182
1 389
1 1471
1 1612
2 2020
1 1935
2 1205
1 1348
2 1078
2 1563
1 786
2 1933
1 1150
2 186
2 747
2 476
2 560
1 936
1 1805
1 706
1 1827
1 124
2 1447
2 1485
2 1987
1 1770
2 1044
2 1848
1 1902
2 1591
1 699
2 1514
1 396
1 1043
2 810
1 468
1 1637
2 910
1 25
1 1871
2 641
2 1186
1 1845
1 19
2 953
2 91
1 1228
2 1309
2 1927
1 1421
1 98
1 212
2 66
2 1554
2 693
2 1079
1 1789
1 1710
1 680
1 339
1 920
1 1706
2 1072
2 1477
2 1544
1 1941
2 835
2 1257
1 12
1 419
2 1905
2 750
1 324
2 322
2 1784
1 39
2 1109
2 2010
2 1117
1 1746
1 1030
2 467
1 1139
2 1782
1 397
1 384
2 1695
2 1419
2 384
2 2011
1 918
1 1535
1 875
2 289
1 1452
2 1856
1 766
2 952
1 1409
1 654
2 965
2 702
1 1323
2 228
1 1230
1 241
2 1504
2 1098
1 283
1 1020
1 1989
2 381
2 1629
2 1853
2 84
1 98
2 1059
1 1500
2 985
1 1958
2 362
2 1442
1 95
1 162
1 326
1 2004
1 776
2 939
2 729
2 1256
2 410
1 117
2 1345
1 1137
1 1189
2 342
1 847
2 1220
1 1015
2 2002
1 1460
1 1270
2 1624
2 1033
1 1628
1 1783
1 1706
1 746
1 667
1 2032
2 1877
2 112
1 897
2 1177
1 256
2 731
1 1386
2 1120
2 1894
2 1640
2 1716
1 578
1 1327
1 1831
2 2044
1 541
2 1580
1 585
2 1811
2 989
2 1233
1 1268
1 1316
1 454
1 864
1 1739
2 951
1 1899
1 304
2 907
1 1224
2 1409
1 315
2 1798
2 1593
2 1269
1 202
2 1386
2 1106
1 159
2 1235
1 1381
1 1144
1 35
2 1334
2 1973
1 1161
1 1206
2 1824
2 189
2 1149
1 277
2 298
2 102
1 1343
2 792
1 865
1 1246
1 1476
1 504
1 1693
1 383
2 388
2 341
1 148
1 1751
1 1484
2 1090
1 1118
2 1515
2 1528
1 1136
2 458
2 1147
1 287
2 1301
1 596
2 564
2 1266
1 3
1 74
2 1800
1 1127
2 402
2 1042
2 2023
2 433
2 314
1 1846
1 1525
2 1822
1 692
2 1955
2 688
2 1208
1 412
1 15
2 1834
2 901
2 267
2 478
1 518
2 37
2 676
1 406
1 354
1 1878
1 1841
1 610
2 1184
1 1719
2 1681
1 812
2 1237
2 1599
1 1095
1 323
1 1278
2 1332
2 185
2 2006
1 1250
2 1820
2 1064
1 1324
2 1645
2 482
1 823
1 116
2 1855
1 1923
2 1577
1 579
2 784
1 483
1 1307
1 982
2 718
2 1937
1 1111
2 1154
1 744
1 1633
1 327
2 1624
1 1908
1 987
2 522
1 1995
2 753
2 1879
1 1959
1 86
1 1985
1 1294
1 1819
1 1031
2 2023
1 567
1 1234
1 960
2 1141
1 1719
1 247
1 780
2 627
1 1094
1 1538
1 1970
1 21
2 2008
2 181
2 1671
1 1546
1 906
2 1353
2 1481
2 1421
1 331
1 861
1 1025
1 476
2 1082
2 641
1 1567
1 793
1 1699
2 312
1 1405
2 14
2 522
1 1598
2 1784
1 1340
2 788
1 1634
1 1143
1 54
1 377
1 1683
1 1008
2 986
1 1796
2 306
1 304
2 517
1 721
1 1701
2 1749
2 1395
1 849
1 887
1 738
1 991
2 897
2 217
1 550
1 1059
1 1560
2 519
2 949
2 1986
1 533
2 1183
2 908
1 1279
2 1867
1 1449
2 65
2 1131
1 978
2 143
1 253
2 1536
1 1376
1 619
1 752
2 762
2 1665
2 850
2 1875
1 735
2 26
2 718
1 1553
2 308
2 891
2 1548
1 1116
1 332
2 591
2 275
2 1153
2 1475
1 294
2 1664
2 1944
1 78
1 623
2 553
1 282
2 1365
1 409
2 1093
1 1665
2 786
1 1589
2 1603
1 1456
1 1399
2 713
2 800
2 958
2 176
2 570
1 1416
1 125
1 1779
1 875
2 359
2 782
1 1781
2 1107
1 593
1 355
2 912
1 772
2 1740
1 1009
1 1285
2 243
2 627
1 441
1 601
1 495
2 1024
1 1682
2 360
1 574
1 152
2 1422
1 1608
1 481
2 1829
1 615
1 836
2 71
1 703
2 1310
2 1928
2 79
1 895
1 1525
2 346
2 1283
2 1730
1 180
2 616
2 1195
2 1764
2 1632
1 767
1 1442
1 175
2 1566
1 581
2 429
2 750
1 1744
1 1600
2 977
1 2041
1 359
1 1346
2 1251
1 351
1 736
2 445
1 1145
2 1614
2 4
1 52
2 539
2 141
2 434
1 1071
2 756
2 1292
1 1962
1 1358
2 217
1 958
1 381
1 1610
1 751
1 1522
1 1974
1 473
1 618
1 1765
2 1306
2 642
2 561
1 251
1 1678
1 527
1 1451
2 1311
2 1159
2 273
1 274
1 1342
1 1422
1 1425
2 1707
2 541
2 148
2 948
2 97
2 117
2 115
2 1007
1 1036
1 919
1 1387
2 871
1 426
1 565
2 68
1 821
1 259
2 1673
2 2044
2 1741
1 15
2 1255
2 800
1 2040
2 41
2 1876
2 500
1 1532
1 29
1 528
2 1792
2 1012
2 489
2 880
2 697
2 147
1 848
2 605
2 829
1 1445
2 422
2 920
2 811
1 31
1 231
1 1896
2 1916
2 947
1 528
1 1892
1 501
1 1789
2 1578
1 1881
2 523
2 321
2 643
1 1844
2 1498
2 1254
1 1347
2 1833
1 1999
1 582
2 733
1 240
1 1466
1 1010
1 1908
1 1945
2 1188
2 890
1 1868
2 315
2 1839
2 1889
2 482
2 1597
2 1620
1 771
1 1705
1 1096
2 1863
1 682
2 365
1 446
2 737
1 1088
1 1846
1 867
1 635
2 215
2 645
2 1996
1 888
1 2005
1 1539
1 1060
2 1755
2 991
2 474
1 1277
2 1178
2 928
1 1412
2 1745
2 1101
2 293
1 1450
1 108
1 1479
1 486
1 1949
1 141
2 1438
1 755
1 1890
1 1383
1 1874
1 829
2 1996
1 382
1 380
1 1727
2 572
2 1518
1 979
1 1132
1 437
2 268
1 1906
2 1483
2 934
2 402
1 794
2 1347
2 906
2 1101
2 631
2 1872
2 1722
1 795
2 775
2 1882
2 1143
1 1107
2 562
1 1380
2 1365
2 1865
2 2031
1 380
2 1535
1 414
1 1977
1 499
1 1654
1 143
1 1824
1 1232
2 201
2 569
2 137
1 902
2 1942
1 155
1 1217
2 1918
1 1650
2 387
2 1448
2 649
1 223
1 74
1 574
1 601
1 1932
1 1013
2 2018
1 1401
2 236
1 818
1 706
1 654
1 13
2 1135
2 1850
2 1003
2 113
2 844
2 1204
1 621
1 1216
1 1415
1 1443
1 152
1 1009
2 938
2 1534
2 189
2 1832
2 1903
1 1622
1 280
2 1188
1 1318
2 393
1 1796
2 594
1 707
2 1592
1 1367
2 1508
1 1304
1 1366
2 1478
1 930
2 1211
1 822
2 1276
2 46
2 867
2 462
1 981
1 399
1 1929
1 1202
1 1351
2 1355
1 1658
2 916
1 1168
1 664
1 303
2 1856
1 1133
2 1341
1 1584
1 914
2 1595
2 668
1 1491
2 399
2 1847
2 1119
2 1231
1 962
2 126
1 648
2 249
1 1759
1 1044
2 1990
2 1179
1 828
1 2039
1 1019
2 1037
2 915
2 1231
1 1283
1 1067
2 388
2 30
1 343
1 44
2 1586
1 1104
1 1190
2 1459
2 1770
2 122
2 135
1 1080
1 111
1 1184
1 1344
1 700
2 1046
2 1760
1 595
1 1282
1 913
2 1934
2 903
1 1696
2 1743
2 338
2 1993
2 1686
2 1051
2 1162
1 1906
1 1907
1 335
1 1933
2 740
1 1029
2 93
1 1995
2 1
2 1393
1 1363
1 1471
1 704
1 447
1 1904
1 1742
2 279
1 2034
2 856
1 58
1 1315
2 156
2 295
1 1233
2 1589
1 537
2 1524
1 1923
1 213
2 510
1 1433
1 941
2 1286
2 1223
2 502
2 16
2 1467
1 557
1 234
1 927
1 603
2 301
1 996
1 898
2 1732
1 807
2 347
2 2045
1 1163
2 1336
2 204
2 39
2 424
1 1568
1 1299
2 336
1 1472
2 1368
2 1529
1 1191
1 197
2 1765
1 4
1 625
1 310
1 208
1 1988
2 435
2 1302
2 537
1 857
1 488
1 797
2 1553
1 872
2 1399
2 278
2 1189
1 819
2 1038
2 1273
2 785
2 1483
2 563
2 1837
1 680
2 1005
1 164
2 1713
2 1533
2 480
2 1781
1 1617
2 391
2 455
1 1004
1 1969
2 1323
2 639
2 314
1 559
2 25
1 1917
1 586
1 971
2 1627
1 1354
2 1203
2 1219
1 471
1 367
2 48
1 836
2 984
1 1284
1 188
2 992
1 2016
1 724
2 302
1 110
2 427
1 1887
2 193
2 30
1 1662
1 2031
2 2033
2 1232
1 471
2 256
2 214
1 1352
1 1852
1 1760
2 1451
1 1869
1 1773
2 1339
1 51
2 643
1 1097
2 1726
2 1705
1 1539
1 1869
1 904
2 1576
2 1465
2 81
2 1434
2 1751
2 1089
1 911
1 1619
1 1006
2 1468
2 156
1 1635
1 1326
1 1822
1 765
1 984
1 169
2 1931
2 1574
1 780
1 1843
1 1027
1 1162
1 400
1 267
2 556
1 1695
1 1978
1 55
1 1637
2 758
1 1691
1 1261
1 597
1 869
1 284
1 1205
1 1245
1 59
2 1608
2 1364
1 188
2 1159
2 1645
1 196
1 1333
2 817
1 1340
1 298
2 140
2 1426
2 570
2 1493
1 653
1 893
2 714
2 179
2 328
2 263
1 1002
1 272
2 1782
2 216
2 1496
1 1348
2 661
1 2001
1 1430
2 1938
2 408
1 2019
2 1939
1 258
2 411
1 1034
2 844
1 272
1 1891
2 1249
2 1077
2 1065
2 826
2 696
1 1963
2 1407
2 514
2 1702
1 1051
1 250
2 1874
2 1441
1 1160
1 1613
1 1878
2 1112
2 1656
1 1038
2 1998
1 1408
1 1017
1 961
2 617
2 922
1 32
1 349
2 1220
2 1569
2 1821
2 703
2 468
2 1663
1 42
2 1023
1 1114
1 723
2 125
1 1410
1 1672
2 2030
2 62
1 548
2 353
2 1016
1 224
1 1066
2 1845
2 1164
2 973
1 47
2 885
2 683
2 1146
1 1011
1 1003
1 1466
1 46
2 1734
2 75
1 1437
2 1400
1 715
1 264
1 1410
2 902
1 1174
1 1879
1 1775
2 1105
1 1972
1 1528
1 507
1 190
2 745
2 1398
1 1453
1 1701
2 308
1 793
1 346
2 2039
1 1243
2 1334
2 1314
2 417
1 1406
2 1542
2 724
2 997
2 450
1 2025
2 1690
1 1686
2 1299
1 1523
2 603
2 1793
2 1788
1 9
1 633
2 952
1 1096
2 1708
2 1074
1 1023
1 623
1 650
2 1359
2 1668
2 1588
1 1710
1 1976
1 702
1 660
1 2021
1 532
1 1151
2 1692
1 1713
1 1634
1 1372
2 917
1 182
1 1364
1 1572
2 921
2 1433
2 328
2 82
2 1354
2 1958
1 1091
1 1957
1 1015
2 1255
2 585
2 797
1 622
2 501
2 1020
1 491
2 549
2 782
2 69
2 1208
1 193
1 1891
2 1629
2 1476
1 1207
1 629
2 1069
2 1581
2 200
2 139
1 964
1 905
2 539
2 1960
2 828
2 1244
1 1218
2 1441
2 993
2 1613
2 199
2 2040
2 428
2 1183
1 168
2 905
2 559
2 1310
1 1132
1 892
1 607
1 656
1 1230
1 1157
2 195
1 2042
2 1714
2 369
2 1777
2 1032
1 879
2 177
2 332
2 1840
1 1692
1 10
2 1221
2 1199
2 404
1 506
1 1440
1 2007
1 809
2 684
2 1649
2 1652
2 1636
1 453
2 1083
1 1836
1 1320
2 1708
1 1329
2 3
1 503
1 871
2 1240
2 1605
1 1424
1 1081
2 1814
1 624
2 277
2 1927
1 838
1 1718
1 1374
1 869
2 200
2 2029
1 689
2 325
1 376
2 925
2 1852
1 1892
1 371
1 1487
2 665
2 1655
1 1920
1 1470
1 218
2 237
2 1583
1 1950
1 783
1 1877
2 565
1 1883
1 26
2 619
1 671
1 852
2 1526
2 1853
1 1997
2 394
2 630
2 1859
1 754
1 1444
1 53
2 798
2 1851
1 1805
1 1403
1 375
1 1129
2 1898
1 1783
1 708
1 326
2 1081
2 1494
1 472
1 1778
2 734
1 1674
2 1573
2 35
2 1028
1 179
1 229
1 1657
1 1106
2 734
2 807
1 822
1 809
2 1036
2 981
2 931
2 1488
1 1779
1 932
1 130
1 1635
1 1181
2 1885
1 1911
1 1603
2 1684
1 1806
2 1427
2 62
2 757
1 543
2 1156
2 1920
2 1480
2 1643
1 309
2 1653
2 1127
2 1474
2 1702
1 1259
1 114
1 679
1 1900
1 78
1 310
2 1569
1 1194
1 357
1 2047
1 833
1 843
1 647
2 370
2 1303
1 72
1 778
2 1457
1 674
2 1274
1 545
1 157
1 1423
2 1371
1 1432
2 1271
2 42
2 1434
1 1176
1 612
1 1063
2 1968
1 1571
2 1280
1 1149
1 255
2 305
2 544
2 1275
2 291
1 1411
2 317
2 1546
2 1940
2 262
2 635
1 1352
2 709
2 1931
1 158
1 448
1 1580
2 1154
1 1861
1 1169
2 527
1 1420
1 841
1 1048
1 5
1 1087
2 985
2 1311
1 955
2 1889
1 1350
1 289
1 1318
2 203
1 1737
2 169
1 1260
2 886
1 1898
2 1197
2 1513
2 232
2 1213
1 1279
1 777
2 1866
2 575
2 1761
1 1486
1 465
2 275
2 817
2 1239
1 60
1 1384
2 763
2 210
2 670
2 1469
1 1419
2 1070
2 677
2 344
1 620
2 1519
1 262
2 1000
1 99
1 1800
2 244
2 1115
2 1772
2 1989
1 469
1 1660
1 863
1 479
2 1142
1 956
2 600
1 303
2 2043
1 1375
1 1104
1 1930
1 1638
1 63
1 294
1 1462
2 727
1 573
2 1631
1 176
1 1813
2 1808
2 901
2 230
1 355
2 385
2 103
2 1618
2 968
1 848
2 72
2 1424
2 1961
1 319
2 747
1 320
2 1752
2 206
1 70
1 1236
1 719
1 583
2 36
1 257
2 889
1 545
2 859
1 519
2 1370
1 329
1 1818
2 1250
2 1002
2 1895
1 437
1 1236
1 675
2 1358
1 987
2 1864
2 1721
2 1402
2 357
1 123
2 697
2 1797
1 1109
2 198
2 1905
1 547
2 497
2 576
1 2015
2 1369
2 22
1 739
1 832
2 1152
2 321
2 352
2 955
2 1526
1 1795
1 1987
2 1388
2 121
1 194
2 11
1 1944
2 1253
1 1815
2 2046
2 961
2 281
2 1259
1 329
1 2028
2 699
1 220
1 1492
2 1373
1 825
2 503
2 959
2 1647
2 1939
2 630
1 142
1 178
2 1131
1 708
2 1507
2 118
1 696
2 1610
2 912
1 144
1 1193
2 524
2 1128
2 814
2 592
2 1979
2 1099
2 983
2 231
1 1153
1 241
2 45
2 316
2 269
1 1596
2 1793
1 1679
1 732
2 1704
1 999
2 1071
1 624
2 1247
2 1774
2 240
2 234
1 1511
1 691
1 1873
1 1875
2 1586
1 1945
2 567
1 463
2 1555
2 1210
1 1962
2 928
1 493
1 1360
1 1971
1 238
2 870
1 1314
2 288
2 769
2 199
2 2012
2 1111
2 775
2 22
1 247
2 742
2 512
2 1173
1 407
2 459
2 1049
1 1146
1 113
1 1650
1 438
1 926
2 511
1 903
2 1191
1 1753
1 861
1 232
2 1788
2 615
1 1972
2 1194
1 135
1 2009
2 1850
2 1520
1 1964
2 1505
1 1223
2 187
2 1534
1 1413
1 1565
2 1682
1 990
1 1919
1 451
1 245
1 1171
1 215
2 257
1 151
1 632
1 196
1 675
2 1697
1 252
1 1602
1 1752
1 728
1 1115
1 134
2 695
1 173
2 1418
2 1103
1 1448
2 542
1 709
1 1418
2 604
2 1540
1 787
1 1242
2 2002
2 1864
2 1068
2 730
2 1703
2 940
1 776
1 1777
2 49
1 2001
1 214
2 1794
1 720
2 374
2 1794
2 1956
1 659
2 209
2 1142
1 362
1 866
2 441
2 716
2 1560
2 283
2 1122
2 29
2 224
2 1753
2 896
2 1075
2 1807
1 1043
1 483
2 353
1 919
1 1204
2 1582
2 1985
2 187
1 419
2 435
1 1037
1 577
1 730
1 512
2 1102
1 515
1 1966
1 873
1 1538
2 1522
1 333
2 1521
2 475
1 652
1 839
1 879
2 1983
1 751
1 1575
1 1520
1 868
1 1885
2 746
1 1227
2 1430
2 1954
1 783
2 451
2 999
2 299
2 337
1 263
2 849
2 1684
1 1173
2 1541
2 1969
2 77
2 1489
1 1825
2 843
2 1180
2 883
2 678
2 552
1 587
2 685
1 1663
1 588
2 449
2 370
1 1060
2 427
1 379
2 1909
2 1039
1 546
1 1157
1 1273
2 1148
2 1449
1 628
2 197
2 1397
2 1362
1 694
1 1844
1 1064
1 1169
2 1264
1 356
1 525
1 841
2 1971
1 1767
2 1833
1 1501
1 418
2 1383
2 1439
2 276
2 677
1 705
2 1150
2 779
1 857
2 1286
1 1802
1 1646
2 138
1 1979
1 396
2 1659
2 1598
1 534
1 1075
1 899
1 1611
2 725
2 291
1 492
1 306
2 801
2 1980
2 1716
1 105
2 523
1 1269
2 1548
1 270
1 1417
2 311
1 1579
2 1720
1 1913
1 892
2 1504
2 350
1 440
2 145
1 2009
2 725
2 235
2 1137
2 772
1 56
2 769
1 1341
1 166
2 456
1 121
1 1404
2 1404
2 1125
1 233
2 281
1 1241
1 24
1 271
1 1750
2 185
1 815
1 21
1 33
1 1718
2 891
2 418
2 564
2 1032
1 1234
2 862
1 485
1 714
2 1759
1 292
2 1804
2 354
1 1698
1 456
1 436
1 1378
1 959
1 741
2 2050
1 1644
1 715
2 1248
1 1676
2 1550
1 1571
1 1723
2 936
2 109
2 1057
2 1947
1 229
2 788
2 430
1 1200
2 6
2 1581
2 1808
2 392
1 2017
2 1118
1 1609
1 474
1 1225
2 1278
2 859
2 1573
2 73
1 935
1 799
2 1737
1 726
2 1473
2 796
2 824
2 1420
2 1052
2 1630
1 935
2 1775
2 1988
1 1130
2 1533
1 280
1 442
2 106
1 34
2 151
2 787
1 490
2 97
2 1212
2 773
1 498
2 416
1 765
2 1935
1 555
1 1943
2 1942
2 1803
1 1518
2 386
1 500
2 1130
1 222
2 1828
1 816
2 938
2 820
2 249
1 1596
1 1123
2 914
2 227
1 250
2 881
1 868
1 1202
1 1072
1 48
1 492
1 1214
2 2021
1 254
2 2047
2 84
2 616
1 1097
1 614
2 1565
2 1895
2 349
1 183
1 669
2 2041
1 526
1 1309
1 1061
2 1964
2 274
1 599
1 1884
2 1219
1 1114
1 61
1 535
1 47
1 171
1 760
1 1017
1 753
1 884
2 226
2 318
1 711
1 1094
1 990
1 1861
1 910
2 132
2 1136
1 1766
2 1158
1 960
1 1633
2 2035
1 1680
1 1922
2 1414
1 1812
1 652
1 1669
1 1724
1 571
1 1902
1 170
2 27
2 651
2 2048
1 1295
1 692
1 683
2 988
1 1203
1 1372
2 1932
1 87
1 1035
1 1747
1 344
2 1468
1 1651
1 436
1 401
1 1290
1 1196
1 1670
2 1734
1 369
1 1119
1 819
2 1453
1 146
2 425
2 674
1 202
2 1307
2 1903
1 1001
1 720
2 1108
2 1536
1 1830
2 628
2 1045
2 740
2 839
2 1771
1 1324
2 209
2 2038
2 1426
1 562
1 271
1 1604
2 1463
2 606
2 1079
2 1503
1 1531
2 864
1 1345
2 1756
2 2030
2 327
2 1319
2 1431
2 1346
1 878
1 1429
2 1105
1 1193
1 17
2 1623
2 1464
1 416
2 1825
1 1515
1 556
1 1918
2 1487
1 1830
1 67
2 1741
2 1802
2 854
1 1458
2 686
2 363
1 104
1 1648
1 605
2 1447
2 1881
2 1265
2 227
2 81
2 1272
1 43
2 1258
2 885
1 287
1 1625
1 253
1 655
2 1531
1 682
2 319
1 880
2 837
1 533
1 850
2 513
1 307
2 649
2 378
1 1735
1 1859
1 840
2 1711
2 573
2 480
2 1803
1 1229
2 1639
2 1785
1 945
1 998
2 361
2 1786
1 1647
2 1415
1 1582
1 1860
2 1791
1 1245
1 1816
2 1870
1 988
2 1952
1 1321
1 400
1 1495
1 1195
1 1025
2 1267
2 1590
1 100
1 1698
2 1133
2 1868
1 695
2 820
1 1167
2 1552
2 1316
2 1342
2 1080
1 1263
1 455
1 646
2 511
2 791
2 1172
2 774
2 1857
1 761
1 802
2 590
1 1790
2 602
2 1893
2 529
2 1328
2 1446
1 756
2 1936
1 1482
1 1061
2 420
2 101
1 1028
2 1924
1 743
1 812
2 1338
2 1429
2 417
1 895
2 79
2 1632
2 717
2 1841
1 598
1 584
2 2
2 1957
1 178
2 1977
2 1585
2 1893
2 900
2 1165
2 2026
1 161
1 1516
2 531
2 318
1 994
2 610
1 1611
2 1773
2 1289
2 1252
1 1587
2 1177
1 131
2 1712
2 1122
2 1514
1 1397
2 213
2 548
2 1508
1 2017
2 126
1 831
2 1046
1 764
1 1517
2 1416
1 348
2 1331
2 1740
1 32
2 261
1 1870
2 700
1 69
1 316
1 761
2 653
2 333
2 874
2 1888
2 487
2 1008
2 760
2 1246
1 711
1 158
1 759
1 1298
1 61
2 495
1 118
2 1761
2 1664
2 663
2 282
1 1486
2 442
2 302
1 1385
1 1556
2 1190
2 1561
1 1306
1 1501
2 129
2 120
1 191
2 1103
2 155
2 1359
2 980
1 636
1 1390
2 2036
1 342
2 1456
2 1479
2 1357
1 1667
1 518
1 330
1 534
1 997
2 1408
1 737
1 1729
2 611
2 54
1 335
2 1687
1 40
2 1454
2 127
2 445
2 366
2 1147
1 312
2 1673
2 1756
1 1917
2 1568
1 771
2 1851
1 555
2 735
1 1543
2 1350
2 2022
2 1653
1 1994
2 102
1 28
2 1029
1 1728
1 1335
1 1776
1 89
2 1947
1 1284
1 172
2 1762
2 1545
2 602
2 517
1 127
1 1022
2 443
1 1394
1 1014
2 1660
2 1445
2 23
2 285
2 530
2 813
2 1552
1 508
1 1338
1 1276
2 768
1 1810
1 144
2 1254
1 970
2 1033
1 923
2 1757
2 24
1 1021
1 136
1 1138
2 608
2 739
1 1435
1 657
2 1305
2 1215
2 1604
1 1636
2 535
2 1040
1 273
1 219
2 679
2 1826
1 1026
2 933
1 693
1 112
2 1265
2 266
1 345
1 798
2 206
1 873
2 1950
2 736
2 816
2 640
2 1748
1 459
1 1428
1 1758
2 1073
2 806
2 727
1 192
1 2049
2 571
1 851
1 1113
2 1377
1 279
2 583
2 1953
2 1455
1 1798
2 190
1 407
1 460
1 1921
2 651
1 311
2 1092
2 1343
2 1960
1 540
2 626
1 731
2 1970
2 805
1 1558
2 1349
1 1392
2 1623
1 945
2 937
2 1943
1 1742
2 823
1 1595
2 581
1 600
1 845
2 2011
1 159
2 1696
1 521
2 860
1 1506
1 290
2 1735
2 1289
2 124
2 2014
1 634
2 1876
2 1681
1 986
1 1556
2 1838
2 993
2 852
2 1201
2 1992
1 18
1 1213
2 373
2 1882
2 341
2 96
1 789
1 896
2 408
2 395
1 174
1 269
1 1662
2 790
1 345
1 827
2 138
1 1390
2 1930
2 1171
1 954
1 261
2 1367
1 1524
2 330
1 1724
2 705
2 967
2 1361
1 7
2 1123
1 95
2 1871
1 531
1 2018
1 336
2 1545
1 1084
2 582
2 1201
2 1873
2 830
1 1329
2 1006
1 116
2 924
1 174
2 932
2 1814
1 937
2 1655
2 1240
2 1093
2 1549
1 1393
1 1073
1 177
2 1098
1 983
2 1099
1 866
1 1768
2 1134
2 1493
1 1888
2 299
2 65
2 1688
2 1559
2 1938
2 425
2 1550
2 698
2 211
2 1823
1 1267
1 536
2 1239
1 717
2 2013
2 1170
1 290
1 726
2 239
1 1768
1 1679
1 493
1 1443
1 1769
1 975
1 799
2 1720
2 1835
1 2035
1 1024
2 473
2 1937
1 1326
1 854
2 620
1 810
2 1389
2 475
1 1222
1 109
1 1288
1 934
2 976
1 430
2 642
1 1847
1 94
1 90
1 1100
2 1736
2 1270
2 382
2 1427
1 248
2 560
1 707
2 225
1 1827
2 806
2 909
2 80
2 1495
1 1235
1 1091
2 368
1 2005
1 1652
1 546
2 1395
2 386
1 343
2 487
1 505
1 1018
1 2037
1 372
1 1577
1 1475
2 1174
2 1465
2 1481
2 415
1 1369
2 1121
2 580
2 996
1 975
1 2024
2 1090
1 1237
2 1857
2 2014
1 1593
2 1308
1 870
2 2048
2 1423
2 1511
1 1984
1 933
1 1976
2 1069
1 1656
2 1139
1 385
2 660
1 1431
1 943
1 2003
1 1039
2 637
1 1557
2 924
1 1056
2 883
1 1921
2 1615
2 18
1 2015
1 1164
2 1436
2 91
2 860
1 1626
1 515
2 309
2 348
1 207
1 1907
1 365
2 964
1 824
1 549
2 1774
2 876
2 1407
1 1214
1 1839
2 1934
2 1677
1 85
1 1087
2 433
2 1298
2 1163
1 687
1 1089
1 497
2 2000
2 770
2 974
2 1963
1 1733
2 658
1 288
2 1258
2 1031
2 292
1 2045
1 317
2 1057
1 1387
1 544
1 526
1 855
2 173
2 1685
2 403
2 352
2 1256
2 784
1 745
2 478
1 1641
1 334
1 893
2 87
1 413
1 1990
1 246
1 361
1 205
1 1769
2 52
2 1795
2 131
1 358
2 1579
2 1027
1 887
2 942
1 767
2 1778
2 673
1 1887
1 925
2 1010
1 1826
2 1337
2 1349
1 1584
1 484
2 325
1 375
2 242
2 1578
2 64
2 1547
2 538
1 1711
2 1385
1 1175
2 1026
2 1322
2 1780
1 55
1 1374
1 494
2 1156
2 412
1 296
2 1754
1 689
2 300
2 1282
1 1166
2 1337
1 1559
1 2008
1 1671
1 1047
1 738
2 1264
1 634
1 1012
1 631
2 681
1 1572
1 647
1 1821
2 1117
1 1126
2 1327
1 691
1 40
1 1672
1 1315
2 748
1 944
1 96
2 1626
1 973
1 536
2 1125
2 59
1 195
2 301
2 465
2 1497
1 590
1 577
2 340
1 2003
2 1551
2 2026
1 191
1 1618
1 1529
2 1590
2 1328
1 1840
2 1469
1 1780
1 403
2 613
2 551
2 1736
1 1252
2 763
1 803
2 374
1 759
2 1594
2 1614
1 1657
1 1583
2 137
1 266
2 1607
2 644
2 1013
1 1238
1 1138
1 448
2 741
1 1858
2 404
1 1331
1 566
1 11
2 1884
2 1754
2 598
1 1567
2 1621
1 890
1 845
2 457
1 1180
1 1787
2 840
1 484
1 1062
1 1167
2 1253
2 1126
2 431
1 743
2 1004
2 509
1 1659
1 1492
2 1050
2 204
2 1178
1 1606
1 1697
2 757
1 944
1 164
1 728
2 542
1 2020
1 1858
1 1901
1 676
2 37
2 1631
1 154
1 278
2 1509
1 749
2 149
2 687
1 260
2 950
2 1648
2 1527
1 989
1 1739
1 100
1 41
1 529
1 815
1 1391
2 1222
1 463
2 208
1 2013
1 637
2 1413
1 1547
1 1248
2 1748
1 1148
2 561
2 900
1 1050
2 414
2 795
1 1667
2 636
1 1241
1 413
1 60
2 88
1 2012
1 432
2 611
2 133
2 1288
2 392
1 1867
2 1474
1 1561
1 1625
1 453
2 467
2 499
1 89
2 1562
1 595
1 1728
2 710
1 2036
1 1382
1 31
1 53
2 110
2 1498
2 1510
1 1729
2 372
2 664
2 1797
1 646
2 568
1 383
1 438
1 244
2 1983
2 123
2 742
1 1743
1 1527
1 23
2 1994
1 251
1 75
1 1305
1 1700
2 1865
2 1721
2 297
2 744
2 778
2 1991
1 300
1 1669
2 479
1 258
2 1210
1 1378
1 1077
2 248
2 77
1 516
2 94
1 1227
2 566
2 1973
2 1074
1 1818
2 1145
2 1616
2 237
2 1092
2 1084
1 1904
2 1828
1 460
2 236
2 160
2 1816
2 1910
2 1467
1 894
2 733
1 1549
1 1353
1 1485
2 1799
1 858
2 426
1 878
1 1332
2 713
2 1666
1 1152
1 175
2 1336
1 1897
2 956
1 907
1 1312
1 801
1 913
2 7
2 1065
1 648
1 1166
2 1055
1 1837
2 1497
1 951
2 1494
2 1643
2 1913
2 2033
2 216
1 872
2 1478
1 1628
2 36
2 835
2 802
2 1446
1 19
1 457
2 265
2 1085
1 1772
2 1320
2 337
2 1799
1 364
1 1078
2 50
1 1900
1 429
2 1463
1 926
1 513
2 1035
2 621
1 1646
1 1732
1 1484
1 732
2 207
1 466
2 2038
2 498
1 1709
2 20
2 509
2 1302
1 930
2 439
2 752
1 978
1 992
2 931
2 1432
2 71
1 259
1 92
2 99
2 1313
2 86
2 104
2 755
2 553
1 1712
2 368
2 1384
2 1544
2 584
1 1835
1 184
1 1141
2 1521
2 1238
2 1562
