4600 2500
1 1292
2 1603
2 1750
1 112
1 539
1 2185
2 553
2 244
2 1107
2 2126
2 1198
1 1087
2 231
1 1458
1 1210
1 536
1 1590
1 289
1 106
2 642
2 1715
2 1509
1 435
2 1703
1 1353
2 1976
1 2195
2 1236
2 1714
1 488
1 402
1 133
1 1246
2 1824
1 944
1 2071
2 1668
1 416
1 1557
1 1330
1 194
2 633
1 895
1 1822
1 1135
2 1254
2 1903
2 377
1 297
1 913
2 2236
2 632
2 2135
1 1442
2 1629
2 2116
2 721
2 964
2 313
2 1013
1 1439
2 1196
2 582
1 2149
1 1049
1 277
2 899
1 935
2 1674
2 628
1 909
2 94
1 778
1 779
1 729
1 754
2 1740
2 1790
2 1473
1 433
1 1662
2 1384
1 1726
2 1
2 65
1 2283
1 2217
2 376
1 479
1 388
1 2205
2 1639
1 1417
1 1404
2 1764
1 2298
1 1635
2 1328
2 1874
1 329
2 240
1 236
2 273
1 2233
1 1506
1 185
2 2122
1 1929
2 861
1 1068
2 1645
2 2245
2 1978
2 928
2 452
2 161
1 621
2 603
1 1625
1 1293
2 1838
1 1634
1 1777
1 1373
2 708
1 1632
1 902
2 433
1 2119
2 1061
2 2145
1 641
1 1592
2 1794
2 382
1 821
2 1143
1 403
1 691
1 1950
1 325
2 1537
1 710
1 1066
1 2247
1 1567
1 1485
1 316
1 1899
1 1520
1 1880
1 149
1 1163
1 836
2 215
2 1785
2 1077
1 1197
2 395
2 205
1 1521
1 132
1 12
2 260
1 613
1 1389
1 58
2 45
2 1633
1 1159
1 490
1 1154
2 1710
2 1252
1 1476
2 51
2 2024
1 1544
2 1370
1 755
2 2014
1 1249
2 735
1 115
1 234
1 893
1 63
1 260
2 1454
2 1128
1 62
2 209
2 1552
1 27
2 1483
2 823
1 1437
2 1505
2 1234
1 1947
1 287
2 1209
2 989
2 2285
1 1514
2 1207
2 1727
1 1473
2 1591
1 1086
1 1381
2 1502
2 224
1 1887
2 2287
1 1488
2 1983
2 142
1 195
2 425
2 1250
1 414
1 2002
1 175
2 583
1 1515
1 2278
1 99
2 839
1 898
1 702
1 189
1 1667
1 1146
2 19
2 749
1 1775
1 657
1 1692
1 1284
2 741
1 1467
2 1693
2 1751
2 813
2 1286
1 319
2 1033
2 842
1 1072
1 34
2 454
2 1802
1 291
2 2021
1 1388
2 170
1 1058
1 1681
2 2005
2 198
2 314
1 1301
1 1881
2 1517
2 656
2 1376
1 1735
2 1637
2 2055
2 392
2 1390
1 1896
2 1533
2 302
2 770
1 1371
2 518
2 2133
2 1408
1 431
2 252
2 1091
2 660
2 38
1 2049
2 101
1 558
2 507
1 2237
1 2155
1 1916
2 2272
2 1610
1 1711
1 2261
2 1188
2 727
2 1053
1 1233
1 84
2 272
1 734
2 1847
2 1568
2 1263
2 11
2 1289
2 1604
1 1310
2 231
2 1314
2 1571
1 904
2 1191
2 134
1 1419
1 1678
1 760
2 1367
2 762
2 2083
2 1469
1 2124
1 2068
1 218
1 1440
2 2001
2 1054
2 2110
1 1887
2 93
1 440
1 608
1 1685
2 1119
2 151
2 136
2 1764
2 866
1 223
1 2072
1 1407
2 386
1 796
1 452
2 1443
2 2045
2 404
1 446
1 2091
2 334
1 1372
2 523
1 701
1 1484
2 703
1 1278
2 1246
1 684
1 511
2 2026
2 2269
2 1934
2 735
1 455
2 44
1 208
2 665
2 1416
2 328
2 954
2 1132
2 130
2 1551
2 841
1 917
2 831
2 722
1 2141
2 869
2 2098
2 1638
2 2252
2 22
1 284
2 171
1 1138
1 992
2 1215
1 1734
1 1139
1 1707
1 668
1 1584
2 789
2 526
2 726
1 738
2 455
2 2082
1 1987
2 186
2 2066
2 230
2 1018
1 733
1 1062
1 84
1 1715
2 408
1 49
1 1550
1 1907
2 1624
1 644
1 1391
2 2076
2 382
2 1024
1 1791
1 474
1 1829
1 2291
2 1083
2 1559
2 1912
1 2029
2 2140
2 1313
1 1890
1 123
2 675
1 875
1 1709
2 546
1 2232
2 2262
1 331
2 1095
2 1429
1 2071
2 1915
1 2286
2 1813
1 1433
1 1751
2 1888
1 286
2 2035
1 2080
1 430
2 895
1 1108
2 1525
2 1746
2 1233
1 270
2 2239
1 527
2 336
2 979
1 1743
1 1878
1 406
2 1853
2 1562
1 133
2 111
1 893
2 35
2 1247
1 1472
2 1019
2 1872
1 102
2 298
2 131
1 299
2 1662
1 1283
2 945
2 460
1 2111
1 754
2 2001
1 2293
2 2285
1 1067
2 2128
1 2138
1 1259
2 1391
1 1321
2 31
1 1732
1 440
2 1661
2 1524
1 1644
2 1687
1 2063
2 994
1 472
1 1598
1 733
1 383
2 863
1 1275
1 1534
2 2240
2 932
1 1169
1 1394
1 463
1 138
2 2230
2 1979
2 1655
1 1724
1 1377
1 1197
1 1338
2 1938
2 1225
1 1932
2 1368
2 1555
1 1933
2 997
2 529
1 1002
1 475
2 403
1 2194
1 695
1 354
1 1851
1 2274
1 1640
1 199
1 186
2 1545
1 1625
1 899
2 42
1 2266
2 1410
2 1102
2 364
2 1090
2 1696
2 1817
1 1420
2 255
1 30
2 1728
1 2213
2 2010
2 199
2 2266
2 2220
1 888
2 1578
2 1659
2 1822
1 858
2 1088
1 2187
2 2257
1 1332
1 375
2 1279
1 180
1 951
2 380
2 2031
1 625
1 896
2 517
2 1278
1 1680
1 10
1 1797
2 527
2 751
1 426
2 150
1 121
1 1675
1 70
1 512
1 2208
1 48
2 1914
1 115
2 1217
1 379
1 1979
1 2041
1 524
1 963
2 1493
1 707
1 2037
2 1567
1 408
2 2256
2 245
2 2038
2 1552
1 154
2 1913
1 1036
1 1305
2 502
1 365
1 610
2 728
1 1231
2 1148
1 1126
1 1628
2 1379
2 2227
2 1099
2 1645
1 192
2 80
2 667
1 182
1 2029
1 1782
2 1827
1 161
1 1622
2 1687
1 1371
1 9
1 1155
1 1976
1 1690
2 1755
1 31
1 1828
1 1960
2 1699
1 878
2 651
1 2087
2 1448
2 256
2 2043
2 1491
1 1773
1 493
2 1338
1 1935
1 967
2 1037
2 294
1 530
1 496
1 1272
2 937
2 892
1 1840
2 308
2 1459
2 21
2 1311
2 398
1 2057
1 14
1 1280
2 954
1 1207
1 604
2 1192
2 2143
1 565
2 1589
2 1383
1 95
1 242
2 1879
1 1277
1 1970
1 2131
1 696
1 1799
1 1064
1 808
2 1004
1 1399
1 1211
1 915
2 1208
2 1982
1 1122
2 309
1 1097
2 2254
2 1776
2 2031
2 1883
1 2069
2 555
2 981
2 1415
2 1145
2 2211
2 840
1 814
2 2190
2 1255
1 1953
2 1317
1 1953
2 1181
2 1120
2 547
2 841
2 50
2 1466
2 1718
1 314
2 879
1 1601
2 597
1 360
2 120
2 543
1 2226
1 1022
1 2065
1 254
1 1640
2 295
1 158
2 1646
2 1445
2 1988
1 883
1 1547
2 1270
1 952
2 1089
1 1138
2 556
1 253
2 191
2 1770
1 16
2 96
1 1814
1 164
1 637
1 2113
2 1803
1 309
2 1860
1 766
1 1114
2 1784
2 398
2 1631
2 980
1 912
2 1615
2 436
2 2016
1 1142
1 736
2 100
1 1414
2 891
1 1107
1 728
1 1428
1 1886
2 1104
1 933
1 1110
1 176
1 159
2 308
1 1768
2 264
1 1972
2 2142
1 1994
2 776
2 882
1 1462
2 520
1 343
2 1564
1 1569
1 901
2 757
1 1497
1 1010
1 1175
2 573
1 889
2 1748
1 1833
2 1593
2 649
2 1872
1 1875
2 441
1 1167
2 543
1 43
2 1506
2 1214
1 1556
1 513
2 1540
1 1616
1 301
2 863
1 1038
2 2023
1 1421
2 1719
2 1245
1 1397
2 90
1 1050
2 1986
1 320
1 420
2 686
2 198
2 702
2 638
1 69
1 1461
1 2194
2 989
2 723
1 47
1 1044
1 305
2 1679
1 1206
2 770
2 2176
1 1572
2 620
2 567
2 1641
2 2101
1 447
2 206
2 851
1 1054
1 576
2 1595
2 871
1 50
2 303
2 1055
2 1712
2 2226
1 2203
2 412
2 1463
2 1528
2 827
2 39
1 45
2 535
2 1960
1 965
2 2112
1 1845
1 1017
1 886
1 1118
2 1121
2 1342
2 1204
1 18
1 1598
2 225
1 792
1 1801
2 705
2 1298
2 2150
2 1140
2 2288
1 817
2 1392
1 2198
2 2238
1 988
1 212
2 2050
1 1239
1 1036
2 848
1 1927
1 94
2 956
1 1958
1 812
2 1294
1 734
1 654
1 1720
1 1411
1 1146
2 204
1 1219
1 1322
1 1971
1 1817
2 60
2 1291
1 456
2 1766
1 1269
1 586
2 4
2 2170
1 679
2 787
1 68
2 2018
1 521
1 1218
2 1860
2 1183
1 536
1 1186
2 2106
2 214
1 160
2 1922
1 2250
1 143
2 261
1 598
2 1103
2 411
2 1588
1 1365
2 1757
2 1478
2 1168
1 1220
2 1339
2 2178
2 1083
1 283
1 1664
2 1404
2 786
1 463
1 1342
1 325
1 1419
2 1778
2 1330
1 2137
1 725
1 1283
1 243
2 1891
2 1434
1 625
1 595
2 1424
1 1746
1 2201
1 1079
2 824
2 233
2 862
1 1392
1 611
2 1527
1 826
2 1329
1 1224
1 698
2 2003
2 1486
1 187
1 284
2 2025
1 2156
1 154
2 1854
1 466
1 2080
2 257
2 1310
1 832
2 213
1 367
1 1456
2 1178
2 2135
1 1788
1 1321
1 290
2 1282
1 1382
2 118
1 1695
1 1858
1 78
1 123
1 427
1 1041
2 72
1 483
1 93
1 401
2 650
1 57
2 1353
2 1968
1 1196
1 685
2 1021
2 1268
1 1670
2 1931
2 124
2 203
1 1129
2 132
1 148
1 1515
2 1400
1 1959
1 2193
1 1745
2 2084
1 1617
2 2118
1 2278
2 858
1 116
1 2268
1 1956
2 1178
1 947
2 872
2 409
1 1457
2 2099
2 1325
1 1385
2 1422
1 1394
2 1077
2 1657
1 182
1 596
1 577
1 362
2 1837
1 1174
2 453
1 276
1 2038
1 91
1 830
1 976
2 568
1 609
1 911
1 1921
2 1351
1 369
2 778
1 2090
2 745
2 1198
2 821
1 518
1 506
2 2274
2 771
2 1885
2 21
1 961
2 1741
1 1173
1 337
2 698
1 2242
1 1576
1 2293
1 1264
2 2199
2 1796
2 1317
2 2261
2 1013
2 1396
2 949
1 2196
1 1200
2 1909
2 2051
2 1862
2 3
1 548
1 1470
1 1309
2 37
2 1697
2 458
2 1727
1 197
1 1295
2 72
2 1703
1 1189
1 1040
1 1514
1 1757
2 668
2 74
1 1789
2 170
1 2284
1 732
2 29
1 1679
1 233
1 629
2 1530
1 1290
1 180
1 2061
2 1824
1 2172
2 1339
2 250
2 353
2 1286
1 1841
1 2
2 2142
2 1783
2 2127
1 1931
1 670
1 876
2 1611
2 1529
1 1937
2 362
1 130
2 466
2 241
2 1348
1 1260
2 704
2 46
2 1425
2 1180
2 689
2 40
1 864
2 1098
1 261
2 800
2 1546
1 6
2 843
2 2148
1 1485
1 155
1 1165
2 1011
1 302
2 752
2 167
2 226
2 2100
1 1565
1 1986
1 1821
2 1610
2 294
2 1917
2 1839
2 1678
1 172
2 1125
1 1192
2 1605
1 1578
2 279
1 758
2 2296
2 1212
1 349
2 1288
2 1792
1 469
2 2024
1 1936
2 522
1 766
2 1230
1 557
2 1070
2 179
2 1463
2 1080
1 190
2 368
2 1032
1 2152
1 2253
1 2107
1 258
1 65
2 1522
2 798
2 2114
2 1876
2 1297
1 2068
2 1942
2 793
2 1892
2 1073
2 1205
2 106
1 783
1 685
2 609
2 636
2 311
2 1651
1 188
1 1300
1 925
2 1434
2 1663
2 534
2 971
1 742
1 505
2 833
1 1524
2 2058
2 2200
2 898
1 1444
2 986
2 697
2 561
1 1066
1 908
2 1139
1 2300
2 959
2 5
2 1682
1 427
2 1595
2 1542
1 1944
1 1590
1 1765
1 247
2 1176
1 2097
1 2144
2 2210
2 201
1 918
2 809
1 1300
2 1823
2 634
2 1007
1 791
2 2014
1 1087
2 1649
1 1158
2 1167
2 1122
1 2147
2 2246
1 1882
2 10
1 2192
2 519
1 77
2 1946
1 806
2 627
1 856
1 2252
2 594
2 835
2 56
1 2096
1 801
1 1525
1 1615
2 2012
2 730
1 865
2 89
1 277
2 640
1 1654
1 1563
1 1924
2 2028
2 2161
1 774
2 1560
1 749
1 966
1 864
2 447
1 1090
1 2254
2 617
2 996
2 391
2 1722
1 2158
2 49
1 1442
1 1581
1 1969
1 1133
1 657
2 77
1 1085
1 443
1 1144
1 332
2 1271
1 110
1 1950
2 1705
2 1700
2 2051
2 1378
2 817
2 1519
2 1386
1 1203
1 1015
1 26
2 422
2 1170
1 410
2 964
1 589
2 1894
2 1609
2 1481
1 5
2 1222
2 442
2 1303
1 1626
2 498
2 1927
2 2171
2 874
2 1830
1 944
2 1447
2 889
2 1771
1 149
2 104
1 2283
2 136
1 1911
1 226
1 1658
2 1374
1 957
2 1999
2 118
2 1400
2 1993
1 1130
2 1594
1 1503
2 235
1 2056
1 1181
1 538
1 1808
2 1459
2 124
2 884
2 26
1 986
2 776
2 2292
2 1267
2 1039
2 22
1 717
1 184
1 1510
1 81
1 1068
2 619
1 1009
1 2157
1 1112
2 2050
1 139
1 560
2 141
2 323
2 243
1 331
1 68
1 239
2 363
2 1014
2 1775
2 2229
2 533
2 690
1 544
1 1065
2 1718
1 140
1 803
2 1153
1 1865
1 1780
2 1386
2 1127
1 1297
1 703
1 939
2 1937
2 457
2 963
1 1086
1 1072
1 1857
2 2055
1 2118
2 402
1 712
2 278
1 1007
1 1465
1 1418
2 122
1 999
2 134
2 2179
1 1908
2 1868
2 570
1 2231
2 930
2 2074
2 661
1 896
1 1082
2 17
1 1149
1 1243
2 424
2 968
1 1160
2 24
1 2020
2 1721
2 1006
2 1555
1 350
1 2197
2 985
1 877
1 984
2 1543
2 1806
1 1308
1 2098
2 559
1 1636
2 976
1 1992
1 1600
2 1225
1 1809
2 523
2 1673
1 1629
1 1748
1 1435
2 2095
2 1232
1 486
1 2222
2 1903
1 97
1 1351
2 2189
1 32
1 530
1 1818
2 2297
2 2109
1 1791
1 860
2 794
2 464
1 2119
1 2008
1 2155
2 1584
1 293
1 52
1 721
1 1786
1 439
2 803
1 921
1 1939
2 224
1 485
2 304
2 1242
1 1433
1 1853
1 623
2 753
2 1642
1 1833
1 195
2 626
2 878
2 1778
1 630
2 1651
1 1863
2 53
2 63
1 2221
2 2215
2 1460
1 1452
2 67
2 2199
2 220
1 1082
2 1069
1 2298
2 1222
2 854
2 814
1 1179
2 1639
1 1357
2 1332
2 1027
2 1244
2 1553
1 2004
1 162
1 599
1 840
1 465
1 2267
2 1325
1 709
2 1261
2 1229
2 168
1 394
2 372
1 20
1 791
2 1686
1 179
1 20
1 934
2 3
1 1477
2 2180
1 2086
1 811
2 306
2 1487
2 1859
2 1111
1 434
1 1866
1 1436
1 2270
1 116
2 2214
2 476
2 1037
1 881
1 2264
1 537
1 1184
1 1660
1 1367
1 951
1 1469
2 861
2 467
1 790
1 2192
2 1028
1 449
1 2141
1 324
1 852
2 498
2 1384
2 871
1 1057
1 494
2 1924
1 392
2 2052
1 715
1 1185
1 1767
1 708
2 1851
2 2259
1 234
1 505
2 2161
2 912
2 1467
1 933
1 886
2 566
2 1493
1 2056
1 1402
1 887
2 945
2 2300
1 1774
2 659
1 1020
1 338
2 1981
1 1045
2 1303
2 920
2 323
1 185
2 218
2 1383
1 1259
2 854
1 2070
2 941
2 2234
2 2287
1 2091
2 88
1 2061
2 1699
2 153
2 701
2 1160
1 1623
1 1973
2 1040
2 64
1 1574
2 1464
1 163
2 456
1 265
2 1875
2 694
1 1614
1 1241
1 1008
2 117
1 726
1 43
1 1047
1 1001
2 1706
2 1372
2 842
1 1074
1 1647
2 1420
2 619
2 290
2 1206
2 1470
2 1527
1 86
1 2102
1 407
1 1184
1 1894
2 394
1 428
1 929
1 1448
1 1344
2 202
2 903
2 923
2 327
1 1741
2 624
1 1177
2 866
2 2244
1 1920
1 1617
2 321
2 357
2 1257
2 1813
1 453
1 2000
2 724
2 948
1 1973
1 2237
1 1575
1 1760
2 633
2 1124
1 2093
2 2251
2 559
1 654
2 263
2 1869
1 1194
1 1462
1 109
2 81
2 1194
2 336
1 2244
1 2018
1 311
1 1713
1 1403
1 995
1 1571
2 644
2 478
2 156
2 563
2 2137
1 612
1 301
1 215
1 2222
2 682
2 534
2 1586
1 1347
2 335
1 2207
2 1897
1 1060
1 151
2 1340
2 511
1 955
1 2251
2 189
2 713
1 1331
2 36
2 709
2 192
1 223
1 1529
2 509
2 15
2 1011
2 1010
1 955
1 1345
1 1588
2 1650
2 229
1 105
1 468
2 1612
2 449
1 1500
2 2097
2 1819
2 1988
1 639
2 1605
2 1293
1 135
2 1103
2 822
2 1665
2 251
2 444
2 2049
1 2040
2 740
2 729
1 1048
1 550
2 1455
1 1014
2 2212
2 897
2 591
2 360
2 2211
1 1042
1 1902
2 662
2 1474
1 1417
2 630
1 1421
2 271
2 1354
1 298
1 1566
2 1602
2 1163
2 775
1 906
2 1440
2 445
2 2100
2 51
2 1985
1 1228
1 328
2 623
2 545
1 1749
1 1852
2 653
1 2153
2 1835
2 2059
1 2149
2 1425
1 441
1 420
1 865
1 2153
1 1150
2 1926
2 142
1 548
1 1227
1 2157
2 240
2 266
1 2054
1 2276
1 2078
2 872
2 1553
1 1356
2 787
1 1263
1 1055
1 374
2 411
2 887
2 914
2 1322
2 252
2 731
1 752
2 926
2 614
1 595
1 746
2 600
2 802
1 230
2 450
1 588
1 169
2 2242
1 1465
1 699
2 979
1 1472
2 1084
2 2020
1 772
1 683
2 1549
1 318
2 273
2 544
1 489
2 1803
2 320
1 1959
2 1763
2 669
1 1613
1 1628
1 1795
1 874
2 405
2 855
1 1379
2 993
2 1864
1 492
1 295
1 1147
1 1624
2 923
1 1026
2 826
2 1738
1 1464
2 1762
2 2121
2 1902
1 1560
1 783
1 2067
1 1912
1 439
2 1918
2 119
2 885
2 2213
2 2200
1 2204
2 503
2 23
1 2290
2 211
1 2191
2 359
1 246
1 694
2 692
2 406
2 1580
2 1212
1 41
1 340
1 638
1 1507
1 590
1 279
2 629
2 665
2 818
2 53
2 2188
2 700
2 1479
2 1403
1 1203
1 1755
1 914
2 211
1 775
1 605
2 326
2 1390
2 2296
2 274
1 711
2 1844
2 2277
2 235
2 828
1 1758
2 1266
1 471
2 232
2 777
1 1113
2 1180
2 353
1 2166
2 2125
2 285
1 1708
2 2175
2 640
2 1637
1 1670
1 1405
1 91
2 881
1 39
1 2160
1 1541
1 7
2 1331
2 401
1 1898
2 2015
1 1957
2 780
2 1155
2 417
1 1996
2 688
2 238
1 1616
2 947
1 155
1 1977
2 2069
1 1487
2 1422
2 296
2 1840
2 1190
1 1162
1 693
1 1145
1 843
2 2117
1 949
1 676
1 1393
2 1667
1 1019
2 648
2 741
1 355
1 1328
1 2129
2 1144
1 577
1 1387
2 1518
2 1480
2 2195
2 1252
1 1576
2 2249
2 2172
2 1495
2 259
2 935
2 1418
1 584
1 925
2 643
1 853
1 88
1 2092
2 1429
2 70
1 87
1 1771
1 1941
2 2289
1 61
1 1691
2 856
1 258
2 1737
1 280
1 1582
1 312
2 184
1 1939
2 372
2 852
1 919
1 356
1 1022
2 1323
1 2047
2 1693
1 1603
2 1564
2 1208
1 1078
2 1211
1 108
1 958
1 349
2 1836
2 844
1 1457
1 647
1 348
1 1475
1 251
1 164
2 1070
2 278
2 1644
2 1533
2 1706
1 2271
2 1119
1 125
2 366
1 839
2 520
2 259
2 2178
1 1711
2 2201
1 594
2 1166
1 835
2 580
1 1904
2 528
2 846
1 443
1 306
2 867
2 399
1 1885
1 798
1 384
1 1827
2 1804
1 910
1 1395
2 462
1 1076
1 416
2 1078
1 2250
1 987
1 1726
2 1945
1 1776
2 1659
2 1734
1 2270
1 1934
2 1789
2 1647
1 1809
2 1382
1 2291
2 334
2 484
1 206
2 2183
1 1845
2 1947
2 1220
2 1985
1 1761
1 692
2 1783
1 1550
2 487
2 1612
1 500
2 1302
1 1801
1 1558
1 768
2 549
2 30
1 378
2 1050
1 1636
2 767
2 674
1 2162
2 171
1 2234
1 187
2 1373
2 291
1 829
1 200
1 1688
2 89
2 1076
2 79
2 1893
2 1441
2 1643
1 2224
1 932
2 1890
2 2173
2 1075
2 902
2 1406
2 1916
1 340
1 1669
1 557
1 1772
2 2248
2 410
1 1613
2 1224
2 927
2 1096
1 2280
1 1057
1 1130
2 2243
2 1405
2 653
2 1730
2 1124
2 570
2 1137
2 2235
2 807
2 1248
2 499
1 1381
1 612
1 1190
1 2154
1 1736
1 528
2 1896
2 1479
2 1910
2 300
1 1689
2 100
1 64
1 1363
2 1677
1 2240
2 891
1 1311
2 237
1 326
1 820
1 1344
2 1722
1 834
1 482
2 804
2 736
1 580
2 959
2 281
2 459
2 1838
1 1919
1 2176
1 489
2 442
2 753
1 1272
2 1312
1 1895
2 1407
1 1804
2 1427
1 1498
1 681
1 419
1 412
1 1052
1 795
1 1814
2 606
2 228
2 919
2 1395
1 1201
1 496
1 228
2 344
2 1111
2 1131
2 691
1 1035
2 1012
1 175
1 1025
1 1116
2 2004
1 1794
2 723
2 585
2 1930
2 1188
2 1997
1 1494
1 34
1 1990
2 1657
1 1812
2 2017
1 2166
1 2095
1 1773
2 2206
2 998
1 1385
1 547
2 159
1 2003
1 238
2 2115
2 554
2 56
1 2133
1 2122
2 1307
2 1176
2 1109
1 1759
1 1154
2 927
1 1241
2 1511
1 970
2 1795
2 1848
1 1518
2 356
2 541
1 488
2 1761
1 739
2 460
1 2295
1 1910
2 711
2 1003
1 344
2 2158
1 316
1 2228
1 2168
2 2079
1 680
2 1999
1 1942
1 1843
2 2190
2 2177
1 1975
2 1577
2 1768
1 1354
2 836
2 1109
2 1237
2 707
1 1285
1 393
1 804
1 674
1 1889
1 745
1 1242
1 1052
2 1141
1 1513
2 107
2 1745
1 1619
1 1611
1 315
1 1428
1 399
1 1016
1 1793
1 2282
2 1688
1 2271
1 2229
1 928
2 601
1 1441
1 1115
2 846
2 485
2 1719
1 1665
2 1991
1 1356
2 477
2 1643
2 785
1 556
1 1880
1 1738
1 820
2 2185
2 743
2 2023
1 1296
2 916
1 1387
2 2099
2 2258
1 1541
1 1582
2 46
1 7
2 322
2 516
1 479
2 415
1 1430
2 2202
1 95
2 1106
1 1767
2 1335
2 1992
1 2255
2 1963
2 2082
1 1058
2 2209
1 1316
1 413
1 157
2 468
2 1226
2 2233
1 1489
2 2066
2 747
2 1106
1 929
1 2036
1 1981
1 1202
1 1683
1 8
1 1063
2 1093
1 765
2 1844
1 873
2 2255
2 2046
2 2046
1 588
2 1480
1 810
1 1914
1 1158
1 946
2 2019
1 1716
1 560
1 1219
2 462
1 2139
2 1698
1 562
2 445
1 385
1 364
1 1967
2 414
2 437
2 422
2 1364
2 457
2 1620
2 1951
2 1980
2 113
2 2075
2 646
1 759
1 599
2 1366
2 1996
1 209
1 241
2 576
2 847
1 1945
1 1523
2 1253
2 1820
2 2094
1 1551
1 873
1 129
2 1117
2 1729
2 183
2 1182
1 2184
2 617
2 359
1 1128
2 1147
2 551
1 2019
2 317
1 962
1 1742
1 606
2 2027
2 815
1 2058
2 2286
2 1060
2 1876
2 2126
2 152
1 2182
1 618
1 998
1 1747
2 1298
2 1905
2 966
1 1276
2 516
1 1239
2 1250
2 2280
1 1029
1 727
2 1134
2 1490
1 347
2 111
2 903
1 1166
2 1240
1 1209
2 1666
2 2170
2 2121
1 2107
2 2037
2 602
2 892
1 1618
1 1189
2 1056
1 501
2 2077
2 213
2 575
1 1291
1 1871
1 1641
2 1586
1 454
1 183
2 2214
2 1850
2 1323
1 6
1 28
1 1035
2 596
1 329
1 562
2 148
2 1288
1 1815
2 2218
2 689
2 1085
1 358
1 1570
1 2236
1 2188
2 690
1 97
1 868
1 1871
1 2182
1 1536
1 1409
1 14
2 2060
2 1186
1 1810
1 664
1 602
1 2223
1 484
1 1032
2 1597
2 389
1 931
2 1539
2 2256
1 994
1 2057
1 2163
2 1141
1 342
2 1623
1 968
2 1490
1 1984
2 1815
1 2189
2 13
1 1787
2 797
1 1001
1 448
1 1704
2 978
2 598
1 1710
1 532
2 1956
2 1717
1 2262
1 834
2 216
2 262
1 1276
2 1600
2 937
2 1655
1 112
2 1991
1 1025
1 1554
2 1020
1 645
1 1024
2 465
1 1100
2 1089
2 293
2 285
1 1807
1 387
1 988
1 181
2 1009
1 1592
1 1928
1 1414
2 1296
1 2110
2 1157
2 950
2 2090
2 975
1 345
2 1977
1 2165
1 1532
1 2248
1 395
1 1127
2 805
1 429
2 1202
2 974
2 1630
2 1911
2 1806
2 672
2 475
1 1486
1 884
1 1990
2 1500
1 2123
1 1565
1 517
2 952
2 1273
1 1350
2 1432
1 266
2 1003
2 662
2 481
1 2294
2 424
1 120
1 676
2 78
1 1120
2 1580
1 1849
1 1200
1 1546
2 1526
2 911
1 880
2 1854
2 54
2 686
1 358
1 1452
2 539
2 1884
2 1049
2 122
1 1508
2 972
2 1974
2 739
2 1683
1 894
2 318
2 1987
1 327
1 1065
2 622
2 639
2 1336
2 1376
1 1059
2 905
2 1816
1 1359
1 2009
1 904
2 2221
1 1652
1 1254
1 2036
2 1642
2 2016
1 1097
1 12
2 1520
2 1608
2 1858
2 1975
2 799
2 1092
2 900
1 339
1 1954
1 1622
2 1450
2 117
1 361
2 1963
1 756
2 1966
2 1027
2 174
2 941
1 470
2 1427
1 1187
2 126
1 1080
2 907
2 357
1 1938
1 2092
2 1210
2 1018
1 1897
2 2089
2 2235
2 2181
1 1042
1 1805
1 1921
2 828
1 531
1 1075
1 1159
2 921
1 1471
1 885
1 1967
1 744
2 812
2 673
2 2159
1 551
1 448
2 158
1 280
2 1235
2 1614
1 74
1 330
1 1528
2 250
2 938
2 973
1 2143
1 1561
2 977
1 282
1 1358
1 98
1 272
2 592
1 2093
1 387
1 717
1 1227
1 907
2 974
2 1264
1 614
2 217
2 2103
2 1171
2 44
2 2277
2 948
2 220
2 567
2 965
1 504
2 1172
1 2105
1 1516
1 1096
2 1760
2 287
1 710
2 953
2 1475
2 1000
2 61
2 1769
1 1922
2 569
1 1692
1 1033
1 25
2 1923
2 1507
2 461
2 1867
1 624
2 374
2 1045
2 2044
1 393
1 578
1 1681
1 216
2 212
2 1343
2 1929
1 718
2 1285
1 2275
2 497
1 916
2 1725
1 1995
1 1682
1 2159
1 802
1 1585
2 1501
1 816
1 2265
1 404
2 435
2 1294
1 1195
1 636
2 546
1 9
2 793
1 1333
2 961
2 2228
1 390
1 201
2 1774
1 936
2 147
2 909
1 1232
2 1334
2 1694
2 1998
1 1235
1 166
2 1091
2 1932
1 1164
2 1881
2 1489
2 664
2 1849
1 2269
2 2238
2 1591
1 1108
2 742
2 268
1 993
1 1802
2 1536
1 780
1 1879
2 2000
2 1084
1 1969
2 2284
1 1031
2 697
1 2070
2 33
2 1861
1 761
2 2130
1 1784
2 368
2 716
1 2151
1 1868
2 418
2 1676
1 1148
1 1965
2 1165
2 236
2 982
2 1431
1 514
2 1172
2 1503
1 652
2 827
1 1855
2 2047
2 1538
2 1793
2 67
2 141
1 773
2 1606
1 1216
2 1842
2 1796
1 2064
1 1043
1 1559
1 2084
1 2267
2 1302
2 1526
1 2028
1 2108
2 533
2 1648
1 2085
1 958
1 1654
1 426
1 1936
1 652
1 473
2 1669
1 1690
1 1575
1 1460
2 1182
1 38
1 2209
2 1926
2 2033
2 991
1 2030
2 1179
1 254
1 531
1 1812
1 1380
2 2264
1 1247
2 125
1 59
2 153
1 1251
1 847
1 2053
2 748
1 1398
2 1123
2 930
2 788
2 1496
1 1256
2 850
2 589
2 1989
2 1972
2 1477
2 1970
2 1782
2 850
1 593
1 862
2 2145
1 529
2 200
1 1237
1 1721
2 1713
1 525
2 764
2 848
2 1205
2 1305
1 371
2 946
1 1765
1 1974
1 1949
1 219
2 696
2 1772
1 796
2 621
1 1412
2 1341
1 631
1 1099
1 882
2 351
1 276
1 806
1 267
2 315
2 1574
1 1455
2 1177
1 1265
1 126
1 165
1 1313
2 263
1 857
1 1458
1 1412
2 297
2 706
1 1901
2 2078
1 1893
2 1309
2 147
2 1607
1 385
1 1094
1 1137
2 2279
2 658
1 890
2 1098
2 237
1 2205
1 870
1 354
2 581
2 969
1 2272
1 995
1 971
2 905
1 176
2 2086
1 1488
1 1195
2 1299
2 193
1 292
1 177
1 1169
1 2217
1 1901
2 2219
2 1756
2 1375
1 1496
2 515
2 743
2 2163
1 373
1 984
2 1114
1 1702
2 1315
1 1906
2 1044
2 83
1 113
1 191
1 987
2 98
1 1443
1 1326
1 1971
1 1504
1 1483
1 1666
1 1318
2 1135
1 635
1 497
1 788
2 17
1 1151
2 2140
1 1023
1 1142
2 375
2 913
1 1733
1 1504
2 157
2 1131
1 2150
1 797
2 519
2 82
1 1548
2 713
2 1668
2 173
2 1162
1 573
1 193
1 671
1 2289
2 772
2 616
2 1917
1 777
2 1587
2 2115
1 1695
1 830
1 894
1 860
2 1723
2 381
1 2094
2 997
2 2125
1 1952
1 2065
2 135
2 312
2 1284
1 2181
2 1656
1 429
2 47
2 343
1 1447
2 1831
1 666
1 71
1 615
1 2120
2 495
2 481
1 2225
2 1026
2 1798
1 2044
2 506
1 2169
1 1907
2 24
2 80
2 2096
1 2011
1 1079
1 114
1 1951
2 274
2 760
2 555
1 572
1 103
2 626
1 2202
2 655
2 478
1 1123
2 2231
2 242
2 2022
1 1439
1 1621
1 2013
1 1161
1 1228
2 1671
2 1716
2 610
1 2167
2 248
1 1368
2 755
1 661
2 1256
1 444
1 1115
1 1201
2 1217
2 1832
2 1499
1 2225
2 2022
2 76
2 1243
1 2265
2 2245
1 1725
1 769
2 1051
2 1583
2 2230
2 1786
1 1857
1 1061
2 1650
1 1808
1 1193
1 578
1 1766
1 572
1 239
2 2117
1 194
1 880
1 1930
2 825
2 579
2 1841
1 590
1 748
1 801
2 92
1 1074
1 771
2 4
1 2032
2 2088
1 1599
1 2136
1 1048
1 1935
1 188
2 1602
2 304
1 40
2 1923
2 1187
1 1878
2 750
2 305
1 1925
2 879
2 1531
1 1955
1 1411
2 1948
1 763
1 1388
2 2041
2 1059
1 423
2 1508
1 415
2 1597
2 1966
2 2273
2 1677
2 1306
1 1062
2 208
1 2062
1 851
1 1522
2 2175
1 1064
1 2216
2 2002
1 1410
1 2146
1 490
1 910
1 1016
2 618
1 537
1 722
1 2146
2 338
1 2127
1 2268
2 1437
2 1821
1 245
2 469
2 83
1 920
2 1543
2 69
1 1702
2 2073
2 495
2 819
2 525
2 844
2 750
2 1401
1 1562
2 1913
1 1904
2 389
1 877
2 1069
1 204
1 1361
1 244
2 1406
2 451
1 1684
1 526
2 150
2 1312
2 1663
2 1216
2 1431
2 1918
2 1955
1 2174
2 643
2 2048
1 1326
2 1258
1 1805
2 718
1 2116
2 8
1 1633
1 663
1 86
1 1558
1 549
2 2132
2 227
1 1051
1 76
1 522
1 474
2 784
1 267
1 681
2 1438
2 1015
2 2180
2 2204
2 1556
1 1253
2 19
2 1626
2 1899
2 1989
1 310
1 1548
1 953
2 1609
1 425
1 552
1 1034
1 823
2 2165
2 162
1 837
2 1438
1 1724
2 1362
2 678
1 600
1 423
2 127
1 1281
2 1230
1 940
2 2132
2 1835
1 1316
2 897
2 1397
1 789
2 281
1 1847
2 648
1 173
2 683
2 413
1 432
1 2033
2 317
2 675
1 2203
2 419
1 2008
2 1708
2 1389
2 1593
1 1262
2 227
2 1282
2 32
2 1753
2 1140
1 1364
1 52
1 396
1 1579
1 2088
2 1577
2 458
2 756
2 1199
1 1865
2 983
2 2043
1 1993
2 592
2 758
2 268
1 417
2 1818
2 1133
1 1664
1 476
1 622
1 2294
1 2083
2 1497
2 2120
2 671
2 265
2 816
2 1249
1 553
1 1763
2 1943
1 2179
1 1680
2 1886
1 853
1 1476
1 376
2 1046
2 2227
1 890
2 2281
2 1214
2 310
2 1012
1 1170
2 29
1 1521
2 1152
1 597
1 1234
1 1034
2 16
2 1445
2 1088
2 1735
1 477
2 1686
1 1355
1 1570
2 605
1 1596
2 719
1 1965
2 363
2 160
1 1183
2 607
1 1739
1 307
2 822
1 1238
2 107
2 996
2 501
2 725
1 397
2 1314
2 355
2 2059
1 627
2 319
2 1341
1 1350
1 672
2 296
1 1229
1 1221
1 1267
2 1336
2 1652
1 1105
2 391
1 210
1 2079
1 1454
2 2089
2 96
1 1030
2 289
2 824
2 737
2 724
1 1301
1 472
2 167
1 832
1 1435
1 1797
2 1909
1 1319
1 196
2 2138
1 66
1 205
2 2054
2 367
1 128
2 1268
2 800
2 2275
2 765
2 1769
1 2260
2 1157
1 677
2 13
2 1468
2 103
2 1517
1 1357
1 1573
2 763
1 1563
2 225
2 1426
1 1874
1 2026
1 407
1 247
1 145
2 388
2 1852
1 700
1 1333
2 831
2 333
2 2063
2 1047
2 666
1 486
1 508
1 1754
1 396
1 2007
1 1006
2 1129
2 906
2 554
1 264
1 432
2 1039
2 808
2 1161
2 1978
2 1343
2 2186
1 571
2 2032
1 2187
1 219
1 1587
2 2206
2 2164
2 221
2 2183
2 604
2 1416
1 1071
1 819
1 1900
2 731
2 1870
1 131
1 1361
1 1908
1 48
2 1861
2 288
2 1618
2 1121
1 1041
1 380
2 2215
2 1698
1 532
2 855
1 1671
2 586
2 1581
2 603
2 647
2 370
1 2220
2 1630
1 1492
1 699
1 1337
1 1423
1 1731
1 366
1 1238
1 1444
1 1499
2 1848
2 1245
2 2247
1 2196
1 434
1 564
1 371
1 1539
2 2034
1 2042
1 2258
2 288
2 1482
1 1620
1 634
1 1347
1 1753
2 292
1 924
1 1545
2 2260
2 1877
2 1787
2 1340
1 813
2 1627
2 688
2 347
1 2087
2 1226
2 232
1 269
2 1728
2 767
1 1450
2 249
2 85
1 2279
1 57
2 837
2 1156
2 418
2 992
2 1701
2 473
2 1290
2 1071
2 2010
1 1714
1 667
1 90
1 1426
2 859
1 1081
1 645
2 283
1 1164
1 565
1 494
2 333
2 2299
1 1869
2 1213
1 1275
1 1554
1 1482
2 307
2 1352
1 1983
1 2025
1 510
2 1696
1 1021
1 2075
1 1510
1 1730
1 1943
2 341
2 687
1 1704
2 2134
1 715
2 1604
1 1658
2 1151
1 27
2 1732
2 990
1 977
1 738
1 1101
1 575
2 673
1 42
2 867
1 607
1 2017
1 332
2 669
2 593
2 759
2 1962
2 1358
2 1816
1 1453
1 471
2 1883
1 1779
1 2027
2 591
2 322
2 438
2 1589
1 436
1 2005
2 1712
2 2216
1 2273
1 1635
2 1736
2 202
2 1516
2 346
1 716
2 1110
2 2281
2 1740
2 1432
1 1149
1 390
2 838
2 1850
1 2156
2 461
1 521
1 2136
2 2112
2 1094
2 384
2 1136
1 1837
2 438
1 2074
2 660
1 275
1 1742
2 1319
2 1430
1 969
2 1859
1 137
1 2160
2 350
1 615
1 1466
1 1830
2 1000
1 1762
1 1125
2 143
2 1846
1 2297
2 931
1 483
2 1569
1 1100
2 1811
2 138
1 1105
2 1863
1 1274
1 222
2 11
2 1834
2 1502
2 500
1 1829
2 1366
1 2152
1 2103
1 960
2 1566
1 1585
2 1572
1 1606
2 480
1 940
1 1329
2 2218
1 613
1 2219
1 1492
2 2134
2 1954
1 981
1 28
2 1707
2 720
2 1961
1 2223
1 942
1 2239
2 540
2 1277
1 545
1 114
2 967
1 400
2 564
1 1608
1 2186
1 695
1 437
2 177
1 1933
2 493
1 542
2 1701
1 1471
2 938
2 1994
2 1436
2 1826
2 849
1 1150
2 538
1 1777
2 75
1 512
1 2169
2 1513
1 869
2 421
1 1717
1 1825
2 1535
1 451
2 2174
2 1287
2 1811
1 1998
1 255
2 1345
2 1008
2 1946
2 2123
1 2241
2 1274
1 1900
1 558
1 1360
2 1446
1 2104
2 1132
2 2257
1 36
2 286
2 712
2 1634
2 2292
2 430
1 781
2 1456
1 811
1 1888
1 2104
1 174
2 980
1 918
1 1102
1 1261
1 1756
2 181
1 1549
1 2124
1 1870
1 1248
1 207
2 2167
1 1056
2 943
2 1660
1 1292
2 1832
1 1168
1 249
2 85
2 1218
2 2039
2 1906
1 1889
1 66
2 207
2 774
1 849
1 1534
2 373
1 1915
2 641
2 663
2 818
1 1240
2 561
1 1653
1 670
1 1780
1 1362
1 1799
2 1790
1 1862
1 2130
1 137
1 1750
1 1378
2 1265
1 1672
2 1519
1 513
2 950
1 1175
2 2007
1 2060
2 1359
1 60
1 1156
2 128
2 2177
1 1530
1 2106
1 991
2 1749
1 805
1 348
1 397
1 409
1 1952
2 1744
1 642
2 1544
2 365
1 1255
2 1349
2 1891
1 1940
1 1800
2 1744
1 341
2 883
2 1877
2 915
1 1747
1 2064
2 1348
1 875
1 1320
2 1501
2 1842
2 1289
1 1948
2 1739
1 579
1 491
1 1415
1 1944
1 631
1 1399
2 1873
2 1324
1 1315
2 210
2 1709
1 41
2 1884
2 1685
1 71
1 1324
2 1270
1 1731
2 737
1 1199
1 1295
2 492
2 585
2 2006
1 2259
1 514
1 568
2 1843
2 1280
2 491
2 55
2 1568
2 446
1 1825
1 956
1 1807
2 990
1 2111
2 2035
1 1046
1 1244
2 2197
2 508
1 2040
1 2148
2 1984
2 378
2 975
1 2101
1 1320
1 58
2 1171
2 926
2 1004
1 571
1 908
2 313
1 1673
1 845
1 687
2 1949
1 601
1 321
2 2081
1 845
2 196
2 178
2 901
1 1723
1 324
2 1327
2 1561
1 2198
1 1800
1 2072
1 146
1 2015
1 1401
2 1547
2 1363
1 582
1 678
2 936
1 784
1 1413
2 1092
1 1273
1 1185
2 1905
1 1279
2 2
1 2139
2 1449
2 747
2 1638
2 2045
2 421
1 569
1 550
1 1968
2 1509
1 15
1 55
2 145
2 535
2 1940
1 169
2 464
1 1980
2 190
2 1831
1 2295
1 1461
2 960
2 335
1 1531
2 1627
2 1770
2 2042
1 499
1 1788
1 999
2 1299
1 677
1 714
2 542
2 1117
1 1101
2 300
2 972
2 957
1 888
1 587
1 1335
2 370
1 1113
1 1691
1 1005
1 165
1 541
2 342
1 1073
1 1964
2 1684
1 1583
2 1532
1 1484
2 1067
1 431
1 1995
2 2081
1 2191
2 650
1 2164
2 922
2 507
1 1136
1 732
1 761
2 503
2 1607
2 1928
2 1266
2 1028
1 1892
2 679
1 1898
2 1308
1 1997
1 2011
2 2173
1 1573
2 459
2 1737
2 2243
2 970
2 1304
2 809
1 502
1 524
1 1451
2 1369
2 635
2 720
2 25
1 779
1 110
1 214
2 1779
1 18
1 1672
1 1820
1 934
2 1535
1 1697
1 1810
1 659
2 2249
1 1281
2 1043
1 1494
1 1733
2 2013
1 2067
2 2241
1 515
2 2030
1 1375
1 1287
2 2048
1 792
1 1153
1 33
2 1675
2 1828
1 2109
1 54
2 574
1 857
2 1689
1 2276
2 1700
1 973
1 467
1 351
1 1038
1 1478
2 651
2 221
2 658
2 583
1 1599
2 1030
1 757
2 337
2 786
2 680
2 2021
2 23
1 1446
2 1221
2 740
2 1557
2 282
1 1116
2 985
1 730
2 1957
2 1223
1 275
2 2113
1 611
2 105
2 1152
1 1396
2 400
1 1002
2 1542
1 1258
2 178
2 1856
1 1423
1 1327
2 939
2 386
2 2299
1 1104
1 2151
2 1752
1 37
1 1895
2 1864
2 714
2 1958
2 108
1 1826
1 1257
1 166
2 1337
2 917
1 1834
2 146
2 2288
1 2162
2 172
2 470
2 859
2 140
1 2184
2 1126
2 1093
1 1523
1 2168
1 656
1 1925
2 1262
1 2105
2 807
1 978
2 870
1 962
2 1346
1 608
2 1223
1 59
1 127
1 139
1 1962
1 2154
1 983
1 1579
1 35
2 1191
1 82
2 163
1 1601
1 2208
1 1632
2 773
1 924
1 1409
2 1694
2 628
1 345
1 1352
1 1495
2 504
1 1798
2 1656
1 1063
2 785
2 751
1 1468
2 129
1 2062
2 682
2 2263
2 119
1 1307
1 1505
2 2131
1 1982
2 1355
2 62
1 2073
2 2039
2 428
1 2129
1 782
2 900
1 1961
1 1646
2 1882
1 719
2 1306
1 144
1 1596
2 637
1 405
2 587
2 1143
1 2263
2 1653
2 769
2 156
1 299
1 746
1 762
1 2128
2 369
2 2102
1 1318
2 246
1 540
2 1377
1 1676
1 1754
2 833
2 838
2 2224
2 2210
1 482
1 649
2 1758
2 1413
2 1743
2 257
1 102
2 101
1 795
1 144
2 1537
2 655
2 943
1 450
1 109
2 1449
2 764
1 377
2 706
1 705
1 1867
2 616
1 383
1 1031
1 510
1 379
1 2253
2 620
2 1193
1 584
1 87
2 509
1 2006
1 1823
1 1498
2 1540
1 1648
2 222
1 361
2 1512
1 262
1 876
1 704
1 2232
1 1402
2 1846
1 1365
2 1053
1 253
2 794
2 1236
2 632
1 330
1 1705
1 1538
2 1112
1 693
1 1349
1 2052
2 197
1 1839
2 1398
1 1661
1 2009
2 1374
2 270
1 381
1 1
1 1023
1 121
1 75
1 1213
2 790
1 217
1 92
1 1920
1 1511
1 1029
1 825
1 1759
2 1941
1 1594
2 1215
1 1836
1 1964
1 1174
1 73
1 563
1 1304
2 1752
2 1424
2 868
2 269
1 79
2 1631
2 203
1 1005
2 1649
1 339
2 271
1 1481
1 99
2 982
1 2290
1 2034
2 1360
1 1866
2 581
2 487
2 1785
2 1095
2 352
1 2207
2 1453
1 1370
1 73
2 1512
1 248
2 1621
1 1720
2 2114
2 2053
1 810
2 1855
1 942
2 2193
1 2077
2 744
1 2076
1 480
1 2108
1 782
2 256
1 1393
1 1204
1 781
2 168
1 303
2 1231
1 1260
2 1474
1 104
1 799
1 2212
2 229
2 922
2 152
2 815
1 2147
1 552
2 1729
2 2012
1 1081
2 1269
1 1781
2 1408
1 1856
1 1451
1 1919
1 1017
2 1369
2 1819
1 829
2 1334
2 2171
1 1792
2 1134
2 352
1 346
1 1380
2 2085
2 2246
2 1674
2 566
2 2282
1 684
2 1491
2 1251
2 1118
1 1619
1 1173
2 768
1 1781
1 1271
2 2144
1 1346
2 1873
1 646
2 574
