5600 3500
2 2777
2 1608
1 2110
2 1847
2 511
1 461
1 293
1 2051
2 492
1 2447
1 691
1 1556
2 1904
2 689
1 287
2 408
1 2606
2 725
1 2053
2 1737
2 2798
2 2673
1 583
2 778
1 867
1 2629
2 1144
2 1890
2 166
1 961
2 2536
1 1338
2 710
2 1730
1 977
1 2352
1 1861
2 1130
1 1880
1 675
2 1475
1 1068
2 2655
1 1216
1 111
2 1832
2 2330
1 2331
1 2038
2 622
1 551
2 2342
1 1992
2 1196
2 2781
1 1561
2 2701
2 990
1 575
2 1835
1 1707
2 2306
1 1657
1 2680
1 2451
1 563
1 2635
1 1877
2 243
1 1492
2 2158
2 1695
1 2430
2 2563
2 116
1 1655
1 508
1 1857
1 705
2 1223
2 2434
1 109
1 1630
2 289
1 500
2 697
2 920
2 2193
2 1065
2 2346
1 358
1 2185
1 41
2 2133
2 1517
2 433
2 590
1 1345
1 1477
2 369
2 1134
1 1271
2 400
2 2388
1 966
2 857
1 113
2 1768
2 845
2 614
2 323
1 449
1 2386
2 2545
2 796
1 191
1 2374
2 2554
1 739
2 2349
1 1638
2 1920
1 47
1 1208
1 738
2 1639
1 564
1 1722
2 2238
1 2290
2 1869
2 813
1 1970
2 2508
1 1477
1 1164
2 174
1 2593
1 667
1 1031
1 1177
2 1290
2 1150
2 290
1 295
2 796
1 802
2 1104
2 1766
1 2114
1 601
2 2455
2 2314
1 1827
2 2445
1 100
2 352
1 2107
1 2011
2 2295
2 73
1 2006
2 987
1 2612
2 825
2 2057
1 532
2 2336
1 2227
2 1990
1 1519
2 2606
2 415
2 138
2 1593
1 2756
1 1171
1 1978
2 1795
2 177
2 2551
2 2328
2 2472
1 246
2 1382
2 1089
2 936
1 1643
2 2749
2 2276
1 2204
1 29
2 2651
1 1897
1 1445
1 2169
1 435
1 754
1 1834
1 974
1 1187
1 2645
2 1228
2 2268
2 1232
2 1126
2 721
1 396
1 2428
1 2734
1 2205
1 1979
2 959
1 580
1 1964
2 1908
2 1247
2 129
2 2768
1 1154
2 1233
2 1098
2 1572
2 935
1 1222
2 2194
2 1020
1 1489
2 1637
1 277
2 1098
1 1604
1 2305
2 1747
1 1569
1 1053
2 730
2 1844
2 1260
1 1503
2 2318
1 432
1 390
1 1494
2 1243
2 907
1 1617
2 360
2 193
2 2789
1 1238
1 348
1 268
2 1554
1 1120
1 2159
2 567
1 474
2 94
1 196
1 1422
2 332
2 2421
1 1748
2 186
2 144
1 629
1 829
1 1896
2 1279
2 1510
1 338
1 2040
1 53
2 2188
2 54
2 381
1 2293
2 2071
1 400
1 803
1 403
2 2347
1 450
1 1959
1 1413
1 1108
2 1498
2 371
1 1658
2 494
1 2660
2 1324
1 228
1 1849
1 414
2 491
1 721
2 58
1 1026
2 1192
1 2071
1 2021
2 1731
1 1308
1 783
2 1977
2 664
1 2201
2 282
2 2460
1 1002
1 2728
2 1409
1 2592
1 2793
1 703
1 858
1 2189
1 812
1 1877
1 1042
1 1670
1 231
2 1269
2 1402
2 346
1 1363
2 2590
1 1383
1 2001
1 708
1 2634
1 2792
2 269
2 1347
2 22
1 1430
1 133
1 1280
1 2476
1 2759
2 433
2 792
1 2397
1 191
2 2751
2 759
1 1928
2 2569
2 14
1 2255
1 2245
1 2122
1 941
2 1662
2 190
2 2543
2 2604
1 216
2 2317
2 784
1 2291
2 1708
1 874
2 1041
2 1007
1 2042
2 464
1 2168
2 270
2 2361
2 967
1 899
2 911
1 146
1 1133
2 2467
2 820
1 2309
2 2518
2 1625
1 1138
1 1467
1 707
1 460
2 207
1 1565
1 426
2 2045
1 2187
1 2608
2 1172
1 1104
1 1917
2 239
1 1046
1 1563
1 1001
1 1933
1 291
1 2051
2 2261
1 374
2 2633
1 2732
1 2713
1 900
2 844
1 2210
1 1384
2 511
2 1990
2 2595
1 1040
1 1060
1 176
2 2286
1 2395
2 930
2 2605
1 1723
1 1379
1 731
1 1052
1 2642
1 2134
2 2687
1 2342
2 1268
1 904
1 968
2 286
2 1976
1 2674
2 1958
1 2636
1 798
1 1532
1 828
2 98
1 2214
1 1115
2 1113
2 470
1 1458
2 520
1 822
1 1534
2 2241
2 1352
1 1392
1 1406
1 2089
2 377
2 715
2 252
2 1203
2 1934
1 2231
1 472
1 639
1 105
1 685
2 576
2 187
1 77
2 991
1 701
2 2474
1 2322
1 6
2 929
1 2171
1 1276
2 399
1 2172
2 1493
2 2753
1 2374
2 1198
2 2228
2 1059
1 2130
1 1506
2 1590
1 304
2 1347
1 2761
1 1728
2 970
2 1641
2 343
2 847
1 2151
1 886
2 553
1 2077
1 175
2 367
2 224
2 455
1 1602
2 471
1 184
2 1482
2 5
2 1761
1 1809
2 254
2 2632
2 960
2 654
1 1087
1 1649
1 1189
1 2681
1 2757
2 287
2 923
2 811
1 367
2 1734
1 452
2 1353
2 159
2 396
2 1850
1 1571
1 2566
2 129
2 1546
2 1242
1 1278
2 55
1 1612
1 2184
2 560
2 966
1 758
2 1875
1 2171
1 1088
1 897
1 2695
2 307
2 2583
1 1285
1 2180
1 2427
2 1556
2 1421
2 1178
2 217
2 1753
1 1207
2 1390
2 2730
2 1722
2 181
2 1705
1 1368
1 755
2 894
1 2634
2 1814
2 1182
1 189
2 2418
1 2033
1 2735
1 1144
1 1105
2 1855
1 1287
2 1831
1 1322
2 1562
1 1800
1 12
1 2392
1 2357
2 118
1 2100
1 2745
1 2581
2 2568
1 937
1 2061
2 2608
1 2545
2 1618
1 1815
1 205
2 588
1 798
1 2112
2 84
2 1522
2 1801
2 1518
2 2602
2 482
2 1425
2 103
1 2735
1 466
1 250
1 281
1 207
2 720
2 2198
1 1145
2 1136
1 2082
1 1582
2 1699
2 2039
1 1705
1 633
1 2737
2 2386
2 264
2 1885
1 1344
2 1590
2 388
2 1687
1 183
1 2465
1 2318
2 351
1 397
1 1127
2 1392
1 1614
1 2474
2 2657
2 261
2 1818
2 2723
2 1769
2 1787
1 1654
1 2546
2 556
1 236
1 2387
2 239
1 260
2 2507
2 657
1 1685
2 1671
1 35
1 2066
2 1396
2 2279
2 18
1 2354
2 368
1 1524
2 2681
1 1115
1 1240
2 2644
2 1840
1 1988
1 1527
2 2000
2 2697
1 137
1 1996
2 1927
1 2710
1 542
1 2691
2 2192
2 903
1 1782
2 2205
2 318
1 2379
2 837
1 2452
2 2679
1 629
2 1895
2 642
1 101
2 572
1 2363
2 15
2 1657
2 1924
1 1851
1 2449
2 870
2 717
1 2507
1 1037
2 2068
1 2771
2 2300
1 2099
1 1549
2 418
1 173
1 2567
1 844
1 791
1 272
1 2598
1 16
1 2113
2 2410
1 2468
2 1669
2 2371
2 1197
1 741
2 317
2 1298
1 1791
2 1427
2 1913
2 1807
1 1365
2 32
1 631
2 2218
1 827
2 108
2 2794
2 2564
2 1738
2 1559
1 2587
2 18
2 2699
1 785
1 674
1 2178
2 2750
1 75
2 1345
1 2258
2 2621
2 2183
2 2768
1 896
2 76
2 2775
1 2045
1 1749
2 2460
2 2511
2 1362
1 999
1 1775
2 2348
2 731
1 696
1 2416
2 666
2 2098
1 1806
1 1299
2 1635
1 546
2 82
2 170
1 875
2 1995
2 290
1 2245
2 964
1 192
2 51
2 1535
2 1774
1 471
2 483
1 1457
2 2746
1 2445
2 947
2 2800
2 1533
2 217
2 1991
1 2772
2 1547
2 1328
2 1996
1 151
1 1304
2 904
1 2761
1 660
2 1215
2 2282
2 2488
2 1916
1 1228
2 861
2 1479
2 2556
2 2498
1 815
1 2332
2 1900
1 788
1 1764
1 229
1 2351
2 1889
2 698
1 2235
2 2669
1 2613
1 510
2 1523
2 2135
1 2492
2 1264
2 2632
1 1539
2 939
1 1370
1 85
1 2755
2 91
1 1286
1 1668
2 1829
2 1236
2 2056
1 497
2 209
2 592
1 1631
1 1342
1 1822
1 1351
2 2203
1 1558
2 2787
2 200
2 60
2 632
2 2211
1 206
1 1778
1 1679
1 2235
2 130
2 1440
1 1605
1 994
2 359
2 988
2 36
2 201
2 881
1 1899
1 718
2 2549
1 81
2 1300
1 1876
1 1168
1 1416
2 2060
1 1594
2 2093
1 1733
2 354
1 170
2 476
2 2334
2 695
1 1437
2 1201
2 1785
2 2367
2 2444
2 1096
1 1033
2 2785
1 573
1 2463
1 180
2 976
2 911
2 1003
2 980
1 1884
2 513
2 2696
1 756
1 1975
2 98
1 265
1 663
1 872
1 2660
1 1429
1 2642
2 2453
1 2459
2 2230
2 2601
1 1378
1 135
1 922
1 801
1 1925
2 2557
1 699
1 1950
1 20
2 1606
2 1375
2 1715
1 1800
1 2767
2 1074
2 2567
2 1004
2 2385
1 2786
1 2152
1 2219
1 1597
2 1275
2 1641
1 1097
1 2155
1 2766
1 655
2 1900
2 251
1 2365
1 2609
1 1507
2 2037
2 662
1 2797
2 974
1 2055
2 1142
2 2678
2 2457
1 1225
1 2207
1 192
1 1082
2 1509
2 2569
2 683
2 554
2 529
1 1279
2 477
1 384
1 809
2 2701
1 1401
1 2122
2 1827
2 1344
1 49
1 861
1 2537
1 2486
2 541
2 1681
2 1028
2 2486
2 2237
2 2586
1 2429
1 597
2 1145
2 2783
1 1483
1 2731
2 1968
1 2347
2 1462
2 2067
2 1845
2 1602
1 782
1 2283
1 2729
1 1697
2 2030
2 1151
2 724
2 1596
2 2432
1 2115
2 393
1 2372
1 636
2 439
2 2517
1 1070
1 2338
2 1213
1 864
2 818
1 1466
2 2326
1 1135
1 2739
2 1935
1 1011
2 248
2 1004
2 321
2 2596
2 409
2 591
1 2500
1 403
2 1564
1 523
2 474
2 371
2 2315
1 2494
2 779
2 2785
1 1621
1 51
1 978
2 2562
1 1552
2 332
2 1766
1 2288
2 429
2 602
2 1212
1 623
2 1698
1 2005
2 766
2 1183
2 1410
2 518
2 1555
1 783
2 282
1 2662
2 645
2 2425
1 1672
2 1999
2 2027
2 1607
1 2062
1 2791
2 1336
1 342
1 2128
2 2603
1 245
1 946
1 2552
2 1300
1 2162
1 979
1 482
1 85
1 1307
2 1029
2 1911
1 853
2 1191
1 1424
1 1056
2 150
1 942
1 1270
1 1762
2 835
1 2454
1 665
1 889
2 1322
2 2307
1 1315
1 1109
2 2613
1 78
2 934
1 1974
1 2033
1 1792
2 679
1 885
2 122
2 1381
2 1188
2 2095
2 2637
2 1601
1 1003
1 851
1 555
1 2726
2 1881
2 2292
1 2677
1 1450
1 1983
1 2789
2 1857
1 542
2 646
2 1797
1 8
2 2395
1 416
2 539
2 1813
1 2146
2 262
1 1209
2 1906
1 2439
1 983
2 1043
1 819
1 838
1 1358
1 2714
1 1380
2 319
2 563
2 2441
1 760
1 359
2 585
1 790
2 1739
1 663
1 2644
2 2102
1 1262
1 2413
1 2531
2 1289
1 2127
2 215
2 650
2 255
1 512
2 729
1 273
2 347
1 1627
1 318
2 215
1 627
1 981
1 726
1 1488
1 2294
1 745
2 777
1 933
2 2667
1 1461
1 842
2 1745
2 1356
2 2403
2 168
2 2218
1 21
2 2704
2 1127
2 1171
2 1443
2 1063
1 1551
2 2739
2 1073
1 831
1 26
2 73
1 1471
2 596
1 1728
1 2467
2 41
2 527
2 209
2 2380
1 2229
1 932
1 417
1 965
2 121
1 1991
1 2032
2 221
2 301
2 1752
1 2364
2 1713
2 296
1 1373
2 2554
2 726
2 464
2 1559
1 1101
1 999
2 839
1 2212
2 2035
2 230
2 1000
2 2423
1 1531
1 280
2 1195
1 936
1 1643
1 2242
1 2346
1 123
2 843
2 2509
1 2223
2 2490
2 552
1 2573
1 1872
2 1138
2 789
2 2414
1 841
1 190
2 1416
2 237
1 1063
2 1544
1 1675
1 961
2 138
1 1408
1 531
2 1310
2 2578
1 2133
2 2737
2 1010
2 2643
1 134
2 1724
2 1899
2 830
2 2198
2 2138
2 306
1 110
2 108
1 52
2 2024
1 938
1 1729
2 1922
1 1929
1 2752
1 1394
1 2211
1 466
2 48
1 1585
1 1153
2 2742
2 590
1 2654
1 1807
1 2169
2 1454
1 328
2 1192
2 1075
2 1731
1 1812
2 1107
1 2614
2 1455
1 499
1 2060
1 640
1 679
1 1275
2 1091
1 1387
1 1969
1 2389
2 79
2 788
2 28
2 384
1 661
2 515
2 1993
1 1200
2 34
2 2004
2 436
1 1905
2 2294
1 1042
2 2406
2 828
2 644
2 2333
2 24
2 187
1 111
2 206
1 2603
1 535
2 1055
2 2074
2 1496
1 1407
1 2362
2 386
2 1374
2 1169
1 1210
1 2707
2 271
2 749
1 1593
1 1346
1 1865
1 1754
1 2424
1 2496
1 604
2 1842
1 2744
1 1222
1 820
1 1514
2 2583
2 805
2 845
2 2615
2 1442
1 1083
1 635
1 1291
1 924
2 578
1 1452
2 2183
2 767
1 722
1 1568
1 2080
1 203
2 509
2 530
2 1038
2 2579
2 2373
2 1970
1 2001
1 741
2 276
1 2602
2 2111
1 2623
2 815
1 748
2 1932
2 1612
1 1291
2 2164
2 2732
1 821
1 603
1 63
2 2778
1 1261
1 761
1 2012
2 1878
2 997
2 2278
1 545
1 849
1 658
2 2263
1 1839
2 370
1 2079
2 2504
1 752
1 1094
1 226
1 628
2 1122
2 1109
1 7
1 2273
2 1677
2 495
2 1923
2 1647
2 1490
1 2641
2 408
1 975
2 245
1 802
1 377
2 993
2 1587
2 1541
1 362
2 2135
2 2668
1 512
1 2373
1 309
1 1211
1 1327
2 463
1 2150
2 2577
1 2780
2 2458
2 1011
1 2433
2 1488
2 1845
2 1331
1 1853
2 2216
1 1694
1 2516
1 691
1 329
2 2478
1 60
1 564
2 1673
1 1268
2 487
2 915
1 1233
2 1334
1 2553
2 143
1 762
1 1912
1 24
1 1389
2 2120
2 2125
2 1146
1 1563
1 797
1 2194
2 447
1 2525
2 2442
1 293
1 1568
2 1309
2 1709
1 744
2 2532
2 1023
2 2313
1 2693
1 2439
2 2491
2 2381
2 850
2 1076
1 2638
1 1077
2 1805
1 2526
2 2475
1 1366
2 1986
1 2369
1 1201
2 394
2 154
1 2477
1 46
1 2547
1 1150
2 429
1 1743
2 119
1 524
1 1973
1 567
1 834
2 747
1 404
2 1176
2 2499
2 1795
1 2271
1 699
1 1118
1 2437
1 1674
2 702
1 168
2 514
2 1100
2 186
2 1541
2 1139
2 1592
1 1230
2 1909
1 789
2 1815
1 768
1 1933
1 2594
1 350
1 2004
1 2721
2 2627
2 868
2 1266
2 736
2 164
2 686
1 1257
2 746
2 921
1 1189
2 1961
2 606
2 1729
2 1684
2 818
1 2026
1 694
2 709
1 1767
1 1246
2 716
1 1799
2 1782
2 2508
1 1303
1 251
1 23
2 1103
2 496
1 1017
1 2477
1 1805
1 1439
1 2396
1 756
1 1591
1 1160
1 702
2 2308
2 160
1 1623
1 1982
2 2585
1 1093
1 115
1 1949
2 2776
1 178
1 1714
1 2138
1 2044
2 2317
1 1610
2 1079
1 152
2 489
2 1777
2 2363
2 2119
2 1503
1 1662
2 2437
2 659
1 790
1 1284
2 774
1 11
1 2106
1 2716
2 130
1 1599
1 566
1 1395
1 544
1 2736
2 2712
2 2048
1 640
1 2341
2 693
2 1668
1 278
2 165
2 1985
2 1518
1 1873
2 146
2 1301
2 448
2 446
1 1500
2 996
1 382
1 1081
2 712
2 1891
2 2338
1 2716
2 2693
1 918
1 1976
1 1161
1 1181
1 1196
2 11
2 195
1 1024
1 218
2 2622
2 2130
1 1386
2 1862
1 441
2 1963
1 1399
1 1231
2 997
1 1336
2 2131
1 1508
2 2063
1 761
2 2081
1 641
1 2321
1 298
1 1123
2 2758
1 1600
2 1717
2 893
2 1432
1 2280
1 1965
2 2493
2 2199
2 733
1 1846
2 2047
2 948
2 793
1 2324
2 232
1 1908
1 1051
2 1450
2 857
2 484
1 1632
2 259
1 37
2 1007
2 812
1 1701
2 833
1 2343
2 1984
1 2283
1 1955
1 2148
1 644
1 1435
2 2526
2 163
1 630
2 1580
2 2075
1 2784
1 1266
2 1248
2 2355
2 1372
2 1936
1 795
1 1744
2 2323
2 1324
1 1494
2 1430
2 300
2 2751
1 2595
2 2676
2 2556
1 283
2 2375
1 106
1 1454
2 2335
1 978
2 1645
2 401
2 2150
1 1566
1 1784
1 952
2 1125
1 2620
1 945
2 307
2 1215
1 1085
2 1036
1 292
1 356
2 1793
2 2501
2 2100
2 1468
2 800
2 989
1 1792
1 331
2 1581
2 1957
2 1380
2 1811
2 226
2 2385
2 2025
2 1742
2 2094
2 1096
2 941
2 1496
1 2021
2 1403
2 1186
1 515
2 1273
1 539
1 1229
1 467
2 2475
2 57
2 1030
1 311
1 1262
2 2022
2 915
1 582
2 1273
1 1664
1 1282
2 2287
1 1880
2 1311
1 1391
2 1012
1 2356
1 565
2 339
1 1678
2 2136
2 2514
1 374
1 172
1 1813
2 1550
1 2500
1 1659
1 1544
2 2610
2 2379
2 1638
2 1743
2 1661
2 1016
1 498
1 1265
1 1204
2 2015
1 1359
2 1320
1 2462
2 278
1 1810
1 558
2 2505
1 1128
1 1476
1 86
1 2303
1 838
1 2011
1 2274
2 768
1 846
2 1755
1 228
2 2323
2 801
2 2560
2 2597
1 1041
2 1567
2 2476
2 611
2 1667
1 2529
2 2088
1 227
2 1027
1 320
1 308
2 366
2 17
2 887
1 219
2 2671
2 2220
2 1758
1 1049
1 692
2 1642
1 522
1 1779
2 319
2 2277
1 983
1 1723
2 1350
1 162
2 189
1 2650
2 1814
2 2181
1 1083
2 2265
1 81
1 279
1 2146
2 39
2 557
2 1251
1 2149
1 213
2 780
1 1500
2 917
1 2028
1 347
2 1457
2 1812
2 1075
2 2747
2 2587
1 2281
2 2502
2 591
2 1472
2 1118
1 2552
1 528
1 1463
1 799
2 2134
1 871
2 340
1 240
1 1309
1 1611
2 341
1 90
2 912
2 1363
1 2663
1 1087
1 850
2 883
2 1154
2 2339
1 1159
1 1980
2 473
1 682
1 1780
2 1763
2 858
1 2404
2 2764
1 44
1 1478
1 774
1 2297
2 499
2 884
2 2206
1 2077
2 503
2 2779
2 2466
2 1417
2 2411
2 1804
1 2501
2 1349
2 1960
2 1472
1 183
1 1767
1 99
2 411
1 2220
2 571
1 1339
1 1890
1 2740
1 1076
2 527
1 2025
2 755
2 337
1 673
2 2191
1 449
1 945
2 2083
2 1152
2 2403
2 1648
2 2022
1 95
1 2646
2 1803
1 306
1 625
2 608
2 1445
2 2204
2 2196
1 1319
2 1121
1 2376
2 375
1 185
2 2246
1 1002
2 1939
1 2125
2 1796
2 723
1 2497
2 1058
1 1661
1 1333
1 336
2 1644
2 2674
2 1734
2 2113
2 1162
1 2509
2 543
1 1314
2 1236
2 274
1 2755
1 577
2 2704
2 197
2 2013
1 2360
2 526
2 220
2 411
2 985
1 1658
2 1973
2 727
2 1371
2 649
1 804
2 1824
1 2685
1 2550
2 1629
1 253
1 633
1 2412
1 363
2 1068
1 1225
1 475
2 534
2 2424
2 398
2 1736
2 2378
2 1928
2 2244
1 1611
2 1099
1 258
1 483
2 1716
2 2796
1 103
1 2078
1 744
1 1656
1 638
2 1505
1 677
1 531
2 1397
1 2106
2 2031
1 1346
2 1961
1 2137
1 718
2 928
2 1286
1 2413
1 2482
2 1367
2 1264
2 2764
2 901
2 2686
1 855
2 202
2 2679
1 127
1 38
2 1920
2 1579
1 1108
2 410
1 2402
1 2088
1 505
2 1882
2 2414
2 448
2 42
1 2091
2 1050
2 1156
2 525
1 1141
2 607
1 2127
2 772
1 2417
2 794
1 1035
1 724
2 455
1 140
1 1389
1 1030
1 2470
2 2619
2 735
1 1015
1 1741
2 2029
2 1487
1 1543
2 668
1 1368
1 886
2 532
1 383
1 234
1 55
2 1785
1 2533
1 1939
1 1947
2 556
1 438
2 167
1 2048
1 2129
2 2102
1 1151
2 1008
1 2651
1 1576
2 136
1 1054
1 913
2 1032
2 1975
1 74
2 925
1 2573
1 719
2 142
1 753
2 1219
2 184
2 2747
2 1769
2 1495
2 490
2 1391
1 1852
1 148
2 2517
1 125
1 1886
1 2775
2 349
2 1823
1 268
1 2440
1 1276
2 2202
1 987
2 59
1 593
1 1374
2 194
2 2370
2 1501
1 1247
2 1523
2 2333
1 126
1 2271
1 2431
2 2043
1 1237
2 2733
1 67
2 1102
2 1290
1 2017
2 256
2 355
2 398
2 351
1 2604
2 2557
1 2014
1 2564
1 1665
2 972
2 1652
1 770
1 502
1 2746
2 1190
2 533
1 1231
1 1689
2 2200
2 2239
2 2446
1 2730
2 842
2 1820
1 1013
2 595
1 583
1 142
1 2173
2 1062
1 1560
1 1586
2 2766
2 1540
2 89
1 2384
1 2639
1 833
2 2710
1 1308
1 1226
1 2302
2 2072
2 1992
2 717
2 1983
1 2234
2 1460
2 1173
1 2793
2 2618
2 2280
1 2591
1 2313
2 1917
2 1932
1 1360
1 250
1 2121
2 875
2 1608
1 2464
2 1102
1 733
2 3
2 2207
1 93
1 2068
2 1337
2 1112
1 667
1 581
1 605
2 753
1 1955
2 1574
1 1113
2 1656
2 92
1 327
2 315
1 1223
1 1855
1 1719
2 1883
1 389
1 588
1 326
1 1971
2 1950
2 775
1 1554
2 707
2 1111
2 509
2 1831
1 1179
1 2018
1 1331
1 1157
2 1930
2 1760
1 1575
1 2687
2 2049
1 2188
2 273
2 1760
1 1639
1 2036
1 1703
1 197
2 1406
2 2126
2 2798
2 353
2 1934
2 1998
1 2064
2 302
2 1974
2 1659
2 167
1 1557
2 1919
1 1220
2 2149
2 336
2 428
1 380
2 2063
1 2513
2 1121
2 1386
1 973
2 952
2 1232
2 97
2 1095
1 2481
1 2351
2 808
1 1401
1 584
1 680
2 1623
2 1357
1 421
2 867
2 1
2 1024
2 285
2 714
2 2689
2 1366
1 671
1 1774
1 13
2 1446
2 1673
1 985
1 1682
2 2433
1 1833
2 537
1 2067
2 1853
2 1217
1 1860
2 1272
2 2353
2 375
2 1340
1 1589
1 1210
1 1579
1 486
2 766
1 1966
2 1295
2 1706
2 2407
1 1858
2 2689
2 949
2 1698
1 1761
1 710
2 1771
1 87
2 1305
1 2657
1 2176
1 2694
2 2105
2 1037
1 2572
2 2260
2 807
1 2586
1 1304
1 2576
2 2631
1 88
2 2617
1 927
1 1720
1 1241
2 898
2 1533
1 519
1 2182
1 1365
2 587
1 990
2 1214
1 2201
2 2684
1 1047
1 1335
2 2544
1 2665
2 2168
1 1034
1 1674
2 2010
1 2010
2 2582
1 2398
2 247
1 1133
1 2555
2 980
1 2252
2 668
1 1876
2 1577
1 521
1 1727
2 855
2 2702
1 131
2 1684
2 120
1 927
1 2539
1 338
2 342
2 1499
2 2727
1 794
2 1086
1 417
1 2250
2 1179
2 647
1 2249
1 2523
2 1938
1 1951
2 26
2 2792
2 1135
1 1570
1 503
2 208
2 1141
1 219
2 1048
1 1526
2 1302
1 1234
2 17
2 993
1 485
2 2542
1 2019
2 1069
2 998
2 317
1 478
2 452
2 1045
1 827
1 572
1 2538
2 2116
2 343
1 1543
1 2461
2 2577
2 1710
2 803
1 1208
2 1691
2 1693
2 97
1 2628
1 1820
2 399
1 1414
1 2441
1 672
1 1746
1 324
2 1081
2 680
1 477
1 523
1 1886
2 2200
1 533
2 1525
2 1509
1 379
2 2765
2 1670
2 2087
1 2092
1 856
1 1721
1 1163
1 2449
1 824
2 235
1 2729
2 494
1 2179
2 797
1 2066
1 137
2 1249
1 57
2 1048
2 2321
1 77
2 614
2 362
2 1944
2 1927
1 879
2 792
2 2435
2 1501
1 916
2 2196
2 454
1 152
2 1419
2 236
1 1988
1 2249
1 2393
1 1441
2 2666
1 2350
2 1314
2 2532
1 2584
2 1072
2 1398
2 1257
2 2618
1 1139
2 1250
2 1878
2 1903
1 2692
1 1836
1 1253
2 99
2 1080
2 517
2 1793
1 2772
1 2337
2 34
2 1358
1 2266
2 334
2 212
2 690
2 1514
2 1040
1 27
2 422
1 1157
2 1866
1 372
2 1021
1 1307
1 409
2 2724
1 1008
1 2727
2 1149
1 2375
1 1054
1 2483
1 918
1 2653
1 1552
1 2383
2 1372
2 1017
1 2330
2 1530
1 2359
2 2344
2 1326
1 737
1 1303
1 1073
2 2548
1 2320
2 2274
1 2708
2 1491
1 655
1 579
2 586
1 1131
1 2715
1 2512
2 487
1 150
2 1168
2 2255
1 1343
1 2221
2 1808
1 1547
1 2522
1 488
2 1420
2 807
2 1614
1 2279
1 2159
1 2797
1 177
2 2612
1 1177
2 972
1 1570
2 1470
1 321
2 1277
2 852
1 393
2 1726
2 1989
2 1431
2 1038
1 2281
1 2672
2 1356
2 773
1 104
2 1744
2 2293
2 1624
1 693
1 1252
2 1483
2 763
2 335
1 2213
2 1868
1 1045
2 2763
2 2124
1 968
2 1616
1 1713
1 2443
1 1929
2 1888
2 1173
2 610
1 830
1 1591
1 2275
2 992
2 2046
2 2700
1 1549
2 2208
1 617
1 89
2 914
2 1333
2 78
1 2259
2 934
2 1964
1 165
2 2521
1 1051
1 1751
1 2600
1 10
1 1245
2 481
2 2452
1 2650
2 478
1 1695
2 1383
1 2471
1 635
2 233
1 2017
1 2108
2 92
1 2104
2 2086
1 931
2 1379
2 1584
1 1411
1 2620
2 888
2 926
2 345
2 517
1 1892
1 2049
2 2065
1 269
2 2381
1 937
1 2400
2 465
2 1506
2 1321
1 1688
1 1599
2 63
1 352
1 432
2 2518
1 729
1 616
2 1681
2 4
1 2226
2 624
1 1332
1 1588
2 2782
2 1434
1 2539
1 1711
1 86
2 28
2 1517
2 1072
1 1915
1 1798
2 292
2 121
1 2719
2 1803
1 2520
2 848
1 2559
2 1089
2 757
1 200
1 2497
1 950
1 891
2 2319
1 1486
2 1688
2 175
1 2522
1 1646
1 445
2 771
2 1029
1 1751
1 2669
2 241
2 1946
1 341
2 2495
1 1251
1 2790
1 1306
1 243
1 935
1 786
2 1582
2 1914
2 2289
1 1716
1 439
2 887
1 2166
2 600
1 1269
2 387
1 1526
1 1522
1 419
2 2700
1 107
1 1025
2 582
1 2721
1 491
2 2264
1 1361
2 2412
2 2085
2 2680
2 1750
1 2361
2 2484
1 1664
2 1683
2 147
1 584
2 1598
1 2003
1 1091
2 140
1 926
1 1884
2 71
2 2426
1 951
1 2384
2 365
2 1481
2 1224
2 2377
2 1441
2 2254
2 2647
2 2429
2 2645
1 1779
1 75
2 2409
1 543
2 2720
1 1183
2 2174
1 1404
1 2626
1 1185
2 910
1 653
1 2749
1 1355
1 1621
2 185
1 1384
1 2524
1 1292
1 1249
2 2
2 2488
1 814
2 2457
2 1794
1 2378
1 1784
2 2115
1 1935
2 1212
2 2622
2 1618
2 1181
2 624
1 2438
1 2760
2 379
2 1588
2 372
1 1480
2 1567
2 876
2 47
1 1521
2 2405
2 516
2 1665
1 2054
2 9
2 2101
1 1466
1 1513
2 222
2 309
1 1018
1 2078
1 2390
2 992
1 1903
2 1278
1 1202
2 2530
1 2304
2 218
1 1651
2 1260
2 443
1 2742
2 734
2 865
1 713
2 2043
1 256
2 1487
2 358
1 385
1 2119
1 2256
2 284
2 569
1 737
2 826
1 1849
2 1918
1 1967
2 1499
2 2741
2 1868
1 2064
1 117
1 373
1 440
2 2072
1 2128
1 1697
2 919
2 1335
1 1802
1 732
1 555
1 2126
1 1852
2 905
2 333
1 2121
2 2473
1 428
1 524
1 1352
1 1613
2 1667
1 709
2 153
2 105
2 2555
2 769
2 2084
1 866
2 1166
2 2588
1 2232
2 199
1 1400
2 1819
2 2799
2 975
2 1836
1 1376
1 1871
2 967
2 821
2 2187
1 1234
1 1064
1 1521
2 1355
2 2144
2 2548
1 2541
2 902
1 128
1 1422
2 1856
2 720
1 544
1 2465
1 1652
2 1243
2 1227
2 956
1 1987
1 2499
2 1325
1 64
1 1959
2 2707
2 198
2 2715
1 637
2 1059
2 2568
1 2559
2 1527
2 1184
1 2322
1 2030
1 1537
1 1997
2 971
1 530
1 1645
1 61
2 1082
2 2703
2 1846
1 68
2 621
1 1912
2 2588
2 1174
2 656
1 690
1 969
1 405
2 436
2 769
2 124
2 522
2 1130
2 1865
1 1169
1 2422
2 2008
2 1301
2 328
1 2359
1 888
2 2472
2 2156
1 1280
1 2073
1 615
1 2582
2 2327
2 2709
2 670
2 2110
1 550
1 1692
1 2635
1 2055
2 2020
2 2193
2 2020
1 1553
2 242
2 2694
1 161
1 1758
1 594
1 2058
1 2593
1 2203
2 589
1 1446
2 1887
2 836
2 1898
1 2714
2 2401
1 623
1 908
2 373
1 688
1 2415
1 732
1 249
1 1794
2 1830
2 1136
1 823
2 1428
2 2540
1 444
1 2267
2 1851
2 2659
2 2277
2 430
2 2065
2 2366
1 410
2 468
2 748
1 210
2 931
1 1788
2 2282
2 1012
2 1049
1 1882
1 2016
2 1147
1 419
2 95
2 632
2 1550
1 2570
1 2763
1 1943
2 1863
2 1788
2 2754
1 79
1 1755
2 946
1 155
1 749
2 1773
2 2217
1 2091
2 2607
2 144
2 1715
2 1757
2 1390
2 434
1 458
2 1963
1 1564
2 1397
1 1870
2 1031
1 506
1 84
2 840
1 2209
1 1956
1 1787
1 917
1 1086
2 394
2 2468
2 45
2 210
2 308
2 145
2 1879
2 2784
1 1332
2 2223
2 2389
2 989
2 264
2 1321
2 1185
2 467
2 1954
2 943
2 1453
1 158
2 2019
2 1839
1 344
1 2527
1 458
1 1408
2 1258
1 1263
1 1001
2 453
2 751
1 74
1 1808
1 2659
2 2485
2 2230
2 672
2 96
1 244
2 1676
2 1143
1 437
2 2050
1 2291
1 360
2 576
1 573
1 504
1 414
1 2288
2 52
2 1977
2 110
1 2543
1 25
1 1757
1 303
1 2712
1 451
2 2153
1 747
2 995
1 1084
2 1633
2 806
2 2605
2 1248
2 195
1 1180
1 2360
1 2530
2 68
1 1985
1 955
2 2241
1 703
1 947
2 2525
1 2266
2 1941
1 7
1 2537
1 1327
1 1492
2 1548
1 2105
1 54
2 920
1 465
1 357
2 401
2 310
1 568
2 113
1 1653
2 2269
1 587
1 2358
2 1453
1 148
2 728
2 2246
2 2665
1 2003
1 1685
2 2748
2 329
1 1325
1 25
1 508
1 742
1 2031
2 1783
2 2579
1 2450
1 816
1 1995
2 224
1 2278
1 1407
2 643
1 1633
1 1388
2 2174
2 2496
2 2118
2 1050
1 1690
1 2740
2 326
1 363
1 1479
2 1218
2 1186
2 402
1 1968
1 1270
1 2664
2 969
1 1129
2 1741
1 1512
1 2042
2 1193
2 2142
2 2513
2 1283
2 1860
1 2411
1 2731
1 365
2 518
1 295
1 700
1 1750
1 194
1 1256
1 383
2 1274
1 1624
2 423
2 1480
1 320
2 1854
2 2308
2 585
2 1699
1 1351
2 1090
1 2355
1 221
2 1429
2 829
2 2560
2 874
2 606
1 441
1 2682
1 2040
2 2393
1 2398
1 2443
2 1097
1 1482
1 2481
1 2357
2 1412
2 1436
1 313
1 964
2 2625
1 784
1 1721
2 2012
2 2779
1 2305
2 1775
1 1124
2 2654
2 2609
1 1733
2 2405
1 1874
2 577
2 1182
1 2073
2 2325
2 976
2 1802
2 2256
2 991
2 1306
2 1464
1 2000
1 787
2 554
1 204
1 114
1 1585
1 1646
2 1842
1 2553
1 2368
1 390
2 1463
2 1861
1 1589
1 2745
1 274
2 1986
1 1039
1 1616
2 593
2 1569
2 568
2 654
1 2590
1 704
2 1195
1 83
1 2024
2 549
2 1999
2 2756
2 234
2 463
2 2663
2 1752
2 462
2 2796
2 2420
1 1529
1 2627
1 493
2 10
2 485
1 2469
2 1328
1 1826
2 1338
2 2089
2 2354
1 2461
2 1413
2 280
2 2725
1 1473
1 83
2 1859
1 574
1 2676
1 490
1 2085
1 1319
2 581
1 743
1 578
2 1297
1 1434
1 2456
2 1709
2 33
1 270
2 2574
1 380
2 1565
1 1069
2 39
2 1298
2 2103
2 1666
1 2252
2 1718
2 1221
2 2053
1 953
1 159
1 704
2 1052
2 2290
2 1362
1 397
1 1402
2 1451
1 1557
1 1730
1 1267
2 757
1 852
2 1078
2 498
2 2367
2 2052
1 1736
1 1626
2 949
1 2480
2 174
1 2270
2 240
2 225
1 2705
2 971
2 1427
1 2434
2 2392
2 1122
2 355
2 1650
1 1601
1 2494
1 106
2 141
1 2284
1 2624
1 1206
2 2415
2 621
2 2667
2 202
2 66
1 1776
2 1856
2 1341
2 1459
2 1843
2 423
2 840
2 708
2 618
1 1199
2 1447
2 2118
2 841
2 2670
2 2197
2 2285
1 2566
2 1066
2 1924
2 1875
1 2232
2 1693
2 420
2 2090
2 340
2 42
2 1458
2 208
2 836
2 2195
2 506
2 2153
1 2161
2 1495
1 444
1 4
1 431
2 1700
2 834
2 2706
2 706
2 171
1 1420
2 2253
2 1536
1 102
1 1252
1 1529
1 570
2 1117
2 1244
1 2262
2 1704
1 1180
1 2350
1 1922
2 286
2 953
1 1680
1 2302
2 2139
2 519
1 87
2 430
1 2544
1 1469
2 489
2 2286
1 49
1 2263
2 557
1 2456
2 661
1 984
2 2312
1 1471
2 2416
1 2190
1 1259
1 1312
2 1502
1 1869
1 1551
2 613
1 2181
2 984
2 736
2 1537
2 781
2 711
2 2254
2 2540
1 1005
2 549
2 1123
1 538
1 2165
1 1403
2 520
1 745
1 1765
2 315
2 1867
2 810
1 1132
1 1293
2 48
1 859
2 330
1 1596
2 2160
1 180
2 2423
2 1354
2 2773
2 2185
1 1190
2 2471
2 677
1 1465
1 848
2 891
1 2217
1 575
1 1938
1 1010
1 1018
2 617
1 1203
2 832
2 2782
2 1597
1 2090
2 1630
1 260
2 1821
1 1906
1 1287
2 1044
2 651
1 1555
2 459
2 2547
2 1315
2 1255
2 627
2 1377
2 2152
1 314
1 634
2 580
1 1498
2 1299
2 1615
1 1636
2 1622
1 334
1 35
1 1712
2 1826
1 1400
2 1548
1 598
2 2702
2 1046
1 442
2 1717
1 1071
2 892
2 1892
2 131
1 758
1 1475
2 739
2 715
2 1606
2 445
2 1469
2 1006
2 350
1 2177
1 1871
1 2432
2 277
1 1438
1 2428
1 1859
2 1272
1 2466
1 2231
2 944
2 1370
1 1022
2 1229
2 1768
2 1972
2 440
1 940
2 831
1 1954
2 1545
1 254
1 1742
2 107
1 2536
1 2343
1 2234
1 1485
2 1216
2 2120
2 2515
2 1316
1 1896
1 1649
1 91
2 361
1 678
1 2032
2 1143
2 255
2 2762
1 878
1 2421
2 404
2 117
2 2783
2 1571
1 754
1 2491
1 1486
1 986
1 1925
2 213
2 1528
2 2123
2 2711
1 1948
1 45
2 541
1 2697
1 16
2 2179
1 1515
1 1811
2 141
2 684
2 2668
2 2708
2 2096
1 2652
2 1274
1 1957
1 1032
2 344
1 860
1 32
2 1205
1 1447
1 301
1 27
1 2141
1 1516
2 266
2 2229
1 685
2 860
1 2147
1 651
2 1655
1 2296
1 2788
1 2741
1 1224
1 2400
1 944
1 2114
2 1337
1 2408
1 1848
2 2656
1 1816
1 1542
2 923
1 1598
2 1313
1 1747
1 40
2 21
2 1790
2 1981
2 2301
2 72
1 1191
1 2535
1 851
2 1259
2 762
2 2344
1 1694
2 450
1 1666
1 599
2 1672
1 2382
2 2167
2 2109
2 237
1 1586
2 2649
1 676
1 1534
1 1242
1 220
1 813
1 1084
2 932
1 353
2 1901
1 1962
1 1444
1 2353
2 305
1 1592
1 1349
1 1062
1 778
1 1772
2 62
1 684
2 2738
1 1660
1 1079
1 2670
1 505
2 877
2 2132
2 1044
1 605
1 1841
1 723
2 2210
1 1302
2 1161
1 235
1 13
2 652
2 636
2 82
1 903
2 1910
2 125
1 1292
1 1581
2 1184
1 468
2 2502
1 2447
2 2316
1 19
2 1478
1 2748
1 907
2 1313
1 288
1 2050
1 2505
1 2143
2 1176
2 1580
2 443
2 233
2 1014
1 1426
1 853
1 1773
2 162
1 914
1 1114
1 2298
1 666
1 1998
2 2678
1 2369
2 1385
1 64
2 2189
2 2007
2 288
1 427
2 2589
2 179
1 1440
2 868
2 2683
2 2653
2 963
1 1023
1 182
1 2209
1 597
1 1474
2 631
2 2406
2 357
2 43
2 1942
2 437
1 909
2 643
2 776
1 1329
1 2397
2 930
2 164
2 2399
2 2160
1 1663
2 1679
1 1254
2 1364
2 547
2 2225
2 504
2 2616
1 1240
1 2519
1 687
1 566
1 2717
1 728
1 951
1 1745
2 62
1 2170
1 647
1 2692
1 1683
2 1205
2 188
1 510
1 171
2 2352
1 2239
1 1250
2 1625
1 1946
1 1361
1 1146
1 2541
2 1316
2 2092
1 2124
1 2483
1 1603
1 1485
1 810
1 160
2 950
1 870
2 2489
1 1036
1 2348
1 1132
2 1057
2 427
1 2145
1 1311
1 2244
1 1870
2 201
1 2331
1 2776
1 959
2 1484
2 2643
1 2225
1 2685
1 1989
1 1014
2 1148
2 681
1 2074
2 665
1 638
2 2275
2 67
1 1253
2 2258
2 279
1 671
1 1583
1 2422
1 2683
1 1692
1 120
1 562
2 56
2 1148
1 1724
1 2709
1 1540
1 2769
1 2630
1 678
1 2734
2 881
1 345
1 899
1 2034
2 453
2 2487
1 2310
2 2581
2 2180
1 689
2 1147
1 1026
2 66
1 2325
2 211
2 2575
1 1902
1 1070
2 2069
1 2284
1 2156
2 1340
2 2578
2 205
1 906
2 1239
2 438
2 1364
2 456
2 2510
2 1226
2 2598
1 955
2 816
2 2672
1 921
1 1864
2 276
1 2261
1 151
2 622
2 916
2 294
1 1239
2 1753
1 767
1 1629
1 1895
2 214
1 1739
1 960
2 2686
1 446
1 1288
2 2041
1 998
2 259
2 826
2 1473
2 391
2 149
2 2402
1 2368
2 603
2 574
1 604
1 252
1 877
2 956
2 1519
2 1214
2 2107
2 957
2 418
1 1456
2 227
2 2309
2 2706
1 2444
1 1504
2 2390
1 1783
2 1197
2 1907
2 2222
1 2516
1 1438
2 1619
1 809
1 291
2 2079
1 817
1 1578
2 2109
1 330
2 1092
2 2658
1 1740
1 1706
1 1167
1 1329
2 649
2 2142
1 750
2 1217
2 312
2 244
2 1255
2 1952
1 1894
2 123
2 958
2 1560
1 2192
1 1158
2 1323
2 378
2 1448
1 1393
1 2054
1 50
2 1838
2 1897
1 422
1 2147
1 1620
1 2339
1 1926
2 1111
2 299
1 1916
1 1125
2 507
1 262
2 1702
2 2506
1 253
1 819
1 645
1 1979
1 2372
1 387
1 589
1 1428
1 2649
2 1686
2 734
2 600
2 1605
2 1520
1 420
1 1426
1 535
1 1844
2 1271
2 1353
1 919
2 2442
1 2143
2 1116
1 1777
2 1437
1 2362
1 1119
2 2219
2 1725
2 2788
2 2648
1 2671
2 1663
1 2473
1 2236
1 2580
1 1220
2 2408
2 1710
1 2303
1 1101
1 1575
2 1817
2 1718
1 977
2 979
1 128
1 492
1 1825
1 1211
1 1735
1 2744
1 145
2 2574
1 2345
2 2221
2 1497
1 2371
2 2430
2 2154
2 560
1 2520
1 1431
2 2295
1 157
1 2690
2 1057
1 1206
2 2561
1 2027
2 80
2 56
1 772
2 1885
1 1343
2 1889
2 2311
1 2289
1 705
2 112
2 1931
2 878
1 1841
2 1074
1 1945
2 59
1 1061
1 2253
1 1312
1 415
1 1971
2 536
1 2006
1 101
2 2358
2 2770
2 676
2 346
1 2320
1 1965
2 46
1 2002
2 882
2 1294
2 2300
1 1528
2 1806
1 497
1 2450
2 2058
1 2758
1 825
1 322
1 1119
2 1587
1 599
2 2251
1 1194
1 1258
2 1140
2 173
2 2601
1 178
2 2319
2 2265
1 2684
1 2186
1 1060
1 267
2 787
1 1817
2 1067
2 2141
1 1424
2 2148
1 1910
1 53
2 1254
1 2076
1 2754
2 2675
1 2725
1 181
2 1626
2 2195
1 1952
1 957
2 2418
1 368
1 1703
1 2070
2 298
2 2794
1 1296
2 2482
1 2157
2 1941
1 2419
2 579
2 2594
1 880
1 2531
2 1678
2 1
1 859
1 1043
2 1676
2 895
1 12
1 1682
2 2023
1 1221
2 2269
2 2762
2 1951
2 1572
1 2285
1 1944
1 2673
1 496
2 1093
2 1847
1 6
2 1163
2 847
2 2238
2 1997
1 1987
1 1199
2 1348
2 865
2 198
1 2795
2 1020
1 1542
2 412
2 281
2 1595
1 1202
2 299
1 1687
2 1334
1 229
2 2155
2 948
2 2630
1 2724
1 1574
1 1654
2 2056
1 1893
1 2639
2 391
2 2082
2 454
1 1449
2 546
2 1504
1 1905
2 824
2 70
2 1387
2 1525
2 1686
2 653
2 2070
2 1418
2 413
1 793
2 1142
2 626
2 1330
1 1297
2 1690
2 1160
1 154
1 970
2 65
1 2243
2 2757
2 1756
2 136
2 2094
1 740
2 2296
1 242
2 648
2 641
1 479
2 1512
1 2248
2 2175
2 2009
1 1124
2 361
2 1891
2 2144
1 386
1 2759
2 96
2 1481
2 694
2 698
2 540
2 289
2 2534
1 2145
1 664
1 2076
2 193
1 1114
1 1573
1 2394
1 1282
1 2459
1 1833
1 2771
1 406
1 2718
1 764
1 1823
2 2005
2 2036
1 2506
1 2039
2 625
1 1613
2 2448
1 670
1 1712
1 1155
1 2041
1 862
1 88
2 2538
2 473
1 1791
1 1028
2 1507
2 988
1 862
1 65
2 835
1 169
1 1172
2 434
1 157
2 1516
2 863
1 730
1 1763
1 1644
1 2186
1 1288
2 1034
1 76
1 2177
2 910
2 1640
2 476
2 939
2 1628
1 426
2 618
2 1583
1 2661
1 2268
1 69
2 94
1 700
1 1953
2 216
2 1600
1 924
2 1213
1 459
1 2561
1 133
1 1016
1 2733
2 1155
1 1809
2 1904
1 922
1 104
1 1764
1 2191
2 1137
1 296
1 1843
2 2013
2 896
2 5
2 1464
1 1373
2 166
2 735
1 2621
2 2534
1 1281
1 1772
2 2016
1 2093
2 1634
1 1103
1 1170
1 2504
1 1317
1 854
1 1719
1 2356
1 356
1 314
2 1245
1 1452
1 1178
1 1867
1 781
1 669
1 1873
2 2086
1 804
2 382
1 2018
2 484
1 1110
1 1700
1 786
2 472
1 211
1 2453
1 2616
1 1781
2 1385
2 1159
1 223
1 760
1 263
1 2688
2 2272
2 1940
2 675
2 1824
1 1553
2 258
1 2052
2 1000
2 2340
2 1435
1 2190
1 2492
2 2426
1 249
1 1055
1 1100
1 1369
2 2722
1 2469
1 719
2 890
1 938
1 1759
1 763
1 2163
1 954
1 2311
1 1193
2 1165
1 2273
2 19
2 2728
2 50
2 2184
1 1967
2 1106
2 2098
1 424
1 2240
2 2267
1 124
2 594
1 199
2 742
2 311
2 1149
1 2625
2 261
2 814
1 23
1 2377
2 1433
1 750
2 1339
1 1810
2 2059
2 2524
1 109
2 1241
1 1342
2 2131
2 1323
1 1432
2 1164
2 1484
1 725
1 1237
2 153
1 839
1 1640
1 1474
1 2463
1 196
1 773
1 800
1 364
1 2713
2 1033
2 1669
2 349
2 247
1 658
2 366
2 2631
2 2380
2 2215
1 712
2 1538
2 2519
1 607
1 1594
2 569
2 2038
1 2615
2 1631
1 1786
2 682
2 2780
2 1318
2 776
1 1982
2 1981
1 963
1 1318
1 1256
1 1754
1 1837
2 31
2 316
1 2087
1 1204
1 179
2 2585
2 1198
2 1067
2 2173
1 634
2 1491
1 501
2 1277
2 493
2 2399
1 1960
1 2075
2 2382
1 1330
2 608
1 2388
1 2101
2 1388
1 1235
2 1915
2 2698
1 1470
2 1850
2 2599
2 1433
1 1879
1 2490
2 2596
1 714
1 1921
2 2425
2 1708
1 832
1 1053
2 29
1 2301
2 2427
2 72
2 686
1 395
1 2691
2 2228
2 2257
1 158
2 2178
1 2324
2 2057
2 2140
1 1696
1 1405
1 1898
2 550
1 1840
2 1140
1 777
2 2753
2 994
1 1801
1 1746
1 612
2 500
1 2328
2 2752
1 413
1 2515
1 2617
2 2270
1 1461
1 304
1 1776
2 2242
1 2292
1 1410
1 1923
1 2774
1 1940
2 2224
1 2132
1 1218
1 1013
2 2575
1 2316
2 2014
1 331
1 2015
2 2528
2 553
2 876
1 565
2 2637
1 2237
1 2227
2 1375
1 1762
2 2705
1 1818
1 1918
2 2337
1 33
2 1749
1 1829
1 267
1 1956
2 1405
2 2726
1 143
2 2341
2 558
1 1902
1 1421
1 2551
1 1862
2 116
1 2213
2 639
1 431
1 765
2 759
2 1120
2 275
2 1354
1 2176
2 1604
1 1418
2 1675
1 2440
1 1381
2 2097
2 2215
2 551
2 1396
1 612
2 2628
2 1468
2 770
2 1263
1 1047
2 1371
1 369
2 1994
1 2137
2 785
2 2059
1 2247
2 2157
2 619
2 1382
2 2781
2 2699
1 1493
2 2647
2 1281
1 2656
2 2641
2 1462
1 2658
1 36
1 31
2 2097
1 2047
1 2703
2 212
2 1770
2 15
1 1439
1 1756
2 2576
2 2743
1 547
2 2770
2 2165
2 2163
2 602
2 854
1 1727
1 2696
1 44
2 2233
2 1393
1 846
1 1536
2 1816
1 805
2 9
1 711
2 1110
2 407
2 2391
2 327
1 2535
2 163
2 1566
1 933
2 595
1 2069
2 2619
1 743
1 1972
1 1357
2 630
1 2767
2 1648
1 1535
2 2607
1 2396
2 1799
1 1584
2 528
1 1088
2 1411
2 1603
2 80
1 2446
1 1945
1 2546
1 716
1 2688
1 722
2 2458
2 2769
1 1505
1 559
2 1080
2 2479
2 132
2 2484
2 1395
1 2026
2 2795
1 176
2 354
2 102
1 297
2 475
1 1558
1 337
2 673
1 1039
2 147
2 1455
2 1969
2 2787
1 2550
1 548
1 559
2 882
1 1244
2 674
2 1317
1 2216
2 1937
1 2080
1 2760
2 2662
1 1732
1 1423
1 2451
1 2690
1 1134
1 2029
1 817
2 2478
2 570
2 1531
1 619
2 2455
1 885
2 1993
2 2264
2 2108
1 687
2 1627
2 2723
1 2103
2 285
2 1828
2 659
2 1759
1 2315
2 1822
1 1578
1 889
2 241
2 2565
2 2570
2 204
1 2164
1 1942
2 1677
2 2007
2 2243
2 1966
1 1348
2 863
2 1398
1 182
2 2206
1 2498
1 552
2 2095
1 752
1 2366
1 884
1 38
1 2558
2 1490
2 2008
1 2139
2 2096
2 378
1 2340
1 540
2 2326
1 1919
1 1789
1 501
1 2614
2 1162
2 613
2 2599
2 2140
2 2664
2 1394
2 2158
1 2720
1 898
1 402
1 2084
1 596
1 986
2 2161
2 2197
1 1170
2 405
1 1077
2 169
1 837
2 303
1 2542
1 1078
1 1158
2 2226
2 2061
2 324
2 525
2 1449
2 1821
2 2046
1 20
1 1609
1 122
1 516
1 1832
2 1293
1 1006
2 1035
1 856
1 447
1 460
2 2182
1 2401
1 1005
1 2790
1 609
1 8
1 1949
1 2485
2 764
2 1376
2 538
1 2652
1 2719
2 909
2 2489
1 2307
1 1497
2 2646
2 1265
1 425
2 339
2 897
1 1911
2 913
2 2503
1 480
2 2589
2 2799
2 1595
1 965
2 2136
2 892
2 1921
1 696
2 1065
2 1071
1 457
2 2304
2 1112
1 1797
1 1635
2 1235
1 1238
1 2247
2 323
1 849
1 412
1 1153
1 1467
1 1230
2 1156
2 1460
2 610
1 2591
2 272
2 811
2 155
1 2394
2 263
2 2262
2 628
1 1310
1 869
2 561
1 407
1 1152
2 2610
2 2334
1 1948
1 1962
2 1737
2 545
2 172
2 1175
2 611
1 2250
1 765
1 902
2 1025
1 893
1 2062
1 2503
1 275
1 906
1 161
2 1423
1 2462
1 1175
2 1066
1 1647
1 2129
2 2584
2 1409
2 2257
2 1909
1 601
2 30
2 469
1 2521
2 461
1 1546
2 1117
2 421
1 118
2 126
2 507
2 1632
1 1019
2 2332
2 929
1 1701
2 266
1 156
1 1913
2 1901
2 481
1 100
2 2
1 2387
2 1188
2 1417
1 648
1 1790
1 2682
2 1980
1 1830
2 2777
2 1735
1 1650
2 2765
1 2044
2 2774
1 1864
2 1219
1 1367
2 1294
1 238
2 2117
1 873
1 435
1 1936
2 880
2 119
1 2419
1 1711
2 1510
1 1414
2 521
2 2448
2 2002
1 1881
2 2600
1 2259
1 1021
2 2677
2 660
2 1246
1 780
1 1778
2 2743
1 2081
1 2718
1 30
1 1866
2 1359
1 740
1 1377
1 1107
1 1609
1 2336
2 1726
2 1907
1 2675
2 322
1 806
2 2240
2 2208
2 1502
2 1412
1 1931
2 1350
2 905
2 271
1 1660
2 115
1 1511
2 2083
2 1863
1 58
1 1261
1 1128
1 1561
2 2436
1 1131
1 866
2 1009
2 1854
1 534
1 2528
2 823
1 2636
1 1691
2 283
2 312
1 1607
2 1834
1 1489
1 265
1 1508
2 222
2 1511
2 2248
1 188
2 962
2 2410
1 620
2 1415
2 942
1 1620
1 2562
1 2661
1 1738
2 462
2 1341
2 2260
1 70
2 2306
1 1838
1 1926
1 1207
2 873
1 1436
2 2199
2 1888
2 890
1 2345
1 1022
2 2116
2 1106
1 90
2 2162
2 782
1 2376
1 457
2 1085
1 1984
2 2736
1 385
1 1200
1 536
1 1538
2 1748
1 1129
1 335
1 751
1 2438
2 488
2 248
1 1105
1 1707
2 598
1 1796
1 1893
1 2572
2 2626
1 486
2 1194
1 2298
1 2436
2 683
1 14
1 2431
1 238
2 1369
1 1444
2 1090
2 1576
1 2750
2 1577
2 2571
2 370
1 1930
2 652
1 1378
1 1720
1 592
1 2112
2 1704
1 779
2 2314
2 738
2 2123
2 996
1 1634
1 1825
2 1166
2 864
1 2251
1 2364
2 1476
2 2009
1 1545
2 2299
1 616
2 2327
1 1305
2 333
1 3
2 2786
2 257
2 656
1 962
1 1015
2 1456
2 2170
2 514
2 37
1 1914
2 1573
1 1326
2 479
2 2495
2 1786
2 1636
2 2479
2 2648
1 2563
1 2565
2 214
1 746
1 1617
2 257
2 2514
1 1520
2 69
1 2549
2 940
1 1027
2 879
2 1628
1 376
1 495
2 2409
2 1289
1 1637
1 662
2 808
2 1653
2 1320
2 1064
2 646
1 1513
2 1116
1 982
2 22
2 1765
1 1671
1 1887
1 2638
1 225
1 548
2 1894
1 609
1 2202
2 908
2 1819
2 1465
2 1835
2 1126
1 1360
2 2597
1 132
2 40
2 901
1 2222
1 869
1 954
1 2791
2 1095
2 843
1 1285
2 1615
2 2167
2 2104
2 2365
2 364
2 2214
2 1858
1 2417
2 586
2 1740
2 139
1 727
1 1167
1 1874
2 135
2 692
1 642
1 1770
1 388
2 958
2 381
1 348
1 156
1 1448
2 2592
2 2383
1 871
2 771
1 2391
1 2037
2 1702
2 480
1 2099
2 230
2 529
1 669
2 1872
2 451
2 2611
2 2800
2 925
1 246
1 1009
1 1610
1 1137
1 650
2 294
1 995
1 1837
2 300
2 2233
1 1947
2 1404
1 943
2 981
2 1419
2 1725
1 2212
1 1530
1 2640
1 395
1 2512
2 1459
1 2117
1 139
2 2034
2 1295
1 2487
1 2404
2 2154
1 2349
2 1953
2 1227
2 2172
1 2624
1 2558
2 2464
1 2510
1 1848
2 1092
1 2778
2 1165
2 1425
1 203
2 376
2 2717
2 1283
1 681
2 2236
2 883
2 2023
2 1539
1 1994
2 71
2 2420
2 1058
2 406
2 1978
1 912
1 973
2 526
1 2623
1 894
1 561
1 2035
1 695
1 1622
2 1714
1 389
2 571
2 149
1 1651
1 424
2 1958
1 637
1 297
1 795
2 2287
2 688
2 1451
2 2329
1 425
1 706
2 1442
1 1619
1 1284
1 982
1 2666
1 701
1 1798
1 2493
2 1943
2 2166
2 2470
1 416
1 470
1 223
1 1099
2 127
1 61
2 2335
1 2329
1 2312
2 1828
2 2511
2 2711
2 392
1 1061
1 305
1 2028
1 928
2 2698
1 2523
2 1443
2 313
2 799
2 43
2 1019
2 2571
1 231
1 134
2 2310
1 657
2 392
2 2224
1 316
1 513
2 2580
1 456
1 2435
2 1732
2 2773
2 775
2 284
2 325
1 93
2 1056
1 1532
2 114
2 2407
2 1883
2 822
1 537
2 1789
2 2629
2 1781
2 302
2 2151
1 2738
1 620
1 713
1 1524
1 502
2 2370
1 112
2 1094
1 1696
1 1642
1 2529
2 615
2 2655
1 2722
1 1689
2 626
2 697
2 325
2 1209
2 1296
2 1187
1 1415
2 2299
1 1267
2 1780
2 900
1 1804
1 310
2 895
2 562
2 1680
1 1515
2 2175
2 232
2 1937
2 2695
1 2533
2 2297
1 2272
1 1399
2 442
2 1562
1 1771
2 1174
2 2611
1 2633
1 791
1 2111
1 2527
2 469
1 2640
2 2454
1 2480
1 2276
1 872
