5100 1500
2 73
1 202
2 1077
1 2041
2 470
1 617
1 459
2 826
1 386
2 2382
2 834
1 1615
1 204
1 346
1 666
2 1518
1 1957
1 1221
2 409
2 2370
2 2147
2 1348
1 1867
2 1420
1 2424
2 508
1 845
2 2438
1 685
2 2418
1 1880
1 1175
1 1896
2 1296
2 2485
2 558
2 2208
2 1932
1 2204
1 64
1 1526
1 1906
2 37
1 524
2 1515
1 697
2 238
1 1827
2 1582
1 1817
1 1308
1 1000
2 1066
2 1199
2 785
2 969
1 781
1 1350
1 1477
2 1181
1 1891
1 2252
2 1284
1 978
1 1629
1 1871
1 2039
1 889
1 1029
2 1835
1 193
2 1540
2 1259
1 2305
1 407
1 804
2 1429
1 1993
1 2161
1 2155
1 601
1 2322
1 1605
1 1457
1 1685
2 917
2 1168
2 1378
2 2456
2 1033
1 1511
1 1741
1 546
2 1665
2 1175
1 2521
2 1254
2 1209
1 1523
1 82
1 2171
1 496
1 1495
1 1700
2 1938
2 361
2 1562
2 1790
2 2254
1 23
1 67
1 2365
1 1921
1 1432
1 996
1 2247
1 1356
2 1663
1 1334
2 1995
2 1638
2 2310
2 985
1 1788
2 1340
1 482
1 1358
1 2522
1 1600
1 2153
2 1072
2 521
1 230
1 1624
1 2318
2 264
2 2311
1 2319
1 2458
1 566
1 990
1 2328
1 2392
1 377
2 420
1 212
1 1134
1 1664
1 2369
1 1397
2 607
2 1596
1 1528
2 2053
1 829
2 1647
2 201
1 2301
2 141
2 654
2 1103
1 783
2 340
1 1995
1 236
1 1656
1 448
2 1836
1 527
2 302
2 1307
1 1047
1 1249
1 1598
1 1233
2 229
1 267
1 1433
2 755
2 573
1 868
1 135
1 1167
1 133
2 2287
1 423
2 6
2 648
1 1463
1 1399
2 2083
2 303
1 684
1 1661
2 1649
1 935
1 2188
1 1881
2 98
1 2051
2 2505
1 45
1 1562
2 643
2 999
1 2087
1 1922
1 1758
1 394
2 1609
1 2337
1 2045
2 1648
1 1514
2 1944
1 329
2 558
2 313
2 599
1 880
2 2128
1 1712
2 289
1 1703
1 1379
2 1187
1 2013
1 14
2 1837
2 888
1 2383
2 205
1 2111
2 446
1 1260
2 1780
2 348
2 595
1 322
1 1462
2 1655
2 851
2 1350
1 484
2 485
2 17
1 1136
2 68
2 1012
2 1724
1 768
1 1576
2 2483
1 1273
1 517
2 2277
2 795
2 408
1 983
2 2501
2 1610
2 1973
1 2354
1 1295
1 600
2 1883
2 760
1 523
2 939
2 2350
2 2149
2 2344
1 1393
2 1096
2 574
2 2117
2 31
2 2248
1 1639
2 1077
1 1829
1 1132
1 1144
1 545
2 1321
1 473
1 618
2 1188
2 549
2 1238
1 2000
1 1342
2 1445
1 1213
1 1783
2 146
2 513
2 1041
2 501
2 988
1 1984
2 1107
1 263
2 2459
2 911
1 2328
1 68
2 1781
2 93
1 1048
1 1933
1 1158
1 697
2 1729
2 1186
2 1800
2 1603
2 975
2 716
1 1678
1 2361
1 1266
1 2440
2 736
1 726
1 2546
2 506
1 674
2 669
1 116
1 1547
1 560
2 800
1 2532
2 391
2 1389
2 90
2 710
1 465
2 1187
2 368
1 590
2 208
1 1032
1 1764
2 886
2 709
2 537
2 137
1 2269
2 701
2 1590
1 1312
2 815
1 2383
1 645
1 2550
1 1709
1 874
1 2
1 1637
1 62
2 227
2 411
1 342
1 912
2 2169
2 1345
2 1599
2 1364
2 2043
2 1004
1 1373
2 1621
1 539
1 129
2 1376
1 1679
1 1174
1 198
2 116
1 1742
2 288
1 1485
2 1586
2 351
1 1616
2 270
2 119
2 376
2 1507
1 449
2 2187
2 1942
1 2355
2 634
1 193
2 1050
1 1392
2 2182
2 1895
1 1720
1 260
2 839
1 1094
1 1908
2 12
1 59
2 1574
1 1529
2 1027
2 644
1 2023
1 1310
1 1601
1 1278
1 187
1 192
2 434
2 363
1 233
1 2261
2 2323
2 1992
1 1370
2 1021
1 2350
1 1934
1 436
2 200
2 1942
1 2050
1 2516
2 676
1 1306
2 1479
1 1220
1 2517
2 695
2 1985
1 1262
1 605
2 864
1 245
1 2186
1 1069
1 1794
2 1954
1 181
1 2129
1 770
1 2366
2 1665
1 197
2 632
1 1019
1 167
1 550
1 126
1 1937
2 2079
1 266
2 2109
2 1061
2 206
1 825
2 1508
2 2165
2 2353
2 791
1 1928
1 91
2 1127
2 814
2 1383
1 1645
1 1812
1 274
1 536
2 531
1 594
1 2441
1 315
2 1501
2 2386
2 1438
2 2311
1 2257
2 1612
2 47
2 2538
1 1740
1 1801
2 130
1 652
1 1006
1 678
2 1057
2 223
1 1224
1 1706
1 1264
1 1189
1 1787
1 383
2 547
1 256
2 690
1 590
1 153
2 612
2 1940
2 967
1 183
1 1317
1 883
2 2492
2 380
2 1519
1 1401
1 1855
1 860
2 2194
1 473
1 1794
1 912
1 827
2 2278
1 168
2 2377
1 1411
2 234
1 1681
1 1914
2 2360
2 2302
2 977
2 2519
2 753
1 672
2 984
2 1234
2 894
2 2239
2 1530
2 1014
1 66
2 1346
2 204
2 1139
1 2164
2 2377
1 1321
1 2084
2 1555
2 2035
2 33
2 1702
2 1743
2 2236
1 980
1 1838
2 2460
2 1450
1 362
1 1475
1 2266
2 512
1 710
2 191
2 2262
2 444
1 1858
2 757
1 488
2 1791
1 1500
2 2225
1 2541
2 2227
2 2336
1 2074
2 2483
2 2497
1 1776
1 2439
1 959
1 2108
2 861
2 216
2 788
1 989
2 1550
2 1481
1 1205
2 2154
2 1923
2 1239
2 1514
1 993
1 344
1 1201
2 1395
1 1675
2 2502
1 341
2 2432
2 2540
2 1834
2 1640
2 1151
1 2527
2 219
2 1792
2 984
1 1192
2 2062
1 630
1 1782
1 2075
2 1231
1 1204
2 1742
2 1606
1 2264
2 1311
2 1331
1 2523
2 1785
2 1998
1 1982
1 498
1 2404
1 246
2 1979
1 1323
1 961
2 300
2 196
1 724
2 1028
2 1317
1 2114
1 1816
2 588
2 677
2 1674
1 372
1 906
1 1433
1 502
1 1106
2 2518
1 410
1 1630
1 1330
2 1669
1 561
2 795
2 336
2 2330
2 1765
1 2107
2 1261
1 1526
1 2537
2 2411
1 1740
2 2286
2 338
2 1002
2 687
1 1604
1 199
2 1262
1 494
1 694
2 2329
2 1631
1 1076
1 1769
1 2250
1 4
1 1481
1 2031
2 1926
1 573
2 474
2 426
1 736
2 764
2 1912
2 1847
1 400
2 1265
2 2180
1 621
1 2015
2 1140
2 1040
1 854
1 1717
2 586
1 2318
2 1472
2 1052
2 42
1 2324
1 1
2 682
2 1958
2 2440
2 281
2 2550
1 507
2 1082
2 1708
1 443
1 748
1 1499
1 1671
2 1354
1 2359
1 2435
1 618
1 1762
1 179
1 2061
1 1499
1 693
1 856
2 2038
2 2414
2 2136
1 564
2 1763
2 1085
1 922
1 2134
1 1443
2 1274
2 649
1 2515
2 1073
2 737
2 1424
1 1337
2 129
1 1657
2 1189
1 323
2 1580
2 2452
2 1215
1 1553
1 1183
1 1371
2 1774
1 505
1 2463
1 2212
1 1437
2 1219
2 451
1 1164
1 2367
2 1316
2 1281
1 462
2 1960
2 1313
1 1708
1 1548
2 2525
1 399
1 613
1 128
1 627
1 1572
1 1335
1 1756
2 2016
2 1105
2 1683
1 1759
2 76
1 284
2 2037
2 1285
1 568
1 273
2 790
1 1415
1 2129
2 1672
2 1798
1 1659
1 1590
2 947
2 767
2 46
2 1046
1 478
1 2140
2 1351
2 224
2 1903
2 2547
1 447
2 732
2 1026
2 2024
2 528
1 828
1 611
1 50
2 2011
2 1225
1 16
2 131
2 447
2 466
1 95
2 480
1 538
2 952
2 533
2 771
1 54
1 960
2 1190
1 942
2 2519
2 48
2 2450
1 2342
2 1398
2 831
1 1888
2 1598
2 1539
2 396
1 1338
1 850
2 701
2 871
1 2145
2 588
2 1033
2 2507
1 86
1 1905
2 1668
1 70
2 1343
2 1696
1 1377
2 702
2 292
1 1153
1 1045
1 1081
1 572
1 424
2 1464
1 306
2 2202
2 1487
1 725
2 78
2 2175
1 2447
1 388
2 103
1 564
2 615
1 731
1 2128
1 2508
1 1282
1 1991
2 148
2 2360
2 1132
1 1532
2 1924
1 2512
2 2458
2 1875
1 539
2 111
2 504
2 92
2 386
1 1607
1 1726
1 541
1 2161
2 1173
1 2272
2 745
2 432
1 1419
2 2121
1 1324
1 395
1 1456
1 1971
1 2487
2 1302
2 1066
1 1137
2 2031
1 1180
2 1547
1 1862
1 31
1 1245
1 866
1 1977
2 1733
2 1541
2 310
1 1301
2 815
2 297
2 1307
1 1729
2 2345
1 708
2 1194
1 1703
2 402
2 1474
1 816
1 89
2 1394
1 2404
2 1964
1 1104
2 1842
2 250
1 2029
1 97
2 648
2 750
2 1501
1 714
1 2010
1 1040
1 429
2 1849
2 2027
1 30
2 2122
1 1435
2 318
1 1155
2 431
1 2464
1 944
2 1622
2 251
2 2356
2 2289
1 1698
2 2333
2 903
1 882
1 291
2 359
1 843
2 161
2 451
2 1063
1 585
2 653
2 1880
1 706
2 2010
2 1038
2 137
1 2388
2 635
2 194
2 1517
1 347
2 303
2 221
1 138
2 1343
2 147
2 755
1 845
2 2174
1 162
1 285
2 209
2 2059
2 327
1 1542
2 883
1 758
2 1269
1 1050
2 44
2 2215
2 2307
2 1634
2 389
2 2307
1 542
1 766
2 1673
1 2083
1 2380
2 1431
2 2245
1 1410
1 2291
2 1773
2 469
1 1732
2 1727
2 702
1 188
1 2368
2 789
2 529
2 328
2 1884
2 2362
1 638
2 856
1 1983
2 57
2 2327
1 1573
2 698
1 2308
2 477
2 686
1 1060
1 2423
1 374
1 299
2 235
1 615
1 2486
1 1689
1 2316
1 633
2 2304
1 2275
1 1939
2 807
1 38
1 2340
1 2403
2 308
2 2369
2 1365
1 2338
1 457
2 1102
2 1840
2 1091
1 2218
1 691
1 2207
2 1852
2 2309
2 2160
1 947
2 101
1 1162
2 188
2 1163
2 1627
2 1170
1 2202
2 1786
2 2379
2 1710
2 1897
1 269
2 859
1 866
2 1123
2 415
1 1841
2 522
1 1037
1 976
1 1372
1 2066
2 1107
1 2348
2 460
1 1215
1 1702
2 136
1 913
1 453
1 2201
2 43
1 705
1 1853
1 821
2 478
1 1493
2 2217
1 1302
1 71
1 2481
1 2032
1 1640
1 976
2 1532
1 2481
1 620
1 2233
2 780
1 2006
1 282
2 760
2 195
2 254
2 417
2 1290
1 1520
1 978
2 2504
1 542
2 2420
2 1893
1 487
2 1292
2 1956
2 1686
1 568
1 1525
1 2048
1 867
2 321
2 931
2 1310
1 880
1 397
1 2426
1 2007
1 209
2 1119
1 1711
2 610
2 1104
1 1298
1 2104
1 1210
1 123
2 679
1 255
2 1224
2 41
2 489
1 2285
1 1632
2 1114
2 231
1 903
1 1836
1 2112
2 2486
2 2154
2 2115
1 2145
1 1314
2 1928
1 1116
2 1552
1 1465
1 65
1 1401
1 1100
2 982
2 616
2 2158
2 773
2 719
1 1986
1 39
1 1464
1 1426
1 1898
2 1510
2 1677
1 217
1 1169
2 361
1 1255
1 1445
2 1080
2 854
1 784
2 349
2 1936
1 1565
2 999
2 948
1 2011
1 1486
1 656
1 636
1 1452
1 1617
1 92
1 1641
1 2428
1 1055
1 452
2 2132
1 832
2 1345
2 915
1 1680
1 2285
2 743
1 2091
2 330
1 1468
1 2047
2 1273
1 1418
1 756
1 420
1 120
2 1925
1 1725
1 249
1 2034
2 2474
2 746
2 1610
1 898
1 1086
2 2509
2 830
1 1994
1 207
2 1893
1 186
1 1931
1 1319
1 1043
2 2229
1 1286
1 132
2 2289
1 1123
2 2537
2 1537
2 1316
1 228
1 1249
2 1166
1 1731
1 993
1 1091
1 48
1 2203
1 991
2 1876
1 279
1 1305
2 1126
1 1949
1 586
1 832
1 1496
1 1362
2 596
2 2361
1 2014
1 1079
1 950
2 2510
1 1831
1 1709
2 353
2 1178
1 70
2 1592
1 1834
1 1002
1 751
2 2482
2 1179
1 1219
2 169
1 992
1 1953
2 2016
1 58
2 203
2 2515
1 1748
1 989
1 1239
1 1083
2 167
2 776
2 1684
2 2474
1 1296
2 685
2 605
2 1714
2 1772
2 2427
2 1035
2 833
1 2315
2 176
2 486
1 1957
2 1645
2 535
1 442
2 799
1 305
1 1256
1 2075
1 1376
1 631
1 1744
1 762
1 155
1 651
1 1781
1 881
1 1357
1 268
1 2009
2 577
1 1544
2 1095
1 2386
1 2089
2 278
2 587
1 2423
2 151
1 2021
2 80
2 640
1 838
1 25
1 192
2 2130
1 1902
2 1930
1 1666
2 1796
2 42
2 2029
2 1203
2 1268
1 1185
1 2164
2 2321
2 1629
1 1293
2 157
2 1731
1 786
2 1320
1 1399
2 1869
2 1056
2 1416
1 24
1 1098
2 733
1 919
2 395
1 2190
1 1559
1 461
2 479
2 967
1 1596
2 2312
2 1989
2 2042
1 2332
2 1034
2 2531
1 2467
1 761
1 1253
1 820
2 581
2 1713
1 799
2 2139
1 1811
1 2371
2 2082
1 2399
2 1038
2 412
1 107
2 2288
1 2052
2 1452
2 1810
2 952
2 2371
2 817
1 1473
2 936
2 751
1 338
1 299
1 1363
2 445
2 7
1 2475
2 526
1 282
2 902
1 1498
1 2069
1 2490
1 879
2 1673
1 2282
2 1757
1 2526
2 979
1 482
1 1619
1 719
1 1404
2 1364
2 1208
2 26
1 1705
1 1097
2 1859
2 1387
1 893
1 664
1 2390
1 2485
1 49
1 1198
2 2303
2 1294
1 1138
1 2246
2 1602
1 2062
1 2065
1 1008
2 715
1 2284
1 1511
2 1145
1 1684
1 731
2 1710
2 1443
1 1634
1 864
2 1726
2 2480
1 1409
1 2314
2 1945
1 180
2 2267
1 2437
1 1218
1 1682
1 2260
1 1777
1 1767
2 1704
1 385
1 1580
2 1356
2 2396
2 1557
2 124
2 1457
1 807
1 243
2 1143
1 1171
2 2499
1 1368
1 196
2 1615
1 2505
1 2173
2 921
1 2074
1 2227
1 2193
2 1092
2 2113
2 957
2 2070
1 1948
2 1150
2 1725
2 66
2 2445
1 1744
2 335
1 1851
1 1135
1 1172
2 2215
1 1248
1 1588
2 519
2 847
2 1806
1 388
1 1423
2 2415
1 1112
1 2228
1 2399
1 1037
1 343
2 384
1 2272
1 1020
2 2387
2 1017
1 427
2 2082
2 1120
1 277
1 1001
1 2120
2 1197
2 2152
2 2237
1 672
1 2093
1 684
1 1089
1 1613
2 2482
2 320
2 1303
2 2477
2 396
1 1589
2 689
1 1117
2 1585
2 2238
1 2535
1 653
2 563
2 35
2 750
2 624
1 2304
2 1719
2 1144
2 11
1 787
1 2381
2 37
1 512
2 2508
2 1583
1 1444
2 916
2 1676
1 2472
1 2497
2 1102
2 1962
1 811
2 1375
1 319
2 1566
2 32
2 1860
2 890
2 216
2 2127
2 476
2 1652
2 2326
1 541
1 1573
1 2333
1 1728
1 995
2 28
1 2072
1 55
2 471
1 908
2 794
2 1603
1 67
1 1524
2 225
1 271
2 1934
1 53
1 652
1 938
2 195
1 391
2 1252
2 1798
1 2263
1 87
2 240
1 1528
1 718
1 535
2 2368
2 836
1 851
1 83
1 1
2 2292
1 524
1 1430
1 495
1 324
2 1396
1 687
2 57
1 2524
2 923
1 871
2 716
1 2024
2 934
1 1021
2 901
1 2228
1 2213
2 2216
1 1644
2 456
2 886
2 1853
1 2125
2 727
1 95
2 1782
2 106
1 355
1 803
1 1785
2 1549
2 1917
1 1235
1 1382
2 247
2 328
2 646
1 110
1 2471
1 2209
1 1380
2 2293
1 288
2 2041
1 1887
2 1572
2 2270
1 2077
1 810
1 74
2 2449
2 1191
1 916
1 1864
2 1276
1 1164
1 968
1 827
1 183
1 169
1 1414
1 1618
1 491
2 2200
1 102
2 1022
1 1205
1 218
2 1751
2 1241
2 295
1 2533
2 1063
1 833
2 836
2 1404
2 1009
1 2246
2 1653
1 267
2 1105
1 582
1 1182
1 1504
2 175
2 2224
1 2015
2 2053
1 2496
2 1563
1 1295
1 822
2 2102
2 665
2 1680
2 1202
1 1863
2 162
1 151
2 2242
1 577
2 2146
1 1947
2 2493
2 1113
2 283
2 312
1 2367
1 802
1 1552
1 1567
2 1975
2 2420
1 779
1 2200
1 1732
1 1851
2 1969
2 2162
2 909
1 360
1 2188
1 530
2 975
2 2205
1 740
1 475
1 598
1 1892
1 885
2 2539
2 479
1 1828
1 487
2 235
1 1381
2 340
2 257
2 741
2 835
1 604
2 2136
1 2096
2 1958
1 1913
1 339
1 1369
2 1245
1 1833
2 481
2 738
2 1955
1 1646
1 1332
1 1736
2 1904
2 1694
2 2211
1 2045
2 2017
2 1451
1 841
1 2231
1 2529
1 1698
1 1266
2 1694
2 1216
2 1240
2 160
2 1832
1 2526
2 890
1 617
1 1828
2 1049
1 2302
1 2073
1 951
2 1980
1 628
2 352
1 928
1 2536
2 2410
2 553
1 2243
2 1980
1 1660
1 1011
1 414
2 56
2 2549
1 1817
1 915
2 239
1 1483
2 417
2 1728
2 769
2 1088
2 2097
2 720
2 2389
2 174
1 485
2 1213
1 1616
2 2152
1 567
2 1815
1 872
1 2234
2 559
2 492
1 650
2 1661
2 2492
2 775
1 1871
2 296
1 863
2 673
2 2452
1 1619
2 405
2 2493
1 1847
2 2166
1 2230
1 1353
1 1750
2 30
1 382
1 2226
2 79
1 1818
1 797
2 2451
1 385
2 2098
2 1160
2 2441
1 477
1 1719
2 1490
2 608
2 2495
2 758
1 1281
1 2150
1 1955
2 518
1 1974
2 322
1 782
1 1087
2 840
1 2313
2 1803
2 2090
1 2150
2 325
1 2327
2 1745
2 452
1 25
2 509
2 1014
2 1576
1 358
1 2097
2 50
2 2078
1 2092
1 2073
1 926
1 2172
2 1053
1 2448
2 692
2 1109
2 1792
2 1283
2 2084
2 660
1 1516
1 2087
2 11
1 842
2 2300
2 353
1 1114
1 2416
1 1929
1 546
2 581
1 2076
2 855
2 722
2 2081
2 632
1 52
1 1826
2 2455
1 429
2 1927
1 1979
2 556
2 1540
1 738
1 80
2 894
1 516
2 1866
1 1546
2 2270
1 1658
1 823
1 927
1 1943
1 1327
2 706
2 2535
2 2364
2 1901
2 1506
1 1161
2 635
1 1422
2 1985
2 63
2 1896
2 1650
1 929
2 2534
1 1617
1 515
2 739
2 2310
1 398
2 1260
2 603
1 2111
1 1505
1 2225
2 1965
1 985
1 1304
2 1999
2 1651
2 294
2 244
2 1042
1 2101
1 1111
1 1269
1 1211
1 800
2 1011
2 2476
1 1941
2 1530
2 1494
2 1966
2 772
1 1690
2 1003
2 2410
1 925
2 81
2 2262
2 1073
2 91
2 2193
1 1714
2 1722
2 620
1 1029
2 2539
1 2280
1 2417
1 1749
2 554
1 525
1 1137
1 2462
1 2018
1 2059
1 488
2 1384
2 1018
1 144
1 2343
2 570
2 1500
2 1300
1 2077
1 1056
1 1509
1 1850
2 2548
1 874
2 1242
1 1379
2 24
2 1543
1 1469
1 1228
2 1359
1 13
1 1912
2 1814
1 1358
2 569
1 2252
1 260
2 2002
1 1873
1 2054
2 918
2 1803
2 1271
2 2484
1 2390
1 722
1 1427
2 1439
1 1257
2 1597
2 1390
2 1513
1 1222
2 2356
2 1945
2 699
2 159
2 2466
1 1754
1 17
2 1525
1 252
2 219
1 94
1 1956
1 2148
1 19
2 2374
1 1618
1 1416
2 919
1 902
1 2054
1 1821
1 139
2 1845
2 540
2 1074
2 970
2 2080
1 1978
2 2421
2 658
1 1868
1 777
1 1602
2 2179
2 2317
1 2357
1 1146
2 2081
2 1657
2 1894
1 728
1 1845
2 1969
2 75
2 1309
2 924
2 1159
1 566
1 326
1 1620
1 1545
1 1304
1 629
1 122
2 300
2 1177
2 878
1 1763
2 2120
1 2130
1 2279
2 1246
2 769
1 2234
2 2163
2 1736
1 2468
1 242
1 723
2 330
1 134
2 2
2 2330
1 1815
1 1791
2 2332
1 1857
1 899
2 1738
2 1510
2 1368
2 283
1 1861
2 1968
1 2364
1 1909
2 416
2 971
1 654
1 1810
2 1412
1 1799
2 1829
2 1203
1 704
1 797
2 711
2 754
1 2249
2 1950
1 869
2 1924
1 696
1 578
1 62
1 307
1 713
2 1611
1 906
2 853
2 703
2 1153
1 2221
1 551
2 2205
1 521
2 1120
2 168
1 412
2 2013
2 251
1 1359
1 226
1 1149
1 1990
1 1217
2 1700
1 945
2 667
1 728
1 1820
2 1642
2 2151
1 75
2 2477
2 1223
1 1082
1 2413
2 3
1 914
2 2061
1 203
1 555
1 2499
2 2135
1 743
1 881
1 634
1 852
2 782
1 215
1 174
1 2501
1 277
1 2407
2 1824
1 2142
1 311
2 155
2 664
2 1173
2 683
1 748
2 1406
1 1854
1 1243
2 865
1 1489
2 1336
2 1961
2 1484
2 418
2 926
1 1155
1 1800
1 1098
1 374
2 1952
1 1839
2 671
1 2241
1 142
2 1076
2 1109
2 1188
2 1971
2 2500
1 2376
2 2273
2 2209
2 945
1 2032
2 1651
2 97
1 2000
2 33
1 1034
2 1882
2 715
1 1258
2 2354
2 2068
2 1207
1 1620
1 682
2 2286
2 1347
1 1887
2 1044
1 2079
1 250
2 812
2 730
2 920
1 1550
1 1017
1 72
1 2534
1 623
2 182
2 1628
1 612
2 108
1 1226
2 2306
1 1586
1 1124
1 1868
1 1079
1 974
1 1355
1 875
1 2235
2 368
1 597
2 476
1 2284
2 595
2 2381
1 606
2 1485
2 2122
1 1277
2 808
1 371
2 154
1 660
2 1075
2 255
1 88
1 1918
1 2038
1 793
2 2040
1 2443
2 1323
2 387
1 2412
2 1718
1 1410
1 1455
1 1807
1 1243
2 1083
1 311
1 1005
2 491
1 921
1 1065
1 2518
1 1583
2 1906
1 1831
2 1466
1 1070
2 647
2 27
2 675
2 119
2 2243
2 1701
1 1669
1 675
2 1655
1 1475
1 1388
2 1044
1 132
1 2316
1 1254
1 2478
1 2277
2 1054
2 1891
2 1414
1 1964
1 1633
1 1566
2 2134
1 1090
2 946
2 2434
1 1626
1 2416
2 401
1 2103
1 840
2 896
1 922
1 1268
1 1250
2 317
2 455
2 2339
1 1080
2 1699
1 1754
1 497
2 1487
2 723
1 2127
1 1322
2 1072
2 1921
1 591
2 2072
1 2100
2 403
1 749
2 78
1 1176
1 788
2 5
2 2536
1 2173
2 1599
2 1802
1 1078
1 752
1 1841
2 875
1 280
2 2468
1 602
2 1053
2 1125
2 1826
1 2444
2 18
1 8
2 1006
1 59
2 1009
2 2465
1 2222
2 935
1 623
1 187
2 1996
1 1360
2 2431
2 1584
1 2030
1 517
2 2528
2 2204
2 1914
1 373
2 490
1 754
1 214
1 145
1 1717
2 2540
2 1145
2 960
1 1279
2 1493
1 884
2 212
1 1403
1 141
1 1325
2 2436
2 1128
2 2315
1 639
1 1406
2 1787
1 781
2 1242
1 571
1 1611
2 2498
1 2110
1 2543
2 2092
1 1978
1 1886
2 1641
1 1366
1 1129
1 2382
1 53
2 1047
2 1434
2 463
1 1403
2 115
1 1597
1 2008
1 2290
2 213
1 1374
1 2058
1 1490
1 1553
1 761
2 1720
2 1899
1 1130
1 334
2 1543
2 403
2 2457
2 596
2 393
1 1734
2 2185
2 704
2 610
2 2255
2 1747
1 1209
1 1118
2 879
2 844
1 382
2 801
2 2484
2 642
1 1482
2 365
1 2300
2 2469
2 589
1 2163
2 1813
2 2491
2 1518
2 742
2 659
2 2094
2 776
1 2268
1 2454
1 2135
2 1299
1 2067
1 1745
1 1291
2 107
2 342
1 1389
2 1653
1 448
2 1441
1 421
1 2124
1 1870
2 415
1 1987
1 1264
2 2206
2 2438
2 160
2 2137
1 1447
1 1492
2 2271
1 1121
2 125
1 1280
2 1671
1 1519
2 1734
2 43
1 2190
2 1223
1 823
2 1534
2 1463
1 1431
2 118
2 2254
1 821
1 165
2 1400
1 475
1 1902
2 1761
1 496
2 863
2 242
1 594
2 1882
1 1200
2 1667
2 2119
2 121
1 1696
2 2014
2 1062
2 826
2 571
2 892
2 12
2 651
2 2118
2 40
1 2222
1 1892
2 1127
2 503
2 315
2 1704
2 229
2 860
1 1998
1 55
1 239
2 1682
1 941
2 1052
1 1146
1 725
1 1654
2 1735
1 2425
1 703
2 1935
1 1730
2 1162
2 293
1 2178
1 117
2 2153
2 1670
2 419
1 1843
2 1872
2 471
2 977
2 810
1 930
1 622
2 2109
1 1691
2 2248
2 2170
2 1337
1 334
1 257
1 159
1 1057
2 532
2 228
1 2036
2 1635
1 372
2 1251
1 320
2 663
2 293
1 370
2 1605
1 2176
2 1284
2 2144
1 483
2 466
1 406
2 339
1 1721
2 2098
1 2398
2 73
1 22
1 1951
2 1276
1 1230
1 1879
1 1041
1 1322
1 1335
1 318
2 2033
2 261
1 2005
1 2434
2 152
2 934
2 986
2 1025
1 2126
2 2189
1 1650
2 626
2 944
1 1699
2 272
1 2341
1 258
1 1718
2 298
1 1830
2 1760
2 721
2 1973
2 2365
2 1570
2 621
1 1231
2 972
1 2176
2 2454
2 61
1 285
2 2114
2 747
1 1837
2 2221
2 582
1 1746
2 2175
1 2251
1 208
2 516
1 584
1 2375
1 177
2 1154
1 504
1 2351
1 688
1 163
1 544
1 2297
1 1949
2 2125
1 325
1 1770
1 1148
2 1916
2 1446
2 917
2 226
2 1854
1 764
1 909
2 759
2 364
1 1751
2 720
1 2349
1 1292
1 870
1 1271
1 789
2 550
2 2431
1 1181
2 490
2 2179
1 1024
1 1453
2 2044
2 1089
2 2167
2 2008
2 1489
2 231
1 1592
1 2464
1 2141
2 2422
1 940
1 1614
1 2196
1 166
1 1124
2 354
1 1799
2 2229
1 357
1 1659
2 714
1 1065
1 817
1 2320
1 264
2 962
1 1938
2 1579
1 2058
1 253
1 2430
1 1951
2 2319
2 294
2 765
1 1441
2 1384
2 2194
2 862
2 518
2 1285
2 2490
1 2047
2 606
1 1752
2 2005
1 2321
2 390
2 2064
1 2007
2 885
2 240
1 118
1 773
1 127
2 1193
2 1531
1 661
2 1778
2 2283
2 2401
1 2542
1 2324
1 763
2 77
1 1039
1 399
2 2034
1 2525
1 2160
2 1623
2 983
2 145
2 1730
2 27
2 2516
1 2466
1 1329
2 1061
1 461
2 813
2 1136
2 29
2 1844
2 694
2 580
1 892
2 2451
2 528
1 273
1 1976
2 1117
2 1060
2 2177
1 290
2 44
2 1753
2 2422
1 1068
1 627
2 1086
1 1886
2 846
1 986
1 2418
1 1003
1 2223
2 1051
2 2267
2 1297
1 1879
1 726
1 2147
2 2168
2 2071
1 1228
1 819
1 393
1 337
1 1442
2 1250
2 1459
2 126
1 1092
2 69
2 918
1 407
1 86
2 2402
1 1325
2 2379
2 2512
2 1974
2 1332
2 2513
2 1897
2 233
2 966
1 1039
1 1643
2 852
1 362
1 433
1 115
1 2095
1 1967
2 221
2 1570
1 1110
1 1251
1 1991
1 1377
2 265
1 1477
1 284
1 567
2 1584
2 794
1 1311
1 1889
1 1533
2 959
1 1739
1 146
1 565
1 1048
2 2446
1 838
1 650
1 1878
1 1413
1 1207
1 2185
1 1687
1 1811
2 2298
2 98
1 1347
1 688
2 1520
1 94
2 1183
1 8
1 1724
2 740
1 467
2 1020
2 379
2 1348
2 730
2 1571
1 2305
2 822
2 2088
2 689
1 2314
2 1920
2 2017
2 1469
2 259
1 658
1 1339
1 2348
2 2449
1 52
1 2230
2 1214
1 604
1 332
2 104
2 2247
1 2462
1 1850
2 2133
1 430
1 1613
2 734
1 1468
1 262
2 1498
2 1915
1 2500
1 707
2 1885
1 2170
1 426
2 1789
2 275
2 1163
1 1212
2 1627
1 1770
2 1263
1 901
1 2406
1 683
1 1193
1 1476
2 837
1 1614
1 1852
1 2489
1 2433
2 2503
1 423
2 1759
1 1819
1 887
2 454
2 1679
2 1764
1 1429
1 2357
2 673
1 1654
1 553
2 20
2 1846
2 968
2 746
2 858
1 2514
1 925
1 387
2 920
1 1554
1 462
2 848
1 941
1 2504
1 1423
1 298
1 409
2 727
2 1997
2 392
2 629
2 2533
1 1954
2 1380
2 1824
1 1001
2 1008
1 2447
2 2358
2 215
2 981
1 1648
1 222
2 1396
2 2506
1 81
1 165
2 690
1 117
1 2366
2 1241
2 1988
1 2064
2 276
1 1460
2 2529
2 2118
1 1440
1 281
2 2520
1 1046
2 2549
2 1158
2 2199
2 1877
2 933
1 217
2 1777
1 2456
1 1141
1 1883
2 1607
1 523
2 3
1 904
1 20
1 1116
1 1256
1 336
1 869
2 4
1 1255
1 557
2 1558
2 1093
2 780
1 2380
2 2271
2 457
1 365
2 2489
1 2514
1 1261
1 1925
2 1805
1 1252
2 1184
1 470
2 1858
1 1391
2 2278
2 543
1 1344
1 772
2 177
2 958
1 1662
2 381
2 2393
1 2362
1 316
1 19
2 2405
1 1859
2 1804
1 2346
1 2296
1 752
2 531
2 1642
1 839
1 1512
2 562
1 1835
1 357
2 670
1 2159
2 1208
2 877
1 1521
2 136
2 1656
1 1953
1 112
2 1517
2 1139
1 1749
1 638
1 2544
1 1298
2 779
2 1402
1 1421
2 1300
1 1780
2 931
1 1466
1 1381
1 1706
2 563
2 2502
1 2417
2 2156
1 1884
1 1711
2 2313
1 1461
2 2344
2 114
2 1043
2 1806
2 243
1 108
1 2117
1 599
2 1084
1 2385
2 1478
2 534
1 1360
1 2329
2 554
2 2511
1 367
1 1018
2 211
1 937
1 2528
1 210
2 1972
1 953
2 956
2 2373
1 179
2 551
2 1344
1 1907
2 971
1 444
1 2210
1 435
1 796
1 1015
2 1336
1 1678
1 1591
2 1575
2 614
1 421
2 34
2 1247
2 424
2 1972
1 625
1 337
2 1407
1 2398
1 378
1 1451
1 85
1 2397
1 345
1 2210
2 1875
2 1633
1 1608
1 2143
1 1737
2 2065
2 1960
1 1418
1 831
1 1975
1 808
1 1869
2 804
1 1715
2 1658
2 1557
2 389
2 464
2 2265
1 112
2 2299
1 1846
2 2063
2 1275
2 1147
1 1318
2 1421
2 1820
1 2281
1 1035
1 647
2 194
2 186
2 1409
2 262
1 1382
2 1556
2 149
1 940
1 58
2 1819
1 522
2 1287
1 665
1 1186
1 312
2 60
1 2218
2 1478
1 668
1 1689
1 1081
2 1196
1 1365
1 1816
2 2461
2 434
2 1999
1 562
2 84
2 964
1 1786
1 1915
2 1918
2 2151
2 2018
2 1097
1 569
1 2298
1 889
2 2297
2 1367
2 1115
2 333
1 1760
2 908
1 1768
1 1926
2 574
2 2544
2 932
2 645
1 655
2 787
2 598
2 1036
1 428
1 1821
1 321
2 2186
2 798
1 2351
1 34
2 1691
2 2001
2 1013
2 1687
1 1088
2 271
1 1101
2 390
2 47
2 980
1 1436
2 2433
1 481
1 2439
1 1184
2 584
1 1084
2 2453
2 130
2 150
1 1622
2 742
2 1115
1 745
1 453
1 2281
1 1867
1 2352
2 1644
1 2473
2 234
2 230
1 61
1 253
1 492
2 113
2 939
2 1976
1 1961
2 1944
1 185
2 1179
2 2030
1 668
1 2049
2 1578
2 811
1 2239
2 2359
1 1628
2 2157
2 2428
1 1541
2 1135
2 1784
2 2494
1 1111
1 656
1 591
2 296
2 583
2 737
2 2436
2 1636
1 536
2 402
1 712
1 5
1 501
1 579
2 2184
1 1947
2 287
1 857
1 1194
2 164
1 1542
2 366
2 2214
1 1561
1 323
2 1502
2 1716
1 413
2 1156
2 467
1 238
1 2374
1 2133
1 394
1 1263
2 818
1 1536
1 301
2 680
1 1394
1 332
2 867
2 358
1 2242
2 1122
1 87
1 489
2 439
1 1860
1 1095
2 314
1 2260
1 1030
2 785
2 820
1 459
2 2027
2 834
1 1522
2 1904
2 841
1 1497
1 2149
1 1157
1 1226
1 698
1 351
2 1564
2 998
1 625
2 297
1 148
2 724
1 1438
1 1388
2 2470
1 1707
1 1289
2 1495
1 962
2 1670
1 1929
2 1235
2 2191
2 511
2 319
1 1849
1 2395
1 1204
2 2172
1 1527
1 861
2 182
2 2465
2 248
2 2472
1 707
1 1568
2 2146
1 990
2 1970
1 1568
1 1290
1 548
1 583
1 578
2 360
2 2269
2 2099
2 2520
2 1548
1 1030
2 2184
2 835
2 2001
1 1872
1 1190
1 377
2 1435
2 1442
2 1339
1 1338
1 2110
2 914
2 2378
2 2427
1 510
1 16
2 1796
1 2056
2 1900
2 10
2 1305
1 1505
1 1341
1 1695
1 1096
1 2275
1 463
2 1662
2 1646
1 2046
1 2446
2 899
1 2548
2 2201
1 1192
1 974
2 1494
2 1324
2 2113
2 2530
1 1326
1 1992
1 534
2 646
1 1157
2 997
1 1288
2 1286
2 276
2 907
2 1766
1 356
1 802
2 1385
1 2342
2 367
1 1087
2 1449
2 900
1 465
2 965
2 778
1 2249
2 963
2 2403
2 2322
1 2391
1 1876
1 1587
1 2309
1 849
2 1131
1 1930
1 158
1 1010
1 109
2 93
2 520
1 1012
2 2049
2 2460
1 2144
1 1334
1 460
2 79
1 793
1 2408
1 1165
2 1045
1 202
2 2494
1 392
1 1357
2 2346
1 7
1 413
2 1515
2 790
2 1755
2 1752
1 2338
1 1342
1 310
2 1727
2 868
2 2543
1 1142
1 1220
1 1110
1 1015
1 1180
2 252
2 1070
1 676
1 1738
1 767
2 1693
1 1771
2 261
1 74
2 1366
2 759
1 1894
2 907
2 378
2 1790
1 1784
2 806
2 1908
2 2168
1 302
2 1778
2 1716
1 2070
1 1341
2 2384
1 784
2 970
1 1652
2 1160
1 458
2 2387
2 2414
1 1460
1 2363
2 2019
1 1560
1 1036
2 1563
2 1277
1 2463
2 493
1 681
2 2443
2 1675
2 639
1 1195
2 493
1 185
1 1287
2 626
1 774
1 686
2 717
2 309
1 51
1 1524
2 258
2 659
2 2396
1 1966
2 1911
2 1919
2 1270
2 2115
2 200
2 1864
1 2105
2 560
2 404
2 1425
2 806
1 1664
2 2421
1 2093
2 547
1 1140
2 2257
2 515
2 846
1 1762
2 1546
1 628
2 2106
2 1385
2 741
1 1450
2 1318
2 1843
1 1635
1 2159
2 1692
2 1877
2 666
1 432
2 218
2 45
1 1747
2 1621
1 786
1 500
2 1229
1 2323
2 172
1 1032
2 1206
1 100
2 1150
2 1355
2 1303
1 1509
2 2238
2 2531
2 2052
2 156
1 1595
1 2067
1 887
2 2026
2 1131
1 1987
2 2459
2 973
1 173
2 2524
1 1274
1 1539
2 678
2 1353
1 1024
1 641
2 2448
1 1411
1 1407
2 1587
1 924
2 529
2 1855
1 163
1 439
2 2241
2 735
1 643
2 1488
2 304
1 379
1 1210
1 770
2 619
1 450
2 2337
1 641
1 2236
1 1320
1 2411
1 1289
2 1693
2 1191
2 1172
1 1122
1 1497
1 2400
2 1425
1 1178
1 309
1 1369
2 994
1 543
2 1636
2 2355
2 957
2 2363
2 2339
2 331
2 480
2 1420
1 2022
1 2294
1 1267
2 2137
2 499
2 1125
2 171
1 1534
2 872
2 443
2 49
1 1330
2 1822
2 149
1 2413
2 1333
2 1818
2 176
2 2131
1 450
1 1913
1 816
1 1351
1 1422
2 125
1 1491
2 123
1 619
2 1503
2 2023
2 511
2 1804
2 39
1 565
1 555
2 1352
1 331
2 1697
2 1221
2 2171
2 1779
2 2004
1 197
2 548
2 2291
1 114
1 2183
2 286
2 1857
2 2510
2 1952
2 2288
1 932
1 14
2 783
1 2455
1 191
2 1769
2 2471
2 38
1 1685
2 1229
1 1903
1 1750
2 1412
2 1386
2 1959
1 2479
2 1695
2 1459
1 1981
2 425
1 241
2 1400
2 1775
1 733
2 438
2 1444
1 464
1 1890
1 1471
1 2397
2 2457
1 398
2 1916
2 2148
1 1023
2 585
1 500
2 2545
1 2078
2 2162
1 1488
2 2237
1 642
1 1200
1 1825
2 923
2 1371
2 1608
1 292
1 2317
2 1531
1 2331
2 280
1 106
2 469
1 21
2 35
1 1479
1 2432
1 2211
1 1058
2 341
2 1108
1 269
2 2488
2 2358
1 1911
1 472
2 69
1 969
2 1701
2 2445
2 1349
2 2461
1 1133
2 905
1 1789
1 1013
1 89
2 1329
1 2303
2 1386
2 1299
1 181
2 509
1 2036
1 774
1 445
2 180
1 955
2 549
1 991
1 1470
1 1523
2 1643
1 1830
2 949
2 2442
1 1959
1 1609
2 2071
1 2006
2 2187
1 1625
2 1881
2 2292
2 943
2 2476
2 637
2 2530
1 1214
1 259
1 2116
2 1631
1 227
2 2453
2 2290
2 199
2 1022
2 2491
1 1112
2 143
2 1503
1 1152
1 2104
1 1623
2 2496
1 414
2 1968
2 2370
1 1712
2 2167
1 1432
2 988
2 375
2 1326
1 657
1 2335
1 1216
2 184
2 576
2 348
1 1901
1 557
2 164
2 526
2 510
2 1275
1 237
1 369
1 1521
2 2220
2 1448
2 2263
1 2021
2 1686
1 1230
1 2419
1 1093
1 2391
2 616
1 1244
1 369
2 2039
2 1594
2 236
1 1031
1 927
2 266
2 791
2 173
1 506
1 305
2 211
2 1668
2 1315
1 2106
1 1900
2 1889
2 1484
1 2487
1 1196
1 1238
2 963
1 997
1 1910
2 862
1 241
2 1467
2 818
1 1533
1 669
2 2312
2 1591
1 2105
1 1625
2 18
2 2076
2 825
1 103
1 383
1 757
1 1544
1 2259
2 1666
1 486
1 2003
2 1265
1 1023
2 2180
1 2197
2 844
2 2409
1 1535
1 2089
1 2372
1 1962
1 144
2 2299
2 1899
1 433
2 287
2 105
2 1866
1 2085
1 1862
1 1779
2 805
1 1923
1 1506
1 1362
2 2244
1 592
2 83
2 1783
1 2542
1 2232
1 316
2 2253
2 1848
1 1059
1 1148
1 2025
1 1632
1 133
1 2214
2 1890
1 938
1 190
2 2142
2 575
2 1551
1 408
2 65
2 1733
1 1977
1 2004
1 2131
1 601
1 1071
2 2335
2 2408
2 796
2 1885
1 1932
1 1773
2 1428
1 265
2 105
2 893
2 153
2 996
2 662
2 1604
1 1537
1 1195
2 2219
1 1236
2 1813
1 324
2 449
2 2506
1 2057
2 1994
2 1898
1 381
1 124
2 519
2 1721
2 295
1 1870
1 2060
2 1171
2 1713
2 1895
2 1227
1 873
2 2401
1 1402
2 2405
2 955
1 556
1 2265
2 2394
2 142
1 441
2 671
1 170
1 1674
1 507
1 454
1 2266
2 1374
1 813
2 307
2 1690
2 1257
1 766
2 2326
1 946
1 2019
2 1946
2 624
2 1538
2 911
1 1069
2 1823
1 2191
2 1283
1 1878
1 1121
2 350
1 437
1 979
2 700
1 1016
2 732
2 2198
1 1984
1 1996
1 655
1 2009
2 695
1 2268
2 99
2 1313
1 172
1 1746
1 897
1 2384
1 1480
2 1630
2 2334
1 857
1 1159
2 2513
1 870
1 1527
1 354
2 1522
2 525
1 1482
2 614
2 1346
2 46
1 1090
2 96
2 1119
2 1167
1 201
1 580
2 189
1 2195
1 778
2 1446
2 1743
1 64
1 1259
2 1935
2 2123
1 1232
2 771
2 966
1 1419
1 809
2 2206
1 1031
1 1948
2 1491
2 1078
1 2192
2 425
1 244
1 121
2 1504
1 2250
2 436
1 1378
2 232
1 474
1 1565
1 1612
2 611
1 166
1 2509
1 667
2 502
1 1049
2 438
1 2138
1 1413
2 1681
1 1068
2 326
2 2132
2 538
1 54
1 171
2 2196
2 1327
1 897
1 1234
1 756
1 898
2 1909
2 2480
1 873
2 1007
2 2028
2 2086
2 570
1 1861
1 1288
1 2273
2 134
1 930
1 2183
2 891
1 1993
1 631
2 120
2 484
1 2043
1 2143
1 2283
2 1822
2 1258
2 2192
1 441
2 2212
1 2177
1 2240
1 143
1 1458
2 1874
2 1328
2 544
1 1128
2 2096
2 304
1 749
1 2473
2 147
2 1293
2 2320
2 1990
2 1809
2 2207
1 711
2 572
2 1567
2 1672
2 622
2 1967
1 442
1 505
2 1211
2 705
2 376
1 363
1 1793
1 1437
1 1240
2 954
2 1225
1 1383
2 1676
1 1766
1 263
2 28
1 1315
1 2051
2 2478
1 2294
2 674
2 440
1 2295
2 540
2 2020
2 973
1 1202
2 225
2 965
2 406
2 2538
2 1447
1 1301
2 384
1 981
1 877
2 495
1 1473
2 2169
1 1106
2 1282
2 63
1 950
1 1707
2 2274
2 1933
1 1556
2 1585
1 2521
1 347
2 1010
2 1593
1 431
2 237
2 161
1 1757
2 1797
1 1677
2 1019
2 1765
1 545
1 593
1 1363
1 1775
2 122
1 2334
1 2479
2 364
1 1182
1 1825
1 2050
1 559
1 1496
2 1741
1 1988
2 1660
1 1833
1 375
2 2412
2 278
1 1856
1 2226
2 355
1 1138
2 801
1 1349
1 274
1 1950
2 1058
1 2347
1 82
2 210
1 317
2 699
2 1026
1 1502
1 928
2 2048
1 2293
1 2541
2 878
2 2107
2 680
2 824
1 1581
2 1561
1 1555
1 308
2 2442
1 1569
1 290
1 410
1 958
1 29
2 2402
2 1865
1 1529
1 2189
2 895
1 51
1 1516
2 1907
1 2099
2 1558
1 850
1 1166
2 1408
1 1939
1 71
1 2375
2 401
1 2349
2 205
1 140
1 1856
1 1920
2 1551
2 913
2 910
2 213
1 207
2 77
1 2103
2 1578
1 2066
2 514
2 942
1 2055
2 154
1 2055
1 2261
2 1983
1 2198
2 2112
2 1294
2 345
1 530
1 158
2 435
2 1168
2 198
1 1606
2 2042
2 102
1 1767
2 2197
1 1637
1 972
2 2195
1 1370
1 99
2 2156
1 2255
2 1626
2 346
1 2419
2 1253
2 1042
2 111
2 936
2 2012
1 1722
1 1807
2 2012
2 2394
1 964
2 422
2 1715
1 2282
2 1232
2 895
2 1197
2 1927
1 2352
2 884
2 416
1 224
2 1143
2 2181
1 60
2 1405
1 1937
1 1467
2 427
2 2046
2 248
1 1649
1 819
2 2444
1 1456
1 1054
2 1430
1 1308
2 575
1 1823
2 2415
1 1007
1 1025
1 2507
1 1512
1 359
1 2219
1 88
1 36
1 2080
2 2124
1 2527
2 729
2 809
2 344
1 1237
1 2208
1 1931
2 1391
2 2407
1 373
1 608
2 135
2 1064
2 1758
2 2223
1 1340
2 109
2 2475
1 858
2 1397
1 1946
1 1237
2 2233
2 1624
2 1577
2 84
1 1309
1 2256
2 1059
2 100
2 2232
1 527
2 2343
1 1513
1 22
1 1474
2 1169
1 1062
2 430
1 1067
2 1963
2 1476
1 2279
1 2121
2 848
2 498
2 2085
1 2372
2 2547
1 865
1 1291
2 1434
2 1331
1 1306
1 633
1 1436
2 2245
2 1126
1 2341
2 2517
2 662
2 855
2 2174
2 1940
2 306
1 2040
1 830
2 1387
1 2258
1 1417
1 113
2 814
1 1802
1 2224
2 2392
1 1639
2 937
2 949
2 537
2 2235
1 446
2 1569
1 961
2 2182
1 1217
1 2139
2 2308
1 2259
1 1064
2 1129
1 2287
1 948
2 2003
1 1236
2 2435
1 1848
1 603
2 1986
2 2138
1 1545
2 1589
1 1199
2 352
2 636
2 1692
1 1581
2 9
2 2126
1 1874
2 101
1 268
2 691
1 904
2 1574
1 1372
2 400
1 1267
1 1408
2 1218
1 1094
2 256
1 2057
1 992
1 1185
1 2511
2 2280
2 1982
1 1663
2 2244
2 40
1 26
2 994
1 1212
1 677
1 1997
1 1177
1 1795
2 456
1 2026
2 2389
2 1814
2 1134
2 657
2 613
2 792
1 2033
2 1248
1 609
2 640
2 888
2 1333
2 468
2 876
1 499
2 206
1 717
2 1905
1 1152
2 138
2 380
1 1865
1 10
2 1462
1 2469
2 1919
2 1439
1 2325
2 1246
2 805
1 350
1 72
2 1016
1 1319
2 513
1 712
2 2276
2 747
1 1176
1 371
2 419
2 2213
2 552
1 520
1 2406
2 1272
1 139
2 1170
1 2025
1 1280
2 1888
2 762
1 853
1 220
2 1373
1 1593
2 1000
1 1465
1 1027
2 600
2 929
2 503
2 1579
1 1454
1 891
1 2094
2 2378
1 670
1 494
1 882
2 709
2 222
2 1575
1 1774
2 1739
2 175
2 1508
1 943
2 692
2 1832
1 1793
2 1312
2 1801
2 1005
1 1812
2 663
1 1108
2 1838
1 1074
2 370
2 579
2 1723
1 2274
2 982
1 1768
2 609
2 1795
1 1201
1 763
2 1244
1 2199
1 2495
1 1809
2 777
1 649
1 1099
1 828
1 1149
1 1559
2 700
1 533
2 327
1 1595
1 2020
2 1748
2 2251
2 2216
1 1839
2 1472
2 1970
2 190
1 458
1 2165
2 1756
1 2086
2 843
2 1361
1 2253
1 849
1 272
1 1174
1 1492
2 422
1 735
1 1688
2 1398
2 2102
1 483
2 1470
2 1536
2 561
2 1428
2 397
1 734
1 455
1 847
1 1405
2 1601
1 1440
1 2157
1 152
2 1941
2 1863
1 953
1 1917
1 1582
1 2429
1 995
2 2385
1 1392
1 157
2 1328
2 1588
2 15
1 753
1 404
2 1549
2 1922
2 440
1 2035
1 1963
1 905
1 2181
1 1233
1 1067
2 246
1 2425
2 232
1 313
2 2090
1 428
1 2429
1 418
1 896
2 765
1 2393
1 1989
1 366
2 597
2 1772
2 713
1 1735
1 2400
2 644
1 1788
2 2022
1 1594
1 2450
2 1367
2 2231
1 2532
1 189
1 2426
2 254
1 1071
1 775
2 110
2 998
2 2155
2 729
2 2353
1 291
1 768
2 1797
2 1142
1 1480
2 842
2 1461
1 2470
2 1272
1 2488
2 1755
2 23
2 1697
2 13
2 1100
2 1247
1 343
1 829
2 2523
1 472
2 792
1 1270
2 1683
2 1297
1 739
1 223
2 356
2 1395
2 2347
1 744
1 289
2 987
2 2166
1 1103
1 2037
2 1538
1 2437
2 2063
1 987
1 514
2 1390
2 1415
1 1805
1 954
1 90
2 679
1 497
2 1227
2 2220
1 933
2 131
2 1688
2 900
1 1827
1 1352
1 2158
1 2325
2 184
2 587
2 1560
1 744
1 956
2 1771
1 910
1 1507
1 2028
1 1085
1 2069
2 1130
2 1426
2 2264
1 2068
2 329
1 2276
2 2002
1 1981
2 333
1 140
1 812
1 576
2 2340
2 1448
2 1361
2 1156
2 1535
2 1577
2 2240
1 245
2 1723
2 301
1 2217
1 32
1 2306
2 824
1 1375
2 2395
1 2498
1 85
1 2141
2 335
2 859
2 1808
2 552
1 1113
1 1638
2 314
2 1147
2 214
2 798
1 2044
1 468
2 411
2 21
1 1647
2 1141
2 1004
1 1667
1 1455
2 1222
2 1943
2 593
1 1600
1 156
2 56
1 1055
1 2331
1 2373
2 1844
1 508
2 2503
2 1842
2 127
1 1910
2 2295
1 6
1 1427
2 270
1 170
2 1417
2 1486
2 2119
1 1840
2 1564
2 286
1 178
1 247
2 2546
2 1101
2 2522
1 1424
1 1279
1 41
1 1753
1 2336
2 951
1 2056
1 803
1 2123
2 2095
2 2467
2 708
1 2345
1 1449
2 15
2 1761
2 178
1 2203
1 437
1 1198
1 2091
1 150
1 1154
2 718
1 2301
1 1278
1 1483
2 661
1 275
1 2376
1 1471
2 2140
1 2178
1 607
2 2430
2 2409
1 220
1 693
1 2100
2 2296
1 876
1 349
2 630
2 1133
2 1075
2 36
1 637
2 1051
1 1161
1 589
1 2388
2 1354
2 1965
2 9
1 2258
2 837
2 1873
2 1206
2 1458
1 2116
1 2545
1 2060
1 405
2 1737
1 249
2 2101
2 1118
1 2108
2 2424
1 1705
1 1314
2 1776
1 1028
2 532
1 1165
1 721
2 1099
1 1571
1 104
1 2088
2 128
1 602
1 1393
2 1454
1 96
2 1808
1 1554
1 696
2 279
1 76
2 681
2 1936
1 592
2 1453
1 2256
2 1151
