5100 6000
1 1949
1 546
1 782
1 96
2 753
1 2403
2 399
1 334
1 2541
1 2254
2 269
1 756
1 824
2 573
2 980
2 1306
1 2249
2 293
2 2121
1 1971
1 1938
2 1474
1 1527
2 1748
2 591
2 1455
2 2089
2 1120
1 1332
2 662
2 1263
1 988
1 1242
2 356
1 298
1 2464
1 2544
2 122
2 341
1 739
2 506
1 1340
2 2457
2 2126
2 933
1 2244
2 1602
2 1087
2 1343
1 388
1 970
1 6
2 1336
1 263
2 462
1 1243
2 809
2 1957
1 640
1 2337
2 1349
1 804
1 2042
2 2238
1 1094
2 875
1 1833
2 1389
1 2433
2 530
2 2139
2 547
2 1616
2 1064
1 340
2 996
2 654
1 707
1 1066
2 554
1 1643
2 1484
2 802
1 781
2 1379
1 61
2 2405
2 1275
1 2509
2 657
2 1019
1 727
2 2279
2 1007
1 801
1 2097
2 308
2 845
2 1606
1 2275
2 650
1 1449
1 274
1 2434
1 2024
2 2420
1 1522
1 2379
2 2387
1 1983
2 1330
1 2096
2 1947
2 2157
2 1985
1 1946
1 1684
2 2174
1 656
2 777
2 2264
2 1902
2 2233
2 410
2 2266
2 1226
2 21
1 1847
1 2455
2 385
1 991
1 177
1 2436
2 1205
2 979
2 454
1 1542
2 2536
1 2528
2 2370
1 191
2 2088
2 1289
2 1755
2 934
1 1960
1 1691
1 1157
2 1328
2 787
2 1905
2 930
2 1667
2 2390
1 1536
1 1878
2 649
2 934
2 143
1 397
1 1646
1 366
1 325
1 1806
1 398
1 2182
2 1546
2 2116
2 2539
1 2283
2 176
1 2122
1 1979
1 1999
2 233
1 1507
2 1516
2 272
2 1603
2 828
1 1195
2 2381
1 24
2 1952
1 960
2 1113
2 2162
1 1894
2 2051
1 1314
1 451
1 795
2 1041
2 1155
2 2070
1 834
1 146
1 2236
2 457
1 918
1 277
1 1805
1 2058
1 2496
2 1834
1 1364
1 71
1 2528
1 2475
1 2312
1 1734
2 2084
2 125
1 304
1 312
2 796
1 1078
2 2021
2 1018
2 1629
2 2142
1 2055
1 2383
2 1408
2 312
2 1865
2 1490
1 1911
2 2438
1 556
1 792
1 545
1 1551
1 895
1 1460
1 1819
1 70
2 1373
1 837
1 351
1 1109
1 667
1 1939
2 1429
2 4
1 1152
1 1288
1 1144
2 148
1 82
1 2404
2 258
2 1496
2 260
1 2484
2 1083
1 614
2 1845
1 111
1 2360
1 1442
2 902
2 1036
2 1926
2 1859
1 485
2 144
1 1139
2 1625
2 601
2 744
2 866
2 1394
2 1707
2 1448
1 1226
2 2032
2 1125
1 571
2 1590
1 2467
2 2378
1 2183
2 2228
1 1369
1 645
1 1972
2 2286
1 421
2 1928
2 240
1 1473
1 818
1 11
1 216
2 1912
1 1162
2 461
1 1970
2 1248
2 215
2 618
1 652
2 320
2 1754
1 602
2 1026
2 948
1 1238
2 1771
1 1483
1 2126
2 623
1 47
2 1278
1 812
1 757
1 542
2 873
1 859
1 1006
1 154
2 1241
2 2196
2 1623
1 491
2 2118
1 2367
2 1998
1 1322
1 1130
2 1555
1 1682
1 1195
2 1640
1 2402
2 2026
2 1267
2 652
1 1663
1 1892
2 1178
1 1612
2 1091
1 1299
1 2410
2 1765
1 492
1 628
1 2397
1 2053
1 1192
2 1456
2 1904
1 1992
1 750
1 2244
2 1881
1 2400
2 200
2 124
2 2075
1 27
2 2188
2 2469
2 673
2 1560
1 340
1 1734
2 1115
1 2241
1 2250
2 280
2 283
2 1736
2 1760
2 1569
2 2130
2 222
1 290
2 1704
2 1825
2 200
2 968
1 1331
1 558
1 1159
1 615
1 206
2 2395
2 708
2 205
1 2427
2 1306
1 1178
1 1003
1 1092
2 1089
1 745
2 40
1 702
2 1171
1 1569
1 1798
2 412
2 327
1 264
1 2318
2 2500
2 1153
2 1816
1 2085
2 1259
2 243
2 2144
1 2284
2 2389
2 2135
2 1362
1 1509
2 1660
2 1011
2 1933
1 833
1 2456
2 1891
1 1056
1 967
1 788
1 902
1 2277
1 789
2 2079
2 2186
2 2107
1 309
1 1790
1 1499
2 241
1 2326
1 1295
2 1283
2 1183
1 2346
1 704
2 632
1 833
2 892
2 87
2 1752
1 87
2 1858
2 1513
2 883
1 2016
1 1751
2 785
1 2454
2 1325
1 2078
1 974
1 984
2 220
1 684
2 946
2 2210
1 1928
2 1510
1 1695
2 362
2 1491
1 1292
1 1784
2 1603
1 2125
2 2234
1 9
1 1023
1 502
1 2100
1 514
1 2159
1 1382
1 2245
2 723
2 1349
1 1119
2 2497
2 582
2 703
1 1228
2 1381
2 1093
1 1917
2 1808
1 1837
1 108
2 1480
1 92
2 80
2 2109
1 438
2 1151
2 2143
1 473
1 2331
1 1893
1 2187
1 2063
1 546
2 1718
2 1446
1 104
1 1842
2 921
2 1624
2 1031
2 1339
1 1720
2 1125
1 1584
1 1880
2 474
2 1828
1 1427
1 1283
2 1522
2 605
1 624
1 2260
2 1072
1 1564
1 15
1 2286
2 697
1 1088
2 464
1 2076
2 35
2 70
1 1610
1 1070
1 2054
1 2035
1 288
2 922
2 2252
1 2281
2 1064
1 1002
2 1926
1 551
1 2038
2 696
2 1680
1 1817
1 2370
2 1682
2 60
1 332
1 635
1 29
1 95
2 2521
1 2225
2 204
2 79
2 616
2 1700
1 1825
2 153
2 1028
2 1987
2 1312
1 422
1 217
2 1921
2 840
1 2078
2 1666
2 1292
2 247
2 2323
1 478
2 2005
2 654
2 1901
2 957
1 1331
1 2240
2 2349
1 2451
1 523
2 749
2 46
2 2489
2 1679
2 1607
1 836
1 75
2 245
2 1794
1 694
2 2285
2 1915
2 2329
1 74
2 1416
2 2435
1 683
1 1687
2 1842
1 2353
1 227
1 2296
1 2464
1 1716
2 2237
2 2290
1 341
1 1755
1 249
2 450
1 1037
2 1121
1 1853
2 219
1 328
1 72
1 861
2 568
1 286
1 1202
1 879
2 1336
1 2014
1 2167
2 14
1 1472
1 1792
1 2469
2 1996
1 359
2 245
1 768
2 593
1 49
2 1898
1 277
2 639
2 1689
1 604
2 1328
1 1303
2 467
2 2330
2 1268
1 31
1 2547
1 1060
2 682
1 2351
1 758
1 1973
2 2144
1 2302
2 1671
1 719
2 1779
2 736
1 1918
2 860
2 510
2 1667
1 2220
2 1683
2 1675
1 126
1 2545
1 204
2 273
2 797
1 1338
1 576
2 1681
1 314
2 168
1 559
1 1085
1 1944
2 41
1 541
1 1739
2 2333
2 499
2 2012
2 2535
2 1008
2 737
2 1228
1 307
1 58
2 596
2 1994
2 2020
2 938
2 2509
2 1745
1 1430
1 2245
2 863
2 1968
2 1675
2 657
1 305
2 1208
1 282
1 608
1 1110
1 1321
1 1822
1 2506
1 73
2 2483
2 1582
1 1688
2 2067
1 1540
1 1396
1 1199
1 1108
2 1391
1 832
2 221
1 1877
2 1799
2 801
1 1967
1 1829
2 1042
1 67
1 1984
1 283
2 1294
2 492
1 315
2 1309
2 1224
1 1409
1 793
1 1686
1 2473
2 449
2 2424
1 479
1 2451
1 1714
2 893
2 1013
2 1609
1 1906
2 218
1 815
1 30
1 1371
2 1358
1 2231
1 710
2 1922
2 742
1 1161
1 2038
1 1214
2 516
2 1039
2 909
1 1078
2 1105
1 2424
2 714
2 1280
2 2252
1 2427
1 1841
1 1162
1 1428
1 1316
2 394
2 1818
2 681
2 1266
2 1414
2 2433
1 550
1 1951
2 2334
1 284
1 1140
1 2060
2 1231
2 138
1 1950
2 1164
2 1366
2 1443
1 1861
1 1827
2 1506
2 112
2 422
2 2301
2 10
1 1942
2 1394
2 2133
2 2232
1 734
2 1405
1 331
2 1536
1 1146
2 516
2 265
1 738
1 1853
2 1685
1 1592
2 2519
2 582
1 495
1 1412
1 1711
1 830
2 1895
1 2265
1 395
2 295
1 1077
1 1296
1 1430
2 946
1 2050
1 924
2 15
1 1529
2 1553
1 968
2 1820
2 2205
1 872
2 1353
1 2176
2 299
1 185
2 1300
2 2240
2 682
2 1642
2 2082
2 1420
2 2330
2 1535
2 384
1 1450
1 1006
1 2374
1 2219
1 1302
1 1102
1 2439
2 896
1 823
1 790
1 1234
2 1346
2 2542
2 811
2 1749
2 685
2 2347
1 1423
1 1223
1 1501
1 1013
2 1376
2 1374
2 2505
1 2401
1 2525
1 381
2 2341
2 1350
2 236
2 975
2 1852
2 1293
1 1104
2 1666
2 959
2 1976
2 319
2 389
2 1111
1 1182
1 1661
2 1333
2 171
1 2198
2 1315
2 2212
2 2277
2 951
2 145
1 1097
1 737
1 1310
2 2028
1 1313
1 1196
2 2247
2 336
1 831
2 840
1 2483
1 2214
2 2348
1 807
2 1044
1 233
1 2065
1 570
2 206
1 920
2 1341
1 1854
1 203
2 66
2 2270
1 112
1 1749
1 1240
1 1834
1 983
2 1964
1 383
2 196
1 1032
1 282
2 303
2 292
1 1285
1 865
1 1988
2 1467
1 2335
2 2036
1 1309
1 2115
1 629
2 535
1 1375
2 1945
1 2400
1 1635
1 2187
1 1813
1 1098
1 1538
1 701
2 82
2 310
1 664
1 2438
1 252
2 2043
2 1399
2 33
2 836
2 1323
2 2141
1 765
1 257
2 1627
2 1368
1 145
2 235
2 1425
1 1932
1 2255
1 1606
2 589
1 85
1 2178
2 1082
1 1274
1 2428
1 1731
1 821
1 1319
1 431
2 2216
1 1804
1 1788
2 2054
1 2261
1 1583
2 109
1 822
1 1909
1 1175
2 1723
1 1668
2 1538
1 1517
1 2352
1 404
2 2498
2 472
2 587
2 706
1 192
2 1367
2 2489
1 1122
2 1831
2 2479
1 907
1 475
1 1311
1 2156
2 2110
2 2455
1 1451
2 1849
1 448
2 1735
1 1445
2 2190
2 28
1 1495
1 1852
2 1320
1 48
1 2534
1 1126
1 1844
2 2057
1 2486
1 561
1 1918
1 380
2 571
2 1163
1 377
2 1035
1 1607
2 971
2 348
1 632
1 213
2 1022
1 365
2 1350
1 1152
2 99
2 77
2 1359
1 771
2 294
1 770
2 1386
2 1239
2 361
2 79
1 1544
1 686
1 766
2 630
2 856
1 827
1 565
1 1148
1 273
1 2502
2 2217
2 2313
2 418
1 314
1 1777
2 858
1 1437
2 760
1 1934
1 2268
1 1792
2 396
1 2467
2 885
2 2442
1 1634
2 1117
1 550
2 767
2 1615
1 1576
1 938
2 1023
2 2201
1 1179
2 1071
1 1146
1 1771
1 1758
1 1873
1 1129
1 865
1 2066
1 381
2 847
1 2537
2 781
2 2542
2 1673
2 1799
2 1778
2 1366
1 1014
2 2514
1 2072
1 2327
2 617
2 2405
1 581
2 101
2 1489
1 2129
1 1207
1 1695
2 1098
1 263
2 1595
1 2274
2 642
1 2343
1 1046
1 1966
1 1601
2 1532
1 1101
1 603
1 1537
1 1797
1 315
1 1774
1 265
2 65
2 884
1 1925
2 769
1 214
1 887
1 2470
1 1445
1 2114
2 735
1 372
2 41
2 923
2 743
1 1256
1 354
2 660
2 2031
1 458
2 751
2 1289
2 1055
1 2456
1 2124
1 1631
2 1963
1 348
2 234
1 1470
1 2332
2 1158
1 1681
2 2074
2 2027
2 926
2 1410
1 350
2 2468
2 2273
1 666
2 1787
2 995
2 528
2 335
1 538
2 1172
2 936
1 2077
1 1250
1 1672
1 975
2 1850
1 1881
2 2298
1 1599
1 797
2 1081
1 1216
2 42
2 2194
1 1827
1 1478
2 216
2 1876
2 342
2 249
2 1204
2 1903
2 709
1 515
2 2363
1 2462
1 722
1 894
2 2317
2 1653
2 1237
2 1475
2 313
2 1351
2 1930
1 750
2 813
1 1356
1 1361
1 412
1 344
1 2458
2 2103
2 1611
1 1479
2 1565
1 935
1 1173
1 1114
2 1549
2 1225
2 1307
1 507
2 540
2 1500
2 2218
2 1975
2 2442
1 195
2 566
2 1752
2 1978
2 1329
1 1497
2 2208
2 329
1 560
1 1324
1 1416
1 83
1 1722
2 1789
2 2504
2 1741
1 1415
2 824
1 727
2 1746
1 1589
2 2239
1 1508
1 1762
2 2418
2 2013
2 53
2 2033
1 1710
2 1461
2 644
2 2362
2 2466
1 1021
1 363
1 819
1 670
2 64
1 116
2 878
2 880
1 2529
1 2135
1 2495
1 2007
1 2412
1 1165
2 1334
1 1313
1 950
2 223
1 1431
1 1897
2 798
2 2083
1 522
2 443
2 995
2 92
1 1778
1 185
1 1885
2 1137
2 1230
1 1236
2 2043
1 1197
1 176
2 1213
2 241
2 470
2 184
2 1215
2 1562
1 2396
2 966
1 851
2 613
2 330
2 1609
1 2304
2 768
2 976
2 337
1 2048
2 2239
2 536
2 1051
2 1
1 1065
2 825
2 2036
2 586
2 2511
1 805
2 1277
2 982
2 2465
2 1719
2 1053
1 886
2 1016
2 560
2 532
2 2167
2 1201
2 2159
2 970
2 163
1 1347
2 2296
1 2322
2 1435
2 1782
2 1493
2 1838
1 549
1 33
1 915
2 1063
1 2546
1 941
1 1871
1 2303
2 1953
1 1614
1 1781
1 1722
1 131
2 1414
2 584
2 1404
1 1021
2 1428
1 360
1 1529
2 609
2 2017
1 2401
2 1703
2 258
2 1811
2 133
1 1488
1 627
2 1902
1 2207
2 953
2 2169
2 1230
2 716
1 2302
1 855
2 1992
1 320
1 1458
2 1521
1 513
1 1229
1 1048
1 237
2 487
2 907
2 175
1 196
2 601
2 894
2 1639
1 197
2 972
2 238
1 2276
1 2232
1 1598
1 1450
1 772
1 1858
2 1856
2 2238
1 637
2 2111
1 2322
2 864
1 2101
1 1255
2 1542
2 1400
1 1128
2 2176
1 1086
1 2284
1 184
1 2025
2 858
1 981
1 869
2 117
2 1571
2 519
1 1517
1 2289
1 665
2 2119
1 1546
2 1610
1 463
1 2408
2 2425
1 1872
1 2317
2 838
1 1118
2 186
2 512
2 604
2 2242
2 1329
2 1622
2 1642
2 743
2 155
1 2527
2 2106
1 876
1 2137
1 1135
2 172
1 528
1 2170
1 1015
2 2104
2 736
2 2257
2 1915
1 2281
1 1700
1 324
1 2129
2 8
2 2461
2 830
1 658
1 154
2 1095
2 76
2 1988
2 1586
2 845
1 179
2 120
1 799
1 1900
1 1451
2 683
1 1613
2 2407
1 1710
1 1468
1 2138
2 1196
1 2047
1 1392
1 379
1 2108
1 751
2 2388
1 628
2 1387
2 1017
2 1054
1 529
1 659
2 306
1 877
1 1958
2 2136
1 20
2 2387
1 813
2 1717
2 917
2 2024
1 405
2 690
2 1418
2 863
2 1473
1 2439
2 371
2 1595
2 2344
1 854
2 424
2 2157
2 262
1 349
2 281
1 2278
1 1188
2 1626
1 980
1 408
1 1439
1 1463
2 1073
1 1261
1 1012
1 578
2 296
2 1696
1 775
2 2073
1 1524
1 755
1 2149
1 693
1 1119
1 825
2 1823
2 862
2 1412
1 1941
1 2023
1 774
1 1794
2 2380
2 1644
2 2533
2 1769
1 2158
2 1942
2 2223
2 408
2 156
1 1669
2 941
2 729
1 2233
1 923
1 702
2 1403
1 1635
1 295
2 2487
1 897
1 1068
1 2453
2 2294
1 1432
2 2041
1 228
2 1724
2 1035
1 705
1 569
2 226
2 2386
2 2071
1 2535
1 173
1 59
2 670
1 1993
2 1401
1 2042
2 51
1 864
2 637
2 2488
1 1256
2 1698
1 134
1 1211
2 456
1 1608
2 695
2 1648
1 2166
2 738
1 1504
1 1899
1 543
2 1776
1 1419
2 114
1 1843
1 874
2 1471
1 227
1 1454
2 2209
1 1855
2 2267
1 588
2 2392
1 1972
1 769
2 592
2 1816
2 267
1 1359
2 2009
1 253
2 808
2 2109
1 455
2 2091
2 1913
2 616
2 155
2 2230
1 1168
1 1860
1 1731
2 1398
1 1572
2 110
2 275
2 2152
2 1838
2 2506
1 2300
1 773
2 1405
2 21
2 1581
1 925
2 63
2 1130
1 1275
1 2011
2 1665
2 2241
1 1989
2 2226
2 752
2 1982
2 289
1 642
2 2422
1 1043
2 2360
1 988
2 2170
1 1007
1 1278
2 174
2 1187
1 534
1 643
1 1790
2 663
2 1871
1 651
1 839
2 2304
1 1869
1 615
2 1382
2 257
1 978
1 2364
1 994
2 819
2 1910
2 2080
1 2299
2 1115
2 52
1 1215
1 187
1 2079
1 1855
1 83
2 1502
2 432
2 365
1 2375
2 189
1 806
2 1874
2 732
2 1122
2 2357
1 1096
1 2445
2 256
2 86
1 1060
2 138
2 62
2 1760
1 1772
1 406
1 1815
1 1413
2 1809
2 2293
2 377
1 523
1 2013
2 2514
1 1173
2 1099
2 1418
2 1432
2 2319
1 232
2 2087
1 544
1 1440
2 2147
2 1297
1 306
1 2085
2 221
1 1059
2 2540
2 2254
1 85
2 866
1 4
2 1921
2 1194
1 260
1 622
1 1501
2 1843
1 1729
2 208
1 2040
1 1751
2 239
2 888
1 2228
2 1103
2 418
2 587
2 146
1 890
1 1742
1 1742
1 1321
1 1234
2 1505
2 2524
1 1968
1 2454
2 2499
1 2410
1 1750
1 2146
2 1951
1 1791
2 1795
2 1198
1 9
2 2253
2 710
2 1593
2 2392
1 1573
1 2184
2 2150
1 1030
1 22
2 681
2 7
2 428
1 1008
1 591
1 497
1 5
1 37
1 2191
2 1485
1 2021
1 2030
1 1166
2 2358
2 1916
2 646
1 1141
1 2361
2 390
2 760
2 832
2 2183
1 1783
2 1176
2 809
2 644
1 98
1 1589
1 2486
1 2237
2 1922
1 2340
2 1461
2 324
1 16
2 2195
2 106
1 1337
2 1156
1 1611
1 311
1 1839
1 505
1 1637
2 1419
2 1901
2 723
1 401
2 1815
1 563
2 1106
2 292
2 1914
2 1793
2 2389
2 2488
2 2052
1 190
2 350
2 939
2 2184
1 1567
2 1355
2 411
1 419
1 345
2 1134
1 322
1 1182
2 451
2 2234
1 2083
2 2476
2 1515
1 481
2 2336
1 1481
1 1041
1 151
1 1715
2 1658
1 755
2 2318
2 32
2 1937
2 990
2 1690
1 2261
2 2211
1 1548
2 171
2 1004
2 2493
1 2275
1 1943
2 1553
2 1974
2 1584
2 1715
1 754
1 1455
1 641
2 567
2 395
1 369
1 1872
2 635
2 6
2 219
1 108
1 2415
1 1594
2 1073
2 1786
1 261
1 1096
1 1796
2 296
1 358
1 2143
2 1532
2 403
2 753
2 2452
2 1277
2 2377
1 910
1 612
1 1814
2 207
2 274
2 160
1 2063
2 2459
1 2048
2 417
2 1824
1 1217
2 1185
1 849
2 2018
1 537
2 335
2 989
2 1591
1 1854
1 2342
1 1407
1 588
1 1504
1 2236
2 1766
2 2215
1 2051
2 952
2 621
1 2339
2 1482
2 279
1 271
1 911
1 1600
2 1879
1 157
1 1302
2 762
1 1739
1 162
2 1227
2 346
1 955
2 1462
2 2305
2 1944
2 1577
1 730
2 130
2 999
1 1038
2 1193
1 290
2 982
1 2276
2 994
1 724
2 1206
1 48
1 1437
1 407
1 375
2 2547
2 317
1 2260
2 2295
2 2430
2 709
1 1826
1 2077
2 2134
1 209
2 993
2 266
2 538
2 1500
1 501
2 1435
1 1024
2 1647
1 1851
1 107
1 831
1 610
1 1524
1 235
1 391
2 1746
2 1654
1 2007
2 378
2 1692
1 786
1 2061
1 2462
1 1393
1 778
2 557
1 1632
1 535
2 2347
2 1704
2 1279
2 2000
2 1561
1 1641
2 669
1 1531
2 852
1 1776
1 435
2 2091
2 2373
2 509
1 1264
1 1533
2 1075
2 5
1 1659
1 307
1 1865
1 2418
1 667
2 19
1 91
2 964
2 1425
2 1800
2 2481
1 1112
1 334
1 1564
2 684
2 1832
2 1961
1 1498
2 80
1 2503
2 42
2 973
1 1591
2 462
2 1738
2 1200
2 301
2 40
2 2530
1 625
1 1348
2 1640
1 2435
1 1894
2 1002
1 456
1 1346
2 2153
1 645
1 1184
1 1625
2 675
1 914
1 947
2 1676
2 1582
2 1913
2 1315
1 2409
2 1459
2 792
2 1377
2 453
2 2204
2 2200
2 500
1 1492
1 2104
2 1353
1 1295
1 229
1 445
2 1176
1 1370
2 2477
1 1574
2 1643
1 1877
2 1597
2 2522
2 414
2 1046
2 731
1 1071
1 1367
1 2117
2 1818
1 655
1 1867
1 261
2 447
1 1694
1 2383
2 734
2 2046
1 2426
1 448
2 2479
1 729
1 191
2 135
2 1294
1 343
2 2120
2 1081
1 984
1 1982
1 2202
2 2180
1 1759
2 552
1 963
1 700
2 1585
1 2168
1 1802
2 1090
2 1268
2 480
1 2359
1 711
1 1258
2 2112
1 1475
1 1225
1 2262
1 886
1 575
1 1476
1 1214
1 2117
2 979
2 1978
2 1241
1 2149
1 17
2 431
2 1980
2 800
2 1049
1 1180
1 294
1 871
2 1357
1 2093
2 1375
2 1472
2 2
2 2150
2 1204
2 783
2 2028
1 2321
1 76
2 1649
2 2473
1 1856
1 522
2 1385
2 190
2 1014
2 432
1 1218
2 1802
2 347
2 2137
2 25
2 518
1 1602
2 1889
2 2004
2 78
2 679
1 2516
1 958
1 1057
1 394
2 1010
1 1626
1 745
1 574
2 272
2 1713
2 575
2 1651
1 2226
1 674
2 1605
2 115
2 1340
1 1616
2 2308
1 724
2 1996
2 16
2 2288
2 78
1 2381
1 889
1 439
2 2096
2 2388
1 88
2 1029
1 771
1 1377
1 1628
1 1991
1 212
1 1490
2 688
2 2315
2 761
2 479
2 2003
2 2214
1 111
1 1583
2 1396
2 1339
2 1131
2 900
1 837
1 1192
2 1955
1 1588
1 1069
1 2207
2 1631
1 1052
2 1188
1 1424
1 264
2 2004
2 633
1 1334
2 1594
1 1090
1 326
2 780
2 1018
2 890
1 349
2 849
2 1573
1 928
2 1764
2 952
2 2249
1 2512
2 816
1 49
1 2377
2 1689
1 1530
1 1898
1 2459
2 2259
1 151
1 1903
2 1544
2 572
1 882
1 2263
2 548
2 969
1 2537
2 1743
2 37
2 38
1 220
1 1360
1 899
1 2507
1 897
1 437
2 2256
1 1608
2 676
2 2295
2 583
2 2407
2 1486
1 1325
1 1032
1 2266
1 1839
2 1138
1 2493
1 242
2 1345
1 2423
2 1464
1 234
1 1840
1 268
2 1422
2 1718
1 291
2 1801
2 2106
1 2425
2 2292
1 389
2 25
1 243
1 1208
2 168
1 1543
2 612
1 50
1 2015
1 1550
2 337
1 1391
2 2020
1 486
1 1356
2 1143
2 576
2 912
1 1541
1 2327
1 740
2 626
1 927
2 2538
2 1207
1 1136
1 1551
2 1866
1 689
1 1964
1 987
1 668
1 1102
1 1826
1 1203
2 13
1 231
2 1270
2 717
1 1348
1 1047
2 84
2 1753
2 987
2 383
2 1795
1 409
1 2517
1 302
1 2282
1 508
1 1828
2 1170
2 2355
2 589
2 1236
1 1557
1 1478
2 317
1 1254
1 904
1 1086
2 698
1 1168
2 471
1 1474
2 1618
1 2291
1 1844
2 1572
1 931
2 540
1 2480
1 370
2 795
2 94
1 2501
1 1768
1 1279
2 1304
2 1759
2 1051
1 2391
1 1027
2 357
2 1807
1 2116
1 1093
1 544
1 1307
2 846
2 2328
1 704
2 1662
1 506
2 1966
2 150
1 748
2 2475
2 1568
2 1181
2 1055
2 2195
2 239
1 339
1 1888
2 713
2 2382
2 2081
1 482
2 1577
1 2285
2 1117
2 2248
2 1712
1 973
2 1381
1 208
2 555
1 992
2 1151
1 1094
1 1680
1 1670
2 225
2 2413
2 1929
1 1644
2 1773
2 1974
2 953
2 2283
2 2309
1 1946
2 867
2 943
2 2182
1 857
1 1114
1 1757
1 1786
2 2032
2 2532
2 823
1 596
2 2293
2 1581
2 230
1 141
2 948
2 164
1 1519
1 57
2 338
2 673
2 1107
1 1246
1 1245
2 639
1 1062
2 1253
1 181
2 2222
2 692
2 698
2 2229
2 1209
1 1515
1 478
1 1817
1 1596
1 2369
2 23
2 811
1 2251
1 93
1 1547
1 508
2 2169
2 2450
2 181
1 1211
2 1659
2 1052
2 203
1 2123
1 2490
1 567
2 1263
1 1243
1 822
2 20
1 2396
1 1701
2 475
1 100
2 490
1 1464
2 913
1 785
2 162
2 680
1 2386
2 1931
2 2160
1 1763
2 1133
1 1444
1 850
1 401
2 217
1 2102
1 1599
2 182
1 119
2 1638
1 860
2 534
2 212
1 954
2 1338
2 1436
2 132
1 98
2 113
2 793
1 423
1 128
1 2064
2 2151
1 2379
1 1082
1 2197
1 647
2 255
2 2269
2 2549
1 1570
1 1614
2 1067
2 297
2 276
1 363
2 1943
2 1753
2 2081
1 1981
2 521
1 551
2 446
2 1251
2 593
1 2446
1 838
2 586
2 1075
2 1109
1 2326
1 697
1 2273
2 1768
2 2545
1 201
2 132
2 1363
2 2
2 1863
2 1044
2 848
2 1672
2 1447
2 2497
1 881
2 1107
1 1509
2 1991
2 1012
2 1851
1 1727
1 2376
1 2045
2 1132
2 416
1 1326
1 761
2 2155
1 353
2 1698
2 870
1 1830
2 1503
1 91
2 173
1 2262
2 2378
2 1558
2 2128
1 961
2 561
2 777
2 1514
1 2336
2 996
1 939
2 2448
2 1738
1 1994
1 1947
2 1702
2 1079
2 2039
2 54
2 1045
2 2324
2 1563
2 1159
1 1654
2 1388
1 2148
2 390
1 1989
1 2485
1 84
1 517
1 2145
1 1683
1 2203
1 2040
1 668
2 1526
2 1779
2 1847
2 1744
2 483
2 1447
2 2515
2 2098
1 1417
2 1636
1 1112
1 966
1 2385
2 2494
1 2216
1 198
1 1862
2 1741
2 1887
1 352
2 790
1 194
2 1630
2 1076
1 1077
1 1601
2 971
1 928
1 956
1 1170
2 986
2 2046
2 174
2 573
2 2101
1 1998
1 2474
1 850
2 211
2 2323
1 22
2 1652
1 2421
1 316
1 2147
2 847
1 2009
1 357
1 1123
2 2413
2 1883
2 1798
2 991
2 319
1 1105
1 1457
2 214
1 1372
1 2399
2 881
2 598
1 1821
2 2092
2 521
1 1861
2 691
2 1952
2 2181
2 739
1 509
1 347
2 1899
2 392
2 1322
1 1088
1 1395
2 839
2 355
1 2321
2 783
2 726
1 2279
2 944
1 302
1 937
1 580
2 158
2 2127
1 1440
2 631
2 1770
2 2131
1 1893
2 1267
1 1645
1 2094
1 1910
2 2017
1 1576
2 159
1 325
2 816
1 711
1 159
2 436
2 2371
1 901
2 763
2 1796
1 1482
1 533
1 1009
1 1355
1 1660
1 1587
1 638
2 1953
1 364
2 1937
2 300
1 454
1 1919
1 2494
1 1886
1 520
1 634
1 780
2 102
1 2243
1 2421
2 878
2 944
1 12
2 695
1 1177
1 2412
1 1999
1 1252
2 430
1 1678
2 776
2 565
1 2314
2 2298
2 763
2 2186
1 2490
2 139
1 113
1 675
2 438
1 26
2 2031
1 374
2 129
2 1415
2 435
1 396
2 814
1 2443
2 718
1 2338
1 2345
2 2292
2 1317
1 562
2 1266
1 2075
2 361
2 594
1 1641
2 715
1 1512
1 1411
2 476
1 1917
1 2516
1 2332
2 1068
1 255
2 2231
2 2431
2 1318
1 2153
2 2090
1 2314
2 72
1 1721
2 1420
2 700
1 1407
1 1362
1 1161
2 1725
2 352
1 2029
1 1929
2 1036
1 2538
1 1025
1 853
1 300
2 1004
1 1099
2 1679
1 803
1 868
1 2325
2 484
1 2107
1 1424
2 199
1 1711
2 425
1 2436
2 1677
2 170
2 1810
2 327
2 105
2 148
1 1632
1 532
1 211
1 2543
1 1558
2 867
2 2010
2 1308
2 1304
1 1142
2 2001
1 1383
1 1194
1 133
2 1983
1 1156
1 345
2 163
1 2243
2 2540
1 1995
1 421
1 128
2 157
1 2235
2 958
1 50
2 2206
1 1977
1 905
1 1365
1 2086
2 2496
2 2235
1 2164
1 2500
2 558
1 2477
1 677
2 1221
2 539
1 1033
2 530
2 55
2 676
1 1620
2 1200
1 484
1 442
1 1949
2 2192
1 1549
1 120
1 2426
2 1147
1 1498
1 2416
1 1884
1 281
2 1562
2 627
2 854
1 1181
2 1288
1 2103
2 517
1 278
2 2049
1 2018
2 493
2 69
2 1284
1 420
1 99
1 828
1 1927
1 607
1 1639
2 2349
2 2478
1 1870
2 1465
1 730
2 2213
2 160
1 1923
2 672
1 1696
2 2102
1 1533
2 152
2 1882
2 2307
1 1880
2 690
2 27
2 1389
2 659
2 648
1 1570
2 2422
1 439
1 1101
2 1627
1 901
2 2002
1 756
2 1791
1 1655
1 2524
2 880
1 393
1 1406
2 2310
2 2049
2 2199
2 223
1 1970
2 908
1 504
2 1344
2 446
1 1545
1 1154
2 437
1 1617
2 2329
1 1386
1 2487
1 1801
1 1028
2 1888
1 472
1 976
1 585
2 2201
2 2113
1 759
2 1342
2 2112
1 2270
2 1175
1 1296
1 1111
1 1907
2 741
1 519
2 1015
2 764
2 1273
2 1590
1 2224
2 2027
1 60
1 1721
2 964
2 1280
2 2030
1 179
2 276
2 820
1 2059
2 1193
2 1780
1 1016
2 373
1 32
2 1247
1 2140
2 2173
2 1699
1 817
1 1954
2 1547
2 1636
1 1574
2 397
1 1290
2 2033
1 2105
2 2156
2 1001
2 344
2 2271
2 2258
2 653
1 965
1 821
2 621
2 1206
2 1857
2 476
2 735
1 1708
1 278
1 789
2 144
2 1043
1 1477
1 1341
2 254
1 2139
2 1592
1 791
2 569
2 1756
2 693
2 2311
2 407
1 2414
2 228
1 330
2 244
1 1674
2 2414
2 725
2 1402
2 2306
2 1526
2 97
2 1157
2 90
1 1846
2 955
1 609
2 1593
2 936
2 459
2 483
2 2267
2 358
1 90
2 215
2 774
1 385
2 1908
1 1282
2 1344
2 1489
1 680
1 2093
1 161
2 2449
2 1775
1 2397
1 1508
1 1218
1 1717
2 1969
1 1213
1 405
2 254
2 177
2 2015
1 1520
2 2246
2 1426
1 859
1 240
2 1617
2 1274
1 360
1 1053
2 140
1 1808
2 1693
1 2511
2 301
1 1726
1 2465
1 529
2 636
2 1210
2 2056
1 420
1 748
2 1663
1 1674
2 3
1 2251
2 449
2 1860
2 1906
2 2353
2 346
1 1678
1 597
2 2419
2 370
2 1100
1 1780
1 497
1 167
2 417
2 1319
1 1748
1 817
1 1249
2 1483
2 29
2 721
1 1959
1 1380
2 1054
1 2530
1 2068
2 1097
1 225
1 520
1 1729
1 568
1 933
1 35
2 2428
1 687
1 1326
2 2224
2 699
2 1080
1 619
2 620
2 1045
2 2006
2 2119
1 1540
1 1575
1 590
2 371
1 2003
2 378
1 1476
2 2504
2 2297
2 2367
1 1297
1 26
1 619
2 999
2 1822
2 2297
2 1925
2 127
2 1113
1 1190
1 929
1 10
2 2248
2 1140
2 851
2 2181
1 870
1 1442
2 766
2 135
1 1379
2 746
1 318
1 1556
2 1352
1 489
2 1651
2 577
1 1895
1 2458
1 889
1 896
2 1027
1 1557
1 2209
1 925
1 1613
1 1931
1 34
1 733
2 661
1 1787
1 496
2 56
1 2185
2 1833
1 500
2 1525
2 2287
1 1732
1 1251
1 2211
1 556
2 308
1 2097
1 1523
2 1634
1 1907
1 150
2 369
1 1628
1 959
2 1708
2 1301
2 898
1 495
1 524
2 1814
1 1720
1 1878
1 1050
1 1484
1 674
1 1378
1 2333
1 1216
1 1959
2 387
1 107
2 231
1 1149
1 415
2 1132
2 490
2 1523
2 1227
1 166
2 945
2 2372
2 464
2 1849
2 1300
2 1402
2 2521
1 426
1 178
2 1186
2 210
1 1390
2 126
2 2434
1 1812
1 1761
1 2335
1 764
2 202
1 788
1 2062
2 364
1 921
2 786
2 1545
1 1541
2 1291
1 2334
1 1633
1 1531
2 2339
2 708
2 2100
1 147
2 1202
1 67
2 807
1 969
1 1269
1 38
1 1621
1 143
2 368
2 963
2 2272
2 2351
2 2177
2 2309
1 504
2 1969
2 2136
2 998
1 1431
2 427
2 1762
1 1859
2 574
1 2482
1 629
2 1919
1 2362
2 2118
2 1764
1 1997
1 1441
2 485
1 367
1 1995
2 210
1 1912
2 2142
1 2242
2 842
2 1653
2 1453
2 1870
2 2450
2 525
2 161
2 2221
1 1650
1 630
1 1126
1 2198
1 2011
1 1020
2 960
1 796
2 1537
1 441
2 1198
1 924
2 2230
1 402
2 2445
1 372
2 919
2 2471
2 1433
1 1705
2 2303
2 237
2 2470
2 1423
2 1502
1 1031
2 165
2 531
2 58
1 2354
1 1756
1 1080
2 1793
1 1920
1 1232
2 852
1 974
1 1293
1 869
2 2306
1 1604
1 2280
1 39
2 248
2 1426
1 2448
1 194
1 1908
2 818
1 2510
2 2526
2 1597
2 2518
2 1273
2 752
1 1657
2 633
2 2525
2 1457
1 1003
1 549
2 579
1 2204
1 2086
1 310
1 1438
1 800
2 224
2 1209
1 2008
1 2291
2 1671
1 169
2 1167
2 268
1 1308
1 1848
1 600
1 656
2 1385
1 2196
2 1129
2 354
2 2313
1 1074
1 43
2 193
1 69
1 2320
2 2368
1 2172
2 2526
1 943
1 895
1 900
1 459
2 527
1 13
1 512
2 1585
2 671
2 1990
1 2095
2 949
1 45
1 1662
1 1244
1 384
2 827
2 1588
2 2357
2 1973
2 942
1 471
2 1506
1 1567
1 563
2 2059
1 1977
2 978
1 1020
2 2001
1 638
1 380
2 1563
2 1688
2 2134
2 2316
1 1343
2 2041
1 2220
1 2070
2 375
1 1224
2 2132
1 775
2 1669
2 2402
1 333
1 1820
2 97
1 2417
2 480
2 686
1 1548
2 1284
2 1458
2 468
2 1212
1 1136
1 406
1 267
2 1552
2 2484
2 916
2 1369
2 1380
2 285
1 1205
1 1127
2 2505
1 2480
1 1743
1 1223
1 2215
1 669
1 502
2 1914
1 149
2 2444
2 339
1 728
2 56
1 2406
1 400
2 379
2 718
1 1166
1 172
1 1262
1 1493
2 1934
2 1867
1 932
1 1244
1 1317
2 762
1 2356
1 1714
2 1042
2 2005
1 399
2 1316
2 1465
1 906
2 62
1 453
2 2463
1 1124
2 679
1 1566
1 1705
1 1070
2 1495
2 1596
2 2029
1 286
1 1781
1 1723
1 2138
1 452
1 694
2 998
2 1250
2 600
2 677
2 692
1 2513
2 2258
1 1565
2 2373
2 989
2 2120
1 624
2 1699
1 305
2 1709
1 1774
1 2543
1 1180
2 1269
2 1732
2 799
2 1265
2 1719
1 993
1 2311
1 175
1 1443
1 1664
1 957
1 188
2 2202
2 732
1 180
1 142
2 2366
1 758
1 427
2 2449
2 773
1 2452
2 772
2 1384
2 1084
1 622
2 1945
2 977
2 51
2 1920
1 122
1 1335
1 2365
1 597
1 2533
1 1272
1 2265
1 1144
2 404
2 2060
2 1235
2 368
2 2026
1 2068
1 65
2 2312
1 1620
2 1290
2 353
2 425
1 1979
1 141
2 1370
1 791
2 416
2 728
2 607
2 1089
1 1586
1 1167
1 1800
2 510
2 2250
2 1439
2 218
1 1238
2 2522
1 1212
1 392
1 2217
1 2099
1 2437
2 2340
2 2345
2 1986
1 1923
2 747
2 1179
1 2393
2 2065
2 486
2 1797
1 920
2 1703
1 1059
2 2282
2 848
2 2161
1 1281
1 2019
1 178
1 749
2 1199
2 1087
1 52
1 2131
1 1358
2 1960
1 1694
2 2316
2 2415
1 2197
2 1434
1 1963
1 1436
2 1139
2 2056
2 874
2 2023
1 2062
1 1534
1 1452
1 2513
2 829
2 2382
1 88
2 1312
2 2014
1 1148
2 2213
1 1832
1 1019
1 606
2 1184
2 2006
1 1033
2 466
2 691
1 1303
1 131
1 2016
1 1823
2 2472
1 1619
2 110
2 238
2 284
1 1744
1 2447
2 2045
2 1047
1 1083
2 2257
1 1011
1 514
1 610
2 2203
1 2404
2 887
2 2403
2 1924
1 1301
2 413
2 1890
2 386
1 1824
1 1758
2 1492
2 68
2 1108
1 366
2 1932
2 505
1 2423
2 59
1 2365
2 829
1 526
1 2550
1 123
2 2441
1 1404
2 689
2 1697
1 1806
2 664
2 2501
2 2512
1 1648
1 24
2 183
2 2290
1 68
1 1383
2 1332
2 798
2 1298
2 430
2 905
1 106
2 1271
1 759
1 1085
1 1421
2 262
1 564
1 2374
2 1034
1 1000
2 386
2 1314
2 985
1 696
1 606
1 1511
2 2507
1 1519
1 1673
1 1604
1 1048
2 625
2 1702
1 2208
1 1116
1 2380
2 1615
1 961
1 2429
1 121
1 1026
2 1512
1 136
2 1009
1 1511
1 149
1 2256
1 298
1 332
2 2154
2 2406
1 2148
1 2087
2 2531
1 927
2 2482
2 2199
2 2189
1 1104
2 137
2 548
2 891
2 2532
2 293
1 1287
2 1783
2 1819
1 1647
2 1229
1 440
2 916
2 699
2 1262
1 1110
2 1612
2 1530
2 1737
2 1939
1 2229
2 1765
1 1767
1 1757
1 1260
1 1550
2 1160
1 279
2 1024
2 688
1 705
2 1981
1 1554
2 1310
1 1740
1 992
2 545
2 1652
1 977
1 311
1 806
2 491
2 470
2 192
1 114
1 3
2 1091
1 1686
1 1411
2 374
2 2390
1 2354
1 1153
2 1957
1 945
2 494
2 100
2 1885
1 814
1 469
2 981
2 1100
2 720
1 1958
2 1281
1 1486
1 103
1 1135
1 1520
1 1692
2 75
1 965
2 1770
1 287
2 367
1 947
2 54
2 1785
1 2035
2 855
1 2188
1 1406
1 1438
2 197
1 844
1 733
2 2523
1 950
1 2080
2 1264
1 1971
2 1684
2 1645
1 885
2 2090
2 712
1 2174
1 1260
2 1393
1 450
1 39
2 1510
1 872
1 2272
2 2430
1 1128
1 1726
1 2384
2 1365
1 2175
2 259
2 326
2 2399
2 1879
2 44
1 1554
1 1034
1 12
1 1409
1 2308
2 1775
2 1345
2 1485
1 18
1 1516
1 2443
2 1513
2 7
2 804
2 2008
1 1936
1 1134
2 156
2 66
2 641
1 434
2 140
1 1149
1 935
1 202
2 1253
2 1335
1 531
2 1422
1 1935
2 1246
1 742
2 2288
2 1460
1 182
1 602
1 1503
1 127
2 467
2 1984
1 1927
2 1728
1 376
1 687
2 469
1 511
1 183
2 595
2 94
1 1286
2 747
1 2437
2 77
1 967
2 678
1 841
1 409
1 95
2 2508
1 1909
2 415
2 169
1 2165
1 1649
1 209
2 2394
2 862
1 810
2 1390
1 2520
1 1873
2 2110
2 2122
2 2127
1 1010
2 1158
2 726
2 564
2 1784
1 1835
1 2491
1 269
1 1220
1 1141
1 678
1 251
2 1629
1 2052
2 1805
2 2492
1 2247
1 566
1 1514
1 1299
1 1378
1 1580
1 359
2 1164
2 983
1 105
2 2163
1 244
2 1449
1 2166
1 226
2 2190
2 498
1 498
1 842
2 1813
1 1145
1 1361
2 2114
2 246
2 903
1 2278
2 1434
2 1709
2 488
1 1240
1 43
2 714
1 1232
2 167
1 1706
2 1189
1 36
2 2301
2 499
1 1690
1 2044
2 524
1 2140
2 1462
2 707
2 2141
2 918
1 926
1 31
2 1257
1 1221
1 1066
1 631
2 170
1 1850
1 1737
1 1841
1 61
1 1446
1 1187
1 1948
1 213
1 1417
1 2466
1 117
2 2177
1 2446
2 1261
1 584
1 2324
2 1337
1 1665
2 2348
1 1079
2 2369
2 158
2 2271
1 2158
1 580
2 89
1 118
1 102
2 595
1 164
2 1165
1 1333
1 1191
2 1363
2 1997
1 1789
2 1399
1 1954
1 2178
2 2034
2 1941
1 1189
1 1940
2 1521
1 473
1 2363
1 2221
1 1160
2 2417
2 1351
1 1305
1 1518
1 1811
2 1398
1 2171
1 356
1 741
1 2069
1 2000
2 671
2 1408
1 2510
2 1965
2 47
1 915
1 1785
2 1255
1 2269
1 1469
2 2146
1 722
2 1245
1 721
1 526
1 1441
1 461
2 1480
1 1940
1 716
1 655
1 2206
2 186
2 1661
2 81
2 2133
2 229
2 285
2 1938
1 236
1 1233
2 2517
2 442
2 116
2 1072
2 912
2 930
2 1975
1 649
2 1497
2 501
2 990
2 1869
1 134
1 2154
2 304
1 1143
1 1259
1 2191
1 2019
2 8
2 1706
2 1452
2 562
1 2536
2 2022
1 1210
1 570
1 436
1 2098
2 1864
2 109
1 1948
2 1685
2 1803
2 782
2 2319
1 1103
1 2263
2 1400
1 1884
2 2037
2 331
1 1005
2 1735
1 877
1 1124
1 2180
2 465
2 940
1 198
2 703
1 1271
2 1247
2 1712
1 1467
2 1320
1 493
1 1494
1 2305
1 2541
2 424
1 288
2 1539
1 1580
1 518
2 557
1 2485
1 44
1 1039
1 1930
2 152
2 64
1 1747
1 55
1 1058
1 373
1 1740
1 2515
1 1127
1 1598
2 2200
2 2105
1 2471
2 1397
1 648
1 1413
1 1203
1 2385
1 1137
1 18
2 455
2 898
1 187
1 2343
2 954
2 1219
2 542
1 2447
1 1829
2 937
2 2368
2 536
1 400
1 2520
2 2092
2 835
2 188
1 2121
2 2338
1 1427
2 494
1 466
1 2066
2 166
2 1025
2 28
2 482
1 2108
1 2179
1 1559
2 2227
2 1342
2 1005
1 1619
1 579
2 1177
1 1556
1 2073
1 2491
1 433
1 1466
1 2253
2 222
2 2164
2 230
1 2431
2 2358
2 266
2 328
2 846
2 868
1 583
1 1716
2 246
1 1769
2 997
1 351
2 393
2 594
2 1875
2 2337
1 614
2 1487
2 2289
2 717
1 599
2 118
2 1154
2 1745
1 2227
1 1000
2 338
2 2523
2 1318
2 861
2 457
2 2307
2 410
2 2534
2 2155
1 2113
2 2398
1 1285
2 701
2 252
1 754
2 1821
1 1169
1 1239
2 554
1 2375
1 617
2 507
1 2175
1 1491
2 875
1 892
1 1118
2 428
1 1131
1 1448
1 1183
2 2548
2 1518
2 232
2 1633
2 1373
2 1371
1 2095
2 1258
2 1454
1 1701
2 636
1 1845
2 1810
2 611
2 757
1 1956
2 14
2 1655
1 242
2 784
1 1630
2 1936
2 2044
2 555
2 685
2 660
2 96
2 1875
1 1733
2 1040
2 1687
2 321
1 1022
2 1186
2 2499
2 89
1 1444
1 1691
2 1138
2 165
1 1724
2 2411
1 2128
2 1076
2 2037
2 843
2 1560
2 903
1 740
1 1298
1 1804
2 2219
2 2064
1 598
1 419
1 2371
1 2432
1 1656
1 581
2 891
2 1889
1 841
2 1933
2 2441
1 463
1 1327
1 603
2 2124
1 487
2 539
2 139
2 1534
2 882
2 1038
2 2502
1 1249
1 626
1 322
1 2165
1 2246
1 2328
2 1882
1 1017
2 779
2 623
2 820
1 1305
2 1120
1 2061
2 651
1 2094
1 2057
2 1656
2 1150
2 207
1 1397
1 843
1 672
1 2325
1 1961
1 1777
2 426
2 147
1 553
1 1453
2 1388
1 1535
1 2310
1 1568
2 130
2 1905
2 883
1 1730
2 658
2 30
1 1037
1 1987
1 2130
2 1095
1 1219
1 956
2 441
1 1956
2 1368
1 1788
2 1624
2 1040
2 104
1 1840
1 460
2 805
1 199
2 36
2 744
2 511
2 1242
2 2463
1 1552
1 411
1 2152
2 620
2 2372
1 376
2 388
1 362
2 1372
2 640
2 1505
2 142
2 477
1 2361
2 333
2 1837
2 1658
2 57
2 1747
2 876
2 765
1 1347
2 299
1 201
1 1993
1 248
2 313
2 1650
1 1623
1 1571
1 1812
2 270
1 888
2 1364
2 1622
2 2527
1 1621
1 253
1 413
2 2549
1 1543
1 2274
2 1231
1 1191
2 93
2 2074
1 460
2 537
1 812
1 1287
1 1190
2 1754
1 1600
1 1763
1 250
1 1713
1 1185
1 2055
1 1171
2 287
2 17
1 2411
1 1061
2 1950
1 465
1 1150
2 1074
2 1807
2 911
2 1892
2 1980
2 513
1 1766
1 1561
2 1237
1 53
1 1736
1 1846
1 46
1 1470
2 1469
2 1357
1 2163
2 1962
1 1123
1 2082
2 1579
2 1197
2 2352
2 1891
1 403
1 103
1 2193
2 45
1 444
1 71
1 1990
1 1605
1 1403
2 434
2 1106
2 2287
2 776
1 2503
2 1084
2 665
1 1761
2 613
2 1067
2 908
2 343
2 1693
1 259
2 2320
1 445
2 2519
2 119
2 275
2 1323
1 205
2 2010
2 909
2 1566
2 1578
1 713
1 291
1 1217
1 552
1 1507
2 1145
1 2419
1 997
2 2531
2 129
2 81
2 910
2 949
2 835
1 1646
2 962
1 2280
2 402
1 1222
2 914
1 2342
2 2409
2 1410
2 553
1 23
2 1897
2 2508
1 605
1 618
1 1254
1 1330
2 1868
2 1327
1 2495
2 2071
1 398
2 1463
1 871
1 1900
2 1874
1 2268
2 2058
1 2544
2 2299
1 1056
1 193
2 853
2 136
1 2546
1 572
2 280
2 2440
1 1092
2 1401
1 1587
1 1730
1 1976
1 1282
1 1374
2 1555
1 1169
2 2192
2 1049
2 2212
2 904
1 1539
1 913
2 2171
2 2394
2 1962
2 329
2 1387
2 1360
1 2481
2 1220
2 2034
1 919
2 323
2 844
1 323
1 2115
1 1057
1 725
1 1065
1 429
1 731
2 1772
2 11
2 247
1 1276
2 2341
1 2331
1 2444
2 1487
2 86
2 2457
1 1638
1 1499
2 2440
1 2359
2 1985
2 1896
2 2039
1 577
1 1257
2 1061
1 1670
2 125
1 224
2 1887
2 2355
2 2366
2 318
2 2391
1 856
1 1733
2 715
2 1911
1 1488
2 1848
1 2255
1 271
2 251
2 1809
2 1965
1 2300
2 2529
1 2160
1 647
1 2460
2 1050
1 1831
2 101
1 2185
1 1676
1 1782
2 1116
1 321
2 2356
2 2218
1 63
1 1063
1 1433
2 2132
2 180
2 1773
1 2025
2 922
2 2498
2 1527
1 1803
2 720
1 2548
2 2350
1 2172
2 590
1 1857
1 1311
1 931
1 19
1 1830
1 2429
2 1270
2 1233
2 1728
2 1324
2 1291
2 1001
1 2173
1 250
1 1376
2 1030
1 481
2 503
2 1286
2 1265
2 1468
1 1466
2 1862
2 2550
2 1578
1 124
1 1459
2 1707
2 489
1 1677
2 1496
2 962
1 2099
1 1479
1 634
1 1863
2 2518
2 297
2 719
2 932
2 2194
2 1
2 303
2 2168
2 873
1 712
1 1697
1 1029
1 547
2 884
1 834
1 1559
1 2151
2 2416
2 2376
2 1384
2 2222
1 1058
1 121
2 452
2 1069
1 666
1 1421
2 1172
2 1354
2 1155
2 663
2 1864
1 808
2 355
1 985
1 2398
2 474
2 1916
2 1252
2 115
1 74
2 1986
1 2223
2 2189
1 1890
1 1955
2 2344
2 2161
1 585
2 2432
2 706
1 2123
1 1575
2 2076
1 1174
2 256
2 803
2 2346
2 527
1 794
1 533
2 826
2 826
1 391
2 1494
2 382
2 2012
2 929
2 1354
2 779
2 2460
2 940
2 2364
2 137
2 1121
2 488
2 2393
2 815
1 477
2 1657
2 1395
2 650
1 1429
1 270
1 458
1 578
2 2072
2 1886
2 515
1 2259
2 525
1 2162
2 879
1 382
1 1750
2 1276
2 746
1 336
2 316
1 917
1 1201
2 153
1 2492
2 2088
1 429
2 2067
2 643
1 2205
1 1836
2 1767
2 1528
1 778
2 1876
2 195
2 34
2 899
1 2420
1 503
2 1935
2 2350
1 2315
1 2047
1 1967
2 2022
2 440
2 784
1 608
1 1481
1 599
1 123
2 653
1 541
2 611
1 289
1 942
2 1272
2 1163
1 1525
2 662
1 646
1 1352
2 423
2 1836
1 2478
1 1664
1 2193
2 770
2 767
1 444
1 1174
1 1147
1 857
1 2210
2 893
2 2408
2 73
1 468
1 2539
1 1392
2 2053
1 1868
1 1133
2 1637
2 1896
2 2395
2 951
2 2111
1 2264
1 2294
1 2474
1 2145
2 1883
2 2002
1 496
1 1477
2 1725
2 2089
1 1866
1 794
1 972
1 1835
1 433
2 661
1 2472
2 906
1 1062
1 414
1 1528
2 2453
1 802
2 1142
2 2225
1 1727
1 2461
1 189
1 592
1 559
2 1579
1 787
2 309
1 447
1 1222
1 2050
2 1618
1 1235
2 1456
1 2069
2 1248
2 443
2 2179
1 2384
1 387
2 986
1 1924
2 1471
2 342
1 2125
2 810
1 2084
1 1668
1 543
2 1904
2 2468
1 2476
