5600 3000
2 711
1 1771
2 1813
2 492
1 1150
1 2767
2 302
1 2616
2 824
2 1490
1 2101
2 494
1 1866
2 2301
1 2627
2 1877
2 1010
2 801
1 923
1 778
2 1467
1 1578
2 2609
2 1134
2 2493
2 1929
2 867
2 1495
1 1364
1 2745
2 2261
2 2123
1 288
1 1475
2 750
1 1376
1 925
1 1927
1 1746
2 165
2 738
1 458
2 2373
1 151
2 1776
1 2765
1 324
2 1946
2 2445
1 379
2 363
1 149
2 1955
1 432
2 2687
1 409
2 2069
2 350
1 1307
2 2579
1 478
2 2111
2 824
1 2078
2 2658
1 1889
2 2509
1 1243
1 715
2 2458
1 740
2 1035
2 2296
1 1515
2 2497
1 199
2 1970
1 450
2 446
1 2110
1 14
2 1358
2 730
2 2174
1 1842
2 2636
2 176
2 1963
2 2707
2 92
2 2434
2 1890
2 146
1 1317
2 1987
1 2171
1 3
1 1057
1 2427
2 1979
2 121
2 2156
1 1161
1 573
1 1633
2 809
1 2307
1 2160
2 2678
1 246
2 1231
1 1550
2 1660
2 903
1 1454
1 1608
1 565
1 288
2 2593
2 1687
1 669
2 2730
1 540
1 2564
1 1587
1 2309
1 2416
1 2466
2 1366
2 2118
2 398
1 130
2 2309
2 874
2 341
1 2061
1 2391
1 579
2 2343
2 1072
2 1311
1 1175
2 1581
2 758
2 1336
2 1075
1 135
1 2158
2 677
1 919
2 2081
2 1297
2 180
2 1439
1 71
2 119
2 1219
1 1667
1 332
1 164
1 1818
1 525
1 1273
1 2628
2 1875
2 2185
2 142
1 872
1 1438
2 2080
2 2242
2 1750
2 161
2 1669
2 493
1 1974
2 1552
1 2216
2 2547
1 2314
2 1421
1 2281
1 2775
2 618
2 1988
1 2062
1 2551
2 1987
2 976
2 2377
1 209
1 2714
1 2663
1 2696
1 106
2 2129
2 2482
1 1364
2 2265
2 2472
2 2638
2 1422
1 1441
1 2654
1 46
2 201
1 339
2 1162
1 1960
1 331
2 674
2 1469
1 1980
1 1453
1 2041
2 595
2 1265
1 1677
1 2282
1 1405
1 793
2 1982
2 1239
1 509
2 2583
1 1523
1 2466
1 1591
1 1495
2 2381
2 305
1 1984
2 1247
2 127
1 2491
2 946
2 310
1 1208
1 286
2 1868
1 1870
1 1529
1 1248
2 1331
2 2184
1 1340
2 1317
1 1298
1 499
2 1971
2 53
2 2097
2 568
2 247
2 481
2 23
1 2192
1 2572
1 2514
1 115
1 1372
1 1545
2 2105
1 2567
2 2711
1 2795
1 167
1 1107
1 2280
1 2576
1 2791
1 1874
1 541
1 1844
1 1277
1 623
1 963
2 503
2 46
2 1957
2 555
2 2037
1 1942
2 536
2 2542
2 131
1 1054
1 2178
1 1296
1 110
1 2474
2 83
2 509
2 2180
1 639
1 2025
1 2499
1 586
1 2210
2 2494
1 2053
1 279
2 1589
2 1569
1 83
2 776
1 396
1 2359
1 1398
2 2778
1 329
1 1963
1 1531
1 2721
1 2350
2 774
1 160
1 849
2 1681
2 2547
1 137
2 2046
1 1084
1 1083
1 2397
1 780
2 2056
1 1534
1 2132
2 961
1 2080
2 2750
1 1402
1 1840
2 734
2 576
2 537
2 2216
1 2243
2 1082
2 1516
2 220
1 2116
1 1402
2 978
1 988
2 495
1 1510
1 1806
2 541
2 1026
2 1370
2 155
1 365
2 1338
1 658
1 43
2 1131
2 1723
1 535
1 577
2 2681
2 1720
2 1164
1 605
2 2279
2 1115
2 2589
1 974
1 2732
2 289
2 1195
1 814
2 764
1 2519
1 1648
2 792
2 1795
2 2568
2 1965
2 1048
2 443
1 1094
2 601
1 318
2 2461
2 1463
2 126
1 2688
1 1129
1 484
2 301
1 1389
2 2143
1 1540
2 516
2 258
1 2242
2 1753
1 622
2 879
2 2737
1 1651
1 2293
2 573
1 1790
1 1166
2 564
1 2496
1 490
2 2138
2 643
2 367
1 1165
1 1199
1 1810
1 2590
1 2133
1 1291
1 2019
2 520
2 2098
2 2702
1 1972
1 470
1 2698
2 1837
1 2519
2 1272
1 1335
1 2681
1 2398
1 2526
1 478
2 2609
1 930
2 891
1 1109
1 740
1 2736
1 1695
2 855
1 1841
1 2244
2 2579
1 881
2 1100
1 377
2 654
1 2726
1 1724
2 86
1 605
1 2649
2 596
1 831
2 2451
2 875
2 328
1 314
1 1193
2 124
1 148
2 1037
1 2559
1 1912
2 2457
2 1517
1 1004
2 2376
1 1797
2 2639
2 1424
2 255
1 1824
1 1593
2 2731
2 2332
2 1071
2 228
1 2121
1 2022
2 2506
1 2601
1 1488
1 1166
2 1925
1 1817
2 955
2 2334
2 486
1 783
1 542
1 1118
2 877
2 94
1 986
1 2074
2 560
2 1944
2 2562
1 726
2 926
2 1666
1 574
2 425
2 1771
1 1433
2 1871
2 1183
1 2211
1 1606
2 988
1 2113
1 2611
1 148
2 1478
2 1676
1 195
1 648
1 410
2 1450
1 2509
1 160
1 910
1 2411
2 2186
2 1272
1 2743
1 2520
1 2039
1 2165
2 884
2 1886
2 836
1 2374
2 1540
2 479
1 981
1 386
2 1526
1 1948
1 2218
1 666
1 1141
2 653
1 106
1 1944
1 709
1 2009
2 293
1 2615
1 2761
2 1482
1 863
2 1325
1 892
2 446
2 2114
1 1527
1 2785
2 2372
1 873
2 1895
1 593
1 1257
1 2358
2 42
1 85
2 801
1 2204
1 64
1 109
2 1611
1 846
1 1362
2 1391
1 2387
1 1323
2 2478
2 825
2 2331
1 1281
1 1671
1 326
1 16
1 340
1 477
2 1501
1 1370
1 1025
1 1689
2 2023
2 2435
1 628
1 1603
2 1790
1 413
1 2480
2 957
1 1205
1 98
1 1863
1 2694
1 1582
1 1743
1 868
2 602
1 2038
2 187
1 1126
2 786
2 875
1 1155
1 2250
2 381
1 413
1 778
1 406
1 1091
1 803
1 2296
1 493
2 1634
2 51
2 2109
1 2572
2 1575
2 890
2 2751
2 389
1 13
1 1356
1 407
2 1025
1 242
2 2565
1 2409
2 2346
1 2477
2 763
1 2351
1 2552
1 1261
2 2213
1 962
1 1517
2 1074
2 2508
1 19
2 31
1 352
2 810
2 1303
2 216
2 1169
2 1315
2 2529
1 1584
2 23
1 2386
2 1394
1 935
2 1194
1 1992
1 1600
1 405
2 1110
2 2271
2 1799
1 1367
2 1316
2 1711
2 789
2 943
2 926
2 1916
1 240
2 770
1 480
2 923
2 1500
2 2224
1 2195
1 650
2 972
1 1237
2 2511
1 838
2 590
1 74
1 2419
2 2032
1 2160
1 1701
1 1498
2 1190
1 1199
1 1327
1 2056
2 1672
2 648
1 2245
1 1371
1 557
1 1698
1 2194
2 1882
2 133
2 2193
1 1956
2 2741
2 246
1 1561
1 431
2 765
2 2675
1 1703
2 1152
2 332
1 2776
1 1254
1 906
1 2635
1 1022
2 1650
1 1939
2 2378
1 639
2 1557
1 505
2 1799
1 1380
2 1461
2 1398
2 6
2 2779
1 1796
1 1227
1 1560
2 400
2 429
2 1738
2 1914
2 1304
1 1132
1 556
2 2206
2 524
1 1041
2 2271
2 2800
1 1065
2 980
1 198
1 1442
1 2106
1 265
1 206
2 635
2 1600
1 1601
1 2699
1 921
1 1227
2 2284
1 2262
1 1191
1 1669
2 1780
2 186
1 2252
1 1390
2 1940
2 2506
1 2487
2 502
1 677
2 891
1 2670
1 1129
2 1486
2 2037
1 687
1 2371
2 1016
2 2126
2 1453
1 1483
2 1628
2 1991
1 2407
1 2672
1 2706
2 2223
2 254
1 1871
2 767
1 1893
2 1153
2 994
2 1493
1 376
1 2719
1 2617
2 2476
2 1670
1 1662
2 2333
1 1450
2 1847
2 981
2 694
1 1938
1 1750
1 598
2 1565
1 1485
1 2254
1 1125
1 1300
2 2028
1 299
2 14
2 774
2 952
1 2514
1 1690
1 1635
1 1314
1 2347
2 237
2 393
2 529
1 1966
2 2449
2 2223
2 1234
2 399
1 330
2 95
2 831
1 1018
2 1800
1 97
2 1007
2 2472
1 1887
1 235
1 1521
2 2791
2 2773
2 2070
1 1877
2 844
2 1090
2 742
2 1574
2 866
2 696
1 1404
1 1426
1 2267
1 1080
2 2788
2 1393
1 1445
1 2218
1 1096
1 796
2 1062
2 2533
1 2159
2 762
2 2100
2 1734
1 2446
1 739
2 2173
2 1857
2 2339
1 125
1 2295
2 933
1 2665
1 77
1 2025
2 2438
1 405
1 2493
1 1005
1 1738
1 441
1 2369
2 1782
2 895
2 2685
1 212
2 2767
2 1686
2 2764
1 2038
1 893
2 1302
2 2554
2 1618
2 753
1 1791
2 888
2 1828
2 1803
1 2684
2 142
1 73
1 1649
2 1124
1 675
2 737
1 2619
2 2784
2 744
2 1543
2 2492
2 336
1 376
2 859
1 871
2 135
2 2604
1 1435
1 2359
1 795
2 989
1 1479
2 1017
2 294
1 437
2 271
1 1632
1 2357
1 1273
2 1170
2 1146
1 84
1 1270
2 1467
2 1512
2 262
1 1292
2 1942
2 2545
2 1152
1 907
1 2417
1 2521
2 624
1 2155
1 2428
2 1355
2 813
1 266
1 914
1 638
2 1677
2 2364
2 489
1 2718
2 1324
2 2035
2 901
1 1767
1 1909
2 1569
1 230
2 501
1 176
1 526
2 2455
2 2525
1 1845
2 1801
2 804
1 1703
2 2729
1 1639
1 2394
2 1851
2 2009
2 2543
2 372
1 772
1 681
1 2059
2 1932
2 1373
2 1913
2 1446
2 2353
1 1314
1 1409
1 1090
1 65
2 328
2 2733
1 100
1 1117
2 899
1 2298
1 297
2 794
2 1039
1 1279
2 854
1 2010
2 188
1 2104
2 1487
1 2749
1 154
2 374
1 2744
2 1878
2 321
2 452
1 750
1 2650
2 615
2 1717
2 1378
2 428
1 2328
2 2338
1 1026
1 1602
1 1280
1 1072
1 2000
2 423
1 272
2 18
2 2486
2 2000
1 230
2 2024
2 716
2 1319
1 1825
2 2523
1 2442
1 1310
2 1368
2 2043
1 435
2 1182
2 1259
2 2688
1 250
1 546
1 1097
1 1459
1 2742
1 185
2 361
2 1975
1 2249
2 787
1 350
1 2232
2 1924
1 2020
2 1171
1 2229
2 2679
2 2728
2 803
1 2132
2 2384
1 335
1 1207
2 1941
2 951
1 1087
2 1374
1 2630
1 2723
1 918
2 1995
2 2512
2 1884
1 2152
2 1386
1 600
1 2068
2 2638
2 2174
2 2426
2 861
1 481
2 1009
2 222
1 491
2 1698
1 529
1 2705
1 2787
1 964
2 2146
1 770
1 1946
2 1017
2 2094
2 67
2 1734
1 1111
1 745
2 1805
1 1003
1 615
1 2117
1 276
2 2065
2 498
1 1867
1 902
1 1354
1 1282
1 2580
1 2430
2 1594
1 2613
1 2089
2 2596
1 356
1 2083
2 1674
1 1494
1 2392
1 460
2 2320
2 2538
2 915
2 1595
1 1219
1 756
2 698
1 812
1 1704
1 1539
2 2488
2 804
2 1656
1 94
1 2366
2 2730
1 756
1 550
1 2724
1 2087
1 2180
2 990
1 2676
2 1429
2 2702
1 1670
1 1826
1 87
2 2755
1 1015
2 2741
2 2049
1 841
1 1319
2 1627
2 2026
1 1983
2 2601
1 2422
2 1058
2 1832
1 1994
1 2341
1 76
2 2740
2 227
2 745
1 1766
2 1733
1 1443
2 712
1 954
1 424
2 1217
1 187
1 2162
2 2566
1 444
1 2004
1 661
2 1639
2 1093
1 2395
1 1258
2 2703
2 2345
2 466
1 830
2 472
1 227
1 1452
2 1133
1 2047
2 779
1 1636
2 2798
2 670
1 1306
1 343
1 2052
2 1037
1 1559
2 1777
1 1802
2 2231
2 496
1 463
2 676
2 2336
1 959
2 1904
2 2352
2 593
2 982
1 1444
1 384
2 213
2 929
2 543
2 56
1 2465
1 2450
1 985
2 120
1 2414
1 2071
2 1930
2 317
1 2231
1 497
2 1133
1 1137
1 2171
1 2236
2 818
1 2326
1 2299
2 2428
1 863
2 1726
1 163
1 2151
2 140
2 1863
2 669
2 1179
1 2648
2 2560
2 654
1 667
1 2474
2 339
2 2771
1 845
2 2444
1 2388
2 712
1 1449
2 2489
1 707
2 2200
2 1226
2 1659
2 1778
1 3
2 1276
2 255
2 1413
2 368
1 812
2 1253
1 2248
2 1679
2 739
2 146
1 2763
2 738
1 842
1 2338
1 1777
2 2158
2 700
2 1530
1 69
2 353
1 1306
1 1181
2 987
1 922
1 1369
1 1807
1 192
1 1617
1 1998
1 2329
2 1456
2 2537
2 1436
1 2475
2 2161
1 2754
1 704
1 1528
2 1864
1 888
1 1835
1 2360
2 1737
2 2756
2 1565
2 1701
2 2241
2 2095
1 272
1 730
1 716
1 2460
2 28
1 63
1 2120
1 2256
2 1755
1 2569
2 2517
2 1968
1 82
1 1004
2 385
1 830
1 36
1 359
1 785
2 2001
1 1032
2 1901
1 1729
1 1702
2 2746
2 2677
1 1008
2 2705
2 2203
2 2317
1 1240
2 771
1 594
1 929
1 401
1 327
1 850
1 794
2 2118
1 537
1 1773
2 811
1 2108
2 516
1 1244
1 1737
1 2322
1 1229
2 1396
2 2659
1 1069
2 1393
1 2343
1 223
1 1200
2 2144
2 2636
1 2788
2 2122
1 1307
1 2561
2 2480
2 757
2 2159
2 2279
2 1002
2 2655
2 1144
2 856
2 870
1 2467
1 1256
2 646
2 1082
2 2710
2 662
1 898
2 351
1 728
1 1071
2 1665
2 1499
1 2396
2 1762
2 1212
2 1320
1 721
1 361
2 806
1 2634
2 2262
2 2651
2 939
1 793
1 2626
2 2710
1 893
2 2066
1 1245
1 1392
1 123
2 1426
1 908
1 1832
2 2085
2 1195
1 1849
2 788
1 659
2 2303
1 1149
2 880
2 1399
2 1354
2 1050
1 1177
2 1890
2 1299
2 184
2 2481
2 1177
1 221
1 254
1 1912
1 18
1 177
2 759
1 284
2 2177
1 266
1 108
1 31
2 1507
1 2230
2 1548
1 107
1 2135
1 70
1 2646
2 1179
2 2152
2 678
2 2662
2 724
2 344
2 2772
2 238
2 1895
1 1395
1 1186
2 2594
1 1377
2 1221
2 1567
2 1687
2 632
1 2123
2 359
2 1480
1 1180
1 320
1 1921
2 2753
1 2780
2 2247
1 2055
1 995
1 474
2 72
1 512
2 1885
2 600
1 36
1 1503
2 1438
1 82
1 1394
1 1960
1 1284
1 1920
2 45
2 2084
2 616
1 2081
2 815
2 608
2 445
1 2671
1 1418
1 231
1 1675
1 522
1 2612
1 693
1 275
2 1999
1 1138
2 966
1 1425
1 1813
2 800
1 822
1 2797
1 2716
1 1748
2 696
1 1992
1 166
1 440
2 1601
1 777
1 6
2 1831
1 263
2 2319
2 1057
1 1869
2 1661
1 513
1 408
1 1882
1 1530
2 1403
1 1174
2 417
1 1459
2 972
2 1609
1 564
2 2283
2 2300
2 430
2 742
1 2151
1 1745
2 1296
1 1682
2 577
1 1792
2 1079
2 1403
1 1861
2 1797
2 2498
1 506
1 1990
2 2440
1 1417
1 1951
1 2693
1 1320
2 965
2 860
2 137
1 2039
2 1387
2 2695
2 477
2 983
2 1816
2 79
2 1891
2 1016
1 1348
1 2581
1 2531
1 1235
2 678
2 748
2 260
2 80
2 2701
1 1270
2 1337
2 104
2 1723
1 572
1 1794
2 504
2 969
2 2042
2 872
1 2563
1 1858
1 1856
1 2354
1 2021
1 225
1 2268
1 2086
1 642
1 1945
1 2367
2 2475
2 2456
2 1123
1 924
1 1718
2 2298
2 1119
2 2135
1 1504
1 2486
2 2058
1 270
2 2181
1 697
1 1842
1 1989
1 707
2 608
1 249
1 1952
2 619
1 1645
1 1739
1 1969
1 1683
1 2251
1 2393
1 1525
1 1096
1 1587
1 1947
2 342
2 827
1 433
2 2592
1 524
1 1954
2 680
2 1157
2 2253
1 751
2 1396
2 2516
2 997
1 2213
1 2057
2 2166
2 1736
1 2470
1 2137
2 2292
1 2345
1 636
1 1051
2 439
2 595
1 578
1 24
1 1417
2 2794
2 1749
2 795
1 300
2 1690
1 1655
1 1523
2 356
2 1266
1 1891
1 40
2 1999
2 1647
1 932
1 2541
2 168
1 2169
2 661
2 1202
2 710
2 48
1 1248
2 791
1 558
1 887
1 2501
1 1518
2 2599
2 2569
2 1241
1 823
1 968
2 1476
2 2476
1 2389
1 1009
2 2380
2 451
2 2599
2 558
1 1285
2 1278
2 808
2 1941
1 2035
1 2735
1 1357
1 2344
2 619
1 402
2 718
1 400
1 1598
1 1005
2 2199
2 2771
2 2196
1 1483
2 1619
2 1847
2 711
2 39
2 93
1 614
2 733
1 652
2 2250
2 1819
1 369
1 1688
1 1076
1 111
1 2407
2 2685
1 2026
2 2389
2 375
1 233
2 1089
1 2789
2 2477
2 171
1 667
2 1958
1 1379
1 1861
1 482
1 1034
1 1785
1 1198
1 1452
2 1313
1 2760
2 117
2 2478
2 883
2 2691
1 504
2 1513
1 1907
1 1806
2 210
1 2490
1 1637
1 24
1 134
2 736
2 735
1 2511
1 2067
2 2462
1 322
1 2272
1 189
2 1414
1 1567
2 2058
1 2286
2 1027
1 21
1 2321
1 967
2 1288
1 996
1 2635
2 2460
1 2716
2 2618
1 717
1 755
1 409
1 2194
2 327
2 444
1 2417
1 732
2 1660
2 129
1 1091
1 1808
2 2166
1 38
1 1545
1 1945
2 2306
1 2027
2 416
1 1052
2 1934
2 1643
1 2233
2 1878
1 2105
1 2005
2 1976
2 2632
1 1267
1 1752
1 1876
1 620
1 647
1 2482
1 1420
2 1788
2 870
2 556
2 12
2 2215
2 986
1 1162
1 1302
2 2760
2 19
1 2500
2 2494
1 465
1 2286
1 2432
2 2630
2 2249
2 2220
1 2589
1 1060
2 628
1 1700
2 2204
2 1167
2 1951
1 257
2 1335
1 1541
2 1056
2 2700
2 1781
1 1468
2 1961
1 2627
2 864
2 1088
1 2778
2 1731
1 2719
2 1887
2 2408
1 1706
2 1285
1 2198
2 2385
2 2305
2 238
2 1410
2 2592
2 2184
2 2588
2 1076
2 1603
1 313
1 634
2 1470
2 1629
2 1902
2 775
2 2546
1 623
2 1224
1 1046
2 2661
2 1592
1 2408
1 1078
1 2593
2 1329
1 990
2 2111
2 2436
1 211
2 1520
2 1566
1 1928
1 1645
1 2471
2 138
2 1176
2 2737
1 2742
2 1139
2 90
1 1419
2 1147
2 264
2 2050
1 2195
1 843
1 1716
2 225
2 876
2 312
2 2725
1 419
2 811
2 2660
1 912
2 2402
1 2759
1 309
2 476
2 727
1 365
1 835
2 889
2 685
2 684
1 1263
2 1363
1 352
1 1078
1 2179
1 2748
1 2122
2 127
1 1430
2 802
2 217
1 1503
2 1907
1 941
2 655
2 1563
2 305
1 2360
1 1662
2 290
1 1103
1 38
1 33
2 2277
1 2042
1 1105
2 1607
2 1787
2 980
2 1092
2 1357
1 1961
2 583
2 1546
2 239
1 89
2 2382
2 665
2 1829
2 2124
1 2440
1 89
2 2362
2 565
1 1835
1 924
1 490
1 2052
1 1209
1 1187
2 2600
2 591
2 90
1 2423
2 128
1 2526
2 1760
2 315
1 2658
1 998
2 2085
1 165
2 2086
2 544
1 1931
2 862
1 956
2 2002
1 1311
2 229
2 2278
1 330
2 2619
2 2746
2 2049
1 2534
1 1260
1 1647
2 451
1 2574
2 530
1 1411
2 133
1 47
2 1949
1 713
2 1339
2 1674
2 720
2 2412
2 2244
2 11
1 1620
2 1573
1 2128
1 640
1 666
1 4
2 1477
2 675
2 2696
1 2708
1 1551
2 2258
2 424
1 632
2 1579
2 1521
2 2504
2 617
1 1672
2 2726
1 1996
1 724
1 1866
2 1345
1 1334
2 695
2 645
1 404
1 274
1 367
1 703
2 652
2 2715
2 1327
2 2612
2 2485
2 2327
2 2403
2 2597
2 303
1 1416
1 2335
2 175
1 1479
1 1276
1 1020
2 1754
2 1608
1 538
1 103
1 2473
2 2731
1 1392
1 1122
1 107
1 1056
1 1901
2 2770
2 212
1 414
1 2226
1 886
1 760
2 333
2 34
1 2498
1 620
2 2689
2 1528
2 954
1 1378
2 239
1 1631
1 2168
1 1538
1 1673
2 553
1 162
1 1365
1 85
1 1388
1 264
1 1772
2 1252
2 2288
2 1910
2 401
2 1789
1 618
2 1121
2 1903
1 584
1 363
1 594
1 2790
1 2264
2 1249
2 1833
2 1216
1 1599
1 243
1 1246
2 101
2 2340
2 2093
1 1029
1 1708
1 816
2 1852
1 2459
1 2483
2 1764
2 245
1 1776
1 2727
2 1220
1 1111
1 554
2 2667
1 1802
2 817
2 471
1 1105
2 2133
1 2537
2 102
2 1020
1 2419
1 116
1 2406
1 2127
2 2553
2 2072
1 1504
2 2607
1 2112
1 194
2 1623
1 610
1 1636
2 2577
1 507
1 1592
2 973
2 1954
2 575
2 2222
2 2400
1 897
1 226
1 27
2 418
1 144
1 1807
1 1217
1 1560
1 2127
2 2657
2 1792
2 1654
2 1031
1 1532
2 1814
1 2507
1 805
1 1501
2 799
2 492
2 1216
2 2099
2 1318
2 1406
1 320
1 2185
2 869
2 1412
1 1148
2 776
1 1685
2 2082
2 2077
1 2362
1 767
1 373
1 483
2 1208
2 1423
2 570
2 34
1 1618
1 498
2 375
2 1981
1 518
2 1366
1 496
1 1223
2 2762
1 1917
2 1021
2 1848
2 388
1 206
1 690
2 1718
1 2468
2 312
1 1218
2 159
2 1281
2 301
1 2659
2 1440
2 688
2 222
2 403
2 457
1 753
2 766
2 1943
2 2703
2 809
2 16
1 1680
1 1822
1 729
2 384
1 1940
2 2536
2 662
2 1400
1 1964
1 2542
1 2239
1 1576
2 1014
2 2495
1 653
2 2334
1 2096
1 1346
1 609
2 2661
2 1334
2 1664
1 198
2 448
1 2031
2 2311
1 1770
1 1170
1 2575
2 2104
1 2227
1 940
1 1006
2 1844
1 2232
2 286
1 1022
1 2272
2 2585
1 1769
1 2095
1 2331
1 1989
1 950
2 761
1 1185
1 796
2 2529
2 1197
1 393
2 549
2 2763
2 637
2 436
1 701
1 1497
1 1330
1 2415
2 2423
2 1978
1 1326
2 1117
1 947
2 1574
1 663
1 534
2 1271
1 2596
1 927
1 523
2 2412
1 2682
1 743
2 1713
1 2735
2 2595
1 1262
1 1282
1 338
2 1648
1 2322
2 1820
2 2315
2 2697
2 1135
1 2064
1 1559
1 810
1 1421
1 709
2 552
2 1173
2 2091
1 1612
2 1382
2 2207
2 29
1 173
2 1713
1 722
2 2640
2 2320
2 2656
2 2367
2 2756
1 2392
1 1908
1 2748
1 599
1 371
2 2623
2 1481
1 1331
1 777
1 714
2 1936
1 617
1 545
1 480
1 1513
1 890
1 1854
2 1240
2 161
1 2725
2 1332
2 35
2 942
2 1293
2 1047
2 193
1 1699
2 2172
2 244
2 219
2 2765
2 937
1 726
1 1156
1 1400
2 856
1 706
2 115
1 2317
2 2187
1 241
1 1697
1 381
2 2515
2 1237
1 1506
1 819
2 205
1 798
1 1491
2 968
2 2479
2 1397
1 2406
2 2063
1 62
2 882
2 629
1 977
2 2517
2 1602
1 1904
1 438
2 873
1 1810
1 2376
1 2745
1 426
1 2624
2 456
1 1201
2 1157
1 2689
1 2092
2 1099
2 1068
2 768
2 1953
1 1343
2 1373
1 366
1 1278
2 2420
1 224
1 2263
2 1727
2 1416
2 1933
2 2238
2 802
1 303
2 2438
2 889
2 99
2 1571
1 1095
2 1588
2 1256
1 76
2 2754
2 2150
1 1627
2 1169
1 800
1 197
1 569
1 635
2 708
2 422
2 543
1 1127
2 2473
2 2197
1 1171
2 2016
2 2314
2 307
1 2718
1 626
2 2062
2 1885
1 2189
1 1838
2 256
2 1236
2 109
1 1624
1 2540
2 2034
2 2059
1 311
1 2518
2 487
1 167
1 462
1 1700
2 2404
1 421
2 17
1 319
2 2329
1 241
2 1200
2 259
1 998
2 1191
1 55
1 1572
1 2736
2 1339
1 403
1 2238
1 1155
2 949
2 455
1 92
1 2283
2 2797
2 862
1 837
1 1502
2 1372
1 488
2 475
1 946
1 41
1 1363
1 2452
2 1534
2 2413
2 2551
1 1454
2 2141
2 1728
1 2163
1 591
1 751
1 2094
1 710
2 1192
2 1477
2 995
2 914
1 1089
2 1591
2 1294
2 2154
1 2308
1 531
2 2437
1 1676
1 1289
1 1
2 2107
2 1484
2 416
1 722
2 848
1 1578
2 1193
2 1681
1 503
1 2799
1 1505
2 281
1 650
1 279
2 951
1 2578
2 2668
2 2713
1 2002
2 396
2 5
1 326
2 311
2 196
2 1663
2 1156
2 158
2 2399
2 2143
2 562
2 2723
2 1112
1 252
2 2729
2 1903
1 2712
1 2077
2 168
2 1743
2 906
2 1365
2 204
1 1053
1 487
2 970
1 896
1 2489
1 139
2 1202
1 1721
1 1937
1 944
1 75
2 948
1 1909
1 2678
2 2221
1 1042
1 1915
2 103
2 1349
2 1753
2 466
2 2759
2 1741
2 1518
1 805
1 2545
1 2318
2 581
1 1480
1 1066
1 1423
2 1975
2 1967
1 2530
1 323
1 234
1 1036
1 1032
2 1731
2 185
2 2585
2 1064
1 2492
1 1353
2 159
1 336
2 1192
1 1699
1 955
2 123
2 2606
1 1034
2 1551
1 1164
2 2464
2 518
2 1401
2 297
1 1344
1 415
2 1889
1 145
1 519
1 2789
1 2084
1 1052
2 2186
2 479
2 1174
2 1043
2 2644
2 506
1 1735
1 864
1 388
2 2
2 2535
1 368
2 976
1 1997
2 960
1 1086
2 2054
2 1316
2 2560
1 2079
2 1599
2 2620
1 1030
2 126
1 2267
2 2226
2 1955
2 98
2 1980
1 1345
2 2140
1 746
1 1510
2 949
2 928
1 75
2 839
2 1786
2 1519
2 1343
1 671
1 844
2 749
1 1631
2 200
1 2044
2 1330
1 1154
1 2302
1 1839
2 1715
1 2655
1 1308
2 729
1 2707
2 1473
1 1287
2 2467
1 2615
1 1634
1 1234
1 2625
1 128
2 387
1 306
2 1382
2 1185
2 357
1 250
2 2390
2 839
1 1630
1 495
1 1041
1 1488
2 1915
2 633
1 1899
2 943
2 2426
1 195
2 2648
1 1159
1 2544
1 603
1 975
1 1964
2 962
1 2115
2 1558
2 1168
2 35
2 2722
1 2792
2 2682
1 2012
1 1027
2 360
1 861
2 679
2 1615
2 2102
2 1514
2 1436
1 1018
2 978
1 1118
2 1515
2 1668
2 290
2 1952
1 84
1 689
2 1261
2 1038
1 1949
2 274
1 708
1 977
1 1583
1 728
2 536
2 2378
2 2211
1 2621
2 273
2 2390
1 500
2 1114
2 1321
1 2289
2 2235
1 1857
2 2178
1 2666
2 1381
1 829
2 1881
1 534
2 1881
2 1189
2 692
2 1161
1 1536
2 544
2 985
2 2762
1 1
2 638
1 119
1 389
1 91
1 1922
1 948
1 1181
1 1642
1 1598
2 2623
1 2141
2 2421
2 120
2 997
1 155
1 2646
2 2794
2 922
2 1439
1 631
1 144
2 2310
2 2496
1 880
2 611
2 2591
2 1612
2 819
2 2777
1 567
2 829
2 1576
2 826
2 2379
2 2781
1 1827
1 2384
2 2620
2 1381
1 2098
2 2121
2 2521
1 2137
2 1337
2 374
2 42
2 1342
1 1751
2 2570
2 2017
1 2313
1 1033
1 2449
1 1380
1 807
1 2003
1 2450
2 1727
1 136
1 930
2 1145
1 825
2 940
2 37
2 1628
2 1593
2 8
2 1664
2 938
1 630
2 125
2 2549
2 1427
2 1896
2 1104
2 1892
2 2060
1 837
2 1658
1 612
2 2090
2 2321
2 1147
1 699
1 676
1 2130
2 1186
1 2028
2 2230
1 681
1 382
1 169
2 2388
1 1188
2 2571
2 2411
2 1197
1 1264
1 2770
2 1446
2 218
2 2005
1 1696
1 2252
2 436
1 1983
2 1550
2 1333
2 817
2 1604
1 2008
2 1079
2 425
2 2603
1 234
2 585
1 2422
1 854
1 876
2 1376
2 33
2 2673
1 2626
2 1158
1 2365
2 2664
2 1630
1 649
1 1710
1 1794
2 2190
1 1918
1 2679
2 2504
2 1132
1 585
1 1508
1 2032
1 1391
2 2202
2 474
2 345
2 1812
2 263
2 2033
1 1905
2 1760
2 1858
2 2555
1 2303
2 2674
2 344
2 2071
2 2597
2 1215
1 1697
1 2550
2 2793
2 1506
2 47
1 2708
1 945
2 592
2 1705
1 1489
1 1804
1 2653
2 902
1 671
2 952
1 1245
1 1114
2 1469
2 2050
2 2401
2 1726
2 379
1 1870
1 224
1 855
1 232
1 1496
1 1733
2 52
2 1869
1 2148
1 1107
1 2011
2 2400
2 497
2 879
2 105
2 2372
1 2355
2 2175
1 1437
1 783
2 2447
1 1582
1 2284
2 1706
1 491
2 2704
2 156
2 828
1 1471
2 2099
1 2410
1 2107
2 563
1 2405
1 1144
1 763
2 1905
1 897
1 1879
2 1407
2 54
1 2170
2 280
1 341
2 2393
2 1575
2 2683
2 690
1 2017
2 236
1 71
1 41
2 2147
2 1210
1 744
2 67
2 781
2 852
2 2800
1 1493
2 153
2 2125
1 346
2 2734
1 1458
1 397
2 1044
2 421
2 1867
2 1001
1 895
1 1789
1 49
2 1160
1 2117
2 2520
2 1553
1 2212
1 1950
2 240
1 2342
1 548
2 2694
2 1838
2 214
2 307
2 1006
1 296
1 333
2 1102
2 1206
1 322
2 1138
2 1855
2 885
1 1410
2 1693
1 1950
2 840
1 1460
1 2643
2 1505
2 1633
2 1275
1 2275
1 2468
2 2734
2 1190
2 1966
1 473
2 1094
2 1498
2 1547
2 754
2 2340
1 1408
1 785
1 439
2 1929
1 647
1 391
2 2110
2 1346
2 1101
1 1207
1 2051
2 904
1 1880
2 2276
1 841
1 1935
2 2505
2 1981
2 1305
2 1113
2 2413
1 1823
2 894
1 586
2 1326
1 2030
1 527
2 469
2 2528
1 1196
2 912
1 1287
1 190
1 2602
1 2632
2 1744
1 984
2 2570
2 2222
1 2686
1 1085
2 797
1 93
2 43
1 2587
1 1849
1 2683
2 2258
1 2054
2 2540
2 104
1 1538
1 1652
2 291
2 782
1 2674
1 1039
2 468
1 2700
2 2459
1 2274
2 2101
1 302
2 304
2 779
1 285
1 461
2 938
2 1995
2 131
2 1971
2 2003
2 1527
1 2484
1 928
2 2740
2 1108
1 2651
2 100
1 1081
2 2040
2 464
2 2181
2 1474
1 2332
2 1462
1 640
2 452
2 2131
1 769
1 2747
1 335
1 404
1 2153
2 1187
1 252
1 834
1 1956
1 2629
2 2016
2 348
2 1831
1 507
1 1486
1 2130
1 1204
1 1787
2 992
2 1359
2 1620
1 781
2 538
1 522
2 545
2 845
1 108
2 2364
2 1142
2 939
1 2456
1 2429
2 2349
1 1611
1 1242
2 318
1 960
1 1865
1 457
1 1654
2 2070
1 961
1 1160
1 2072
1 1597
2 603
1 858
2 449
2 719
2 343
1 196
1 1434
2 282
2 1249
1 2608
2 1508
1 1080
1 2312
2 1851
2 1304
1 1533
2 1605
1 49
2 56
1 1128
1 7
1 993
2 1130
2 1913
2 958
2 2087
2 1568
2 475
1 2163
1 673
2 1626
1 1225
1 2114
1 1888
1 1841
2 1638
1 1328
1 1151
1 555
2 1843
1 910
2 1236
1 2668
1 846
2 966
1 1348
2 1466
2 2373
2 183
1 2221
1 1012
1 1623
1 1444
2 656
2 2324
2 1263
1 528
2 60
2 734
1 1289
1 2259
1 2556
2 2208
1 1974
1 50
1 1322
1 2225
2 1880
1 735
2 124
2 1336
2 911
2 2153
2 1451
1 2584
1 1411
1 1529
1 900
2 1269
1 1826
1 210
2 1023
2 1489
2 680
1 1809
2 1991
1 1653
2 1533
2 941
2 808
1 2548
1 806
2 2513
2 276
1 2743
2 1934
1 2695
1 348
1 925
1 1965
1 731
1 2366
1 139
1 174
2 755
2 1205
2 141
2 2608
1 1274
1 766
1 898
2 2779
2 1389
2 919
1 1145
1 169
2 1419
1 629
2 386
2 1803
2 578
2 1283
2 1116
1 377
1 78
1 621
2 2036
1 2076
2 1778
1 48
2 799
1 122
1 1046
1 842
1 202
1 909
2 1149
1 269
2 2769
1 2209
1 20
2 1546
2 1251
1 1606
2 2287
2 560
2 634
2 1120
1 291
2 1917
2 814
1 166
1 598
1 918
2 2672
2 1556
2 2490
2 179
1 757
1 2691
2 502
1 511
1 525
1 358
2 607
2 674
1 1786
1 315
1 1872
1 878
1 111
1 1817
2 2564
1 2443
1 1255
1 584
1 1290
1 2348
2 682
2 334
2 154
2 1414
2 1932
1 1712
2 417
2 2436
1 597
1 1537
2 1180
1 2799
2 435
2 1542
2 832
1 1435
2 1562
2 2246
1 553
2 2610
1 1257
2 672
1 1228
1 1948
2 1252
1 81
2 582
1 2539
1 1065
1 2139
2 2397
1 1233
1 2386
1 217
1 1855
2 655
1 1213
1 1666
1 2140
2 277
1 2015
2 2198
2 1595
2 2328
2 2220
2 1434
1 1309
2 866
2 2442
2 62
1 1222
1 1580
1 2445
1 917
1 2064
2 2079
1 1531
1 2297
1 253
1 1092
1 1085
2 1087
1 2641
1 2752
2 2241
1 871
1 702
2 1717
1 1210
1 2660
2 2785
1 672
1 355
2 1497
2 2522
1 1741
1 705
1 818
1 1959
1 184
1 25
2 1752
2 60
2 772
1 1324
2 1919
1 1804
1 2532
2 2375
2 2402
1 670
1 1003
2 2782
2 604
1 1499
2 533
2 355
1 462
2 1500
1 1106
2 1883
1 1722
1 526
2 370
1 2145
2 2014
1 568
1 447
1 2066
2 1712
1 1694
1 428
2 251
2 1019
2 1756
1 2398
2 2168
1 627
2 2556
1 2176
1 153
1 1158
1 45
1 1923
1 867
2 1274
2 532
1 2774
2 1594
1 1596
2 1352
1 1509
2 2044
2 1853
1 1002
2 299
1 1000
1 561
2 2311
2 566
2 1943
2 88
1 882
1 1010
1 2041
1 1042
2 727
2 2326
2 1552
1 1136
2 2503
1 1399
1 346
2 1721
2 760
1 1279
2 2429
2 2677
1 514
2 835
2 2465
2 2675
1 2011
2 1430
2 1691
2 2583
1 1544
2 2704
2 385
1 719
1 2647
2 2383
1 1312
2 860
1 419
1 488
1 1358
2 637
2 2536
2 2706
1 1030
1 2251
1 190
2 539
2 91
2 57
2 631
1 151
1 877
1 905
2 1671
2 1062
2 702
1 1894
1 95
1 170
1 1977
1 325
1 237
1 164
1 295
1 2562
1 2645
2 679
1 1821
1 1383
2 2282
2 2013
1 2219
1 2377
2 2090
1 1286
2 2069
1 1073
1 664
2 1232
2 828
1 2701
1 80
1 382
2 132
2 869
2 2653
2 2690
1 2418
2 567
1 2036
2 2611
1 61
1 1031
1 2051
1 2128
1 1853
2 1519
1 691
2 143
2 394
2 970
2 714
2 178
2 1906
2 9
2 2633
2 663
2 2403
2 484
1 2433
1 2758
2 1708
2 1830
1 1610
2 627
1 347
2 942
1 1730
2 231
1 539
2 1522
1 851
1 2409
1 1876
2 357
2 1420
2 1644
1 460
2 1590
2 1665
2 1711
1 2554
2 371
2 158
1 987
1 193
2 1351
1 2333
1 1784
2 1815
2 533
1 2594
2 2354
2 1764
1 2125
1 607
1 2550
2 2363
2 1692
2 2240
1 2020
2 181
2 1556
1 1553
1 2096
1 713
1 1653
1 1763
1 1785
1 2197
1 761
2 1919
2 1409
1 1242
1 2604
1 1759
2 2614
2 21
1 2639
2 601
2 499
2 1638
1 2382
1 699
2 2431
2 1318
2 1303
1 349
2 1332
2 373
2 2665
2 2420
1 2192
1 1036
2 434
1 199
1 1846
2 442
1 1798
1 2395
2 1539
1 2129
1 1347
1 9
2 69
2 406
2 1554
2 232
2 903
2 1374
1 268
1 2692
1 2155
2 65
1 2380
2 282
2 1405
2 2453
1 10
1 2552
1 2768
1 261
2 622
1 944
2 1254
2 281
2 1448
2 347
2 1985
1 2617
2 2479
1 935
2 1172
1 1775
1 2720
1 1680
2 1108
2 2652
1 216
2 1267
2 2335
1 2416
2 2261
1 1953
2 1464
1 423
2 660
1 1211
2 412
1 1130
1 2451
2 1413
2 2287
1 2285
1 2766
2 1028
1 1241
1 1683
2 1722
2 2162
1 447
1 1196
1 284
2 1783
1 559
2 2142
1 2727
2 2488
2 1793
2 833
1 2738
1 1586
2 306
1 1173
1 1007
1 2013
2 1825
1 2713
1 575
2 2483
2 658
1 215
2 673
2 1568
1 1098
1 1742
2 1694
2 974
1 996
1 833
2 2246
2 848
1 2327
2 2415
2 668
1 208
1 561
2 313
2 737
2 851
2 1239
1 967
2 2792
2 1055
2 847
1 686
2 2187
1 2738
1 1761
1 2527
2 114
1 2500
2 2581
2 1516
2 784
1 1139
2 2055
1 2188
2 604
1 2119
2 2205
2 2711
2 1308
1 2692
1 1773
1 1537
2 1457
2 2014
2 645
1 1918
2 2645
2 2057
2 1622
2 1659
1 2193
1 1284
2 1194
1 395
1 2164
1 1269
2 442
1 2157
1 2315
2 947
1 2115
1 2786
2 688
1 11
2 1622
1 2277
1 1053
2 2106
2 2356
2 1432
2 1759
2 270
2 472
1 592
1 1116
2 2790
2 1230
1 2720
1 1412
1 1675
2 157
1 2149
1 1061
1 1542
1 118
2 2347
2 971
2 2082
2 2772
2 2379
2 2624
1 2075
1 2780
2 1176
1 468
1 2201
1 1466
2 2513
2 1632
1 2446
2 192
2 813
2 1788
2 689
2 1125
1 2191
2 1201
1 1577
2 247
1 360
2 1225
1 2582
2 510
1 316
1 1768
1 685
2 1769
2 37
2 2424
2 1250
1 1864
1 39
2 2305
2 1067
2 2663
1 461
1 2642
2 2410
2 2131
1 387
2 2103
1 1084
1 1465
1 2744
2 450
1 1310
1 614
2 2150
2 44
1 1621
1 736
2 2543
1 899
1 1725
2 2686
1 1223
1 304
2 2566
1 2304
1 2671
1 1990
2 1678
1 1266
2 1658
2 147
1 1298
1 1976
1 1809
1 2029
1 2642
1 287
2 1837
1 1834
2 1301
1 1292
2 1447
2 2549
1 2201
2 1246
2 1512
2 1596
1 364
2 659
1 2557
2 741
1 2796
1 248
1 1387
1 2291
1 1757
1 147
1 2043
1 1758
2 1541
2 2290
2 2441
1 1898
1 1800
2 378
1 2219
1 2524
2 298
1 129
1 2786
2 1588
2 1472
2 562
1 2621
2 1198
1 2214
1 1585
1 2214
1 1779
1 1455
1 219
1 2078
2 1846
2 1986
2 2553
1 686
1 1101
2 455
1 59
2 878
1 2584
2 1182
1 1011
1 2576
2 2512
1 2065
1 2698
1 2538
1 992
1 857
1 2240
1 2285
2 66
1 1124
2 323
2 1134
2 1749
1 2164
1 1584
2 1109
2 963
2 2257
1 853
2 1445
2 991
1 1143
1 1040
2 2375
2 1360
2 1744
2 1526
2 2565
2 1492
2 143
1 2255
2 2470
2 683
1 843
1 868
2 1758
1 1910
2 2425
2 88
1 1088
2 1312
2 2156
1 319
2 1815
1 2352
2 1739
2 1707
2 1322
1 383
1 1209
1 1286
2 257
2 2212
2 1012
2 2434
1 443
1 1988
1 1762
2 2126
2 1024
1 1765
1 610
1 1644
1 2458
1 471
1 271
2 1277
2 2447
1 2188
2 2485
2 2586
1 1213
2 2210
2 2337
2 116
2 209
2 883
1 1309
2 945
1 390
1 542
1 1754
1 482
1 438
1 2265
1 2394
2 2783
2 1112
2 1262
2 2018
1 2448
2 278
2 399
1 1616
2 1268
2 1474
2 1456
1 791
1 15
1 278
1 1629
2 1122
2 1230
2 1947
1 1119
2 2722
2 78
1 2441
1 334
1 28
1 1163
2 1998
2 351
1 1535
1 588
1 1126
1 476
1 2259
2 214
1 1715
2 29
1 917
2 2680
1 908
2 1657
1 2330
1 2525
2 989
1 2205
2 2356
1 2217
2 1985
2 1684
1 2202
2 2491
1 909
1 2606
1 723
1 1265
2 1104
1 2782
1 725
2 580
1 2176
1 759
1 787
2 2381
1 2385
2 1962
1 1255
1 1440
2 191
1 2108
1 2015
1 51
1 2469
1 294
2 773
1 17
1 1894
2 2728
1 953
1 1862
2 2083
2 8
1 204
2 1140
2 2769
1 2268
2 2063
1 894
2 570
2 2647
1 2027
2 1893
1 1482
1 1605
2 1756
1 1720
2 15
2 1465
1 2245
2 2170
1 1782
1 1641
1 2503
1 979
1 790
1 905
1 1390
1 1001
1 1150
2 1068
2 454
1 531
2 2270
2 2629
1 186
1 1745
1 1732
2 547
1 2045
1 684
2 30
2 2628
1 1341
2 2302
1 2235
1 1707
2 1936
1 1098
2 1484
2 2622
1 1984
1 2206
2 657
2 1063
1 1781
2 427
1 2590
1 1649
2 1811
1 2439
2 2370
1 2316
1 342
1 2089
1 102
1 221
1 901
2 354
2 1571
2 920
2 1478
2 1679
1 1748
2 1377
2 1288
2 10
1 180
2 1013
1 1059
1 2067
1 1496
2 1429
1 2796
2 2618
1 1214
1 984
1 223
2 2662
1 590
1 1024
1 485
2 2291
1 528
2 1583
1 907
1 1536
2 1415
1 113
2 2355
1 2669
2 2649
2 366
1 836
1 2522
2 515
2 1772
2 1886
2 644
2 1667
2 641
1 1933
1 32
2 392
2 1142
1 2147
1 705
2 517
1 2239
2 865
1 1383
1 2142
2 500
2 535
2 1900
1 700
2 99
1 1140
2 2022
1 752
1 2571
1 2310
1 283
1 441
2 445
1 2368
2 1229
2 2773
2 1000
2 2323
1 2010
2 2270
2 1642
1 1937
2 140
2 1770
1 698
2 114
2 884
1 1055
2 469
1 969
2 434
2 993
2 656
1 1457
2 1524
2 1967
2 1492
2 1549
2 660
2 2462
1 87
1 1431
2 1740
1 1564
1 467
2 2527
2 1029
2 2768
2 2173
1 904
1 2530
2 1258
2 2088
1 916
1 2134
2 2297
2 1590
2 1791
1 121
2 2452
2 2610
2 2502
1 440
1 1422
1 2461
2 2775
2 370
1 2209
2 383
1 1843
2 353
2 1821
2 2631
2 563
2 220
1 2040
1 178
2 915
2 215
1 973
2 1044
2 1321
2 1873
2 2203
1 1447
1 256
2 1102
1 2006
2 2709
1 293
1 515
2 2644
2 1798
1 1301
1 248
2 1928
2 931
1 2505
2 958
1 820
1 2637
2 189
1 1968
2 1673
1 473
1 40
2 1514
2 2167
2 2191
2 265
1 2093
2 1779
1 2664
2 2091
2 2463
2 429
1 407
2 1433
1 2019
1 26
1 2308
1 2145
2 1395
2 2139
2 59
2 1959
2 1097
1 720
1 1766
1 1637
1 2539
2 1607
2 2234
2 1070
1 1736
2 1151
1 465
2 512
1 1511
1 1238
1 2524
2 838
1 1561
1 1035
1 2266
1 431
2 1153
2 2215
2 1360
1 1997
2 959
2 2401
2 1616
2 1572
2 1751
2 2577
1 2641
1 1441
2 2654
1 508
2 2643
1 64
2 235
2 1100
1 2614
2 786
1 1828
2 483
1 773
1 1233
1 881
2 2544
1 1899
2 2669
1 2248
2 749
2 262
2 390
2 1148
1 2269
2 1014
2 1407
2 1925
2 2113
2 546
2 13
1 576
2 2254
1 2120
2 1385
2 378
2 489
1 1043
1 651
2 1437
2 175
2 1920
2 732
2 177
2 1184
1 820
2 398
1 2600
1 1879
1 2263
2 1577
2 1979
1 329
2 540
1 277
1 1548
2 2109
1 2029
1 1650
1 1916
2 229
1 1686
2 2574
1 2684
1 1852
1 583
2 150
1 1175
2 649
2 1742
1 1581
1 725
1 1070
1 2559
1 964
1 1682
2 57
1 2757
2 2656
1 754
2 1268
1 1045
2 1490
1 1015
1 1613
2 1443
2 2568
2 54
1 485
1 245
1 2363
2 1780
1 2587
2 1397
2 454
1 1449
1 2175
2 1299
2 426
2 1854
2 1415
2 1253
2 2777
1 2595
1 456
2 2747
2 1361
2 1323
1 32
1 372
1 1696
1 758
2 797
1 1719
1 1427
1 458
1 644
2 25
2 566
2 1509
1 1300
1 324
1 1883
2 606
1 613
1 1663
1 459
2 138
2 295
2 1765
2 1019
2 1969
2 1902
2 2680
1 641
1 2183
1 2749
2 1812
2 505
1 395
2 1060
1 1784
1 2670
1 1982
2 2189
1 630
1 651
1 551
1 2757
1 2690
2 1823
2 934
2 1203
2 1045
1 391
2 2304
2 467
1 325
2 1693
2 665
1 2625
2 850
2 2365
2 2136
2 2732
1 2399
1 96
2 769
1 1897
1 2031
1 1709
2 1555
2 2535
2 1935
2 296
1 1189
1 408
2 2169
1 1705
1 1740
1 1897
1 1714
1 1347
2 1356
1 2418
2 1621
1 218
1 251
1 587
1 1075
2 2288
2 22
1 149
2 2237
2 2
1 162
2 2774
2 1081
1 1532
1 664
2 1163
1 1368
1 2092
2 1064
1 1586
2 965
1 242
1 1668
2 2023
2 1783
1 494
1 613
2 643
1 1408
1 2616
1 853
2 1865
2 1930
1 900
2 1619
1 1730
1 520
2 849
1 1656
1 1013
1 2289
1 1502
2 1008
2 1384
2 432
2 53
1 394
2 1911
1 213
2 2558
2 1295
2 2499
1 1404
2 2075
1 1962
1 1093
2 523
2 551
2 832
2 826
2 1165
1 77
2 2073
1 1579
1 527
1 2433
1 2112
2 2396
2 1973
2 1077
1 2190
2 2673
2 530
2 314
1 1702
2 1462
1 2177
1 2007
1 1491
2 30
2 571
1 1625
2 704
2 625
1 1688
1 96
1 1589
2 2004
2 2717
1 316
2 1958
1 1293
2 1222
1 2154
2 101
2 780
1 27
1 554
1 1856
1 2471
1 721
2 1460
2 815
1 1401
2 181
2 308
2 2437
2 463
1 1604
1 2755
1 1906
1 321
1 913
2 1059
1 2558
1 2588
2 1757
2 1371
1 892
1 1074
2 550
1 2764
1 1367
1 775
1 253
2 2269
1 2224
2 1137
2 362
1 1021
2 574
2 2510
2 191
2 1746
1 2253
2 2229
2 2167
2 717
1 1342
1 2208
1 792
1 273
2 982
1 762
1 2225
1 2528
1 1549
2 2124
1 2637
1 1970
2 2236
2 1023
1 1725
2 1973
1 2325
1 1283
1 202
1 513
1 1212
2 449
2 228
2 2074
2 2353
2 1054
1 2374
1 1167
1 310
1 197
2 1993
1 1939
2 1095
2 718
2 1463
2 174
1 1774
1 1260
1 2640
2 1183
1 1232
2 1640
1 2337
1 743
2 1349
2 2148
2 415
1 2575
1 1735
1 1103
1 170
2 267
2 1927
1 1146
1 569
2 292
2 2591
1 2404
2 2580
1 1206
1 411
1 885
2 2068
1 1353
2 1614
1 1884
2 1247
2 1624
2 2344
2 2443
1 1135
1 571
2 589
1 2733
1 1922
1 747
2 72
1 244
2 2018
2 1451
1 134
2 1470
1 2273
1 308
1 1471
1 1359
2 2717
1 44
1 63
1 1188
1 747
2 2339
1 74
2 1716
1 249
1 2134
2 913
1 182
1 2657
1 933
2 1709
2 2346
2 66
1 1458
2 2516
1 789
1 2546
2 2024
2 682
2 519
1 86
1 2557
2 317
2 1106
2 1168
2 957
2 2227
1 2179
1 1926
2 2432
1 2034
2 2348
1 2182
1 2183
2 1083
1 771
2 233
2 1695
1 921
1 2602
2 105
1 298
1 117
1 1597
2 283
2 2776
1 2781
2 1994
1 715
1 2454
1 1361
1 1231
1 20
1 1375
1 1558
1 1888
1 179
2 2753
2 1264
2 141
2 1468
2 1573
2 1136
1 2146
1 2487
1 2119
1 2724
1 2633
2 807
2 2351
2 1774
1 2391
2 597
1 1251
2 1128
2 70
2 1243
1 182
1 414
2 1640
2 1729
2 1271
2 1051
1 1580
2 2510
2 1923
2 1609
2 1141
1 1747
1 2165
1 118
2 1728
1 596
1 1704
1 2293
2 2431
1 936
1 1388
2 1203
2 1204
2 1063
2 2427
1 22
1 1689
2 1028
1 2103
1 2444
1 1184
1 2301
2 2368
1 693
2 2613
1 364
1 7
1 612
1 2481
2 798
1 194
1 2784
1 1646
1 697
1 243
2 1657
1 788
2 136
1 1875
2 2357
2 1691
1 2299
1 453
2 208
1 2712
1 752
2 1860
2 156
2 2341
2 1290
1 2138
2 1554
2 1978
1 2306
2 2045
1 2274
1 349
2 1938
1 701
1 337
2 2300
1 611
2 2307
1 1796
2 1747
1 1280
1 572
1 1355
2 50
2 1820
2 369
1 211
2 1822
1 2048
2 150
1 2532
1 692
1 410
2 97
1 2001
1 547
1 205
1 1834
1 2060
1 2256
2 1350
1 2586
2 1898
1 1238
1 1646
1 55
1 927
2 2687
1 1344
2 2292
2 950
1 657
1 1473
2 1824
2 2255
1 521
2 1384
2 2795
1 1351
1 2455
1 932
2 207
1 171
2 2313
1 1211
2 1120
2 2100
1 52
1 999
2 691
1 1692
1 2531
2 392
1 2021
2 420
1 731
1 362
1 790
1 765
2 2196
1 1859
2 5
2 2534
1 2319
2 625
1 1543
2 1793
2 285
1 2323
2 1066
2 1719
2 1617
2 1836
2 859
1 2278
1 706
1 380
2 1795
1 748
2 433
1 1328
2 1850
1 587
2 1763
1 2721
2 2425
1 411
2 2605
2 2097
2 668
2 896
1 2383
2 1049
2 2276
2 68
2 1338
1 517
1 58
2 1067
2 2144
2 338
1 1455
1 1275
1 1033
1 2280
1 865
1 152
2 983
1 2439
1 1859
2 2715
1 1613
2 1829
1 1641
2 1123
2 2752
1 1049
2 2405
2 1535
1 2369
2 345
1 402
2 975
2 1485
2 12
1 1836
2 73
1 337
2 1525
2 2652
1 110
1 1428
2 68
1 203
1 2243
1 1977
2 1816
2 422
1 1768
2 1448
2 2324
2 911
2 2424
2 1362
2 821
1 292
2 1819
2 1678
1 2358
1 2622
2 501
2 1840
1 971
2 1218
1 1873
1 920
1 582
2 1833
1 956
2 1520
2 1325
1 2199
1 559
2 1564
2 2361
1 1178
1 280
1 2666
1 1313
2 1924
2 2448
2 1418
1 1352
1 2793
1 173
2 2464
1 532
1 58
1 2751
2 2264
1 2605
2 1226
1 2548
1 602
2 2561
2 418
2 1406
2 991
1 267
2 2370
1 579
1 1127
1 852
2 2714
2 1431
1 1685
2 2275
1 552
2 2787
2 2497
1 1892
1 2008
1 354
1 2739
1 1926
2 1077
2 874
1 226
2 1379
1 588
2 1839
2 470
1 1921
1 1244
2 821
1 1224
1 1220
2 157
2 782
1 412
1 2555
2 1562
1 609
1 1461
1 340
2 1652
2 1424
2 2047
1 2501
2 258
2 2030
2 1442
2 1058
2 1522
2 1547
2 2758
1 200
1 1732
1 2387
1 2048
2 511
2 1121
2 2088
2 2336
2 1931
2 733
1 453
1 2371
1 1315
1 636
2 2294
2 2783
2 999
2 145
1 2247
2 1767
1 275
2 358
1 822
1 2033
2 1585
1 2523
1 557
2 2325
1 2006
2 2573
1 1115
2 2149
1 2414
1 1814
1 1159
1 1475
1 695
2 979
2 1110
2 4
2 112
1 1860
1 300
1 2761
1 1986
1 331
1 2563
2 768
1 723
1 207
2 1710
2 172
1 823
1 847
2 1724
2 427
2 1610
1 2157
1 2182
1 113
1 1957
2 2053
2 2518
2 1524
2 2739
2 2709
1 916
2 1086
2 2631
2 2697
1 937
1 1811
2 26
2 1566
1 2330
1 1481
2 1563
2 2541
1 616
2 827
1 2273
2 261
2 1476
1 2495
1 459
1 1432
1 1614
2 2598
1 1428
1 2061
1 2318
2 1178
1 437
1 1874
1 2484
2 2260
2 430
1 1113
2 112
1 1896
2 1570
1 2457
1 2607
1 1425
2 2533
2 840
2 2073
1 1850
1 703
2 580
2 1050
1 1570
2 1333
1 1635
1 1801
2 514
1 259
2 1626
2 599
2 1972
2 1040
2 1350
1 81
2 1295
2 2207
2 1684
1 2454
2 1845
2 624
1 1069
2 2508
2 1818
1 1494
2 380
2 2430
2 646
1 1340
1 621
2 2469
1 1369
1 1294
2 834
1 2798
1 2295
1 1862
2 1061
2 1914
2 2573
1 741
1 2136
1 2421
2 521
1 1047
2 1341
1 2342
2 2294
2 2316
1 420
1 581
1 858
2 2237
2 2116
2 1143
2 203
2 589
2 1827
1 2699
2 1329
2 1555
1 236
1 2349
2 694
2 1872
1 549
2 2603
1 606
1 816
2 1900
1 1714
2 1154
1 1808
2 1291
2 1131
2 1911
2 994
2 2507
2 953
1 2676
1 464
2 61
1 642
2 172
2 1507
2 886
2 1073
2 1235
2 1228
2 2598
2 1511
1 931
1 1305
2 1661
1 2463
1 2228
1 510
1 201
1 746
1 1868
1 132
1 1755
1 1544
1 268
1 1038
1 2766
1 2076
1 2046
2 1830
2 163
1 1385
2 548
1 289
2 1221
1 2217
2 130
1 887
2 2515
2 2102
1 188
1 1655
2 2233
2 309
2 1761
2 1615
1 508
1 1651
1 486
1 2453
2 764
2 2582
2 633
2 1643
1 2161
2 2260
1 2350
1 1011
2 2361
1 683
1 2228
1 2312
1 2012
1 1099
2 397
2 2200
1 1215
2 687
2 626
2 122
2 2578
2 448
1 2693
2 1472
1 1172
2 1297
2 1625
1 2257
1 2650
1 1848
1 2007
1 183
1 2290
1 2667
2 2750
1 1993
2 857
1 1250
1 1908
2 2234
1 2567
1 2502
1 2435
2 1386
1 1214
1 1805
1 1464
2 934
2 287
1 79
1 2281
2 1375
1 2634
1 260
1 269
1 936
1 1557
1 1259
1 1996
1 2266
2 1775
1 152
2 784
2 2172
1 1048
2 1487
