5600 2000
1 735
1 168
2 775
1 660
2 1527
2 1929
1 1288
1 2789
1 2675
2 1981
1 2195
2 2712
2 636
1 994
2 761
1 2101
1 1749
2 36
1 318
2 1053
2 2032
2 747
1 2531
1 1890
1 2335
1 1426
1 282
1 2057
2 1415
1 1541
1 2137
1 2087
1 190
2 1698
1 454
1 1748
1 870
1 2019
2 2606
2 1380
1 2267
1 1927
1 470
2 2023
1 955
2 2421
1 150
2 735
1 779
2 47
1 1257
1 448
2 1681
1 2707
1 1194
1 1959
1 275
1 1588
1 1281
1 379
1 1076
1 2571
1 2683
1 39
2 85
1 1115
1 1286
1 1512
2 2437
2 964
2 1620
1 828
1 128
2 80
1 1886
1 2108
1 1971
2 2487
1 2507
1 1532
2 2246
1 1186
1 1935
2 752
2 627
1 1081
1 812
1 2436
1 2422
2 51
2 1692
1 1475
2 2
2 1726
2 1492
1 438
1 2074
1 1018
1 826
2 1317
1 1589
1 102
2 1828
2 1776
1 2083
2 225
1 1328
2 1730
1 2478
1 146
1 1034
1 2095
2 1939
2 759
2 2072
2 1419
1 2339
1 1623
2 2380
1 1728
1 1778
2 680
1 961
1 434
1 1936
2 276
2 1127
1 1595
1 2473
1 13
1 1261
2 1899
1 1915
1 517
1 244
2 342
2 1711
2 83
1 2124
1 2751
1 1031
2 1345
1 415
1 968
2 872
2 187
2 2185
2 2237
1 2734
1 874
1 1143
2 360
2 2692
1 1751
2 1609
1 133
1 727
2 2155
1 1633
2 1308
2 1073
2 1678
2 2368
1 2615
1 420
1 1873
1 1723
2 1370
2 1052
1 1864
2 764
1 2064
1 2318
1 48
2 2526
2 867
2 1860
1 2287
2 1353
2 928
1 2633
2 491
1 2165
1 2400
2 561
2 2266
2 220
2 813
2 1815
2 2549
2 1635
2 1179
1 1982
1 1025
2 2101
2 2583
2 1125
1 2413
1 1028
2 1296
1 1354
1 1706
2 565
1 1700
1 2024
1 1818
1 2504
2 1268
2 1177
2 1397
2 1640
1 1674
1 1865
1 429
2 84
2 1638
1 1059
1 1613
2 2026
1 1547
2 1883
1 1190
2 695
1 1582
1 2569
1 766
2 626
2 831
2 2410
1 459
1 1879
1 2724
2 1525
2 1601
2 607
1 691
2 1662
2 2656
2 373
1 2346
2 586
2 1435
2 2592
2 2132
2 705
1 1198
2 1831
2 1553
2 2763
1 2315
1 323
1 2717
1 1374
1 1445
1 2776
2 1555
2 653
1 816
2 226
2 216
2 2391
2 948
1 2238
1 2767
1 1608
2 192
2 1729
1 2528
2 2370
1 1401
2 675
2 589
2 898
1 367
1 2179
1 525
2 2362
1 1451
2 293
2 2097
2 553
2 1854
2 88
2 1363
2 893
2 2040
2 268
1 2036
1 2334
2 1556
1 67
2 934
2 783
1 2189
1 708
2 1185
1 502
2 378
1 1566
2 1583
1 1202
2 214
1 2672
1 696
2 140
2 2445
1 2336
2 489
1 153
1 1573
2 1253
1 2404
1 2552
1 1408
1 2349
1 1528
1 2174
1 2723
2 1096
1 1469
2 2378
2 1163
2 1582
1 1610
2 1318
2 2369
1 959
1 2690
1 1429
1 462
1 1692
2 1631
1 969
1 1790
1 940
1 933
1 1327
2 153
1 2192
2 1664
2 793
2 2207
1 846
2 349
2 2686
1 1733
2 1956
2 1020
2 1135
1 2171
2 1848
1 2566
1 883
1 1991
2 749
1 1656
2 1937
2 175
2 1015
2 857
1 1726
2 1614
1 796
1 2779
2 617
1 1220
1 2510
1 1344
1 1288
1 229
1 2464
2 96
2 605
1 412
1 91
1 2033
1 12
1 897
2 1000
1 659
1 1068
2 441
1 1782
1 1674
2 1211
1 685
2 1957
1 2513
1 2256
1 2249
2 1502
1 1508
1 2548
1 948
2 385
1 2592
2 203
1 1203
1 539
1 621
2 1647
2 1274
2 549
1 2314
1 2702
1 2411
1 441
1 1874
2 489
2 2329
2 61
2 2606
1 2289
1 484
1 231
2 1630
1 174
1 583
1 1694
2 2442
1 732
2 1794
1 569
1 1404
2 1148
1 780
1 218
2 2191
2 1394
1 1503
2 575
1 2264
1 2717
2 1826
1 1106
1 1212
2 963
2 1517
2 1947
1 1965
1 224
1 1311
1 1117
1 2126
2 2787
2 1968
2 287
2 1028
1 1305
1 2008
2 529
1 481
1 56
2 429
2 139
2 614
2 906
1 1066
2 303
1 1178
1 1309
2 1236
2 2575
1 992
1 238
1 585
1 1884
1 2050
1 1103
1 576
1 1624
1 1575
2 817
2 1016
2 537
2 2731
2 751
1 1782
2 1983
1 1557
1 633
1 1304
1 1249
2 2459
1 379
2 2579
1 2758
1 2069
1 2697
1 1898
1 2569
1 1133
2 837
2 27
1 433
2 2429
2 1423
2 1689
2 652
1 1725
1 2414
2 813
2 41
1 2685
2 1471
2 2556
1 334
1 1491
1 2049
2 885
2 845
2 1374
2 2472
2 276
2 717
1 2770
2 1207
1 1919
1 1716
2 8
1 1135
2 843
1 3
2 2728
1 1481
2 1945
1 2194
1 2631
2 575
2 2017
1 1031
1 2140
1 2566
1 2381
1 785
2 907
2 340
2 2760
1 2215
1 2349
2 2025
1 1747
1 912
2 2534
2 1405
2 228
1 2179
1 2443
2 859
2 333
1 1938
1 769
1 171
2 938
1 919
1 1378
1 2144
2 255
1 62
2 2578
1 2533
1 2596
1 2316
1 1256
2 289
1 1925
1 411
1 1246
1 2268
2 1839
2 2430
2 573
2 282
1 2585
2 362
2 1963
1 1241
1 2135
1 2257
2 862
1 2671
2 1573
1 2515
2 295
2 310
1 2406
2 41
2 2538
1 2070
1 1355
1 739
2 2529
2 302
1 1045
1 138
1 1941
1 1427
1 1618
1 702
2 2580
2 1375
2 2330
1 601
2 1741
2 1580
2 2121
2 45
1 2556
2 1870
2 773
1 122
2 1154
1 2739
2 2084
2 983
1 476
2 1795
1 1568
2 125
2 1104
2 2548
1 2225
2 2470
2 93
2 2258
2 1234
2 538
1 962
2 178
2 134
1 2744
2 1593
1 291
2 1239
2 370
2 1395
2 418
2 1131
2 163
1 2360
1 596
1 644
1 2063
2 959
2 82
2 826
1 2288
2 1710
2 2617
2 1113
2 931
1 1764
1 1301
1 1811
2 2191
1 1250
2 1098
1 2776
2 1629
2 1591
1 918
1 801
2 1700
2 1359
1 1642
2 1470
2 581
2 2264
1 2539
1 667
2 2626
1 646
2 2333
1 1127
2 1820
1 1122
2 1810
1 169
2 1571
2 1954
2 341
2 2482
2 2522
2 658
2 2794
1 1648
1 910
2 2165
1 2196
1 816
2 83
1 725
1 1998
2 2129
2 2383
2 2361
2 2555
1 2375
1 2059
2 219
1 2772
2 464
1 2416
2 416
1 2584
2 1730
1 387
1 2198
2 618
1 1805
2 1798
1 1567
1 270
2 2692
2 706
2 2689
2 570
1 2311
2 980
2 1634
2 594
1 952
2 1542
1 2543
2 110
2 1610
2 991
1 1120
1 1193
2 1543
1 2313
2 1272
2 1749
1 705
1 88
2 2668
2 1951
2 1664
2 1479
2 1827
1 1939
1 930
1 1088
2 2596
2 1137
2 2343
1 2670
1 252
2 2755
1 678
2 57
2 2578
1 2600
1 2420
1 2208
2 2750
1 556
1 2573
1 2374
2 1598
2 1881
2 1165
2 2673
2 1102
2 184
1 1581
1 713
1 1144
2 2002
1 2296
2 609
2 2269
2 1877
1 734
2 1353
2 1892
2 2453
1 2780
2 510
2 395
2 1099
1 2043
2 1065
2 1407
2 2726
2 163
1 2443
2 558
2 1398
1 1993
2 932
1 647
2 2705
1 109
1 833
2 1459
1 1697
1 371
2 2289
2 581
1 2299
1 1788
1 554
1 1176
2 886
1 1798
1 420
1 942
1 2698
2 150
1 1868
2 1849
1 2118
1 1899
1 1633
1 2616
2 1109
2 927
2 841
2 1866
2 1177
1 1373
1 1306
1 1323
2 1401
1 2170
1 2232
2 1869
2 1646
1 480
2 1425
2 2640
1 2575
1 886
1 2775
2 1875
1 400
2 596
2 1783
2 2238
1 1649
1 60
2 2207
1 1474
1 558
1 1055
1 2195
2 155
1 1384
1 2748
2 1464
2 1893
2 984
1 250
2 1136
1 1696
1 259
2 758
1 805
2 1364
2 1968
1 1755
1 82
1 980
2 1823
1 1402
1 2242
1 2523
1 469
2 336
1 726
1 1775
2 1686
2 1522
2 567
2 1072
1 1077
1 1433
1 2577
2 1754
1 2639
1 1847
2 512
2 2173
1 2062
1 1475
2 1449
1 490
1 1587
1 2168
1 112
1 1562
2 2648
1 1529
2 1581
1 1308
2 1970
1 750
2 2682
1 923
1 263
2 1459
2 1532
1 1218
2 1977
2 432
1 1454
2 1442
1 2742
2 1494
1 1824
1 28
1 2158
1 1834
2 1833
2 1182
2 1715
2 268
2 2397
1 574
2 1444
1 2365
2 2713
2 2222
2 2641
1 19
1 2390
2 818
1 2199
1 2499
1 495
1 872
2 151
1 511
1 999
2 731
2 1109
1 2560
1 487
2 158
1 759
2 1043
1 845
1 375
1 2385
2 708
1 807
1 1641
2 2634
2 307
2 1330
1 424
1 2716
2 1033
2 1255
1 397
2 2319
1 862
2 1509
2 2774
2 1881
1 73
1 1058
2 1187
2 1504
1 2338
2 341
1 2146
1 950
2 704
1 616
1 2721
2 2557
2 124
2 413
1 201
1 1746
1 971
2 1125
2 1683
2 540
2 1800
1 1924
2 1808
1 215
2 2298
1 1814
2 222
2 504
1 1447
1 2126
1 294
1 477
2 2028
1 2735
1 1545
2 2798
1 2424
2 63
2 1410
1 2490
2 3
2 1232
2 2278
1 1699
2 356
2 728
2 1834
1 1488
2 1091
2 2301
1 1547
2 428
2 2585
2 212
1 208
2 1989
1 2691
2 663
1 9
2 2469
2 60
1 599
2 1079
2 2658
1 2130
1 531
1 2415
2 1006
1 903
2 748
1 2670
1 2567
1 2729
2 868
1 1880
1 2155
1 334
1 311
1 1612
2 647
2 1373
2 481
2 445
1 850
2 1043
1 1208
1 85
2 2254
2 2733
1 993
2 1636
1 353
2 1759
2 1515
2 2562
2 209
2 776
1 453
1 543
2 2722
2 1087
1 2784
1 1631
2 1167
1 1574
2 1647
1 1414
1 1961
1 1300
2 1946
1 2034
1 314
2 380
1 1822
1 2260
1 447
2 787
1 1091
1 2674
1 2603
1 1551
1 654
1 457
1 391
1 2068
1 355
1 1060
2 2614
1 715
2 1033
2 1391
2 884
1 1379
1 1745
1 371
1 1207
1 1829
1 16
1 473
2 2384
2 1665
2 1510
2 1249
2 797
1 1625
2 1995
1 852
1 839
1 1002
1 2190
1 346
1 2530
2 1637
1 685
1 2139
2 294
2 979
2 2067
2 2605
1 1988
2 1150
1 2357
2 882
2 1252
1 2632
2 472
2 1391
2 943
1 2293
2 2726
1 2323
1 127
1 950
1 1567
1 986
1 1282
1 1191
1 523
1 1908
1 2565
2 1100
1 720
1 1270
2 63
1 2401
1 938
1 373
2 2676
1 2285
1 2021
1 674
1 2400
1 1742
1 1655
2 1710
1 325
1 2779
2 1425
2 1707
2 2679
1 2769
1 48
1 1036
2 1687
2 458
2 74
1 1421
2 152
1 518
2 1060
2 2255
1 677
1 2237
1 1518
2 2060
1 1690
2 32
1 527
1 8
2 1852
1 2467
2 368
2 2150
2 300
1 381
2 443
1 2065
2 542
2 2092
1 645
1 1279
2 2722
1 1841
2 1825
1 2510
2 748
1 1048
1 2251
2 2598
1 1757
2 2762
2 714
2 431
2 638
2 162
1 2547
1 1499
2 2797
1 2754
2 2381
2 2412
1 418
1 2116
1 679
1 1170
1 851
2 1793
2 1955
2 108
2 2044
1 2332
2 2720
1 277
2 1245
1 614
1 97
1 1463
2 782
2 2194
1 349
1 414
2 130
2 1986
1 1723
2 1960
2 1484
2 966
2 2134
2 1145
1 2355
1 377
1 1409
1 2249
1 209
2 290
1 1457
1 1418
2 997
1 1449
1 2460
2 142
1 324
2 190
1 18
2 1069
1 1284
1 1871
1 1190
1 1606
1 308
2 2743
2 2015
1 1256
1 1732
1 1387
2 2738
1 1918
2 2656
2 2387
2 2077
2 52
2 402
2 1332
1 597
2 1699
2 2334
2 1291
2 2624
1 2010
2 55
2 2664
2 2487
2 467
2 2265
2 2426
1 1062
2 1887
1 736
2 2708
1 1315
1 2482
2 589
1 2503
1 284
2 1113
2 1524
1 1616
1 736
2 730
2 1696
1 331
2 758
1 179
2 1019
1 36
1 359
1 1081
1 1728
2 2427
2 1170
1 1227
1 1742
1 1780
2 1428
2 2021
1 12
1 117
2 197
1 1956
1 716
2 2540
1 2574
1 1275
1 1181
2 2505
2 1987
1 1278
2 2454
1 1584
1 1213
2 2632
1 818
2 2071
2 2364
2 2431
2 2163
1 973
2 1387
2 377
1 15
1 877
2 1003
2 1431
2 106
2 2123
1 917
2 531
2 2707
1 1487
1 1075
1 773
1 1857
1 2777
2 1874
2 648
2 303
2 2495
2 2046
1 330
2 1140
2 1799
2 1514
1 1049
2 947
2 2589
1 2757
2 1756
1 1333
2 876
1 460
2 315
1 534
1 1570
1 1144
1 2651
2 740
2 157
2 1683
2 2759
2 1629
2 94
1 960
1 1796
2 335
2 952
2 2250
2 73
1 572
1 1472
1 1803
1 454
2 2408
2 522
2 2645
2 1636
2 2131
1 2321
2 2597
1 890
1 2711
1 650
2 2096
1 1340
2 1588
1 2761
1 2104
2 2379
1 2696
2 1978
2 603
2 1390
1 694
2 422
1 2572
1 280
2 697
2 1861
2 1540
1 849
2 1168
2 315
1 1725
1 2700
1 634
1 446
1 2157
1 2312
2 2752
2 1887
1 847
1 1595
1 895
2 439
2 2528
2 477
2 699
2 77
1 1953
2 756
1 1713
2 1506
2 1542
2 256
2 156
1 1367
1 2020
1 57
1 841
2 659
2 974
2 2060
1 2113
1 1804
1 1151
1 1202
2 681
1 610
2 620
1 1352
2 2653
2 842
2 731
1 977
1 2800
1 266
1 2734
2 1897
2 1944
2 1660
1 2219
1 2193
2 2730
2 2447
2 972
1 1837
2 626
2 2618
1 2291
1 557
2 1979
2 26
1 532
2 251
1 2354
1 1917
1 1389
1 706
1 987
2 345
1 835
1 1233
1 2057
1 1686
1 2322
2 1110
2 2205
1 2232
1 2387
2 2182
2 637
1 2455
1 1056
2 2782
2 177
1 820
1 1679
1 860
1 141
1 1754
2 669
1 2737
1 2338
2 1052
1 1688
1 387
2 503
2 2660
1 644
1 1057
1 1576
1 1709
1 1108
2 1172
1 1712
2 815
2 867
2 1477
1 2658
2 1894
1 78
2 1054
1 1530
1 1342
2 1739
1 891
1 1032
1 1953
1 2612
1 78
1 496
1 914
2 449
2 1040
1 1149
2 1572
1 1694
2 1506
2 530
1 871
1 2700
2 2328
2 2647
2 2272
1 1665
1 330
1 881
1 2465
1 319
2 829
2 2524
2 2744
1 383
2 2508
2 1885
1 1536
2 615
1 2681
1 1437
1 2424
2 1015
2 1784
2 740
2 245
1 925
2 1049
2 781
1 1720
1 1739
2 1206
2 196
2 508
2 165
2 2044
2 2497
2 2131
1 535
2 2605
2 1334
1 2300
2 24
2 1789
2 148
2 1863
2 2463
1 571
2 2489
2 1271
1 641
2 1922
1 623
2 1871
2 2410
1 2183
1 1597
1 1766
2 1960
2 2449
1 297
1 878
2 1271
1 545
1 474
2 1786
2 1244
2 2227
1 2677
2 2447
2 1519
1 2545
1 2114
2 2608
2 2276
1 1297
2 694
1 2303
2 662
1 2359
1 1338
1 2514
1 1889
2 1205
2 2440
2 661
1 434
2 1753
1 296
2 181
1 474
1 2163
1 1619
1 2050
2 1456
1 540
1 880
1 643
1 663
2 444
2 352
2 1454
1 98
2 2231
1 437
2 1833
1 2367
2 2439
2 1872
1 1697
2 941
1 1423
1 858
2 496
1 2754
2 2527
2 1520
2 2244
2 2367
1 637
2 1923
2 793
2 1124
2 2203
2 2476
1 2557
2 2251
2 2180
1 1160
2 1083
2 1846
2 849
2 2306
1 861
1 743
1 1195
1 188
2 1311
2 1737
1 291
2 2115
2 638
1 2206
2 2324
1 2221
1 217
2 935
2 2555
2 2211
2 1230
1 1592
1 2178
2 304
2 2133
1 363
2 1931
1 535
1 7
2 1287
1 2048
2 1934
1 1077
1 1505
1 2441
1 2571
2 1937
1 2474
2 2076
2 1358
2 2577
2 1030
1 252
2 230
1 337
2 111
2 2388
2 2704
2 2581
2 1292
1 338
1 2690
2 2029
1 1920
2 1706
2 2115
2 222
2 1120
2 2110
2 567
1 166
2 2084
2 2015
2 1105
1 94
1 1892
2 2133
1 791
1 2384
2 140
1 2226
1 159
1 1614
2 825
1 1316
2 1038
2 205
1 1412
1 131
2 1137
2 2187
2 1657
2 1735
1 1262
1 2780
1 1436
2 755
1 1646
2 1193
2 348
2 1558
2 812
2 2542
1 30
1 2604
2 1985
2 981
1 1929
1 1763
1 2601
1 674
2 1761
2 516
1 1915
1 2119
1 261
2 1201
1 1082
1 1395
2 1914
2 455
2 2749
1 2093
1 1850
2 146
1 929
1 1672
2 926
2 1909
2 2139
2 1330
2 2250
2 2353
2 2789
1 2379
1 2561
2 1908
1 1267
2 1928
1 1669
2 2483
1 2392
2 1153
2 786
2 1687
2 2546
2 2715
2 253
1 920
1 1294
1 2184
1 193
2 797
2 2087
2 68
1 1455
2 1764
2 1806
1 2747
2 2039
1 605
1 1054
1 1994
2 1841
2 254
2 1534
1 1690
2 1467
2 507
1 988
1 2200
2 1254
1 1474
1 296
1 1378
1 702
2 198
2 572
1 1279
2 2252
2 1771
1 2106
2 692
1 1656
1 1800
1 2077
2 2610
2 192
2 2343
2 423
1 1040
2 888
1 258
2 2795
1 45
1 1383
1 2477
2 435
2 949
1 1386
2 2654
1 1020
1 2629
1 703
2 2646
1 543
1 861
2 1025
1 2524
1 185
2 17
2 1546
1 1823
1 2144
1 2168
1 1512
2 2205
2 327
2 1419
1 2563
1 1222
2 322
2 264
2 161
1 2018
2 1925
1 1691
1 6
1 2103
1 1731
2 1517
2 1292
1 822
1 1535
2 50
1 1428
2 2134
1 2317
2 241
2 483
2 592
2 1074
2 1872
2 1229
2 2063
1 1559
1 2586
1 2202
1 2564
2 1119
2 983
2 660
1 686
2 237
1 1398
1 1770
1 1623
1 683
2 2186
1 2405
1 2732
2 272
2 1146
2 1180
2 537
1 1530
2 1174
2 1299
1 1175
1 1310
1 1489
1 2509
2 2688
2 31
2 1625
1 1066
2 1280
1 2377
2 194
1 1679
1 1511
1 1048
2 1432
2 1316
2 690
1 2527
2 313
2 2457
1 272
1 559
2 837
1 576
1 2402
1 100
2 2283
2 1941
1 840
2 2491
1 1826
1 509
1 461
2 154
2 1242
1 2344
2 1260
2 873
1 1570
2 1022
2 1816
2 2616
2 239
2 265
2 625
1 814
1 1013
1 934
2 2756
1 1321
2 2327
2 155
1 1159
1 1909
2 1021
2 1241
2 2025
1 495
1 1786
2 2254
2 1649
2 393
1 2371
1 112
1 568
2 111
1 2039
2 936
1 569
1 2296
2 1115
2 2451
2 2233
1 693
2 905
1 1773
1 1622
2 2108
2 236
1 880
1 824
2 2796
1 2208
2 1680
1 1876
1 1098
2 2152
1 2623
2 713
1 1478
2 1055
2 113
2 2065
1 774
1 1792
2 1787
2 329
2 1128
2 301
1 344
1 881
2 2532
1 1493
2 1999
2 1069
2 742
1 1819
2 32
2 1895
2 202
2 1773
2 1424
1 2076
1 1209
2 1087
1 2620
1 1273
2 2086
1 1488
2 683
2 2358
1 510
1 2151
2 2765
2 800
1 1724
2 2282
1 2486
1 1375
2 2485
2 670
2 724
2 2407
2 391
1 954
1 1770
2 689
2 1708
2 1
2 54
1 565
1 1621
2 427
1 449
1 1604
2 533
2 1061
2 479
2 2072
2 183
2 921
1 403
1 2112
2 2432
2 578
2 1964
2 662
1 753
2 2699
1 2446
1 1372
1 123
1 915
1 369
1 300
2 1310
2 894
1 579
1 447
1 1617
1 1215
2 2183
2 2659
1 159
2 1221
2 1106
2 1303
2 2558
2 2104
1 176
2 1552
1 2701
1 1669
2 455
1 500
2 823
1 145
1 1050
2 871
1 1226
2 122
2 780
1 2342
2 2627
1 516
1 2714
2 2132
2 2612
2 2417
1 2561
1 1473
2 2036
2 757
1 1861
2 2600
2 1497
1 1162
2 508
2 1769
1 1331
1 2125
2 604
1 2558
2 794
2 949
1 1521
2 2330
2 1166
1 1156
2 1430
1 1078
1 410
2 919
1 2703
2 1553
1 770
2 2399
2 1166
1 1392
2 2620
1 1670
2 712
2 940
1 2431
1 2013
1 1580
2 944
1 1351
1 755
2 162
2 1897
2 1740
1 2062
1 1326
1 1864
1 2531
2 1204
1 1932
1 2502
1 2263
1 611
2 161
1 2516
2 836
1 2204
1 2536
1 777
1 2042
2 1388
1 427
1 442
2 622
2 2339
1 763
2 1529
2 1352
1 676
1 1981
2 1041
1 49
1 1435
1 204
1 1702
1 1938
2 100
1 658
1 2753
2 2404
2 2352
2 1962
2 388
1 221
2 978
1 2448
2 1671
2 2713
1 81
1 2502
1 528
2 2386
1 204
1 351
1 1096
2 2364
2 2293
1 1412
1 1472
1 556
1 753
1 2095
2 175
2 1642
2 2281
2 1487
2 1422
1 463
2 1922
1 1963
2 2781
2 2411
2 642
2 2012
2 2538
1 1348
2 2045
1 235
1 2214
2 2454
2 1604
1 384
2 1416
1 722
2 2279
1 689
1 2049
2 1626
2 2421
1 916
1 2248
2 1718
2 1359
1 1675
1 1482
1 700
2 2526
1 229
2 319
1 2177
1 1466
2 1738
2 1245
2 378
2 2474
2 1300
2 2024
1 982
1 1590
2 1668
2 1866
1 467
1 1831
1 1870
2 347
1 2396
1 2773
2 1164
2 1295
2 2635
1 332
2 2188
1 460
1 2153
2 2486
1 1575
1 1083
2 46
1 2080
2 1026
1 2476
1 54
1 461
2 2756
1 407
2 133
2 2348
2 292
2 965
2 1949
1 520
1 2517
1 2187
1 2442
2 2498
2 2223
2 1238
1 1360
1 1011
1 2402
2 120
1 1102
1 603
2 1017
1 1289
1 262
2 1369
1 2681
2 1082
1 601
2 2206
1 955
2 2694
1 1483
1 2273
1 1005
1 1776
2 1544
1 775
2 799
2 586
1 2448
2 757
2 646
2 2614
2 786
2 945
1 615
1 1564
2 643
2 1978
1 2493
1 2243
2 989
2 1666
2 550
1 2398
1 2407
1 2677
2 2649
2 2277
2 173
2 760
2 2285
2 1369
1 962
2 857
1 401
2 271
1 1443
1 2661
1 2274
2 38
1 2201
2 1772
2 729
1 908
2 2260
2 234
1 1407
2 600
2 2318
1 2166
2 1367
2 1955
1 279
2 1774
2 588
1 2149
1 2488
1 2547
1 2611
2 961
2 1821
2 974
2 1695
1 1481
1 772
1 1516
1 2710
2 1765
2 2001
2 1997
1 1988
1 1609
2 2186
1 399
1 747
2 1721
1 1741
2 975
2 2141
2 1468
1 665
1 1336
2 2415
2 506
2 396
2 1024
1 2052
2 767
2 1371
1 465
1 1980
1 2098
2 716
1 695
2 1900
2 238
1 2058
2 1213
1 2009
2 69
2 248
1 2672
1 43
1 815
1 1453
1 2148
2 249
1 2167
1 1767
1 738
2 260
2 1771
2 1999
2 1198
2 494
2 2416
2 620
1 1180
1 899
2 1393
1 2737
2 191
1 990
2 468
1 730
2 2687
1 1640
1 2481
1 136
1 693
2 996
2 999
2 29
1 1615
2 1637
1 1934
1 58
2 1967
2 668
2 456
2 452
2 450
1 1844
1 2446
1 1452
2 320
2 2594
1 742
1 2373
1 299
1 1444
1 656
2 1957
2 976
1 2052
1 1891
1 2321
2 744
1 1424
2 92
1 172
1 788
1 2570
1 1110
1 700
2 538
1 1507
1 1479
1 114
2 1400
2 253
1 1499
1 2451
1 636
1 119
2 1855
1 2120
2 1080
1 1984
1 408
1 1161
2 1843
2 2449
1 1409
1 1368
1 2773
1 1513
2 995
2 2611
2 612
2 246
2 186
2 2210
1 1977
1 2588
1 1126
1 1238
2 505
1 216
2 1259
2 1863
2 2516
2 1331
1 262
1 1123
1 1658
2 1498
2 953
2 2316
1 491
1 2646
2 2590
2 1744
2 2507
2 1218
2 1323
2 2745
1 868
1 497
1 2351
1 675
2 1958
2 2102
1 2035
2 2022
1 1853
2 514
2 237
1 2069
2 1685
1 2514
2 1181
2 1877
2 2273
1 195
2 2350
1 1267
1 1787
1 2660
2 547
1 2468
1 1090
2 1032
2 1792
1 2761
2 195
2 2389
1 2128
1 72
2 1342
2 1891
1 2553
2 1196
2 38
2 856
2 1252
1 2038
2 2471
1 2394
1 2098
1 1034
1 444
2 2361
1 2073
1 2102
1 113
2 648
1 1849
2 405
2 2607
2 2534
1 928
2 2280
2 1007
2 2782
1 2228
2 339
2 2584
1 1016
2 1827
2 1349
1 2359
1 1234
2 1599
2 1539
2 2757
1 1668
2 77
2 2114
2 90
1 440
2 532
1 1526
1 2091
2 2233
2 914
2 2593
1 1027
1 2193
2 62
1 250
1 944
1 2033
2 1859
1 792
2 70
2 284
2 1050
1 482
2 856
1 1236
1 885
1 711
2 1121
2 1779
1 79
1 311
2 835
1 664
1 1945
1 2740
1 1824
2 2552
1 2666
2 1836
1 1932
1 610
2 1116
2 1157
1 1809
1 1765
2 2082
1 1549
2 493
1 1063
1 2661
2 1486
2 2595
1 285
2 1231
1 1346
1 277
2 1390
2 1967
2 1893
1 1876
2 304
2 1705
2 1457
1 127
1 1840
1 1600
1 1492
2 2624
2 180
1 298
2 1410
1 1227
1 2153
1 2540
2 1089
1 923
2 2663
2 1314
1 574
2 557
1 102
1 1085
2 2271
1 1822
1 2591
2 183
1 903
1 2638
1 2266
1 992
1 550
2 1337
2 274
1 2699
2 1208
1 35
2 1074
1 2603
1 1935
1 2529
2 584
2 819
1 673
1 1578
1 1901
1 2007
1 2145
1 2354
2 2642
2 2480
1 417
2 768
1 1566
2 2159
2 2182
1 933
2 121
1 206
1 2763
1 2275
1 1602
1 2676
1 1561
2 2279
2 2284
2 1994
1 2554
2 2518
2 1013
2 591
1 1187
1 1037
1 1651
1 1071
1 1239
2 2706
1 553
1 1525
2 2742
1 1503
1 22
1 1169
1 1129
1 2310
1 754
1 1952
2 833
2 1476
1 135
1 1156
1 1772
2 344
1 134
1 197
1 2582
1 2544
1 1197
1 917
2 2635
1 866
1 105
2 991
2 1743
2 1309
1 2671
1 1214
1 2235
2 1128
2 2258
1 789
2 2302
1 2083
2 1100
1 2055
2 971
2 2503
1 211
1 564
2 2501
1 906
1 321
1 619
1 1447
2 1784
2 1541
2 2408
1 84
1 1549
1 1600
2 380
1 630
2 2504
1 2562
2 490
2 1603
1 2154
2 1056
2 1896
2 2006
1 59
1 1235
2 2403
1 2545
1 698
2 1372
2 2382
1 2378
2 1346
1 2253
2 431
2 1148
2 2669
1 1277
2 1051
2 2221
2 1386
2 2176
1 745
2 61
1 2220
2 704
2 707
2 641
2 1112
1 1671
1 2303
1 362
1 1813
1 1047
1 2255
1 1453
1 1381
1 913
2 2647
1 2758
2 1251
2 982
1 332
2 774
2 1237
1 1548
2 650
1 1969
1 803
1 1635
2 804
2 2276
1 1758
2 182
2 2738
1 29
1 226
2 554
1 2166
1 1379
2 1902
1 80
1 1719
1 1124
1 1498
2 1563
1 2625
1 2
2 2740
2 1980
1 629
2 998
2 1141
1 2376
1 2366
2 2230
2 2397
1 317
1 810
2 2112
2 2082
1 1904
2 1298
1 2392
1 1461
2 2689
1 688
1 2327
2 1246
1 592
1 458
1 978
1 2363
2 1442
1 2368
1 307
2 2732
2 2568
2 1912
2 718
1 513
2 2633
1 1624
1 1251
1 1230
1 2172
2 888
1 1084
1 1859
2 1885
2 2587
1 2720
2 1745
1 1496
2 492
1 1577
2 1817
1 2551
1 2018
2 2511
1 1114
1 1862
2 1523
1 910
2 1491
1 1496
2 1966
1 2664
2 612
2 898
2 485
1 943
2 745
2 1067
1 1862
2 563
2 266
1 1182
2 676
1 1907
2 1107
1 2636
2 1278
2 1677
1 357
1 428
1 1500
1 1217
2 733
2 404
1 1094
1 423
1 1785
2 1818
2 956
2 505
2 154
1 382
2 844
2 2274
2 2268
2 2310
2 1452
1 536
2 1334
1 1394
1 1860
2 2143
2 107
1 1232
1 1172
2 2213
2 1429
1 1068
1 2693
1 727
2 1042
2 1217
2 552
1 1970
2 746
2 1319
2 1983
2 1301
1 1524
2 125
1 1039
1 2505
1 2659
1 2395
1 879
2 305
2 527
2 1693
1 1643
1 1780
1 1666
1 2032
2 2333
1 2059
1 320
1 99
2 918
1 2344
2 1657
1 1641
1 1286
1 2124
1 2588
1 5
2 1281
1 1189
2 2235
1 2328
1 529
2 343
2 1808
2 2460
2 1972
1 2551
1 1339
2 479
1 1280
2 2727
2 179
2 947
2 1116
1 1403
1 1421
2 2239
1 915
1 273
1 395
1 2500
2 1879
1 1559
1 239
1 778
2 680
1 2733
1 1632
2 1009
2 988
2 687
2 916
2 602
1 328
1 628
2 1895
2 1325
1 167
1 1225
2 2702
2 326
2 2405
2 56
2 1579
2 611
2 1312
2 257
1 1781
1 1875
1 1783
2 2501
2 1990
2 1147
1 1844
1 199
2 628
1 2560
1 2641
1 1422
2 20
1 1621
2 1964
1 2332
1 2433
2 392
2 1329
1 1815
1 2011
2 1216
1 1873
2 2355
2 2037
2 452
2 963
2 370
2 1832
1 2335
1 2309
2 1388
2 2426
1 1775
1 2751
2 649
2 2304
2 53
1 1682
2 904
1 709
1 2731
1 273
1 2216
1 1153
1 2008
1 2546
1 690
1 995
2 2322
1 1436
2 1947
1 1923
1 468
2 39
1 1992
2 1211
1 577
1 1750
1 1164
2 2092
1 16
1 1315
2 945
1 269
2 360
1 836
2 1376
1 1229
1 1752
1 1676
1 1486
1 2270
2 223
1 754
1 1565
1 2409
1 1035
2 2701
1 2511
1 2086
2 206
1 533
2 932
2 2259
1 292
2 1652
1 1209
2 459
2 1701
2 425
2 1266
1 1727
1 2119
1 877
1 424
1 426
1 2481
1 1179
1 2014
1 2198
2 103
2 2777
2 2142
2 1368
2 798
2 964
1 1708
2 1293
1 2212
1 2484
1 1155
2 1071
1 2054
1 2090
2 99
1 2452
1 1882
1 1247
1 1235
1 1157
2 738
2 832
1 101
2 1343
1 2550
1 471
1 1011
1 1393
2 630
1 1204
1 264
2 2579
2 2437
2 2519
2 75
2 2218
2 2790
1 1569
1 1305
1 2772
1 2141
1 1905
2 27
1 2599
1 2643
2 365
1 578
2 1993
2 1535
2 285
1 210
2 1768
1 721
1 1097
2 834
2 34
1 840
2 912
2 2685
2 2769
1 144
2 354
2 1639
1 2793
1 185
2 671
1 2290
2 970
2 719
1 2662
1 1073
1 1667
1 189
2 1131
1 655
1 2475
2 2425
2 1416
2 1324
2 1673
2 1174
2 631
2 1568
2 2345
2 1455
1 1848
1 2637
2 1176
1 1781
2 2229
1 1585
2 570
2 1086
1 2668
2 1791
1 425
1 1130
2 1613
2 2721
2 2695
2 1420
2 819
1 1984
1 1811
1 2253
1 2292
1 1643
1 1738
1 290
1 169
2 1721
2 1974
2 1356
1 600
2 2589
1 1856
2 1480
1 1985
1 587
2 1867
1 1466
1 1905
1 87
2 1205
1 1857
2 1924
2 936
1 243
2 1138
1 1362
1 2537
2 386
2 544
1 1768
2 2466
2 580
1 1104
2 814
2 2304
1 322
1 768
2 406
2 1574
1 259
1 2245
2 590
1 1021
1 2110
1 1005
2 2265
2 416
2 1070
2 1930
1 2599
2 2376
1 741
1 1676
2 2719
2 1651
2 684
2 1285
1 2419
2 1914
2 2432
1 1607
1 1853
2 2111
1 1111
1 1092
1 2202
2 412
2 2138
2 2799
2 1979
2 1396
2 855
2 1451
1 286
2 313
1 526
1 1070
1 383
1 1601
2 138
1 2684
2 2473
2 1467
1 1940
2 1616
2 2553
2 2428
2 1145
1 2243
1 897
2 634
2 1551
2 1509
1 939
1 2679
1 234
2 124
1 1004
2 1886
1 1898
1 2667
2 1030
1 1461
2 2472
1 2331
2 1854
2 1088
1 2055
1 2586
1 37
1 390
2 1276
1 1762
2 497
1 1795
2 750
2 560
2 499
1 896
2 2525
2 994
1 697
1 1439
1 2637
2 366
2 719
2 789
2 1007
2 2651
1 2030
2 2795
1 800
1 741
2 354
1 1439
1 464
2 1192
1 2775
2 2467
2 1576
2 208
2 691
1 787
1 1351
1 664
1 2479
2 1064
1 1095
1 1093
1 487
1 1058
1 2329
1 399
2 2457
1 2180
1 1376
2 343
1 577
2 2653
1 1105
2 2026
1 2160
2 1825
1 1275
2 765
1 2048
2 1240
1 2396
1 2433
2 1677
1 2113
1 958
1 389
2 1759
1 924
2 396
2 248
2 2013
2 1991
2 1927
1 2399
2 1698
2 1605
2 563
2 2708
1 86
2 1225
1 2103
1 2301
1 1335
1 66
1 1894
1 798
1 606
2 935
1 166
2 2271
1 2125
2 2080
1 590
1 1587
1 1948
1 1982
1 1940
2 152
2 2246
2 329
2 2450
1 2554
1 2403
1 271
1 2639
1 494
1 141
1 482
1 241
2 2247
1 2800
2 65
1 624
1 608
2 1173
2 900
2 1943
1 514
2 1118
2 2439
2 1508
2 1948
2 1010
1 2673
1 1516
2 1341
1 2604
1 202
2 802
1 801
2 326
2 1443
1 909
2 1829
1 363
1 734
2 2568
1 442
2 2029
2 1858
1 14
2 2435
1 288
2 678
1 1327
1 13
2 2452
1 1122
1 521
1 2286
2 2778
1 1747
1 2655
2 1240
1 165
1 9
1 2288
2 930
1 2488
2 2308
2 1358
1 951
2 1142
2 1024
2 1658
1 2054
1 432
1 293
1 210
1 446
1 132
1 846
1 246
2 905
2 1654
1 492
1 1976
1 2710
1 887
2 2573
2 1550
1 551
2 2004
2 1901
2 2294
1 526
1 953
1 1264
2 1594
2 1884
1 711
1 1618
1 2010
1 2100
1 2011
1 2174
2 587
1 2154
1 1950
1 2537
2 2549
1 1733
1 488
1 1504
2 414
2 541
1 1322
1 2694
1 1969
2 2022
1 2725
1 834
1 931
2 1716
1 2145
2 1717
2 1913
2 1778
1 820
1 2282
2 1363
1 2570
1 2314
2 981
2 1809
1 771
2 2468
2 2794
1 784
1 2111
2 779
1 790
1 2622
1 990
1 1226
2 7
1 149
2 53
1 760
1 1531
2 1748
1 2593
2 1680
1 160
2 2506
2 406
1 25
2 257
2 502
2 401
1 2071
1 701
1 405
1 375
2 1446
2 333
2 439
1 254
2 2499
1 421
1 1312
1 1347
1 1510
1 924
2 1012
1 486
1 1485
2 298
2 2109
2 1362
2 549
2 684
1 52
2 1318
1 2058
2 2748
1 1821
1 115
1 312
2 1101
1 64
2 2438
1 2038
1 1490
2 10
2 437
1 217
2 1458
2 853
2 946
1 314
1 1458
1 2275
2 2215
1 2143
2 1038
1 2034
1 1101
2 1427
1 2736
1 809
1 2581
1 1688
1 1158
1 1465
1 2595
2 235
2 433
2 1344
1 475
1 2299
1 718
2 400
2 2665
2 1788
1 831
2 806
2 2259
1 2645
1 142
1 2372
1 2031
1 725
2 2682
1 1478
1 2746
2 1304
2 213
2 1294
2 926
2 870
2 2224
1 98
1 1951
1 318
2 2564
2 144
1 2122
1 1197
2 1820
1 1907
2 478
2 2693
1 1161
1 95
2 186
2 2088
2 1539
2 2666
2 795
2 1321
1 2741
1 686
2 2657
1 2066
1 2146
2 2535
1 624
2 2563
2 517
1 823
1 2175
1 2211
2 23
1 2602
1 1046
1 645
1 359
1 927
1 2200
2 2089
2 2771
1 365
1 223
2 2305
1 17
1 1534
1 1010
1 848
1 2567
2 1599
2 724
1 692
2 2105
2 2543
1 1471
1 2530
2 525
2 278
2 201
1 288
1 555
1 372
1 749
2 1596
1 1987
2 19
1 2786
2 269
2 297
1 1608
1 1255
2 384
1 504
1 899
2 639
1 1371
1 883
2 2445
2 1718
1 1460
1 721
2 2295
2 115
2 703
2 1501
1 2106
1 792
1 827
2 613
1 2236
1 2610
2 824
2 2161
1 2617
1 498
1 2320
2 1936
2 1415
2 2043
1 2542
2 2241
1 180
1 1732
1 1702
1 1067
2 2000
2 1779
2 170
2 2073
1 196
1 1678
1 2764
2 1626
2 171
2 1014
1 904
2 242
2 2719
2 1812
1 2297
1 25
1 1356
1 2262
1 1112
1 1189
1 1910
1 2602
2 2078
1 1603
2 1930
2 2270
1 2686
2 530
1 1072
2 2662
1 75
1 72
2 2393
2 2341
1 892
2 2723
1 1273
2 2494
1 1731
1 2178
1 164
1 1134
2 1565
2 714
2 1350
2 194
1 2118
2 1411
1 764
1 2169
2 1663
2 2158
1 321
1 1261
1 1992
1 2188
2 1483
2 2128
2 2401
1 2147
2 2674
1 771
2 875
2 2307
2 1139
2 2729
1 1794
1 1446
2 1274
2 2287
2 1869
2 2216
1 5
1 1838
1 324
2 1904
2 2223
2 1757
1 1259
2 1027
2 158
2 2019
1 942
1 1348
2 642
2 131
1 2150
1 2519
1 2430
2 762
1 1727
1 1817
2 2085
2 316
1 71
2 2650
1 2342
1 1380
2 1320
2 1650
2 1536
2 1801
2 1807
1 2771
2 989
1 1199
2 361
2 1183
1 1802
1 737
2 1123
2 2351
1 2469
2 2244
1 389
1 987
1 1441
1 1720
2 1266
1 1933
2 583
1 2340
2 2680
1 2559
2 1403
1 1462
1 654
2 200
2 1002
1 1807
2 398
2 1132
2 1797
1 1383
1 2496
1 160
1 1385
1 2440
2 2336
2 67
1 1744
2 2495
1 2372
2 2138
1 1843
1 1675
1 2042
2 2509
1 2541
1 2004
1 2041
2 1320
2 2028
1 732
2 2768
2 1734
2 854
1 1044
1 2483
2 1343
2 1333
2 1762
2 1628
2 2286
2 1044
2 860
1 137
2 1254
1 2649
1 1645
2 421
2 347
1 2418
1 1912
2 1365
1 2715
1 2762
1 478
1 2209
1 247
1 2760
2 156
2 851
1 2348
1 2706
1 889
1 2484
2 2741
2 830
2 967
2 1382
1 2576
1 1392
2 120
2 1090
1 323
1 1997
2 89
2 411
1 247
1 1596
1 107
2 1482
1 2105
1 2480
2 2767
2 135
1 2129
1 2171
2 1283
1 1921
2 1560
1 2485
1 707
2 501
2 1212
1 1515
1 865
1 920
2 2045
2 385
2 2081
2 2462
2 682
1 832
2 1919
1 2003
1 2613
2 2149
1 1557
2 350
1 1132
2 369
2 1295
2 1163
2 566
2 1464
1 562
2 524
1 2358
2 2156
1 498
2 2277
1 233
1 2655
2 1560
1 388
2 1802
1 295
1 1660
1 90
2 1537
1 137
2 2786
2 336
1 1502
2 2107
2 2393
2 2047
2 2311
2 929
2 2787
2 1138
2 2099
1 66
1 2626
1 2709
2 2140
2 1319
1 2121
2 2217
1 1433
2 778
1 129
2 1902
2 2695
1 121
2 2390
2 1420
2 622
2 136
1 2203
1 35
1 79
1 571
2 1450
1 1703
2 1489
2 665
2 1171
2 2096
1 1842
2 2365
1 892
2 1858
2 593
1 667
1 182
2 2357
1 2385
2 2462
1 1527
2 2663
1 2429
1 1578
2 1615
2 1469
2 913
1 1080
1 1500
1 1810
2 1729
1 807
2 1850
1 168
1 2590
1 1365
1 564
2 2228
2 1430
2 2395
2 2313
1 2784
2 2284
1 2792
1 956
1 2229
1 2094
1 1360
2 2391
1 1544
1 1533
1 2640
1 1767
2 2272
1 842
2 1611
2 1029
1 1627
2 44
1 769
1 2628
2 1062
2 873
2 805
1 2239
2 2097
1 170
2 207
2 2353
2 2056
2 2363
2 1354
1 698
1 21
2 2107
1 1414
2 2130
1 87
2 852
1 2759
1 23
2 1505
1 2325
1 394
2 1793
1 1760
2 1790
1 281
2 392
1 939
1 188
2 1571
2 93
2 2212
1 1519
2 668
1 2152
2 306
1 1704
2 1036
2 244
2 345
2 1561
2 1654
1 893
2 499
2 582
2 1324
2 1129
2 2023
2 1349
1 1018
1 51
1 598
2 672
2 2347
2 2326
1 2204
1 2623
2 74
1 1554
2 42
1 1949
1 11
2 340
1 1711
2 1042
2 2753
1 2222
2 2711
1 909
2 817
2 301
2 657
2 656
2 1602
1 613
1 696
1 561
2 2135
2 901
1 1903
2 969
1 597
2 1959
2 729
1 2680
2 2240
2 338
1 2745
2 2394
2 1184
1 116
2 984
2 2423
1 1231
2 1722
2 1431
2 2164
2 679
2 1136
1 1837
1 855
1 1791
1 1099
2 821
2 2650
1 2122
2 1865
1 2747
2 309
1 958
1 968
2 1134
2 37
1 1385
2 2192
2 2619
2 2718
1 1630
2 203
1 1684
2 2325
1 128
2 116
2 2300
1 985
2 1326
2 265
2 633
1 1337
1 546
2 476
2 1023
1 653
2 547
1 2727
1 1296
2 1322
2 1290
2 1715
1 1851
1 1538
2 2302
1 632
2 848
1 1108
1 1057
1 361
2 367
1 863
1 539
2 752
2 1350
1 1520
1 629
1 30
1 2770
1 68
1 2094
1 640
2 2020
1 743
2 946
2 2435
1 71
2 2791
1 649
1 214
2 283
1 542
1 957
1 1339
1 2245
2 2089
2 890
1 1302
2 1291
2 720
2 2164
1 1538
2 118
1 1644
1 470
2 1889
1 1147
2 2127
1 1219
2 1750
1 2090
1 215
2 2234
2 1797
1 1404
1 335
2 2382
1 2796
2 998
2 2413
2 1262
2 220
1 274
2 1605
2 1341
2 2788
1 2444
2 2438
2 809
2 733
1 1777
2 435
2 2219
2 1638
2 1338
1 1133
2 96
2 2657
1 2601
1 1357
1 541
1 1548
1 2051
1 1381
1 2016
1 2709
1 1906
1 1513
1 436
2 1816
1 4
2 1448
2 117
1 1158
1 26
1 2466
2 1705
1 2161
2 1628
1 2594
2 1598
2 2213
1 598
2 602
1 2739
1 2521
2 1463
2 1583
2 2479
1 409
2 2652
2 657
1 1814
2 2070
1 331
1 1220
2 2388
1 1029
1 673
1 1233
2 2638
1 267
1 1221
2 1832
1 1974
1 555
1 864
2 1186
1 925
1 1006
2 1242
2 1303
2 2471
2 895
2 509
1 1634
1 2184
1 1954
1 352
1 483
1 2493
1 606
1 1335
2 148
2 2523
1 967
2 986
1 2031
1 167
1 2755
1 184
1 22
2 353
1 2478
1 2618
2 661
2 1095
2 2622
1 200
1 2583
1 2475
2 588
1 1244
2 402
2 2230
2 830
2 139
2 1175
1 1975
2 2419
2 2541
1 221
2 2521
2 1774
2 55
2 132
2 1440
1 2217
1 1107
1 1681
2 109
2 1736
1 2667
2 1216
1 1882
2 2783
1 1184
1 191
1 2224
1 1222
1 213
2 507
2 827
2 2648
1 42
2 350
1 2081
2 1606
1 1019
2 10
2 92
2 2281
1 40
1 2515
2 2201
2 2746
2 1655
1 772
2 979
1 1644
2 438
2 97
1 1009
1 1961
1 2455
2 263
2 2185
2 1962
2 609
1 49
2 1008
1 413
1 1023
2 2422
2 1210
1 2470
1 2347
2 325
2 2544
2 744
2 1223
1 843
2 2765
1 1355
1 2607
2 488
2 677
2 1648
1 1540
1 337
1 2766
1 2712
2 973
2 382
1 2117
2 1996
1 869
2 2580
2 1490
2 1399
1 1617
2 1224
1 2798
1 1552
2 1713
2 822
2 348
1 521
2 907
1 2162
1 1926
2 2559
2 1003
2 212
1 2425
2 2035
2 1521
1 2774
2 1302
1 1265
2 2160
2 2159
1 2371
2 2525
2 2002
2 1971
2 1946
1 1998
2 519
1 1933
2 1830
1 2508
2 1370
2 1976
2 2242
2 2340
1 863
2 1418
1 2261
2 281
1 2572
2 1151
2 2312
2 1434
1 2591
2 2434
2 1518
2 2788
1 2091
1 2703
2 1545
1 2691
2 1514
1 1801
1 551
2 1150
1 1307
1 1223
2 544
1 1952
2 1117
2 408
1 699
1 1093
2 688
2 1228
2 1563
2 76
2 1437
1 2227
2 1659
2 2735
2 966
2 2644
2 453
2 1173
1 739
2 174
2 896
1 2500
2 2346
2 2123
2 2061
2 356
2 1200
2 2027
2 231
2 2791
1 1426
1 364
1 2027
2 2137
1 1270
2 1672
1 436
2 1931
1 788
1 430
1 1008
2 1289
2 1037
1 1485
1 536
2 1911
2 2078
2 1942
1 1650
1 2683
2 2109
2 2644
1 1468
2 2061
2 1714
1 1803
2 1328
2 1709
2 1805
1 2533
2 227
1 1838
2 1550
2 472
2 1406
1 358
2 422
1 2513
2 1194
2 1171
1 86
1 126
1 2565
2 351
1 808
1 33
1 2398
1 2785
2 627
1 230
1 2352
2 522
1 723
2 1089
2 1160
2 1432
2 2576
2 635
1 1734
2 1685
1 2267
2 1268
2 469
1 515
2 1507
1 911
1 14
1 2418
1 2030
1 2170
1 618
2 104
1 1758
2 1063
2 1224
1 681
1 726
2 850
2 2356
1 887
2 1141
1 1473
2 722
1 233
2 2465
2 1085
2 506
2 242
1 1612
1 2642
2 737
1 1200
2 1462
2 2752
2 1014
2 2520
1 2458
1 1470
1 1804
2 2278
2 147
1 651
1 2012
2 1846
1 1265
2 1480
1 1
2 1661
2 299
1 2627
1 1012
2 1075
2 2619
1 687
1 1445
2 366
1 1597
1 1165
2 419
1 2669
2 310
2 410
1 1022
2 2167
1 1402
1 1361
1 1564
2 225
1 2172
2 1888
2 409
1 1188
1 2492
2 1130
2 1704
1 1917
2 965
2 2005
1 2066
2 2498
2 398
2 1167
1 108
2 1916
2 1191
2 1973
1 1243
2 2456
1 2705
2 199
2 2056
1 1206
2 1263
1 2609
1 2248
1 652
1 1417
1 1972
2 1413
2 513
1 2075
1 2307
2 1740
1 463
2 2305
1 280
1 1000
2 2491
1 669
1 594
1 1501
2 261
2 426
2 783
2 1142
1 889
1 766
2 1851
1 595
2 2147
1 2218
2 2116
2 466
2 2730
2 796
1 2256
2 1910
2 1926
1 1855
1 2000
2 143
2 2613
1 1065
2 1258
2 1847
1 2621
1 473
1 1299
2 1061
2 2003
2 2162
2 2016
1 50
2 1152
2 2665
1 1313
1 1026
2 762
2 2263
1 2522
1 975
2 2698
2 245
2 1682
1 1900
2 2574
1 440
1 1763
1 2127
2 2550
1 811
1 1456
2 1143
2 308
2 582
1 227
1 2197
1 2678
2 2324
1 2006
2 781
1 2608
1 480
2 584
1 1076
2 2369
1 1543
1 2040
2 2461
2 1257
2 1169
1 2240
1 279
1 884
1 1287
2 211
2 1053
1 937
1 2688
2 1546
2 804
2 957
1 2781
2 104
2 808
1 2790
2 1619
2 181
1 1340
2 456
2 2434
1 450
1 1836
1 1253
1 1995
1 2294
2 2047
1 316
2 1121
2 18
2 1990
2 2309
1 1896
1 2173
1 2067
1 2615
2 2064
1 2728
2 2697
2 1689
2 1119
2 1317
2 765
2 666
2 40
2 828
2 1285
1 2458
1 1046
1 1250
2 579
1 1989
1 2477
2 1966
2 911
1 503
1 546
1 346
1 500
2 328
1 1495
1 236
2 670
1 1149
1 1269
2 2075
2 847
1 2220
2 580
1 2291
1 607
1 70
1 608
1 1247
1 1118
2 289
1 528
1 518
1 376
2 671
1 864
1 457
2 2582
2 1215
2 625
2 1973
2 1248
2 2199
1 604
2 1890
2 2518
1 2793
1 1888
2 985
1 874
2 515
1 1684
1 2037
1 1944
2 1178
2 404
2 770
2 1761
2 1996
2 1965
1 545
2 1639
1 2436
1 1627
1 937
2 894
2 1920
2 1753
1 278
2 1111
1 228
1 2151
2 157
2 2041
1 1400
2 829
1 585
2 2609
1 1126
2 2380
2 114
2 1533
2 419
2 2459
2 1155
2 1942
1 1589
1 374
1 623
2 173
1 1719
1 2696
2 1662
2 172
1 568
2 1047
1 908
1 1562
2 193
2 129
2 1736
2 2169
2 1314
2 58
2 151
1 1799
1 2099
2 2315
2 448
2 1051
1 1152
2 1228
1 954
1 1405
1 1632
1 2079
1 1476
2 1743
1 1878
1 355
2 34
1 1269
2 1714
1 2231
1 1652
2 1272
2 2489
2 287
1 651
2 1139
1 593
1 1092
1 177
2 6
1 559
1 1497
2 2783
1 972
2 2799
1 2536
1 2317
1 2736
1 243
2 1622
2 802
1 790
1 821
2 717
1 2598
2 1878
1 712
1 1528
1 1183
2 1495
1 21
2 524
2 1958
1 1332
2 534
1 2017
2 2414
2 1856
1 1078
1 1196
1 218
2 2345
1 2175
2 176
1 1406
1 2007
1 767
2 562
2 1039
1 1777
2 2461
1 1840
2 1214
1 2636
1 839
1 1693
1 2100
2 1203
2 2280
1 1477
2 286
1 1813
2 838
1 1258
1 1396
1 2068
2 2209
1 1916
2 249
2 511
1 2631
2 2506
2 1276
2 372
1 2704
2 2014
1 761
1 309
2 1438
1 267
1 283
1 1769
2 59
1 2088
2 1264
1 374
2 1911
1 240
1 573
2 672
1 2587
2 2532
1 2337
1 621
1 1591
1 65
1 763
2 118
2 2051
2 1159
1 2362
1 2319
1 901
1 64
1 2625
1 548
2 2295
1 493
1 1950
1 2341
1 811
2 1928
1 1835
2 143
2 1411
1 2628
2 996
2 1620
1 1493
1 2079
1 2718
1 2306
2 900
2 95
2 921
1 891
1 47
1 1079
1 1041
1 2157
1 1584
2 1523
2 2117
2 205
2 799
1 1913
2 485
1 922
1 46
2 2257
1 484
2 2420
1 342
2 2492
1 795
1 1325
1 2093
2 777
2 941
1 902
1 1806
2 2539
1 1592
1 782
1 2453
2 1397
1 1921
2 44
2 2517
2 1408
2 240
1 560
1 2654
2 2241
1 1590
2 20
1 715
1 501
1 794
1 2226
1 1377
1 1306
2 2743
1 1586
2 2189
1 1670
1 2629
2 232
2 1572
1 2247
2 1237
2 466
2 2678
2 2441
1 1717
1 339
1 2214
2 2497
2 2356
2 1883
1 548
2 1413
2 1017
2 187
1 865
1 1695
1 2046
1 1210
2 746
2 178
1 2181
2 119
2 552
2 302
2 1735
1 43
1 806
1 1839
1 1248
2 1752
2 1667
1 2262
2 2463
2 69
2 2009
1 306
2 255
1 76
1 1494
1 1357
2 1691
2 1707
2 2750
1 520
1 1345
1 1868
2 1260
1 2386
1 632
1 415
2 879
1 2652
2 475
1 977
2 1722
1 810
2 2210
2 1594
2 2764
2 317
2 1195
1 922
1 390
1 2142
2 1001
2 1737
1 270
1 123
2 1277
2 2512
2 639
2 1746
1 1975
1 1084
1 2724
2 1755
2 1830
2 1645
1 130
2 1364
2 751
2 523
2 1001
1 2597
2 2360
1 2630
1 2176
2 2005
1 1653
1 1653
1 1441
1 2389
2 1611
1 2290
1 258
2 1283
2 1819
2 1852
1 430
1 858
2 1146
2 1293
1 1298
1 997
1 1045
1 876
1 1880
1 1361
1 1842
2 2148
2 2053
1 394
2 859
2 106
1 2630
2 2292
2 1555
1 1766
2 1168
1 756
1 844
1 2450
1 1162
1 2337
2 970
1 2308
2 640
2 2496
2 2298
1 512
2 2417
1 1185
1 1219
2 1579
1 1399
1 2236
2 2323
2 1434
2 1703
2 2197
1 2181
2 11
2 2687
1 198
1 2675
1 1828
1 2136
2 381
2 1094
1 364
1 723
1 1789
1 1329
1 1751
2 2326
2 251
2 1366
2 1577
2 1263
1 368
2 376
2 1659
2 682
1 2535
2 2766
2 2283
1 2074
2 2375
1 1756
2 486
2 1297
2 1282
2 89
1 2383
2 312
2 1701
1 616
1 126
1 1607
2 2792
1 2456
2 791
2 2377
2 1389
1 1035
1 1835
2 4
2 2520
2 2684
2 1465
1 2053
2 2621
1 2374
1 1663
2 224
2 305
2 2749
1 1199
2 462
1 2001
2 1585
2 2370
1 635
1 2797
2 2768
2 1760
2 386
1 701
2 471
2 24
1 2785
2 31
2 149
1 1569
2 595
2 878
1 1086
1 2156
2 465
2 655
2 2490
2 710
1 854
1 358
2 1673
2 2190
1 2350
1 1347
2 327
1 260
1 1384
1 1064
1 1484
2 397
2 1867
2 145
1 103
2 2444
1 2643
1 147
2 2196
1 1377
2 1059
1 619
2 1531
2 1986
2 728
1 28
1 1382
2 785
2 825
1 2297
2 710
2 2366
1 2252
1 853
1 2177
1 1103
2 164
2 1785
2 1812
2 2261
1 1290
1 1906
2 219
2 1114
1 1796
1 451
2 1243
2 1450
2 1586
1 1140
2 803
2 1417
1 2714
1 2423
2 838
2 1336
2 2412
2 1724
1 357
2 2120
2 2136
2 101
1 1558
1 1366
1 951
2 869
2 1522
2 566
1 15
2 976
1 275
1 1154
2 960
2 1511
1 417
2 1004
1 110
1 1593
1 2406
1 2634
2 33
2 2428
1 1556
1 1903
1 2225
2 993
2 1460
1 1537
2 1313
2 2331
2 866
2 2725
1 189
1 256
2 393
2 2464
1 2234
2 631
1 1188
1 445
1 2494
2 1845
1 2778
1 2409
2 875
2 81
1 2512
1 105
2 407
2 902
1 403
2 599
2 1284
2 443
1 1097
2 1554
2 1438
2 1661
1 2085
2 207
1 1845
1 2427
1 232
2 1943
1 1448
2 2716
2 91
1 451
1 776
1 2373
2 666
2 591
2 1440
1 1192
1 1918
1 2269
2 1712
1 519
1 1307
1 709
1 1526
1 2320
1 1201
2 784
2 882
1 617
