5100 2000
2 2136
1 850
2 1211
2 95
2 166
2 870
1 1339
2 2508
1 1610
1 912
2 1992
2 1369
1 1459
2 1593
2 92
2 1323
2 1069
1 2406
2 1412
2 2411
2 12
2 2195
1 466
1 2176
2 2416
1 2138
1 1006
2 2191
1 58
1 2210
2 1581
2 221
2 321
2 1230
1 1273
2 2163
1 1827
1 97
2 570
2 2511
1 281
2 398
1 2477
2 1913
1 756
2 538
1 1239
2 1731
2 1772
1 1907
2 1041
2 1138
2 233
1 1834
1 691
1 920
2 53
2 238
2 1164
2 2489
2 1618
1 359
1 1270
1 895
2 1445
2 2375
2 1844
1 1269
2 1544
2 955
2 1745
1 1563
1 897
2 2009
2 99
1 1885
2 140
1 692
2 1049
2 137
2 1715
2 475
2 328
1 1960
1 1384
2 1434
2 1962
2 2361
1 2317
1 742
1 2258
2 1729
1 119
2 68
2 2186
2 724
1 2103
1 2344
2 1652
2 398
1 983
1 20
1 980
1 1739
1 2435
1 896
2 1614
1 688
2 638
2 1644
2 1329
2 2023
2 798
1 199
1 1128
1 1727
2 2121
1 1858
1 480
2 879
1 16
1 218
2 80
2 2274
2 723
1 867
1 1303
2 1832
1 1705
2 2330
2 2119
2 1419
1 1480
1 483
2 146
1 618
1 1327
2 1762
1 1961
2 1024
2 2114
2 1588
2 1097
1 1848
2 1894
2 2420
2 1276
2 241
1 1757
2 2502
2 2297
1 1032
1 2188
2 2201
1 1943
2 873
1 780
2 1231
1 1737
2 720
1 257
2 338
1 186
1 2314
2 58
2 2150
1 1594
2 474
1 1584
1 888
1 2384
1 2206
1 965
1 1801
2 816
1 2309
1 2124
1 2526
1 1850
1 2
1 1693
2 1834
2 1253
2 1074
2 2060
1 2339
2 169
2 1191
2 1903
2 679
1 221
2 1874
1 1799
2 2227
1 1620
1 272
1 317
1 2201
1 2054
1 885
2 2168
2 494
2 2188
2 559
1 928
2 2371
1 976
2 1364
1 59
1 932
1 1525
1 2310
1 1248
1 1874
1 387
2 57
2 426
1 2021
1 2164
1 1879
2 290
2 1969
2 367
2 570
1 373
1 479
1 1713
2 984
2 1356
1 992
1 222
2 199
1 682
2 2172
1 1985
1 1997
2 2362
1 953
2 800
1 910
1 2305
2 1705
1 40
2 82
2 1887
1 1190
2 1044
1 1259
1 2368
2 1654
1 573
2 827
1 2254
1 424
1 2269
2 1305
1 1753
1 375
2 1699
2 1087
1 1122
2 2267
2 1060
2 940
1 1312
1 1959
1 2315
2 1227
2 1534
2 1929
1 1555
2 107
1 2386
2 754
1 967
2 1672
2 2488
2 1900
2 685
1 2484
2 156
2 923
1 2341
1 1199
2 2260
1 1354
2 677
1 1389
2 43
1 2011
1 452
2 348
2 2411
1 1635
1 628
1 2532
1 1135
2 2050
2 880
1 1173
2 1565
1 965
1 124
1 978
1 1508
1 1835
1 215
2 1012
2 159
1 1029
1 1312
1 227
2 600
1 1304
1 1994
2 1520
2 608
2 1886
2 1157
2 1669
1 2297
2 1549
1 731
2 420
1 2080
1 1800
1 1116
1 2284
1 360
2 412
1 801
2 1576
2 983
1 1357
1 1870
2 2047
2 2374
2 2319
2 2372
1 1869
1 1301
2 2170
1 91
1 2255
1 1910
1 2251
2 963
2 2309
1 702
2 1091
1 945
2 1215
1 1042
1 1258
1 1326
1 1996
1 707
1 1064
2 1271
2 2288
1 1617
1 1822
2 65
2 821
1 9
2 2117
2 1833
1 1921
1 746
2 1906
1 1646
1 2044
2 170
1 226
2 2405
1 1807
1 1904
2 1096
1 505
1 2323
1 1355
2 12
2 2233
1 2305
1 2224
1 668
1 2245
2 1300
1 2545
1 2504
2 1768
2 1640
2 738
1 1964
1 829
1 1238
1 523
2 936
2 2129
1 982
2 439
1 141
1 1946
2 491
2 1426
1 116
1 2074
2 1335
2 495
1 631
1 737
1 2202
1 697
2 1607
1 2536
1 1540
2 1607
1 644
2 1093
1 1714
1 493
1 786
1 1114
2 403
1 515
2 2513
1 253
1 1193
2 610
1 1724
1 1018
2 1265
2 1572
2 2118
1 2422
1 267
2 593
2 828
1 1472
2 1107
1 1180
2 2337
1 922
1 1948
1 1468
2 1477
1 1750
1 1692
2 610
2 391
2 1783
2 109
1 157
2 465
1 1923
2 749
2 855
1 292
2 567
1 1512
1 1507
2 639
1 1707
2 1344
1 2447
1 91
1 1101
1 1324
1 357
1 862
1 350
1 2228
1 813
1 1726
1 1102
2 2263
1 449
2 595
1 2022
1 847
2 1393
1 232
1 2327
2 508
1 815
1 457
1 695
2 870
1 913
1 2357
1 431
2 444
2 1691
1 858
2 1078
2 2307
1 671
2 311
1 257
2 1691
2 175
1 1100
2 518
2 2209
2 2452
1 1481
2 31
2 21
2 725
2 2493
1 1183
1 2107
2 1709
1 1909
2 2364
1 1685
1 149
2 1612
2 1274
1 1110
2 827
2 1804
2 75
1 2213
2 1072
2 581
2 470
2 1961
2 2067
2 1369
1 1671
1 1894
1 1067
1 927
2 717
2 343
2 2325
1 1697
2 1086
2 2379
1 1182
2 1101
1 1057
2 1839
1 155
1 438
1 471
1 2281
2 153
2 792
2 1201
2 832
2 338
1 2506
2 1579
2 306
1 2395
1 1870
2 2333
2 248
2 314
2 598
2 732
2 2269
1 1640
1 1311
2 1420
2 989
2 120
2 2126
1 1532
2 719
2 162
2 263
1 1196
2 207
1 2042
2 1499
1 2302
1 2425
2 607
1 649
2 1248
2 2131
1 2180
1 2031
1 605
1 1583
2 1361
2 979
1 28
2 2501
2 2524
2 1285
2 2378
2 735
2 1129
2 2485
2 1629
2 2193
2 856
1 2162
2 2145
1 459
2 1023
1 443
2 1245
2 948
2 1987
1 900
1 2446
2 450
2 1837
2 886
1 1890
1 115
1 14
2 358
1 214
1 2024
2 650
1 991
1 716
1 1988
1 77
2 1221
2 1862
2 67
1 1068
2 1416
1 1594
2 2228
1 703
2 1845
1 1876
1 1723
1 647
2 2295
2 1491
1 522
2 784
1 2477
2 1730
2 776
1 594
2 1973
1 2461
2 1580
2 492
1 704
1 1740
2 548
2 2079
1 523
2 368
2 2189
1 2374
1 2159
2 1552
2 1442
1 1943
1 117
2 1563
2 2162
2 1322
1 487
2 1948
2 796
1 1241
1 319
1 2281
1 722
2 435
2 1486
1 1173
2 1077
2 235
2 1266
1 1004
1 2030
2 300
1 1414
1 1696
2 24
1 489
1 453
2 1357
2 2495
2 2108
2 1810
1 79
2 498
2 131
2 1682
1 503
1 2063
1 2285
2 1892
1 1696
1 1954
1 2353
2 868
2 1212
2 2168
1 1769
1 1494
2 529
1 487
1 2254
1 1259
1 1751
1 2425
1 625
1 1340
2 1389
1 516
2 861
1 167
2 2298
2 583
1 451
1 93
1 1761
1 2280
1 1706
1 1178
2 1234
1 1386
2 1374
1 1056
1 537
1 2103
2 2466
1 2467
1 1995
2 2137
2 2257
1 1630
1 1103
1 633
1 839
1 1148
2 460
1 1932
2 1910
1 526
1 1102
2 750
1 323
1 602
2 232
2 1932
2 997
1 407
2 1596
1 655
1 1901
1 2410
1 111
1 754
2 2441
1 800
1 2312
1 521
2 2512
1 804
1 2345
2 1142
2 2108
2 2517
2 2434
1 64
2 1796
2 1224
1 2190
2 593
2 1282
2 2151
1 1777
2 414
1 110
2 1585
2 2352
1 2403
1 122
2 374
2 2091
1 1587
1 643
1 344
1 2464
2 1123
1 1499
1 2414
2 245
2 1119
1 977
2 2482
1 381
1 359
1 1975
1 668
2 1693
1 331
2 1732
2 2469
2 623
2 650
1 552
1 565
2 653
2 1626
1 2008
1 789
2 1176
1 33
1 514
1 313
2 212
2 1778
1 163
1 1376
1 1625
2 242
1 2348
2 1112
1 1435
2 1383
1 544
2 779
2 1600
2 727
1 2380
2 1662
1 1088
1 238
2 229
1 384
1 114
2 1676
2 744
1 1864
2 2255
1 705
1 903
1 1603
2 860
1 342
1 1818
1 968
2 1666
2 1007
1 1149
1 1318
2 1581
1 2225
1 1524
1 1648
1 171
2 781
1 1896
1 2141
1 55
2 932
2 630
2 2003
2 1711
2 1536
2 730
2 1408
2 1241
2 183
2 1378
1 2296
2 532
2 1890
2 1678
2 2229
2 817
2 2289
1 2483
2 1968
1 1843
1 490
1 488
2 1152
1 1721
2 267
2 1964
1 2481
1 60
1 1845
1 382
1 482
1 1165
2 915
1 2105
1 861
1 1559
1 113
1 1602
1 1879
2 1504
2 1795
2 2107
1 258
1 130
1 2039
1 2294
1 1511
1 1506
2 1713
1 1204
2 2270
1 1738
2 803
1 876
2 2279
1 2044
1 721
1 157
2 200
1 1558
2 994
2 618
2 846
2 1283
2 1610
2 2540
1 13
1 1170
1 280
1 141
2 1075
2 1330
2 894
2 1858
2 2175
2 457
2 1310
2 1031
2 545
1 1306
1 71
2 1347
2 74
2 369
2 1930
2 1412
2 1484
2 2346
1 556
2 845
1 2261
2 1790
2 1401
1 833
1 914
2 261
1 2028
2 1974
1 755
1 708
2 1981
2 1659
1 1940
1 2040
2 2280
1 1314
1 1863
1 209
2 2436
1 1349
1 2290
2 1408
2 1007
1 2174
1 2432
2 1072
1 418
1 39
2 941
2 1012
2 1742
1 1298
1 1146
1 1917
1 320
1 1489
2 765
2 1076
2 1895
1 2156
1 391
1 168
1 1518
2 1804
1 1431
2 904
1 1437
1 1612
1 184
2 25
2 726
2 301
2 797
1 1424
2 2466
1 948
1 1543
2 1841
2 1324
1 782
1 722
1 550
2 1488
2 763
1 875
1 989
1 822
2 2199
2 22
2 2342
2 925
1 2099
2 1526
1 1428
1 513
2 678
1 1670
2 2355
2 1186
1 2119
1 49
2 2222
1 340
2 823
2 438
2 2203
1 1155
1 1859
2 30
2 2211
1 76
1 1545
2 1730
1 1342
2 836
1 602
1 433
1 654
1 1434
2 1642
1 1733
1 876
1 533
2 1099
1 874
2 1386
1 2027
1 921
1 118
1 713
1 119
2 132
2 1157
2 1108
2 2014
1 1192
2 2447
1 714
1 198
2 2291
1 2510
2 2167
2 190
1 1891
1 1021
1 1429
1 1895
1 2548
2 975
1 256
2 952
1 1197
1 1474
2 324
2 2329
2 717
1 1156
1 795
2 1556
2 842
1 937
2 730
1 954
2 552
1 270
1 760
1 2367
2 1415
2 1690
2 1031
2 1969
2 2350
1 86
1 689
1 1717
2 1926
1 2479
1 432
1 1166
2 535
1 2499
1 1302
2 234
2 1291
2 1478
1 505
1 423
1 2205
1 1860
1 1251
2 2061
2 1586
2 1224
2 545
2 2006
2 89
1 1460
2 224
2 1700
1 1883
1 270
1 1675
2 383
1 2354
2 1060
2 1820
1 1067
1 1466
2 43
2 518
2 1831
2 1348
2 1513
1 1592
1 1991
2 1830
2 1951
2 1464
2 987
2 1505
2 1171
2 2365
1 2544
1 2393
2 1951
1 246
2 1704
2 2490
2 2292
2 1542
2 1505
2 456
2 1367
2 1548
2 1780
1 1220
1 644
1 1897
1 1339
1 2021
1 373
2 1591
1 1052
1 79
1 1931
2 823
1 2373
1 562
1 1393
1 1519
2 615
2 590
2 1690
2 312
2 1289
1 90
1 2433
2 825
2 582
1 2340
1 515
1 1165
1 1096
1 302
2 47
2 2326
2 2521
1 1572
1 1893
2 2454
2 265
1 642
1 1265
1 2100
1 1151
1 1345
1 1597
1 1294
1 1418
1 1560
1 820
2 936
1 1281
2 1841
1 361
2 2361
1 1744
2 188
2 985
2 938
1 1475
1 425
2 1207
1 2457
2 1344
1 775
1 2485
2 2311
2 1971
1 226
1 1346
2 206
2 1151
1 1516
2 458
1 2115
2 1172
1 1073
2 1456
2 1111
2 1387
2 282
1 2456
1 1274
1 1750
2 470
2 814
2 198
2 797
2 1002
2 960
2 1694
2 569
2 734
2 1884
1 835
1 2438
2 310
1 259
1 1657
2 1035
2 2376
1 1143
2 606
1 2484
2 1008
1 628
1 2123
2 7
2 453
2 881
2 2049
1 1320
1 1108
1 430
1 1604
2 1510
2 2017
2 926
2 2007
1 1788
1 228
1 1963
2 1328
1 2420
1 2005
1 1914
1 778
2 1379
2 547
1 2156
1 2523
1 1071
1 53
1 594
2 1147
2 1784
1 725
2 446
1 108
2 1546
2 46
1 100
2 1650
2 2442
2 56
1 2506
1 1517
1 23
1 1424
1 1669
2 193
2 2072
2 298
2 268
1 2142
2 1692
2 1539
1 83
1 1097
2 778
1 2448
1 371
2 2048
1 2268
2 2380
1 1410
1 1015
1 1177
2 1877
2 1938
2 1365
1 1666
1 1373
1 2080
2 127
2 142
1 1857
2 1077
1 2169
1 2027
2 954
2 2093
1 1400
1 1385
2 98
1 163
1 1878
1 110
1 57
2 288
1 521
2 1351
2 2243
2 2264
2 255
1 1480
2 139
1 2026
1 2173
1 325
1 1519
2 502
2 1976
2 1832
1 935
1 1816
1 72
2 757
1 11
1 887
1 1992
1 894
2 304
2 275
1 2366
2 596
1 211
1 440
2 1247
2 2144
1 1456
1 1119
2 478
2 841
1 2143
2 1813
1 1924
2 123
2 2454
1 1928
1 1066
2 689
1 1365
2 434
1 786
2 1570
2 2109
1 1824
1 686
1 884
2 2365
1 805
1 1935
2 1137
2 2192
2 1272
2 871
1 1758
1 1481
2 418
2 1124
2 1861
1 2440
2 1577
1 473
1 2196
2 1381
1 1233
2 2335
1 2145
1 265
2 2334
2 2128
2 2480
2 35
2 1382
2 527
2 2510
2 1315
2 1394
1 2085
2 565
1 571
1 1032
2 1782
1 1561
2 125
1 2086
1 1453
2 1628
2 2482
2 1257
1 2193
1 1185
2 126
2 1397
2 417
1 1956
2 22
1 278
1 1292
2 1052
2 1492
1 289
1 1702
1 1962
2 2077
1 1539
2 2197
1 2318
1 461
1 920
1 555
2 990
2 2204
1 2547
2 591
2 225
2 762
2 1643
2 973
2 1720
2 1390
2 1209
2 1633
2 1470
1 2339
1 1595
2 510
1 673
1 1234
1 1004
2 1712
1 1000
2 566
1 1095
1 726
1 755
2 485
2 2325
1 160
2 2401
2 2203
1 1440
1 930
2 1827
1 764
2 471
2 313
2 1974
2 1214
1 222
1 1619
2 2066
1 362
1 567
1 859
1 1143
1 145
1 2522
1 184
1 1546
2 1407
1 1168
1 1262
2 393
2 2079
2 2512
2 641
2 2016
2 166
1 439
2 956
1 995
2 2409
2 1811
2 154
2 2165
2 331
2 406
2 1090
2 1922
1 377
1 44
2 1724
2 1376
1 2266
2 1792
2 637
1 1142
1 1574
2 1764
2 1136
2 2182
2 837
1 2082
1 2306
1 1388
1 1231
1 1121
2 1629
2 1154
2 1915
1 863
2 2407
1 623
2 792
2 1122
2 150
1 824
1 751
1 2480
2 1445
2 743
2 2382
2 561
2 346
2 445
2 636
1 1441
1 2187
2 2208
1 526
1 1468
1 50
2 1452
1 1515
1 2267
2 400
2 676
1 2167
2 1350
2 2496
2 1820
1 2261
2 1837
2 2343
1 1510
2 1849
1 1823
1 2053
1 1591
2 2073
1 981
2 1865
2 2081
2 742
1 624
1 214
1 52
2 305
2 919
1 2065
2 1938
2 1836
2 607
2 2526
1 1687
2 112
2 2140
1 2125
1 1081
2 2501
1 1309
2 217
2 1414
1 1188
2 690
2 374
1 666
1 2102
2 988
2 676
1 52
2 1422
1 348
2 2549
2 1462
1 169
2 791
1 1527
2 2045
1 1785
2 1120
1 197
2 902
1 1090
1 1575
2 2200
1 1276
2 1116
2 1150
2 261
1 1826
2 61
1 1953
2 279
1 1054
1 901
1 984
1 1402
1 916
2 1701
2 583
1 1768
2 553
2 287
1 843
1 271
2 740
1 718
2 2262
1 407
1 1080
1 700
2 1800
1 675
2 905
1 1431
2 2043
1 1788
1 155
1 85
1 1972
1 2075
2 1530
2 888
2 500
2 1683
2 675
1 1221
1 2147
1 2242
2 1029
1 204
1 1058
1 1006
1 2397
2 394
1 73
2 1058
2 135
1 2358
1 322
2 1656
1 918
2 2016
1 1085
2 1638
2 1030
1 711
1 1538
2 2390
1 750
2 872
2 1959
1 1989
2 1930
2 1043
2 3
2 2284
1 115
2 577
2 2321
1 709
2 581
1 1871
2 1263
1 1918
2 1260
2 1461
1 2431
1 890
1 1647
2 1603
2 2363
2 2184
1 514
2 2549
1 2264
1 1701
2 1
1 532
1 2139
1 566
1 1470
1 1893
2 1399
2 2116
1 2180
1 1757
2 975
2 1515
2 1655
1 1729
1 159
1 2248
1 1752
2 961
2 947
1 956
2 629
1 831
2 103
2 878
1 1150
2 1516
2 1884
2 2262
1 1253
2 1751
2 1476
2 1738
1 2010
2 1809
1 1174
1 1673
2 1206
2 2087
1 1454
2 2077
1 1559
1 2007
1 48
1 1789
1 1786
1 1469
2 463
2 2432
2 347
1 2118
1 1589
2 758
2 2419
1 2449
2 1263
1 1319
1 1302
1 2335
1 442
1 2287
2 2036
1 320
2 893
2 388
2 2541
1 1355
2 1295
2 662
1 2300
1 1993
2 410
2 2166
2 243
1 102
1 902
1 1469
1 253
2 413
1 321
2 2263
1 1117
2 1799
1 2242
1 2058
1 1635
2 733
1 635
1 1163
1 1187
1 1206
2 1447
1 2400
2 1734
2 886
1 201
1 1852
1 849
1 334
1 378
2 853
2 979
2 2057
2 741
2 819
1 1808
1 240
2 1334
1 106
1 2146
2 194
1 970
2 454
1 204
1 1720
1 571
1 387
1 376
1 1360
2 757
2 2196
2 1316
1 986
2 957
2 2002
2 609
1 2304
1 1901
2 1767
1 546
2 2499
1 665
1 355
1 369
1 677
2 548
1 1034
2 62
2 1217
1 1535
2 146
1 1332
1 1251
2 1936
1 148
2 560
1 475
1 1931
1 17
1 1293
2 1977
1 293
2 1466
1 1540
2 2323
1 1507
1 2527
1 1256
1 2518
1 1455
2 818
2 2509
1 1362
1 349
2 1944
2 2493
1 95
2 766
2 2522
2 1908
1 1272
2 2399
1 2289
1 2031
1 23
2 2363
1 1933
1 727
2 898
2 1869
1 180
2 1798
2 2452
1 2218
2 1503
2 844
1 1913
1 2408
1 419
1 2444
2 1055
1 1240
1 2029
1 1448
1 635
2 1966
1 1003
1 498
1 986
1 35
1 579
2 621
2 830
2 1722
1 2232
2 1496
1 924
2 116
1 551
1 1855
1 2371
1 1511
1 1880
1 346
1 759
2 220
1 1088
1 2163
1 1134
2 2068
1 1842
1 93
1 2532
2 1767
1 1970
2 1779
2 1997
2 2358
2 746
1 2197
1 44
2 553
2 1465
1 1366
2 2520
1 761
2 1156
1 2102
2 1277
1 1663
1 534
2 1625
2 1613
2 1854
2 444
2 9
1 1162
1 2282
1 1685
1 1141
1 1597
1 201
2 1728
2 1853
2 2210
2 2211
2 1606
1 1717
2 154
2 830
1 1664
2 2013
1 90
2 1284
1 2158
1 174
1 2537
1 2458
1 1518
1 345
2 1784
2 1282
2 365
1 2406
1 2535
1 2385
1 1399
2 1769
2 765
1 2084
1 787
1 1042
1 456
2 931
2 1071
1 2448
2 1653
1 1187
1 1580
1 101
2 465
1 519
2 1100
1 1749
2 1615
1 2038
2 1341
1 2111
2 1202
1 2300
2 1556
1 1537
1 1851
2 1627
1 869
2 112
2 436
1 1908
2 502
2 1881
2 1623
2 2059
2 1773
2 1998
2 1476
2 1880
2 399
1 2538
1 852
2 290
1 1105
1 2497
2 1000
2 576
2 308
2 2507
2 1139
2 645
1 2249
2 38
2 899
1 263
2 957
1 780
2 520
2 314
2 2019
2 105
2 2160
1 790
1 2126
1 1417
1 1939
1 2486
2 2273
1 1495
2 925
2 1794
1 2387
1 1317
1 1321
1 1824
1 1201
1 203
1 1632
1 1195
2 1925
2 1028
2 2226
2 317
1 1754
1 294
2 279
2 2498
1 574
2 624
1 1486
2 1095
2 428
1 576
2 2474
1 1249
1 1016
1 2467
1 1415
2 1898
2 1133
2 1786
1 2347
2 1178
2 1489
2 2130
1 928
2 1740
2 499
2 2231
2 2043
1 504
2 934
1 1079
1 1147
1 2444
2 1794
1 1112
1 2353
2 173
1 2388
1 1806
1 133
2 1017
2 643
2 356
2 1321
2 1818
1 1350
1 2450
1 1384
2 2351
1 1492
2 1926
1 2155
1 2370
2 2104
1 2376
2 2236
1 185
2 334
1 15
2 1592
2 2529
2 1648
2 2502
1 447
1 494
1 2276
1 2046
2 54
1 347
2 1646
2 995
2 1501
2 1790
1 840
2 1531
1 1370
2 1677
1 1050
2 344
1 2307
2 1491
2 1805
1 1347
1 1027
2 137
1 1446
1 1290
2 2392
2 433
2 1288
2 256
2 890
1 333
2 857
2 134
2 1986
1 296
1 2032
2 1045
2 2018
2 323
2 1325
2 2282
1 2245
2 1498
2 1080
2 76
1 620
2 1128
2 1210
1 1421
1 1428
1 2220
1 1819
2 1707
1 1686
2 2530
1 1609
2 1526
1 1359
2 481
2 329
2 1381
1 1037
1 2220
1 1444
1 2244
1 248
2 1911
2 1866
1 776
2 1336
2 944
1 446
1 524
1 1025
2 2022
1 81
2 884
1 627
1 2478
1 429
1 605
1 651
1 361
2 2391
2 881
1 1093
2 941
1 1008
2 2301
2 250
1 29
1 764
1 2293
2 748
2 202
2 2113
2 745
1 626
2 1848
2 1280
1 1027
1 772
1 1562
1 793
2 838
2 820
1 1322
2 164
2 964
1 1309
1 1530
1 454
2 562
2 1627
1 2068
2 1978
1 419
1 522
2 36
1 1995
1 866
1 536
1 771
2 2066
2 2465
1 243
2 1208
2 287
1 1331
1 1065
1 2536
1 2364
1 1126
2 646
1 769
2 478
1 442
2 2161
2 516
2 143
1 714
1 1660
2 1927
1 64
1 181
1 1238
2 1550
2 2546
2 20
2 153
2 2445
2 1166
1 185
2 1525
2 1821
1 476
1 1390
1 1418
1 994
1 299
2 2135
2 211
1 1828
1 2083
2 681
2 1167
1 2524
2 1598
2 966
2 2024
2 2424
2 1658
1 1896
2 2207
2 303
2 247
2 2232
1 1649
1 1911
2 1402
2 1361
1 739
2 2235
2 1588
1 1983
1 2520
1 964
1 1851
1 1079
1 587
2 1887
2 639
2 1522
2 1982
2 2377
2 807
1 1092
2 1920
2 1425
1 1292
2 2426
1 328
2 1829
1 2494
2 2550
2 811
1 372
2 2356
1 1118
2 2277
1 671
2 557
2 10
1 1033
1 969
2 244
2 561
2 1765
1 2252
2 2161
2 854
1 421
1 48
1 484
1 295
1 1708
1 2111
1 1785
1 2462
1 1195
2 147
1 2073
1 1267
2 1463
1 1062
2 1990
1 413
2 1561
1 2487
1 2336
1 2404
1 351
2 390
2 2392
2 1401
2 1923
1 284
1 2131
1 452
1 1654
1 1942
2 828
1 2527
2 322
2 1523
2 109
1 310
2 863
2 1614
2 425
1 388
2 2476
2 977
2 1078
2 2041
1 1639
2 1092
1 575
1 1743
1 299
2 170
2 2461
1 62
1 2446
2 2240
1 533
2 1547
2 914
2 2020
1 1346
2 1823
2 772
2 1749
2 1825
2 1647
1 1688
2 1529
1 1578
1 1746
2 1541
2 2061
2 2542
1 208
1 1285
2 536
1 615
2 2357
2 422
1 2071
2 1429
2 783
2 564
1 943
2 26
2 1473
2 2317
2 2368
2 2227
2 864
2 1674
1 254
1 178
2 1986
2 354
2 1485
1 252
1 974
2 698
1 1671
2 506
2 617
2 2500
1 286
2 1746
2 1375
1 244
2 1105
1 2256
2 1772
1 2304
1 1618
2 543
1 795
1 2500
2 2045
2 556
1 2248
1 138
2 1770
2 73
2 367
2 1400
2 1465
2 1708
2 2303
1 1107
2 669
2 911
2 1557
1 619
1 1278
1 1342
2 1185
1 483
2 1411
1 2519
2 2036
2 551
1 2528
1 1815
2 1756
2 2222
2 1676
1 108
2 1010
2 2236
2 1478
2 223
2 1140
1 1781
2 167
1 574
1 1448
1 2096
1 70
2 2062
1 1003
1 2153
1 1771
2 978
2 2191
1 1899
2 1048
1 1548
1 710
1 1816
2 435
2 366
1 1332
2 2413
1 806
1 2164
1 1723
2 1620
2 534
1 1044
2 1423
1 1383
2 2011
1 1438
1 2049
2 352
1 192
1 142
2 2525
1 2271
1 2449
2 2428
1 1587
2 2117
2 2176
2 336
1 1236
1 1759
2 1812
1 1650
2 2440
2 1760
1 1741
1 2481
2 2093
2 2488
2 484
1 225
2 1762
2 2415
1 1817
1 586
2 339
1 1793
1 868
1 2074
2 1645
1 234
1 1379
2 1432
1 1320
1 156
1 853
2 2453
1 271
1 1636
2 34
2 147
2 1695
1 461
1 2063
1 1941
1 477
1 1311
1 1733
2 1566
1 794
1 1528
2 1533
1 2401
1 249
2 1803
1 215
2 943
1 186
2 846
2 190
1 1945
2 1203
1 1668
1 2310
2 2346
1 1055
2 489
2 1106
2 2099
1 200
2 1403
1 1531
1 972
1 911
1 777
2 1955
1 2130
1 1709
2 445
2 2253
2 443
2 1056
1 1982
1 1026
1 942
2 898
1 538
2 2288
2 819
2 1814
2 404
1 1999
2 2094
2 161
2 2069
1 176
1 78
2 953
2 809
1 699
2 458
1 262
1 284
1 740
2 1474
1 2094
2 504
1 1846
1 1743
2 501
1 180
2 1144
1 1341
1 1392
1 2185
2 603
1 1047
1 1945
1 99
1 1242
2 596
2 59
2 2003
1 785
1 1363
1 1061
2 285
1 121
2 1728
1 2112
2 563
2 390
1 1348
2 768
2 1905
2 231
2 1158
2 2494
2 1744
2 613
1 1979
2 782
2 968
2 680
2 327
1 2041
2 1250
2 1814
1 2544
1 1681
1 2412
2 588
1 976
1 1846
2 2039
1 2382
1 129
1 401
2 2434
1 219
2 2350
1 681
1 679
1 1631
1 808
2 1209
1 859
1 707
2 1566
2 1878
1 2037
2 1520
2 900
1 1502
2 760
2 164
1 258
2 1619
2 38
1 1286
1 933
1 2375
1 427
2 1127
2 400
2 2215
1 1218
1 655
2 913
2 1590
1 1084
1 481
2 1679
1 544
1 1573
1 1145
2 2327
1 652
2 2152
1 2472
1 599
1 341
2 1856
2 128
2 2153
2 430
1 985
2 143
1 296
2 2338
1 1839
2 1471
2 239
1 1089
2 491
2 1298
1 1130
2 1928
2 558
2 2209
1 1323
1 1924
2 2238
2 2170
2 2430
2 42
1 2154
2 771
2 2443
1 149
1 2223
1 245
1 633
1 2142
2 2418
1 802
1 1599
1 316
2 1051
2 2473
1 447
2 1686
1 175
2 36
1 1863
1 1641
2 1621
2 951
2 721
1 2459
1 493
2 83
1 1267
2 394
2 1739
1 1918
1 501
1 858
1 1966
2 926
1 350
2 1184
1 695
1 1046
2 1083
2 242
1 1712
2 1956
2 1126
1 2064
2 2514
2 2546
2 962
1 1524
2 2012
1 176
1 217
1 1358
1 2505
2 101
2 667
2 2460
2 189
2 1377
1 1791
1 897
1 711
1 715
1 1264
2 2091
1 210
2 1066
1 380
1 907
1 5
2 1571
2 1988
2 1333
1 1914
1 2221
1 2517
1 987
2 735
1 2216
1 1290
1 739
2 2521
1 2302
1 2458
2 2249
2 686
1 1857
1 788
2 1673
1 1775
1 1443
2 1953
1 708
1 34
2 1638
1 682
1 1453
2 724
2 960
2 2019
2 2128
1 1268
2 2381
2 195
2 2319
2 2059
2 810
1 1835
1 2101
1 1132
2 1582
2 1883
1 63
2 1300
2 2138
2 1417
2 1514
1 1179
2 1616
1 2504
1 2097
2 1409
1 228
2 557
2 1181
1 173
1 1576
1 703
2 1378
1 1464
2 1811
1 2505
2 193
1 672
1 604
2 2123
2 32
2 294
2 580
1 2089
1 2290
2 351
1 67
2 2394
2 2013
1 1736
2 2112
1 1624
1 637
1 586
1 2470
1 1900
2 145
1 802
1 472
2 88
2 1763
2 2072
1 1059
1 1420
2 756
2 2239
1 281
2 122
2 237
2 1850
2 1301
1 996
1 1242
1 1753
2 1998
2 572
2 1287
1 1907
2 1954
2 971
1 1461
2 1050
2 2399
1 330
1 1771
1 1941
1 2056
2 1759
1 1853
2 2468
1 1
2 1330
1 389
1 2475
1 513
2 511
1 2338
1 1662
1 1406
2 1338
1 1218
2 1054
1 1441
2 362
1 318
2 2212
2 636
1 2516
2 2134
1 1194
2 2179
2 747
1 380
1 1680
1 1564
1 32
2 1256
1 1838
2 2474
1 2177
1 700
2 1659
2 1183
2 865
1 1529
2 2539
1 2160
1 2109
1 2088
1 168
2 1260
1 1268
2 790
2 788
1 1370
1 2542
1 336
1 1777
2 1225
1 662
2 1812
1 851
1 1797
1 1550
2 2272
1 1549
1 389
1 2351
2 1385
2 2511
2 2360
2 822
2 1774
2 2247
1 148
1 877
2 728
2 2246
2 1885
2 1136
2 15
1 1403
1 434
2 1205
2 1641
2 1703
2 1303
1 250
1 1579
1 421
1 991
1 632
2 337
2 2534
2 402
2 2051
2 1176
2 177
1 341
1 342
1 254
2 251
2 2286
2 2514
1 2237
1 2148
1 1053
2 291
1 1567
1 2455
2 528
2 799
2 1106
1 1967
1 144
1 1089
1 2018
2 2398
1 2416
1 249
1 25
2 1875
1 1458
2 1296
1 579
2 236
1 474
2 448
2 426
1 27
1 651
1 857
2 1145
2 1426
2 670
1 2386
2 2069
2 129
2 24
2 1682
2 1586
1 2313
1 1487
1 672
1 1407
2 3
2 1702
2 497
2 2266
1 2192
1 612
1 1912
2 2360
1 1719
2 340
1 2152
2 1663
1 659
1 229
1 427
2 1124
2 1854
1 1025
1 69
1 1989
1 2540
2 774
2 2275
2 854
2 642
2 834
2 783
2 1450
1 496
2 85
1 1527
1 291
2 1817
1 934
1 2530
2 1957
1 585
1 2241
2 2402
1 2278
2 2324
1 1596
2 151
1 1232
1 652
1 2471
2 1436
2 833
1 1395
1 276
2 825
2 1999
1 177
2 172
2 111
1 1483
1 2120
2 2476
2 1748
2 1280
2 2231
2 2055
2 2348
1 1158
2 767
2 2265
2 1933
1 1547
1 663
1 2445
2 2114
2 713
1 1555
1 563
2 1277
1 1177
1 1760
1 1299
1 496
1 2495
1 352
1 2528
2 1065
2 1734
2 1148
1 1942
2 1247
1 1308
1 664
2 844
2 529
1 982
1 1873
1 89
2 2127
2 386
1 152
1 1199
1 382
2 524
2 1184
2 592
2 1121
2 1801
2 1859
1 597
1 358
2 1877
1 1552
1 469
1 1387
2 945
2 208
2 1398
1 303
1 488
1 1783
1 1287
1 1075
2 915
2 205
1 1152
2 2475
2 1230
1 939
2 720
1 1317
1 2234
2 1544
1 704
2 329
1 617
2 11
1 2129
2 408
1 1352
1 933
2 1258
2 971
1 2519
1 1560
1 1246
2 793
2 28
1 609
1 806
2 1477
2 1732
2 774
1 128
1 935
2 187
2 51
1 2075
1 499
1 71
1 2298
2 674
1 584
1 2234
1 1843
2 2175
2 732
2 188
2 187
2 882
2 2533
1 2312
2 715
2 462
1 476
1 283
1 2331
2 1805
1 1337
2 1532
1 2471
2 836
2 716
1 1573
1 950
2 648
1 349
2 2509
1 2067
2 192
1 264
1 379
1 1443
2 1131
2 2132
1 2078
2 1584
1 216
2 1430
1 216
1 1825
2 2012
1 691
2 92
1 370
2 917
2 1356
2 2354
2 946
1 2057
1 162
2 745
2 1725
2 416
2 999
2 386
2 930
1 259
2 577
2 160
2 2419
1 2503
1 1216
1 2085
1 1439
2 405
1 1502
1 2367
1 974
1 1802
2 472
2 1364
2 1388
1 766
1 1118
1 1710
2 694
2 2140
2 286
2 572
2 1471
2 931
1 1651
1 1601
1 2513
1 1867
1 1509
1 1737
2 1460
1 1237
2 37
1 2002
1 206
2 2106
1 751
1 1668
1 761
1 1836
2 39
1 908
2 2110
1 202
1 1535
1 1380
2 37
1 1459
2 1343
1 1497
2 1048
2 748
2 503
1 41
1 1040
2 850
2 2062
2 2531
2 2463
2 1442
1 130
1 165
1 1430
1 78
2 2332
1 832
2 1632
2 2345
1 2285
1 1279
2 1829
2 1137
2 2030
1 1972
1 2430
2 2439
1 2431
2 2450
2 2116
2 1051
2 61
2 951
2 1601
2 355
2 1022
2 988
2 2292
1 1949
1 8
1 274
2 852
2 118
1 597
2 1180
1 144
1 512
1 1450
1 1675
2 616
1 929
1 1677
1 2265
1 455
1 21
2 42
1 1600
2 1482
1 1018
2 2424
2 2046
2 1684
2 327
1 1146
1 510
1 2207
1 1087
1 2139
2 2076
2 1061
2 1133
1 207
2 659
2 1404
2 1019
2 1226
1 1172
2 80
2 1019
1 1392
2 2015
1 921
2 2134
2 2020
1 1483
1 2491
2 816
2 2190
2 1038
2 1976
1 578
2 2472
1 1269
1 1490
2 104
2 2205
1 2316
1 2017
1 1223
2 2058
2 2322
1 775
1 27
1 1937
1 2023
2 1861
2 55
2 564
2 230
1 467
1 2186
2 2272
1 1742
2 1667
2 1831
1 1747
1 2052
2 550
2 845
2 669
2 136
1 2523
1 907
1 1360
2 527
2 1585
2 1059
2 94
1 896
1 1710
1 1266
1 1694
1 1109
2 1649
1 2110
1 2316
1 763
1 2400
1 734
1 2050
1 183
1 1409
1 1490
1 1599
2 1644
2 2533
1 1036
1 743
1 2157
2 131
2 1405
2 2033
1 613
1 363
2 1202
1 354
1 1046
2 1193
1 495
2 622
1 584
1 1432
2 608
1 647
1 1748
1 2311
1 1947
1 1957
1 1593
2 1237
1 384
2 1073
1 19
1 860
2 182
2 1138
2 2336
1 993
1 683
2 126
2 33
1 1611
1 509
2 1375
1 712
1 1043
1 239
2 2349
2 546
1 1513
1 451
1 1889
2 1770
1 569
1 801
2 927
2 997
2 1735
1 482
2 1153
2 412
1 1958
1 353
2 1063
1 105
1 72
1 464
2 1281
2 1094
2 1123
2 1542
1 541
2 601
2 205
2 1250
1 1182
1 2306
2 1034
1 171
2 2135
2 1196
1 2396
1 1223
2 1296
2 2422
1 892
1 1023
1 1745
2 640
2 104
2 784
2 2243
2 492
2 1484
1 1371
2 1617
1 1645
2 1488
1 2250
2 696
2 1852
2 392
1 817
2 1098
2 796
2 2462
2 512
2 2388
2 1155
2 918
2 2246
1 1792
1 1672
1 2237
2 938
1 947
2 2178
2 2151
1 1611
2 1002
2 485
1 1821
2 1899
1 1316
1 1718
2 508
2 415
1 2341
1 2157
2 878
2 1735
1 133
2 693
2 2238
2 2038
1 1240
1 530
2 592
2 1144
2 843
1 2214
2 2436
2 520
1 2084
1 411
2 826
1 332
2 1014
1 405
2 690
2 1451
1 1463
2 1216
1 2489
1 1334
1 1213
2 1451
1 603
1 2394
2 2178
1 2320
1 2025
2 29
2 811
1 416
1 2144
1 1553
2 554
1 191
1 1062
2 1217
2 2137
2 410
1 2181
2 922
1 2125
1 63
2 1377
2 2455
1 2165
1 673
1 75
2 1283
2 1458
2 867
1 1522
1 368
1 702
2 2230
2 1084
2 595
1 376
1 1678
1 220
2 393
1 1091
1 1161
1 959
1 2010
1 2437
1 2121
1 1228
2 397
2 107
2 1254
2 1985
2 2233
2 864
1 235
1 1233
2 1235
1 1813
1 2390
2 540
2 1160
2 117
2 10
2 357
2 1479
1 777
2 1325
2 1795
2 1958
2 2052
2 395
1 1304
2 432
1 1135
2 862
1 66
1 525
1 1725
1 895
2 663
1 1987
1 1421
2 1411
1 14
2 1189
2 1695
2 831
1 812
2 621
2 1716
1 300
1 275
1 377
1 706
2 18
1 1642
2 2268
2 1410
2 1076
1 2451
2 966
2 114
1 2149
2 1807
1 1498
1 753
1 195
1 1245
1 345
2 733
2 885
2 1161
1 2047
2 152
1 2256
1 2441
1 1920
2 648
1 889
2 5
1 1630
2 1634
1 2247
1 1656
2 1981
2 2155
1 1099
2 1991
1 809
1 1936
1 670
2 1871
2 409
1 288
2 365
2 1028
2 2301
1 2515
2 1011
2 999
2 737
2 787
2 559
2 1475
2 326
2 2487
2 2427
2 278
1 1775
2 1200
1 302
1 1755
2 640
2 1129
2 339
1 260
2 1228
1 2198
1 1664
1 773
1 812
2 280
2 629
2 182
1 1437
2 1115
2 1082
1 1960
1 1773
2 962
2 889
2 1444
2 1570
1 136
2 2408
1 1503
1 2525
2 839
2 1197
1 1406
2 1440
2 1297
1 165
2 1394
1 337
1 1810
1 4
1 1934
2 2101
2 2089
1 1545
1 1598
2 1569
2 274
1 1239
1 1711
2 575
2 1722
1 1362
2 1120
1 875
2 1204
1 473
1 1374
1 906
2 779
2 1439
1 903
1 237
1 646
2 1683
1 1553
2 1074
1 2457
2 98
1 51
1 2287
2 2429
2 1020
1 1806
2 517
1 1286
2 1681
2 604
1 233
1 1684
1 1912
1 68
2 1338
2 1715
1 838
2 909
1 1665
2 13
2 2451
2 448
1 397
1 2349
1 1010
2 124
2 1220
1 1802
2 1235
1 467
1 1094
2 1704
1 2273
1 2226
2 464
2 2337
1 967
1 7
2 2279
1 2206
1 1243
1 335
2 486
1 1447
1 295
1 392
1 1968
2 2241
1 2122
1 1628
2 2033
2 158
2 1679
2 2260
1 1844
2 1787
2 842
1 1882
1 1452
2 1271
2 1082
1 807
1 1457
1 189
2 578
2 2393
1 1626
1 2115
2 2439
2 1840
2 1731
2 1922
1 1353
2 417
1 2459
1 1289
2 2000
1 770
1 1950
2 531
1 866
2 1506
2 1252
2 901
2 360
2 684
1 436
1 849
1 1005
1 1512
2 712
1 519
2 19
2 1141
2 466
1 1117
2 2412
1 785
1 1667
1 2194
2 558
2 74
1 1840
1 231
1 1665
1 950
2 1661
2 972
1 2322
1 773
1 2456
2 1479
1 1514
2 1328
2 240
1 2407
2 1543
2 540
1 1109
2 1179
2 1613
1 1153
1 1574
1 2313
1 372
1 2212
2 218
2 1270
1 2104
2 1170
1 531
2 298
1 1949
2 2092
2 276
1 2359
2 1755
2 1657
1 1205
1 84
2 1567
1 620
2 479
2 2133
1 1689
2 210
2 600
2 1366
2 835
2 1652
2 409
1 1433
1 1636
1 856
1 1779
2 509
2 437
1 1293
1 212
2 883
1 2182
2 2113
2 1564
2 1718
2 2189
2 656
1 1736
2 45
1 2320
1 490
2 1608
1 804
1 1262
2 1776
1 1780
1 1372
1 1299
2 2469
1 2437
2 912
2 645
1 343
1 1946
2 1495
2 2217
2 1537
1 1815
1 1449
1 588
2 2202
2 684
1 2391
1 848
2 1423
2 1275
1 589
2 1700
2 2283
1 431
1 1039
1 665
2 289
1 1615
2 2051
1 2433
2 2329
2 1159
2 1363
2 906
2 121
2 1319
2 2127
1 2169
1 1782
2 213
2 2185
1 1973
2 66
2 1536
2 2187
2 631
1 910
1 497
1 30
1 1264
1 459
1 312
2 2179
1 701
2 2491
1 837
1 706
2 879
2 311
2 422
2 2405
1 981
2 2098
1 2537
2 905
1 2356
1 1189
2 872
1 1721
1 1925
1 1039
1 942
1 1558
1 1979
2 1747
2 1015
1 297
1 2369
1 140
2 963
2 692
1 113
2 1916
1 1295
1 2270
2 826
2 698
1 2229
1 1457
2 1045
2 1670
2 568
2 1085
1 791
2 2014
1 2428
2 1380
2 1658
1 87
2 1336
2 821
2 2415
2 1098
1 2100
1 1297
2 1766
1 2547
1 1661
1 2034
1 2332
1 2295
1 2417
2 1889
1 2006
2 2463
1 970
1 2342
1 325
2 1212
1 2054
2 2195
2 2053
2 395
1 813
2 2543
1 396
2 535
2 762
1 1038
1 65
2 599
2 2293
1 1655
1 1906
1 2503
2 1741
2 1467
1 2239
2 396
2 332
1 1970
1 364
2 1980
2 1227
2 2385
1 139
1 1419
1 1754
2 641
1 1349
1 2149
2 1081
2 1983
1 2414
2 151
1 1798
2 855
1 1226
1 378
2 688
1 1436
2 530
1 1984
1 2029
2 2143
2 181
2 2541
1 2064
1 1833
1 1132
1 315
2 2150
1 6
1 929
1 2060
2 877
1 1372
1 1842
1 2315
2 993
1 379
2 2082
1 1892
2 1359
1 1307
1 134
2 123
2 1902
2 1181
1 1934
1 794
1 1582
1 269
1 1017
1 1254
1 94
2 944
1 47
2 1337
2 697
1 2352
1 834
1 824
1 161
2 1225
2 462
2 1726
2 2421
2 363
1 598
2 1140
2 1706
1 701
1 798
1 1188
1 364
1 1175
2 2181
1 450
1 815
1 937
2 1609
2 1229
2 414
2 1211
2 2372
1 1917
1 1413
1 2171
1 1222
2 1888
1 2177
2 1977
1 2000
1 1001
1 1808
2 2324
2 1944
1 619
1 543
2 1033
1 1703
2 1416
2 356
2 2531
2 1487
2 255
1 728
2 1261
2 370
2 1935
1 1329
2 203
2 1278
1 537
2 224
2 2398
2 477
2 638
1 219
2 1589
1 1761
2 632
2 2035
2 1125
1 758
2 1149
2 1687
1 2251
2 1950
2 744
2 1898
1 2217
2 308
1 2515
2 2334
1 998
1 1396
2 2330
1 6
2 1315
2 500
1 656
2 1521
2 326
1 2
1 1602
1 2328
1 705
1 2158
1 1965
2 2516
2 2037
1 1508
2 1872
2 2496
1 1413
1 1368
1 1856
2 799
1 805
2 1113
2 736
2 2395
2 2384
1 2235
2 2090
1 1699
2 2529
2 1493
2 1590
1 1952
2 871
1 138
1 1026
2 227
2 2538
1 2497
2 1637
1 1980
2 102
1 1244
1 97
2 2402
1 2065
1 2070
2 1496
1 874
2 2545
1 2468
1 1623
2 517
2 1830
2 741
1 653
2 86
1 1940
1 752
2 580
1 630
1 2223
2 661
2 50
1 2221
2 1219
1 127
2 2258
2 781
2 1868
2 399
2 1847
1 2344
2 1865
1 197
2 685
1 16
2 2034
1 582
2 1688
1 385
1 657
1 1766
2 1194
1 2373
2 661
2 1873
1 1521
2 2498
1 230
2 719
2 1433
2 1778
1 2225
2 440
1 2219
1 196
2 69
1 307
1 60
2 1164
2 865
1 1493
1 307
1 1557
1 1554
2 236
1 31
1 667
2 423
2 585
1 2274
2 1305
1 2389
2 710
1 560
2 627
2 818
2 2219
2 2343
2 1358
1 1159
2 2098
2 2383
2 2026
1 469
1 1261
1 1862
2 468
2 194
1 506
2 883
1 1565
2 1326
1 2464
2 1875
1 2403
1 1246
1 330
1 1104
1 869
2 2359
1 891
1 404
1 1719
1 1171
1 1427
2 1472
1 539
2 1888
2 1497
2 1154
1 1175
1 1343
2 179
2 262
1 958
1 1208
1 2124
2 666
1 2362
1 768
1 1396
2 1243
1 1984
2 306
1 283
2 282
1 1255
1 132
2 106
1 829
2 749
1 266
1 2213
1 1651
1 2095
1 2166
2 1037
2 1404
1 2548
2 17
1 940
2 542
2 2171
1 1674
1 353
1 2214
1 2492
1 4
1 810
1 2423
1 1916
2 699
1 1891
2 1163
2 2417
1 1198
2 1578
2 2291
2 1069
2 961
1 1068
1 269
1 693
1 2383
1 54
1 46
2 1809
1 1764
1 1595
2 158
1 1990
2 803
2 1134
1 486
1 223
1 1005
2 179
1 1501
2 1876
1 2483
2 2465
1 401
1 1569
1 899
2 2347
1 2008
1 634
1 2048
1 1382
1 1860
1 1232
2 1622
1 729
1 2396
2 2418
1 2097
2 1562
2 2240
1 2086
2 272
1 1698
2 2299
2 1222
2 1279
2 1631
2 753
2 767
2 1881
1 525
1 614
1 1057
2 949
1 2106
1 2397
1 614
2 2257
1 952
1 1975
1 1605
1 2409
1 463
2 1035
2 1438
1 2443
1 1886
2 2314
2 429
2 1131
2 2423
2 2136
1 1314
1 1307
2 2479
2 1368
2 1971
2 1391
1 1633
2 441
1 2083
2 70
2 266
2 1643
1 547
2 455
2 2550
2 687
2 2141
1 1803
1 1955
2 949
1 1053
2 2147
1 2055
2 2442
1 2366
2 990
2 2534
2 2183
1 273
2 252
2 1353
2 1160
2 507
2 1494
2 1169
1 2321
2 1127
2 1765
2 1967
2 2507
2 2004
1 1822
2 1921
2 2042
2 1021
2 660
1 1405
2 87
1 1758
2 309
2 980
2 381
1 2105
1 2174
1 2224
2 770
2 1114
1 916
2 1192
1 2001
1 2159
1 441
2 2259
2 403
2 1605
2 1047
1 82
2 1919
2 408
1 8
2 1213
1 1373
1 808
1 2087
1 1229
2 2387
1 2413
2 1214
2 402
2 2076
1 2088
1 1939
1 1482
2 2460
1 1115
2 507
1 120
1 2244
2 616
1 1571
2 1849
1 1528
1 2096
1 1551
2 88
2 1313
2 1070
2 2133
2 1787
1 1847
1 1697
1 590
2 84
1 2278
2 2426
1 49
2 1904
2 1866
1 840
1 1318
2 1111
2 2198
2 2035
1 1009
1 318
1 2078
1 736
1 309
1 2070
2 612
1 2294
1 814
2 2252
2 241
2 1897
1 606
1 955
2 1013
1 891
2 1041
2 1781
1 2071
1 2001
1 1016
1 77
2 992
1 541
1 2095
2 304
2 1198
1 660
1 2410
2 1523
2 2486
2 1621
1 480
2 2492
1 2299
1 1284
2 611
1 626
2 848
2 1391
1 654
1 251
1 1473
2 1855
1 1538
1 542
2 1331
2 2005
1 1996
1 1455
2 1200
2 731
1 1113
1 2271
1 1291
1 81
1 172
2 1273
1 1915
2 2009
2 324
2 2381
1 723
1 1796
2 178
2 1608
1 1207
1 958
1 601
2 103
2 1103
2 1030
1 2172
1 1462
2 738
2 649
1 622
2 2389
1 301
2 1698
2 1551
2 2199
2 1485
2 2146
1 1125
2 1963
1 1398
1 315
1 415
2 678
2 2543
2 292
1 1902
1 135
1 125
2 2378
1 285
1 1838
2 2259
2 1427
2 1716
2 1994
1 528
1 1797
2 411
2 1070
2 2377
2 1937
2 41
2 150
1 1191
1 40
1 2081
1 729
2 468
1 366
2 2250
2 1534
1 2404
2 1819
2 1872
2 769
1 882
2 1793
2 1500
2 959
2 1864
1 893
1 892
2 460
2 2355
1 2296
1 1219
2 1554
2 2490
1 1583
2 1308
1 1086
1 847
2 1927
2 923
1 2276
2 1215
2 2184
2 998
1 1174
2 1275
2 1244
1 1791
1 1169
1 1351
2 1310
2 2470
1 2331
1 1013
2 375
2 449
1 1190
1 293
1 1083
2 1306
2 1446
2 2328
1 1905
1 1533
1 887
2 319
2 1014
2 2230
2 1257
2 2253
1 625
1 2308
2 2173
1 2028
2 1249
2 1327
1 1868
1 385
2 277
2 1689
1 2132
1 316
2 1714
2 1727
2 1422
2 1345
1 1929
2 1210
1 1637
1 2283
1 2092
2 18
1 1575
1 1509
2 1352
1 1756
2 2200
2 1040
1 1449
2 1606
2 634
2 1335
2 904
1 297
1 305
1 1604
1 100
1 1294
1 1660
2 45
1 1001
2 718
2 549
1 1167
1 917
1 2303
2 247
2 511
2 1395
2 1568
2 1009
2 2539
2 568
2 589
2 664
2 2216
1 1903
1 1919
2 96
2 696
1 2370
1 2340
2 611
1 1024
1 1500
2 1763
1 1978
2 2473
2 2183
2 1624
1 96
2 2326
1 555
1 2333
1 268
2 996
2 1622
1 383
2 2120
2 1774
1 1577
1 658
1 2015
1 1634
2 2004
1 752
1 428
2 841
2 973
2 335
2 687
2 1236
1 1130
1 2438
1 2148
1 1541
1 2429
2 1909
1 420
1 657
1 1952
2 587
2 213
2 851
2 273
1 246
2 880
1 1397
1 1435
1 2369
2 909
2 554
2 924
1 333
1 1367
1 437
2 2435
1 939
2 1110
2 1828
2 196
1 1776
2 2025
2 1011
2 1255
2 26
1 2204
2 2056
1 1752
2 260
2 539
2 2194
2 694
1 2208
2 1020
1 591
1 2518
1 406
2 1568
2 2308
1 1882
2 1947
1 680
1 1186
2 2286
2 1288
1 2421
2 209
2 174
2 1203
1 1826
1 908
2 2318
1 1454
1 1653
1 1063
2 2508
1 873
2 1867
2 2032
2 371
2 1252
1 946
2 1680
1 573
2 1064
2 1467
1 191
2 969
1 1425
1 1504
1 709
2 264
1 424
1 1993
2 2122
1 1049
1 1371
2 549
2 1104
1 919
1 1354
1 2275
1 56
1 1517
1 1616
1 2453
2 789
2 2427
1 1168
1 1340
2 759
2 1139
2 1789
1 2478
2 747
2 2218
1 2040
2 1333
2 2154
1 1965
2 683
2 2090
1 1639
1 2215
1 674
2 658
2 2379
2 1036
1 2277
2 1313
2 2535
1 1162
2 1022
2 277
