5100 5500
2 2272
1 1779
1 365
1 2071
1 1231
1 1492
2 878
2 230
1 197
2 940
1 2401
2 240
1 216
1 2146
1 1922
1 2140
1 2376
2 1162
2 1621
2 1402
2 710
1 1341
1 694
1 932
2 578
2 1461
1 2334
2 1067
1 2088
1 1475
1 1167
1 1184
1 1202
2 747
1 1089
2 2016
1 2468
2 449
2 2531
1 261
2 742
2 1815
2 417
2 937
2 1935
2 1084
2 2173
2 22
2 2117
2 715
2 1078
2 948
2 2502
2 1271
2 182
1 1901
1 2254
1 1651
1 2176
1 1701
2 1426
2 2255
1 1620
2 2433
1 76
1 1750
2 63
1 2294
1 1994
2 852
2 33
1 1337
1 613
2 2019
1 1339
2 1101
2 1136
2 1845
2 1475
1 1179
1 2042
1 1330
2 1331
1 2297
1 1990
1 632
2 968
2 468
1 1016
2 234
1 593
1 603
2 1835
1 2508
2 993
2 891
1 2329
2 540
1 745
2 316
2 1823
2 2432
2 474
1 2021
2 2343
1 2356
1 1794
1 2337
2 1340
2 2096
1 1769
1 736
2 1261
1 65
2 496
1 1112
2 488
2 841
2 1093
2 1563
2 399
1 527
1 676
1 2387
1 1762
2 990
1 2171
2 58
1 2274
2 134
1 160
2 2465
2 1702
2 2139
1 2364
1 411
1 405
1 389
2 1838
2 1477
1 1942
1 1748
2 2515
2 115
1 1183
1 295
2 1611
2 385
2 2531
1 132
2 1967
2 2463
1 863
2 402
2 873
2 2517
2 758
1 758
1 2296
2 1043
1 1856
2 943
1 894
2 1101
2 2267
2 2235
2 1231
1 320
1 478
2 2186
2 2130
1 2132
1 1803
1 2241
2 2188
1 1600
2 1390
2 556
2 1567
1 2027
2 59
1 2117
1 1649
1 1948
2 2474
2 247
1 2000
1 2134
1 619
1 86
2 2267
2 1270
1 50
2 221
2 1634
1 250
1 480
1 1462
2 1484
2 1141
2 612
1 2438
2 161
2 1397
1 1346
2 980
2 1176
2 2182
2 2301
2 351
1 552
1 728
1 1560
2 845
2 681
2 1960
1 2110
1 1025
2 2124
2 1534
1 256
1 88
2 1944
1 2021
2 1631
2 1781
2 1365
1 20
1 2001
1 268
1 1722
1 202
1 1919
1 2169
2 2149
2 695
2 864
1 875
1 2346
2 1459
2 2498
1 842
1 1959
2 688
1 258
1 1296
1 802
2 1328
1 162
2 1777
1 875
2 82
2 344
1 2480
1 414
2 604
1 1769
1 512
1 757
1 1364
2 1693
1 1927
2 1477
1 1284
2 994
1 1736
2 607
1 2330
1 2398
2 39
1 1374
2 1360
1 198
2 2104
1 1645
1 880
2 1152
2 1601
2 1605
1 2455
1 2219
1 1058
1 783
1 1584
1 498
2 1348
2 1770
1 314
1 513
2 1476
2 2159
1 177
2 1907
2 453
2 572
2 232
1 1054
2 1155
1 672
1 2293
2 431
1 184
1 2246
2 2440
1 694
1 186
2 1100
1 850
2 813
2 1584
2 2154
2 1371
2 2338
1 1077
1 2529
2 1999
2 321
2 125
2 1971
2 2431
2 1416
1 1647
2 1711
2 570
2 1213
1 494
1 582
2 695
2 1979
2 1269
2 2492
1 2333
1 194
1 329
2 1010
1 2143
2 442
1 1988
2 1533
1 348
2 471
1 1157
2 2428
2 1738
1 1139
1 1158
2 677
2 209
2 1178
1 2191
1 1044
2 1610
1 2307
2 13
1 1311
2 2167
1 311
2 513
2 2057
2 852
1 1230
1 307
1 2007
1 2400
2 514
1 1640
2 1610
2 1507
1 504
1 2199
2 1106
1 1405
1 1282
1 2199
1 1202
2 146
1 1480
2 1169
2 2271
2 1590
2 1607
1 2325
2 2240
1 1382
2 463
2 939
1 188
1 1377
2 1721
1 2209
1 1516
2 192
2 1609
2 526
1 680
1 1710
1 662
1 1139
2 1796
1 384
2 1186
2 965
2 886
2 2237
2 457
1 1402
1 158
1 2258
1 221
1 949
1 2137
2 2064
1 787
1 927
2 227
2 1600
2 1815
2 1294
1 988
1 92
2 1381
1 1182
2 379
2 1935
1 203
2 1465
1 926
1 2466
2 1658
1 2193
1 920
2 1129
2 643
1 116
1 1997
2 223
1 1440
2 2250
2 1437
2 2177
2 1846
1 492
1 1527
2 1430
1 1831
2 868
1 1212
2 1896
1 453
1 1273
2 1550
2 2401
2 1790
1 1788
1 1124
1 244
2 569
2 1401
1 2227
2 42
2 2091
1 1597
2 1727
1 508
1 1904
1 371
2 215
2 416
2 1605
1 19
2 1884
1 872
1 222
1 1696
2 1758
2 93
1 1465
2 783
2 936
2 1088
2 1052
2 98
1 2389
2 2525
1 793
2 663
1 1568
1 260
2 2256
1 1433
2 826
2 1467
2 1158
1 642
2 558
2 182
2 1551
2 350
1 1029
2 2131
2 2118
1 1075
1 438
1 2057
2 2065
1 2309
1 817
2 1335
2 2316
1 2391
2 2352
2 525
1 1097
1 2003
2 1157
2 1870
2 2178
2 1289
1 115
2 2543
2 816
2 716
2 2109
1 2208
2 1303
2 501
2 2385
2 634
2 377
1 2317
2 1180
2 1351
1 231
1 1529
1 1751
2 1830
1 1503
1 2098
2 2233
1 648
2 2410
2 2340
2 538
2 1650
2 428
1 237
2 1077
1 2514
2 244
2 1258
1 1017
1 1460
1 1264
1 1620
2 2545
1 109
2 611
2 2311
2 2201
1 268
2 1841
1 1277
2 80
1 2080
2 267
1 1726
2 1123
2 901
2 1906
2 2144
1 885
1 736
1 114
1 1142
2 2176
2 1641
1 149
1 32
2 415
1 1358
2 2122
2 2376
1 337
2 21
1 739
2 256
2 1521
2 1240
1 982
2 1598
1 2168
2 2081
1 90
1 57
1 338
2 2137
1 72
1 2069
2 2475
1 1046
1 1531
1 620
1 997
2 1678
2 296
2 1035
1 2038
1 1732
1 823
1 1729
2 959
1 1716
1 1578
2 1181
1 1271
1 1951
1 2247
1 2233
2 1376
1 1977
1 1783
2 1099
1 293
1 618
2 189
2 1983
2 1868
1 1563
2 1772
1 1256
1 2512
2 1242
2 97
1 1506
2 1092
1 139
1 1939
2 614
2 373
1 2193
1 1561
2 1374
2 2470
2 1667
1 1685
1 1952
2 196
2 1659
1 1116
2 138
1 406
1 1972
1 691
2 390
1 2439
1 2068
1 843
2 1476
2 2474
2 1030
1 1934
1 572
1 1196
1 1005
2 1624
2 1099
2 972
2 119
2 1791
1 30
1 1445
2 97
2 1130
2 1558
2 2204
2 1617
1 126
2 2449
1 856
1 2536
2 270
2 448
1 2439
1 701
2 180
2 1298
1 353
2 726
1 812
2 1329
1 986
2 757
1 416
1 1960
1 206
1 1382
2 1937
2 205
1 145
2 2252
1 1443
1 866
1 2089
1 375
1 977
1 28
2 1415
1 1852
2 2234
2 2455
2 1307
1 1902
1 1926
1 387
1 805
2 85
2 1395
2 381
1 764
2 881
1 808
2 2479
1 2411
2 766
1 1421
2 366
2 1632
2 1380
1 2101
2 112
2 1814
2 200
2 1564
2 1714
1 53
1 178
2 2237
1 1020
2 1204
1 360
1 903
2 129
2 424
1 1715
1 1216
1 442
2 1182
1 200
1 1986
1 1876
2 1741
1 2523
2 201
2 128
1 751
2 1468
2 798
2 547
2 1217
2 1175
1 1724
1 2548
2 765
1 1327
2 1603
1 553
2 238
2 2050
2 118
2 950
2 16
1 174
2 1162
2 439
2 488
2 1118
2 2296
1 1944
2 65
1 981
1 1853
2 2350
1 1792
1 996
1 1966
2 1829
2 2413
2 2244
1 1314
2 456
1 2097
1 2020
2 2509
1 457
2 1245
1 942
2 824
2 1343
1 1754
1 554
2 304
2 1575
2 2010
2 1831
2 1878
2 325
1 946
2 1341
1 1572
2 148
2 2406
1 429
1 2382
1 2119
2 1626
2 70
1 2315
1 1699
2 2143
1 823
1 914
2 2061
2 1587
2 1950
1 1548
1 2500
2 2269
1 2130
1 856
1 1740
2 2160
1 568
2 2075
1 518
2 1043
1 1908
1 944
1 1199
2 298
1 204
1 506
2 1275
2 704
1 2239
2 33
2 127
1 2077
1 2112
1 2101
2 2155
1 1886
2 106
1 87
1 1832
1 700
1 478
2 1686
1 1692
1 1290
2 627
2 2318
2 1766
1 1207
1 452
2 1797
2 846
2 613
1 1773
1 978
1 1094
1 851
2 1122
1 382
1 1570
2 1983
1 1197
2 242
2 2464
2 967
1 628
1 555
2 2312
1 1194
1 2519
1 573
1 233
1 734
2 2114
1 1134
1 156
2 1755
1 466
2 1628
2 1643
1 746
1 807
1 563
1 699
1 2471
2 1914
1 640
1 954
2 2211
2 2440
2 2228
2 2169
2 1778
1 26
1 1635
2 101
2 1991
2 2175
1 2023
1 445
1 980
1 1752
2 2496
1 1753
2 50
2 1553
1 484
1 2074
1 858
1 2013
2 274
1 2466
2 836
1 1940
2 1800
1 2161
2 2408
1 1208
2 702
1 1331
1 1258
2 2342
1 1272
1 1394
2 249
2 2158
2 657
1 1899
2 1404
2 2099
1 779
2 1230
1 1437
2 117
2 958
1 90
2 772
2 2032
2 41
1 2295
2 294
2 1861
2 328
1 1210
1 2348
2 1770
2 1697
2 156
2 2509
1 710
1 2299
1 1249
2 1200
1 1996
2 658
1 1249
2 735
2 2301
1 1125
2 989
1 1292
2 2116
2 536
2 2081
1 1847
1 51
2 1513
1 495
1 1089
2 760
2 1150
1 822
1 797
2 2012
2 2550
2 1751
2 2138
1 1564
2 803
2 444
2 1873
1 877
2 970
2 1651
2 1218
1 850
1 2397
2 308
1 2322
1 181
2 1608
2 2056
1 766
2 810
2 351
2 1155
2 224
2 834
2 1845
1 58
2 2189
2 2181
2 1629
1 420
1 1690
1 1784
2 2186
1 11
1 924
1 2415
2 1214
2 2121
2 2213
1 2306
1 1939
2 477
1 1454
1 536
1 1922
2 1911
1 1850
1 1315
1 716
1 1825
1 44
1 799
2 951
2 1848
1 1786
1 51
1 703
2 2273
2 134
2 2162
2 759
2 1774
2 705
2 2174
2 102
1 1909
2 909
2 2
2 860
2 1350
1 212
2 976
1 586
2 2292
1 17
2 1383
2 953
2 1
2 2397
2 1869
2 334
2 489
1 1010
1 1660
2 1838
1 1766
1 377
2 1383
2 2124
2 1805
1 1267
1 890
2 362
2 306
2 2142
1 1038
1 2504
1 1235
1 806
1 1111
2 1136
1 1499
2 2269
1 299
1 1984
1 493
1 646
2 1742
2 938
1 857
1 1360
2 1964
1 1014
2 73
1 1137
2 2521
2 590
1 1718
1 690
2 365
2 149
2 841
1 1114
1 1763
2 279
2 1462
2 2416
2 433
1 2201
2 368
2 1456
2 1060
2 829
1 1323
1 342
2 1665
1 915
1 2535
1 2096
1 332
1 2356
2 2336
1 1768
1 2245
1 1224
1 171
1 898
2 1161
1 560
1 1132
2 701
1 235
2 1747
1 659
1 145
2 2073
1 133
1 1773
2 341
2 814
1 617
2 521
2 259
1 2481
1 1863
2 837
1 1704
2 1212
1 825
2 509
1 612
1 1547
1 1436
2 157
1 253
2 1223
1 2051
2 833
2 1795
1 787
2 375
1 2163
1 466
2 202
2 1973
2 1328
2 1403
1 581
1 1451
2 1512
2 52
1 1080
2 2175
1 421
2 820
1 2093
1 1855
2 1295
2 235
1 232
1 1890
1 992
2 269
1 109
1 1032
1 2530
1 722
2 1506
2 2102
2 2086
1 1759
2 188
1 1879
1 633
2 2371
1 1365
2 525
2 1424
1 2388
1 2489
1 674
2 996
2 2084
2 1931
2 165
1 68
1 900
2 2187
2 1189
2 1061
1 1065
1 1689
2 1349
1 151
2 592
2 1122
1 1915
1 1807
2 1286
2 2037
1 432
2 1115
1 2353
1 164
2 1075
2 1970
1 2510
2 564
1 1442
1 579
1 483
1 669
1 1861
1 1575
2 1894
1 2014
2 2219
2 2365
1 780
2 1538
2 559
1 675
2 1527
1 1706
2 2263
2 2487
1 2517
2 2428
2 1975
1 34
2 1864
2 706
1 2437
1 2070
2 99
2 391
2 2067
1 923
1 821
1 2103
1 1156
1 144
2 277
1 1590
2 1427
1 1262
1 1637
2 960
1 1516
2 1602
1 1389
2 876
1 2369
1 1205
1 2415
2 597
2 38
2 1417
1 1438
1 1398
2 1806
2 360
2 464
2 1870
2 1047
2 960
2 744
1 2290
2 380
2 1809
2 708
1 1466
2 575
2 126
2 1889
1 1531
2 906
1 206
2 1350
1 1904
1 407
1 616
1 1757
2 1127
2 1124
2 1822
1 2441
2 1418
1 1612
1 2438
1 743
1 439
2 2451
2 796
2 2310
1 2011
1 2328
1 1054
2 2061
2 15
1 809
2 1998
2 107
1 2387
1 583
1 1259
2 556
2 1056
2 1255
1 588
2 1810
1 1890
2 2196
1 1852
1 2156
2 1486
1 1490
2 534
1 1631
1 100
2 1367
1 42
2 1511
1 1661
1 237
2 563
2 1062
1 1115
2 170
1 427
2 214
2 720
2 947
1 1446
1 1385
2 2217
2 502
2 1294
1 1463
1 2136
1 635
1 1923
1 544
1 1874
1 781
2 773
2 1791
1 459
2 380
1 2528
2 1780
1 1025
1 1877
2 2128
2 1389
1 610
1 1571
2 1730
1 2018
2 463
1 45
1 1969
2 1707
1 1276
2 1977
1 2159
2 1107
2 113
2 1974
1 413
1 346
2 2346
2 460
2 1470
2 13
2 451
2 664
2 2129
1 1419
1 450
1 2028
2 764
1 1994
1 1018
2 1166
1 172
1 1536
1 1242
2 2526
2 1121
1 2283
1 1332
1 367
2 1596
2 333
2 929
2 1832
1 2456
1 1965
2 1342
2 848
1 1091
1 1358
1 213
2 2181
2 499
2 1980
2 1980
1 1828
1 516
1 1877
2 574
1 1573
2 1486
1 2278
2 1311
2 1592
2 602
2 1065
1 1836
2 1396
1 105
1 46
1 2280
2 2432
2 1495
1 2349
2 1116
1 1057
1 1900
1 738
1 1001
2 1391
2 2423
2 1555
1 684
1 312
1 2002
1 2142
2 728
2 1883
2 220
1 1016
1 426
2 652
2 839
1 1595
1 1864
2 1833
2 1056
2 2121
1 2256
2 1232
2 974
2 1238
1 1308
1 1756
2 1224
1 1961
1 2503
2 2192
1 1429
2 2444
1 1283
1 668
2 990
1 2049
1 458
1 1468
2 6
2 1491
2 1928
1 1354
2 2419
1 1865
2 711
2 583
1 1555
2 1070
2 93
1 155
1 485
1 25
1 338
1 1098
1 2379
2 2374
2 2320
2 185
1 1277
2 625
1 1566
2 2386
2 916
2 1192
2 1171
1 1517
1 769
2 1918
2 1349
1 1411
2 968
2 585
2 957
2 131
2 634
1 305
1 1004
1 930
1 2452
2 677
1 969
2 1279
1 1968
1 723
2 991
1 249
1 2110
1 546
2 1548
1 2094
1 387
2 2220
1 1178
2 1740
2 650
2 422
2 2046
1 1024
2 45
2 1284
2 1812
1 1859
1 1321
1 917
2 2020
2 910
2 1744
1 392
2 1762
1 669
2 190
1 193
1 1515
1 1822
2 2053
2 1245
1 2164
2 417
2 718
2 426
1 1953
1 1897
1 815
1 1106
1 2203
1 1060
2 535
2 1278
1 1699
2 560
2 849
1 2111
1 1671
2 1539
2 718
1 163
1 1322
1 54
2 2305
1 1095
1 108
1 2046
2 2443
2 686
2 1571
1 1522
1 540
2 2532
2 1591
2 623
1 812
1 23
2 2206
1 2402
2 508
1 1811
2 2511
1 330
1 983
2 471
1 1146
2 1726
1 1281
1 1513
1 1671
2 55
2 2374
2 567
2 103
2 1802
1 1198
2 1526
1 2434
1 48
2 2537
2 2088
1 1627
1 1625
2 1676
2 507
2 706
1 302
2 1118
1 855
1 1410
1 1049
2 1676
1 491
2 309
1 1862
1 2038
1 1533
2 2289
1 1229
2 1775
1 1552
1 600
2 660
1 1372
1 510
2 1338
2 2105
1 656
1 1924
2 1406
2 2216
1 350
2 2102
2 1221
1 1318
2 1826
2 1324
2 2139
2 230
2 81
1 340
1 1137
2 2265
2 1330
2 1569
2 2083
2 1496
2 1058
2 679
1 1589
1 1560
1 1558
2 524
1 791
2 1033
2 2518
1 1589
2 818
1 639
1 208
2 1801
1 528
2 1154
2 1632
1 652
2 1749
2 1226
2 719
2 1781
1 2005
1 177
2 183
2 1017
1 640
2 1222
1 161
2 714
1 438
2 1194
1 1663
2 111
2 2459
1 347
2 1733
1 2251
1 561
1 2527
2 1900
1 430
1 262
2 20
2 1037
2 2105
2 745
2 1732
2 557
2 1577
2 2148
1 1261
1 603
2 2330
1 1263
1 2205
2 2519
1 224
2 1484
1 1334
2 1954
1 1376
2 2477
2 2094
2 1364
1 1457
2 129
2 353
1 2055
1 862
2 172
1 1094
1 1493
2 1576
2 869
1 1874
2 1847
1 1811
1 1013
1 1379
2 1489
2 1195
2 1301
1 1008
2 108
2 647
1 1581
2 2087
1 1713
2 2170
2 1367
1 2059
2 198
2 2206
2 1918
2 1478
1 1287
1 665
1 1380
2 892
1 592
1 682
2 1263
2 1705
2 482
2 418
2 2473
2 363
1 2333
2 1578
2 660
2 593
1 403
2 1509
2 2202
2 1760
1 1913
2 1916
1 352
1 549
1 1248
2 446
2 557
2 2032
2 1045
1 762
2 1661
1 1319
1 573
2 1542
2 1246
2 774
1 2276
1 2260
2 1990
1 2238
2 2223
1 2406
2 1048
1 269
2 867
1 2359
1 288
1 1717
2 1095
2 2325
1 2028
2 803
2 1079
1 1562
1 1063
1 2068
2 1051
1 784
2 2500
2 2458
1 1384
1 2140
1 1002
1 1674
2 1666
2 1875
2 815
2 160
1 1688
2 2362
2 2123
2 631
1 49
2 2107
2 356
1 1635
2 589
1 2266
1 1491
2 1346
2 888
1 882
2 1794
2 1745
1 1206
1 223
1 893
2 754
1 2177
1 469
1 498
2 668
1 1310
2 2013
1 1511
2 11
2 469
1 865
1 2341
1 1616
2 608
2 2097
1 763
1 743
2 600
1 1347
1 1998
1 352
1 201
1 851
2 2336
2 1117
2 918
2 800
1 487
2 15
1 2345
1 571
2 2318
1 545
1 1347
2 1207
1 1711
2 524
2 586
2 2520
1 2538
1 2223
2 873
1 1265
1 1405
2 1031
2 620
1 2196
2 1524
2 2302
1 372
2 241
1 1090
2 83
1 713
2 146
2 1356
2 406
2 410
2 197
1 624
1 2436
1 47
1 837
1 683
2 29
2 279
2 1848
1 2494
1 1280
1 1666
2 1394
1 2133
2 1658
2 371
1 388
1 722
2 1239
2 879
1 938
1 1579
2 1372
1 437
2 136
1 1746
2 1492
1 281
1 1006
2 2053
2 91
1 1599
1 1860
2 931
1 207
1 2340
1 199
2 2412
1 978
1 1320
2 361
1 1972
1 1002
1 2092
2 35
2 2344
2 1887
2 1728
1 72
1 303
2 322
1 820
1 544
1 2448
1 1636
1 1226
1 101
2 531
2 874
2 213
2 867
1 1156
1 204
2 1369
2 1816
2 154
2 1173
1 2485
1 703
1 950
1 1150
1 275
1 277
2 1007
1 1083
1 175
1 1067
1 1507
1 1604
1 550
2 1471
1 1554
1 1993
1 448
1 2433
1 1457
1 233
2 1235
2 838
1 1409
2 1703
2 2004
1 1898
1 882
1 476
2 1356
1 1921
1 602
1 543
1 29
2 2213
1 77
1 1673
2 2405
2 807
2 1316
1 864
2 506
1 1029
1 1501
2 2091
2 724
2 324
2 733
1 1588
2 1314
2 2516
2 218
1 830
1 655
1 274
1 2146
2 713
2 71
1 289
1 2335
2 1199
1 2379
1 746
1 1653
2 452
1 1727
1 383
1 2320
2 4
2 1549
1 196
1 1547
2 771
2 287
1 2344
2 909
1 2421
2 860
2 2048
1 522
2 562
2 2372
1 1789
2 2078
2 2547
1 622
2 1582
1 1771
2 2185
1 1112
2 68
1 1219
2 1856
2 1165
2 40
2 70
1 1485
1 1582
2 2003
2 580
1 2332
2 1172
1 1679
1 2162
2 1504
2 1266
1 2409
2 2350
2 467
2 2492
1 2283
1 2493
1 2071
1 1108
1 2464
2 1018
2 1057
2 940
1 1567
1 1160
2 400
2 2506
2 956
1 2166
2 63
1 714
2 499
2 1416
2 680
1 137
1 1188
2 2457
2 1196
2 27
2 78
1 1853
1 7
1 1775
1 1260
2 1577
1 908
1 1687
1 2039
1 1810
1 1668
1 209
1 2453
2 1253
1 2408
2 1946
2 1879
1 1458
1 1188
1 1359
1 2308
2 1765
1 1530
2 1669
1 1472
1 270
1 1776
2 2119
2 112
1 2393
1 1883
2 1537
1 1697
2 569
1 721
2 2191
1 313
2 2501
2 1471
1 344
2 2532
2 893
2 802
2 22
1 1869
2 2282
1 964
1 1059
2 130
1 2093
1 281
2 339
1 899
2 1478
2 1494
2 1035
2 1214
1 577
2 2147
1 124
2 881
1 884
1 1602
1 673
2 2326
2 662
1 1827
1 1353
2 792
2 1170
1 2041
2 2482
1 548
2 1240
2 185
2 1737
2 639
1 2323
2 66
1 2435
2 782
2 255
1 575
1 655
1 725
1 993
1 1981
2 531
1 1618
2 1795
2 1630
1 2286
2 1309
2 1616
1 1264
1 39
2 322
2 444
1 731
1 2425
2 159
1 870
1 238
2 1821
1 413
1 2443
1 691
1 1735
1 1970
1 1074
1 1203
1 396
2 1378
1 778
1 2323
1 671
2 813
1 2533
1 889
2 2249
2 1061
2 1581
2 2085
2 329
1 931
1 904
2 886
1 1530
1 208
1 2444
1 2257
2 2468
2 847
2 1688
2 428
1 1463
2 1858
2 1690
2 1882
2 1218
2 811
1 187
2 1626
2 1655
1 1895
1 2106
1 430
2 999
2 1069
1 1319
2 229
2 396
1 1015
2 1363
2 1921
2 1034
2 1579
1 455
1 1580
2 443
2 1858
1 2145
2 1340
2 464
1 1902
2 887
1 285
2 885
2 349
2 1514
1 1931
1 125
1 687
2 1873
1 1930
2 1684
2 1152
2 699
1 362
2 1011
2 251
1 1102
2 794
1 529
1 752
1 2034
2 2302
1 1500
2 14
1 1285
1 1400
1 2545
2 2384
1 2357
2 2274
2 147
2 897
1 846
1 131
2 1442
1 423
1 1930
1 853
2 476
2 1731
2 2136
1 1407
2 1522
2 175
2 405
2 530
2 1933
1 1689
1 1228
1 1682
2 358
2 1517
2 2131
1 973
1 123
1 349
1 1023
1 1639
2 1665
2 2153
2 1968
1 1431
1 2275
1 607
2 1384
2 1545
1 2400
1 1413
2 1721
2 2315
1 1840
2 3
1 2542
1 1251
1 750
2 1912
2 1725
1 654
2 2472
2 859
2 1857
2 1480
1 871
1 966
2 1541
2 1444
2 537
1 2100
2 1995
2 1932
2 1309
2 38
1 2291
2 819
1 530
2 1073
2 2360
2 368
1 334
2 2016
1 591
1 1174
2 1233
1 1659
1 432
1 1007
2 435
1 214
2 1286
1 227
1 2232
1 901
2 1426
2 1553
1 581
2 2036
1 2168
2 1505
2 1806
1 977
1 2120
1 833
2 2218
1 1572
1 1534
1 1787
2 1482
2 2347
1 1377
2 957
1 857
1 79
1 689
1 801
1 403
1 1637
2 348
2 1318
2 1789
1 2476
1 753
1 767
1 1840
2 1532
2 2319
2 2411
1 1403
1 1088
2 2389
2 988
2 1686
1 1691
2 1884
1 543
2 1027
1 121
2 1723
2 2525
1 1305
2 2033
2 1081
2 1512
1 75
2 541
1 1064
1 357
1 1955
1 515
1 814
1 2255
1 1423
1 2506
1 419
1 618
2 1588
2 923
1 641
2 1422
1 1888
1 1677
1 2192
1 10
1 1954
2 2314
1 402
2 1166
2 1134
2 1168
1 1505
1 2086
2 2429
1 1233
2 1050
1 1622
1 1593
2 388
2 1976
2 1253
2 69
2 1642
1 1345
1 895
2 772
2 1320
2 2388
1 2523
2 1444
1 151
1 165
1 1395
2 784
1 2504
2 911
2 2034
2 1648
2 1892
2 179
2 671
1 1414
1 1301
1 2422
1 838
2 1262
2 2527
2 2030
2 2391
1 663
1 755
1 2144
2 1234
1 1352
1 2298
1 1708
2 327
1 176
1 1756
2 1497
2 1110
1 195
1 409
2 263
2 1473
2 441
1 1957
2 1425
1 517
2 2304
1 756
2 427
2 1082
1 470
1 1042
1 665
1 2420
2 1087
1 1022
1 1361
2 2126
2 2300
2 1565
2 225
1 9
2 283
1 1362
2 86
2 2260
1 2050
1 1083
2 651
1 2298
2 760
1 1335
1 707
2 1059
1 2172
2 2540
1 738
1 2211
1 674
2 1379
2 435
1 436
1 2045
2 178
1 1606
2 2337
2 1431
1 570
2 2403
1 210
2 1743
1 53
1 384
1 1714
1 1587
1 1297
2 1001
2 748
1 317
2 1228
2 1974
2 598
2 853
2 1518
1 1710
2 1429
1 136
1 2471
2 2184
1 1973
1 927
2 2242
1 1195
2 447
2 56
2 769
2 141
2 1724
2 1757
1 1141
1 2025
2 2224
2 826
2 700
1 649
2 683
2 1411
1 1401
1 472
1 494
2 1959
1 1664
2 1244
2 2095
2 376
2 1866
1 169
2 1159
2 1419
2 2025
1 283
2 2549
1 2141
2 1250
2 40
1 2478
2 95
1 404
1 945
1 1800
1 2236
1 795
1 291
2 1385
1 732
2 644
1 644
1 1703
2 1982
1 266
1 1536
2 1452
2 2375
2 601
1 1497
2 2430
1 2414
2 159
2 2459
1 1949
1 963
2 1813
1 1745
2 538
2 731
1 313
2 449
1 1901
2 919
1 1164
1 979
2 2240
2 2045
2 189
2 1019
1 2230
1 2060
1 2327
2 1501
2 1019
1 2090
2 1012
2 2078
2 1887
2 1760
2 1361
2 1826
1 2261
1 596
2 1694
1 615
2 675
1 684
1 1149
2 672
1 2012
1 1622
1 1639
1 1891
2 1814
1 1612
2 276
2 995
1 381
2 638
2 561
2 2228
1 661
2 2252
2 1528
2 2268
1 934
2 2059
1 436
2 1362
1 2512
1 1554
1 294
2 386
2 1663
1 56
2 12
1 2403
1 1216
1 2383
2 1329
1 599
2 1525
2 953
2 2522
2 135
2 2435
2 91
2 906
2 554
1 489
1 632
2 1387
1 2421
1 1193
1 1371
2 1215
2 872
2 1820
2 870
1 495
1 816
1 1191
2 1510
2 1813
1 2270
2 1687
2 219
2 419
2 1310
1 1793
2 1543
2 1338
2 103
2 994
1 965
2 748
1 1305
1 571
1 922
1 1893
2 105
1 1325
2 1565
1 756
2 2324
1 263
1 963
1 2019
2 1644
2 1121
1 447
2 1764
1 689
1 1227
1 811
2 2147
2 401
2 589
1 394
2 735
1 510
1 1483
1 246
2 307
1 2316
1 1109
1 2472
1 2049
1 2174
2 2407
1 303
1 785
2 2083
2 2335
2 664
1 286
1 1138
2 982
2 31
1 2514
2 999
2 2004
1 1868
2 533
2 484
2 904
2 1872
2 1716
1 1736
2 2550
2 1100
2 1573
2 1905
1 2030
2 1682
1 2092
2 636
2 887
2 1388
2 1026
1 207
2 1006
1 1092
2 1291
2 2080
1 545
1 440
2 1163
1 2345
2 832
1 1594
2 219
1 2029
1 649
2 390
2 1165
1 1391
1 260
2 1428
2 1956
1 14
2 696
2 777
2 2299
2 1694
2 1076
1 94
1 96
1 720
1 2115
2 533
2 615
2 110
2 194
1 717
1 4
2 2363
2 2501
2 798
2 174
2 1068
2 2265
2 1022
1 1961
2 776
2 917
1 155
1 2364
1 100
2 2232
2 987
1 2348
1 1114
2 2138
1 1368
1 496
2 1470
2 1712
2 1220
1 1967
1 1143
2 1685
2 1820
1 486
2 594
1 1828
1 327
2 1633
2 2134
1 983
1 318
2 2286
2 939
1 1827
1 153
1 2546
1 465
1 1446
1 2324
1 1947
2 1929
2 1801
1 985
1 284
1 1023
1 1782
1 1912
2 397
2 1646
2 1281
2 861
2 1839
1 166
2 2381
1 1738
2 903
1 326
1 2089
2 391
1 1594
2 2047
1 1846
1 1304
1 830
2 1623
1 296
1 1138
2 2022
2 1644
1 698
1 863
2 1932
1 1585
2 1171
1 1966
1 459
2 120
2 372
2 1683
1 248
2 1842
2 1003
2 723
2 150
1 2248
1 1126
2 515
1 905
1 805
1 1850
1 2156
2 2338
1 1747
1 2239
2 1387
1 2127
1 2453
1 2246
2 2224
1 1354
1 1759
2 1039
1 2372
2 1333
2 143
1 908
2 888
2 753
2 2529
2 1078
1 2113
2 2227
1 1357
1 1502
1 2377
1 1030
2 804
2 1292
2 1655
1 2036
1 191
1 1113
1 2212
2 1707
2 631
1 925
1 848
2 1190
2 729
1 627
2 1427
2 2107
1 140
2 1867
1 8
1 1257
1 41
1 343
1 1561
1 1110
1 582
2 2407
1 2048
1 1369
1 1903
2 2157
1 1552
2 2363
1 1434
1 2006
2 647
2 1445
2 1997
1 314
2 210
1 1299
2 2457
2 1393
1 2365
1 755
1 1021
2 1070
2 1585
2 2284
1 16
1 799
1 831
2 2339
1 617
2 1355
2 1378
1 2441
1 127
2 2515
2 251
1 2458
2 1633
2 367
2 60
1 739
1 2434
1 1068
2 1033
1 2305
1 686
1 1307
2 1120
2 1187
1 1488
1 768
2 1229
1 2098
1 168
1 1515
2 1934
2 2285
2 509
1 1691
2 929
1 1925
2 1962
2 21
2 949
2 2173
2 1871
1 328
1 315
1 18
2 865
2 264
2 176
2 1304
2 192
2 2294
1 205
1 2210
2 2540
2 2055
2 373
2 1867
2 2358
1 1423
2 267
1 1474
1 199
1 2420
1 420
1 1313
2 698
2 1556
2 2290
1 1474
1 243
2 645
2 1055
2 1091
1 2258
2 2052
2 704
1 1458
1 532
2 2151
2 369
2 537
2 964
2 1698
2 1407
1 1544
2 2416
1 1312
1 1123
2 395
2 947
1 468
2 2418
2 422
2 2447
2 286
1 1673
1 2368
2 2002
1 637
1 440
1 128
2 1897
2 2253
1 1841
1 1709
1 1339
2 2015
2 1133
1 1412
1 1409
2 616
2 81
2 1995
1 252
2 92
1 1851
2 1128
2 1808
2 1570
1 972
2 2145
1 1943
2 1569
2 1910
1 2035
1 1725
1 1963
2 897
1 2310
1 2043
2 1991
2 2226
1 707
1 696
1 1604
1 278
1 2538
1 1550
2 1681
2 2165
1 1293
2 1306
2 922
1 503
2 392
2 503
1 2044
2 266
1 1048
2 1247
2 2017
1 2222
1 1251
2 1334
1 521
2 62
2 2491
1 247
2 1875
2 785
1 358
1 2539
1 485
1 1221
1 2204
1 2054
1 2171
1 2479
2 1723
1 333
1 1298
1 1675
2 179
2 386
1 2366
1 2487
1 1498
2 1608
2 992
2 1105
2 2377
1 2303
2 1009
2 577
2 827
1 928
2 171
1 2194
2 574
1 17
2 1290
1 308
2 335
1 2505
1 1180
2 2493
1 482
1 18
1 1880
2 2499
2 2357
2 653
2 212
1 2158
1 1510
1 1483
2 2056
1 2437
1 831
2 1906
2 520
1 2069
2 883
2 896
1 297
2 595
2 1168
2 1634
1 1005
1 2537
2 591
2 2280
2 278
1 2052
2 299
1 421
2 345
1 2279
1 523
1 252
1 1185
2 1920
1 236
1 1576
1 1652
2 1015
2 383
1 1778
1 144
2 1453
1 1449
1 840
2 1894
2 104
1 1086
2 1923
2 2244
2 1430
1 211
2 2270
2 1943
2 394
2 239
2 217
1 25
1 1481
2 1322
1 2195
1 835
2 1410
2 1863
2 2319
2 505
2 1779
1 2485
2 2231
1 1435
2 1586
1 309
2 1302
1 354
1 861
1 138
1 1754
2 376
1 1464
1 1535
1 339
1 2024
1 2109
1 497
2 1767
2 135
1 2375
1 1919
2 2380
1 2467
1 366
1 30
1 1668
1 1915
1 2313
1 49
2 877
2 1066
2 357
2 1252
1 2461
2 539
2 96
1 142
2 1788
1 1559
2 1049
2 2404
2 2332
2 1583
2 1496
2 1893
1 1260
2 1817
1 2044
2 2393
1 567
2 952
2 1323
1 2202
1 331
1 1408
1 1396
1 912
1 77
2 932
1 568
1 113
1 2179
2 255
1 271
1 2488
1 2085
2 1526
2 614
1 2082
2 2460
2 323
2 1147
2 547
1 555
2 111
1 941
1 55
1 795
2 849
1 1327
2 2218
1 2230
1 301
2 935
2 2035
2 52
1 985
2 2367
2 2221
1 1459
2 1942
2 734
1 2060
2 491
1 374
1 2361
1 1243
2 1096
2 1456
2 898
1 118
2 411
1 1129
1 1021
2 150
1 2129
2 1899
1 1239
1 2007
1 483
1 211
2 231
2 1834
2 767
2 1283
1 562
2 1985
2 2031
2 871
2 2238
1 1851
1 1704
2 1672
2 792
1 2309
1 1896
1 246
2 2490
2 168
1 2533
1 460
2 1653
2 1521
2 1348
2 1562
2 2447
2 2424
2 2351
1 546
1 1190
1 2385
2 2248
1 370
2 2009
2 497
1 104
2 913
1 2539
2 1834
2 1678
2 1695
1 1866
2 2062
2 393
2 971
2 319
1 1173
2 821
1 280
1 1238
1 1032
1 1929
2 1050
1 2353
1 1454
2 2423
1 163
1 1941
2 1063
1 564
2 1392
1 2409
2 2505
1 54
1 1544
2 2198
2 1191
1 1041
1 1933
2 987
1 962
2 1071
2 921
1 1466
2 630
2 64
1 369
2 641
1 2322
2 920
1 27
1 646
2 2431
1 36
2 1609
2 806
1 2368
2 1679
1 2469
2 1333
1 1436
1 552
1 1119
1 2074
1 473
2 1020
2 2100
2 551
2 1878
2 1000
1 645
2 768
2 1891
1 245
2 773
1 1776
2 46
2 257
2 1234
1 2207
2 1027
2 967
2 1662
2 726
2 2271
2 840
2 80
2 1102
1 250
1 824
2 1273
1 254
2 2039
1 1317
2 2412
2 1000
1 1072
2 2478
1 458
1 1643
2 679
1 1786
1 1460
2 1755
1 1601
1 2486
1 60
2 1237
2 2027
1 1246
2 2190
1 316
2 1443
2 2418
2 2250
2 1649
2 1398
2 832
1 1540
2 1979
1 217
2 519
2 1664
2 576
1 1344
2 318
1 608
2 10
1 2120
2 2015
1 788
2 265
2 1749
2 2033
2 1494
2 2160
1 507
2 1073
2 782
1 751
2 2226
2 1545
1 1441
2 946
2 998
2 1881
1 262
2 1772
1 2200
2 1072
1 106
1 2417
1 242
2 288
1 1556
1 1268
1 1205
2 2467
2 599
2 2477
2 1817
1 121
1 1469
1 636
2 1753
2 2200
2 67
2 1090
2 576
1 891
1 2424
1 59
2 776
2 1151
2 1532
2 584
1 681
2 1440
1 2511
2 1656
1 2367
1 1713
1 342
2 477
2 1720
1 218
1 75
2 532
2 1247
2 1812
1 1937
1 389
2 434
1 486
2 76
1 2518
2 924
1 623
2 1047
1 1275
1 2427
2 2026
2 1996
2 1399
2 1087
2 95
1 2051
1 541
2 883
1 2009
1 1500
2 193
2 203
2 1952
2 678
2 1645
1 1913
2 473
2 2279
1 2396
1 2187
2 2006
1 2058
2 502
2 2380
2 409
1 1729
2 2189
1 801
2 579
1 1889
1 2122
1 1082
1 793
1 1325
2 907
2 1308
1 2488
2 1368
2 1568
2 727
2 2066
2 2079
2 1225
1 2361
2 2209
1 2155
2 1797
2 859
1 1924
2 1888
1 910
1 1153
1 626
2 1502
2 878
1 1657
1 1404
2 479
1 516
1 122
1 2288
2 2369
1 633
2 1818
1 1324
2 902
1 1268
2 1189
1 2197
2 1523
1 1144
1 1498
1 1280
1 2178
1 1213
2 2498
1 1198
1 2383
1 1432
2 1051
1 2543
2 1599
2 2152
1 771
1 1256
2 605
1 1326
1 702
2 1209
1 311
1 1174
1 1448
1 300
1 1962
2 808
1 1670
1 110
1 626
2 1147
2 2216
2 2
1 1071
1 2460
2 789
1 400
1 750
2 319
1 245
1 1220
1 709
1 2288
2 2452
1 2065
1 1428
1 2497
1 1244
2 5
1 139
2 1420
2 2133
2 2384
2 2347
2 1316
1 1549
2 1232
1 1296
2 88
1 611
2 1557
1 754
1 1370
1 786
1 1455
2 1731
1 2063
2 1551
1 1250
1 2461
1 1266
1 542
1 2544
2 2001
2 287
1 2499
2 315
2 667
1 912
1 1903
2 37
2 461
1 1388
1 1151
2 1042
2 2220
1 715
2 1940
2 2103
1 1625
1 1413
1 404
2 1293
2 1636
1 323
2 280
2 2373
1 2225
2 601
2 2426
2 2152
2 1692
2 1752
1 94
2 1718
2 1592
1 1992
1 520
1 2469
2 2287
1 2257
2 1415
2 433
2 678
1 1627
1 1422
1 1642
2 781
2 1104
2 1523
2 1449
1 446
2 2491
2 1674
2 770
2 828
2 2011
2 958
1 1183
2 1085
2 1248
1 1844
1 1546
1 1792
1 1081
1 1785
1 493
1 673
1 752
1 1424
1 2292
1 2530
2 1103
2 948
2 480
2 364
1 913
2 535
2 622
1 2417
2 2062
2 2066
1 2205
1 1837
2 225
2 1393
1 2266
2 995
2 2242
1 1798
2 2149
2 1366
1 2317
2 796
2 2425
2 500
2 345
1 895
1 370
1 1885
1 1623
2 1652
1 2450
2 1717
1 2106
2 692
1 2402
2 1819
2 474
1 1525
1 1208
1 1799
2 465
2 1236
1 300
1 1986
2 1
2 1184
2 35
1 2215
1 1519
1 1981
2 2180
1 1833
2 598
1 2277
1 2442
2 306
2 2022
2 2410
2 1701
2 2394
1 658
1 879
1 2161
1 1734
1 1886
1 2475
1 998
1 2419
1 2225
2 1076
1 869
2 2390
2 173
1 190
1 1289
1 1417
1 325
1 354
1 1719
1 551
2 1254
1 2524
2 1062
1 1053
2 1650
1 2300
1 1978
2 565
2 1131
1 2208
2 1241
1 1656
1 2287
1 2541
1 1108
2 2321
2 1580
2 1038
2 2544
1 2153
1 1824
1 650
2 770
2 595
1 937
2 1926
2 956
1 1337
1 215
1 1528
2 271
2 2264
2 1947
2 1557
2 1657
1 2215
1 157
1 2249
1 320
1 1835
1 1135
1 928
1 180
1 1439
2 1148
2 690
2 1352
2 2076
2 1583
2 481
2 1172
2 31
1 1946
2 744
1 1149
2 1479
2 441
2 2111
2 1715
1 2303
1 2115
2 47
1 1624
1 1675
1 2341
2 341
1 2313
2 1607
1 425
2 1451
2 1345
1 2272
1 2394
1 1783
1 2268
1 253
2 6
2 1768
2 412
1 2114
1 610
1 107
2 1539
1 2241
1 1373
2 437
2 1420
2 1514
1 1146
2 226
1 116
1 2513
2 2321
2 1648
2 1681
1 363
1 1750
2 1336
2 397
1 292
2 565
2 868
1 2442
1 2430
2 1435
1 1300
2 1927
2 1464
2 1615
2 517
2 1591
2 2354
2 843
1 1225
1 2405
1 275
2 1739
2 594
2 1742
2 1133
2 1200
1 2243
1 670
1 688
2 265
1 2392
2 2535
2 292
1 32
2 2456
2 961
1 2281
2 331
1 725
1 1257
1 312
1 336
1 777
2 379
2 997
2 981
2 401
2 656
1 1332
1 2141
2 2329
2 800
1 2125
1 1321
1 971
1 1255
1 596
2 34
1 152
1 1672
1 19
2 1342
1 424
1 1807
2 1758
2 431
2 1499
2 2017
1 810
1 775
2 1518
2 1843
1 2311
2 1052
2 1804
1 945
2 1695
1 1706
2 1355
1 1881
2 57
2 1821
1 1270
1 273
2 2541
1 1538
2 578
2 2390
1 228
1 61
2 1508
2 1860
1 976
2 2127
2 2058
1 2095
1 2360
1 1098
2 291
2 62
2 2054
2 1069
2 2427
1 2229
2 143
2 737
1 1950
2 763
2 2373
2 619
2 2522
2 786
1 1127
1 2327
2 1646
2 605
1 1041
1 1641
1 1662
1 451
2 336
1 1882
2 1805
2 2010
2 642
1 1274
2 1763
2 2132
2 1008
1 1735
1 2072
2 858
2 741
1 819
2 1241
1 930
1 1702
1 1276
1 1746
1 630
2 2285
2 1197
2 712
2 1193
2 24
2 61
2 1988
2 2482
2 2429
2 1546
2 1787
1 475
1 1619
2 124
2 765
1 1269
1 1985
2 71
1 48
2 666
1 2024
2 1744
2 2172
2 1987
2 1958
1 120
2 2462
1 1830
2 825
1 423
2 2183
2 1170
1 936
1 1963
1 408
1 2516
2 1447
2 364
2 293
2 1855
1 1432
1 2182
1 152
2 1036
2 501
2 2528
1 740
1 2077
1 310
1 791
2 2247
2 1520
2 1976
1 2194
1 399
1 979
2 1989
2 874
2 1809
2 1984
1 854
1 1111
1 1485
2 1467
1 2029
1 2378
1 749
2 827
2 2273
2 1595
2 693
2 133
1 697
2 2195
1 705
1 1978
1 2154
2 797
1 2399
2 114
1 2484
2 2164
1 1916
1 1132
2 2183
2 1958
2 1012
1 272
2 1128
1 1559
1 1520
1 2108
1 326
2 1708
1 2483
1 899
2 2278
1 761
1 654
1 167
2 87
2 2073
2 1175
1 1825
2 740
2 1161
2 2165
1 1009
2 2108
2 1227
2 1472
1 780
2 2179
2 301
2 1064
2 1045
1 1482
2 1739
1 2462
1 1951
2 1859
1 1179
2 1796
1 629
2 1965
2 295
2 2221
1 935
1 1034
1 1452
1 169
1 1163
2 548
2 1586
2 26
2 1487
1 1938
1 2502
2 914
2 2370
2 2043
1 2072
2 290
1 1647
2 1684
2 79
1 1529
1 490
2 587
2 1542
1 1274
1 2334
2 1598
1 1119
1 845
1 989
2 737
2 1209
1 606
2 282
2 959
1 2308
1 719
1 2263
2 1777
2 2404
1 2473
2 443
1 1299
2 529
1 2312
2 911
1 2262
1 951
1 2040
2 1885
2 2163
2 183
2 759
2 1761
1 606
1 629
1 809
1 934
2 289
1 1164
2 461
2 2222
2 455
1 2476
2 566
2 961
1 2135
1 1955
2 667
2 527
1 670
2 2166
1 2084
2 659
2 273
1 2481
2 1705
1 1186
1 158
1 153
2 2359
1 216
2 1399
2 374
2 89
2 228
2 1614
1 2454
1 2366
1 264
2 1993
1 1790
2 566
1 625
2 1177
1 1898
2 1055
1 1720
1 580
2 2382
2 1490
1 804
1 43
1 975
2 305
2 749
2 2113
2 1719
1 730
2 1566
1 1524
2 730
2 657
2 407
2 298
1 687
1 2524
1 44
1 1117
2 164
2 1303
1 492
1 1252
1 2000
1 2349
2 2398
2 1291
1 2037
2 2446
2 1880
1 1211
1 154
1 1267
1 1917
1 24
1 1849
2 2042
2 2005
2 1080
1 817
2 36
2 2118
2 2328
1 1210
2 511
2 2446
1 220
1 1096
2 558
2 297
2 584
1 2495
1 1397
1 842
1 2236
2 243
2 2436
2 1113
1 1469
1 2031
1 2370
2 2198
1 1680
2 462
1 2099
2 173
2 2170
1 355
1 1854
2 142
1 1617
2 2503
2 66
1 1953
2 1871
2 2112
2 1909
1 37
2 1222
1 1434
1 2190
1 1109
2 747
2 528
2 167
2 2445
1 1370
2 1453
1 1373
2 195
1 1479
2 1597
1 1295
1 236
2 609
1 408
2 2251
1 637
1 2128
1 1039
2 82
2 1793
2 889
1 450
2 1920
1 2395
2 119
2 1390
2 1823
2 2306
1 638
1 942
1 1187
1 78
1 2484
1 2261
2 1842
1 74
1 2075
2 184
1 1857
2 83
2 132
2 1107
1 2254
2 905
2 974
1 2343
1 1989
1 1097
2 1288
1 1126
2 359
2 741
2 2352
2 822
1 635
1 742
2 505
2 1336
1 1450
2 2548
2 514
2 2386
1 1066
2 2259
2 1142
2 916
1 1145
2 1611
1 272
1 1414
2 2483
1 2549
2 1211
2 2521
2 952
1 1613
1 1105
1 1677
2 332
1 1447
2 290
2 1357
2 519
1 414
1 361
1 1028
1 866
1 2362
2 1728
1 1085
2 2264
1 1802
2 2277
1 711
1 140
1 2276
2 181
2 222
2 454
1 2040
1 2197
2 1053
2 1037
2 1153
2 511
2 1905
2 512
2 2495
2 258
1 900
2 2067
2 1982
2 1160
1 276
1 733
2 28
1 102
1 621
2 1829
2 2023
1 1606
2 1504
2 1288
2 472
2 1455
1 1031
1 2465
1 122
1 1143
1 378
1 539
2 1670
2 147
2 1613
2 2395
2 2392
2 2185
2 67
2 1945
2 1680
1 335
2 302
1 69
2 2008
2 2125
2 1026
1 1176
2 2371
2 1844
1 2235
1 1285
2 970
1 1287
2 470
2 1278
1 1204
2 1450
2 1375
1 2275
1 2282
2 761
2 123
2 2293
2 907
2 462
2 1892
2 682
2 1784
1 1363
1 1799
1 1782
2 2396
1 1638
2 2480
1 1169
1 1876
2 975
1 429
1 597
1 1630
1 2243
2 186
2 1837
2 2207
1 356
2 2496
2 321
2 1936
1 1737
1 523
2 1272
2 2497
2 2342
2 1326
2 9
1 148
2 724
2 2229
2 1013
1 1381
1 1603
2 1509
1 187
1 1312
2 355
1 844
2 2490
1 1192
1 1660
2 2331
2 2489
1 2289
1 1167
2 828
1 490
2 2314
1 1540
2 359
2 2536
1 1448
2 1614
2 1774
2 709
1 880
1 248
2 1215
1 1181
1 1461
2 1135
1 966
1 2231
1 191
2 398
2 2358
2 1412
2 1574
1 1028
1 500
2 1907
2 2082
2 3
1 1618
2 926
2 2245
2 954
2 1392
1 794
1 2426
1 84
1 1748
1 984
1 2354
2 729
1 587
2 1131
2 1366
2 504
2 2210
1 2151
2 2355
2 1386
2 526
1 2284
1 2470
1 2150
1 892
1 2513
2 836
1 518
1 475
1 2339
2 1843
2 1849
1 1282
2 1302
2 393
2 876
1 304
2 1872
2 732
1 790
2 1712
2 692
2 8
2 2546
1 1400
1 1519
1 628
2 847
2 1201
1 1865
1 261
2 1700
2 2297
1 775
2 1743
1 1473
1 2534
1 2123
1 434
1 1628
2 1992
2 779
1 834
2 2414
1 1201
2 788
2 2090
2 2018
1 74
1 712
1 2510
2 609
1 481
2 1914
1 1353
1 1259
1 1408
1 818
2 1120
1 585
2 1441
1 2167
1 1638
2 7
1 1079
2 284
2 1722
1 1024
1 1159
2 1640
2 487
2 1036
2 1004
2 1154
1 340
1 141
2 1987
2 257
2 226
2 23
1 697
1 717
2 2486
2 884
2 479
2 778
2 829
1 1854
2 1698
1 1780
1 534
1 588
2 343
2 1011
2 1265
1 1185
2 962
2 991
1 2104
1 1730
2 1084
1 550
1 98
1 1421
1 1683
1 1596
1 1145
2 1406
1 1824
1 1488
1 1359
2 1351
2 2526
2 944
2 1941
1 685
2 1910
2 693
2 12
2 1733
2 1243
1 1798
1 2295
1 986
1 1086
2 1313
2 1104
1 1818
2 1895
2 1130
2 2203
2 285
2 1741
1 2449
1 454
2 1543
1 1493
1 1816
2 643
2 1975
2 2326
1 2508
1 346
2 456
2 1911
1 1999
1 337
2 2291
2 955
2 130
2 64
2 542
2 2014
1 2351
1 774
2 1619
1 1344
2 1948
2 2281
1 241
2 234
2 2463
1 1629
2 2135
1 1785
1 2217
1 2259
2 1574
1 2547
1 943
2 921
2 661
1 378
2 1425
2 2041
1 676
2 254
2 282
1 395
2 915
1 844
1 1203
2 1764
2 666
1 1300
2 790
1 621
2 2307
2 162
1 896
1 1375
1 1693
1 919
1 648
1 2331
2 835
2 862
1 2150
2 2070
1 1971
2 2422
2 117
2 2253
2 240
1 2184
1 1808
1 2507
2 2126
1 84
2 2451
2 721
1 1917
1 685
1 1771
2 1839
1 73
2 890
1 2445
2 415
1 5
1 762
2 1297
2 1908
1 1439
2 1177
1 1819
1 1925
1 1489
2 969
1 2212
1 604
2 553
1 2413
2 398
1 2008
1 1956
1 1074
2 2188
1 2064
2 1386
2 1969
2 2087
1 1040
2 1093
1 310
2 1654
2 1003
1 1144
2 1223
1 2381
2 1804
2 2026
2 2180
1 317
1 166
1 410
2 467
2 385
2 1487
2 2448
2 1765
2 2454
2 1217
2 2063
2 239
2 1803
1 1148
1 425
2 1044
1 330
2 1508
1 902
2 1709
2 412
1 445
1 2399
1 855
1 933
2 2450
2 1206
2 2534
2 1964
1 1957
1 708
1 1040
2 2047
1 1125
2 894
1 1140
1 1535
1 1761
1 1236
1 2214
1 2157
1 1438
1 1938
1 1306
2 1537
2 137
2 170
2 918
2 1279
2 955
2 1317
2 1140
2 2148
1 2520
1 89
2 651
2 559
2 522
1 43
1 1700
1 1936
2 549
2 1541
2 854
1 2542
1 259
1 1862
1 941
2 1046
1 1654
1 984
1 839
1 2262
1 1103
2 1615
2 2214
2 1945
1 1495
2 1593
1 2076
1 1254
2 1621
2 347
1 229
1 418
2 85
1 1667
1 1836
1 2355
1 933
1 1014
1 2494
1 624
1 727
1 1433
1 2079
1 2507
1 973
2 2116
2 653
1 2378
1 789
1 1734
2 1767
2 2304
2 1503
1 590
1 2234
1 925
2 1669
1 1928
2 324
1 1418
1 1949
2 1315
1 1696
1 1481
2 1219
2 99
2 382
2 1237
1 1343
