5600 5000
1 1093
2 535
1 2621
1 2667
2 1633
2 79
2 1712
2 1900
1 2198
1 2
2 2731
2 724
2 2431
1 2719
1 2389
2 678
2 401
1 16
1 2336
1 609
2 1084
2 620
2 1977
1 1094
1 2421
1 771
1 960
2 2672
1 2277
2 649
1 2442
2 8
1 1156
1 296
2 2257
1 2746
1 2545
2 493
2 865
1 1299
1 784
1 1018
1 1637
1 2652
2 1925
1 2215
1 95
1 515
1 1374
2 364
1 257
2 1772
1 817
2 764
2 508
1 1851
1 999
2 366
2 1678
2 635
2 1144
2 1816
1 2742
1 2370
2 477
1 259
1 1001
1 276
1 2750
1 214
2 2696
2 1861
1 2065
2 331
1 872
2 1272
2 468
2 927
2 1797
2 2606
2 751
1 2727
1 2287
2 2007
2 419
2 1478
2 1390
2 510
2 600
1 454
1 172
1 836
1 1882
2 511
1 1441
2 2519
1 896
2 377
2 2480
1 1410
1 1335
1 366
1 2557
1 2162
1 330
2 389
1 787
2 547
1 520
2 192
2 1162
1 345
2 248
2 694
2 747
1 2083
1 2116
2 1782
1 2157
1 1401
1 1391
2 2560
2 1274
1 1161
1 1197
2 1705
2 1491
1 2151
2 2543
1 115
1 75
1 1853
2 396
2 1649
2 737
1 2278
2 1501
1 1576
1 235
1 844
2 1865
1 861
1 2409
2 2404
2 965
1 1
2 983
1 1438
2 1600
1 1353
1 1499
1 2341
1 1495
2 1082
1 1815
1 370
1 2295
1 1125
2 1437
1 1319
2 1837
1 1217
1 217
2 1575
1 195
2 1202
1 2574
2 400
2 1235
2 1632
1 312
2 2516
1 672
2 2231
1 2560
2 460
2 2245
2 1260
1 1627
1 1150
2 1730
1 2091
2 1961
2 840
2 1034
1 2300
1 839
2 2610
1 2250
1 1969
1 2573
1 1355
2 2475
1 556
1 506
1 1139
1 1119
1 1825
2 2209
2 1673
2 2416
1 1779
2 2782
1 2302
1 1802
1 1035
2 1718
2 2607
1 79
1 295
2 2098
2 2653
2 64
1 2632
1 1369
2 2538
2 1237
2 2236
1 1073
1 1650
2 1728
1 2127
2 544
2 857
1 1845
1 1728
1 2205
2 1746
2 2735
2 2743
1 2592
2 2655
1 471
1 32
2 486
1 1174
2 2419
1 1408
2 942
1 907
1 755
1 213
1 1185
2 1913
2 2669
2 2084
1 1357
1 1256
1 1121
2 2595
1 2057
2 166
1 1597
1 926
2 1117
1 4
2 2317
1 2270
1 2353
1 514
2 455
2 2121
2 2290
1 2029
1 1776
2 1610
2 2211
1 1625
1 2064
2 2792
2 209
1 1138
2 2405
1 1072
1 1114
1 1764
1 756
1 142
1 1620
2 567
1 1243
2 2537
1 1124
2 2134
1 621
1 797
2 1662
2 718
2 2528
2 361
2 72
2 84
2 2442
2 1204
1 1347
1 1591
2 1007
2 1696
2 549
1 863
2 1967
2 602
1 164
1 1601
2 2308
1 2746
2 245
1 33
1 736
2 1402
2 2373
1 1064
1 21
1 1287
2 2025
1 145
2 1984
2 1950
2 2320
2 913
2 2719
1 1933
2 159
2 1444
1 2666
1 2508
1 2759
1 726
2 1671
1 1899
2 1432
1 2413
1 974
1 1883
1 771
1 452
1 2518
2 2237
2 403
1 1531
2 1380
2 1986
1 792
1 400
2 1498
2 487
1 2261
1 2321
2 1563
1 1965
2 637
2 1603
2 2770
2 376
1 737
1 2019
2 420
2 1699
2 1926
2 209
2 566
2 1936
1 457
1 606
1 2062
1 536
1 460
1 1022
2 765
2 1991
2 2171
1 1838
1 30
2 2618
2 444
2 1524
1 2779
2 2255
2 2529
2 1504
1 137
2 2464
2 464
2 2721
1 1693
2 2616
1 2034
1 2514
1 894
2 2633
1 2184
2 1546
1 1903
2 2052
1 661
1 2362
1 2224
1 1907
2 88
1 474
1 2457
1 1709
1 1817
1 1206
2 1843
1 2371
2 2393
1 2715
1 1979
1 2249
1 64
2 695
1 2568
1 1978
2 2244
1 1476
2 2086
2 1569
1 1830
1 2060
1 2527
1 1160
2 1593
2 480
1 1746
2 1511
2 265
1 1509
1 475
1 1780
1 2372
2 736
1 519
2 1971
2 312
2 1305
2 2773
2 1741
2 2107
1 1012
1 1154
2 1063
1 1263
1 2435
2 1909
1 2700
2 407
2 528
2 1763
2 1757
1 1152
2 1889
1 469
1 2089
1 1100
1 945
2 850
2 1148
2 2688
1 642
2 1320
2 1110
2 2294
1 1615
2 2726
2 2751
1 2304
1 2641
2 512
1 2335
2 1724
2 2179
2 846
1 2735
1 2368
1 1426
2 1418
1 712
1 1766
1 1059
1 2078
1 1132
1 2478
1 984
1 521
1 554
1 1220
2 1072
2 52
1 181
1 2705
1 2659
2 393
1 2730
2 1844
2 158
2 1282
2 1627
1 1634
1 1087
1 531
2 2461
2 2028
1 305
1 609
2 2083
2 1129
2 1347
1 28
1 1959
2 2273
1 706
2 352
2 1412
2 2601
1 1874
2 1483
1 2791
1 1867
2 1937
1 9
2 368
1 2529
1 1617
1 1186
1 2341
2 754
1 2321
1 859
2 2722
1 669
2 1285
2 1956
1 140
1 907
1 1751
1 2706
1 1878
2 2644
2 2756
1 2153
2 2097
1 1300
2 1986
1 1467
2 1304
2 150
2 1998
2 1060
1 27
1 317
2 2394
1 819
2 1888
1 2739
1 1281
1 660
2 2582
1 2356
1 686
1 2274
2 861
2 82
1 1726
1 1378
1 2423
2 1884
1 1091
2 2374
2 2745
1 350
1 1613
1 534
1 2471
1 987
1 1342
1 322
2 98
2 2667
1 2305
1 1813
1 600
2 386
1 2397
1 2475
1 310
2 948
1 1882
1 2133
2 789
2 1184
1 391
2 2683
2 2422
2 1505
2 2106
1 1232
2 1125
1 2430
1 2491
2 1751
1 1955
2 1213
2 463
2 2647
1 269
2 2713
2 1092
1 2379
2 292
2 834
2 1676
2 1561
1 2455
2 1674
2 436
2 667
1 1209
1 2703
2 2140
1 1871
2 668
1 1909
2 145
1 679
2 2692
1 1080
1 680
1 2492
1 1340
1 12
2 1314
2 2228
1 1391
2 2361
1 1748
2 510
1 2176
1 1521
1 1175
1 2755
1 1770
1 1341
2 1236
1 2652
1 2240
2 1326
1 775
2 2212
1 45
2 395
2 1785
1 1766
1 1273
1 702
1 1754
1 374
2 769
1 242
1 873
1 2445
2 1796
2 2608
2 2101
1 508
2 2188
1 630
1 2076
1 821
2 102
1 2239
2 1351
1 101
2 309
1 710
2 316
1 1918
2 2660
2 2671
1 657
1 1891
2 540
1 1233
1 566
1 2695
1 2388
2 1874
2 2023
2 1253
1 2212
1 1130
2 1011
2 1847
1 1001
1 1944
2 481
2 1377
1 1810
1 1350
1 728
2 1108
1 2022
1 452
2 253
2 368
1 1032
1 25
1 783
2 2710
2 1885
1 270
2 1319
1 1233
2 1629
2 1550
1 2356
1 2217
1 973
2 818
2 1661
1 1393
1 536
2 1294
1 2558
2 155
2 1165
1 476
1 1786
1 278
1 801
1 2059
2 643
2 2296
2 499
2 2395
1 770
1 2555
1 824
1 1383
2 279
1 613
1 1502
1 2451
2 2553
2 1881
2 2641
2 933
2 500
2 2499
2 1158
1 422
1 2723
1 1854
1 218
2 1476
2 1357
1 2391
2 2311
1 2269
2 2217
1 1915
1 977
2 262
2 2328
1 1765
2 2768
2 1543
1 2547
1 196
2 1348
1 2232
2 11
1 175
1 1952
1 1122
1 614
2 828
1 1047
2 439
1 542
1 1665
1 842
2 527
1 263
1 2269
1 1960
1 6
1 264
2 2485
2 1750
1 636
1 1297
2 499
2 2159
2 2166
1 798
2 836
1 698
2 1895
2 462
2 2643
1 550
1 648
2 1329
2 2540
2 107
2 99
2 118
1 1831
1 1560
2 468
2 676
1 2367
2 2176
1 602
1 2112
1 1416
1 2472
1 114
1 443
1 908
2 1833
1 2430
1 2479
1 2201
2 43
1 1025
1 1733
2 1439
2 2010
2 1928
1 1401
2 1561
1 2537
2 2673
1 2573
2 1470
2 1112
1 485
2 1196
2 773
1 1009
2 1162
2 2606
1 2517
2 1109
2 415
2 2320
1 2445
1 2364
1 473
2 2552
2 2279
1 1067
2 1706
1 2189
2 2310
2 888
1 2327
2 2502
2 1869
2 2711
2 2313
1 65
1 1421
1 1647
1 1306
2 2235
2 2314
1 2623
2 498
1 1691
2 1970
2 970
1 1675
1 1003
1 833
2 207
2 716
1 2507
2 559
1 1054
1 1042
1 711
2 2369
1 537
1 121
1 1029
2 1497
2 2291
1 135
2 163
1 2453
1 2493
2 1050
1 1589
1 340
1 2469
1 2767
1 2614
2 1922
2 2278
2 916
2 2536
2 2661
1 2222
2 639
1 404
1 1045
2 2772
2 1222
1 1854
1 864
2 1821
1 802
1 2779
2 852
2 2539
2 1291
2 1307
2 1921
2 780
2 1822
2 1709
1 2410
1 871
2 2268
2 1677
1 1316
2 1384
1 588
2 1407
1 1984
2 692
2 294
2 1823
1 2725
2 1771
1 1272
2 1804
1 1107
2 1172
1 2546
2 838
1 92
1 2483
2 1102
1 1562
2 447
1 1700
2 1280
1 397
2 526
1 972
1 2329
1 1964
2 1916
1 827
1 1731
1 791
1 2280
1 284
2 1528
1 273
1 2728
1 379
1 2775
2 694
1 2111
2 1058
2 2251
1 699
1 1352
1 2040
2 2520
1 1469
1 1671
2 193
2 2771
1 448
2 911
2 318
2 1014
2 2203
2 1067
1 143
1 1255
1 906
2 1062
1 785
2 2085
2 743
1 1122
2 2420
2 2485
1 2048
1 2387
2 1503
1 2618
2 1848
2 2252
1 1158
2 2518
1 2461
2 273
2 871
2 22
2 1929
1 2055
1 139
1 2001
1 789
2 2546
1 939
1 1334
2 1819
1 1023
1 683
2 1740
2 1987
1 2599
1 198
2 1927
2 1683
2 78
2 531
2 1994
1 1034
1 521
1 1055
1 2603
2 1736
1 1587
1 1795
2 1538
1 323
2 1264
1 2665
2 2047
1 1428
2 2509
1 834
1 2620
1 665
1 458
1 1722
2 953
2 1123
2 753
2 402
2 1283
2 2008
1 858
2 1351
1 1137
1 187
1 2460
1 934
1 1200
2 2141
1 1919
1 1687
2 808
2 2638
2 2283
2 1520
1 576
1 2139
2 1366
1 2764
2 2745
2 2714
1 379
1 1443
1 738
2 2751
1 1825
2 2035
2 1171
2 1191
2 794
1 1048
1 815
2 1077
1 1339
1 2196
1 2031
2 1309
1 1982
2 2426
2 314
2 587
1 2030
1 1544
1 1270
1 58
1 1535
1 752
2 1547
2 390
2 748
2 2075
1 688
2 2282
1 813
2 1862
2 1011
2 291
2 778
2 266
2 388
2 1183
1 1558
1 867
1 189
2 280
1 1848
1 764
1 1919
1 2103
1 471
1 1308
2 809
1 562
2 2057
2 39
2 1108
1 2024
1 1450
1 2625
1 776
2 1518
2 83
2 1519
1 644
2 1993
1 383
1 1745
2 244
2 243
1 2474
2 408
2 958
1 981
2 2796
2 1288
1 1684
1 2226
1 1215
1 1383
2 1917
1 781
2 905
2 344
1 1432
1 2663
2 845
2 773
1 1527
1 2155
1 1485
2 1274
2 2318
2 1105
2 1455
1 2465
2 1266
1 185
1 2684
1 1730
1 329
1 2087
2 2180
1 1834
1 2304
1 360
1 38
2 515
1 1710
1 2241
2 108
1 783
1 336
1 120
1 2114
2 2572
2 326
1 589
2 1756
1 2525
1 1372
2 659
1 594
1 2115
1 281
2 1246
1 328
2 762
2 175
1 2571
1 2780
1 1567
1 432
1 47
1 358
1 1312
2 161
1 2616
2 1644
1 1510
2 989
1 1735
2 607
1 1667
1 214
2 1606
1 570
2 729
2 2113
1 608
1 2196
2 1464
2 1664
1 1933
1 327
1 29
2 1185
1 2630
1 2345
1 828
2 2382
2 850
1 2686
1 2428
1 1428
1 2047
2 2417
1 2351
2 304
1 2031
1 852
1 2726
2 1267
1 2344
2 2093
1 1085
2 874
1 2672
2 1710
1 433
1 2124
2 356
1 896
1 731
1 1835
2 911
1 2039
1 2092
1 1985
1 2081
1 2018
1 1666
2 120
1 1474
1 941
2 1333
2 2236
2 874
1 282
2 2067
1 136
2 483
2 303
2 2427
2 2769
2 2116
2 829
1 1451
1 2214
2 2635
1 1143
1 230
1 1695
2 1446
1 2582
1 938
2 1635
2 2118
2 1888
2 326
1 2335
2 1758
2 727
2 473
1 2053
1 1298
2 1896
2 233
1 1147
1 1999
1 1600
2 2565
2 2129
1 1312
1 35
2 136
1 2522
1 2066
1 2532
2 563
2 2135
1 2343
2 1902
2 2200
2 2466
2 2018
2 2478
1 2584
1 1453
1 2420
2 1187
2 1176
1 1614
2 899
1 398
2 86
1 2104
2 937
1 176
2 165
1 496
1 2313
1 1405
2 1406
2 1954
2 2552
2 2354
1 240
1 2094
2 2758
2 1181
1 2479
2 592
1 2449
2 56
2 2513
2 1479
1 250
2 1198
2 1663
1 2036
2 2344
2 509
1 1912
1 1260
2 1567
1 2373
1 2799
1 1720
1 2581
2 1456
1 373
2 453
2 2317
1 1940
1 1681
2 1128
1 6
2 507
1 173
2 940
1 2163
2 2256
1 2624
2 591
1 2260
1 2231
2 1880
1 2689
1 2084
1 692
2 1801
2 1832
1 1076
1 1446
2 315
2 338
2 1915
1 826
2 622
1 1163
1 2627
1 1302
1 1809
2 2025
2 1814
1 1552
2 746
1 2347
2 2502
2 1356
2 846
1 74
2 81
1 2761
2 653
2 489
2 825
1 2066
1 1760
1 1719
1 1155
2 1923
1 1979
1 2527
1 1706
1 151
1 1736
2 1661
2 2125
1 1487
2 904
1 628
2 822
2 791
2 222
1 492
2 1068
2 2198
1 2322
2 870
2 1659
2 813
2 187
2 719
2 1861
2 350
2 1180
2 432
2 455
2 1937
2 2677
2 280
1 1686
2 1242
1 1662
2 178
1 351
2 1096
2 1740
1 1462
2 88
1 2225
2 1334
2 2708
1 717
2 623
2 1277
2 2693
2 1788
1 554
1 2328
1 1489
2 1280
2 459
1 1301
1 924
2 40
1 930
1 1512
2 431
1 14
1 817
2 493
1 1131
1 2666
1 2330
1 2467
1 888
1 1948
1 2732
1 2422
2 1008
2 178
1 1775
1 204
1 601
2 1601
1 779
2 2210
2 766
2 2648
1 2017
2 2069
2 2169
2 2566
2 2794
1 2405
1 337
1 457
2 1951
2 2177
2 1564
2 2496
2 500
1 1140
1 1545
1 2117
2 321
2 2294
1 2619
1 538
1 153
2 1417
2 1176
1 814
2 134
1 237
2 2466
1 2697
1 70
2 2617
1 681
2 1783
1 2404
1 1249
2 1035
2 127
1 1146
2 2456
2 363
2 1266
1 638
1 1182
1 610
2 1071
2 1849
1 1242
2 1484
2 2517
2 1363
2 1898
1 1453
2 1901
1 1205
1 2522
2 2788
1 1649
1 138
1 1193
2 551
2 1935
1 1738
2 1943
1 2229
2 2662
1 1056
2 491
2 1969
2 1599
1 485
1 274
1 257
2 2778
1 318
2 2415
1 200
2 1213
2 685
1 1591
2 2013
1 1660
1 1515
1 483
1 1007
1 1227
1 1963
1 799
1 667
2 254
1 142
2 1436
1 1101
1 2591
1 824
2 2660
2 2515
2 660
2 1566
2 3
2 130
1 1235
1 2045
1 529
2 1743
2 1611
2 2474
1 959
2 909
2 2758
2 1592
1 1824
1 426
2 561
1 798
2 1323
1 950
1 616
2 1573
2 1244
1 229
1 2528
2 490
2 2628
2 2166
2 699
2 1863
1 1362
1 465
1 614
1 2769
1 1633
1 2681
2 422
1 1718
1 563
1 114
1 854
1 2058
2 404
1 1701
2 1322
2 1707
2 2614
2 1430
2 31
2 1949
2 1140
1 1726
2 2120
1 2179
2 2654
1 127
1 2323
1 2579
2 625
1 1758
2 2158
2 118
2 50
2 1153
1 868
1 445
1 1028
2 1152
2 144
2 1328
2 1103
2 429
1 1039
1 866
1 961
1 166
2 1463
1 2510
1 2642
1 2748
1 1500
2 1568
1 2168
2 117
1 2583
1 2255
1 703
1 2307
1 567
1 2426
1 111
2 2136
1 56
1 1475
1 1342
2 1800
1 420
2 61
2 2531
2 1442
2 2742
2 2072
1 2197
2 732
1 66
1 1225
2 2419
1 2526
1 132
1 256
1 1994
1 154
2 1780
2 412
1 1417
2 1596
2 29
2 1581
1 786
1 1397
2 2183
2 893
2 855
1 2774
1 425
1 14
2 1145
2 2596
1 1211
1 1370
2 2258
2 365
2 568
2 1167
2 1424
1 1642
2 2140
1 1682
2 2206
2 2173
2 2042
2 2192
2 1227
2 2345
2 1051
2 598
2 405
1 2653
1 59
2 593
2 1916
1 2748
2 1358
1 2159
2 1461
1 2390
2 1116
2 2578
2 757
2 1948
1 599
1 1637
2 2690
1 1749
2 2068
2 26
2 1070
1 389
1 1699
2 1221
1 894
2 2142
1 788
1 1060
2 2525
2 2248
2 1077
1 1795
1 2319
2 1742
2 177
1 2008
2 1395
1 865
1 332
2 1425
2 1946
1 228
2 163
2 1803
1 2497
1 1676
1 1183
1 619
2 1135
2 1321
1 1636
2 2544
1 1396
2 1270
1 2108
2 197
1 1521
2 2663
2 224
1 1456
1 1501
1 1189
1 84
2 708
1 1343
1 342
2 2561
1 2408
2 162
2 438
1 302
2 1046
2 319
1 2760
2 1170
2 130
2 2051
1 533
2 2439
1 2080
2 730
1 2468
1 1708
1 1163
1 1310
1 627
1 1831
1 487
1 2155
1 586
1 1044
2 2254
1 1458
1 2239
1 2615
1 1645
2 1111
2 1835
1 1279
2 1115
2 2429
1 2791
2 1658
1 119
1 449
2 1020
2 55
1 2542
2 1399
2 1386
1 503
1 1271
2 1971
1 1565
1 633
1 2789
1 823
1 65
2 2254
2 814
1 1757
2 546
2 2170
2 2610
1 732
1 5
1 956
1 991
1 428
2 993
1 592
2 200
1 1234
1 1739
2 1596
2 1972
1 2790
2 2011
1 578
2 2391
1 767
2 292
2 351
2 1068
2 1651
2 1841
2 1027
1 2580
1 291
2 2687
2 902
1 1989
1 1058
2 1290
1 349
1 522
2 2625
1 439
1 62
2 2709
1 2046
1 1302
1 1261
2 859
1 1037
1 296
1 1604
2 863
1 453
2 1325
2 264
2 1376
1 1029
2 35
1 2097
2 180
1 418
1 901
1 1010
2 2777
1 2038
2 2639
2 2234
2 124
1 856
1 1459
1 1605
2 238
1 928
1 2496
1 962
1 1594
1 349
2 2415
2 1844
2 1113
2 2165
1 1732
2 548
1 919
2 1556
1 2532
2 2622
1 900
2 24
1 1725
1 268
2 2800
2 1664
2 1991
2 57
1 2234
2 981
2 2074
2 23
2 2504
1 1541
1 1473
1 2531
2 1669
2 767
1 374
1 226
2 1698
2 891
1 2211
1 1231
2 215
1 774
2 1240
1 271
1 1513
1 1647
1 1226
1 654
1 1390
2 13
1 1617
2 1784
1 1510
2 146
2 2501
1 332
1 946
2 2296
2 2392
2 1495
2 1315
1 1950
1 2385
2 444
1 182
1 260
2 1789
2 2016
2 2577
1 62
1 2227
1 1042
1 2202
1 2246
1 2372
2 706
2 1057
2 1805
1 2012
1 307
1 409
2 516
2 2181
1 109
2 317
2 168
1 2586
2 943
2 1544
2 298
1 2443
2 1130
2 1100
1 1331
1 1729
2 1711
1 479
2 2386
2 1041
2 1359
1 1580
2 2331
1 2316
1 1212
1 1466
1 1952
1 186
1 1088
1 1317
2 2005
1 2668
2 2784
1 1229
2 717
1 1484
2 583
1 2242
1 1076
1 977
2 1594
2 2259
2 2178
2 1478
1 1457
2 1697
1 1846
2 1043
1 2190
1 2288
1 1149
2 2215
1 1171
2 624
1 1505
1 1457
2 2111
2 1678
2 1211
2 980
1 561
1 186
1 2370
2 270
1 952
1 2366
2 1336
2 796
1 2677
2 1466
2 684
1 2782
1 2444
2 1821
1 1597
2 93
1 530
2 398
1 275
2 982
2 2067
1 1785
1 2649
2 2361
1 1754
1 1207
1 2588
1 2333
2 1348
1 2429
2 199
2 2626
1 2414
1 421
2 380
2 1632
1 2039
1 2511
1 73
1 2248
2 2004
1 423
1 225
2 790
2 2274
1 1621
1 126
1 2706
2 1983
2 1145
1 2009
2 1507
2 1030
2 2469
1 1165
1 440
2 2500
2 2446
1 1564
2 2389
1 419
2 782
1 1928
1 2216
1 2657
2 2267
1 1970
2 459
1 2500
2 1262
1 963
2 1702
1 1447
2 1589
2 352
2 2337
2 2553
2 618
1 2576
2 1538
1 278
1 1259
1 1856
2 2160
2 2050
1 750
2 995
1 1306
2 1173
2 666
2 2601
2 741
2 1723
2 480
2 1708
1 1332
1 514
2 665
1 2262
1 53
2 1635
1 39
1 1359
2 939
1 2137
2 106
2 2708
2 411
1 890
2 1433
2 786
1 680
1 371
2 713
1 1486
1 851
2 589
2 202
2 569
2 2604
1 1036
2 1388
1 2650
2 1061
1 1366
2 1103
2 2417
2 2514
1 2277
1 87
2 1405
2 2181
1 216
2 794
1 626
2 102
2 1059
2 1078
1 2286
1 2105
1 792
1 2714
1 1938
1 1094
1 1269
2 1118
2 571
2 2441
2 252
1 1247
2 2694
1 839
1 2691
2 1711
2 1714
2 1250
2 574
2 2095
2 1194
1 853
1 897
1 928
1 985
1 2591
2 875
1 975
1 2210
1 1974
2 1311
2 1178
2 2315
2 1988
1 2436
1 413
2 1239
2 23
2 1310
1 436
2 2733
1 569
2 2575
2 535
1 2170
1 790
1 1398
2 1853
1 119
1 2162
1 1935
2 2089
1 779
1 1220
1 1945
2 1604
2 1429
2 1135
1 1189
2 1496
2 858
1 1750
1 1178
1 2095
2 1978
2 2400
2 2273
2 2100
2 1583
2 1313
1 1133
2 1065
2 2245
1 1188
1 935
1 721
2 1013
1 288
2 2201
1 691
2 1788
2 886
1 2737
2 996
1 1481
1 1215
1 1203
1 85
2 1571
1 1410
2 1329
2 2298
1 429
2 354
1 2279
1 2470
1 1000
2 1773
1 1081
2 582
1 2202
1 2199
1 559
2 1026
2 553
2 1887
2 584
2 172
2 1669
1 1989
2 1157
2 2449
1 558
1 832
2 577
2 704
2 733
1 966
1 560
1 2224
1 1712
1 1441
2 2571
1 463
1 1295
2 975
1 435
1 2395
1 369
2 1036
2 1301
1 179
1 2458
1 804
2 2401
1 2253
2 2226
1 1244
2 495
1 931
2 169
1 707
1 1653
1 2744
1 1995
2 1517
1 1365
2 1957
2 2550
1 637
2 1181
1 598
1 1226
1 1263
2 710
1 2519
1 51
1 2195
2 2125
2 435
2 2774
2 1368
2 2650
2 1932
2 9
1 2399
1 2058
2 1267
2 147
2 2035
2 1967
1 1588
2 482
2 1843
2 501
2 1471
1 671
2 2707
1 2163
2 1784
1 967
2 1877
2 2115
1 2645
1 1460
2 615
1 357
1 1420
2 857
1 2526
2 2611
2 191
2 1423
2 831
1 1439
1 2669
2 2193
2 2183
1 2054
2 1394
1 1273
2 1276
2 1002
2 2572
1 674
1 1670
2 1360
1 2061
2 1421
2 2203
2 2670
2 529
1 1767
2 2642
2 1620
1 1745
2 2134
1 2075
2 146
2 2780
2 2725
1 1278
2 2521
2 394
2 1908
2 723
1 1717
2 2590
2 668
1 576
2 2271
2 412
2 2332
2 2639
1 550
2 1626
2 511
2 1679
2 632
2 766
2 2682
1 334
2 2167
2 2608
2 1749
2 2487
1 1000
2 809
2 109
1 1692
1 362
1 1477
1 442
2 2795
1 765
1 2499
2 2440
2 2175
1 2661
1 1282
2 2736
1 604
1 806
2 662
2 823
2 1142
1 132
1 2393
2 778
1 2276
1 1477
2 581
1 1258
2 1899
2 2100
2 367
2 2308
2 2209
1 434
2 20
2 1415
2 54
2 348
2 2307
2 2009
1 973
2 1867
2 2043
1 2689
2 1648
1 2483
2 2492
2 544
1 497
2 216
1 115
1 1951
2 1114
2 1339
1 2481
1 1358
2 2757
1 787
2 937
1 635
2 1584
2 1646
1 2594
2 1679
2 2448
2 309
1 1866
2 2186
1 2238
1 2602
1 881
2 52
1 1996
2 2014
2 1132
2 2186
1 690
1 284
2 383
1 170
1 2191
1 948
1 2213
2 323
1 407
2 944
2 2717
1 1640
2 1371
1 223
2 2501
1 1988
1 1502
2 1616
2 2651
2 384
2 2150
2 611
1 2200
1 950
1 2570
2 2794
1 1761
2 1025
1 219
1 2781
2 1337
2 117
1 198
2 2778
1 2766
1 1896
1 1378
1 676
1 1369
1 271
1 2556
1 1210
2 1300
2 1900
1 2643
1 324
1 1423
1 1556
2 675
2 1905
1 244
1 819
1 2358
2 74
1 1174
1 1693
2 1419
1 2228
2 112
2 201
2 1387
1 1559
2 1573
1 720
2 122
2 42
1 923
2 2257
1 2156
2 1519
1 2698
1 1923
2 1228
1 1872
2 2365
1 2793
2 1638
2 27
1 2435
2 355
2 630
2 472
2 763
1 1207
1 2037
1 1116
2 954
2 80
2 864
1 1296
1 1490
1 777
1 1713
1 2716
2 1470
2 2407
2 48
2 1531
1 986
1 2463
1 1976
1 942
1 1685
2 139
1 1070
2 1054
2 269
1 220
1 953
1 882
2 1518
1 709
1 718
2 1926
2 410
2 2312
1 225
1 1494
2 873
1 2079
2 1434
2 1471
2 688
1 1700
2 236
2 523
1 1953
2 666
2 2613
2 1862
2 1539
1 656
1 2617
2 513
1 1286
1 1675
1 1764
1 2503
2 2074
2 2371
1 1631
1 390
2 427
2 2033
1 1372
1 892
1 2441
2 590
1 47
2 2299
2 1482
2 2487
2 1668
2 1744
1 884
1 580
2 150
1 387
2 2495
2 1195
2 1912
2 1493
1 2059
1 2348
1 382
1 2038
1 373
1 1863
2 2283
2 2065
2 1289
2 1044
2 1875
1 709
2 930
1 201
1 2655
2 1537
2 647
2 1581
2 137
1 266
1 343
2 674
1 470
2 1747
2 618
2 310
2 1151
1 2556
1 2539
1 1646
1 382
2 2301
1 664
2 443
1 1361
2 1868
1 1175
2 2715
2 1156
2 1811
2 2491
1 226
1 1209
2 2423
1 1362
2 2088
2 1258
2 15
1 2764
1 1934
1 2375
1 1985
2 2685
2 128
1 605
2 30
1 2098
1 1680
1 2022
1 2167
1 1468
2 1565
2 2034
2 1335
2 780
2 1773
2 1886
1 2631
1 1990
1 461
1 2692
1 2071
1 8
2 612
2 208
1 917
1 1023
1 1628
1 2561
2 1084
2 2399
2 1082
1 286
2 719
1 1098
1 1480
2 997
1 902
2 1472
2 2523
2 1743
1 1418
1 685
2 560
1 1656
1 777
2 1503
1 986
1 223
2 2631
1 1958
1 1184
2 2797
2 830
1 1420
2 1293
2 2633
2 590
1 1131
1 2463
1 2603
1 255
2 2138
1 1614
2 365
1 1595
1 734
1 2358
1 848
2 1062
1 1790
2 2703
1 906
1 1375
1 1956
1 2524
2 2785
1 835
1 1767
2 46
2 1968
2 658
1 2630
2 1522
1 1090
2 1416
2 1330
1 1146
2 1323
1 2244
1 2137
1 2120
2 654
2 1585
2 507
2 1543
1 2073
2 28
2 1387
2 2384
2 2068
1 855
2 381
1 1216
1 1993
1 1608
1 2051
2 375
1 277
1 2001
1 470
1 1343
1 742
1 557
2 2318
2 2303
1 159
1 341
2 993
1 1577
2 1004
2 2447
2 1375
1 1021
2 1830
1 2646
2 1414
2 2787
2 2437
2 2251
1 246
2 528
1 2007
2 2494
2 1208
1 1409
1 2343
2 1303
1 650
2 847
2 1856
2 1309
1 144
2 205
2 1827
2 1305
1 924
2 1876
2 1032
1 512
2 797
2 2407
2 1578
2 2457
1 95
2 1613
2 2464
2 2796
1 190
1 1732
2 900
2 631
1 193
2 1871
1 1107
1 546
1 739
1 2161
1 177
2 1878
2 1299
2 640
2 2101
2 2258
1 1781
2 1482
1 1691
1 1061
1 2738
2 2555
2 498
1 289
2 1292
2 2284
1 1066
2 1553
2 402
1 2443
1 586
2 2194
1 2534
2 2123
1 401
1 112
2 2220
1 2687
2 1931
2 155
2 1136
2 1461
2 2795
2 584
1 803
1 565
1 272
2 1015
1 1610
1 1793
1 808
1 1566
1 2132
2 1262
1 1609
2 1346
2 2349
1 1004
1 2316
2 750
2 2164
1 2048
1 983
1 867
2 1102
2 192
1 2352
1 466
2 467
1 2174
2 2082
1 533
2 1530
1 820
1 138
2 825
1 122
1 752
2 782
2 37
1 994
1 18
1 2256
2 1193
1 297
2 2144
2 2418
1 2040
2 375
1 545
2 1445
2 761
2 1053
1 2326
1 672
2 1087
2 681
2 1778
1 781
1 2117
1 1873
1 2658
2 411
2 454
2 1796
2 843
2 2752
1 540
1 2597
1 295
1 903
1 1938
2 1364
1 1065
1 1179
1 2574
1 1291
2 2401
1 2776
2 2147
2 1016
1 370
1 2569
1 2353
2 949
1 1563
2 2564
2 631
2 1218
2 2383
1 1536
2 2305
1 844
1 1397
2 987
1 1016
2 2347
1 1650
2 2412
1 73
1 980
1 597
1 908
1 2590
1 2043
2 388
1 2562
1 1508
1 339
1 2052
1 2298
2 1123
2 1737
2 1255
1 2724
1 965
2 1783
2 353
1 1866
1 1914
1 2664
1 1725
2 1840
2 234
2 775
2 2377
2 2533
2 841
2 1493
1 162
1 2332
2 1275
1 1976
1 1876
1 1717
2 2357
2 932
1 2486
1 2292
1 1389
1 2
2 1128
2 1325
1 1177
1 2734
1 1748
2 2558
2 992
2 2261
1 2295
2 1238
2 212
1 2684
1 2350
2 1644
2 541
2 2452
1 526
2 456
1 1704
2 2382
1 1083
1 542
2 381
2 1030
1 555
2 1727
2 1629
2 347
2 7
1 1774
2 2000
2 2233
2 475
1 978
2 1365
2 1499
2 1415
2 1451
2 772
1 1642
2 272
2 2674
2 1852
2 2767
2 2023
1 1137
2 1670
2 1074
2 1276
2 2275
1 2061
1 1139
2 2505
1 1672
2 830
2 1630
2 1154
2 525
1 1352
2 2403
2 2777
1 171
2 2515
2 1714
1 1636
2 1240
1 2045
1 251
2 2438
1 170
2 2589
2 1275
1 2593
1 1598
1 963
2 1045
2 111
1 494
2 1562
1 2493
2 657
2 1955
1 2578
1 251
2 1939
2 1557
2 2783
1 2434
2 1810
2 1356
1 677
1 1487
2 41
1 1386
1 575
1 491
1 451
2 2484
2 1805
2 2497
1 160
2 2551
2 168
2 1214
1 504
2 1904
2 816
1 1694
1 334
2 885
2 1703
1 441
2 2091
2 174
2 2494
1 1480
1 123
1 377
1 1099
1 1344
2 2462
2 1890
2 1579
2 2683
2 893
1 2049
1 2070
2 2275
2 1653
2 2662
1 1663
1 2406
2 2376
1 972
1 328
1 1038
2 1141
2 1827
1 2021
1 1381
1 1658
2 2800
1 153
1 552
1 849
1 1936
2 1469
2 880
2 524
1 2624
1 1964
1 1086
1 1224
1 2136
2 2657
2 1702
2 1109
1 1943
1 1894
2 2190
1 1651
2 622
2 1429
2 1331
1 2219
2 1201
2 883
2 1427
1 2375
1 340
2 2440
1 293
2 2559
2 2535
2 391
1 1607
1 1370
2 2177
1 417
1 2583
2 1003
1 1857
1 431
1 1527
1 2484
1 1774
1 311
2 969
1 1368
1 2096
2 898
2 1560
1 1150
1 478
1 1812
2 2503
2 2626
1 1434
2 60
2 1159
1 1870
2 2334
1 2309
2 68
2 603
2 1169
1 687
1 2053
2 1028
2 527
2 167
2 346
1 1526
2 212
2 181
1 2521
2 1598
2 640
2 1216
1 969
2 285
1 1254
2 2292
2 1841
2 2185
2 1814
2 806
1 2197
1 2433
1 1328
1 2355
1 2121
2 414
2 883
2 2799
2 203
2 2141
2 2488
2 1019
1 143
2 2793
1 1944
1 2678
1 2592
2 303
2 423
1 744
2 1143
2 2770
2 2659
1 2765
2 1965
1 1603
2 1403
2 1142
1 2704
2 2299
2 1602
1 2549
2 2455
2 595
1 1539
2 18
2 552
2 2554
2 1755
2 1147
2 2085
1 1409
2 450
2 2024
1 1138
2 1251
2 467
2 2761
1 67
1 1666
1 1609
1 921
2 1579
1 2349
1 2627
1 1265
1 2230
1 1426
2 1674
1 1465
1 246
1 1652
2 2704
1 2264
2 1611
2 596
2 329
1 1546
2 1210
1 298
1 1798
1 627
1 1219
2 502
1 1897
1 2386
2 110
1 1655
2 642
2 760
2 2634
2 129
2 714
1 1548
2 629
2 1223
2 469
2 2557
1 2381
1 1907
1 2547
1 2568
2 1496
1 678
1 1744
1 2222
1 2589
1 1
2 282
1 1177
1 234
1 520
1 1816
2 841
1 307
2 60
2 2108
1 63
1 1431
2 1873
2 98
1 2339
2 1268
2 2247
2 80
1 2482
2 2192
1 2105
2 1039
1 2490
2 254
2 1551
2 376
2 1818
1 34
2 2473
1 1490
2 2017
2 1373
2 517
2 1968
1 840
2 2498
2 488
1 1459
1 2629
2 870
1 2575
2 1295
2 113
1 2781
2 1043
1 2775
1 2153
2 2013
1 1452
1 912
1 1073
2 999
1 335
1 502
2 2458
2 276
1 1755
1 490
2 1104
1 2360
2 405
2 1532
2 1798
1 1112
2 1626
2 441
1 1464
2 228
1 417
2 2699
1 1941
1 227
1 1763
2 2378
2 811
1 345
1 121
1 682
2 966
1 2709
1 689
1 1247
1 711
1 488
2 2644
2 2180
2 1752
1 1889
2 1393
1 2003
1 1883
2 884
2 2151
1 10
2 92
2 1164
1 2124
2 741
1 2456
2 2717
1 124
2 416
2 2550
2 2597
1 2585
2 1813
2 2489
1 1522
2 330
2 1808
1 301
1 1753
1 2747
1 530
2 1231
1 2289
2 2340
2 2185
1 1781
1 268
1 2366
1 607
1 988
1 807
1 1685
1 747
2 2613
1 2741
1 583
2 1264
1 1517
2 1474
2 2122
2 1958
1 935
1 1525
2 188
2 1812
1 2368
1 1588
2 1836
2 889
2 795
1 2448
1 1992
2 604
2 2679
2 2685
2 1144
1 2753
1 55
2 1657
1 2545
1 1739
2 2160
2 372
2 93
2 2390
2 689
1 103
2 371
1 2146
2 2037
2 2444
1 1438
1 1851
1 1578
2 649
2 1975
2 1374
2 2363
1 958
2 1121
2 259
1 1870
1 2599
2 2712
2 232
2 2221
2 1792
2 2055
1 1455
2 15
2 1829
2 1190
2 1893
2 7
2 851
2 703
1 2175
1 2376
1 1990
1 879
1 2088
2 1845
1 1536
1 2468
1 1590
2 2387
1 800
1 1394
2 697
2 1308
2 1458
2 2750
1 1643
1 2090
2 1818
2 19
2 910
2 1998
1 1890
2 184
1 1340
1 2637
1 1820
2 2747
2 1910
1 354
1 2738
2 1902
1 941
1 2092
1 1424
2 1321
2 91
2 215
1 1734
1 267
1 2365
2 2680
1 1489
1 2732
1 1715
1 504
1 541
2 2114
1 2727
1 2322
2 1722
1 2536
1 1760
2 2754
2 1555
1 1190
1 479
1 1479
1 24
1 588
2 2346
2 2541
1 1966
1 69
2 1248
1 833
1 2451
1 1245
2 2027
2 2723
1 1444
2 700
1 731
2 1111
2 1380
2 140
1 158
1 1908
1 2323
1 2720
1 2598
2 1911
1 1837
1 539
1 543
2 110
1 921
1 384
2 100
2 1549
2 909
1 1723
1 221
1 743
1 1641
1 2266
1 2712
1 2696
2 2070
1 194
2 1379
2 768
2 304
2 574
2 904
1 2290
1 438
1 2482
2 1974
1 265
2 2729
1 2473
2 2143
1 1395
2 2314
2 1790
1 240
1 2338
1 286
1 476
2 2102
2 1071
2 1338
1 1086
2 1893
1 2543
2 2002
1 2510
1 1031
2 367
2 1698
2 1298
1 430
1 1161
1 2230
2 812
2 2359
1 1494
1 982
1 1097
1 1473
2 1787
1 835
1 1271
1 2450
1 701
2 2232
1 17
2 2548
1 1667
2 285
1 2044
1 1408
2 448
1 1981
2 1160
1 655
1 2049
2 1949
2 1850
1 1507
1 1427
1 591
2 2549
2 2564
2 2288
1 551
1 2682
1 1200
2 2014
2 40
2 796
2 843
1 651
2 248
2 1221
2 1413
1 1113
1 2204
2 1448
1 2030
1 1804
2 1467
2 1153
2 1024
1 956
1 2563
2 1777
1 1954
2 128
1 386
1 2336
2 1525
2 687
1 2315
2 1088
2 1384
2 2350
1 626
1 188
1 1229
1 2416
2 1048
1 2760
1 2523
1 634
2 1212
2 1734
1 2541
2 577
2 887
1 898
1 1616
2 2792
2 2665
2 2220
1 492
1 2110
2 1534
1 2749
1 357
1 1286
1 2581
1 2359
2 733
2 2621
1 810
1 2188
2 1925
1 1488
1 1013
2 2028
1 1922
2 1886
1 1980
1 1379
1 671
1 1407
2 1436
2 2385
1 1542
2 776
2 203
1 12
2 2668
1 2740
1 1049
2 1481
1 346
2 866
2 2702
1 784
1 2697
2 233
1 1523
1 1283
1 2113
1 774
1 1506
2 2460
2 663
1 2636
1 505
2 1963
2 2700
1 1117
1 613
1 2246
2 394
1 838
2 1284
2 1333
1 1797
2 763
2 2193
2 1040
2 1575
1 1385
2 878
1 1530
1 1727
2 486
2 1684
2 2033
2 149
2 261
2 2233
1 2790
2 1906
1 258
1 2607
2 2438
1 287
2 2636
1 2027
2 1468
2 1880
2 1089
2 2240
1 1101
2 2112
1 2509
1 104
1 1462
2 250
1 2174
2 67
1 2477
2 227
2 96
1 445
2 1012
2 1555
1 2205
2 2398
1 1905
2 99
2 1887
2 1046
1 364
1 721
2 1756
1 768
1 1524
2 2247
1 1422
2 1223
2 1353
1 1248
1 1786
2 2486
2 1719
1 152
1 1742
1 206
1 740
2 1091
2 748
2 1903
2 456
1 2701
1 2002
1 1225
1 2050
1 1214
1 2077
1 632
2 76
2 1794
2 1078
2 1381
1 1511
2 2656
2 2488
1 2384
2 918
1 49
2 2707
2 358
2 1017
2 1463
1 2130
2 2736
1 573
2 2077
1 686
2 641
1 1587
1 81
1 1800
1 579
2 2102
1 2587
2 135
2 2749
1 249
2 1857
1 799
2 2237
1 399
2 160
1 1558
1 2680
2 1336
2 1846
1 1155
1 325
2 176
2 2171
2 1400
1 165
2 679
1 279
1 2026
1 673
2 1075
1 1201
1 616
2 2744
2 1568
2 751
2 1382
1 878
2 2622
1 2743
1 2325
2 842
2 1206
1 1995
2 363
1 2301
1 754
1 1056
2 154
2 1655
1 1404
1 1939
2 2293
1 1729
2 575
1 2262
1 913
2 1913
2 2587
2 2664
1 815
2 2731
1 2118
2 1345
1 2516
2 2259
2 2476
2 2172
2 369
2 1285
1 696
2 1721
2 728
1 673
2 2312
1 2148
1 1202
1 484
1 620
2 1349
2 1443
2 2533
1 2563
2 849
1 727
1 822
2 2741
1 812
1 424
2 595
1 2173
1 1791
2 450
1 230
1 208
2 105
1 1572
2 1431
2 1445
2 69
1 1820
1 1392
1 2199
2 623
2 1898
2 2327
2 72
1 1860
2 220
2 724
1 97
1 2129
1 66
2 2263
2 501
2 1552
2 101
1 985
1 2656
2 2020
1 1038
2 1806
2 1807
1 1425
2 190
2 1737
1 2158
1 659
1 1414
2 547
1 762
1 378
1 2003
2 610
2 131
2 2786
2 1050
2 2615
1 1222
1 1324
1 2285
2 2411
2 712
2 261
2 2291
1 2396
1 1901
1 2187
2 532
1 1316
1 41
2 1957
2 2000
1 1019
2 2216
2 1997
2 481
2 2729
1 2477
1 2695
1 1079
1 701
2 2326
2 881
2 923
2 2658
1 32
1 730
2 54
1 1779
1 675
1 2380
2 1769
1 242
1 1318
1 1720
2 1701
2 2538
2 869
2 2340
2 2103
2 2286
1 1639
1 1918
1 916
2 1149
1 2628
2 21
2 1064
1 133
1 38
1 1828
2 847
1 2766
1 1412
1 1618
1 430
1 619
1 927
1 1085
2 1929
1 2381
2 2611
2 2752
2 2465
2 2127
2 1449
2 601
2 2432
2 1440
2 2535
1 1049
2 1208
1 1541
2 2425
2 61
2 1953
1 2798
1 664
2 290
1 722
2 2138
1 1031
1 1782
2 2734
1 1508
1 1738
1 2276
2 1052
1 522
2 229
2 2406
2 979
2 337
2 2588
2 148
1 2645
1 1168
1 1904
2 1770
1 2567
2 1697
2 2099
1 1002
1 1141
2 1021
1 2425
2 788
2 1551
1 2172
2 1839
2 2576
1 1526
1 625
1 2063
1 2204
2 2580
1 197
1 1762
2 1769
1 2412
1 2325
1 2082
2 2421
2 1817
2 308
2 482
2 1243
2 446
2 1514
1 129
2 2235
1 720
2 2149
1 1344
1 2250
1 1622
2 2191
1 1977
1 1254
1 879
2 2675
1 314
1 113
1 611
2 1257
2 2402
1 1241
2 1869
2 2434
2 903
2 952
2 1198
1 2711
2 1808
2 959
2 882
1 568
2 1520
2 1947
1 2459
1 2252
1 837
1 795
1 962
1 998
2 207
1 321
2 995
1 1008
2 2195
1 769
1 287
2 169
2 704
1 44
1 2281
1 1448
1 91
1 2309
1 107
2 853
1 1828
2 1219
2 36
1 2072
2 1716
2 1166
2 134
1 1975
1 2006
2 1961
1 293
2 1173
2 1005
2 2403
2 2213
2 1033
1 1947
2 141
1 735
2 1858
2 1170
2 2119
2 1619
1 247
1 1680
1 2194
1 2530
1 148
1 1230
1 1040
2 816
1 895
2 1630
2 645
2 1364
1 2144
1 2632
2 1799
1 336
2 938
1 943
1 1631
1 1450
1 1802
1 2722
1 1972
2 1983
1 17
1 2054
1 2069
1 2524
1 1166
2 2490
1 585
1 697
1 1615
2 1433
1 2297
1 1850
1 761
2 343
1 78
2 2056
2 1624
1 2310
2 746
1 716
2 2032
2 2272
2 1516
1 2798
2 912
1 1265
2 1498
2 2459
1 1549
2 1126
1 2595
2 582
2 1516
1 5
2 860
1 877
1 1296
2 289
1 2260
2 1946
2 2609
1 648
2 1134
2 1354
2 2495
1 1278
2 1686
1 1941
1 1066
1 1585
2 744
2 1452
1 1314
1 299
1 322
2 968
2 1129
2 1639
2 571
1 705
1 1927
1 1127
2 1824
1 831
1 1997
1 1268
1 359
1 1055
1 50
2 1440
2 2214
2 1500
1 53
2 2267
1 1411
2 1859
1 705
2 805
1 44
2 2187
1 2132
2 2753
2 646
2 1815
1 949
2 2476
2 1281
2 2596
1 255
1 2208
1 1187
2 2690
2 462
2 2076
2 258
2 147
1 96
2 1987
2 1197
2 2360
2 1777
2 702
2 2548
2 2534
1 2759
2 1167
2 300
1 2282
1 1840
2 2119
2 1855
2 2110
1 1236
2 1400
1 1288
2 661
2 156
2 2272
1 2208
1 1940
1 2609
1 1762
1 2453
2 1376
1 464
1 1089
1 183
1 2152
1 63
1 2694
2 241
2 428
2 182
2 90
2 1224
2 1218
2 653
2 410
1 57
2 800
1 393
1 2145
2 1251
2 1752
1 2414
2 877
1 636
2 204
1 89
2 2071
2 1962
2 1847
1 1337
1 918
2 1930
2 628
2 989
1 184
1 2698
2 2131
1 1826
1 2056
2 2380
2 1509
1 1063
1 1098
1 615
1 306
2 1648
2 1911
2 1806
2 932
1 929
2 465
2 2676
1 2686
1 2189
2 1120
2 1017
2 553
1 1026
1 219
1 1118
1 1807
2 1707
1 2081
2 1920
2 946
2 978
2 971
1 1303
1 793
1 2135
2 385
1 1533
2 1836
2 1683
1 1075
1 862
2 324
1 624
1 59
2 1191
2 643
1 1232
1 1622
2 185
2 133
2 2724
1 131
1 1747
1 1504
2 670
1 1148
1 217
2 503
2 461
2 1569
2 1852
1 466
1 573
1 1794
2 876
2 447
1 2093
1 235
2 406
2 1612
1 2600
2 947
1 1868
2 2544
1 1363
1 2319
2 424
2 1811
2 434
2 2559
2 243
1 1069
1 104
1 1885
2 967
2 1419
2 2508
2 1041
1 1515
1 707
2 320
2 1022
2 342
1 10
2 1586
2 957
1 327
2 283
2 2763
1 2293
1 13
1 2042
1 2122
2 2681
2 1053
2 1540
2 1422
1 1083
1 297
1 518
2 416
2 1689
1 2396
2 2044
1 2757
1 2087
2 1962
1 922
1 1159
1 869
1 302
2 1932
2 868
1 872
1 427
1 2506
2 2346
2 2702
2 494
1 267
2 1668
1 1619
2 1074
2 1849
1 1097
2 998
1 1858
1 2021
1 2721
2 2324
2 532
1 1672
1 2123
2 803
1 408
2 281
1 979
2 889
1 895
2 360
1 1590
2 474
2 597
2 2339
2 2720
1 1253
2 1572
2 2011
2 94
2 249
1 933
1 1545
1 2126
1 1346
2 2679
1 1460
2 1771
2 2470
1 45
2 348
2 1373
1 2130
1 237
1 1437
1 396
2 695
2 2433
2 472
2 2383
2 651
1 283
2 484
2 2504
2 1966
2 2148
2 1326
1 2157
1 854
2 2565
2 2015
1 1576
1 1657
2 2418
2 1092
1 1864
1 2330
1 617
2 1638
1 333
1 1127
2 1269
1 2218
2 2109
1 1037
2 1681
2 2598
1 1833
1 1095
1 252
2 821
2 2710
1 1403
2 2284
2 976
2 415
1 224
1 2635
1 1582
1 372
2 1406
1 1204
1 1164
1 2334
2 1151
2 2604
1 1713
1 2640
1 1838
1 2207
1 2005
1 1992
2 2342
1 58
2 548
1 418
2 2783
2 684
2 740
1 968
1 1930
2 785
2 891
2 2647
2 940
2 409
1 1186
1 141
1 2265
1 876
1 68
1 738
1 2219
1 247
2 2400
1 827
1 1557
1 650
2 925
2 1855
2 683
1 1532
1 1332
2 378
1 2675
2 301
1 231
2 83
2 1472
2 1447
1 1528
2 1553
1 2073
2 638
2 564
1 477
2 919
2 645
1 344
2 103
2 1196
1 2411
2 2513
2 606
2 2063
2 71
1 2765
1 2480
2 1256
2 2225
1 1110
2 2413
1 392
1 753
1 1897
2 1694
2 1311
1 1537
1 205
2 194
2 253
1 1996
2 693
2 1735
1 202
1 2351
1 1942
2 2674
2 629
2 647
1 1894
2 2271
1 1809
1 2348
1 506
1 1826
2 2789
2 1621
2 926
1 755
2 496
1 2756
2 905
2 1228
1 2398
1 1169
1 2763
2 442
2 2324
1 1688
2 1906
1 2506
1 338
2 2006
2 537
2 316
1 964
1 2620
1 2015
1 2265
1 1345
1 2762
2 1079
2 221
2 1486
2 2297
2 509
2 239
2 1293
1 213
2 2787
1 231
1 1602
2 1793
1 2338
2 585
1 1623
2 2716
1 300
2 2409
1 899
1 2300
1 1864
1 2164
1 1099
1 2184
2 87
1 2797
1 239
2 173
2 714
1 70
2 1279
2 2004
1 315
1 397
1 2357
1 2540
1 644
1 1724
1 2737
2 2363
2 2452
1 1018
1 1703
2 1454
1 2605
1 1696
2 742
2 897
1 19
1 1634
2 2693
2 990
1 837
2 757
2 361
1 1881
2 596
2 2379
1 2303
2 2648
2 1307
1 1104
1 1396
2 2773
1 1349
1 256
2 90
2 915
2 1731
1 1289
2 936
2 880
2 125
1 2378
1 305
1 2364
2 2691
2 807
1 275
2 915
2 2511
2 437
1 1548
2 3
1 1454
2 2678
1 2498
2 1834
2 2768
2 25
1 359
1 277
2 2062
2 1687
2 885
1 4
1 1402
1 1643
1 745
1 1435
2 1623
2 105
2 2094
2 1592
1 1009
2 608
2 955
1 992
1 75
2 931
2 2772
1 425
2 951
1 2394
1 820
1 856
2 1069
2 1759
2 161
1 1704
1 2623
1 2786
2 1010
2 196
1 43
2 802
1 2128
1 2754
2 2126
2 1533
1 238
1 2728
1 2408
1 341
1 211
2 2670
1 2512
1 2263
2 954
1 1355
1 2154
1 2551
1 1237
1 274
1 2402
2 126
1 525
2 1252
1 1829
2 1920
1 2223
1 380
2 1249
1 1377
2 1095
1 1645
2 1842
1 1715
1 89
2 331
1 974
2 1803
1 890
2 2243
1 1624
1 167
2 1239
2 722
1 2080
2 1051
1 2776
2 1917
2 2762
2 572
1 2241
1 1322
2 801
1 1690
2 669
1 1199
2 914
2 2106
2 2432
1 1449
1 2249
1 2788
2 2143
1 260
2 34
1 1180
2 804
2 20
1 2147
2 516
2 1389
1 2362
1 1512
2 2374
1 174
1 2507
1 1250
2 917
2 910
1 1241
1 76
1 691
1 1354
1 1106
2 1654
1 1859
1 2577
2 2026
2 1341
2 1398
1 920
1 646
1 2594
1 26
1 2064
2 1287
2 458
2 16
2 970
1 1884
2 2227
2 715
2 1606
2 1999
1 1791
2 593
2 901
2 1705
1 1652
2 1523
2 2542
1 934
1 2104
2 222
2 2149
2 245
2 2041
1 2010
2 1217
1 2242
1 71
1 587
1 988
1 1090
1 180
2 2207
2 599
2 1234
2 311
2 262
1 1195
1 2410
2 2629
1 2612
1 1789
1 2454
2 191
2 1404
2 1330
2 1690
1 2331
1 2654
1 236
1 1168
1 2178
2 2505
1 2481
1 656
2 116
1 1371
2 413
2 1488
2 805
2 1497
1 793
2 2467
1 1892
1 715
2 2562
2 2168
2 1483
1 1315
1 1605
1 726
2 725
2 1584
2 2472
2 1238
1 641
1 1823
2 1284
1 518
1 1435
1 1324
1 94
1 826
1 1182
1 2036
2 446
1 1261
1 1695
1 2156
2 294
1 1024
2 1822
2 2437
1 2229
2 633
2 85
1 1179
1 2139
1 2311
2 2676
2 964
2 1385
2 2530
1 2154
2 1547
1 1582
1 151
1 1492
1 745
1 2713
1 663
1 735
2 951
2 708
2 581
2 1689
2 195
1 179
1 206
1 2060
1 2333
1 929
2 1257
2 325
2 1665
1 77
2 395
1 1945
1 2688
1 1006
2 1673
1 945
2 652
2 1294
1 2046
2 2090
2 1571
1 1027
1 1577
1 2586
1 1879
1 2032
1 1931
1 1910
2 1688
2 749
1 37
2 947
1 570
2 603
2 1124
2 2619
1 211
2 990
1 2169
2 1574
1 86
2 157
1 693
2 2012
2 108
1 46
2 594
1 770
2 1753
1 555
2 433
1 1959
1 2699
2 505
1 914
1 306
1 49
1 356
1 2584
1 920
1 2424
1 2142
2 860
2 2238
1 1245
1 1608
1 1465
2 1096
2 1205
2 1126
1 353
1 2579
1 1290
2 1411
1 319
2 2206
1 1540
1 2161
1 1960
2 218
2 2436
1 925
1 1120
1 922
1 149
1 1640
1 1934
1 1093
2 1877
2 320
2 513
2 1382
2 957
1 290
2 210
1 1776
2 2446
1 335
1 2182
1 811
1 832
1 1513
1 36
1 1641
1 1733
1 1593
1 2223
2 232
1 1115
1 2784
2 1080
2 1392
1 2739
2 759
1 1230
1 392
2 961
2 451
1 1981
1 1799
2 772
2 2287
1 1157
1 2602
1 1367
1 51
1 437
1 2392
2 399
1 1792
1 2109
2 955
1 698
1 984
2 1259
2 519
2 1318
2 996
1 758
1 944
1 539
2 333
2 1677
2 655
2 2755
1 1895
1 829
2 1921
1 189
2 543
1 1015
2 1413
1 523
2 658
2 1832
2 1350
1 2280
1 1570
1 1924
1 696
1 2554
2 2567
1 1574
2 1327
1 1199
1 362
1 760
1 2078
1 580
1 2634
2 2428
1 848
1 1980
2 1775
1 1554
2 1529
1 1134
1 1105
2 2585
2 152
2 1659
2 756
1 1765
1 2128
1 557
1 1595
2 2266
2 2489
2 2431
1 2637
2 1119
1 759
2 123
1 1014
2 1973
2 42
1 171
2 1292
1 1559
2 406
2 2086
2 1338
2 2569
2 2096
1 2019
2 385
2 2673
2 478
2 263
2 1580
1 199
1 426
1 308
1 2388
2 1599
1 1761
1 2367
1 1367
2 1534
2 1570
1 1388
1 639
2 1801
2 1607
1 11
2 1475
2 2302
1 578
1 2165
1 2029
1 1020
1 971
2 1006
2 749
1 1741
1 2152
2 2264
2 1872
1 299
1 1778
2 2705
1 495
1 2439
1 612
2 936
2 1317
1 2397
2 77
1 33
2 1550
2 2566
2 677
2 183
1 2150
2 313
1 339
1 994
1 2281
1 489
1 1320
2 634
1 758
2 524
1 1787
1 2640
2 2342
2 713
1 2701
1 1047
1 1842
1 210
2 690
1 2520
1 1313
2 2450
1 125
1 1506
1 1485
2 2337
2 818
2 700
1 2730
1 556
2 1875
2 558
1 1203
1 1721
1 1492
1 1399
1 1716
2 1892
1 116
2 1535
1 1491
1 2785
2 1136
2 97
2 517
1 2099
1 2131
1 2145
1 2354
1 1304
2 1865
2 1081
1 1052
2 2718
2 2462
2 2605
2 810
2 164
1 106
1 1542
2 2651
1 2285
1 960
2 2221
1 2182
2 2570
1 2471
2 1514
2 2107
1 1924
1 421
1 1839
2 1554
1 2454
2 1192
1 22
2 2512
1 1297
2 1172
2 1982
1 1277
2 1033
1 1246
1 652
1 2649
1 565
2 538
2 1360
2 1194
1 440
1 2733
1 564
2 1612
2 1759
2 48
2 31
2 2270
2 1768
1 1682
2 617
2 403
1 549
1 723
1 1819
2 2740
2 976
1 1660
2 1252
1 725
1 2016
2 1192
2 241
1 1618
1 1879
2 682
2 1529
2 1973
1 1914
1 1106
2 621
2 2268
1 1133
1 1188
2 887
2 1891
1 2253
2 734
2 82
1 313
1 497
1 2593
2 892
1 605
1 2306
2 156
2 1361
2 2612
2 1057
1 545
1 2041
1 2329
1 1442
1 997
2 2377
1 2424
1 2352
1 1583
2 1942
2 2671
2 729
2 572
2 2771
2 288
1 355
1 100
2 2289
1 2079
1 387
1 2020
1 1656
2 662
1 2369
2 886
2 2243
2 2600
1 845
1 1005
2 2638
1 2447
2 2646
2 739
1 449
2 2427
2 2718
1 2133
1 1430
2 670
1 875
2 1327
1 991
2 2355
2 579
2 1586
2 862
2 1628
2 1772
2 1625
1 534
2 157
2 1654
2 2146
2 1768
1 2306
1 562
1 347
1 1692
1 2218
2 1860
1 414
