5600 4000
1 618
1 2710
1 2505
1 1291
2 2354
2 1840
2 1719
1 1780
2 256
2 2602
2 995
2 865
2 2484
2 266
2 1715
1 2639
1 332
2 1720
1 2412
2 785
1 944
1 153
1 2525
2 1779
2 1817
2 41
1 2076
1 1850
2 952
1 1670
2 2406
1 1080
2 1121
2 363
1 1515
1 2245
2 2662
1 2439
2 528
1 1448
2 2585
1 2562
2 910
1 2757
1 1544
2 561
2 1565
2 165
2 1111
2 52
2 318
2 1207
1 1439
2 1625
1 2300
2 2190
2 550
2 1801
2 2038
2 1668
1 1625
2 2600
2 564
1 918
1 2110
1 1266
2 1464
2 1309
1 1210
1 950
1 179
1 1389
2 2011
2 1935
1 334
1 1656
2 1764
1 872
1 1595
2 1462
2 1156
2 1231
1 1240
2 2253
2 20
1 479
2 1343
1 2123
2 1855
1 7
1 1685
1 2065
1 1659
2 108
2 2595
1 1697
1 2548
2 2328
2 2542
1 2082
2 56
1 265
2 1086
2 2064
2 838
2 1131
2 1758
2 2215
2 1094
1 2571
2 2303
1 376
1 664
1 377
1 583
1 2635
1 1718
2 2062
1 2748
1 77
1 1687
1 2125
1 508
2 2394
1 2563
1 75
1 1441
1 2664
1 1244
1 2612
2 2458
1 918
1 1945
2 2205
1 2378
2 95
1 174
2 808
1 678
2 39
2 1062
1 1950
1 1357
2 2227
1 592
1 1082
1 712
1 1340
2 2409
1 1339
1 178
2 173
1 753
1 767
1 187
1 96
2 2755
1 817
2 962
1 746
1 2708
2 2456
1 1875
1 559
2 1065
1 1724
2 1049
2 239
1 282
2 1469
2 1528
2 1778
1 1990
2 882
1 984
2 1683
1 2112
1 1646
1 1591
1 962
2 867
2 576
2 21
2 710
2 2098
1 2671
1 154
1 247
1 1966
1 2412
2 845
2 624
2 1447
1 426
1 2099
2 1958
2 926
2 656
2 2269
2 1866
2 2187
1 1012
1 99
1 2729
2 1459
2 2677
2 513
2 2429
1 1472
2 913
2 2557
1 805
1 647
2 661
1 466
2 752
2 1315
1 2628
2 475
1 2676
1 556
2 980
1 1893
2 2739
2 2645
1 1503
1 432
1 2710
1 2414
1 1432
2 2342
2 2434
2 1745
2 1320
2 1575
1 1135
1 1736
2 2356
2 737
1 79
1 573
2 2018
1 2132
1 826
1 1338
1 2657
2 2662
1 1958
1 1290
2 485
1 2125
2 89
2 760
1 2532
2 2373
2 495
2 1856
1 2360
2 1610
2 370
2 353
2 2694
2 1333
1 667
1 287
1 2085
2 1627
1 2444
1 1510
1 1441
1 2246
2 477
1 1762
1 1278
1 1002
1 1583
1 1361
1 2099
2 2128
1 1529
1 2210
1 257
2 1353
2 2026
1 828
2 1849
1 289
1 1845
1 273
1 2067
1 455
2 2498
1 2087
1 2481
1 775
2 554
1 2116
2 1210
2 2074
2 434
1 169
2 1265
2 1153
1 317
1 1959
1 2237
1 2063
2 165
1 2450
2 640
2 2002
2 713
2 2086
2 1410
1 945
1 646
2 277
1 2258
2 1951
2 2622
2 2799
1 835
1 1253
2 1048
2 790
2 1690
1 2005
2 320
1 18
1 560
1 961
1 259
1 503
2 1087
2 1356
2 1673
1 135
1 1175
1 2483
1 373
1 2126
1 403
2 928
2 1513
2 691
1 757
1 1920
1 109
1 2151
2 445
1 1121
2 2211
2 1615
2 2297
2 2242
2 1445
1 670
2 2000
1 175
1 1281
1 1829
1 2747
2 738
1 342
2 669
2 1133
1 316
2 59
1 272
1 2244
1 100
1 13
1 662
1 1327
2 1763
2 1220
1 1546
2 1840
2 315
1 266
2 1615
2 2025
1 1658
2 2697
2 1533
2 2607
1 145
1 2610
2 2106
2 1817
2 2780
1 1110
1 1905
2 2447
1 2198
2 1766
1 2130
1 75
1 947
1 271
1 2101
2 2404
2 661
2 2588
1 633
2 815
1 1876
1 2371
1 168
1 537
2 1610
2 326
1 604
1 1675
2 988
2 2509
1 420
2 205
2 2118
2 1389
2 752
1 2690
1 1403
2 529
2 1519
2 1548
2 232
2 820
2 2640
2 2659
1 851
1 2082
1 2255
1 727
1 389
2 609
2 711
2 2418
2 881
2 5
2 1774
2 1552
1 2093
1 763
1 1368
1 1922
2 361
1 982
1 2129
2 808
2 2411
1 1742
2 2403
2 497
2 2549
2 1557
2 1417
2 567
1 286
2 1999
1 352
1 2608
2 2241
1 445
1 1378
1 713
2 1870
1 386
1 2144
1 1078
2 86
2 1635
2 1298
2 1003
1 2678
1 870
2 1421
1 273
2 2778
1 1811
1 2521
1 943
2 2031
1 2274
2 1392
1 2078
2 2559
2 116
2 2735
2 644
1 2222
1 976
2 2560
1 2052
2 2424
1 1550
2 671
2 1165
2 504
2 2150
2 1036
1 145
1 2324
2 1757
1 1887
1 1723
2 2138
1 583
1 906
2 663
2 1296
2 895
2 681
1 2737
1 471
1 2484
1 176
2 1862
1 362
2 1173
1 1619
1 2114
2 1563
1 1959
2 2414
2 1223
2 173
2 1919
2 1318
1 374
1 310
1 2047
2 2285
1 1690
2 489
2 608
1 1680
2 1643
2 2401
2 2083
2 1002
1 2123
1 119
2 78
2 1400
2 2384
2 1967
1 2770
1 1681
2 1283
2 1707
1 1268
2 1380
1 915
2 1679
2 2569
2 2386
1 2558
1 228
1 1523
2 1383
2 2325
1 1081
2 2342
1 2720
2 650
2 590
2 1498
1 455
2 1012
2 1871
2 758
2 1216
2 373
2 1499
1 33
2 2032
2 31
2 896
2 2538
1 1452
2 2577
1 1417
1 2797
2 1153
2 1938
2 975
2 1355
1 1843
1 2444
1 1496
1 1222
2 582
2 380
2 1213
2 545
2 1560
2 1517
1 823
1 1691
1 625
1 1661
2 1255
1 605
2 2113
2 1993
2 431
2 2432
1 2538
2 2203
1 1360
2 2135
2 1746
2 1275
2 1736
2 2480
1 315
1 1167
1 1851
2 1820
2 2234
1 2236
2 1820
2 2163
1 578
1 1510
1 600
2 19
2 563
1 2685
1 1103
1 1955
2 1396
1 422
2 783
2 701
1 699
2 494
2 1770
1 2429
2 926
2 2576
1 976
2 1743
2 371
1 330
1 2462
1 897
2 693
2 2466
2 1178
1 996
2 953
2 1044
1 241
2 2202
1 2766
2 2688
2 1799
2 2448
1 1597
1 1464
1 2174
1 1996
2 1535
2 1813
2 1629
2 874
1 2296
2 2432
1 126
1 2025
2 1188
2 2261
2 98
1 134
1 923
2 541
2 1325
1 2332
1 1176
2 246
2 2742
1 2135
2 107
2 2030
2 1864
1 1717
2 744
1 905
2 394
1 125
1 1600
1 2589
1 2048
2 2220
1 891
1 2474
2 2156
1 328
1 772
2 435
1 2769
2 2059
2 1515
2 378
1 1040
2 1034
2 1942
1 1134
1 2506
1 69
2 1384
2 846
1 505
1 982
2 1867
1 1102
2 1537
2 1489
2 2352
2 1660
2 1638
2 1009
2 631
1 698
1 2786
2 1982
1 23
1 120
1 487
1 335
2 1250
2 727
2 1194
1 231
1 863
2 100
1 309
1 740
2 1140
2 2221
2 589
1 692
1 2300
1 581
2 596
2 2443
1 1867
2 2102
1 2465
1 2717
1 1200
2 302
2 1527
2 1377
2 1676
1 677
1 2092
1 1924
2 1794
2 388
1 185
1 1244
2 1202
2 1196
1 1612
2 1835
1 2274
2 1506
2 2021
2 186
1 1412
1 2133
2 72
2 1005
2 2054
1 1541
2 413
2 693
2 2664
2 1598
2 509
2 113
1 2207
2 1415
2 1049
2 2615
2 2485
2 84
1 1414
1 932
2 448
2 499
1 835
1 439
1 2604
2 1286
1 2109
2 1053
1 398
1 2259
2 2602
1 2627
2 1568
2 1873
1 1789
1 1106
1 1440
2 2405
2 1269
2 1939
1 2734
1 2474
1 2373
2 1484
2 2351
2 2727
2 1044
2 340
1 167
2 2318
1 184
2 729
2 715
1 1670
2 601
2 2759
2 959
2 415
1 1362
1 1467
2 1142
1 360
1 1716
2 2327
1 1043
2 849
2 2622
1 1076
2 1728
2 63
2 615
1 2298
1 355
1 1524
1 1504
2 600
2 1497
1 431
2 498
2 1558
2 1871
1 942
2 42
1 1484
1 337
2 1192
2 2679
2 1554
2 845
1 488
1 1986
1 934
1 602
1 2601
1 742
1 666
2 858
2 2155
1 2353
1 2292
1 1052
1 130
2 1502
2 2463
1 2687
2 1080
2 2731
1 1082
1 2486
1 1330
1 83
1 488
1 2436
2 146
2 402
2 1165
1 1303
2 209
1 48
2 863
2 2219
2 609
1 999
2 1439
2 2420
1 1741
1 2713
2 2377
1 954
2 1249
1 617
1 2340
2 528
2 71
2 702
2 1831
1 270
1 303
1 1365
1 2614
1 1020
1 1776
2 1319
2 1543
2 1352
1 348
1 1651
1 1323
1 1574
1 318
2 1539
1 2100
2 1928
2 1753
1 1364
1 1806
1 1056
2 2557
1 2365
1 2415
1 1151
2 216
2 2553
2 2136
1 34
2 1072
2 192
2 2513
1 2095
1 1372
1 1003
1 2363
2 316
1 2147
1 1616
1 2324
2 1220
1 2764
1 782
2 2752
2 1102
1 1014
1 571
2 1186
2 1531
2 1067
1 1345
2 1101
1 1715
1 2173
1 729
2 803
1 1092
1 413
2 635
1 576
2 522
1 2268
2 1520
2 2064
2 1004
2 1795
1 481
2 1821
1 2359
2 255
2 1434
2 1310
1 924
2 2790
1 1936
2 518
1 1724
1 2758
2 460
1 2777
2 1624
2 1809
2 1634
2 46
1 2421
2 618
2 191
2 2680
2 1684
1 2424
1 2097
1 2759
1 2313
2 1219
2 2425
2 1660
2 2276
2 62
1 1263
1 1584
2 1788
1 142
1 802
2 1187
1 775
1 1134
2 990
2 517
2 1934
1 138
1 1664
2 1807
2 1864
2 2182
2 831
1 180
1 2016
1 578
2 979
2 1976
2 796
1 295
1 70
1 77
2 563
1 1905
2 1053
1 2378
2 2430
2 58
1 489
2 1914
2 1226
1 437
1 1289
2 1908
2 1251
1 2767
2 771
2 726
1 49
2 292
2 1117
1 1442
2 532
1 780
2 465
1 2404
1 2152
1 1525
1 2292
2 1699
2 2278
2 1569
1 1367
1 844
2 1113
1 965
2 2514
2 836
1 1440
1 1399
2 1848
2 1654
1 137
1 80
1 2216
2 394
1 1299
1 1678
1 1926
2 711
2 2169
2 1908
2 2565
1 2438
2 688
1 1336
1 709
2 1750
2 748
2 244
1 592
1 1124
1 2159
2 1334
1 1782
1 2573
2 925
2 329
2 1859
2 317
1 686
2 1791
2 679
1 809
1 285
1 852
2 4
1 1457
2 2408
1 1824
1 2298
1 2772
2 64
2 1345
1 2351
2 704
1 1041
2 983
2 1447
1 2671
1 2355
1 2142
1 853
1 356
2 1268
2 697
1 1234
2 998
2 1209
2 308
2 2499
1 1388
2 1834
1 1468
2 1953
1 391
2 2382
2 1551
1 284
2 972
1 557
1 2529
1 1418
2 2405
1 1032
1 1695
2 2598
2 730
1 674
1 2384
2 1183
1 979
1 1140
2 2512
2 1585
1 50
1 1769
2 551
2 2558
2 1282
1 1265
2 1746
1 279
2 2465
1 1720
1 2387
2 1340
1 1673
2 447
1 702
1 42
2 1304
2 2368
1 378
1 2395
1 1689
1 924
2 822
2 2573
2 2209
2 1682
1 2681
1 276
2 2034
1 1366
2 156
1 1037
2 1781
1 1702
2 2245
1 2177
1 2776
2 2492
2 1442
1 1413
2 1632
2 2451
2 2158
1 2528
2 1502
1 2197
2 2379
1 768
1 2039
2 1411
2 2273
2 8
2 2545
2 1748
1 686
1 512
1 535
1 2028
1 2143
2 2730
1 662
2 2348
1 2419
1 1172
1 1602
1 2199
2 1029
1 308
2 472
1 2623
2 449
2 1380
2 2471
2 1797
1 1957
2 1058
2 382
1 1572
2 28
2 2726
2 1399
2 1947
2 364
2 28
2 721
1 1803
1 1123
1 2153
2 1324
1 146
2 1902
1 2393
2 1472
1 2005
1 995
1 330
1 2477
2 1026
1 1490
1 564
2 2389
2 2188
2 1790
1 2153
2 2754
1 332
1 896
2 1493
1 936
2 2166
1 2331
1 937
2 2762
1 1236
1 887
1 1765
1 2230
1 2165
1 346
2 202
1 322
1 2329
1 143
2 2049
2 2084
2 1930
1 329
2 2111
2 1546
2 1456
1 2652
1 2376
2 673
1 2610
1 2022
2 1770
2 20
1 2000
1 1645
1 1727
2 2446
1 300
2 587
1 704
1 1581
2 2673
1 1983
2 296
2 83
1 1868
1 632
2 1684
1 2690
2 1738
1 869
2 57
2 1993
1 295
1 1149
1 222
2 584
2 1879
1 1262
2 2771
2 1796
1 536
2 1347
2 1428
1 1213
1 437
2 2501
1 1703
1 1851
2 2091
1 304
1 1435
1 2574
1 1147
2 1136
2 1956
1 2060
1 977
1 968
2 1427
2 409
1 1258
1 837
2 182
1 1895
1 930
1 1446
2 765
1 1143
2 2330
1 2056
2 2442
1 456
1 2380
1 15
1 1972
2 2103
2 516
1 2104
2 945
1 750
2 626
1 2027
1 370
2 2267
2 1886
1 2062
2 358
2 1828
1 1599
1 1534
2 2620
1 2491
1 1339
2 76
2 857
2 1011
1 1831
1 191
1 1882
2 2252
1 2225
2 1184
2 224
2 1476
1 548
2 556
2 1138
1 484
2 907
2 1332
1 1506
1 2169
1 2240
1 1937
2 1556
1 1691
2 2079
2 1095
2 1451
2 1337
2 246
1 2306
1 1913
2 2718
2 1444
2 415
1 1609
2 1443
1 1932
2 1286
2 1338
1 1344
1 2228
1 1936
1 2581
1 2788
2 1663
1 1094
1 668
1 1427
2 748
2 470
2 1895
1 849
1 1025
1 639
1 1674
2 260
1 1535
1 965
1 1701
2 1072
1 797
1 1712
1 920
2 2148
1 678
2 853
2 1985
2 1335
1 2743
2 772
1 1636
1 48
1 2078
2 2509
2 374
2 2778
1 2322
1 1001
2 1105
2 1008
1 1969
1 2461
2 473
2 674
1 392
2 1468
1 1301
1 2522
1 2798
1 1988
2 2303
2 2278
2 482
2 2526
2 1705
2 1868
1 1358
2 1433
1 2217
1 773
2 429
2 376
1 2375
1 2359
2 1190
1 1772
2 715
2 66
1 788
2 2792
1 652
1 258
2 2399
2 1960
2 2023
2 2180
2 1557
1 1070
1 102
2 2534
2 1694
2 2194
1 2088
2 1505
1 2223
1 1575
2 1067
1 984
2 1978
2 909
1 1607
2 2051
2 2204
2 240
2 569
2 1886
2 1594
2 1653
1 1836
2 1793
1 2788
2 30
2 1083
1 1652
2 257
2 2667
1 2222
2 2684
2 53
1 1929
2 1406
1 613
1 1824
2 2069
2 1247
1 1293
1 404
2 1017
2 795
2 2252
1 427
2 230
2 1403
2 381
2 128
2 2452
2 572
2 2015
1 1640
2 1698
1 491
1 2473
1 2343
2 1187
1 151
1 2339
2 1842
1 207
1 2202
2 262
2 2294
2 1477
1 305
1 40
1 2641
2 1923
2 986
2 2119
1 1214
1 456
2 43
2 2177
1 2784
1 1005
1 2669
1 1316
2 925
2 791
2 223
2 423
2 1201
2 1074
2 1530
1 2753
1 607
2 781
1 2462
1 1623
1 1243
2 2413
1 1211
1 1152
2 601
2 718
1 1138
2 463
1 218
1 938
2 1802
1 1365
2 836
2 265
1 365
2 2775
2 1465
1 299
2 1943
2 2649
1 961
1 623
1 1543
1 647
2 1125
2 911
2 1149
1 2026
1 1603
2 1500
1 457
2 2172
2 1505
1 1721
2 2191
2 1252
2 2108
2 1317
1 2655
1 1086
2 1688
2 2498
2 2248
2 1230
1 12
2 1726
1 1197
2 665
1 1555
1 2490
1 2281
1 2206
2 1651
2 850
1 2265
1 34
2 2611
2 2702
2 1869
1 972
2 1205
2 1877
1 1061
1 1853
2 2532
2 436
2 241
2 2768
1 36
1 1622
2 2047
2 45
1 1460
2 1445
2 1549
1 971
1 2309
2 411
1 922
1 1423
2 2289
2 2633
1 649
1 56
1 1900
2 2389
1 10
2 112
2 2640
2 2105
1 1169
2 1562
2 705
2 2367
1 212
2 1017
1 2205
1 2409
2 1618
2 2699
2 106
1 746
1 1071
2 1463
1 280
1 1680
1 1297
1 2508
1 2186
2 1059
2 1628
2 1662
1 2126
2 210
1 2381
2 2543
1 1406
2 2390
2 1669
1 1176
1 2489
2 136
1 917
1 2044
1 1759
2 656
1 2747
2 2636
2 1475
1 2691
1 2059
1 2160
1 1568
2 1896
2 1938
1 1033
1 1558
2 1013
2 706
2 1808
1 1503
2 1858
1 256
2 597
1 2296
2 1007
1 1144
1 2148
1 638
2 557
1 460
1 2513
1 1747
1 1290
2 238
1 2407
1 1516
1 546
1 539
2 1127
1 2356
1 365
1 2620
1 1103
1 2305
1 2568
2 269
2 1257
2 1754
2 1419
1 994
2 1375
2 1483
1 596
1 889
1 1713
2 2470
1 2249
1 766
1 854
2 2605
1 433
2 2145
2 1608
1 1150
2 2481
1 684
1 1732
2 1184
1 950
2 1336
1 205
1 268
2 2744
2 2233
2 1170
2 1294
1 1494
2 1050
2 922
1 2457
2 1663
1 292
1 2010
2 1376
1 1830
1 765
1 2364
2 1655
2 2185
2 502
2 1232
1 268
2 1481
2 1949
1 201
2 927
2 1822
2 1329
2 1183
2 1311
1 166
2 1386
1 341
1 2448
2 2353
1 852
2 1318
1 2478
2 999
1 2578
2 368
2 1354
1 1752
2 462
2 542
2 875
1 1006
1 659
2 290
1 2643
1 929
2 1522
2 2599
1 1088
1 2733
2 1371
2 1909
2 2022
2 37
1 2016
2 39
1 1897
1 911
1 2370
1 2128
1 1079
1 2752
1 2007
1 1620
2 2592
2 2174
2 2674
1 549
2 2720
1 2042
1 1037
1 1451
2 139
2 2326
1 339
1 1755
1 1512
1 1567
1 2279
1 1203
2 470
2 1848
1 1224
2 2397
1 1635
2 885
1 1884
1 2236
1 2469
2 1829
2 424
2 2511
1 790
1 149
1 2449
1 641
2 2619
1 1422
1 283
2 2477
1 1755
1 2362
2 2046
2 512
2 1974
2 1811
1 1929
2 67
1 672
1 1819
2 1000
2 208
1 1301
1 2264
2 1667
2 199
1 138
2 46
2 756
1 1108
1 2229
1 355
2 1193
1 1962
2 2183
1 1092
2 2181
1 113
1 1325
2 948
1 452
1 1305
1 828
2 1559
2 991
2 2223
2 842
2 1914
1 1238
1 1547
2 723
2 1006
1 312
1 443
2 1470
2 1662
1 710
1 667
1 1594
1 1519
2 1592
2 392
2 184
1 1621
1 2757
1 2166
2 430
1 873
2 2211
1 2017
1 2503
1 476
2 1796
1 519
1 818
2 2179
1 166
2 2494
2 830
2 2518
1 2527
1 152
2 2735
1 2722
1 338
1 2237
2 627
1 1212
2 324
2 134
2 1977
1 172
2 799
2 944
1 692
1 1208
2 1542
2 586
1 399
2 1270
1 1889
1 2375
2 1300
2 1976
2 213
2 2418
1 2275
2 602
1 1160
1 1180
2 1401
2 2365
1 2722
1 2458
2 2668
1 1225
1 777
1 1056
2 538
1 912
1 58
1 401
2 1358
1 906
1 927
1 1260
2 1708
2 214
2 238
2 1020
1 558
1 133
2 581
2 1288
2 1429
2 2660
2 1139
2 2329
2 714
2 35
1 1964
1 510
1 1745
1 2476
1 335
2 575
2 1193
1 2318
1 2628
1 971
1 2763
1 176
2 2343
2 2784
2 653
1 2658
2 2595
2 2344
2 326
1 444
1 509
1 1806
2 1798
2 2277
1 2723
2 891
2 1460
2 1844
2 2626
2 1897
1 1849
1 1815
2 573
1 1507
1 1494
2 381
2 426
2 289
1 2157
2 1931
2 1644
1 337
2 1407
1 35
1 597
1 1930
2 284
2 2032
1 1551
2 2
2 127
2 2426
2 24
1 1258
2 1137
2 78
2 992
1 1563
1 629
1 358
2 2547
1 657
2 1630
2 1780
1 2140
1 1874
2 1767
2 1099
2 1453
2 2603
1 206
2 2388
2 1402
2 2689
1 2455
1 1588
2 1540
2 2018
1 2376
1 1912
1 1902
1 2348
2 987
1 2338
2 40
1 1598
1 366
2 1538
1 1093
1 150
2 745
1 2646
2 1177
2 650
2 1649
1 2555
1 1105
2 2751
1 660
1 104
2 1027
1 2492
1 110
2 2732
1 1912
2 2587
1 1391
1 2445
1 968
2 1981
2 1305
2 2588
1 956
2 1530
1 940
2 1386
2 190
2 1634
1 1815
2 2313
2 2217
1 480
1 821
1 2545
1 348
2 1225
1 1074
2 941
1 1694
2 1800
2 2262
1 149
1 832
1 766
1 122
2 1932
1 1725
1 604
2 1416
2 1675
2 1998
1 990
1 760
1 307
1 2686
2 2122
2 1234
2 2777
2 1281
1 141
1 1048
1 2533
1 203
2 226
1 2332
2 440
1 612
1 213
2 1137
2 1377
2 327
1 1081
1 1163
1 630
1 2283
1 2186
2 204
2 1875
1 1025
2 764
2 843
2 703
2 969
2 575
2 1910
1 807
1 2019
2 2440
1 5
2 1794
1 421
2 741
2 868
1 1119
2 1825
1 67
2 1425
2 2152
1 958
2 62
2 1421
2 2036
1 1737
2 2212
2 1308
1 956
1 2546
1 2780
2 2254
1 1298
1 277
2 1302
2 23
2 724
2 2400
2 397
1 1235
2 914
1 1917
2 1647
2 407
2 1357
1 2341
2 11
2 2260
1 1463
1 288
1 2225
1 631
1 1015
2 2163
1 1940
2 2653
2 2162
2 1579
1 2185
2 120
1 2454
2 490
2 949
1 731
2 1989
1 2544
1 1562
1 2695
2 2081
2 2208
1 2071
2 2122
1 598
1 754
1 1246
2 534
2 930
1 1206
1 2479
1 2486
2 1734
1 1656
1 2504
2 1513
1 1768
1 2038
2 2495
2 951
2 1529
2 1710
1 1523
2 2531
2 1381
1 131
1 2226
2 1309
2 735
1 2140
1 756
1 1306
2 1278
2 2666
1 467
2 1898
2 2176
1 1112
1 350
1 2520
1 1130
1 1235
1 1171
2 2782
2 831
2 2463
2 734
1 707
1 2331
2 2733
1 2453
1 935
1 1687
2 2651
2 2377
1 391
2 2774
2 299
1 408
2 655
2 2164
1 1390
1 1343
2 503
2 1952
1 636
1 1793
1 458
2 1364
2 343
2 1196
2 1334
2 611
1 2337
2 839
2 1834
1 1436
1 2667
1 508
1 2314
2 494
1 68
2 928
1 2512
2 276
2 2039
1 14
2 2791
1 1614
2 582
1 1981
2 2775
1 2171
2 2085
1 2073
1 676
1 1486
1 2779
2 2639
2 1013
2 1821
1 1385
1 1450
2 2515
1 2127
1 1449
2 1064
2 454
1 864
1 554
1 1098
2 2593
1 2056
2 1893
1 854
1 2131
1 2057
2 591
1 1254
1 2410
1 264
1 1041
1 2601
2 22
2 183
2 1254
1 1369
2 2194
1 784
2 2624
2 2623
1 2719
1 1156
1 248
1 2527
1 1409
2 1276
2 1518
1 1312
2 242
1 2647
2 1477
1 1617
2 1653
2 2080
1 2212
2 397
1 643
2 1139
2 2427
2 951
2 1096
2 117
1 461
1 2631
2 1230
2 771
2 2369
2 132
1 198
1 2582
1 2311
1 1891
2 2358
1 2718
2 1701
1 1233
1 1371
2 1838
2 13
1 2182
1 1846
1 2598
2 1055
2 281
2 898
2 233
2 2529
2 1478
1 2346
2 675
2 885
2 2347
2 163
1 1384
2 1777
2 2061
2 934
1 2524
1 2497
1 1141
2 1624
1 393
2 2367
1 452
2 921
2 2712
2 357
2 384
1 1604
2 1534
2 33
2 38
2 603
1 728
2 2320
1 272
1 2506
2 283
2 2433
1 303
1 1512
2 732
1 1495
2 26
2 71
2 1487
2 669
1 1541
2 372
1 842
2 2044
1 1130
2 1872
2 588
1 476
1 562
1 736
2 1212
2 387
2 827
1 142
2 1948
2 2583
2 735
2 1292
1 2760
2 800
2 2041
2 841
1 2698
2 285
1 400
1 2591
1 776
1 80
2 274
2 402
2 2311
1 2200
2 974
1 65
1 215
2 593
2 2248
2 651
1 126
2 2224
2 162
1 2499
2 81
2 1132
1 1152
2 252
2 2406
2 407
1 780
2 1571
2 1835
2 506
2 239
1 82
2 759
2 599
1 375
1 96
1 450
1 1995
2 2366
1 3
2 2548
1 952
1 2476
1 643
2 2028
1 1342
1 2703
1 2707
2 522
1 1256
2 2394
1 2714
2 2213
1 2629
2 2247
2 2282
1 566
1 737
1 2041
1 1749
2 344
2 1050
2 2066
2 915
2 2241
1 2530
2 826
2 2618
2 1994
2 2517
1 1942
1 1014
1 6
1 140
2 178
2 1998
2 2740
2 1392
1 1832
2 2739
2 1066
1 2295
1 1863
1 2308
2 943
2 351
2 1542
2 384
2 1276
1 893
2 1120
1 2007
2 1574
1 151
1 1509
2 659
1 2609
1 2195
1 1321
2 2541
2 301
1 2666
2 1054
2 804
1 2706
1 2618
1 890
2 2112
2 598
1 2691
2 816
2 1761
2 568
1 1517
1 967
2 1259
1 291
1 1726
2 1756
1 2254
2 2238
1 570
2 1630
1 1581
2 2668
2 747
2 2317
2 2634
2 577
1 1709
2 1274
1 2009
1 1611
1 2447
2 1362
2 155
2 2263
2 1874
2 377
1 694
2 2089
1 2556
2 1572
1 2391
2 2347
1 864
1 705
1 296
2 1155
1 1040
1 2776
1 2341
2 718
2 2390
2 2345
2 2624
2 1827
2 2265
1 1859
1 226
2 2266
2 2360
1 699
2 17
2 2231
1 1833
2 110
1 310
2 877
1 829
2 1344
2 559
2 983
1 2030
1 590
1 1366
2 1346
1 2003
2 2594
2 1060
1 605
2 1717
2 802
1 1194
1 74
2 2790
2 1046
1 2594
2 1155
1 761
1 2035
1 2114
2 2283
1 747
1 311
2 1576
2 140
2 1885
1 2627
2 287
2 1132
2 405
1 2539
2 1603
1 874
1 901
1 1128
1 2765
1 2745
2 188
2 2290
1 1455
1 963
2 1452
2 443
2 2578
2 1991
2 399
1 156
1 1129
2 1051
2 822
2 635
2 254
2 1907
1 1950
2 1192
1 2168
2 877
1 1316
1 1179
1 657
2 2178
2 680
1 2312
2 2189
1 2464
1 1532
1 1021
2 475
2 158
1 1450
1 2008
1 1434
2 19
1 1116
2 361
2 2568
1 2422
2 1669
1 1150
2 1273
2 309
1 2088
2 2334
1 514
2 2154
1 1714
1 216
1 978
2 1686
1 57
2 1884
2 64
2 2460
1 1921
1 1353
1 2043
2 1295
1 942
1 1644
1 2246
1 1608
1 2363
2 988
2 2450
1 1757
2 1158
1 1642
1 269
2 1188
2 1966
1 160
2 520
2 759
1 487
2 1425
1 908
1 921
1 105
1 958
2 638
1 2293
1 2562
1 861
1 623
1 1838
2 457
2 95
1 985
1 118
1 1686
2 993
2 2335
1 2380
1 2014
2 1143
2 883
1 264
2 111
1 2137
1 1261
2 1009
1 418
1 1788
1 533
1 1876
2 2768
2 751
2 1382
2 913
1 685
1 1586
2 261
1 551
2 428
2 1060
2 2435
1 2468
1 524
1 76
1 2526
1 2228
2 345
1 2783
1 2302
1 2525
1 91
2 1756
1 1127
2 1280
2 131
1 1613
2 2421
1 1984
1 2058
1 107
1 321
2 1065
1 975
2 882
1 147
2 912
2 91
2 2709
2 2327
1 1306
1 2382
2 1873
2 595
1 1888
1 486
2 1089
1 1795
1 1832
2 510
1 2244
2 375
2 1387
2 1667
1 2084
1 2453
2 2058
2 106
1 2269
2 591
1 472
2 2413
2 336
1 1577
2 150
1 2209
1 507
1 2014
1 801
1 624
2 1375
1 1036
1 1595
2 382
1 2800
2 673
1 1798
2 827
1 1547
1 1228
1 847
1 834
2 1085
2 1186
2 2150
1 1422
2 2479
1 1847
1 1587
1 1229
2 259
2 2653
2 137
2 1146
2 1166
1 1039
1 871
1 2700
2 1351
1 252
1 2540
1 630
1 774
2 1489
1 1970
2 464
1 2179
2 105
2 2583
1 1887
2 2679
2 441
1 1703
1 743
2 438
1 671
2 1488
2 2731
1 2361
1 171
1 2675
2 129
2 795
1 2207
2 2464
1 1016
1 2706
1 2478
2 219
2 2411
2 2564
1 903
2 1899
2 1319
2 2696
2 405
1 1264
2 953
1 2475
2 1104
1 148
1 1607
2 2201
1 1277
1 1100
1 2606
1 1136
2 2649
2 2385
2 1018
2 2625
1 404
2 2560
2 2368
1 438
2 1093
2 1658
1 2764
2 793
1 2750
1 1739
1 1071
1 325
1 195
2 466
1 2221
2 2235
1 679
2 1090
1 2605
2 2146
2 755
1 1973
2 1804
2 1393
2 1300
1 612
2 1536
2 253
2 974
1 2580
2 1373
2 2794
2 668
2 2575
2 1685
2 708
2 1631
1 250
1 1828
1 1943
1 436
1 716
1 1486
2 379
2 172
1 529
1 1511
1 1369
2 691
2 2580
1 542
2 408
1 2396
2 190
2 401
2 90
2 626
1 1485
2 2240
1 199
2 187
1 1639
1 1314
1 2621
1 439
2 698
2 2291
1 1927
1 2325
1 2399
1 1432
1 157
2 1279
1 2034
2 94
2 2553
2 732
1 389
1 1332
2 1498
1 676
1 2585
2 969
2 1968
2 1707
1 323
1 1924
2 1978
2 2567
2 1195
1 694
2 1055
1 2480
2 1147
1 514
2 754
2 685
1 1963
2 1536
1 536
2 122
1 198
1 2146
1 1997
1 2685
1 1273
2 2249
1 47
1 2299
1 2507
1 639
2 2604
2 1479
1 450
2 1108
2 1437
1 789
2 1528
1 2260
1 412
2 621
2 840
1 1681
2 1410
1 538
2 1248
1 1791
1 2020
1 1023
1 2306
1 153
1 2711
1 687
2 2206
2 1805
2 2398
1 954
2 1197
2 1749
2 495
2 2597
2 1763
2 2471
1 695
1 2756
1 1903
2 997
1 1401
1 1633
1 2531
1 2736
2 757
2 1304
1 1126
1 419
1 1735
1 1526
1 1995
1 1655
2 1327
1 1599
2 44
2 1307
2 2514
1 2783
1 2736
1 580
1 275
2 787
1 1857
2 784
2 2552
1 817
2 297
1 1170
2 870
2 550
2 916
1 133
2 1665
1 1168
1 2006
2 280
1 2090
2 1833
2 1666
2 799
2 725
1 2031
1 1740
2 2592
1 349
2 1805
1 1259
1 946
2 217
1 579
1 357
2 92
1 1223
2 978
2 1275
1 1019
1 1260
1 614
2 1457
1 1199
1 410
1 2762
2 1090
1 819
2 368
2 1209
1 1949
1 2516
1 2749
2 55
1 1814
1 1320
2 97
2 632
1 168
1 1944
2 1626
2 2271
1 1641
2 349
2 1790
1 61
1 824
1 1554
2 2320
2 2672
2 651
2 1308
1 1696
2 1550
1 51
2 469
2 123
2 2661
2 1078
1 2370
2 1313
2 2216
2 385
2 769
1 1226
2 1167
2 2068
2 117
1 1915
2 2040
2 1894
1 1744
1 1652
2 183
1 523
1 1429
1 2593
1 1264
1 1414
1 2723
2 2046
1 1493
1 1398
2 2198
1 2307
1 1800
1 1397
1 2183
2 2524
2 750
2 2130
2 1241
2 565
2 2117
1 144
1 707
2 1692
1 1841
2 843
1 1730
1 1128
2 123
2 1242
1 940
2 1418
2 787
2 2487
1 2461
2 2771
2 1716
2 1600
2 90
2 490
2 1918
2 1842
1 665
2 1622
1 1778
1 2738
2 1394
2 1654
2 2366
2 2727
1 1471
2 451
1 2091
2 855
1 1315
2 801
1 1650
1 1478
1 2408
2 2435
2 37
2 496
1 235
2 1852
1 521
2 1997
1 1768
2 1190
1 644
2 1359
2 2111
1 2510
2 1946
1 1888
2 2299
2 84
1 367
1 960
2 2344
2 868
2 2765
2 938
2 195
2 9
1 1761
2 1118
2 1461
1 888
2 82
2 1473
2 1222
1 2401
1 856
2 1185
1 2184
2 1837
1 2609
2 2326
2 570
2 2145
1 881
1 385
1 2168
1 1890
2 1744
2 530
2 2147
1 2674
2 49
1 469
1 135
1 1110
1 2515
1 1549
1 2684
2 499
1 2434
2 2054
1 1
2 88
1 479
1 1066
1 1227
1 779
2 973
1 305
2 1678
2 2522
1 2181
2 1602
2 1511
1 2073
2 1601
2 175
1 1321
1 589
1 424
2 1160
1 1735
2 2053
1 1077
2 1466
2 1232
1 2094
2 2009
1 1524
2 1916
1 1576
1 1239
2 1242
2 1492
2 2075
2 214
2 225
2 741
2 1531
1 1769
2 2600
2 63
1 837
1 1619
1 1355
2 1347
2 1855
1 521
1 51
1 1456
2 177
1 2284
1 2460
2 792
2 1227
1 654
2 480
1 1567
2 2441
1 2141
2 448
2 483
2 1331
1 1846
1 1010
2 1504
1 2120
2 1408
1 832
2 1789
2 989
2 2721
2 646
1 2281
1 278
2 223
2 1501
2 2711
2 2200
1 188
2 353
2 390
1 104
2 245
2 814
1 1633
2 797
1 1370
1 1792
1 2798
2 1163
1 862
2 524
1 1172
2 2707
1 1231
1 2738
2 124
1 253
1 1569
2 518
2 1870
2 1171
1 2232
1 2267
1 2795
2 2701
1 1968
2 1248
1 2663
1 1706
1 1983
2 1245
2 2398
1 1636
1 458
2 1823
2 2013
1 603
2 417
1 641
2 1818
2 2012
1 2682
2 726
1 929
1 2238
1 1368
2 2395
1 939
1 2416
2 242
1 2698
2 478
1 1033
1 1712
1 1159
1 2397
1 1031
1 873
1 2542
2 616
2 271
1 1233
2 2055
2 1437
1 1168
2 1676
2 2687
2 1277
2 217
2 742
1 1544
2 2309
2 1971
2 2234
2 1527
1 1405
2 1408
1 2170
1 672
1 2701
1 986
2 2715
1 1826
2 127
1 1423
2 1816
1 206
2 1348
1 1954
1 1642
2 2256
2 1356
2 2656
1 2100
2 237
2 1593
2 561
1 1683
2 2505
1 1466
1 1742
1 412
1 1760
1 343
2 586
1 846
1 29
1 2650
2 973
1 1115
2 2608
2 2473
1 2472
1 700
2 620
1 2456
1 1948
1 1030
2 255
1 1405
1 890
1 1412
1 1350
1 1042
2 2657
2 648
2 1879
2 231
2 1613
1 900
1 2446
1 967
1 2087
1 1854
1 1960
2 595
2 124
1 1844
2 690
2 1614
1 615
1 1863
1 72
1 2695
1 1215
2 2315
1 2546
1 2420
2 208
1 683
2 2286
2 2124
2 1133
1 547
1 871
1 805
2 2160
2 1295
2 193
1 29
2 1711
1 2577
1 981
1 360
2 717
1 2493
2 1097
1 1665
2 2155
2 270
2 2304
2 393
2 22
2 960
2 1921
2 2619
1 541
1 1564
2 1638
1 1118
1 2349
1 50
1 1122
2 2497
2 655
2 539
2 620
2 210
1 2161
1 26
2 2787
2 719
1 390
2 2199
1 1589
2 1787
2 221
1 2533
2 708
1 148
1 2676
2 1274
2 1589
1 1120
2 2319
2 1430
1 229
1 2257
2 1784
1 1774
2 1516
2 2036
2 16
2 2590
2 2521
1 728
2 963
2 1526
1 1646
2 432
2 1722
2 1590
1 1564
2 994
1 800
1 716
1 1989
1 653
1 1211
2 1537
1 1753
1 731
2 629
1 1047
2 594
2 1521
2 1217
2 501
1 606
2 293
1 989
2 1560
1 706
1 347
2 2102
2 354
1 642
1 2507
2 1896
1 781
2 900
2 2323
1 2049
2 2730
1 917
2 1164
1 909
2 129
1 406
1 2612
2 2345
2 286
2 1869
1 2042
1 2660
2 2692
1 2187
1 2431
2 1424
2 2004
2 1979
2 1296
1 1453
2 2402
2 1801
2 1752
1 1438
1 12
1 2428
1 648
1 1819
2 1525
2 527
1 162
2 2262
1 1773
1 69
2 1860
1 2574
2 446
1 3
2 2439
2 2
1 235
1 1385
1 1915
1 227
2 640
2 2310
1 236
2 1786
1 1556
1 840
2 2024
1 2630
2 2094
2 1204
2 1062
2 181
2 886
2 1497
1 1467
2 525
2 1861
2 1901
2 2301
1 1285
1 1854
2 2180
2 2510
2 1351
1 225
2 709
2 1294
1 2379
2 1267
2 1413
2 535
2 291
1 2302
1 1019
2 1008
1 688
2 1363
2 1415
1 1627
2 2033
2 2358
1 491
2 2349
1 2451
2 998
2 1565
1 2230
2 294
1 1038
1 2176
2 637
1 297
2 1852
2 2224
2 847
1 1877
2 798
1 244
1 85
1 2045
1 2004
1 2673
1 484
1 2294
2 1354
1 2321
1 1843
1 1836
1 2488
1 1042
1 2763
2 36
2 2655
2 2015
1 1891
1 288
2 359
1 2779
1 792
1 1733
1 1956
1 1474
2 224
1 949
2 1857
2 2218
1 314
2 237
2 1352
1 2280
2 2250
1 1148
2 1246
2 2229
2 744
1 1372
1 2534
1 1393
1 496
1 1909
1 298
2 931
1 352
2 1866
2 2547
1 773
1 2607
1 2304
1 1239
1 1323
1 1845
2 2284
1 2149
2 2683
2 169
2 684
2 1899
1 92
2 515
2 2104
1 1348
1 45
1 498
2 1174
2 720
2 1217
1 666
1 2139
2 1122
2 1540
2 619
2 2417
1 2098
1 200
1 936
1 174
2 2586
2 1169
1 1022
2 249
1 2337
1 2029
1 1579
1 2239
2 2789
2 1499
2 2297
2 2357
2 1361
2 197
2 2537
1 1785
2 2551
1 1322
1 1913
1 1807
1 1708
1 1920
1 492
1 1803
1 1643
2 2372
2 2799
2 621
1 27
1 1704
2 18
2 2766
1 1251
1 823
1 580
2 1252
1 2496
1 1191
2 794
1 1106
1 1584
2 1402
1 2239
2 2500
1 1271
2 2708
1 2750
1 932
1 889
2 1024
2 1935
2 130
1 2740
1 552
1 1236
2 1759
1 1640
2 1792
2 1700
2 1532
1 2599
2 2549
2 1762
1 1292
2 2781
2 1312
2 2096
1 736
1 1988
1 444
2 2495
2 879
1 1990
1 1945
2 652
2 1883
2 549
1 1813
1 99
2 60
2 2315
1 1955
2 2550
2 1883
1 2716
1 1975
1 2103
1 306
1 1650
2 2417
1 1098
1 1582
2 341
2 1578
1 834
1 720
1 1272
1 1810
1 2193
1 312
1 278
1 660
2 313
1 2154
1 838
1 1284
1 2586
1 1370
2 1205
2 970
2 55
1 440
1 164
1 388
2 1711
2 2287
1 219
1 2566
1 251
1 2758
1 935
2 152
1 159
2 1605
2 2050
2 2475
2 1004
1 1073
2 1986
1 2575
2 4
1 414
2 1705
1 21
2 227
1 2761
1 1674
2 1900
1 1480
1 2083
1 2190
2 610
1 2141
1 770
2 1360
2 830
2 2785
2 2748
1 2496
2 2070
1 1808
2 2550
1 501
1 1963
1 544
1 697
2 177
2 342
2 1760
2 1910
2 1084
1 167
2 493
2 2635
1 1189
2 1771
2 331
2 474
2 207
2 1253
1 520
1 2167
1 2227
2 1573
1 1492
1 212
1 2634
2 454
2 1977
2 41
1 856
2 1455
2 2242
1 798
1 1199
1 1043
2 1001
1 1925
1 2726
2 839
1 1035
1 1911
1 2255
2 2756
1 530
1 1398
2 981
1 2001
2 2632
2 1249
2 2699
1 1710
1 1444
2 2642
1 526
1 245
1 980
1 430
2 1084
2 2625
1 2092
2 1394
2 2488
1 1069
1 1733
1 118
2 725
2 2120
2 464
2 2089
1 703
1 1419
1 1374
1 2385
2 2705
1 531
1 1433
1 1623
2 2400
1 555
2 1751
1 1015
1 1776
1 2171
1 1175
2 234
2 872
1 2455
2 1221
1 833
1 1458
1 159
2 1719
2 987
1 1267
1 1583
2 1202
1 2494
1 2149
1 1026
1 1446
1 1179
2 181
1 818
2 2086
2 2061
1 1458
2 997
1 2467
2 354
1 1089
2 2196
1 1359
1 1388
1 1714
2 1906
1 1797
2 1326
1 2127
1 2051
2 1124
1 425
1 2301
2 862
2 1091
1 1257
1 1810
1 1024
2 878
2 1508
1 2796
2 463
1 607
1 696
2 2482
1 478
1 1953
2 966
2 87
1 1330
2 2597
1 2268
1 1898
2 730
1 1984
2 322
1 441
2 274
2 103
1 2792
2 1045
2 1853
1 2143
2 300
2 2436
1 2144
1 1692
1 776
1 1289
2 411
2 2652
2 2287
1 634
2 859
2 1262
2 313
1 1901
2 555
2 2719
1 2761
2 346
1 1561
2 1979
2 2791
1 2520
1 534
1 102
1 1927
2 1391
2 2591
2 1822
1 442
2 2645
2 2019
2 1395
2 1677
2 904
1 687
2 587
1 1552
1 858
1 2467
1 1606
1 762
1 894
2 547
2 2392
2 1016
2 1799
2 867
2 32
2 1
2 722
1 1411
1 540
2 434
2 1424
2 2797
2 1973
1 899
1 1666
1 1145
1 2271
1 1885
1 17
1 1814
1 1031
2 1629
1 1471
2 1970
2 1173
2 614
1 2493
2 2295
2 2773
2 2760
2 423
2 2540
1 2672
2 739
1 2323
1 1328
1 2066
2 2571
1 233
2 1706
1 220
1 1812
1 566
2 1672
1 579
1 2272
2 54
2 1865
1 2675
2 1431
1 2270
1 2508
2 1704
2 1191
2 1052
2 2101
1 625
2 132
2 2175
2 2013
2 2316
1 2590
2 2661
2 2517
2 2648
2 2132
2 658
2 1490
2 2374
2 2745
1 1337
1 1109
1 1293
1 1514
2 1349
1 383
1 1500
1 1906
2 2070
1 2043
1 211
2 1931
1 11
2 1809
2 1297
1 2729
2 1162
2 1112
1 769
1 2489
1 2564
1 2096
1 1162
2 700
2 531
1 1941
2 2721
1 897
1 2630
1 2386
2 1095
1 2753
2 2210
1 1448
1 179
1 1861
2 101
1 468
1 1283
1 395
2 553
2 812
1 170
1 2725
2 263
1 848
2 1985
1 733
2 1310
2 1747
1 2045
1 778
1 2263
2 2266
2 1023
1 333
1 2530
1 2075
2 2247
2 2167
2 161
1 497
2 2115
2 8
2 2626
1 1839
1 1553
2 1324
1 249
1 1689
1 2093
1 806
2 1580
1 2682
2 992
2 421
2 1972
2 243
1 2218
1 1961
2 919
2 344
2 1096
1 111
2 2572
1 1830
2 2754
1 2636
2 1639
2 886
1 2523
2 1154
2 2596
2 1335
1 1892
1 1612
1 1754
2 1326
2 2428
1 2204
1 859
1 211
2 1779
1 914
1 1783
2 2785
1 1158
1 387
1 2416
1 2665
2 2068
1 2536
1 362
1 1672
2 1064
1 1641
2 103
2 2519
2 2090
2 1487
2 1967
1 1255
1 2717
1 2658
2 947
1 574
2 2677
1 2029
2 663
1 2121
1 1538
2 606
2 1738
1 523
1 2472
2 2632
1 2694
2 634
1 887
2 1181
2 1131
2 2354
2 565
2 1961
2 1904
2 2107
1 2692
2 451
2 248
1 2656
1 2693
1 1379
2 1491
1 363
1 1965
1 880
2 1727
2 825
1 2800
2 2334
1 1238
2 2355
1 1224
1 1784
2 966
1 2069
2 811
1 290
1 1626
2 2106
2 409
1 24
2 1637
1 1087
1 453
2 1649
2 1177
1 2361
1 1379
2 1307
1 2172
1 88
2 2617
2 875
2 2277
2 825
1 2233
2 128
2 1435
2 860
1 860
2 449
1 1114
1 2317
2 1125
1 2184
2 1030
2 1987
1 1269
2 2251
2 1476
2 2430
1 2793
1 2794
1 2749
1 1059
2 905
2 2641
2 2425
1 2333
2 2310
2 642
1 2637
2 383
2 714
1 2457
1 1495
2 829
2 1907
2 1483
2 2491
1 2445
1 232
1 537
2 2442
2 2393
1 2232
1 815
2 1390
1 552
1 1180
1 1991
1 1454
1 44
2 221
2 2134
1 2270
1 2095
1 2725
2 2108
1 1713
2 2561
2 919
1 633
1 2631
2 1980
2 7
2 2139
2 745
2 645
1 372
1 2681
2 1632
2 2795
2 1570
2 2050
2 777
1 1545
1 515
2 1548
1 1882
2 1766
1 2579
2 2280
1 1198
2 2011
2 2613
1 2741
1 2076
2 996
2 1508
2 1962
1 1880
2 519
1 806
1 1299
1 340
2 1485
1 2644
2 548
1 2282
1 60
1 2151
2 1881
1 558
1 192
1 902
1 125
2 526
1 282
1 1941
2 1068
1 2288
1 160
2 1436
2 1200
1 1606
1 2468
2 1288
2 1561
1 844
1 1777
1 1971
1 1479
1 2048
2 793
2 1723
2 158
1 878
2 1696
2 893
1 1577
2 121
2 2774
2 2286
1 240
2 2322
2 814
2 2129
2 1596
1 1461
1 1069
2 941
1 73
1 689
1 1216
1 857
1 931
2 1965
1 2504
2 2002
2 1533
2 1022
2 2702
1 323
1 1480
1 1045
1 293
1 574
2 2570
1 1474
1 1682
1 898
1 1219
2 202
1 1378
1 2616
1 884
2 1349
1 193
1 2243
1 2689
2 1404
2 2770
2 1159
2 304
1 2741
1 2438
2 2796
2 1449
2 114
2 2693
1 2638
1 841
1 901
1 1185
1 649
2 164
1 2003
2 2285
1 1916
1 2584
1 2188
2 447
1 2724
1 325
1 163
2 2027
1 567
2 209
2 2611
2 2469
1 1181
2 2541
1 2208
1 1688
1 2535
1 2431
2 2519
1 527
1 2566
1 696
2 2196
2 1028
1 2213
2 883
2 1204
2 1661
2 955
2 1628
2 894
2 2060
1 2289
2 2680
2 1256
2 2403
1 1407
1 1314
1 1964
1 2119
1 2621
2 453
2 2037
2 471
1 319
2 2339
2 866
2 1518
1 2500
2 764
1 2644
1 1396
1 1303
1 1107
1 1980
2 1775
1 923
1 2470
1 301
1 680
1 2192
2 74
2 1341
2 2437
2 2008
1 2109
1 511
1 517
1 483
2 369
2 2697
1 824
2 251
1 511
2 507
2 788
2 465
2 1702
2 1241
1 1802
2 2071
2 1974
2 1000
1 2074
2 1100
2 2423
2 2443
2 502
2 477
1 1862
1 2772
1 1992
2 2010
2 1555
1 2072
2 2077
2 2201
1 2157
2 1767
1 2001
2 1111
2 876
2 2563
2 1772
2 733
1 94
2 1732
1 68
1 1671
1 617
1 1237
2 2192
1 791
1 1521
1 2290
1 2554
2 1894
1 1430
2 1151
2 2156
1 155
1 254
1 1648
1 1917
1 2584
1 1416
2 32
1 116
2 2124
1 1198
2 2191
2 1509
1 10
2 670
1 2256
2 70
2 1057
2 861
1 2275
1 749
2 196
1 2226
2 15
2 1032
2 1028
1 723
1 636
1 47
1 2665
1 2646
2 1928
1 622
2 2742
1 2556
1 1195
1 820
2 1872
2 1880
1 782
2 865
2 1054
2 1397
2 1890
2 275
1 2113
2 2782
2 2063
1 2134
2 1115
2 1482
1 1346
1 2419
1 695
2 336
1 2433
2 2338
1 218
2 1107
2 2523
1 2535
1 902
1 2555
1 785
1 203
2 681
2 545
1 1737
2 1496
2 1420
1 433
1 73
1 1123
1 585
1 1818
1 366
2 812
1 468
1 2214
1 2161
1 991
2 1729
1 1261
2 1428
1 2543
1 2197
2 2305
2 1892
1 281
1 613
2 27
2 2716
1 2336
1 2516
1 1079
1 1367
1 645
2 459
1 89
2 1621
1 2040
1 429
2 398
1 1475
2 1566
2 1145
1 194
1 1923
2 2714
2 1116
2 2067
2 1034
1 2110
1 1782
2 1786
2 425
2 2582
2 2333
2 719
1 850
2 185
1 1317
1 481
1 119
2 1648
2 2357
1 903
1 1481
1 54
2 2133
2 2253
2 544
2 804
2 689
1 833
1 1975
1 1952
2 2131
2 422
1 1748
2 2079
2 2350
1 2121
2 369
2 2316
2 2704
1 2423
1 2372
2 2633
2 2659
1 2751
1 1146
1 141
2 1889
2 473
1 93
1 959
2 2643
2 314
2 2565
2 1699
1 234
2 866
1 588
2 2576
2 109
1 1587
2 2767
2 136
1 1271
1 1698
2 298
1 1847
1 682
1 1331
1 14
1 307
2 1957
2 2483
2 1922
2 2613
1 1057
1 1157
2 1462
1 1101
2 1470
1 2023
1 1585
2 734
1 1946
1 1618
1 189
2 1178
1 1104
2 1182
1 43
2 1018
1 2033
1 247
2 2715
1 664
2 2449
1 1837
1 396
1 758
2 222
1 767
1 328
1 2569
1 1409
2 1279
1 6
1 888
1 1664
1 572
2 2081
1 690
1 65
2 743
1 2251
1 2257
2 2352
2 1021
2 1926
1 1117
2 1617
1 2570
1 1068
1 2362
2 417
2 204
1 964
1 2511
2 1741
1 416
2 267
1 112
2 459
2 467
1 1596
2 1161
2 2737
1 229
2 616
2 2350
1 97
1 380
1 406
2 2709
2 2162
1 2724
2 79
2 910
1 189
2 1695
1 1573
2 1693
2 786
1 2793
2 2165
2 2288
2 2330
2 2648
1 2487
1 1189
2 243
2 400
2 1341
1 9
1 38
2 2374
1 1218
1 721
2 2012
2 2746
2 553
2 1075
2 532
2 1722
2 2559
2 2402
1 740
1 2459
2 2235
2 1387
1 1668
1 1280
2 2173
1 2769
1 1841
1 279
2 2422
2 964
2 2336
1 2175
2 533
2 1566
1 1426
2 2703
2 319
2 2454
2 1590
2 1987
1 1743
1 2629
2 1588
1 2118
2 957
1 2407
1 2579
2 879
1 2537
2 970
2 327
2 1865
1 1679
2 1545
2 461
2 2654
1 1507
1 683
1 892
1 170
1 262
1 1721
2 2272
1 228
1 115
2 848
1 1825
2 1937
1 751
1 416
2 334
1 2654
1 1677
2 395
1 2220
1 16
2 294
1 677
1 1161
2 2035
1 230
2 1313
1 1051
2 916
2 85
1 2307
2 1785
1 571
2 356
2 485
2 810
1 1773
1 1374
2 1816
1 2383
2 2219
2 2650
1 2552
1 813
2 628
1 2308
2 1878
2 410
1 98
1 2189
1 1812
2 2369
1 977
1 446
2 1229
2 1164
2 783
2 1135
2 1553
1 1076
2 1011
1 1904
2 1731
1 2606
1 1206
2 52
2 1109
1 1039
1 302
1 474
1 371
2 774
1 1363
1 755
2 1616
1 1373
2 1311
1 1491
2 904
1 2383
2 2502
2 1764
2 2686
1 761
2 2364
1 2728
2 1933
2 1154
2 1881
1 1571
2 722
1 2427
2 1578
1 809
2 1035
1 819
1 2787
2 1488
1 546
1 258
2 157
2 196
1 2053
1 2663
1 770
2 161
2 1215
1 1221
2 143
1 403
1 778
2 215
1 2678
1 87
2 108
2 2037
2 2712
2 1718
2 333
2 1996
2 1063
2 324
2 2786
1 493
2 851
2 1400
2 420
1 593
2 1243
2 1593
2 144
1 331
1 957
1 1645
2 1291
1 2392
2 1083
2 1099
2 2705
2 584
1 899
2 1954
2 351
1 2264
1 568
1 1739
1 1214
1 1144
2 2647
2 367
2 1944
1 1438
2 525
1 311
1 1203
2 197
2 2700
1 2755
1 628
1 2683
2 1270
1 513
2 1404
2 1586
2 543
2 1522
1 1075
2 1119
2 2024
1 2057
2 1208
1 1657
2 364
1 321
2 1126
2 1992
1 2158
2 1114
1 2006
2 1729
2 86
2 1063
2 622
1 500
2 1097
2 1247
2 2170
1 1709
2 1856
1 1287
1 1201
2 682
1 1781
1 739
1 2097
2 1073
1 462
1 1381
2 794
2 1454
2 379
2 2214
1 121
2 2065
2 350
1 908
1 250
1 2137
2 2614
1 2596
1 1207
2 1751
1 768
1 1302
2 1085
1 993
2 810
2 2371
1 1725
2 611
1 1272
2 1443
1 1659
2 428
1 1218
2 1539
2 2732
1 1592
1 2276
2 763
2 543
1 1245
1 1174
1 1284
1 2502
2 907
1 1860
2 61
2 779
2 1740
1 2215
2 1918
1 2410
2 560
1 1376
1 1693
2 1783
1 1771
1 762
1 1047
1 786
2 2117
1 1878
2 2020
2 1850
2 876
1 2501
2 1027
2 1333
2 186
1 753
2 2328
2 500
2 31
2 1940
2 585
1 2440
1 1604
2 1734
2 1282
1 2561
2 658
2 1919
1 619
2 577
1 220
1 1951
2 1787
2 1657
1 194
2 1637
1 359
2 260
2 1994
2 1469
2 2107
2 955
2 627
1 569
2 2346
2 637
1 267
2 2544
1 892
2 2743
2 738
1 263
1 2396
2 1765
1 2554
2 1605
1 427
2 2319
1 2713
1 2080
2 933
1 2651
2 1559
1 115
1 749
1 2441
1 2259
2 1969
1 1823
1 2426
1 2052
1 2391
1 1473
1 25
2 30
2 2539
1 2617
2 2616
2 2321
1 1911
2 339
1 2273
2 1350
2 2518
1 2142
1 435
1 2231
1 562
1 946
2 1237
1 66
1 396
1 2115
1 1166
1 419
2 492
1 442
2 1728
1 1999
1 1328
1 1070
2 789
1 1285
1 2670
2 2503
1 2704
1 2340
1 1129
1 2781
2 939
1 1947
1 1482
2 1939
2 2335
2 2490
2 1597
1 236
2 1647
1 2572
2 1620
2 1934
2 2293
2 2528
2 147
2 610
2 1061
1 414
1 2466
1 1046
1 1933
2 1091
1 884
1 1182
2 2105
1 1142
1 1010
1 895
2 2642
1 93
2 2415
1 2688
2 1029
2 985
1 1758
1 811
1 1038
2 2195
2 2387
1 139
2 2670
2 948
2 1420
1 937
1 81
1 2381
2 1228
1 2452
2 2203
1 855
1 1383
2 1113
1 2482
1 2551
1 2744
2 2589
2 1520
1 2159
1 816
1 1007
2 2734
2 154
2 1287
2 1609
1 1141
2 53
2 675
2 1322
2 724
1 796
2 2603
1 1395
1 1382
1 1601
1 504
2 1750
1 2638
1 2055
1 338
2 2261
1 505
1 1250
2 1826
1 486
1 25
2 1903
1 2193
1 320
2 2437
1 608
1 1731
2 2178
2 200
1 1700
2 654
1 2017
1 347
1 114
2 1925
2 2728
1 182
1 2138
2 1465
1 2077
1 1982
1 345
1 101
1 1077
1 717
1 1775
2 306
1 880
1 1501
2 2072
2 482
1 1148
1 1827
1 180
1 1858
2 2291
2 1591
1 2615
2 2314
1 869
2 701
2 59
2 1263
2 1580
1 2279
2 540
2 2746
2 1426
1 2669
1 516
2 599
1 418
1 1570
1 1266
1 1329
2 1514
2 2773
2 594
1 2021
2 2136
2 1459
2 1839
2 1730
2 813
1 2587
2 2250
1 171
1 2567
1 1058
2 933
1 261
1 506
2 803
2 1240
1 2243
2 712
1 1157
2 2459
1 1697
1 1631
1 2116
1 2388
1 2696
2 2164
1 2485
2 1342
1 1804
2 386
2 2312
1 2258
1 1671
2 1431
2 920
1 1611
2 2637
1 1582
1 2789
1 2581
1 821
1 807
1 1088
2 2536
2 201
