5600 1500
2 2275
1 1243
2 908
1 1721
1 690
1 2294
2 1646
1 612
2 548
2 1511
1 2488
1 1255
2 942
1 2441
1 2477
2 606
1 99
1 736
1 2360
2 1442
2 2745
1 854
2 2496
2 641
1 1898
2 2321
2 1432
1 1693
1 1419
2 1368
1 209
2 63
1 1001
2 2032
2 1947
2 977
1 1604
2 721
1 2119
1 1850
2 803
1 1284
2 976
1 203
1 1110
1 2208
2 2250
1 1345
1 849
2 244
2 670
2 167
1 1567
1 1152
2 1976
2 517
2 871
1 27
2 2527
1 1936
1 1121
1 116
1 2766
1 2307
1 2670
1 1688
2 2531
2 797
1 457
2 789
2 2382
2 2568
2 260
1 620
1 2455
2 2124
1 1263
2 1597
2 2611
1 1482
1 1042
2 2343
1 2020
1 1743
1 683
2 69
1 310
2 338
2 1834
2 15
2 1244
2 1222
2 177
2 652
2 2091
2 1133
2 63
2 1476
2 1711
1 799
2 2535
2 2634
2 1212
1 2339
2 2256
1 998
1 2289
2 1408
1 1849
1 2428
2 2739
1 1638
2 1116
1 2604
1 529
2 1149
1 2768
2 1787
1 928
1 538
2 2165
1 232
1 2760
1 1243
2 1301
2 267
1 1845
2 569
2 852
1 779
2 1849
1 2524
1 1829
2 2711
1 901
1 1369
1 627
2 2240
2 366
1 2765
1 630
2 34
2 789
2 1639
2 2733
1 2008
1 251
1 1282
1 1012
2 2105
2 41
1 185
1 1227
1 1374
1 1503
2 2412
2 2589
1 651
1 647
2 1358
1 171
1 767
1 10
2 274
2 1211
1 932
1 1719
1 1851
1 464
2 713
1 2786
2 1737
1 2396
1 613
2 1861
2 2055
2 711
2 574
2 2267
1 2606
2 1286
1 1018
1 2290
1 1238
2 485
2 1681
1 2296
2 142
2 1069
1 2436
1 87
2 1842
2 1645
1 594
1 2438
2 633
2 2326
2 1336
1 105
1 444
2 467
2 2324
1 59
1 1064
1 890
2 1865
2 1417
2 2233
2 1023
2 2553
1 2513
1 645
2 1131
2 2422
2 1352
1 74
1 1580
2 1840
1 1966
1 129
2 1070
1 2571
1 1058
1 1004
1 971
2 2741
1 1214
1 982
2 2287
1 471
1 1746
1 1051
1 2154
2 395
2 1313
2 1480
1 492
2 785
2 1027
1 78
2 2108
1 2503
1 316
1 352
2 989
1 2699
2 1062
1 1379
1 1088
2 1020
2 404
2 263
1 2716
1 2618
2 2480
2 2671
1 2409
2 2157
2 2127
2 2755
1 1063
1 1147
1 2379
1 1628
2 477
2 2126
2 2700
2 473
1 1766
2 1903
1 2326
1 1527
1 2087
2 2313
1 2786
2 2458
1 2102
1 1874
2 1864
1 493
1 634
2 902
1 671
2 100
1 2109
1 1981
1 302
2 1608
2 826
1 1586
2 250
2 683
1 1846
1 2282
1 733
1 1623
2 821
2 1589
2 919
1 1616
1 2321
1 901
1 319
2 2779
2 1516
1 25
2 458
1 1490
1 914
1 2019
2 2593
2 1603
1 2592
1 198
2 2788
1 2600
2 2228
2 437
2 1337
2 1834
1 1356
1 1170
2 2413
1 1770
2 1573
1 2784
1 2144
1 674
2 1082
2 2775
2 689
2 1870
1 602
1 2577
2 615
1 1307
1 699
2 2667
1 1999
1 1720
2 2406
2 662
2 1072
2 2474
2 2542
1 536
2 1288
2 1879
2 1509
1 2026
1 2220
1 1984
2 1978
1 1297
1 700
2 1373
1 2709
1 1581
2 103
1 138
1 345
2 411
1 1743
1 217
2 224
1 1624
1 2265
1 967
2 2793
2 2408
2 1078
1 2200
2 330
2 1333
1 856
1 2280
1 180
2 1610
2 2058
1 241
2 2758
1 2338
1 657
1 1487
1 2607
1 1940
2 2327
1 127
1 1087
2 1699
2 2004
1 2544
1 1359
1 2272
2 1409
1 1011
2 175
2 888
2 748
1 67
1 2437
2 931
1 2609
1 2142
1 280
2 1665
1 1358
2 1692
2 202
1 2487
1 2519
2 356
2 1146
2 2764
1 226
2 1210
1 284
2 764
2 2282
1 601
2 1123
2 289
1 1963
1 2695
2 2198
1 1423
1 2224
1 682
1 2046
1 651
1 1446
2 749
1 1894
2 720
2 491
2 1469
2 2425
1 1922
2 421
2 2516
2 1052
2 531
1 2157
2 1171
2 1349
1 2644
1 2469
1 1066
2 1429
2 25
1 527
1 559
1 811
1 498
1 1571
1 4
1 400
2 1754
1 1958
2 2645
2 2103
1 1677
2 2434
2 2631
1 362
2 591
2 577
1 2684
1 129
1 163
1 213
2 1067
1 2
2 2254
1 85
1 1400
2 478
2 1588
1 2536
2 1496
2 2705
2 1732
1 1515
2 1024
2 920
2 162
2 2560
2 567
2 2174
1 149
2 2128
2 1289
1 1130
2 1825
2 2029
1 2656
2 2212
1 252
1 1558
2 1633
1 985
1 333
2 732
2 326
1 1600
2 1826
2 1200
2 2580
1 2460
1 1729
1 1626
2 792
2 1505
2 303
2 962
2 2590
1 1756
1 2106
1 2579
2 1001
1 2381
1 1679
1 2548
2 1535
1 2431
1 2230
2 2764
1 1792
1 68
1 2169
1 1814
1 858
2 631
1 170
1 1481
1 2712
1 2241
1 177
2 2750
2 1179
1 2093
1 2649
1 2062
2 1715
1 1239
2 1951
2 2694
1 1143
1 570
1 20
1 987
1 96
1 2309
1 1713
2 2127
1 2756
2 410
1 2555
2 184
2 2163
2 1439
2 2283
2 2684
1 2475
1 712
2 800
1 2185
1 424
2 2489
2 1857
2 347
2 1459
1 281
1 283
2 2543
1 1510
2 1085
2 590
2 1590
2 1390
2 84
1 989
1 515
1 665
1 1778
2 1076
2 2362
2 781
2 754
2 820
1 1224
2 1391
2 592
2 1615
2 2507
2 2010
2 2539
2 1464
2 1584
1 609
1 1151
1 1961
1 709
2 1092
1 841
2 1043
2 746
1 154
1 1414
2 1261
1 1844
2 2728
1 2472
2 1437
2 2425
2 544
1 1184
2 1162
2 509
1 60
1 1436
1 219
2 423
1 2389
2 2215
2 740
1 1007
2 1663
1 797
1 846
2 2285
2 12
2 2538
1 1542
1 1365
2 1908
1 1918
1 460
2 1719
2 107
1 308
2 1276
1 1324
1 2149
1 1540
2 2605
2 2236
2 2587
1 973
2 2355
1 512
2 2708
1 375
1 2183
2 785
1 2689
1 1334
1 828
2 2681
1 1237
1 2336
1 2792
2 2020
2 560
1 1185
1 911
2 176
2 409
2 2710
2 2355
2 2279
2 899
1 1581
1 566
1 1157
1 1187
2 348
2 1885
1 866
1 1842
2 327
2 2732
2 2133
1 1124
2 2573
2 2760
1 1582
1 661
1 596
1 935
2 449
1 2468
2 2136
2 2557
2 974
2 864
2 696
2 618
1 358
2 1088
1 2260
1 910
2 2749
1 919
1 33
1 1578
2 1964
2 1449
1 756
2 2300
1 1555
1 1447
2 1604
2 447
1 2630
2 770
1 1756
2 2244
1 1792
1 2254
2 1646
1 2193
2 2762
1 1435
2 2347
1 560
1 127
2 2461
1 2490
1 1698
1 804
1 1605
2 994
2 2323
2 740
2 123
1 572
1 625
2 1533
1 2361
1 1995
1 1339
2 1125
2 2486
1 205
1 1019
2 1042
1 742
2 219
2 2048
2 2054
1 2403
1 747
1 2728
2 1521
1 1838
2 206
1 1612
1 248
1 260
2 2198
2 1199
1 1219
1 2195
1 1624
2 415
2 1530
2 2428
1 977
2 1278
2 2030
2 1497
1 261
1 569
2 946
1 2288
2 2736
1 1550
1 1949
1 1800
1 514
1 875
2 1240
1 1181
2 1396
2 2119
1 3
1 2679
1 2494
1 1925
2 2661
2 2641
1 1228
1 967
1 2309
2 1592
2 1695
2 501
1 1860
2 1053
1 486
2 1994
2 1705
2 676
2 1678
1 245
1 1475
2 732
2 933
1 1815
1 516
2 2175
2 268
1 64
2 1609
2 1750
2 1584
1 2273
1 1349
1 121
2 2782
2 2000
1 724
1 2039
1 1760
1 1448
1 2140
2 1449
1 1142
2 2448
2 2345
2 605
1 2718
2 1259
2 2162
2 1730
1 1432
2 2068
2 1763
1 124
1 2103
1 337
2 750
2 2543
2 11
2 86
1 1572
1 277
1 2076
1 468
1 1788
2 472
1 653
2 1191
1 542
2 1625
2 312
1 1973
1 1388
1 1093
1 2664
1 1917
2 830
2 1902
1 2081
1 414
1 2112
2 197
1 1112
2 2548
2 1228
2 1853
2 1318
2 684
2 2591
1 1522
1 1058
2 2051
2 1385
2 1372
1 2787
1 1390
2 643
2 2599
1 1672
2 288
2 2300
2 193
1 2701
1 2306
2 1808
2 903
2 2649
1 1295
1 2277
1 2566
2 2113
1 2651
1 1857
1 2068
1 1468
1 1512
2 1657
2 2390
2 2734
1 1620
2 579
1 1115
2 2665
1 176
1 76
2 212
2 1801
2 155
2 2436
2 984
1 1712
2 172
2 2345
2 873
1 714
2 668
2 1190
2 296
1 1376
2 1597
2 1309
2 479
1 2291
2 1507
1 120
2 292
2 656
1 2575
1 2082
1 2050
1 212
2 1635
2 1967
2 334
1 1671
1 874
1 2248
1 1265
1 102
1 294
1 921
2 1809
2 2662
2 1639
2 887
2 2626
2 2780
1 2585
2 1708
1 512
1 1899
1 31
1 1155
2 1486
1 2386
2 2248
2 111
1 1537
1 2583
2 2284
2 153
1 1914
2 524
2 1141
1 1799
1 1442
1 1707
1 1246
2 1933
1 2319
1 1236
1 97
1 803
2 1937
2 368
1 287
2 2110
1 810
1 598
2 1952
2 237
1 340
2 361
1 481
2 2012
1 1438
1 518
2 1945
1 1733
1 1708
1 2450
2 2070
1 1371
1 159
1 2537
1 1392
2 700
2 2683
1 2027
2 1466
1 1706
2 408
2 1515
2 514
1 2000
2 1050
2 786
2 498
2 1896
1 2142
1 588
2 715
1 2366
1 1460
2 842
1 693
2 1892
2 884
1 573
1 2292
2 1921
2 216
2 2245
1 1418
1 32
1 1901
1 252
2 96
1 1980
1 265
2 763
1 2093
1 2057
1 1427
1 1532
2 1940
2 1573
1 984
1 2375
1 503
1 2770
2 301
1 1281
1 278
2 411
2 33
2 1960
1 920
1 698
1 2036
2 1822
1 2146
1 2236
2 233
2 1008
2 507
2 402
2 1306
1 1533
1 659
2 2408
1 664
1 673
2 163
1 707
1 48
2 1958
2 1375
1 1234
1 2719
1 2702
1 256
2 2399
2 695
1 2526
1 535
2 1165
1 1535
1 2435
2 149
1 1463
1 1488
2 2308
1 2348
2 1028
2 2207
2 730
2 1456
1 2237
1 1701
1 1404
1 239
2 1948
2 913
2 2125
2 632
1 2154
2 182
1 164
1 317
2 2384
1 1226
1 1313
1 1528
2 1445
1 654
1 331
2 415
1 1948
2 115
2 1346
1 460
2 1066
2 1766
1 1585
2 1863
2 2683
1 1310
2 1308
1 2190
2 2514
1 431
2 751
2 2723
2 1985
2 1217
1 2569
2 699
1 1068
2 745
2 1676
2 2674
2 159
2 1378
2 1973
2 98
2 1132
1 1002
2 182
1 1004
1 1689
2 2320
1 369
2 396
1 243
1 459
2 956
1 511
2 241
2 1800
2 912
2 1176
1 694
1 784
1 1319
1 478
1 1403
2 36
1 891
1 1771
1 2213
1 530
2 1032
1 2800
2 1191
1 1034
1 2014
1 2202
1 717
1 2761
2 2334
2 760
2 1738
2 2332
2 2598
1 1590
1 2509
1 2012
2 2194
1 377
1 388
2 515
2 1093
2 283
1 2001
2 135
1 2379
2 988
1 1175
1 862
2 2636
1 653
2 1777
1 2189
1 147
2 2388
2 216
1 1673
2 642
2 1990
2 1249
1 346
2 109
1 2167
2 652
2 865
2 2218
2 970
1 1448
2 2117
2 393
2 918
1 1123
2 1935
1 2789
1 424
2 807
2 2341
1 132
2 822
2 2095
2 2269
2 641
2 971
1 1763
2 2399
1 2650
2 578
2 38
2 1216
1 548
1 1328
2 251
1 208
1 851
1 667
1 2771
2 1413
2 2781
2 2532
2 2114
1 2666
1 2251
1 2078
1 349
1 1150
1 1151
2 1180
1 2083
2 2452
1 1810
2 1292
1 2019
2 1420
1 19
1 1841
2 2640
1 636
1 37
2 1405
1 192
1 927
1 426
1 1392
2 234
1 333
2 1576
1 2525
1 1403
2 244
2 2186
2 639
1 2763
1 982
1 2029
1 2595
2 2601
1 474
1 1615
1 778
1 2199
1 1366
1 2725
1 1729
2 223
1 1316
1 1997
2 1378
2 1784
1 936
1 505
2 1992
2 1460
1 2156
2 724
1 757
1 1985
2 2647
1 1105
2 2530
2 2367
2 2639
1 1434
1 439
2 363
1 1291
2 1966
2 1329
1 561
2 1883
1 1723
1 1827
2 2138
1 925
2 399
2 1194
2 156
1 2721
2 2006
2 499
1 2598
2 109
1 2765
1 882
2 2073
1 749
1 1429
1 1509
1 38
2 2641
2 1205
1 2241
2 2602
1 1075
2 2401
2 1647
1 585
2 1969
2 152
2 1828
1 229
2 374
1 1549
2 2561
2 2586
1 753
1 2021
1 2685
1 975
2 750
1 1906
2 557
1 215
2 787
2 2516
2 2659
2 1662
1 1272
1 2260
1 1908
2 218
1 2465
2 204
2 1218
2 446
1 1595
2 2644
2 1752
2 39
2 1921
1 2250
1 2033
1 489
1 1231
2 2724
2 293
1 55
2 313
2 1250
2 1977
2 2421
1 2484
2 955
1 174
2 1397
2 2010
1 2243
1 1601
2 282
1 832
2 1311
1 2697
1 2689
2 1897
1 1741
2 861
2 2351
1 1181
1 2560
1 2155
1 327
1 1565
1 983
2 1487
2 454
2 691
2 619
2 1027
2 2672
2 1803
1 986
2 1529
1 2137
1 1247
2 1811
2 2716
1 2297
1 147
1 487
2 2451
2 914
2 417
1 428
2 553
2 1386
1 612
1 892
1 2625
1 906
2 924
1 593
2 1517
2 73
1 1387
2 1648
1 741
2 825
1 104
2 2074
1 1391
1 2079
1 2502
2 1208
1 798
2 1069
2 179
1 279
2 570
1 2164
1 737
2 1856
1 2547
2 837
1 866
1 1861
2 766
1 389
1 719
1 968
1 718
1 1697
2 953
1 2614
2 1528
2 2715
2 1769
1 102
2 174
2 1599
2 2458
2 1814
1 1478
1 1749
2 1954
2 2797
1 2754
2 672
2 1085
1 2316
1 638
1 2017
2 1925
1 1330
2 1411
2 2640
1 342
2 480
2 813
1 1444
1 781
1 1417
1 1650
2 1996
2 896
1 2149
1 2339
1 1678
1 1518
2 946
2 1881
1 1664
1 931
2 175
2 2308
1 2562
2 2485
1 1762
2 53
2 2479
1 772
1 473
2 471
1 591
1 2739
2 1021
2 2769
2 1972
1 1254
2 937
2 1702
1 1711
2 1059
2 1075
2 1081
1 710
1 483
1 2328
2 658
1 1047
1 894
1 584
1 1079
1 2030
2 1609
1 119
2 1685
2 1918
1 1539
1 2581
1 2016
1 587
1 957
1 357
2 1447
2 1962
2 2630
1 1654
2 1856
2 1942
1 2199
1 1561
1 2747
2 673
1 1379
2 1176
1 905
1 1884
2 761
2 2770
1 1182
2 117
2 1807
2 821
2 677
1 1622
2 688
2 1616
2 1357
2 229
1 884
2 863
2 1473
1 335
1 1802
1 880
1 2187
2 1630
1 2195
2 784
1 1278
2 1643
2 347
1 2500
2 1140
2 910
2 1513
2 1256
1 1917
2 2400
2 1568
2 390
2 1484
2 2619
1 679
1 2761
1 1896
2 609
2 578
1 2790
1 2662
1 1166
2 300
2 2091
1 2687
2 706
2 294
1 2380
2 729
1 1164
2 1010
1 2453
2 537
2 358
2 150
1 2678
2 432
2 1117
2 1853
1 1793
2 1541
1 2046
1 1986
1 2705
2 97
2 405
1 1096
1 1270
2 2088
2 2128
1 309
2 1117
2 342
1 403
2 2471
1 1443
1 944
2 1936
2 892
1 2492
1 604
1 2255
2 1421
2 1021
1 995
1 1241
2 2617
1 527
1 1162
2 2556
1 1660
1 1454
1 401
2 178
1 702
1 1221
1 1619
1 734
1 1412
1 1363
1 2564
2 2207
1 687
2 2219
1 1945
2 1342
2 2475
2 2594
2 1113
1 1781
2 1451
1 2400
1 1424
1 2533
2 385
1 743
1 617
2 1159
1 849
1 2674
1 1754
1 2596
2 575
1 563
2 1275
2 613
2 1335
1 1236
1 1258
2 354
2 1389
1 23
1 1018
2 595
2 1183
2 1462
1 678
1 1710
1 2220
1 1107
2 2271
2 26
2 1032
2 501
2 1145
2 5
1 1967
2 774
2 2552
2 293
1 747
1 873
1 1314
1 2624
1 2729
1 2224
2 461
2 1090
2 818
2 520
2 2274
1 2529
1 738
2 1229
1 1957
2 889
2 1659
2 1038
2 2505
2 483
1 492
1 1916
2 551
1 21
2 2758
1 1287
2 853
2 1245
2 2304
2 2264
2 412
2 388
1 1325
1 1500
2 728
1 2212
2 1865
1 1502
1 1223
1 1878
2 2653
2 375
1 2344
2 1660
2 938
1 1402
1 447
2 445
1 1230
1 1628
2 2470
1 304
2 425
2 1231
1 1494
2 1290
1 1274
1 1595
1 537
1 1802
1 2671
1 1531
1 1680
1 1867
1 2524
2 788
2 1816
1 2628
1 590
1 2080
1 1976
2 2413
1 1714
1 2284
2 1201
2 2783
2 1146
1 2776
1 965
1 2459
2 2358
1 1517
2 2364
1 1914
2 538
1 2264
2 1340
1 2583
1 2457
1 1588
1 1367
2 22
1 137
1 2569
2 2441
1 2094
1 1587
2 1043
1 2673
1 846
1 2155
2 2067
1 520
2 438
1 336
2 2249
1 521
1 166
2 2788
1 54
2 2553
2 2371
2 2209
2 1820
2 2205
1 2305
2 1733
2 1891
2 262
1 1876
2 1192
1 429
1 1694
2 1320
1 1731
1 2654
2 2319
1 1805
2 860
1 2047
1 643
1 607
2 436
2 2688
1 17
2 902
2 1277
1 1493
1 220
2 412
2 2287
1 484
2 2603
2 2378
2 2404
2 2190
2 565
2 2362
1 2680
2 2318
1 422
2 1871
1 2686
2 2385
2 1949
2 1946
2 2736
1 232
1 190
2 442
1 601
1 2353
2 918
1 1888
1 2652
1 2129
1 1280
1 2468
1 893
2 324
2 2252
2 2077
2 2762
2 1747
1 118
1 1582
2 2040
1 718
2 1490
2 2444
1 1317
2 541
1 678
1 1757
2 2079
2 1095
1 1369
2 300
2 1813
2 1445
1 2593
1 986
2 1489
2 2035
1 1362
2 1367
2 352
1 2059
2 549
2 1343
2 2273
1 420
2 1887
1 30
2 296
1 2638
1 95
2 257
1 906
2 805
2 1831
1 113
1 2086
2 2242
1 2572
2 1822
1 1062
1 43
1 2478
2 2588
1 2530
2 2571
2 2780
2 1700
1 812
1 1425
1 1847
2 42
2 1993
1 680
2 1575
2 2356
2 1751
2 959
2 230
1 1186
1 1077
1 1716
2 441
1 2004
1 2266
2 992
1 1634
2 1128
1 271
1 2672
2 1496
2 2691
2 1749
1 80
1 1987
1 2734
2 1031
2 1215
2 765
1 806
2 1471
1 685
1 290
2 340
1 2484
1 113
1 1538
2 1339
2 695
1 1855
1 381
1 1344
1 824
1 406
2 311
2 1395
1 1501
1 1189
1 1554
2 1274
1 2563
2 1525
2 334
1 52
1 222
1 547
1 305
2 1796
2 1160
1 183
2 2263
2 128
1 185
1 2271
2 1005
1 70
2 829
1 1968
1 2658
2 1034
1 2454
1 531
2 872
1 2216
1 954
2 2275
2 2145
2 934
2 554
1 466
1 2690
1 1629
2 1560
1 1409
2 427
1 2378
2 80
1 1808
2 997
2 1876
2 2539
2 1651
1 1175
1 112
2 737
2 2034
1 623
2 1614
1 508
2 1848
1 879
1 470
1 1472
1 545
1 2136
2 224
2 1467
1 658
1 450
1 1682
2 27
1 539
2 360
1 2756
2 1803
2 2753
1 965
2 290
1 1839
2 11
2 1298
1 1895
2 2669
1 1079
1 1950
2 359
2 780
2 1342
1 2494
2 2540
1 1893
1 2773
1 121
2 242
1 669
1 2364
2 868
1 173
1 2180
2 1026
2 506
2 2052
1 3
1 751
2 1456
2 2745
2 46
1 2515
1 493
1 1871
1 2515
2 2380
1 1294
2 2677
2 2594
1 111
1 755
2 2570
2 768
1 2657
1 1172
1 2507
1 2482
1 2635
2 239
2 1551
1 2791
1 2003
2 1137
2 299
2 316
2 1992
1 2789
2 419
2 1184
2 1771
1 238
2 2094
2 1929
1 2340
1 1666
1 1832
2 230
2 1635
2 2755
2 2618
1 1072
2 648
2 2347
1 1377
1 302
2 2740
2 2242
1 139
2 2667
2 1168
2 2727
1 1144
1 2141
1 2116
2 2611
1 2414
2 1352
2 912
1 1204
2 955
2 2350
2 1316
2 1798
2 2269
2 1932
2 2069
2 1105
1 952
1 1953
1 148
2 1674
2 1346
2 39
1 1592
2 719
2 870
2 827
1 2774
1 500
1 1187
2 1691
2 1980
2 9
1 2467
2 1030
2 2422
1 541
1 510
2 755
1 663
2 1846
2 51
2 2452
2 1912
1 604
1 2749
1 247
2 926
1 993
2 1464
2 1338
1 2359
1 2092
2 900
2 2612
1 351
2 815
1 2576
2 2706
2 1470
2 1355
2 987
2 1153
1 453
2 1477
2 100
2 502
2 75
2 2738
1 558
2 819
2 1978
1 384
2 1402
1 1546
2 1823
2 2038
1 1526
2 2456
1 1373
2 1466
2 79
2 1996
1 315
1 1956
2 2341
1 1368
1 161
2 1547
2 681
1 1892
2 1348
2 2005
1 2541
1 506
2 981
1 2474
1 1553
1 969
2 2403
1 2314
2 84
2 2787
1 1327
1 1185
2 1357
1 2247
2 1329
2 1323
1 1017
2 2323
2 255
2 1101
2 2147
1 1280
2 741
1 1440
2 200
2 794
1 1279
1 1768
2 461
2 1932
2 416
1 2358
2 2331
2 1797
2 533
2 2238
1 2476
1 1913
1 2433
1 791
2 265
1 370
1 940
2 668
2 1820
1 418
2 2616
2 2183
2 876
2 2785
2 1934
1 887
1 2032
2 1188
2 2781
1 1065
1 1516
1 1250
1 143
1 1057
2 911
1 1859
1 723
2 256
2 1598
1 776
1 91
1 1165
1 951
2 458
2 1713
2 67
1 1540
2 1247
1 762
2 1341
1 1370
1 2498
1 889
1 2483
2 2354
2 622
2 1074
1 1304
2 793
1 220
2 1046
1 885
2 661
2 2097
2 1564
1 2698
2 1009
1 605
1 1300
2 1458
2 579
1 91
1 2106
2 2121
1 21
2 660
2 2744
1 1086
2 2708
1 422
2 2666
1 1360
2 766
2 2232
1 2243
2 452
1 2146
2 1318
2 2303
2 433
2 1106
1 991
1 2038
1 550
2 511
2 301
2 697
1 181
1 157
1 611
1 2232
2 2115
2 1347
1 2056
1 894
1 568
2 778
1 1851
2 108
1 2520
2 1237
2 1759
1 270
2 634
2 748
2 614
2 1556
1 2261
1 2062
2 1668
2 1014
1 2024
2 758
2 2750
2 289
1 207
1 1544
1 705
1 730
2 2201
1 2579
2 1738
1 1077
1 834
1 617
1 1987
2 416
1 1589
2 194
2 2176
2 1855
1 2196
2 615
2 790
1 1480
1 1002
2 1119
1 372
1 1724
1 759
1 1591
2 15
1 2206
2 2723
2 1
2 1532
2 253
2 2726
1 2743
2 106
1 1706
2 1676
1 2376
2 1126
2 1393
1 2737
2 915
2 1133
1 864
1 2228
1 1968
2 1048
2 2246
2 775
1 441
2 47
1 1311
2 1594
1 2558
1 355
1 386
2 46
2 2310
2 2521
1 1843
1 707
2 2175
2 640
1 1177
2 1049
1 318
2 1022
2 2253
2 765
2 1774
2 1641
2 1465
2 2214
2 1869
1 1106
1 1941
1 1235
1 2500
2 2096
1 681
1 725
1 391
2 1263
1 79
2 2693
1 1740
1 2002
1 2442
2 1240
1 1522
1 2633
2 2607
2 2411
1 292
2 2369
2 1322
2 2447
2 1977
1 742
1 390
1 2615
2 1375
2 1361
1 1047
2 2007
2 200
1 186
1 1761
1 1113
1 221
2 57
1 2449
1 629
2 2066
2 1122
2 2082
2 443
1 2071
2 126
1 1701
2 859
2 2748
1 1188
2 925
2 1991
2 1223
2 1611
2 1229
2 462
2 1923
2 2614
2 1235
1 767
1 2620
1 772
2 2382
2 1192
1 2552
2 2259
1 2160
2 2561
1 1016
2 2129
2 93
1 269
2 295
1 1880
1 1693
1 1667
1 1653
1 2118
1 153
1 1734
2 1232
1 2712
2 956
2 675
2 1506
2 703
1 2276
2 1602
2 2650
1 1061
1 510
1 2031
1 1120
2 2210
2 574
1 1261
1 2369
2 2231
1 1364
1 1467
1 2446
1 1380
1 2043
1 2469
1 1215
2 1683
2 960
2 630
1 1539
2 1904
2 1131
2 1505
1 1658
2 2116
2 2410
2 279
1 394
1 1195
2 2204
2 895
2 773
1 2668
2 1120
1 1739
2 2394
1 2510
1 1677
2 2637
2 1995
1 2792
2 2529
2 1251
2 2172
1 638
2 2352
2 637
1 496
1 1304
2 2476
2 1096
2 564
1 1330
1 258
1 209
1 429
1 432
2 913
1 1594
2 2718
2 481
1 1875
2 2235
1 2696
2 2042
2 1000
2 2744
2 2717
1 809
2 1033
2 199
2 151
2 1566
2 2412
2 686
1 225
2 2686
2 1255
2 322
2 2491
2 1084
1 2181
1 1510
2 407
1 2215
1 1562
2 2699
1 2751
1 1929
2 539
1 1593
2 1798
2 1273
1 1965
1 2290
1 2064
1 826
1 1094
1 189
2 1818
2 45
2 2454
1 2259
2 223
1 40
1 1873
2 2506
1 1564
2 1560
2 736
1 2393
2 1674
2 395
2 2796
2 413
2 2391
2 2545
2 440
1 908
1 2285
1 722
2 434
1 1161
1 160
2 543
1 1217
1 364
2 1919
2 2090
2 2307
1 2757
1 773
1 227
2 2754
2 1138
2 2216
1 2629
2 585
1 1523
1 2053
2 1310
1 465
1 927
1 2159
1 1682
1 1334
1 254
2 2071
1 1008
1 1422
2 1450
1 1036
2 2648
1 1613
2 2131
2 1670
2 649
2 2143
2 1919
2 480
1 504
2 2777
2 1872
1 916
1 1033
1 1640
1 2635
2 1825
2 993
2 2168
2 1607
1 1405
1 1823
1 2137
1 1890
1 2545
1 2486
2 305
2 1963
1 1757
1 2087
1 1459
2 2417
2 8
2 715
1 883
1 2329
2 1116
1 1890
2 2336
2 917
1 1431
1 2643
2 1550
2 1694
2 2293
1 1327
2 810
1 1806
1 535
2 2312
1 2682
2 2072
1 2669
1 2182
2 1007
2 1548
1 172
2 2374
1 1569
2 81
1 1943
1 691
2 2625
1 833
2 199
1 2542
2 1483
2 563
1 1621
2 253
1 1684
2 2104
2 2278
1 898
2 1465
2 1172
1 1999
2 1728
1 1453
1 2407
1 1455
2 2492
2 2652
2 867
2 799
2 433
1 2398
1 2048
1 1760
1 880
1 1561
2 2357
1 2122
1 680
1 286
1 975
2 2011
1 2592
1 610
1 951
2 269
1 1710
2 168
1 83
2 791
1 1478
2 196
1 1389
2 1826
1 2629
1 2759
1 2370
2 655
2 2227
1 1513
1 1208
1 2342
2 1652
1 2565
1 2463
2 321
2 782
2 1040
1 847
1 2006
2 354
2 217
1 69
1 170
1 1412
1 1281
1 2748
1 758
2 941
1 1874
1 1774
2 2654
2 532
2 1797
1 816
1 801
2 367
1 1602
1 1768
2 1556
1 990
1 1697
1 2678
2 801
1 2107
2 1848
2 2015
2 16
2 270
1 2332
2 1611
1 1108
1 382
1 1348
2 1881
1 380
2 2078
1 2741
1 2244
2 2534
1 2334
1 133
2 2294
2 1006
2 2187
1 418
2 2482
1 1225
1 1955
2 804
1 2642
2 1486
2 1355
2 291
1 2392
2 2331
2 2132
2 2161
1 1651
2 437
2 1955
1 2174
2 1095
2 1975
2 19
1 47
2 1054
1 734
2 328
1 948
1 2252
2 2073
1 335
1 125
2 2044
2 2501
2 1866
2 2533
1 2457
1 759
1 1862
2 597
1 571
1 980
2 1177
2 1080
1 1244
2 2616
1 28
1 711
2 1982
1 813
1 2178
2 1622
1 189
1 2315
1 378
1 1642
2 6
2 2462
1 2489
1 2026
2 1271
2 2622
2 1057
1 1005
2 1831
1 1725
1 1911
2 2373
2 380
1 533
1 1534
1 2453
2 2135
2 521
1 1924
1 115
2 2514
2 1056
1 1044
1 2410
2 2100
1 1511
1 1970
2 1649
1 2714
2 842
1 1686
1 1050
2 2763
2 2333
2 2126
1 1943
2 1950
1 2335
1 646
1 271
2 1675
2 995
2 2194
2 357
1 145
2 325
2 2268
1 407
2 1135
2 871
1 457
2 1037
2 674
1 7
2 1336
1 1082
2 2258
1 2731
1 1206
1 1821
2 2555
2 2077
1 1115
1 2481
2 2251
2 1209
1 1401
2 237
1 1570
2 1328
1 1812
1 435
1 1570
1 1102
1 74
2 1407
1 2653
1 169
2 2162
2 2143
2 455
2 2707
2 1500
2 2405
2 2313
1 2200
2 1335
1 841
2 1653
1 2098
2 1474
2 1197
1 1644
2 950
1 14
2 287
1 2115
2 1645
1 988
2 997
2 363
1 1283
2 1717
2 1380
2 1818
2 1634
1 2697
2 360
2 16
1 1182
1 2463
2 1114
1 2706
1 491
2 2417
1 573
1 1591
2 958
2 611
1 720
2 2202
2 930
2 1553
2 1014
2 534
1 2517
1 2184
1 1783
2 2166
2 703
2 519
2 921
2 2089
1 2643
2 941
2 2717
1 829
1 576
1 2088
1 1288
1 1759
1 891
2 2299
2 284
2 639
1 2621
2 572
2 1504
2 2151
1 148
1 1994
2 2036
2 2061
1 2713
2 401
2 2397
2 2138
2 2261
2 35
2 2796
2 1964
1 2173
1 1216
2 1384
1 2270
2 922
2 410
2 1667
1 788
1 2387
2 344
1 1453
1 1125
1 1148
1 1696
2 1772
2 1241
1 2211
1 2580
2 2768
1 2050
2 1742
2 1746
2 1425
2 2239
1 2709
2 1931
2 1791
1 752
2 1139
2 938
2 1988
2 1863
2 2028
2 1488
1 42
1 2541
2 1419
1 1862
1 2171
1 2346
1 1202
1 1198
2 1909
1 2368
2 2054
2 2148
2 990
1 2263
2 1242
2 2092
1 2656
1 2008
2 2800
1 1642
1 1652
2 1173
1 463
2 890
1 697
1 1827
1 1142
2 1147
1 854
1 763
1 2534
2 276
1 62
1 1671
2 2710
2 1472
1 476
1 2437
1 1197
2 325
2 2007
1 1656
1 2776
1 490
1 2211
2 49
1 1382
1 2646
2 195
1 1669
2 2298
1 576
2 800
2 2426
1 330
1 528
1 1441
1 708
1 2722
1 158
1 1399
2 1778
1 2372
1 2123
2 1909
2 848
2 1672
1 1627
1 226
2 546
2 2655
1 513
2 838
1 1338
2 684
1 692
2 62
2 1193
1 194
2 400
2 2767
2 923
2 339
1 1226
2 1451
1 2556
1 2374
1 929
2 285
1 2101
1 1421
2 1245
2 1127
2 1512
2 2393
2 1562
2 1683
2 582
1 1661
1 211
1 1765
1 2193
2 83
2 1206
1 952
1 1923
2 130
1 1520
2 1476
1 1315
2 88
1 888
2 824
2 120
2 909
2 82
1 963
2 1632
1 1552
2 603
2 169
1 428
1 1361
1 1866
2 665
1 2349
2 1758
1 935
1 2466
1 650
2 1724
2 1156
1 2418
1 709
1 92
2 1040
1 1155
2 1430
2 1010
2 2439
1 783
1 2513
2 14
2 1397
2 566
1 130
1 1492
2 836
2 1205
1 1796
1 2223
2 246
2 2057
2 1364
1 2306
1 1700
1 1633
1 1275
1 2161
2 2394
2 2182
2 2797
2 2735
1 2390
2 44
1 218
1 2289
2 1493
1 808
1 689
2 1852
2 264
2 1816
2 562
1 1317
1 376
2 526
1 374
1 1681
1 286
1 196
2 494
2 1251
2 1654
1 876
1 1972
1 2597
1 839
1 2099
1 2528
2 2753
1 2018
1 685
1 1297
1 393
1 1835
1 1687
2 1099
1 991
1 1944
1 184
1 1988
1 469
1 367
2 350
1 2387
2 222
1 24
1 1878
2 1321
2 1680
1 1709
1 754
2 2053
2 1324
1 118
2 1905
2 863
2 631
2 616
2 1772
2 1998
1 979
2 2621
2 2170
1 1136
1 522
1 1698
1 1610
2 1178
2 1631
2 2531
2 2547
1 28
2 445
2 453
2 1578
1 158
2 1078
2 275
2 1519
2 1887
2 545
1 647
1 796
2 1
2 1473
1 509
1 2197
2 1101
1 2443
2 1060
2 328
1 319
1 479
2 2459
2 580
2 1506
1 353
1 1103
2 1431
1 2360
1 619
1 128
2 324
1 770
2 1446
1 101
2 476
2 1545
2 1922
1 2424
2 2391
2 1576
1 1138
2 2590
2 146
1 2692
2 369
2 13
1 285
1 2577
2 43
1 362
1 1061
2 2588
1 947
1 2165
1 2014
2 30
2 528
1 2696
2 1549
1 1060
1 815
2 105
1 214
2 1470
2 2415
2 303
1 790
1 1025
1 559
2 1783
2 2059
1 2565
1 1536
2 2222
2 98
2 999
1 1220
1 2229
1 1383
1 2123
2 7
2 682
1 1441
1 1230
2 1360
2 650
1 1531
1 2217
2 2473
1 2075
2 1555
1 850
2 2041
2 2473
2 712
2 2442
1 2490
2 1507
2 68
1 2602
2 2395
1 2661
2 2679
1 2322
1 2570
2 31
2 1479
2 743
2 1406
1 943
2 1767
2 2591
1 2495
1 1662
2 1158
2 37
2 341
2 1046
1 782
2 315
2 1227
2 2675
2 1930
2 383
1 1212
1 2301
2 110
1 1267
1 2505
2 1055
2 669
1 1012
2 2471
1 1782
2 1246
2 2009
1 1566
2 266
1 872
1 165
2 1869
2 482
1 1415
1 2546
1 2233
2 2176
2 370
1 332
2 2002
2 1455
1 137
2 522
2 1127
2 2255
1 599
2 1956
1 1468
2 1524
2 2660
1 868
1 1755
1 853
2 1991
1 187
1 2042
2 1557
2 1840
1 2158
1 306
2 2037
2 1894
2 2295
1 2784
1 1730
1 2778
1 1601
2 922
2 2074
2 1514
2 2343
2 1070
2 1559
1 1023
2 246
1 1457
2 2180
1 257
1 1044
1 2608
2 1303
2 26
2 24
1 2608
1 1704
2 1735
1 2314
1 966
2 1745
1 2034
1 549
1 2363
2 2267
2 1031
1 157
1 2438
2 1795
1 2209
2 1326
2 2357
1 2316
2 164
2 1810
2 389
1 1308
1 2726
2 2604
1 907
1 2111
2 1537
1 2098
1 2238
1 1877
1 444
1 1938
1 2373
1 440
2 1371
2 1265
2 1099
1 4
2 2368
2 1526
2 557
1 1196
2 50
1 2279
1 1416
1 2481
1 1314
1 1799
2 860
1 1606
1 903
2 2633
1 2439
1 726
2 915
2 2371
1 705
1 1970
1 1450
1 1795
2 1141
2 909
1 1852
1 1617
1 2231
2 1518
1 1935
1 769
2 916
1 2510
2 1880
2 1621
2 1144
1 423
1 627
1 1401
2 2047
2 309
1 850
2 1989
1 867
1 313
1 486
1 1751
2 2333
1 318
1 2153
1 2550
2 621
2 1554
1 2615
1 996
1 221
1 771
1 2747
2 455
1 2523
1 2794
1 1786
1 2794
2 1912
1 2546
2 1114
1 2226
2 254
2 1150
1 205
2 1607
2 1744
2 1828
2 2668
1 525
2 366
2 992
1 2330
1 944
1 656
1 125
2 2540
2 2538
2 66
1 929
1 600
2 1161
2 1277
2 2045
1 1563
2 568
1 1534
1 2798
2 588
2 726
2 1011
1 2506
1 833
1 2337
1 2746
2 1260
2 1254
1 856
2 1740
2 2031
2 1351
1 556
1 2140
1 2423
1 402
2 618
1 1868
1 371
2 1793
2 1577
2 71
1 1718
2 1530
2 299
1 93
2 1889
1 2702
1 2315
2 2171
2 2229
1 2063
2 1332
1 1785
2 420
2 1026
1 642
2 2184
2 2420
2 671
1 1971
1 266
2 2130
2 52
1 534
1 131
1 820
1 1726
2 1469
2 2135
1 2551
1 583
1 430
2 2443
2 2624
2 2065
1 1596
2 2731
1 983
1 2575
2 426
2 1720
1 2124
1 1016
1 1494
2 838
2 2402
2 2525
1 2559
1 2407
2 1149
1 1689
2 1485
2 1179
2 2746
2 99
2 2648
2 1109
2 1286
1 2690
1 2292
1 1433
1 978
1 377
2 1761
2 2720
2 1396
1 2549
2 508
2 1824
1 834
2 1410
2 1521
2 386
1 2502
1 2791
2 1426
2 2060
1 1461
2 2535
2 1650
1 2646
2 122
2 586
1 1302
2 373
1 2704
1 805
1 359
2 2325
1 858
2 1508
2 2416
2 2599
1 814
1 2058
2 1905
2 1059
1 2365
2 1222
2 610
1 1527
2 1252
1 1104
2 201
2 1196
1 188
1 1726
1 787
1 1262
1 1267
1 1819
2 2563
2 577
1 312
2 1498
2 1986
2 171
1 981
1 1755
1 2418
2 1906
1 2655
1 2044
2 1312
2 1321
2 881
1 1376
1 1038
2 1753
1 2429
2 1619
2 2085
2 88
1 776
1 964
2 210
2 1587
2 1086
2 1879
1 1767
1 2144
1 323
1 1109
1 620
1 331
2 405
2 2272
2 1748
1 832
1 966
1 1809
1 1054
2 792
2 2239
1 2389
2 1332
1 385
2 1041
2 2466
1 1414
2 1939
2 1273
2 807
1 688
1 1013
1 1234
2 1035
1 1838
2 404
2 112
2 972
2 2487
2 1773
1 1411
2 2544
1 1100
2 191
2 2125
2 1211
2 470
1 406
2 1350
2 135
2 1076
1 1898
1 1903
2 1122
2 1256
2 1928
1 2777
1 2601
1 2235
2 2055
1 2051
1 272
1 1410
1 1437
2 2120
1 2354
2 1424
1 516
1 794
1 1049
1 964
1 490
1 2159
2 1264
2 110
2 2700
1 961
2 1491
1 1340
1 108
2 1119
1 1091
1 1579
1 188
1 1984
2 140
1 1997
1 586
2 56
2 1900
1 231
2 89
2 1668
2 2066
1 552
1 462
1 2477
1 1452
1 2504
2 973
2 2178
2 939
2 2432
2 2016
1 1770
1 1765
2 1718
1 1924
2 882
1 1168
2 1073
2 985
2 2478
1 1345
2 1262
2 1485
2 731
2 2384
1 1015
2 1934
2 1458
1 2411
2 1209
1 497
2 543
2 475
1 1137
1 1777
1 632
1 1854
2 2574
1 1475
1 823
2 2258
1 2217
2 32
2 2104
1 2083
1 2691
2 2256
1 1071
1 2009
1 191
2 2021
1 924
2 2397
1 1350
2 263
2 2687
2 379
1 690
2 55
1 425
2 1461
2 398
1 1830
2 1022
1 614
2 2164
2 1812
1 190
2 1171
2 421
1 713
2 1545
2 1776
1 2698
1 667
2 1734
1 1762
1 1489
1 1341
1 544
1 636
1 459
2 686
2 1284
2 2435
2 2179
1 1696
1 961
1 2642
1 607
1 2214
1 1169
1 2751
1 2564
2 1807
2 1089
1 584
2 1303
2 2725
2 387
1 1471
2 2109
1 49
2 376
1 134
2 2049
1 1394
2 1283
2 2295
2 818
1 663
1 1112
1 2111
2 2461
2 2581
2 2720
2 1457
1 1285
1 408
1 558
1 1596
2 2253
1 629
1 1959
1 859
2 1259
2 2278
2 198
1 2676
2 1870
2 2086
1 2495
1 2737
2 1546
1 1735
2 1111
1 1006
2 2
2 2173
1 394
1 1353
1 451
2 1661
1 2664
2 608
2 1170
2 505
1 1784
2 835
2 2375
1 2651
2 855
2 131
1 1529
1 1499
2 1721
2 1333
1 896
2 2191
1 869
2 1568
2 2234
2 202
2 107
2 2221
2 387
2 314
2 2219
1 2778
2 1937
2 345
2 50
1 1394
1 2072
2 1574
2 1574
2 1320
1 2005
1 73
1 1739
2 1270
1 243
2 1463
1 2634
2 672
2 710
1 2451
1 565
1 819
2 1213
1 1989
1 201
2 1858
2 183
2 2688
2 2727
2 2508
1 1398
1 2361
1 236
1 2798
1 2550
2 2631
1 2353
2 72
1 2585
2 757
1 2584
1 2372
1 288
1 2401
2 954
2 1565
1 2636
2 1658
2 1003
1 2318
2 1167
1 1753
2 2675
1 144
1 384
1 1742
2 1907
1 145
2 2783
2 1858
2 365
1 2340
1 1299
2 655
1 1073
1 240
1 1983
2 2206
1 608
2 795
1 1969
1 392
2 1087
2 282
1 1525
2 1691
2 1907
2 338
2 2483
1 2121
1 2385
1 2181
1 1685
2 2017
1 1723
1 2001
2 114
2 2383
1 1189
1 430
1 2703
2 1542
1 1248
1 1841
2 2101
2 978
1 1413
1 1960
2 210
1 1705
1 2493
1 1045
1 1400
2 2497
2 904
1 606
2 1787
2 267
2 1157
1 2456
1 1126
1 771
1 2767
2 2429
1 783
1 155
1 2445
1 2277
1 2301
1 1669
2 2249
1 2311
1 1322
1 2567
1 1203
1 524
2 2185
1 485
2 2409
1 708
2 1675
1 2420
2 2774
2 1904
1 2237
2 843
1 624
1 1056
2 477
2 2610
1 2658
1 487
1 337
2 1065
2 2402
2 1298
1 488
2 2721
1 2230
2 379
1 698
2 414
2 1638
2 499
1 1323
2 644
2 2790
1 622
2 65
2 2204
2 1975
2 2201
1 936
2 29
1 193
1 2152
2 1717
2 831
1 2108
2 1415
2 714
2 2493
2 2322
2 1035
1 1416
2 2039
2 2023
1 1558
1 449
2 1180
2 2434
1 2189
2 701
1 1167
2 1613
2 746
2 2440
2 1130
1 1629
1 1331
2 2350
2 264
2 273
2 2329
2 2166
1 2398
1 646
1 2523
1 1627
2 2213
1 523
1 95
1 192
1 81
2 451
2 768
2 877
1 2293
2 2623
1 546
1 179
2 329
1 2568
1 1104
1 1052
2 2704
2 1081
1 2172
2 1647
1 1420
1 180
1 774
1 77
1 119
2 795
1 934
2 1257
2 136
2 247
1 1438
2 812
1 268
1 637
2 1207
2 562
2 932
1 1477
2 364
1 623
2 2025
2 1282
2 1242
2 1572
2 20
2 488
1 775
2 761
2 1037
1 1439
1 82
1 1039
1 1481
1 2517
1 277
2 18
1 1902
2 1443
1 1225
1 298
1 35
2 323
2 1110
1 948
1 1686
1 1053
1 122
2 817
2 2085
2 443
2 435
1 1083
1 1598
1 1239
2 1600
1 1091
1 571
2 2028
2 1356
2 2328
1 1583
2 64
2 677
1 23
2 2035
1 1293
1 90
2 1779
2 2557
1 603
2 2735
2 298
2 1098
2 733
1 2377
2 1580
2 666
2 1495
2 1145
1 1939
1 648
2 2210
1 332
1 1679
2 1307
1 225
1 725
2 1577
2 2356
1 307
2 2578
1 2223
1 356
2 466
1 1835
1 1893
1 1623
2 2446
1 1266
2 162
1 1867
2 687
2 1296
1 526
1 701
1 1699
2 469
2 1714
2 2657
2 2663
2 450
2 874
1 626
2 744
1 2685
1 2527
2 1422
1 5
2 235
1 1498
2 2680
1 877
2 2317
1 2632
2 1926
2 1154
1 66
2 1029
2 2673
2 582
1 304
2 555
1 2775
2 397
2 1804
2 2145
1 530
1 1492
2 2536
1 60
1 1603
1 1752
1 17
2 1801
1 1276
1 1836
2 1354
2 839
1 855
2 2498
1 1636
2 1398
1 1944
2 236
2 1728
2 949
2 56
2 1074
1 2003
1 1102
2 1959
1 1503
2 215
2 2559
1 152
2 1484
2 580
1 234
2 1395
2 85
1 1843
2 542
2 554
1 836
2 2395
2 811
1 857
1 1174
2 2600
2 2366
2 2247
1 2738
1 1897
2 1097
1 240
2 1695
2 1794
2 960
1 106
1 822
1 403
1 507
2 1643
2 2566
1 593
1 1868
2 497
1 2771
1 2692
2 702
2 2351
1 2192
2 904
2 1741
2 2427
2 624
2 2586
2 660
2 2365
1 2612
1 2151
2 1775
2 1252
2 228
2 760
1 945
2 706
1 1736
2 1524
2 383
1 1758
2 1593
1 1386
2 2740
2 729
1 2522
1 1279
2 2414
1 2549
2 350
1 465
2 693
1 1045
2 150
1 1844
2 1911
2 2280
2 2647
2 2637
2 2431
2 398
2 2419
2 1815
1 203
1 310
1 1915
2 2324
2 1312
1 2707
1 1571
2 659
1 1233
1 1544
2 348
2 1715
2 2163
2 1785
2 1100
2 2386
1 353
1 2424
1 1220
1 1434
1 581
2 272
1 958
1 1631
1 828
2 1134
2 2090
1 262
2 599
2 1139
1 1315
2 1947
2 602
1 9
1 329
1 1764
2 280
1 928
2 1048
2 2177
1 1952
1 214
1 2499
1 2134
2 1266
1 567
1 468
2 551
1 78
1 2772
2 1268
2 2296
2 717
2 1832
1 2752
1 2511
1 1090
1 1134
2 1343
2 143
1 2472
2 1294
1 343
2 274
2 2266
2 427
2 2270
1 123
2 2639
1 1166
2 802
2 1817
1 1938
2 1393
2 1882
2 939
1 2572
2 2582
1 167
2 1666
2 2799
2 2512
2 1353
1 1559
1 628
1 1630
2 976
1 2274
1 2156
2 2203
2 250
1 598
1 1156
2 1253
2 525
2 2795
2 845
2 1173
1 2040
1 139
1 452
2 181
2 90
2 2470
1 756
2 1097
1 1702
2 2450
1 141
2 2682
2 2406
2 1703
1 2363
2 878
2 547
1 500
2 1454
1 2132
2 999
2 2227
2 996
1 1790
2 133
1 1019
1 2286
1 8
1 777
1 1725
1 261
2 467
2 2480
2 2338
2 1704
1 297
1 58
2 2325
1 1199
1 1132
1 1794
2 1194
2 2512
2 597
2 675
2 1163
2 2084
1 1213
1 2225
2 2440
1 2427
2 870
1 2122
1 595
2 2352
1 1993
2 1366
2 336
2 1644
2 2462
2 2096
1 197
1 550
1 2349
1 2118
2 1309
2 2578
2 2041
2 2518
2 12
1 1900
2 1129
1 2024
1 865
2 2265
2 2660
1 72
1 2714
1 2521
1 2519
1 2722
2 556
1 840
2 728
2 1641
1 2064
2 1238
2 208
2 349
2 65
1 474
1 2415
1 1444
1 2609
2 1462
2 344
2 1727
2 1663
1 207
1 494
1 1041
2 2033
1 13
1 552
2 1804
2 1174
2 1612
2 2582
1 1071
2 696
2 809
1 1632
1 664
2 2558
1 2715
2 2168
2 2060
1 495
2 2522
1 1882
2 2623
1 738
2 1497
2 396
2 2153
1 1502
1 496
1 1301
2 900
1 2603
1 2638
2 2246
1 1536
2 238
1 2117
2 1089
1 409
2 365
2 953
2 704
1 949
2 1690
2 2367
2 1118
1 195
1 2089
1 1148
2 645
2 1408
1 1290
1 1359
1 1737
1 1548
2 802
1 1326
1 2075
1 1579
2 1854
2 2448
1 2063
2 1617
1 311
2 1296
2 2298
2 940
1 399
1 1913
1 947
2 1625
2 2376
1 942
2 228
2 1722
1 1319
2 2013
1 1608
1 779
1 161
2 2743
1 979
2 343
1 1833
2 2632
2 2134
1 1692
2 1860
1 727
2 2628
2 1381
2 2676
1 2584
1 2330
2 1248
1 1583
1 649
1 307
2 2551
2 140
2 1727
1 204
1 1406
1 54
1 2659
1 2022
1 1249
2 2070
1 1786
2 1354
2 561
1 2011
1 103
2 1017
1 2613
1 2188
2 278
2 2203
1 2113
2 1962
2 372
1 666
2 297
1 320
1 1009
1 1811
2 1656
2 442
1 917
2 2061
1 2562
1 1990
2 1387
2 1028
1 2404
2 825
2 2752
1 1201
2 2303
2 1657
2 1569
2 463
1 2286
1 722
2 1271
2 1159
2 291
1 1585
2 2049
2 417
1 1083
1 114
1 2663
2 57
1 371
2 592
2 1781
2 2711
1 2013
1 1953
1 1605
2 138
1 2703
1 635
2 881
2 1224
1 2447
2 434
1 2131
1 2037
2 2724
1 1954
1 2518
2 373
1 2102
2 1183
1 769
2 1837
1 2619
1 814
1 2497
2 2396
2 18
2 777
1 1064
1 117
2 1790
1 1982
2 2027
2 87
1 1295
1 2730
2 2081
2 744
1 58
2 2742
1 1068
1 844
2 70
2 2701
1 2348
2 1504
1 1195
2 1716
1 1111
2 1891
1 2148
2 438
1 2433
1 1020
1 2097
2 1482
2 382
2 676
1 897
2 2587
1 1520
2 898
2 1169
2 1888
2 1374
1 1895
2 840
2 2327
1 48
1 1483
1 1806
2 753
1 346
2 1289
2 1779
1 1501
1 679
1 1143
1 1302
1 1567
2 1885
1 2554
1 1618
2 154
2 2305
2 644
2 1637
1 1586
1 1305
1 2110
2 2283
2 2504
2 231
2 59
1 1927
1 1926
1 2299
2 957
1 1433
2 2392
2 1805
2 1933
1 295
2 1736
1 281
2 2645
1 1200
1 943
1 1287
2 1218
1 2464
2 2782
1 1899
1 2099
2 2105
1 895
2 1920
2 1747
2 456
1 1207
2 2196
2 1474
1 475
2 844
1 1193
1 886
2 848
1 160
1 2520
2 869
1 36
2 484
1 1399
2 61
1 1499
2 581
1 2377
1 34
1 1383
1 716
1 2426
2 1789
1 727
2 1915
1 575
1 1981
1 1519
2 968
2 817
1 945
1 1051
2 555
2 1910
1 1688
1 1024
2 518
1 564
2 206
1 381
2 431
2 640
1 2304
1 1285
2 2681
2 1872
2 1541
2 1833
2 235
1 259
2 1748
2 1886
1 504
2 1495
1 1875
1 2388
1 322
1 464
1 276
1 41
2 704
2 1210
2 1160
2 1850
2 1514
1 1363
1 2713
1 2234
2 1055
2 2297
1 1015
2 1744
1 2302
2 1817
2 77
1 249
2 1722
2 2112
2 104
1 1864
1 1789
2 2114
1 827
1 980
1 2257
2 1347
2 589
2 2537
1 71
2 1821
1 86
2 793
1 2197
1 1362
1 1094
1 1163
1 51
1 1423
1 2335
2 1325
1 2567
2 326
2 2080
2 1098
1 2799
2 2288
2 1291
1 275
1 1673
1 1618
2 2627
2 1886
2 2045
1 134
2 2573
2 1258
2 553
1 2311
1 1129
1 151
2 165
1 2139
2 1029
1 1203
1 2670
1 2613
2 2405
1 2052
1 972
1 1372
1 456
2 10
2 1436
1 731
1 1764
2 1684
2 974
2 1221
1 258
2 851
1 392
2 654
2 1344
2 156
2 116
1 808
2 1837
2 2139
2 2262
2 1732
1 2596
1 2310
2 1883
2 2509
1 1901
1 1930
1 227
2 2622
2 523
2 847
2 255
1 735
2 22
1 1961
1 1998
1 2421
1 2130
2 1551
1 1974
2 1377
1 29
1 2610
1 1983
2 2757
1 2208
1 1620
1 2508
2 1884
1 495
2 1202
1 2693
2 1659
2 1957
1 75
2 1776
2 1543
2 905
2 937
2 1931
1 994
2 211
2 2262
1 144
1 1385
2 594
1 1272
2 141
1 1080
1 1927
2 2576
2 341
2 242
2 259
1 439
1 2226
1 397
2 89
2 1039
1 173
1 969
2 628
1 806
2 616
1 885
1 2067
2 2281
2 662
2 1186
2 796
2 1351
1 1910
1 2370
2 2218
1 1687
1 1877
1 739
1 53
2 1731
2 1788
1 2496
1 2084
1 2291
1 1649
1 1428
1 2488
2 248
2 2160
2 2479
2 2107
1 1435
1 933
1 2665
2 1664
1 1491
1 2617
1 1124
1 472
2 2423
2 2317
1 1709
1 2574
1 2430
1 998
2 1264
2 2152
1 2597
1 448
1 893
1 2732
2 2416
1 2465
2 519
1 126
2 764
2 1670
2 857
2 168
2 1269
1 1839
2 2772
2 1920
2 2485
1 1452
2 2532
1 962
1 2281
1 1260
1 2419
1 1418
1 2312
1 1253
1 2169
1 2730
2 306
2 536
2 124
1 1606
2 692
2 862
2 883
2 835
2 1178
1 735
1 1036
2 2793
2 2455
2 621
1 1084
2 94
2 1000
1 2467
1 1382
1 1154
2 875
2 273
2 361
1 1107
2 2069
1 489
1 1775
2 1067
1 2444
1 1508
2 136
2 1637
1 2620
1 963
2 2432
1 1780
1 1305
2 2346
2 2769
2 532
2 1219
1 1427
1 2095
2 1003
2 600
1 845
1 1928
1 635
1 2499
2 1655
2 249
2 694
1 517
2 2464
1 1030
1 2605
2 1384
1 321
1 2015
1 1135
1 132
2 878
2 391
2 1204
2 1214
1 6
1 1293
2 2779
1 502
1 596
1 419
2 2191
1 2043
1 1381
2 2733
1 2344
1 503
2 2221
1 1233
1 2449
2 178
2 2503
1 1941
2 320
1 2719
1 583
1 2268
1 308
1 2501
1 1140
1 1712
2 2100
1 959
1 101
1 923
1 2511
1 1782
1 1440
2 1780
2 670
1 1152
1 1257
2 2759
2 1575
1 1636
1 2337
1 745
1 657
2 723
2 950
1 1306
1 1428
1 1830
1 1092
2 1965
2 2167
1 186
1 2186
2 2766
2 1791
2 233
2 1836
2 1614
1 2695
1 1128
2 1232
1 2133
1 831
1 907
2 1121
1 76
1 1552
2 1426
1 2025
2 625
2 2192
1 1824
2 166
1 368
2 1974
2 879
2 886
2 1703
1 339
1 2773
1 40
1 1407
2 1543
1 1648
2 1946
2 1299
2 1153
2 2170
2 830
2 2257
1 2147
2 1388
2 843
1 2205
2 1563
2 92
1 213
2 1640
2 45
1 436
1 2381
2 1769
1 1745
2 2056
2 1136
1 378
1 786
1 1292
1 1873
2 1819
2 837
1 2606
1 1829
2 1479
2 1158
1 1164
1 2225
1 2729
1 861
1 2158
1 1951
1 1813
2 1599
2 930
1 2022
2 1773
2 454
2 1847
2 142
2 1198
2 2023
1 2302
1 1665
2 897
2 1300
1 1859
1 589
2 1845
2 2694
1 2179
2 413
2 1190
1 2177
1 482
2 245
2 2150
2 1331
1 351
1 2320
1 1889
2 446
1 1690
2 2460
2 899
1 2528
1 44
2 2626
2 780
1 1337
1 2141
2 926
1 2554
2 1547
2 2120
2 448
2 94
2 1268
2 2276
1 61
1 2445
1 2795
1 716
2 1979
2 2785
1 816
2 1557
2 1025
1 2188
1 1523
1 852
1 1916
1 529
1 587
1 2076
2 146
1 2383
2 1103
1 2240
2 2245
2 798
2 317
2 1404
1 2018
2 1707
2 2742
1 1626
1 540
2 752
1 1063
2 540
2 1655
2 762
2 1942
1 2526
1 2491
1 187
1 1370
2 1108
1 355
1 2589
2 2359
1 1538
1 2627
2 626
2 1269
2 2222
1 721
2 314
2 1118
2 2677
2 823
1 1365
1 2430
2 2065
2 1430
1 739
1 513
1 1013
1 633
2 2342
1 1971
1 2150
1 2595
2 1750
1 1979
1 970
