5100 7000
1 1507
2 2503
1 1622
2 563
2 799
2 284
1 229
1 577
1 2099
1 1180
1 2141
2 2063
2 141
1 2008
2 2135
2 2315
2 2053
2 848
1 2440
1 2550
1 748
1 1878
1 1794
2 899
2 2385
1 287
1 1339
2 28
2 180
1 726
2 923
1 471
2 509
2 1933
1 1335
1 386
1 1839
2 631
2 522
1 782
2 2169
1 1291
2 571
2 1883
2 235
1 1524
2 641
2 916
2 273
2 2062
2 1148
1 1319
2 2455
1 961
2 1783
2 1935
2 1008
1 545
1 1402
2 2102
2 1838
1 1665
1 2209
1 580
1 2107
1 2178
2 1053
2 1690
2 1362
2 1158
2 438
2 1585
2 2475
1 830
1 1756
1 1209
2 590
2 1375
1 1069
1 1369
1 188
2 1131
1 916
2 782
2 1694
2 1898
2 426
1 2294
1 1392
1 533
2 1132
1 2126
1 1908
2 878
1 721
1 218
2 1244
2 1200
1 1283
2 1584
2 2018
1 567
1 182
2 649
2 1160
1 2028
2 2454
2 1334
2 553
2 2356
1 1139
2 1887
1 624
1 1598
1 2439
1 1506
1 530
2 58
2 1424
1 288
2 1236
1 1040
2 1181
2 570
1 1813
1 1385
1 2260
1 2151
2 2220
2 2034
1 1273
1 1578
1 500
2 1478
2 735
2 1962
2 1225
2 237
2 716
1 2354
1 1519
1 436
1 128
1 77
2 1313
2 1532
1 1176
1 1759
1 1
1 2126
2 2164
2 1773
1 515
2 884
2 600
1 2100
1 1943
2 1942
2 1631
2 431
1 2169
1 1207
2 1240
2 1876
1 184
1 273
1 1936
2 277
1 2066
2 1813
2 1109
1 1513
2 1490
1 1186
1 2508
2 65
2 1200
1 153
1 895
1 2145
1 2384
2 846
1 2189
2 855
1 849
2 2043
1 467
1 1711
2 2405
1 557
1 1658
1 1365
1 1623
2 1256
1 1036
1 1432
2 854
2 1253
1 614
1 272
2 840
2 105
1 766
2 2239
2 1328
2 1483
1 934
2 329
2 2461
1 925
1 146
2 434
2 1837
1 1914
1 2148
1 750
2 1533
2 1728
1 890
1 2442
2 1716
2 2332
2 1119
2 323
2 783
2 721
1 2176
1 2523
1 430
2 1263
1 730
1 811
2 1609
2 1661
1 1104
1 906
2 1790
1 756
2 2053
2 339
1 844
1 1258
1 110
1 2261
2 2355
1 1629
2 2211
1 1192
1 2257
1 2494
1 614
2 85
1 447
1 1655
1 809
2 885
1 2296
2 2484
1 2244
1 1049
2 2420
2 2362
2 1810
2 1155
2 1733
1 209
2 1260
2 1883
1 102
1 1313
2 1120
2 57
2 1387
1 1193
2 1266
2 262
1 1602
2 2359
2 1100
1 1847
2 1357
1 414
2 361
1 2538
1 709
1 829
1 1677
2 1327
1 139
1 1194
2 1600
2 537
1 815
1 2130
1 317
2 1402
2 1760
2 3
2 301
2 699
1 1592
1 1460
2 1977
1 1418
1 1740
1 861
1 2371
1 1512
1 526
1 181
2 1172
1 2546
2 2157
1 1989
1 1926
1 1061
2 2499
2 62
2 1911
2 1544
2 1428
1 723
2 1356
2 168
1 986
2 256
1 1497
2 1948
2 2144
1 889
1 653
1 2515
2 1923
2 384
2 1483
2 2029
2 1683
1 1239
2 1861
2 904
1 2116
1 844
1 957
1 674
2 896
2 1066
2 70
1 2264
1 2194
2 1159
2 2535
2 1204
2 1470
1 373
2 1377
1 80
2 366
1 2044
2 403
2 1287
2 2209
1 396
1 1812
2 2075
1 407
2 312
2 1034
2 2025
2 2542
1 1597
1 175
1 1656
2 1537
2 1060
1 1559
1 1406
2 2101
1 1640
2 573
2 321
1 419
2 1367
2 1600
2 397
1 62
2 928
1 2444
1 521
2 1881
1 984
2 1550
2 935
2 605
1 1957
1 2393
2 932
2 163
2 1736
1 1948
1 1547
2 20
2 30
2 863
2 1445
2 18
2 2031
2 129
1 539
1 2405
2 1426
2 1859
1 550
2 988
1 847
1 1934
2 1179
2 1939
1 1086
1 1885
1 1722
1 498
1 1088
2 1632
1 1378
1 1797
1 267
1 253
1 697
2 1228
1 700
1 734
2 2434
2 2133
2 845
2 1446
2 1244
1 358
2 915
2 1576
2 1476
1 1282
2 81
2 2028
2 612
1 1046
1 2371
1 2407
2 781
2 1733
1 652
1 2005
2 1176
1 471
1 1678
1 2186
1 1776
2 1841
2 883
2 421
1 2139
1 54
2 1862
2 2024
2 488
2 687
1 1151
2 1708
2 564
2 257
1 1277
2 588
1 2124
1 910
1 1929
1 769
2 1238
1 1153
1 742
2 1212
1 1579
2 423
2 1961
2 567
1 1771
1 1383
2 803
1 1018
1 1050
1 897
1 1261
1 428
1 52
1 1248
2 885
2 2379
2 449
2 1549
1 734
1 480
2 1455
1 375
1 1475
1 1601
2 2453
1 1547
1 1717
2 382
2 1522
1 1949
2 1365
2 685
2 115
1 1262
2 1082
2 2228
1 980
1 763
1 707
2 308
2 813
1 239
1 1751
1 541
2 1397
2 711
2 2208
2 626
2 810
1 1422
1 1024
2 1848
1 2125
2 1539
2 698
2 979
1 903
2 1323
1 295
1 2533
1 1271
2 90
2 897
2 784
2 765
1 1684
1 1342
1 1849
1 621
1 617
2 568
2 291
2 470
2 2533
1 1545
1 1552
2 731
2 1315
2 110
1 323
2 2324
1 2333
1 1845
1 2505
1 2432
2 1134
1 556
2 390
2 1990
1 772
2 1829
2 1719
2 32
2 1231
2 2243
1 113
1 317
1 143
2 2381
2 1690
2 2391
1 1753
2 1956
2 996
2 979
1 217
1 2372
1 1905
1 1063
2 1816
2 2464
2 149
1 1594
1 187
1 248
2 876
1 2066
2 1048
2 1322
2 2125
1 179
2 563
1 1433
1 1391
2 2470
2 298
2 1874
1 2415
1 1588
1 2413
2 1086
1 391
1 357
1 1274
2 165
2 1477
1 2505
1 291
2 1257
1 2020
2 1842
1 296
1 299
1 598
1 1742
2 210
1 1282
1 1430
2 1491
2 1149
1 1371
2 2391
1 769
1 2327
2 641
2 1093
2 1790
2 1540
1 348
2 2042
1 2287
1 814
1 789
2 1832
1 973
1 1492
2 1857
1 2381
1 2208
2 1542
1 2039
1 1041
2 2304
1 327
2 1301
2 193
1 1829
1 71
1 1164
1 1799
1 2081
2 2137
2 2080
1 1474
2 343
2 1666
2 1487
2 289
2 391
2 662
1 2120
2 340
1 2002
1 27
2 1897
2 64
2 1902
2 2068
2 1133
1 1173
2 154
2 1906
1 930
1 2468
2 1188
1 2052
1 1556
1 640
2 2181
1 2506
1 71
1 1351
1 994
1 47
1 1128
1 1697
1 968
2 1195
1 1777
1 2290
2 1586
2 1185
2 1877
2 1092
1 1701
1 1276
1 1958
2 1482
2 666
1 10
2 1900
2 160
2 2353
2 1621
1 185
2 970
1 1052
1 702
1 1331
2 256
2 1431
1 283
2 1084
2 1124
1 2488
2 1493
1 1626
1 1396
2 901
2 2122
2 320
1 818
2 1995
2 2287
2 1852
2 1028
2 802
1 479
1 1584
2 1407
1 1766
1 318
2 1245
1 343
2 1262
1 1825
1 1270
2 319
2 2293
1 949
1 580
1 2017
2 83
1 2407
2 584
1 1074
2 2282
1 741
2 1801
2 1303
1 496
2 2001
1 2374
2 2226
1 1528
1 1951
1 1941
1 1180
2 1274
2 2389
1 2452
1 726
2 376
1 44
2 286
2 589
1 2496
2 1872
2 663
1 1970
2 2027
1 1914
1 2510
1 1921
1 794
2 857
1 21
2 2422
1 1709
1 815
1 1963
2 1350
1 2006
2 1480
1 266
2 2415
2 771
1 130
1 837
1 274
2 575
2 1028
2 1593
2 2521
1 668
2 1525
1 2418
1 298
2 1002
1 2498
2 121
1 1025
1 1527
2 1807
1 1416
1 2528
2 710
1 753
2 695
1 454
1 2499
1 727
1 1990
2 883
2 778
1 129
1 807
2 1952
1 297
2 2402
2 565
2 1637
2 1701
1 894
2 1451
1 2275
1 1182
1 871
1 1745
1 427
2 2266
1 117
2 534
2 1985
1 1077
2 324
1 933
2 1651
1 1466
1 644
2 87
1 102
1 814
2 1256
2 247
1 474
1 376
1 623
1 568
2 866
2 2259
1 1824
2 351
1 24
1 1314
1 800
1 1721
2 2062
1 2460
1 392
2 127
2 1255
2 82
1 934
1 2298
2 1456
2 146
2 1844
1 1588
1 258
1 839
1 527
1 276
2 65
1 1343
2 292
1 176
2 1549
1 1954
2 555
2 1647
1 155
1 66
1 888
2 856
2 466
1 198
2 2165
1 2192
1 1027
1 2471
1 1903
1 1878
2 2120
1 512
2 2477
2 1802
2 2
2 2468
1 2294
2 1577
2 1340
2 85
1 1755
1 555
1 1095
2 226
1 547
2 582
1 574
1 774
2 164
2 1831
1 865
1 1376
1 2151
1 1420
2 126
2 1399
1 546
1 992
1 903
2 2421
2 1435
1 1134
1 1508
1 1150
2 694
2 1928
1 1898
1 1125
2 2019
2 2409
1 1243
1 2285
1 2283
2 1661
1 1730
1 508
1 1193
1 1229
1 311
2 206
2 356
2 925
1 2179
1 2221
1 511
2 215
2 719
1 302
2 1667
2 2076
1 1606
2 1546
2 2492
2 219
1 1100
2 1804
2 2007
2 264
2 1646
2 1866
1 681
2 2203
1 1876
1 24
2 1169
1 1885
1 1226
2 2419
2 805
1 422
1 1964
1 2523
1 710
1 114
1 703
1 1045
1 1509
1 2473
1 1015
1 1319
1 49
1 2484
1 853
1 2433
2 2005
2 1389
2 2513
2 1155
1 341
1 238
2 1347
1 1104
2 789
2 2414
2 2003
1 1654
1 855
1 647
2 502
2 106
2 2098
1 1646
1 2013
1 1707
2 1608
1 1084
1 2261
1 1346
1 2502
2 1714
2 414
1 917
2 2076
1 1749
2 827
2 958
1 2128
1 116
2 1209
2 2202
2 591
1 1012
1 1480
1 1888
2 2492
2 1189
2 582
2 1937
1 263
1 964
2 263
1 1542
2 360
1 1727
2 2137
1 2325
1 453
2 1770
2 777
2 2204
2 2460
2 1206
2 665
2 2050
2 624
1 359
2 400
1 892
1 834
2 1072
2 1367
1 1967
2 1517
2 1003
2 1285
1 2368
2 1415
2 2334
1 1054
2 1281
2 1834
1 2356
2 1439
2 533
1 1393
1 544
2 1923
2 2006
2 15
1 136
1 1735
2 2341
2 109
2 2082
1 152
1 1536
2 2273
2 752
1 89
1 2398
1 1420
2 902
2 713
2 200
1 411
2 1221
1 1598
2 1237
2 2138
1 751
1 1087
2 1770
2 367
1 978
1 424
1 822
2 1761
2 1150
1 1644
1 171
2 59
2 2380
1 1382
2 2256
2 744
1 2198
2 1138
1 1196
2 1582
1 1836
2 204
2 2404
1 1302
1 1471
2 911
1 1644
2 2023
2 2292
1 2439
1 314
2 1143
2 882
2 1638
1 2336
2 1389
1 72
1 1793
1 1003
1 738
2 1507
1 1110
1 412
2 2192
1 1647
2 525
1 97
2 2263
1 1997
2 458
2 2262
1 210
1 598
2 1718
1 917
2 2205
2 19
1 2311
2 2276
2 2128
2 648
2 678
1 1974
1 1117
1 1759
1 236
2 212
2 2271
2 1110
2 1144
2 394
2 2307
2 1344
1 123
2 623
2 2240
2 1243
1 704
1 1306
2 711
1 365
1 1920
1 898
1 759
1 529
1 2386
1 1838
2 1289
2 1650
2 1728
2 998
1 41
1 1119
2 2200
2 2330
2 2001
1 2438
1 2472
2 270
1 490
1 837
1 2174
2 1988
2 151
2 2020
2 1101
2 1734
1 1822
2 264
1 731
1 217
1 1879
2 309
2 832
1 1501
2 1867
1 350
2 988
1 616
2 393
2 1261
2 1341
1 1865
1 611
2 1471
1 1096
1 237
2 1538
1 50
1 1130
2 192
2 694
1 374
1 1984
1 1944
2 1123
2 1336
2 340
2 1295
2 2097
2 707
1 2034
2 661
2 1166
1 1693
1 1390
2 117
2 978
1 2191
2 2344
1 995
1 1220
2 2317
2 1004
2 28
2 907
2 2369
2 592
2 1481
2 1355
1 1635
1 2064
2 1469
1 324
1 1266
2 2477
2 712
2 424
1 380
2 923
1 1986
2 805
2 1992
2 531
1 463
1 2156
1 862
1 2196
2 615
1 295
1 2060
1 1670
1 1979
2 2448
1 2260
2 2052
1 103
1 1539
1 2341
2 1072
2 246
2 342
2 760
1 2353
1 1896
1 2269
2 794
2 767
1 481
1 1782
2 1302
2 158
2 586
2 1231
2 1927
1 2304
1 385
1 1129
1 677
1 2344
2 1011
1 415
1 491
1 2378
2 2251
2 575
2 1238
1 987
2 1304
1 989
2 409
1 551
2 367
2 1510
2 1230
1 225
2 1446
1 1522
2 1495
1 419
2 1066
1 566
2 774
1 255
2 893
2 1991
2 1613
1 392
1 1199
2 49
1 2361
1 1412
2 2408
2 618
1 2411
1 1729
2 1387
2 639
2 1630
2 142
1 2115
1 1133
2 1046
2 846
1 153
1 48
1 2489
2 1351
2 1098
2 2367
1 1910
1 579
2 1765
2 1215
1 823
2 2338
1 941
2 1459
1 429
1 2256
2 2432
1 58
1 1909
2 1363
2 2310
1 1781
2 1827
1 723
1 1805
1 1693
2 1804
2 1922
1 111
1 1541
1 135
1 2004
2 1527
1 136
1 1732
2 1989
1 60
2 1221
1 1945
1 1574
1 515
1 1821
1 693
2 1818
1 2071
2 3
2 2321
2 989
2 2496
1 1265
1 841
2 2009
1 688
2 1847
1 1278
1 249
1 2255
1 817
1 1318
1 1381
2 196
2 647
2 803
1 1421
1 2298
1 1297
2 1228
2 1760
2 2178
2 596
1 1380
2 2347
2 213
2 1014
1 2450
2 2015
2 2203
2 1952
1 225
2 1855
2 232
2 1258
2 881
2 63
1 395
1 33
2 2099
1 1467
2 729
2 1723
1 147
1 1045
1 2139
1 207
1 2002
2 793
1 628
1 104
1 749
2 605
2 4
1 328
1 1326
2 706
2 2303
2 1978
2 997
2 873
2 2349
2 79
2 1225
1 944
2 186
1 228
2 433
1 1738
2 2044
1 858
2 100
1 1534
1 2108
2 924
1 982
1 1213
2 1089
1 1068
2 2342
1 2394
1 300
1 172
1 599
1 2322
1 632
1 1370
1 1127
2 272
2 2172
2 12
2 2295
2 1467
1 2230
1 756
2 370
2 583
2 1572
1 586
1 372
1 1962
1 1023
1 1385
1 1099
2 1877
1 1106
1 202
2 1403
2 959
1 848
2 1376
1 1679
2 2027
1 482
1 1227
2 2520
1 1902
1 1750
2 33
2 1987
2 1710
1 2435
1 719
1 2340
1 1114
1 1806
2 1817
1 228
1 1154
2 2392
2 37
1 1223
2 584
1 456
1 1860
2 1617
1 2056
1 1475
2 1368
2 1118
1 379
1 1780
1 1259
1 986
2 296
2 382
1 1782
2 2015
2 2146
2 2478
2 61
2 1268
2 2112
2 1345
1 1197
2 2543
1 1934
2 1537
1 2474
1 2177
1 128
1 1089
1 2526
2 1595
1 1827
1 445
1 198
1 2166
2 1168
1 2014
2 562
2 389
2 1234
2 1692
1 609
2 432
2 1784
2 2085
2 141
1 2253
1 2068
1 398
1 2173
1 2004
2 459
2 1333
2 795
1 2486
2 245
1 1772
1 2352
2 478
2 1700
2 29
1 1254
1 2013
1 1051
2 560
2 985
2 1652
1 2252
1 454
1 2482
2 532
1 2214
2 354
1 455
1 1208
2 1440
2 506
1 1398
1 1673
1 732
2 1534
2 2548
1 2445
2 1757
1 252
1 1596
2 2406
1 2095
2 2512
1 1828
2 1666
2 487
2 1267
2 2406
2 1039
2 2390
1 1444
2 349
2 1017
1 1117
2 1859
2 282
1 1501
2 1458
1 202
1 754
2 68
2 2190
2 1174
1 1199
2 1326
1 2461
1 2429
2 271
1 964
2 1943
2 688
1 1414
1 1672
2 2175
2 145
1 480
2 816
1 1375
1 1103
1 1843
2 2375
1 1356
2 29
2 10
1 1324
2 1279
2 1053
2 1115
1 105
2 151
2 2233
2 2491
2 416
1 2249
1 1668
2 1404
2 2436
1 1112
1 2501
1 648
2 1296
2 103
2 1683
1 269
2 859
1 2519
1 1484
1 610
2 1217
1 1455
1 602
2 990
2 1698
2 1183
1 1309
2 1315
2 2238
2 1911
1 1112
1 558
2 283
1 2427
2 1087
2 2035
2 548
2 38
2 92
1 104
2 1249
2 545
1 287
1 1269
1 98
2 53
2 1712
1 495
1 2133
1 2121
1 2016
2 1801
2 2490
2 359
2 1233
1 2332
2 833
2 1599
2 177
2 1322
2 2433
1 1305
1 819
2 290
2 1955
2 2483
1 1278
1 638
2 1730
2 601
1 798
2 410
2 764
1 1720
1 2481
2 1438
1 1652
1 2383
1 1912
2 418
1 1834
1 1768
2 435
1 417
2 199
2 1437
1 865
1 2348
1 537
1 1427
1 1815
2 1097
2 483
2 635
2 1633
2 1679
1 36
2 1442
2 877
1 1749
1 2217
1 542
1 354
2 2373
2 1393
2 1473
1 890
2 2549
1 1975
2 1203
1 1704
1 867
2 666
1 1037
2 1699
1 8
2 319
1 1054
1 2393
1 2271
2 1938
2 2171
1 410
1 2150
2 940
2 381
2 1227
2 1867
1 190
2 1663
1 2038
1 1201
2 1364
2 41
1 2096
1 1708
1 1705
1 1833
1 1632
2 1671
2 378
1 189
2 91
1 133
1 1051
2 2083
2 305
2 790
1 2101
1 1202
2 145
1 72
2 2451
1 1903
1 1148
1 2072
1 1065
1 1557
1 1686
2 407
2 1799
2 1525
2 2131
2 1906
2 140
2 260
1 1026
1 2022
1 1913
1 1329
1 191
2 253
1 1538
1 1245
1 607
1 331
2 894
2 676
2 1464
2 662
1 444
1 1635
1 309
1 182
1 457
1 930
2 1640
2 2197
1 604
1 2300
1 1005
1 333
2 1469
2 572
2 1972
2 144
1 412
1 1076
1 1523
1 2262
2 1099
1 559
1 2337
1 1653
1 2160
2 921
2 1940
1 1
2 2048
2 279
2 911
2 2084
1 2019
2 659
1 938
1 654
1 1778
2 1684
2 118
1 1300
2 2285
2 701
1 1736
2 1317
1 2312
2 1925
1 2318
1 887
1 1281
2 2176
2 581
1 1242
2 875
2 2159
2 2504
2 1674
2 1020
2 1154
1 1250
2 1667
1 2167
2 1682
1 729
2 1210
2 383
1 621
2 2537
1 1299
1 334
2 2417
1 2493
2 665
1 1328
1 569
1 126
1 261
1 2024
2 2336
2 1214
1 2470
1 2018
1 2193
1 2010
2 2508
2 2347
1 2036
2 929
1 2359
2 2109
2 1630
2 429
1 2267
2 352
1 2377
2 1995
1 518
2 195
2 12
2 1013
2 1296
1 2083
1 1757
2 552
1 2293
2 1284
1 1472
1 552
2 2152
2 1035
2 1601
1 255
1 149
1 1316
1 1465
1 1917
1 1959
2 366
2 765
2 2116
1 96
1 2527
2 1981
2 1434
2 1208
2 843
1 2154
1 638
1 1444
2 120
2 615
2 503
1 801
2 1896
2 44
1 1241
2 230
2 54
2 2445
1 203
2 1453
1 1566
1 94
1 1272
1 167
1 2550
1 682
1 436
2 2219
2 1788
1 1893
2 1019
2 2449
2 1713
1 1106
2 507
1 1361
2 1566
2 2310
1 549
2 1360
2 608
2 2411
1 966
2 775
2 1008
1 1569
2 1545
2 520
1 2518
1 692
1 2497
1 499
2 1994
2 767
2 1717
2 1633
1 1785
1 1213
1 1862
2 1312
2 211
1 1211
2 745
2 1021
2 9
1 2247
2 966
2 2521
2 1433
2 2495
1 864
2 1083
1 2065
2 1901
1 1784
1 754
1 1033
1 2530
1 1735
1 744
2 1624
2 2513
1 260
1 2535
2 2402
2 611
1 2291
2 2110
1 1437
2 2153
2 532
2 2289
1 630
1 1548
2 1621
2 957
2 328
1 927
1 2045
1 496
1 2436
2 1703
2 2403
1 262
2 1041
2 1335
1 511
1 2300
1 1930
1 1835
2 344
1 1027
2 1929
1 2253
2 1610
1 516
2 148
2 1981
2 1620
1 760
2 112
1 224
1 6
2 954
1 2280
1 1786
2 2465
1 246
2 381
2 2423
2 569
2 1811
1 1494
1 1307
2 1384
2 2386
1 1275
2 1020
2 1340
2 1273
2 2007
1 2033
2 1098
2 755
2 1162
2 1888
2 2351
1 1850
2 1881
2 2479
2 821
1 1007
2 1743
1 1639
1 960
2 99
2 1198
2 1410
2 206
2 1379
1 2449
2 1726
2 886
2 1187
1 332
2 1551
2 936
2 140
1 2272
1 119
1 1842
2 1573
2 2079
1 2365
1 1487
2 1286
2 1771
1 2400
2 991
2 1758
2 1325
1 219
1 1879
2 1503
1 918
1 2241
2 476
2 2087
1 2301
2 594
2 2388
1 1502
1 1603
1 996
2 1300
2 325
2 1779
2 2188
1 1076
1 888
1 1910
2 1135
1 1739
1 1495
1 1518
1 745
1 322
2 2546
2 671
2 1005
2 1026
1 2366
2 348
2 1636
1 2055
1 1983
2 181
1 108
1 2394
1 2318
2 2412
1 2248
1 161
1 462
1 2454
2 2340
1 956
2 1946
2 96
2 278
2 942
2 2528
1 27
2 565
2 2458
2 301
1 2140
2 680
2 1081
2 1627
1 2199
1 823
2 2519
1 119
1 1108
1 1851
1 147
2 646
1 1963
2 257
2 993
1 1152
1 504
2 327
2 312
2 114
2 1035
1 749
2 2485
2 2392
1 277
1 2410
2 2103
1 1184
1 1673
2 561
1 808
1 98
1 1570
1 516
1 1654
1 1138
1 1233
1 380
2 667
1 307
2 1864
2 2094
2 143
1 1659
1 492
1 1817
1 177
2 2323
1 626
1 1321
1 708
2 2179
1 835
1 1958
1 2437
2 546
1 408
2 1178
2 1516
1 948
2 2278
1 1463
1 1510
2 2155
2 594
2 115
2 1009
1 2397
1 832
1 1198
2 465
1 1311
1 2326
1 1338
1 2509
1 2506
1 2428
1 2205
2 1331
2 113
2 1634
1 1372
2 78
2 2518
2 714
1 160
2 919
2 1796
2 868
2 2360
2 2295
2 1170
1 2534
1 1805
2 293
1 337
2 2095
1 2204
2 2539
2 1101
2 2218
1 2503
2 2399
2 2387
1 2472
1 1744
1 703
2 499
2 1137
1 430
2 985
1 1568
2 2258
2 1994
2 162
2 557
1 1490
1 1454
1 1532
2 32
1 1540
2 345
2 550
1 280
1 14
2 1031
2 1998
1 1552
2 812
2 1160
1 1146
1 622
2 479
2 1931
2 2540
1 830
1 1695
1 179
1 852
2 191
1 1473
2 2541
2 2462
1 860
2 1976
2 243
2 559
2 2265
1 1293
2 2542
2 931
1 2376
2 757
2 2323
1 2413
2 2222
2 2485
2 2446
1 812
2 2111
2 405
1 1374
1 1870
1 333
2 504
2 1442
1 2220
2 77
2 425
2 2331
2 1236
2 2186
1 959
2 1773
1 1202
2 2147
1 2469
2 375
1 1795
1 1024
1 1920
1 2514
2 2246
2 1114
1 2463
1 1699
1 786
2 1864
2 1803
2 771
1 134
1 1754
1 2131
1 850
2 1094
1 26
2 650
1 2129
1 1719
1 451
2 2420
1 792
1 465
1 1924
1 1869
2 849
1 352
1 1924
1 739
1 2113
2 369
2 2306
1 1447
2 1330
1 922
1 1863
1 652
1 1939
2 535
1 2495
2 1554
2 603
1 1715
2 2134
2 25
2 561
2 1563
1 1181
1 740
2 477
2 1113
2 2239
1 1901
2 1740
1 251
2 908
1 1714
1 2451
1 16
1 898
1 2173
2 66
1 400
2 2047
2 724
1 1122
2 1137
2 2526
2 2516
2 1416
2 590
2 937
1 387
1 457
2 1147
1 1755
1 691
2 2447
1 1188
1 214
2 1217
1 2180
2 1002
2 1509
2 1309
2 472
1 1638
2 845
1 486
1 1840
2 602
1 1485
1 1634
1 453
1 681
1 194
2 222
2 493
2 1484
1 1457
1 21
1 2529
1 68
2 2289
1 2328
2 2106
1 2235
1 502
2 1623
1 1321
1 977
1 1694
2 1254
2 2215
2 2054
1 445
2 239
1 173
2 39
2 2088
2 1461
1 521
1 857
1 941
2 2378
2 394
1 452
1 1836
1 150
1 94
1 828
2 258
2 2422
1 169
1 1682
2 425
2 2539
1 1308
1 2181
2 1499
2 2217
1 1820
2 473
2 935
2 1379
2 1785
2 1316
1 411
1 2268
1 1986
2 1669
2 813
2 770
2 591
2 1334
2 2458
1 464
2 639
1 869
2 1658
1 2512
2 827
2 733
1 2085
2 93
1 2016
2 780
2 700
2 159
2 2108
2 967
1 913
2 8
1 1380
2 1814
1 950
1 1583
2 697
1 1996
2 1429
1 251
1 481
2 1927
2 1802
1 444
2 2054
2 2410
1 2248
1 2184
2 1869
1 265
1 1720
2 2536
2 1373
2 446
1 2339
1 332
1 108
1 1656
1 2087
2 2517
1 1298
1 1798
1 1371
2 42
2 1984
2 2390
1 2434
1 2497
2 1409
1 2320
1 1833
2 132
1 2017
1 385
2 1001
2 2549
1 2498
1 1789
2 2345
2 712
1 2382
2 2195
1 2170
1 1023
2 1535
2 2136
2 577
1 1616
2 2123
2 2150
2 1404
2 554
2 159
1 1414
2 1971
2 2483
1 1082
2 17
2 1850
2 2189
2 1034
1 892
2 1678
1 2281
2 1823
1 1121
1 2301
2 853
1 613
2 1386
2 915
2 1822
2 1436
1 1942
1 2164
1 505
1 2223
1 796
1 2440
2 1655
2 2475
2 2023
1 2058
2 1126
2 1688
2 70
1 2357
1 1518
1 1108
2 2033
1 164
1 464
2 776
1 2210
1 780
2 1614
2 1297
2 730
1 1651
1 2152
1 1884
1 2471
2 2274
2 497
2 1982
1 236
1 1890
2 40
2 322
2 1767
2 947
1 2450
2 609
1 2487
1 1615
1 2408
2 1352
2 1240
2 2238
1 1614
1 450
2 1107
2 1280
1 1504
2 443
2 169
2 603
2 1386
1 1511
1 426
1 408
2 89
1 422
1 633
2 2258
1 1918
2 1394
2 2163
1 842
2 1625
2 982
2 1130
2 2466
2 417
2 1703
1 998
1 1388
1 1022
1 2000
1 1191
1 2361
2 2073
2 1946
1 2215
1 1336
1 1741
2 2305
1 446
2 1567
2 1268
2 369
1 2306
1 1074
2 1650
2 528
1 637
2 1004
2 870
1 667
1 1224
2 679
1 705
2 970
1 1047
2 76
1 2456
1 1873
1 2200
1 73
2 2070
2 1945
1 2048
1 420
1 1462
2 346
2 214
1 1762
2 167
2 1800
2 2090
1 677
1 509
1 9
2 137
2 17
2 578
1 208
1 2222
2 861
2 415
2 1585
1 1408
1 2414
2 1594
1 495
1 2355
1 2187
2 2383
2 1257
1 1940
2 373
2 1734
1 539
2 1443
2 1758
2 1489
2 133
1 1250
2 190
1 804
1 2343
2 2201
1 949
2 1865
2 1523
2 961
2 2517
1 1973
2 148
1 2080
2 1541
2 543
2 1172
1 2334
2 1079
1 1555
2 900
1 131
1 2225
1 656
1 2011
2 525
2 1894
2 851
2 1485
1 880
2 513
2 932
2 1449
2 362
1 1492
1 1078
1 1591
1 944
1 2401
1 899
1 999
2 1968
1 336
2 1705
2 2242
1 1969
2 2443
1 1033
1 1301
1 685
2 406
2 1786
2 300
2 1307
1 946
1 132
2 587
1 1587
2 107
1 1105
2 1432
1 2541
1 1361
2 2136
2 2463
2 161
2 2227
2 762
1 737
2 669
2 1645
2 51
1 981
2 2478
2 497
1 2051
1 207
1 900
2 2188
1 1192
2 477
1 1474
2 1974
2 2103
1 1960
1 1851
1 1738
1 2166
2 1519
2 1486
2 2317
1 821
1 349
2 1359
2 53
2 2234
1 1731
1 517
1 2218
2 450
2 1292
2 1218
2 1843
2 2183
1 1222
1 2154
1 305
1 1450
1 290
1 632
1 1999
2 536
2 316
1 79
1 1212
1 1567
1 1123
1 596
2 1645
2 1067
2 1145
1 2457
1 2459
1 2171
2 84
2 1343
1 2036
1 205
2 914
2 1855
2 864
2 61
2 1932
2 1841
2 1478
2 308
1 2482
1 402
2 1458
1 878
2 538
2 1574
1 494
2 1741
2 796
1 811
1 2275
1 2486
1 1531
1 1169
1 764
1 174
2 785
2 1691
2 676
2 170
2 1707
1 2319
2 715
1 743
2 341
1 37
1 975
1 1235
2 1063
1 1639
2 157
1 1036
1 950
2 1670
2 1460
1 797
1 1363
2 2107
1 427
2 1808
2 1562
1 1337
1 172
2 1938
1 1846
1 661
2 2084
2 2290
2 788
1 791
1 1880
1 282
1 2153
2 2243
2 467
1 1744
1 1500
1 2313
1 1450
2 967
2 976
1 335
1 57
1 1175
2 534
2 692
1 1571
1 1689
2 2382
1 1374
2 2098
1 706
1 1508
1 2012
1 1561
1 1572
1 2507
1 868
2 275
2 1725
1 980
1 905
2 284
1 1142
1 1775
2 876
1 607
1 1477
1 2524
2 801
1 1411
2 2042
2 299
2 281
2 656
2 51
2 2364
1 1826
1 644
2 1969
2 2312
2 2319
2 759
1 78
1 507
2 1823
2 2135
1 2216
2 881
2 625
1 423
2 1636
2 2046
2 342
2 279
2 1722
1 278
1 1746
2 449
2 1447
1 2531
1 1388
2 1397
2 701
1 2206
1 2537
2 93
2 125
1 45
2 1407
2 593
1 1894
2 630
1 920
2 473
1 1499
2 1061
1 2338
2 2030
2 2039
1 2491
1 1029
1 356
2 2111
2 763
1 585
2 2282
1 1083
1 1568
1 1617
1 1899
1 1586
1 1057
1 1025
2 229
2 1944
2 463
1 571
1 42
2 1408
2 1819
2 325
1 494
1 1852
2 2037
2 1354
2 2086
2 2249
1 1439
2 1624
1 1419
1 1075
2 725
1 107
1 1009
1 1993
2 2325
2 307
2 800
1 270
1 663
2 526
1 1091
2 520
2 1047
2 2032
2 35
2 413
1 124
1 2236
1 460
2 1310
2 403
1 1136
1 1457
2 313
1 1578
1 1358
1 2448
1 1396
2 1890
2 1165
2 2117
2 595
1 519
2 691
1 252
2 468
1 315
1 955
2 2404
1 1887
1 358
1 1554
1 1723
2 2358
1 1607
2 940
2 1763
1 2037
1 2350
1 294
2 2345
1 1434
2 1318
2 1052
1 799
2 371
2 1780
1 2365
1 46
1 1462
1 972
1 882
2 2399
2 962
1 1392
2 1553
1 234
1 1868
2 1919
1 2032
2 1871
2 2237
2 1821
1 2182
1 1286
1 142
2 2375
1 752
1 1606
1 2025
2 926
1 1904
1 2110
2 2105
1 2049
1 781
1 2265
2 720
2 2311
2 2031
2 2313
1 879
2 360
2 2093
2 1436
2 690
2 1203
1 168
1 335
1 1631
1 469
1 1657
1 1421
1 2417
2 156
2 642
1 1520
1 34
1 59
1 1497
1 183
1 241
1 1016
2 974
1 931
2 2346
2 201
1 1853
1 1615
2 1752
2 1275
2 1088
1 306
2 608
2 540
1 1149
1 1696
2 1096
1 1604
1 826
2 2444
1 1418
2 678
1 1521
2 1470
2 1314
1 1168
1 2104
2 485
1 69
1 2489
1 1152
2 658
2 363
1 579
2 2447
2 1062
2 1935
1 293
2 232
2 1205
1 1697
1 2507
1 1248
1 227
1 2162
1 2354
1 2071
2 1118
2 1702
1 2515
1 1342
1 664
1 1288
2 461
2 859
1 2279
2 1561
2 388
2 1071
1 2452
1 1844
2 1700
2 593
2 790
1 2088
2 852
2 372
1 1085
1 2029
1 1748
1 1837
1 226
1 1908
1 1239
1 2316
2 95
1 2011
2 1752
1 619
2 1961
1 880
2 629
1 673
1 1960
1 244
1 144
1 1607
1 388
1 1627
2 1737
1 2469
2 1129
2 973
1 893
1 2114
1 1880
1 1164
2 82
1 25
1 2167
1 500
1 231
1 2369
1 1593
2 1564
2 2112
2 1826
1 617
2 1774
1 2457
1 1812
1 633
2 1249
2 2146
1 1347
1 338
2 958
2 1166
2 999
1 1579
2 378
1 112
1 2370
2 268
1 717
1 2106
2 1354
1 1496
1 197
1 1921
2 2376
2 1768
1 1743
1 1763
1 2230
2 2104
2 558
2 1562
2 581
1 684
1 196
1 19
2 1059
2 1957
1 829
1 1611
2 716
1 1226
1 2100
1 150
1 405
1 245
1 2194
1 542
1 836
2 1528
2 522
1 2337
1 1506
2 643
1 1029
2 1038
2 1966
2 1044
2 487
2 2467
1 2364
2 81
2 124
2 2143
1 1124
1 551
1 920
2 2522
1 2516
1 2079
1 659
1 2441
2 1555
2 1395
2 2058
1 549
1 2055
1 452
2 1276
1 634
2 1498
1 1932
1 1044
1 2252
2 1893
2 604
1 554
2 1571
1 733
1 779
2 99
2 261
2 664
1 230
2 1210
1 772
1 1546
1 1317
2 2286
2 1116
1 1011
1 222
1 788
2 1582
1 397
2 1330
1 2288
1 125
2 1441
1 2132
2 2322
1 127
2 1291
1 739
1 280
1 1479
1 2299
1 1339
2 1284
1 2091
1 1422
1 1625
2 606
1 443
2 2547
1 1548
2 1081
2 1587
1 1230
1 2456
1 1882
2 741
2 523
1 2424
1 1479
2 1062
1 451
1 5
2 1997
2 2213
1 2514
1 195
1 216
2 1856
2 1215
2 1001
1 1182
2 448
2 1364
1 784
2 987
1 2416
1 2548
1 1846
2 1589
2 2267
1 512
2 870
1 2121
2 389
2 943
1 1605
2 1255
1 2227
2 2097
2 1338
2 655
2 2190
1 1626
2 1819
2 1010
2 1535
1 74
1 1702
1 1222
2 1406
2 475
1 439
2 321
1 1425
2 1394
1 1055
1 174
1 20
1 1179
1 1303
2 1373
1 1201
2 1013
1 834
2 1505
2 2225
1 421
2 2180
2 2161
1 1663
1 2307
2 7
2 1724
2 2070
1 180
1 762
1 2266
2 2441
1 1409
1 2250
2 643
2 954
1 1975
1 601
2 1247
2 1556
2 468
2 1676
1 1382
1 1681
1 1696
1 384
2 2303
2 2061
2 919
2 39
2 951
1 2536
1 1698
1 1251
1 493
2 395
2 1195
2 1884
1 315
1 2074
2 544
1 2232
1 2400
1 2118
1 1597
2 786
2 1680
2 1560
2 2342
1 294
2 2446
2 2352
1 76
1 773
2 909
1 1405
1 2372
2 2043
1 2308
1 792
2 650
1 670
1 2229
2 673
2 2072
1 1242
1 1070
2 1671
1 11
1 447
2 1550
1 2223
1 1329
2 698
1 1145
1 902
2 720
2 2270
2 524
2 1090
1 1737
1 192
1 651
2 2059
1 907
1 2059
2 877
2 1399
1 2374
1 683
1 1007
2 2201
2 1206
2 404
1 2363
1 708
1 1298
2 728
1 1795
2 2291
1 777
2 1105
2 1461
1 2147
1 2010
1 1308
1 2430
2 1775
2 36
2 576
1 866
1 909
2 653
1 1641
1 276
1 819
2 616
2 1465
2 2529
2 1860
1 2003
2 613
2 1950
2 488
2 2207
2 1895
1 101
2 2026
1 2
1 510
2 968
2 1953
2 660
2 1891
1 2210
1 337
2 316
2 2212
1 486
1 955
2 1320
2 2501
2 1355
1 1413
2 2199
1 1725
2 88
1 2257
2 302
1 1427
2 1037
1 2284
2 1349
2 1032
1 1915
1 1531
2 2525
2 910
1 1824
2 1073
1 884
1 740
1 750
1 905
2 715
2 329
1 747
1 401
1 1983
1 1064
2 1818
1 991
1 1564
2 1576
2 1529
1 357
2 334
2 634
1 1253
2 1660
2 912
1 14
2 2299
2 1977
1 1412
2 969
2 560
2 15
2 2273
2 204
1 1904
2 1167
1 1211
2 690
2 1711
1 906
1 1575
2 1390
1 983
1 820
2 1259
1 1662
1 523
2 1073
2 1951
2 50
1 1558
2 1563
1 1190
2 686
2 540
1 1769
2 1252
2 401
1 2480
2 1806
2 275
1 2240
1 303
2 1858
1 675
1 2277
2 1968
1 1937
1 2532
2 1603
1 1570
1 839
1 2134
2 336
2 271
1 156
2 1352
1 570
1 965
1 476
1 696
1 564
1 572
1 1882
2 1277
1 2296
2 1502
2 437
1 1251
2 2158
2 2532
1 2349
2 1716
1 63
2 1064
2 1985
2 250
1 1232
2 2333
2 670
2 1022
1 2158
1 86
1 1742
2 2244
1 2127
2 2124
1 842
2 331
1 1349
1 2279
1 562
2 448
2 1628
1 758
1 406
2 1982
2 26
2 339
2 7
2 183
2 165
2 1441
2 2331
1 1491
2 722
1 856
1 1107
2 1831
1 211
2 2014
2 773
1 1067
1 1162
2 2069
1 753
1 186
2 23
1 2547
1 645
2 1267
2 459
2 2091
2 936
1 1950
1 775
2 1140
1 208
2 820
2 658
1 1712
1 347
2 189
1 971
2 1764
1 751
1 956
1 1529
1 680
1 506
1 2330
1 1481
2 1557
1 482
1 1170
1 2216
2 1071
2 1452
1 364
1 1246
1 2022
2 1991
1 1049
2 1543
1 1530
2 1358
1 2094
2 1350
1 1204
1 241
2 1681
1 1583
2 2155
1 1947
1 2476
1 1798
2 2524
2 1565
1 508
2 1196
1 1400
1 1147
2 1121
2 1553
2 1936
1 1704
2 216
2 2487
1 2040
2 802
2 826
2 18
1 1272
1 682
2 1224
2 1514
2 399
1 1030
1 1090
2 1405
1 513
1 185
1 854
1 524
1 1000
2 1366
1 1398
2 1899
2 1756
2 1069
2 1194
2 2493
1 2430
2 1769
1 669
2 1796
1 1889
1 1680
1 2540
1 2009
1 420
2 1953
2 1476
1 2177
2 455
2 1886
2 1892
2 2138
1 835
1 585
2 157
2 960
2 2429
1 2228
2 1996
2 116
1 1289
1 1810
2 1602
2 2075
2 1304
2 86
2 84
2 1674
1 1980
2 73
2 595
1 937
2 2396
2 1040
2 1710
2 1093
1 1930
2 199
2 2242
1 672
2 1111
2 1820
2 162
1 2255
1 689
1 2511
1 1778
2 2212
1 1423
1 1618
2 912
2 1290
2 166
1 1186
1 953
1 31
1 1468
1 1868
1 2086
2 209
2 645
2 2168
1 2348
1 1543
1 1021
1 409
2 437
2 193
2 2119
1 687
2 858
1 1754
2 969
2 778
1 1094
2 2245
1 2159
1 514
2 1581
2 1926
2 67
2 1346
1 475
2 1905
2 120
2 1153
2 158
1 1611
1 2165
1 2092
1 371
2 757
1 1987
2 2270
1 635
1 1592
1 2191
2 2510
1 1922
1 353
2 2476
1 233
2 1803
1 2197
2 1980
1 2401
2 1216
2 860
2 201
1 2443
1 1608
2 2545
2 822
1 1971
1 2278
1 1151
1 1327
2 2012
2 2148
1 56
2 2302
2 553
1 976
1 40
1 1056
2 6
1 310
1 254
1 2509
2 795
1 441
1 1400
2 478
1 1641
1 1092
2 1232
2 908
2 1229
2 963
2 387
1 1900
2 1263
2 847
2 254
1 1872
2 2185
2 1496
2 1214
1 1503
1 1384
1 2057
2 2236
2 2276
1 2388
2 55
2 1113
2 1933
1 1653
1 138
1 547
1 1897
1 442
2 1999
2 543
2 627
1 1428
1 736
2 1915
1 297
1 1875
1 527
2 1498
1 212
2 1057
2 1401
1 1413
2 109
2 2182
2 1662
2 2387
2 1156
1 2196
1 2346
1 657
1 705
2 945
2 1197
2 2525
1 23
1 1753
2 1265
2 330
1 1102
2 1840
1 640
1 689
1 501
2 2292
2 538
1 2183
1 1459
2 1709
1 1247
1 2122
1 188
2 1832
2 2339
1 939
1 2102
2 1695
1 220
2 2144
2 1287
2 833
2 536
2 738
1 2175
2 462
2 1988
1 831
2 1863
1 1058
1 1967
1 1828
2 1649
2 2480
2 1177
1 938
2 474
1 1466
1 971
2 541
2 1580
1 1127
2 175
2 1590
1 404
2 993
1 1816
1 2000
1 948
2 1122
1 889
2 942
2 1366
1 460
1 242
1 83
1 2149
2 2202
1 983
2 16
2 1713
2 123
1 1486
2 1596
2 122
1 768
1 2326
2 503
1 170
1 904
1 247
2 578
2 1524
1 1856
2 259
1 1573
2 2245
1 1972
2 469
1 1956
2 2206
2 1288
1 807
1 1482
1 702
1 1688
1 90
1 1043
1 2283
2 828
1 2143
2 1580
2 1246
2 2089
1 1619
1 2184
2 1530
1 4
1 984
2 1135
2 1966
2 2297
2 338
2 2329
1 1429
1 60
2 836
1 231
2 809
1 1870
1 2130
2 2426
2 2494
2 2431
1 1551
1 843
2 618
1 840
2 2357
1 943
2 1965
1 440
1 187
1 1581
1 1163
1 2065
1 101
2 2117
2 1618
1 1271
2 47
1 518
1 442
1 2350
1 2073
2 1839
2 470
1 288
1 574
2 1191
1 1324
1 243
1 1464
1 213
2 1916
1 573
2 952
1 418
2 806
1 1120
2 1280
1 2047
1 1595
2 1391
2 240
1 945
2 2389
2 398
2 2040
1 1454
1 2409
2 48
2 1664
1 610
2 318
1 2038
2 2051
1 2067
2 441
1 1732
2 163
2 413
2 2123
1 2030
2 808
2 135
1 69
1 1353
1 1174
2 2168
2 320
1 1109
2 2067
2 306
1 974
1 1163
2 746
2 510
1 1514
1 798
1 1038
1 529
1 1589
1 87
1 1370
1 2284
2 220
1 1283
1 402
1 1777
1 2277
1 1619
2 761
1 589
1 2280
1 2316
2 2351
1 1516
1 1158
2 1453
2 2363
1 22
1 2141
2 2207
1 31
2 1643
2 2511
2 346
1 2544
1 1848
2 2305
2 2259
2 1270
1 684
2 1993
1 816
1 1767
1 793
2 97
2 1857
2 1167
2 166
2 600
1 1560
1 1565
2 1685
1 1978
1 313
2 1774
1 310
1 2396
2 1417
1 1348
1 1171
2 1019
1 2235
1 1294
1 629
2 1648
2 1891
2 345
2 2050
2 1494
2 1190
2 1030
2 1173
1 221
1 1006
2 154
1 292
1 106
1 1686
1 484
1 248
2 1449
1 850
1 824
2 489
2 1156
2 368
2 1793
2 2362
2 654
1 1746
2 1417
2 1605
1 587
2 2370
2 977
1 67
2 743
1 1797
1 1065
2 1235
2 2502
2 2403
1 2114
2 13
2 2395
1 867
1 597
1 1139
1 879
2 52
2 1184
2 138
1 1332
1 1161
2 2254
1 1591
2 1792
2 461
2 785
1 1368
1 1410
1 259
2 2021
2 2379
1 1536
2 1664
1 901
1 1042
2 1269
1 1886
1 1676
1 55
2 2335
1 75
2 353
2 671
1 770
2 1333
2 1341
1 2264
2 1913
1 2424
1 1059
2 1675
1 1241
2 1039
2 951
1 2077
1 2195
1 2373
1 649
2 1264
1 363
1 1965
1 2423
1 913
2 2061
1 1794
2 111
2 1383
2 1721
1 874
1 631
2 1861
2 804
1 1295
2 535
1 1165
2 1141
2 155
1 668
1 2314
2 746
1 1042
1 2309
2 1185
2 383
2 1337
1 926
2 2077
1 88
2 1411
1 1659
1 628
2 1751
1 2545
1 2465
1 972
1 1445
2 285
1 927
1 1739
1 2008
2 1964
2 2129
2 1488
2 1577
2 2069
1 1677
2 178
2 1616
2 679
1 2412
1 871
2 34
2 1285
2 490
1 1970
2 651
2 1325
2 2092
2 1103
2 1689
1 1764
1 1620
2 766
1 592
1 1060
1 1766
2 43
2 1783
2 440
1 918
1 2185
2 2431
2 2078
2 1544
1 818
2 1468
2 1456
1 1043
1 1435
2 355
2 438
1 2246
1 365
1 1724
2 779
1 2435
2 1131
1 242
1 1907
1 152
2 1332
2 1306
2 737
2 2428
1 472
2 924
1 612
2 2327
1 303
2 519
1 1515
1 1219
2 1873
2 2397
1 1125
1 1311
2 887
2 1643
2 1157
2 1917
2 2500
2 1362
1 1511
1 2049
2 2272
2 891
1 1874
1 873
1 928
2 1068
2 95
2 1642
1 517
1 872
1 1079
2 1912
1 2455
2 221
2 197
2 2368
1 74
2 1159
2 2421
1 134
2 2522
1 491
2 1892
2 274
2 2145
1 1854
1 64
2 2142
1 1792
1 686
1 1237
2 240
1 1715
2 176
2 825
1 1431
1 1425
1 1252
2 718
1 732
1 851
1 929
1 2442
2 1372
2 1973
1 22
1 787
2 75
2 1729
1 1010
2 783
2 428
2 2329
1 1809
1 2026
1 1448
1 505
2 2149
1 2211
1 234
1 1815
2 2281
1 699
2 2193
2 863
1 1290
2 636
1 218
2 1807
1 1875
1 184
1 1765
1 1610
2 1219
1 1505
1 485
2 1998
2 131
1 963
2 1032
2 178
2 2056
2 1918
1 1320
1 399
2 1718
1 1748
2 620
2 2360
1 1264
1 1234
1 118
1 1012
1 2140
2 269
1 891
2 2160
2 2198
2 456
1 1493
2 1979
1 514
2 1791
1 824
2 224
2 2321
2 1489
1 724
2 625
1 205
1 2500
2 1947
2 717
1 1706
1 1017
2 1811
1 2481
1 975
2 1070
2 1747
2 11
1 939
2 2297
1 1006
1 1895
2 1500
1 432
1 1959
2 1512
1 1448
2 1141
1 2090
2 992
1 1931
1 2538
2 435
2 1612
2 872
2 727
1 693
1 1312
1 233
2 266
1 439
1 92
2 267
2 386
1 330
2 1854
2 1800
1 1668
2 2384
1 2473
1 1809
1 965
2 2335
2 2233
2 791
1 2105
2 2113
2 2187
2 130
2 2530
1 1526
2 2078
1 304
1 556
2 761
1 1115
2 825
1 286
2 1299
2 2229
2 2161
2 597
1 1015
1 606
1 1772
1 1050
1 2263
2 1080
1 1426
1 2118
1 1075
2 995
2 2308
2 1293
2 713
2 2309
1 1866
2 1260
1 1095
2 2328
2 2418
1 1305
1 1919
2 1526
1 1401
2 797
2 1955
1 1223
1 655
2 1889
1 2286
1 1016
2 1357
2 1849
2 2398
2 1835
2 1423
2 599
2 2157
2 2241
1 2162
2 2247
2 1575
1 1612
1 1992
2 2109
2 249
2 2074
2 2237
2 1463
2 2488
2 1660
1 1216
1 171
2 683
1 489
1 2046
2 1419
2 2254
2 817
1 466
2 311
2 2119
2 1055
2 370
1 1909
2 1521
1 2213
1 1077
2 1949
1 528
1 1424
2 2231
1 933
2 498
1 314
2 203
1 1102
1 1359
1 1097
2 1761
2 2221
2 622
1 1451
2 1559
2 2219
2 1954
2 1403
2 1726
2 2231
1 1381
1 458
1 2021
1 1323
1 379
2 43
2 1928
1 619
2 1369
2 1218
1 1599
1 660
1 1976
2 875
2 1091
2 1517
1 725
1 642
2 1687
1 2063
1 2035
1 2268
2 2081
2 1048
1 1789
2 1642
2 1687
1 1344
1 2089
2 281
1 787
1 657
1 265
2 1031
1 1128
1 1727
2 173
2 2425
1 1672
2 1078
1 531
1 1440
2 484
2 2172
2 1622
2 2226
2 1144
1 922
2 347
2 1520
2 1360
2 997
2 2425
1 1747
1 1685
1 637
1 1143
2 1171
1 1558
1 1085
2 13
1 636
1 2464
1 362
2 1745
1 1669
1 895
1 1692
2 91
2 200
2 1146
1 548
2 2041
1 947
2 2156
1 1080
2 1590
2 1941
1 250
2 672
1 268
2 566
2 492
1 1345
2 2427
1 1126
2 2057
1 433
2 747
2 1157
2 1140
2 434
1 952
2 238
1 2269
1 2302
1 2534
1 2467
2 56
2 588
2 2380
2 1675
2 344
1 1791
1 1637
2 831
2 1657
2 2385
2 1452
2 2315
1 2232
1 2115
1 896
1 2324
2 2320
2 1132
2 838
2 874
2 1443
1 351
2 1830
1 704
2 1731
2 1279
1 227
1 2170
1 1649
1 393
1 748
2 2250
2 530
1 501
2 139
2 1808
1 215
2 1569
1 735
2 368
1 2466
2 1378
2 2479
2 2531
1 2358
2 137
1 223
1 2419
1 483
2 2093
1 1665
1 2045
2 914
1 946
1 2082
2 981
1 953
2 46
2 1604
2 742
2 1609
2 2251
2 235
2 722
1 1788
2 1207
1 361
2 1916
2 1116
2 2395
1 2234
1 583
1 1430
2 1504
1 1058
2 1438
2 2174
1 696
1 2163
1 841
2 1925
1 994
1 806
2 869
1 862
2 2462
1 1183
2 2416
1 1353
1 576
1 289
1 122
2 1189
2 2544
1 810
1 2459
2 2543
1 728
1 1377
1 1136
2 776
1 80
2 2343
1 714
2 2132
2 2041
2 1056
1 2274
2 1294
2 1395
2 2453
1 244
1 2214
2 5
1 1779
2 355
2 364
2 1648
1 768
1 1220
2 431
1 2426
1 2377
1 1488
1 326
1 390
2 2096
2 620
2 2060
2 2314
1 1292
1 1691
2 1515
2 2437
1 1787
2 1018
1 100
2 1014
2 285
2 921
1 2142
2 2474
2 886
2 674
1 2438
2 709
1 45
1 304
1 377
1 377
2 2504
1 1205
2 758
2 30
2 1177
1 1871
2 2366
1 718
2 326
2 1142
2 2127
2 646
1 1781
2 1762
2 1750
1 1187
2 962
2 1776
1 38
1 374
1 1613
1 838
1 1472
1 223
1 416
1 1175
1 1178
2 736
1 627
2 35
2 675
2 1513
2 1787
2 2064
1 1000
2 1858
1 121
2 2224
2 350
2 1830
1 1415
2 1706
1 990
2 755
1 1825
2 1629
1 1907
2 2490
1 1853
2 1814
2 1845
2 1161
2 2520
2 2288
1 695
1 1111
1 2527
2 1348
1 1628
2 1310
1 2224
2 396
1 1533
2 194
2 2367
