5100 7500
2 1085
1 1908
1 1483
2 1912
1 1414
1 62
2 526
1 215
2 994
1 1257
1 737
2 943
1 1848
1 1056
1 1708
2 1478
2 383
2 1197
1 1349
2 389
2 1656
2 1909
1 1520
1 598
1 1731
2 1346
1 4
1 1972
2 458
2 1105
1 1420
1 309
1 377
2 2030
1 684
1 276
2 881
2 163
1 1303
1 1464
1 511
2 1348
1 706
1 1205
1 1670
1 2154
2 1674
2 1421
1 265
1 837
1 2365
2 2508
1 928
1 2443
2 945
1 1589
2 1194
1 596
2 2437
2 693
2 2446
2 441
2 858
2 1877
2 2170
2 206
1 135
2 1407
2 1220
2 2375
1 1841
1 448
2 490
1 648
2 1072
1 2017
1 110
2 250
2 707
1 394
2 1909
2 171
2 3
1 2186
1 2006
1 1936
1 1750
2 378
2 2167
2 864
1 349
1 392
1 1015
2 930
2 572
1 755
1 1078
1 2491
2 686
1 1649
1 898
1 2500
2 1715
2 1049
2 2476
1 1005
1 1248
1 1836
1 1204
1 86
2 1988
2 268
1 281
1 1268
1 1039
2 2022
2 1370
2 820
2 227
2 1342
2 1026
1 1698
2 51
1 1557
1 2466
1 2238
1 918
1 1729
1 1383
2 609
2 95
1 1580
2 1147
2 1002
1 1143
2 2539
1 1448
1 1344
1 2053
1 1189
2 2483
2 211
2 1115
1 1232
1 2292
2 1353
1 1676
2 1837
1 1796
2 1602
1 1104
1 2414
1 1959
1 1669
2 2380
2 1452
2 39
2 45
1 1950
1 395
2 42
1 163
1 1903
2 253
1 1991
2 1403
1 1740
1 886
2 1591
1 2168
1 1375
2 2344
1 374
2 1682
2 1894
1 1363
1 1451
1 493
1 845
1 1974
2 2289
1 2325
1 2213
1 504
1 2470
2 1766
2 1831
2 661
1 414
2 69
2 1360
1 1150
2 2402
1 2075
2 251
1 309
1 1094
2 926
2 785
2 2186
2 668
2 1148
1 870
2 257
2 749
1 1121
2 271
2 841
2 2122
1 49
2 2113
1 506
1 397
1 2085
1 861
1 1217
2 690
2 1050
1 1108
1 1327
1 2406
2 2101
1 2190
2 1840
1 2388
2 1836
2 1081
1 1143
1 2431
1 522
2 2410
2 464
2 1307
1 1477
1 1987
1 1619
1 2091
1 652
2 1879
2 1412
2 1237
2 803
2 1444
1 2487
2 117
1 657
1 1714
2 198
1 412
2 795
2 1095
2 1425
1 335
1 1847
1 358
2 1816
1 972
1 1520
1 2333
2 797
1 1627
2 1118
2 679
2 1272
1 136
2 258
2 1378
2 125
2 2241
2 98
1 2244
2 802
2 1848
2 761
1 1260
2 1983
2 1227
1 304
1 687
1 1897
1 945
2 1755
1 600
1 1631
2 896
1 659
2 1781
1 47
2 1795
2 354
2 2156
1 988
1 2227
2 1027
2 81
1 1491
1 669
1 754
1 1875
2 2326
1 1374
1 393
1 2332
2 2059
2 1736
2 1357
1 1939
1 663
1 374
1 2046
2 2419
2 155
2 710
2 512
1 2066
2 1685
1 18
2 2243
2 1434
2 1232
2 968
2 614
2 1421
2 2066
2 723
1 2411
2 252
1 328
1 633
2 1258
1 496
1 1843
2 1466
2 1266
1 1418
1 175
2 2389
2 2049
1 733
2 1157
2 1410
2 2171
2 2016
2 433
2 544
1 1851
1 1663
1 173
2 551
1 1463
2 1415
2 1313
2 1057
1 447
1 1574
2 1501
1 837
2 302
2 2076
1 2351
1 1501
1 1868
2 2282
2 70
1 2135
2 888
1 1584
1 1928
1 494
1 956
1 786
1 562
1 1659
2 65
1 2082
2 1650
1 157
2 930
2 2374
1 1642
2 953
1 436
1 164
1 1070
1 2209
1 1888
2 1203
1 2548
1 1619
2 2153
2 483
2 1659
1 1207
2 2432
2 1087
2 1034
1 235
1 1392
2 166
1 1325
1 757
2 1641
1 308
2 32
1 2485
1 1833
2 1496
2 1855
2 1753
2 106
1 2299
1 1150
1 259
2 1554
1 2190
2 2124
2 416
2 869
2 949
2 808
1 272
2 2319
1 2083
2 1387
1 848
1 1546
1 1897
2 2211
1 238
1 1581
2 408
2 1924
2 1064
2 2525
1 732
1 4
2 1916
1 931
2 775
2 1542
1 2513
1 2175
1 529
2 1542
2 2268
1 882
1 826
1 1773
2 946
1 1791
1 965
2 1055
1 2003
2 405
1 1721
1 1213
2 2028
2 1916
1 1789
2 2244
1 2054
1 1009
1 1153
1 243
2 1750
1 868
2 118
1 1553
2 28
1 1784
2 892
2 2231
2 1842
2 1798
2 307
2 1127
2 111
1 2450
2 2381
1 1770
1 1175
1 2511
2 1441
2 2037
1 1140
2 1555
1 95
2 2011
1 2520
1 287
1 1582
2 134
1 338
1 1373
1 1201
1 1596
1 35
1 677
1 905
2 2020
2 464
1 1335
1 1095
1 852
2 266
1 2517
2 1040
1 1586
1 1860
2 2131
1 1278
1 298
1 1775
1 2312
1 582
1 1910
1 386
2 1405
2 324
1 570
1 2026
1 1965
1 2538
2 1661
1 279
2 2242
2 1406
2 2398
1 87
1 1819
2 901
2 939
1 2484
2 1740
1 2371
1 481
1 1618
1 1695
2 2227
2 1300
1 1073
2 1496
2 840
2 1454
2 2485
2 1344
2 2451
2 1367
1 489
2 1262
2 1587
2 2110
2 713
1 26
2 1811
1 2296
1 2138
2 2439
2 1208
1 1811
2 1973
2 1411
1 923
1 2367
2 2296
1 1052
2 1437
2 2000
1 1372
2 14
1 1180
2 2170
1 1771
1 2397
1 1381
1 1709
2 1049
2 123
1 1119
2 1432
2 891
1 1296
1 427
1 219
1 2353
2 1466
2 1396
2 1839
1 398
1 184
2 2349
2 772
2 1443
1 1669
1 411
2 1494
1 326
2 370
2 748
1 1678
2 2468
1 343
1 856
1 560
1 1494
2 265
1 2313
1 766
2 2282
1 2228
1 1756
1 1862
1 407
1 947
1 1591
1 1509
2 336
2 1247
2 651
1 2320
2 910
2 1751
1 671
1 205
2 411
2 2301
2 973
2 754
2 736
1 1525
2 1966
1 1796
1 287
2 1519
1 2150
1 1500
2 740
2 226
1 243
1 780
1 274
2 580
1 486
2 1360
2 1649
1 1624
2 2307
2 1188
2 1371
1 1765
2 947
1 182
2 875
1 1497
2 391
2 558
1 471
1 1812
1 2226
1 942
2 1911
2 2496
2 1065
1 1347
2 1177
2 350
1 663
2 813
1 345
1 1616
2 2350
2 315
1 725
2 634
1 2194
2 2390
1 2511
1 527
2 413
1 16
1 1779
2 2112
1 2078
2 1110
2 972
1 2409
1 1397
1 1275
2 1297
1 2537
1 1492
2 284
1 367
2 105
1 605
1 2473
1 2187
1 2201
2 1580
1 2330
2 1106
1 1803
2 1569
2 1536
2 2472
1 2229
2 2030
1 1088
2 319
2 690
1 1473
2 1978
2 1093
2 1254
2 860
1 1079
1 2412
1 1749
1 50
1 455
2 2132
1 454
2 744
1 2141
1 1526
1 1666
2 1013
2 1990
2 1507
2 693
2 1974
2 52
1 68
1 896
1 1413
2 34
1 2473
2 702
2 1359
2 484
2 1823
2 2188
1 2472
1 546
2 2497
1 1474
1 1922
2 711
1 467
1 1722
1 1240
1 1492
1 1481
1 1599
2 2230
1 1656
2 581
2 993
2 2361
1 459
2 46
1 1718
2 1308
1 927
1 901
1 2013
2 1126
1 281
1 65
2 1711
2 768
1 838
2 147
1 589
2 1495
1 340
1 2126
1 2247
2 877
2 1298
1 1177
2 143
2 1573
2 57
2 1219
2 801
1 815
2 2118
1 1546
1 621
2 2302
1 549
2 2147
1 1183
1 2031
2 1350
1 2338
1 2541
2 1219
2 1934
2 444
2 214
1 1518
2 1359
1 295
2 1000
2 1838
1 2368
2 262
1 400
1 349
2 2471
2 943
1 715
1 840
2 254
1 849
1 642
2 760
2 550
1 2079
1 114
1 1481
1 1552
2 2355
1 1799
1 144
1 83
2 1398
2 564
2 2521
2 1159
1 1652
2 1975
2 1566
1 487
2 329
1 112
2 1981
1 2128
1 2482
1 1061
1 1187
2 1321
1 2488
2 68
1 2273
2 2096
1 224
2 1136
1 221
2 752
1 1289
1 1688
1 441
2 2489
1 843
1 1247
1 1904
1 1922
1 975
1 2160
1 2425
2 556
1 577
1 2140
1 1686
2 279
1 1664
1 1899
2 133
1 767
2 1369
2 120
1 1087
2 30
2 2313
1 2542
1 2390
1 2516
2 2056
2 1987
2 1738
1 442
1 2429
1 176
2 1839
1 551
2 1956
1 352
2 2078
2 905
1 1951
1 2263
1 2547
2 2144
2 2426
1 1518
1 592
1 160
2 876
1 1535
1 733
1 303
2 1549
2 1797
1 1696
2 553
2 361
1 1519
2 933
1 2220
1 1454
1 446
2 1623
1 388
1 1243
1 1957
2 2509
2 1784
1 2093
1 798
1 1971
2 2374
2 870
1 1658
1 2201
1 1778
1 1224
1 1189
1 415
2 1389
1 548
2 631
2 1343
1 1792
1 400
1 1723
2 2515
1 624
1 1356
2 1476
2 1336
1 921
1 885
1 443
1 518
2 166
2 215
2 2301
1 368
1 15
1 538
1 1052
2 1153
2 1086
2 1503
1 1004
1 2162
2 1528
2 1312
1 94
1 246
2 376
2 552
2 1928
1 2430
2 533
1 1305
1 808
2 1075
1 1532
1 305
1 1204
2 2120
2 1061
2 91
2 384
1 2071
2 1913
2 1734
1 743
1 2493
1 2098
2 1741
2 632
1 2462
1 10
1 818
2 1272
1 1071
1 2454
2 288
2 1658
1 1297
2 2504
2 1970
2 41
1 1067
2 7
1 809
2 533
1 1754
1 1734
2 1047
2 520
1 929
2 842
2 120
2 2087
2 1671
1 2328
1 234
2 419
2 2386
2 1475
1 1307
1 2050
2 1531
1 1767
2 1156
1 2175
1 1997
1 1071
2 1776
2 1332
1 78
2 1190
1 924
2 255
2 720
1 545
2 47
1 187
1 1483
2 612
1 213
1 2357
2 2517
1 430
2 595
1 2094
1 1574
1 2214
1 1742
2 708
1 2452
2 178
1 1844
2 1450
2 825
2 580
2 834
1 151
1 1774
2 591
2 2197
1 2392
2 1331
1 938
2 2346
2 2169
2 573
2 2291
2 1373
2 1044
1 697
1 1058
1 1168
1 1401
2 1805
1 836
2 1103
2 2039
2 1298
1 492
2 786
1 2422
2 1166
2 515
2 1672
1 968
2 1991
2 2292
1 1938
2 547
1 929
2 1935
2 1662
1 1832
2 2171
2 932
2 704
1 1948
1 1575
2 718
2 2405
2 405
2 2142
1 515
2 1924
2 2168
2 674
2 2015
1 172
2 2376
2 2177
1 1711
1 835
1 958
2 1583
2 1567
1 1538
1 2221
1 2501
2 203
1 2365
2 2530
1 1374
2 460
1 1851
2 1814
2 1999
2 2528
2 517
2 783
2 2038
1 616
1 244
1 463
2 396
1 910
2 376
2 1414
2 2309
2 1593
1 852
2 688
1 1032
2 1737
1 2307
2 1977
2 664
2 103
1 354
1 401
1 440
1 1743
2 1044
2 2045
1 1818
2 337
1 18
2 1172
2 564
2 178
1 763
2 871
1 950
2 873
1 1258
2 2007
1 510
2 1884
1 1762
2 807
1 747
2 543
2 373
1 1152
2 1249
1 48
1 761
2 1647
1 860
2 146
1 673
2 1198
2 1755
1 734
1 1874
1 32
1 1882
1 1007
1 744
2 122
2 220
2 2379
2 1281
2 348
1 2131
1 2312
1 2518
1 1855
1 210
2 356
2 1989
1 1686
1 1820
1 1162
1 2246
1 833
2 630
2 765
2 665
2 964
2 1408
1 615
2 305
1 445
1 1038
2 872
2 1262
1 2410
1 900
1 1799
2 459
1 121
2 1025
1 1821
2 2161
2 892
2 647
1 2305
1 1055
2 314
1 578
2 2327
1 59
2 2408
1 1380
2 1699
2 1318
2 1004
2 2012
2 148
1 1642
2 395
1 602
2 1920
1 161
1 2263
1 44
1 1480
2 1163
1 1291
1 2341
1 863
1 2209
1 630
1 975
2 458
1 1567
2 1982
2 890
2 195
1 1989
1 2425
1 1102
1 1390
1 2287
2 1160
1 1810
2 1794
1 1502
1 707
1 188
2 1137
2 2019
1 625
1 33
2 2284
2 567
2 2435
2 207
2 24
1 347
1 438
2 712
2 1267
2 1393
1 2471
2 1760
1 1814
1 1147
1 1639
1 1462
1 2499
1 899
2 1859
2 1485
2 1043
2 2151
1 1098
2 1486
1 121
2 2254
2 1322
1 1748
1 1612
1 461
1 1883
1 713
2 1865
2 443
1 599
2 2152
2 1498
2 1285
1 1439
2 588
1 81
2 811
2 541
1 649
2 2011
2 277
2 1237
2 495
1 499
2 384
2 2503
1 2316
2 539
2 1059
2 1516
2 1657
1 1622
1 216
2 776
2 942
1 2279
1 1176
2 153
1 179
2 627
1 1101
2 1610
1 1455
2 2024
1 682
1 1705
1 2384
1 679
2 2229
2 735
1 1396
1 1845
1 1139
1 626
2 1739
1 1896
2 1521
2 986
1 1094
2 7
2 313
1 2006
2 995
1 2332
2 77
1 2324
1 2377
1 518
2 2396
2 2106
2 1329
1 1515
2 428
1 1399
1 960
2 420
1 1512
1 646
2 1193
2 38
1 1594
2 2152
1 1537
1 1984
1 336
1 2303
2 2213
2 1485
1 1212
1 758
2 2158
1 2082
1 1892
1 2226
1 474
2 678
2 2260
1 1798
1 992
2 168
1 1024
2 2352
1 365
1 1959
1 715
1 2203
2 338
2 261
2 2331
1 1263
1 1650
2 2418
2 379
1 1296
2 2550
2 1410
1 1264
1 2047
1 192
1 119
2 1500
1 521
1 254
2 1541
2 610
1 2420
2 1729
2 2173
1 177
2 1918
1 2130
1 2444
2 1588
1 2523
1 534
1 2166
2 2298
2 2257
1 1977
1 55
2 641
2 424
2 1146
2 954
1 1625
2 674
2 39
1 1230
2 1409
1 513
2 2403
1 42
1 668
1 582
1 1629
1 50
1 1611
1 1018
1 171
2 2115
2 115
1 1192
2 208
2 2220
2 1717
2 1317
1 1539
2 1773
1 1869
1 2167
1 1142
2 323
2 757
1 1790
2 1310
1 1623
1 728
1 1893
2 654
1 472
2 1378
1 775
1 2161
2 2450
2 1873
2 951
1 985
2 1969
1 959
2 2194
1 432
2 826
1 80
1 1858
1 1456
2 536
2 1388
2 1590
1 1920
2 1716
2 1281
1 2329
2 495
2 2457
1 1859
2 1824
2 1571
1 2027
2 789
2 1997
2 817
1 909
1 2222
2 2179
2 1710
1 1440
1 1879
1 1256
2 1384
1 140
1 686
1 792
1 399
1 879
1 1942
1 1601
1 2490
1 144
2 811
2 437
2 1427
2 156
1 1186
1 827
1 2272
1 48
2 2089
1 321
2 853
2 2257
2 2159
1 2496
1 22
1 1581
1 62
1 1187
2 1529
2 1570
1 2299
2 2347
2 418
2 1634
1 772
2 1171
2 1010
1 692
1 1419
1 2033
2 503
2 1691
2 100
1 1286
1 1846
2 290
1 2077
2 2207
1 2507
2 675
2 2207
1 1544
1 20
2 190
2 1387
1 1795
2 2039
1 1870
1 2045
1 2235
2 601
2 107
1 2549
1 358
2 2
1 375
1 2416
1 1976
2 610
2 922
2 267
1 2267
2 1003
2 511
2 1504
2 369
1 1088
1 325
2 410
2 752
2 1459
1 981
2 573
2 1112
1 709
2 567
2 1716
2 2393
1 2405
1 827
2 2285
1 691
2 252
2 1482
2 853
1 2399
2 1495
1 1585
1 2544
2 1508
1 200
2 2111
2 867
2 1724
1 2467
2 89
2 1445
1 1984
2 738
2 1935
2 1038
2 2533
2 75
2 437
2 2157
1 1229
2 1968
1 585
1 1488
1 1787
1 449
2 2456
2 442
2 1996
2 1248
2 256
1 179
2 145
1 2259
1 429
2 1116
2 2338
2 1228
1 193
1 1200
2 1144
1 650
1 339
1 386
1 2123
1 1671
2 902
1 1366
2 1998
2 2001
1 452
2 446
1 1355
1 2249
2 779
2 2443
2 2360
1 2507
2 2137
2 2378
1 1050
1 1273
1 2159
2 834
1 1647
1 874
1 1749
1 1677
2 372
1 2323
1 470
1 579
2 304
1 2440
1 1020
2 2270
1 1550
1 1876
1 1277
1 1060
2 2335
1 2534
2 903
1 710
2 341
1 1271
2 618
2 1721
1 1592
2 2233
2 1835
1 1878
2 593
2 1015
2 327
2 1326
2 40
2 2208
2 506
1 2505
2 1127
1 2259
2 1523
1 125
1 1551
1 2252
1 922
1 523
2 1383
1 289
1 2158
2 1042
1 2436
1 266
2 2191
2 678
1 1067
1 981
1 10
1 2321
1 64
1 636
1 1572
1 2096
2 659
1 1822
1 2103
2 1998
2 1905
2 314
1 291
2 1128
2 277
2 1089
2 1326
2 2395
1 964
1 1404
2 729
2 2027
1 473
1 1583
1 1522
2 357
1 471
1 29
2 2056
2 2121
2 2404
1 1661
1 2165
2 2251
2 1364
1 2050
1 1118
2 2160
1 2536
1 2398
2 2357
2 1091
1 716
1 629
2 1683
2 919
1 444
2 467
2 2252
1 2065
2 747
1 937
2 1900
1 528
2 1876
2 791
1 1287
2 1184
1 1354
1 575
1 2253
1 478
2 1540
2 263
1 1945
1 1801
2 457
2 1706
1 2094
1 1903
1 1838
1 1165
2 1173
2 1099
1 2034
1 1938
1 2498
1 875
1 1956
1 1621
2 2510
1 689
2 382
1 1629
1 1947
1 2479
1 1569
2 1001
2 2198
2 2014
1 1579
2 2172
1 83
1 1995
1 1328
2 1473
2 684
2 764
1 1622
2 596
2 1594
2 709
1 1314
2 1305
1 1356
1 1550
1 2148
2 2195
1 2143
1 798
1 1347
1 777
1 613
1 2372
2 1726
2 566
2 2308
2 1489
1 2284
1 126
1 568
1 651
1 2304
1 821
2 701
2 2139
1 296
2 1231
1 712
2 1946
1 838
1 1158
2 1129
1 2266
2 165
2 2544
2 1092
2 830
2 741
2 2063
2 544
2 1468
1 1249
2 1586
1 1239
2 889
1 762
1 1533
2 635
1 2136
2 523
1 2375
2 359
1 2164
1 649
2 2311
2 1218
1 434
1 160
2 173
1 2404
1 1927
1 1725
1 363
1 1426
2 2137
2 2526
1 1895
1 2228
1 1314
2 578
2 422
2 143
2 2285
2 750
1 1101
1 593
2 530
1 186
1 643
2 2351
1 481
1 468
1 672
1 2343
2 145
2 1940
1 1030
2 2491
2 2031
2 1351
2 2060
1 1645
1 1739
2 1169
2 1653
1 177
2 2373
1 1559
2 310
1 75
1 1084
2 1588
2 2336
1 540
2 43
2 743
1 2545
1 2023
2 270
1 404
1 194
1 2380
2 621
2 1335
2 450
1 127
2 716
1 587
1 1482
1 2373
1 1230
1 528
2 505
2 745
2 245
2 1051
1 1595
1 941
1 449
2 345
1 1856
1 720
1 238
1 2305
1 2203
2 650
2 2199
1 70
2 2217
1 1810
2 1112
1 2465
1 1843
1 1502
2 2460
1 97
2 1223
2 626
2 2271
1 2369
2 868
1 1235
1 1745
2 1626
1 1006
1 1079
2 2124
2 19
2 1215
1 1988
1 1394
2 911
1 616
1 480
2 1757
2 16
2 2534
2 769
2 1246
2 887
1 1560
1 217
2 2378
1 1883
1 1041
1 1643
1 1603
1 1961
1 2385
1 2372
2 24
1 1385
1 1196
1 2441
2 2327
2 2166
1 1077
1 2243
2 2420
2 427
1 1888
1 1062
2 2223
2 1774
2 517
2 949
1 1255
2 804
1 2447
1 1806
2 1684
1 1210
2 1503
1 1575
1 1598
1 2293
1 423
2 2262
1 310
2 1174
2 2300
1 2102
1 1871
1 1967
2 1747
1 912
2 640
2 2321
2 2223
2 1145
1 138
2 1169
1 1158
1 1400
1 84
2 2037
1 435
2 1944
1 2051
1 1804
2 776
1 1690
1 365
1 108
2 1978
2 2394
1 151
2 1702
2 2274
1 1662
1 923
1 1744
2 883
2 558
2 967
1 787
1 2117
2 611
2 778
1 2455
1 946
2 1361
2 1279
2 1825
1 223
2 2411
1 362
1 2091
2 525
2 1479
2 294
2 546
2 1324
2 1932
2 387
1 257
2 1054
2 1655
1 477
1 1614
1 1245
2 372
2 727
1 698
2 1437
2 85
2 1792
1 859
2 2531
1 1445
2 717
1 353
1 2412
2 1444
1 242
2 1162
2 2118
2 762
1 318
1 1653
2 2289
2 373
2 59
2 2322
2 548
2 2051
1 1962
2 322
1 249
1 598
1 1201
1 1096
1 1607
1 687
1 2429
2 1566
2 329
2 1191
2 988
1 796
1 1921
1 1199
2 595
2 1195
1 2085
1 777
1 1191
2 380
2 2013
1 2191
2 2122
1 907
1 2401
2 869
2 832
2 1867
2 222
2 513
2 783
1 1913
1 571
1 2358
1 2438
2 760
2 966
2 1093
1 1675
2 1818
1 1806
2 301
1 1436
2 1873
2 1100
1 1430
2 608
1 606
1 1333
1 1852
2 2047
1 196
2 1210
1 1526
2 977
1 2318
1 935
2 2547
2 390
1 2216
1 153
2 2002
2 2015
1 634
1 2386
1 1365
1 1655
1 2516
1 1289
2 1832
2 1402
1 1872
2 806
1 1408
2 300
2 1312
1 1097
2 1459
2 1470
2 2242
2 1365
1 1238
1 2382
1 1301
1 1275
2 560
1 212
2 21
2 2018
1 1235
1 1171
1 2258
1 2277
1 500
2 211
1 2515
2 1914
1 1985
1 819
1 415
1 1736
1 1614
1 2497
1 2359
2 1424
1 1031
1 1284
2 1772
1 275
1 2095
1 532
1 2057
1 1218
2 1037
2 670
1 1886
2 176
1 72
2 635
1 352
1 800
2 322
1 38
2 1600
1 1027
2 1179
1 294
2 791
2 2105
1 1703
2 1535
2 111
1 2058
1 2432
1 2215
1 721
1 1568
1 1868
2 149
1 2040
1 1793
1 774
1 944
1 1871
2 2125
2 795
1 1660
1 436
2 253
1 1195
2 2211
1 1682
1 2345
2 2423
1 2193
2 247
2 1668
1 941
2 970
1 799
2 2345
1 894
1 2240
1 293
1 404
2 164
2 1833
2 406
2 814
1 1105
2 306
1 1681
2 1164
1 248
2 189
2 1625
1 205
2 2519
2 1355
1 2364
1 844
1 554
1 1598
2 317
2 1005
2 2384
1 554
1 1231
2 1853
1 926
2 2239
1 6
2 2427
2 1241
1 152
1 161
2 2362
2 1200
2 184
1 479
2 1815
2 1558
2 2453
1 653
2 8
1 2068
1 726
1 2104
1 1979
1 915
2 1808
2 1341
2 413
2 1309
2 1292
2 1213
1 2023
2 2041
1 1965
1 1234
1 936
1 1571
1 1058
2 1645
2 1648
2 213
1 278
2 1209
1 1927
1 1280
1 2008
2 2344
1 2457
1 223
2 993
1 1475
2 782
1 1960
1 1923
1 2288
2 1006
2 698
1 1016
1 1934
2 36
1 1636
2 2280
1 2468
2 1864
2 116
2 746
2 771
1 1608
2 880
2 1557
1 999
1 1432
1 1035
2 1499
2 2076
2 1306
2 1896
2 118
1 425
1 208
2 264
2 194
1 172
2 251
1 1921
2 2320
1 2133
2 2286
1 99
1 2000
2 139
2 978
1 1240
2 557
1 603
2 2342
2 1342
1 1547
2 586
1 2385
1 274
1 1066
2 96
2 2043
1 891
2 1559
2 843
2 520
2 2019
1 1416
1 1917
2 579
1 1229
2 493
1 260
2 451
1 2452
2 1226
1 2113
2 1805
1 1680
2 666
1 790
2 60
2 1514
1 1887
2 262
1 1816
2 1983
1 1930
2 731
1 832
2 1265
1 854
2 1521
2 2107
1 2073
1 239
2 1299
1 1627
2 1076
2 1727
2 371
2 450
2 1324
1 807
1 1539
2 931
2 2035
1 764
2 1735
1 643
1 1268
1 2477
1 617
1 1292
1 1713
1 1160
2 1515
1 895
2 1912
1 1284
2 402
1 704
2 2522
2 1844
1 1419
2 127
2 2073
1 2185
1 994
2 676
2 1770
1 1336
1 751
1 25
2 2028
2 963
2 1882
1 1431
2 559
2 406
2 2549
1 334
1 307
1 204
2 1181
2 1193
2 1429
2 1144
1 1388
1 1019
1 2143
2 1260
1 1194
2 1352
1 749
1 2358
2 2087
1 876
1 2270
1 735
2 1165
2 1423
2 574
2 1155
2 2021
2 1640
2 377
2 302
2 2055
1 1330
2 1379
1 1699
2 2202
1 2107
1 1234
1 1016
1 1672
1 1046
1 71
2 66
1 72
2 1
2 636
1 906
1 1467
1 74
2 1384
1 1892
1 2481
2 234
2 346
1 146
2 962
1 2395
2 337
2 2102
1 1563
1 1813
1 1778
2 453
1 2258
1 2218
1 1747
1 1652
2 1556
2 34
1 1141
1 1431
2 497
2 1340
2 1315
2 1730
1 1278
2 542
2 851
2 2439
1 2423
2 1993
2 1290
1 1733
1 529
2 148
2 1418
2 563
1 1014
2 805
2 1137
2 466
2 583
1 1643
2 1019
1 1389
2 2294
2 848
2 2461
1 195
2 701
1 414
2 231
1 2492
2 2029
2 552
1 587
1 221
2 1902
2 1428
1 1
1 1149
2 1161
1 1532
2 599
2 696
1 967
1 773
2 130
1 2032
1 2231
1 2447
2 341
2 644
2 724
1 431
1 1955
2 1320
2 862
2 2129
2 1343
1 2106
1 2297
2 1732
1 920
2 2264
2 426
1 2290
2 1228
1 1064
2 1115
2 231
1 2333
2 1369
1 2145
1 333
2 695
1 1181
1 2236
2 1943
2 455
2 1756
1 1764
1 2136
1 1001
1 1665
2 2431
2 2424
2 2502
1 2036
2 1082
1 1776
1 908
1 883
1 2181
1 1632
2 107
1 1471
2 1274
2 2278
2 866
1 1032
2 2503
2 1975
1 1267
2 1345
1 2204
2 291
1 1604
2 1678
2 813
1 369
2 2336
2 823
2 92
2 2393
2 625
2 129
2 673
2 1691
2 1448
1 1745
2 1609
2 2480
1 1534
2 921
2 2005
1 2086
1 1548
1 106
2 209
1 939
2 1900
1 323
2 516
2 1636
1 1022
1 1308
2 463
2 2361
2 1184
2 953
2 1182
1 1255
2 688
2 962
2 1405
1 90
2 603
2 1333
2 1633
1 2010
1 1072
2 2007
2 1086
2 1156
2 1175
2 2189
2 705
2 1548
2 751
2 681
2 126
1 2269
1 1693
2 667
1 1449
2 2506
2 619
2 2025
2 128
2 301
2 1728
1 2489
2 1362
2 1929
2 1667
1 114
2 1572
1 2268
1 79
1 717
2 799
2 2219
2 2088
1 1899
2 1704
1 288
2 1953
1 2543
1 877
1 500
1 1043
1 1048
1 1730
2 461
1 2520
2 1783
1 52
2 33
1 581
2 769
1 2174
1 1944
1 1311
1 1616
1 410
1 2355
1 1133
1 2460
1 995
2 784
2 534
2 1692
1 54
1 1980
2 2306
1 1707
2 1680
2 318
1 1477
1 1499
2 1250
1 1862
2 831
2 2287
1 1835
2 1138
2 2470
2 2241
2 2278
2 1048
2 1470
1 2478
1 46
2 2440
1 142
2 2108
2 2480
1 60
1 1099
2 403
1 394
2 1479
1 788
1 1786
2 897
2 2097
1 2020
1 1854
2 1597
1 759
2 1918
1 469
2 1256
1 1348
1 685
1 675
1 1840
2 987
2 637
2 1253
1 1772
2 1901
2 541
1 289
1 1529
1 1116
1 1565
1 2121
1 1214
1 1214
1 71
1 401
2 1302
2 1080
1 239
2 180
1 2238
2 485
1 522
1 1733
1 1533
1 667
1 1817
2 136
2 1893
1 129
1 2438
2 532
2 2234
1 862
1 1992
2 138
1 2061
1 2433
1 2434
2 563
2 1226
2 759
1 325
1 236
1 2524
2 622
2 1651
2 1720
2 2364
2 844
2 909
2 822
1 2396
1 1402
2 2016
2 2132
2 960
1 428
1 2392
1 1565
1 1720
1 1161
1 483
2 1036
2 737
1 1724
1 917
1 1457
1 1000
1 31
1 2376
2 1646
1 2487
1 536
2 1615
2 312
2 705
2 21
1 708
1 1007
1 237
1 553
2 1540
2 2479
2 1403
1 585
2 1386
2 2074
1 1271
1 1330
2 996
1 331
2 1488
2 1423
2 1746
2 915
1 1644
2 2180
1 1621
2 2535
2 2419
2 2509
2 2486
1 267
2 66
1 1085
2 828
1 1940
1 1054
2 1523
1 1442
1 224
2 550
1 1562
2 1854
2 242
1 1543
1 1283
2 998
2 1351
2 963
1 681
1 617
2 537
2 1689
2 936
1 1243
2 665
2 1943
1 2415
2 1136
2 572
1 855
2 2092
2 600
2 422
2 2164
2 477
2 2256
2 122
2 1117
2 1600
2 1103
1 1933
1 1807
2 35
1 255
1 217
2 1316
1 259
2 1131
1 2135
1 1783
2 1781
2 282
1 638
2 584
2 1549
2 1727
2 1363
2 1834
1 1125
1 2413
2 1164
2 644
2 355
2 1346
1 983
2 1259
2 2163
2 934
2 1197
2 408
2 1677
2 2538
1 1104
2 297
1 935
2 823
1 433
2 721
2 549
2 2400
1 2155
1 1415
2 2381
2 1122
1 269
2 2032
1 1300
2 1205
1 2363
2 1358
1 1690
2 430
2 1487
1 1803
1 2225
2 1665
1 1635
2 850
2 1915
2 1123
1 861
1 1329
1 1361
2 612
2 1953
1 2469
1 503
1 470
2 2455
1 2295
2 185
2 1815
2 2279
2 1206
1 1340
1 2486
1 2397
2 74
1 26
2 346
1 1244
2 974
1 1399
2 900
2 937
1 672
1 793
2 1576
1 273
2 2232
2 1316
2 1517
1 113
2 2264
1 1317
1 1451
2 366
1 186
2 150
2 1407
2 2148
2 264
1 509
2 2184
1 2117
1 2196
1 1695
1 2546
1 1422
1 2212
1 2330
1 1972
1 1154
1 1828
1 496
2 1090
2 531
1 1097
2 1090
1 899
1 2144
1 2103
2 1870
2 1607
1 979
1 756
2 2274
2 454
1 2383
2 1791
2 2035
2 638
1 2315
1 1225
2 1163
1 1732
2 1644
1 357
1 219
2 1126
1 1372
1 209
1 797
2 456
2 1603
2 2318
1 606
2 399
1 260
1 1321
1 2406
1 1109
1 1390
1 2140
1 109
2 469
1 1880
2 1089
1 742
2 831
2 817
1 412
1 1966
1 1106
1 480
2 1517
2 1304
2 1334
2 944
1 1618
2 2177
1 1270
2 210
2 983
2 2125
1 970
1 978
1 1929
2 1666
2 1955
2 1295
2 2458
2 225
2 1266
2 216
2 1045
2 273
2 22
1 236
1 2205
1 1861
1 1447
1 197
1 1120
2 1514
1 2008
1 2545
1 2495
1 396
1 484
1 740
1 15
2 2445
1 1510
2 1068
1 1252
2 1800
1 1206
1 100
2 12
1 1047
2 2246
1 1794
2 1954
1 2448
2 724
1 2145
1 906
1 489
1 1092
1 1098
2 1628
2 390
1 2002
2 2444
1 1864
1 1020
2 919
1 1923
1 1381
1 245
2 620
1 1462
2 1433
1 1217
1 2523
1 1426
1 2513
2 1602
1 703
1 300
2 69
1 1233
2 1040
1 1339
2 725
1 2323
2 2343
1 132
1 857
2 1771
2 73
1 1151
2 895
2 165
2 1509
1 263
1 1025
2 507
2 1286
1 2129
2 53
2 879
2 1100
1 92
2 2126
2 1182
1 379
2 1757
1 2272
1 628
2 1263
2 1063
2 1931
1 613
1 2400
1 604
2 1914
1 1708
2 1280
2 1236
1 158
2 897
2 991
2 1967
2 1251
1 2004
2 1800
2 1003
1 1807
2 2001
2 2475
2 730
1 787
1 1157
2 133
2 2465
1 1331
2 1395
1 320
1 557
2 2467
2 1925
1 147
1 1613
1 2281
2 924
1 954
1 1277
1 85
1 112
2 847
2 88
1 1259
2 2114
1 836
2 2100
1 1376
1 1608
2 2195
2 2179
1 766
1 233
2 982
1 1170
1 169
2 2391
1 203
2 2304
1 2532
1 448
1 1769
1 1401
1 809
2 1261
2 770
1 1178
1 2451
2 1083
1 1687
1 1631
1 490
1 1438
1 2366
2 1860
1 191
1 2192
2 1394
2 1995
2 1332
1 1023
1 1251
1 40
2 845
1 1035
2 128
1 2453
1 2182
1 2536
1 2253
1 2084
2 999
1 1837
2 1537
1 1285
2 2093
1 2052
1 980
2 1926
1 1981
1 778
1 982
2 1241
2 1685
1 804
2 1028
1 1397
1 1350
1 1220
2 2174
1 1596
1 1453
1 1787
2 1863
1 1066
1 815
2 142
2 880
1 388
1 2086
1 2281
1 1039
2 966
1 1480
2 387
1 330
1 2105
1 491
2 2421
2 913
2 1511
1 907
1 1120
1 1865
2 575
1 1895
2 2535
2 1505
1 1638
1 82
2 1809
2 1746
2 2153
2 319
1 1159
2 2004
2 84
2 1458
2 1074
2 2476
2 241
2 2505
2 2212
2 2261
1 58
2 326
2 1919
2 312
1 1589
2 475
2 1081
1 745
1 2311
1 714
1 629
2 1188
1 1752
1 2178
2 2424
1 1875
1 531
2 371
1 784
2 1334
1 1508
2 1146
2 2283
1 583
1 1889
1 794
2 2248
2 2474
1 1391
2 692
1 1436
2 2005
1 113
1 755
2 1762
1 1487
2 135
1 1257
2 1719
2 829
1 1845
1 1456
2 375
1 821
1 722
2 2003
2 738
1 2459
1 1857
2 2458
1 297
1 565
1 2346
2 1829
2 488
2 1980
2 1748
1 351
1 256
2 1850
2 2464
1 438
2 2119
1 2200
1 2036
1 753
2 729
1 2302
2 1681
2 2349
2 1584
1 940
2 2095
1 1560
2 1825
1 1726
1 524
1 1325
1 2434
2 1017
2 1531
1 1506
2 1704
1 1293
2 197
1 2089
2 1887
2 1731
2 986
1 660
2 1354
1 820
2 1564
1 1270
1 1606
1 765
2 767
2 1767
2 2354
2 736
2 948
2 2280
2 116
2 417
2 456
2 2492
1 101
2 1958
1 276
1 1579
2 2210
1 2379
2 2326
1 2114
2 175
2 218
2 1122
1 1239
1 2499
2 940
2 475
1 1075
2 1413
1 952
1 591
1 842
2 1498
1 228
1 1761
1 893
2 781
2 2262
1 1142
1 2216
2 98
2 1123
2 1911
1 2193
1 2388
1 911
1 315
1 647
1 1167
1 31
1 1527
2 1029
2 871
2 1074
1 2477
2 2224
1 1132
2 839
2 1261
2 1617
2 2052
2 796
2 2134
1 2090
1 2123
1 1890
2 2314
1 27
1 1615
1 2322
2 421
2 1420
2 2127
2 378
1 1648
2 1110
1 1908
2 82
1 460
2 272
1 1023
2 971
1 1777
1 1951
2 2387
2 2235
1 1135
2 2433
1 1613
1 2067
1 1245
2 202
1 188
1 858
2 723
1 1604
1 392
2 56
1 504
1 228
1 139
2 2222
1 2109
2 2402
2 181
2 1279
2 292
2 2437
2 233
1 447
1 1306
2 576
1 431
1 1404
1 857
2 1114
1 189
1 159
1 1706
1 1926
1 56
1 627
2 547
2 2202
1 424
2 1905
1 1012
1 1294
1 951
1 586
1 2341
2 1386
1 1303
2 2531
2 152
1 742
1 1834
1 2176
2 283
1 1777
1 2232
2 63
1 512
1 633
1 364
1 1380
2 1884
2 1141
1 1689
1 1186
1 984
2 2286
1 2401
1 1409
2 162
1 584
2 884
2 360
2 2291
2 2206
2 779
1 574
2 235
2 150
2 2185
1 671
1 1288
2 11
1 1933
1 1065
1 2469
1 1823
2 1753
2 2109
2 1037
2 1036
1 884
1 1311
2 1209
1 2309
2 1890
1 2519
1 1605
1 1728
1 2442
2 2176
1 1302
2 2273
1 955
2 381
1 482
2 1946
1 1102
1 30
1 199
2 1323
1 680
2 683
1 1435
1 1578
2 476
1 1077
1 13
1 1641
1 1385
2 105
1 1376
2 1506
1 2377
1 1947
2 102
1 2427
2 1274
2 1242
2 158
1 938
2 124
1 269
1 1632
1 2394
1 1849
2 398
2 2408
1 2347
1 1585
2 1362
2 1634
2 1761
2 2224
1 527
1 501
2 689
2 1850
2 1446
1 781
1 2248
2 1775
1 695
1 368
1 1723
2 1663
2 2254
2 2334
2 2335
2 969
1 1033
2 156
2 2475
2 969
2 825
1 1400
2 290
2 230
1 2430
2 646
2 1707
2 342
1 244
1 2463
2 93
2 1484
1 2233
2 403
2 1797
1 78
2 1149
1 1467
2 1057
1 1829
1 457
1 741
1 141
1 805
1 1637
2 155
2 1842
1 2208
1 641
1 2221
1 2387
2 854
2 1442
1 1406
1 1011
1 1754
2 1395
1 2363
1 2149
1 2548
2 487
1 928
2 2218
1 1534
1 2277
2 201
2 193
1 746
2 2138
1 1524
2 1605
1 2192
1 350
1 1091
2 1857
2 212
2 501
2 1513
2 2449
2 196
1 1173
2 37
1 1768
2 1252
2 97
2 1154
2 881
1 2009
1 1853
2 61
2 542
1 1702
2 697
1 1654
2 1812
1 1556
2 426
2 268
2 2256
2 1687
2 537
2 1320
1 502
2 123
1 1124
1 2110
1 2053
2 624
2 1561
2 2495
1 540
2 389
2 64
1 1063
1 1512
1 201
1 57
1 1950
1 878
1 2061
1 1867
1 748
1 1620
1 115
1 1024
2 1222
2 499
2 2328
2 1352
2 12
2 890
1 569
1 927
1 1199
2 1994
1 1327
1 1328
2 2539
1 1751
2 1765
1 2276
2 1134
1 545
2 1964
2 2428
1 73
1 726
2 2009
1 1939
1 1847
1 2156
2 1513
1 2371
1 2147
2 656
1 25
1 261
2 1937
1 44
2 2064
1 94
2 1465
1 90
1 1906
2 2196
2 1357
2 1599
2 631
2 1630
2 1545
1 555
2 1563
1 1264
2 2059
2 1709
1 1282
2 2362
1 2446
1 1124
2 812
2 1861
2 2044
2 1244
1 87
1 1042
2 250
2 1670
1 2250
1 1202
2 618
1 2353
1 285
1 658
1 1701
1 2383
2 1679
1 2163
2 1657
2 867
2 2098
2 2183
2 2454
1 957
2 912
1 1782
2 1069
1 359
1 2219
1 380
1 385
2 514
2 2162
2 1543
1 2464
1 1017
2 655
1 247
2 248
2 902
2 280
2 1904
2 2100
1 1640
1 1692
1 2490
1 2150
2 1992
1 2352
2 656
2 1576
2 1874
1 2139
1 753
2 1069
2 662
1 3
2 1620
1 1011
1 1179
2 1265
1 440
2 700
1 80
2 2199
2 657
2 2127
1 2054
2 1578
1 519
2 1012
2 670
2 1907
1 131
1 1212
1 1866
1 1323
2 63
2 2350
2 2356
2 2074
2 2461
2 1831
1 1422
2 1393
1 1447
1 1290
2 2368
2 1176
2 822
1 328
2 1789
1 1452
2 561
1 347
2 1471
1 2524
2 1108
2 2040
1 465
2 1096
1 1295
1 539
2 241
2 37
2 1673
2 516
1 2237
1 1788
1 2025
2 2026
1 1856
2 1970
2 632
1 1216
1 2197
2 645
2 1758
2 1391
1 974
2 2325
1 1817
2 699
2 2198
2 28
2 1008
1 1719
1 2055
1 1827
1 1430
1 370
1 141
1 132
2 2240
1 6
1 1994
2 1626
2 1597
1 770
1 1138
2 439
1 1250
1 2504
1 1215
1 1368
2 181
1 1948
1 904
1 602
2 2269
1 2205
2 691
2 888
1 2529
2 990
2 1561
1 2072
1 1304
2 2370
1 1611
1 925
2 916
2 1554
2 220
2 334
2 961
2 1964
1 1552
2 1046
2 2502
2 36
1 432
2 1846
2 453
2 609
1 816
2 1849
2 833
1 1891
1 407
2 1609
2 1084
1 88
2 417
1 2340
1 2413
2 2514
1 1505
1 110
1 1676
1 9
1 51
1 170
2 1582
2 19
1 768
2 2180
1 628
2 1288
2 2308
2 498
1 439
1 1185
2 67
1 1476
2 2265
2 1971
2 1417
1 2324
2 79
1 1364
2 976
1 2403
1 525
1 1780
1 2532
1 2407
1 2528
1 2340
2 1429
2 1486
2 1872
2 1530
1 1961
1 1417
1 562
2 1493
1 2146
1 2120
2 839
2 846
2 1111
2 1472
2 1465
2 590
2 299
1 1010
1 320
2 1002
2 23
2 93
1 2474
1 1973
2 1051
1 1287
1 1113
2 1802
1 2081
2 1121
2 2134
1 117
1 2234
1 2041
1 2493
2 1694
2 2494
2 1880
2 1009
2 1450
2 677
2 841
1 728
2 1041
1 2111
2 1902
2 2428
2 58
2 303
2 2239
2 13
1 719
1 1758
1 478
1 1203
1 914
2 607
1 2449
2 2048
2 934
2 124
2 1826
1 2481
2 1910
2 285
2 1233
1 1310
1 295
1 2245
2 237
2 976
2 588
1 555
1 1449
2 1282
1 2533
1 2275
1 77
2 1439
1 364
2 1078
2 1522
2 1917
2 1460
2 270
1 732
1 1341
1 1996
1 2339
1 1428
2 1639
1 1949
1 1469
2 1021
2 1679
2 1489
1 332
2 1379
1 333
2 816
1 2329
1 355
1 904
2 2514
1 1221
2 828
2 2237
2 249
2 2058
2 1813
1 556
1 1820
1 2169
2 1319
1 703
1 1555
1 2435
2 948
2 134
2 1675
1 299
2 419
1 1673
2 623
1 1192
1 611
2 2261
1 1155
2 306
2 1211
2 1826
1 2080
2 1053
1 190
1 1269
2 363
1 2081
2 594
1 1030
1 2508
1 1338
1 420
2 1460
1 2063
1 1440
2 154
1 2230
2 1469
2 652
1 1190
2 992
2 1963
2 2049
1 391
1 640
2 571
1 1590
2 1674
1 2478
1 1269
2 2319
2 2075
2 473
1 103
1 2225
2 1949
1 1453
2 959
2 1667
2 727
2 1128
1 605
1 2108
1 702
1 846
2 989
1 789
1 2112
1 2389
2 1458
2 2200
1 1808
2 685
2 2038
1 43
2 2525
2 607
1 1528
1 435
2 1725
1 566
1 802
1 2249
2 718
2 2315
2 620
1 2421
2 1111
2 980
2 639
1 1208
1 1167
1 780
2 2462
2 1130
1 2021
1 1907
1 1309
1 2042
2 2543
1 385
2 1224
2 183
1 699
1 45
1 1999
1 955
2 694
1 1824
2 898
1 850
2 1986
2 824
2 1273
2 232
2 109
2 2276
1 1968
1 185
1 1558
1 41
2 543
2 2064
2 1457
1 1524
1 1768
2 2070
1 225
1 1294
2 1145
2 1592
1 785
2 91
2 397
1 2512
2 229
2 2178
1 5
2 1553
2 282
1 331
2 1377
1 5
1 1957
2 361
1 1538
2 492
1 1283
2 1196
1 167
2 2482
2 917
2 658
2 1963
1 218
2 1668
2 76
2 17
1 818
2 1139
2 1954
1 465
2 1793
1 434
1 1358
1 8
1 662
1 425
1 1225
2 89
1 952
2 1769
1 916
1 576
2 246
1 1301
1 851
1 521
1 226
1 2155
1 2046
2 2069
2 2014
2 1021
1 1606
1 2247
2 104
1 2529
1 2068
2 2510
1 1545
2 182
1 1076
1 168
1 316
2 230
1 1497
1 961
2 925
2 1130
2 2090
1 2146
1 1715
1 200
1 1461
1 2130
1 2128
1 2265
2 1029
2 130
1 1919
2 1166
1 1133
2 1433
1 2417
1 1151
2 2456
1 1628
2 2526
1 2151
1 996
1 1841
2 292
2 2024
2 1129
2 792
2 1398
2 622
2 2251
1 1969
2 1573
1 1441
1 893
2 1660
1 894
1 2542
1 393
2 286
2 27
1 409
1 653
1 1033
2 1624
2 2550
2 311
2 286
1 597
1 932
2 1013
2 1484
2 2271
2 2154
1 2115
2 343
1 1299
2 510
1 774
1 756
2 2295
1 933
1 2314
2 1982
1 2442
1 1353
1 214
2 502
2 293
2 1898
1 2173
1 1587
1 2204
1 1906
2 1635
2 1222
1 2348
2 2236
1 2422
2 655
2 1510
1 734
1 1455
2 2288
2 2483
2 1254
1 2214
2 324
1 2119
2 1830
2 1183
1 2498
1 1109
2 1319
2 608
2 96
2 1802
1 202
1 1446
2 957
1 2382
1 119
1 2116
1 1062
2 790
2 1937
1 342
2 1782
1 2334
2 2409
2 468
1 1242
1 2057
2 1930
2 2048
1 2275
2 348
1 1713
1 773
2 739
1 1577
1 1202
2 2080
1 1547
1 1885
1 2255
1 1830
2 104
2 1790
2 2527
1 526
2 1697
2 623
2 206
2 232
2 1416
1 192
2 1180
1 985
2 2293
2 2187
2 509
2 1172
1 2530
2 1759
1 284
1 1530
2 505
2 1438
2 2500
1 794
2 530
1 1577
2 1705
2 356
1 1664
2 973
1 2370
1 763
1 1427
2 2266
1 1412
1 535
2 1881
2 1828
2 353
2 1291
1 488
2 381
1 2414
1 614
1 1788
1 9
2 1962
2 2441
1 2541
2 1253
1 2466
2 855
2 1392
2 1198
1 275
2 1764
2 344
1 1610
2 1132
1 2062
1 1236
1 1654
1 507
2 2099
1 101
1 429
2 360
1 1717
1 1031
1 1174
1 1898
1 2546
2 1564
1 1382
2 654
2 1507
1 198
1 367
1 494
2 1527
2 351
2 1425
1 327
1 887
2 2354
1 1464
1 1698
1 486
2 1443
1 14
2 2092
2 278
2 1738
1 2267
2 2303
1 1168
1 669
1 445
1 2141
2 1878
2 700
2 1646
2 597
1 2399
1 1107
2 1541
1 1742
2 207
1 402
1 1801
1 918
1 824
2 1008
2 1135
1 1491
1 2391
1 474
1 1877
1 1435
1 451
2 538
2 1684
1 637
2 409
1 1712
2 2463
2 2067
1 1382
1 1525
1 2070
1 298
2 589
2 997
2 1701
1 2188
2 1461
1 1375
1 1942
2 997
1 1014
2 2540
1 1858
1 865
1 856
1 2069
1 191
2 863
2 2083
1 2260
1 240
1 2416
1 1490
1 1060
2 2250
2 49
1 170
1 1107
1 1925
2 984
1 719
2 1993
2 2297
1 1131
1 696
1 514
2 810
1 187
1 2494
2 508
2 1474
1 1216
2 594
2 29
1 666
1 1722
1 819
1 950
2 1952
1 2426
1 878
2 76
1 2010
1 1593
2 680
2 383
1 137
1 1178
1 54
1 497
1 1125
1 222
2 2217
2 830
2 2310
2 1700
2 1276
2 998
2 682
1 965
1 2215
2 1785
2 2290
1 1056
2 466
1 131
2 1082
2 1694
2 971
1 524
1 1945
2 2255
2 418
2 847
1 2034
2 2077
1 1223
1 2022
2 601
2 859
1 472
1 1185
2 1885
2 1411
2 1490
1 1322
1 2348
2 990
1 1638
1 2283
1 2149
1 2029
2 1366
2 2518
2 2417
2 1504
2 889
1 706
1 2018
1 829
2 167
1 1026
1 183
1 169
2 1338
2 1688
1 2044
1 1952
1 991
1 849
1 730
2 2445
1 660
1 1562
1 1779
1 648
2 1976
1 2116
1 2317
1 1370
1 340
2 2540
2 958
2 664
1 1743
2 561
1 2448
2 296
2 559
2 452
1 482
1 313
2 1852
1 1693
1 1763
1 1804
2 590
2 2172
1 344
1 1601
1 920
1 1766
2 1617
2 11
1 2033
2 873
2 2366
1 508
1 1349
1 886
2 577
2 2097
2 1227
2 1932
1 2436
1 872
2 108
2 1568
2 800
2 67
2 1786
2 2065
1 476
1 1221
1 339
2 1785
2 2415
2 866
1 1377
1 55
1 2071
1 2042
1 137
1 913
2 140
2 2017
1 162
1 1931
2 1714
1 227
2 812
2 1544
2 2316
1 2101
1 758
1 1633
2 874
1 1737
2 335
2 157
2 382
1 61
2 240
1 592
2 479
1 835
2 1759
1 731
1 1821
1 2142
1 1028
2 1511
2 1712
1 229
1 2337
1 864
1 2521
1 639
1 1117
1 2165
2 1463
2 1018
1 1114
1 20
2 2359
1 1478
1 53
2 661
2 1612
2 17
1 1113
2 1293
1 619
2 2506
1 989
1 642
1 801
2 782
2 1915
1 2331
1 645
2 1990
2 2072
1 956
1 1022
1 2157
1 711
1 903
1 2012
2 1371
2 1891
2 491
2 987
1 885
2 2060
2 2337
1 154
2 615
1 180
1 316
2 2181
2 1148
1 2342
2 159
1 1869
1 2189
2 2062
1 1034
2 280
1 99
2 2484
1 2407
1 1595
2 1424
2 2459
1 2294
2 2512
1 1741
1 1700
2 604
1 722
2 1053
1 569
2 2245
2 1068
1 1960
1 1493
2 2339
2 1986
2 2184
1 1941
1 1345
2 1752
1 2079
2 1760
2 1809
2 1570
2 676
1 1780
1 2298
2 258
2 2488
1 2367
2 1744
1 204
2 1367
1 1651
2 570
2 1551
1 1763
1 2527
2 519
2 462
2 423
2 1207
2 1211
2 1434
2 1630
2 1059
2 1637
1 1941
2 1936
2 2306
2 865
1 2
1 2133
1 1134
1 174
1 1140
1 1313
1 568
1 2182
1 462
1 23
2 2084
1 421
1 2369
2 86
2 1170
1 498
2 308
2 2317
1 317
2 1863
1 914
1 2104
1 1073
2 2183
2 771
2 803
2 1152
2 1070
2 2300
2 1703
1 1339
2 485
1 1318
1 2043
1 1337
1 1276
2 199
2 1901
2 416
1 2206
2 810
1 1472
1 1315
2 1697
2 1246
1 882
2 271
2 1710
1 174
2 366
1 683
1 2310
1 2501
1 362
2 565
2 1819
2 1979
1 1238
2 788
1 1337
2 2537
2 1718
1 535
1 2360
2 1886
1 1822
2 1516
2 283
2 814
2 102
1 1881
2 1894
1 311
1 714
1 1080
1 2418
1 694
2 149
1 321
2 1683
2 1827
2 1958
1 1468
2 1985
2 908
1 1735
2 332
1 979
1 1536
1 2356
1 2522
1 330
2 2088
1 1083
1 1866
1 1045
1 750
1 1889
1 1368
2 1119
2 2099
1 2210
2 806
1 793
1 977
1 739
2 1696
