5600 7500
2 1754
1 609
2 1408
2 953
1 717
2 2652
1 1723
2 769
1 2616
1 1987
1 1429
2 671
2 758
2 713
2 632
1 803
2 1832
2 258
2 2443
1 44
2 361
1 2194
2 1750
1 2207
2 1204
2 1686
2 2611
2 1396
2 1482
2 2483
1 2025
2 2242
2 1365
2 317
1 476
1 1299
2 800
1 2566
2 826
2 1432
2 211
1 2053
1 2094
1 1959
2 2449
1 2764
1 1203
2 2191
2 2167
2 484
2 199
1 2759
2 1845
1 1671
1 1179
1 1637
1 380
1 2617
2 320
1 184
1 1616
1 2781
2 1871
1 2739
2 2695
1 319
2 1503
2 1347
2 2364
1 1510
1 2062
2 1004
2 410
1 633
2 1477
1 394
1 1830
1 2164
1 2392
2 646
2 1322
1 1389
2 1034
2 413
2 221
2 2469
2 656
1 2039
1 1353
2 1743
2 1413
1 552
1 1829
1 2721
1 2444
2 1115
2 1177
2 2770
2 244
2 2155
1 1670
2 960
2 1612
2 2243
1 1262
2 1507
1 2111
1 2610
2 2266
1 1215
1 1766
1 437
2 995
2 453
2 685
1 1249
1 1368
2 1071
1 1432
1 520
1 2210
1 366
2 986
1 725
2 2175
2 1791
1 269
2 1501
1 505
2 2165
1 2374
1 571
2 17
2 2321
2 1468
1 1933
1 2211
2 2288
2 91
1 2309
1 1664
1 1977
2 543
2 399
2 49
1 2511
1 193
2 1422
1 965
1 489
1 1934
1 408
2 1682
2 2672
1 126
2 801
1 554
1 2709
2 1894
2 1607
2 1950
1 1093
1 1861
2 2401
1 2239
2 2535
1 2506
1 648
1 2695
2 1550
2 2377
2 931
1 1875
2 1416
2 2698
2 1186
1 2549
2 2293
2 301
2 857
1 2318
1 2281
1 1143
1 1912
1 494
1 1770
2 1650
1 1926
2 89
1 267
2 1823
2 2305
1 87
2 2026
2 811
1 2208
2 887
2 653
1 947
1 2220
1 143
1 981
1 1610
2 1941
2 312
1 2057
1 2627
2 942
2 700
2 405
2 1737
2 2521
2 2686
2 92
1 2744
1 255
2 2091
2 147
1 1416
2 1986
2 2128
2 876
2 1448
1 822
2 1310
2 1562
1 2735
2 974
1 1279
2 2130
2 600
2 1488
1 1972
2 1255
2 1698
1 166
1 711
1 1464
1 2606
2 2527
1 447
2 1635
1 724
1 1434
2 1273
2 2061
2 666
1 605
1 1290
1 1226
1 242
1 987
1 1712
1 1772
1 2586
1 648
1 2389
1 2075
1 2143
2 2212
1 2383
2 1171
2 2038
1 1212
2 2497
1 145
1 675
2 1082
2 2545
1 928
2 2385
2 1144
1 739
1 408
2 1710
2 945
2 1411
1 2759
2 264
2 2444
1 2540
1 132
1 1560
1 589
1 1200
1 2482
1 621
1 514
2 556
1 217
1 1172
2 427
1 1939
1 593
1 159
1 2161
1 2701
2 2230
1 476
1 2260
1 2501
2 2411
2 1964
1 2533
2 2516
1 2635
2 580
1 2408
1 2005
1 2786
2 96
1 723
2 819
1 196
1 1080
1 90
1 1809
2 1577
1 2614
1 1524
2 1380
1 299
1 2784
1 854
2 165
2 2792
2 1213
2 1841
1 618
1 2775
2 656
1 2402
1 2615
2 1141
2 2426
1 2647
1 983
1 1788
2 731
1 685
2 2122
2 1162
1 2689
2 218
2 1920
1 2221
1 6
1 2420
2 1659
1 2399
1 1535
1 25
2 203
1 1049
1 140
2 52
2 1202
2 299
2 1774
1 1257
1 2355
2 2594
2 311
2 1188
1 202
1 913
1 1103
1 1514
1 1038
2 254
1 2338
2 1780
2 1262
2 862
2 1078
1 2029
2 2013
1 586
2 1294
1 798
1 2276
1 1197
2 912
1 537
1 1556
1 2592
2 2093
1 1561
1 524
2 2129
1 2650
2 2140
1 1868
2 2510
2 2232
1 149
2 1423
1 686
1 794
2 1895
1 509
1 1069
1 1021
2 693
1 1456
2 1446
1 1776
2 1872
2 1134
2 2439
2 162
2 1982
1 918
1 893
1 2569
2 33
2 2113
2 2475
2 1064
2 1999
2 1763
2 1322
2 2020
1 2349
1 2306
2 129
2 1914
2 595
1 2113
1 125
2 1362
1 2313
1 81
2 1619
2 1571
2 2432
1 440
1 13
2 1810
1 1428
2 1362
1 1843
2 1678
1 285
1 314
2 2621
1 508
2 2439
2 927
1 1398
1 642
1 998
2 490
1 1107
1 111
2 43
1 1073
2 1932
2 1710
1 651
2 2579
2 1130
2 2048
1 1697
2 1005
2 401
2 1625
1 2565
1 877
1 1715
1 611
1 2005
1 950
1 1129
1 2387
1 1085
2 2131
2 2418
2 807
2 35
2 2158
2 1620
1 844
1 808
2 1765
1 628
2 44
2 135
2 1240
2 2125
1 634
1 1220
1 542
1 1705
2 2308
2 2574
2 256
2 327
2 1702
2 232
1 176
2 364
2 2379
2 1632
2 636
2 2215
2 2114
1 904
1 600
2 1208
2 719
2 1366
2 491
2 2213
2 1842
2 1081
1 1981
2 87
2 2263
1 1170
2 273
2 187
1 667
2 1303
1 1382
1 1707
1 1740
2 1159
2 506
1 818
1 515
1 134
2 2659
1 2584
2 2087
2 2360
1 317
1 1963
2 679
1 1337
2 2622
1 297
2 2729
2 1556
2 1051
2 40
2 2235
1 250
1 1425
1 1045
1 477
2 802
2 114
1 1116
2 263
2 2356
1 1630
2 984
2 960
1 19
2 1086
2 482
1 1023
2 1733
1 962
1 1601
2 19
1 1435
2 337
2 2314
2 1412
2 1861
1 1494
1 195
2 1757
1 2596
1 2017
1 2762
2 423
2 1206
1 2419
2 2281
1 2339
1 1383
2 1945
2 2082
1 741
1 367
1 210
1 2403
2 836
2 1575
2 1700
1 2243
1 187
2 67
1 2362
2 1066
1 2634
1 615
1 762
1 2573
2 1986
1 2724
2 2298
1 2745
1 1983
1 1488
2 2239
2 2432
1 1249
1 687
2 630
2 2782
1 1471
1 2519
2 1284
2 1419
2 2581
1 2039
2 2289
2 1856
2 1723
1 901
2 747
1 752
1 129
1 430
1 1274
1 814
2 2624
1 451
2 1279
1 941
1 1409
2 1726
2 2233
1 2223
1 1386
1 2791
1 1991
1 329
1 1126
2 29
2 1982
2 2270
2 835
1 2461
1 665
2 483
2 1311
2 1636
2 2371
2 740
2 2769
2 383
1 1421
2 1028
2 1522
2 1217
2 370
1 59
2 1400
2 1057
2 1650
2 1979
2 1544
1 650
1 119
1 181
1 993
1 1057
2 745
1 2604
2 1618
1 1312
1 225
2 2125
1 1783
1 2138
1 2127
1 1791
1 2319
2 1208
1 1840
1 1275
2 926
2 2609
1 1976
2 1833
1 789
1 1188
1 718
1 622
1 200
2 1929
1 1770
2 266
1 182
1 2224
2 2712
2 860
1 2116
2 426
2 764
1 1781
1 1487
1 799
1 2263
2 1484
2 1061
1 906
2 1227
1 806
2 1512
1 1832
1 1810
1 746
1 2675
2 1031
1 1361
1 963
2 1119
1 1324
1 2787
1 2379
2 369
2 2173
2 1354
2 2719
1 60
2 1443
2 1661
2 825
2 1287
2 2768
2 1594
1 812
2 908
2 1390
2 429
1 1467
2 2222
2 1289
2 2485
2 515
1 1334
2 2649
1 1152
1 1315
1 6
1 1713
1 331
2 1181
2 2558
1 2547
2 1155
1 1174
1 54
1 2488
2 334
1 439
1 1942
1 1758
1 1558
2 2152
1 678
2 1916
2 2117
2 1185
2 1943
1 594
2 1026
1 842
1 261
2 1543
2 139
2 2278
2 2298
2 2411
2 567
2 2421
1 74
1 1251
1 1326
1 2284
1 1958
1 1535
1 310
1 1684
2 2245
1 1529
2 2636
1 1927
2 2341
2 576
1 956
1 1502
1 519
1 944
1 2580
2 1401
1 354
2 1716
1 2389
2 1971
2 2188
2 809
2 2448
2 1104
1 1129
2 1553
1 2753
2 2042
2 2219
1 2055
1 2490
1 771
2 2310
1 1011
2 1137
2 2220
2 997
2 1764
2 1801
1 1521
2 754
2 2136
1 1860
1 2330
2 201
2 691
1 708
2 1674
1 2429
1 2388
2 2750
2 2653
2 1348
1 351
2 1096
2 2681
1 2028
1 1187
2 486
2 1264
2 2218
1 1258
1 2534
2 1456
2 2179
2 1663
1 1177
1 1222
2 257
2 902
1 1294
1 1151
1 1890
2 900
1 2728
2 42
2 1686
1 2077
1 730
2 2717
1 853
1 262
2 1190
2 1572
1 1738
1 466
1 612
2 2399
2 1989
1 400
1 618
2 2212
2 2684
2 1027
2 1656
1 2278
2 1035
2 325
2 77
1 1095
2 1280
1 2019
1 1850
2 1867
2 1158
2 1484
2 1749
2 1954
2 436
2 2790
1 1314
1 1410
1 50
1 841
1 2050
1 905
1 1634
1 673
1 2758
2 833
1 2109
1 1846
2 2765
2 604
1 1184
1 1561
1 2630
2 1198
2 1954
2 923
1 1402
1 156
2 2505
2 2776
1 696
1 1452
1 721
1 177
2 399
1 80
1 1728
1 362
1 592
2 2376
1 2332
1 417
1 1653
2 22
2 2246
1 2141
2 994
1 2553
2 2680
1 2714
2 1974
2 2188
1 384
2 1323
2 2436
2 2233
2 483
2 488
1 2031
1 1666
1 1400
1 606
1 2358
2 239
1 333
1 499
2 404
2 1189
2 2365
1 2492
1 915
1 1157
1 990
2 2091
2 2393
2 564
1 1494
1 920
1 166
1 2445
2 1683
2 2272
1 788
2 2345
1 2606
2 535
2 871
2 2720
2 2016
2 466
2 2365
2 2501
1 2535
1 1885
2 1455
1 1584
2 1411
1 318
1 1568
2 457
1 517
2 786
1 3
2 1627
1 852
1 1711
1 360
2 1804
2 608
1 2768
1 1647
2 2015
1 193
1 376
1 264
2 1613
2 765
2 1439
1 1472
2 2597
2 533
1 2502
1 1659
2 1399
1 2636
2 1301
1 318
2 1649
1 128
1 378
1 349
1 710
1 937
2 2320
2 1376
1 1254
2 387
1 172
1 1355
2 559
2 303
2 871
2 811
1 2496
2 1771
1 439
1 934
1 202
1 179
2 1652
2 2589
2 109
1 554
1 1826
1 602
2 157
2 405
1 2400
1 2689
2 2018
2 1957
2 782
2 41
1 2415
1 2348
1 192
2 590
1 2708
1 2539
1 1573
2 2580
2 1460
1 2187
1 2454
2 852
1 2070
2 2627
1 2386
1 881
1 1695
2 398
1 1037
2 2780
1 1344
1 2059
1 282
1 1265
1 215
1 375
2 781
1 2322
1 2559
1 2369
1 785
1 1508
2 1735
2 1313
2 961
1 1563
2 2667
1 842
2 2499
1 1953
2 2721
2 1229
1 1565
2 346
2 1644
2 58
2 2508
2 451
2 2003
1 2441
1 1688
1 167
2 406
2 1437
2 1774
1 757
2 617
1 1032
1 2329
2 15
2 71
2 709
2 1744
1 265
2 2335
1 1238
2 1551
1 28
1 1114
1 1074
2 1139
2 804
1 223
2 1597
1 552
2 1308
2 1891
1 2640
1 583
1 1485
2 2761
2 2269
2 1386
1 412
2 2584
1 2613
2 2668
1 1452
2 577
2 1039
2 1175
2 639
2 2430
2 428
2 661
1 1417
2 94
1 644
2 631
2 1974
1 914
2 1356
2 441
2 2751
2 1041
1 716
2 1691
2 1278
1 314
2 2800
1 2681
1 1633
2 1266
2 2676
2 2119
1 1585
2 355
2 2550
1 2397
2 2204
1 2317
1 2147
2 1047
1 2137
1 1821
1 739
2 1186
2 1010
2 62
2 162
2 2417
1 1209
1 1224
1 2769
2 2154
2 2065
2 1461
1 2491
1 1637
1 1349
2 1693
1 1287
1 756
1 1749
2 2250
2 1205
1 235
1 173
2 962
1 1879
2 2771
2 1901
2 478
2 2590
1 1516
1 1760
1 1605
2 2205
1 572
1 23
2 2095
1 2431
2 2645
1 2713
2 1804
1 993
1 2603
2 1660
1 1928
2 2394
2 1902
2 1167
1 1072
1 462
2 1471
1 2251
2 1387
1 42
1 2368
2 2468
2 2590
1 1824
2 1552
1 147
1 2205
2 940
2 1940
2 1564
1 321
1 774
2 254
1 160
2 1932
1 268
2 1777
1 2549
1 1732
2 2546
1 151
2 1980
1 1857
1 2299
1 1546
1 2014
2 2209
1 1516
1 2021
2 2440
2 875
1 327
2 510
1 537
1 292
2 366
2 534
1 1820
2 1024
1 967
2 2772
1 2573
2 1340
2 790
2 2795
1 285
1 896
1 2597
1 2261
1 497
2 1002
1 674
1 1150
2 927
1 760
1 468
1 672
1 180
2 1893
2 961
1 2571
2 1855
1 753
2 2645
1 1817
2 2395
1 701
2 198
2 1479
1 1420
1 858
1 943
2 244
1 930
2 1852
1 1164
1 431
2 2132
1 1902
1 783
2 2012
1 2532
1 1002
2 2628
2 2644
1 2222
2 1060
1 104
1 880
2 1302
2 1589
2 2715
1 2034
2 856
2 1882
2 2712
2 183
2 1122
2 1140
2 448
2 1133
2 1769
1 2733
1 865
1 957
1 1870
1 303
2 711
1 1059
2 1014
1 396
2 2001
1 791
2 1908
1 2068
2 238
2 2159
2 1163
2 2162
1 2041
1 695
1 2109
2 699
2 516
1 146
1 2079
1 528
1 2324
1 355
2 356
2 1553
2 1172
1 18
2 454
2 1905
2 1234
1 2045
1 2589
2 2229
1 1020
2 1669
1 1441
2 2334
1 2184
2 2452
1 1736
2 2544
1 1210
1 2303
2 2734
1 232
2 2097
2 683
1 1187
1 353
1 2104
2 247
1 2252
2 2643
1 1689
1 2616
2 2013
1 2711
2 136
2 2178
2 57
2 536
1 1745
1 1933
1 2526
2 307
2 1514
2 47
2 455
2 1356
1 1463
2 2180
2 1469
2 1640
1 2067
2 1099
2 980
2 1292
2 1737
1 1476
1 2777
1 2016
2 864
1 1848
1 133
2 810
2 2134
2 2385
2 2145
1 1905
2 1744
1 1193
1 1885
1 801
2 1657
1 2495
1 1291
2 2195
2 1088
1 2570
2 797
2 1442
2 1643
2 2227
1 872
1 807
1 1788
1 1298
1 1192
1 1896
1 2115
1 1704
1 110
1 2123
1 854
2 2603
1 963
1 2672
2 1407
1 26
2 2050
2 2375
2 2339
2 2175
2 2790
2 897
1 2265
2 1214
2 1962
1 2270
2 2084
1 235
1 425
1 2329
1 1753
2 627
1 823
1 1430
2 789
2 297
1 358
2 2107
1 1159
2 11
1 1818
2 1645
1 1219
1 1936
2 1504
1 1784
2 647
2 37
1 1194
1 1623
2 1000
1 2260
1 2126
2 1605
2 1720
1 1310
2 511
1 1317
2 866
2 1517
1 1987
2 1550
2 831
2 1013
1 1603
1 1838
1 385
1 1667
1 539
2 1424
2 1229
2 1075
2 1809
2 2511
1 1517
1 1994
2 613
1 541
2 357
1 1864
2 2086
2 485
1 1598
1 555
2 1922
2 2357
1 821
1 2600
1 2460
1 589
2 480
2 1373
2 2232
1 2525
2 2343
1 2507
1 2508
1 1470
1 279
1 332
1 1507
2 1906
1 684
2 323
1 1615
1 117
2 2457
2 1877
2 2118
1 2692
2 382
2 1617
2 639
2 551
2 2602
1 632
2 530
1 353
1 866
2 1007
2 597
2 2112
2 1454
2 359
1 916
1 349
2 1632
2 1564
2 2649
1 2275
1 217
1 2241
2 223
1 352
2 188
2 1183
1 62
2 2730
1 990
1 2099
2 2725
1 1945
1 2264
2 489
1 53
1 609
2 2702
2 124
2 611
1 2000
2 435
2 2042
2 2406
2 1806
1 1320
1 2163
1 1306
1 1010
2 1055
2 788
2 1869
2 1436
1 828
1 728
1 2705
1 1384
2 1135
2 2325
2 1106
2 2582
2 890
2 1062
2 1349
1 2522
2 1397
2 195
2 92
1 900
1 425
1 1203
1 2664
1 2076
1 46
1 837
1 936
2 79
1 49
2 2283
1 2225
2 2045
2 1235
2 1401
2 2396
1 2072
2 1505
2 1307
1 992
2 551
1 446
2 1799
1 1090
1 1956
1 2733
2 1841
1 36
1 637
1 533
2 840
1 899
2 2230
1 1722
2 1419
1 2572
1 2210
2 540
1 2541
1 549
2 1735
1 577
2 2529
1 2799
2 1506
2 971
1 2101
1 283
2 1100
1 2704
1 903
1 687
2 2690
1 2406
2 2186
1 1676
2 1037
1 54
2 2130
1 1235
2 2471
1 286
1 1608
1 1591
2 90
1 2520
1 2683
1 420
1 1295
2 99
1 189
2 2287
1 855
2 1151
1 719
1 1109
2 32
1 2788
2 2452
2 833
1 1879
2 1258
2 3
1 2415
1 1431
2 2430
2 966
2 479
1 1715
2 668
1 2253
2 1606
1 2579
1 1976
2 514
1 310
1 1446
2 1320
2 625
2 2595
2 1357
1 1970
1 1120
1 2490
2 1648
1 1131
1 200
2 1600
2 1697
2 1293
2 637
2 1345
2 1863
1 1824
1 2424
2 1263
2 2465
1 2382
2 158
2 445
1 1029
2 1064
1 750
2 2279
2 2190
1 2022
1 848
1 2459
2 1106
1 2355
2 524
1 1527
2 2551
1 1269
1 690
2 1293
1 2199
2 1352
1 1016
2 2655
1 2500
1 999
1 1896
1 2514
1 983
2 1221
2 2700
1 2647
1 2512
1 1121
1 1225
2 958
2 2064
2 2036
1 2139
2 874
1 2124
2 2594
2 31
1 2682
1 2286
1 1206
1 1006
2 2431
1 657
2 112
1 231
2 1753
1 2350
2 1132
2 548
2 525
2 1717
1 1596
1 370
2 2392
2 890
1 1170
1 1162
1 2235
2 2080
1 1383
2 2351
1 274
1 2254
2 1439
2 873
2 969
1 1250
2 2715
2 2317
1 469
1 1307
2 2104
2 2586
2 2156
2 1805
2 848
2 2066
2 1607
2 114
2 887
1 1938
2 387
1 1341
1 2312
2 1078
2 1418
2 503
1 493
2 143
1 185
1 463
2 1335
1 1712
1 2127
1 2078
2 112
2 1402
2 845
1 1889
1 473
1 1783
2 243
1 1243
1 2592
2 1036
2 1758
1 1909
2 1440
2 2614
2 2135
2 1679
1 2206
2 2247
1 81
2 1108
2 1052
2 266
2 1379
2 1939
2 1908
1 2124
2 2030
2 52
2 2767
2 1575
1 813
1 2422
2 110
1 205
1 137
2 971
2 573
1 82
1 1303
2 964
2 2524
2 1230
1 2676
1 1895
1 574
1 607
2 869
1 2693
2 1393
1 2668
2 1231
2 2076
1 1321
1 1011
1 1242
1 18
1 1538
1 660
2 2494
1 809
2 294
2 2797
2 1957
2 2593
1 1164
1 1219
2 2732
2 2236
2 2069
1 2172
1 1719
2 1496
2 2277
2 270
1 1289
2 1539
1 877
1 683
2 2274
1 2367
2 98
2 1462
1 2381
2 1831
1 2403
2 1371
2 153
2 931
1 2383
2 25
2 361
2 2367
1 2470
2 1492
2 2337
2 2139
1 390
2 1292
2 908
1 108
2 2375
2 1800
1 1998
2 680
2 2346
2 2687
1 2214
2 138
1 2052
2 416
1 2007
2 293
1 2677
1 956
2 1217
2 2258
2 861
2 2514
1 1353
2 560
2 283
2 1233
1 2372
1 1350
2 2183
2 1586
2 1887
1 2435
1 968
1 1586
2 1283
1 1642
1 2548
1 694
2 794
2 1614
2 2000
1 73
2 406
1 534
1 770
2 1194
1 1242
1 1955
2 415
2 1629
1 867
1 829
2 1369
1 759
2 2024
1 1768
1 498
1 1395
2 2525
1 2697
1 2311
1 735
1 1495
1 2723
1 230
1 1768
1 2141
2 578
2 947
2 1316
1 658
2 1273
1 192
1 1611
2 557
1 2498
1 652
1 847
1 538
2 2499
1 354
2 1537
1 742
1 563
1 1333
1 712
2 995
1 1857
1 2370
1 547
2 2737
1 2464
1 1944
1 1940
2 2187
2 1346
2 2673
2 1998
2 224
1 1792
1 1497
2 1479
1 1653
2 1189
2 776
1 2489
2 144
1 2536
1 383
2 2322
2 2287
2 1736
1 1968
2 1881
2 820
1 1907
2 2700
2 1445
2 2741
2 2632
2 253
2 2299
2 2217
1 2674
1 116
1 1397
1 2789
1 1703
2 561
2 1392
2 458
1 2174
2 1318
2 295
1 1984
2 1085
1 2361
1 2070
2 212
2 708
1 2560
2 689
2 1532
1 395
1 1040
2 1621
2 348
1 1862
1 1595
2 1912
1 1961
1 1449
1 2167
2 1566
2 197
1 2088
2 134
2 629
2 762
1 2446
2 1519
2 1917
1 373
2 1367
2 1897
1 59
1 33
2 214
2 2
2 1801
2 2100
2 1237
2 201
1 1295
1 1631
2 2480
2 2160
1 981
2 275
2 472
1 1838
1 1354
1 350
1 860
1 2391
1 2783
1 827
2 1942
2 542
1 2752
1 1756
1 1864
1 1654
2 228
1 1681
2 372
2 573
2 1822
1 465
1 1482
2 728
2 988
1 2315
1 1156
1 2238
2 57
1 34
2 2226
2 2256
2 1585
1 1673
1 1111
2 93
1 734
2 2376
1 2463
1 775
2 2466
1 350
2 1066
1 1068
1 172
2 1836
1 88
1 404
2 2555
2 2654
2 1197
2 1844
1 1787
1 746
1 1422
2 1767
1 2518
1 1485
1 1919
2 1236
2 2799
1 1090
2 164
2 2010
2 431
2 2190
2 769
1 2344
2 2163
1 236
2 763
2 933
1 1610
1 1285
1 1134
1 2204
1 191
1 2252
1 1107
1 1443
1 575
1 41
2 367
1 2382
2 2272
1 2605
1 2530
2 1234
2 1089
1 899
1 272
1 1820
2 2394
1 68
2 603
2 2201
2 1901
2 2296
1 2477
1 34
1 731
1 79
2 895
1 2465
2 549
2 1983
1 714
1 2774
2 1054
2 523
1 2133
1 85
2 1390
1 1807
2 2623
1 1604
1 296
2 1360
2 1125
2 1248
2 2688
2 1288
2 20
1 316
2 39
2 835
2 1281
2 2197
2 538
2 298
2 885
2 1795
2 1280
1 1959
1 1492
2 2797
1 2642
2 2373
2 2654
1 2601
2 1811
2 2340
1 2259
2 2453
2 2536
2 346
1 897
1 2150
1 1579
1 2206
1 953
2 430
2 1297
1 884
2 179
1 10
2 240
2 2268
2 2377
2 1460
1 1946
1 2539
2 1664
1 726
2 735
2 1425
2 2691
2 100
1 1489
1 768
2 939
1 1996
1 737
1 2293
1 1677
2 1147
2 2738
1 468
1 2289
2 229
1 2554
1 436
1 2518
2 2094
2 954
2 493
1 904
2 673
2 2696
2 1366
1 1493
1 1626
1 946
1 1058
2 733
2 1988
2 331
2 1339
2 1612
2 2497
1 790
2 2618
1 2480
1 2107
2 804
2 2435
1 2337
1 2640
1 2478
2 709
1 1855
2 336
1 2196
1 2047
2 1083
1 259
2 4
2 2019
1 2587
1 226
1 287
2 748
1 1391
1 1372
1 2319
1 1773
1 626
2 938
1 1599
2 1644
1 662
2 792
1 992
1 1050
1 1584
2 2328
1 89
1 2096
1 2625
2 562
2 338
2 2450
1 1738
2 1462
1 519
2 1237
2 2708
2 2671
1 2571
1 2182
2 1960
1 955
2 1756
2 1476
1 1473
2 116
1 2056
1 2800
2 148
1 2683
1 977
1 755
1 2504
1 131
1 1477
2 778
2 565
1 1475
2 608
1 1617
2 2632
1 379
1 2763
1 2381
1 597
1 736
1 2081
2 1888
2 2553
1 429
1 662
2 546
2 2156
1 492
2 2038
1 507
1 1853
1 629
1 2343
1 1785
2 585
2 1438
1 141
1 2314
1 2443
2 1198
2 1624
2 151
2 2487
2 2342
2 445
1 2575
2 2374
2 2041
1 1473
2 2098
2 511
2 1156
2 159
2 2567
2 1435
1 850
2 581
2 250
1 2437
1 585
1 2046
1 495
1 1155
1 612
2 1675
2 2171
2 2706
2 2610
1 279
1 1076
2 2144
1 419
1 2412
1 1041
2 1403
2 2722
1 1946
1 671
2 1076
1 1741
2 2765
2 115
2 1225
1 1892
2 1166
1 583
2 1346
1 2306
2 1565
2 1678
2 1455
1 242
2 1086
1 523
2 21
2 2357
1 506
1 145
1 1925
2 1298
1 754
1 56
2 1282
1 2440
1 2503
1 2121
2 1433
1 1601
2 2685
1 1761
1 2513
2 2207
2 1694
1 2503
2 2035
1 2200
2 1137
1 409
2 1532
2 1305
1 2678
1 2722
2 1747
2 412
2 504
2 2338
1 1167
2 1619
1 967
1 2401
2 1029
2 1481
1 2280
1 212
1 2462
1 1178
1 428
2 1580
2 1441
1 1301
2 2028
2 1321
1 2023
1 1483
1 2327
2 2261
1 2409
1 2378
1 555
1 2051
1 2254
1 582
1 978
1 1465
2 1963
2 424
1 1483
1 932
1 1315
1 2479
2 1966
1 2510
1 751
1 2341
1 1486
1 530
1 2284
2 1752
2 2036
2 1825
1 2211
2 1502
2 1536
2 1371
1 1404
1 1765
1 2349
1 1812
1 2318
1 2569
2 2476
2 991
2 2063
1 1316
2 152
1 2065
2 1789
1 2621
2 1087
1 1117
2 2633
2 929
1 390
1 1639
2 705
1 2231
1 1538
1 234
1 724
2 1641
2 750
2 1858
1 2186
1 1275
2 994
1 1101
2 460
1 2521
1 2680
2 501
2 640
2 2348
1 2115
1 654
2 282
2 766
1 2687
2 1241
1 663
1 22
1 952
1 309
1 1834
2 2662
2 302
2 1542
1 1698
2 45
2 374
1 1272
2 1071
1 2666
2 1420
2 710
2 553
1 278
2 1259
1 1593
2 453
1 2208
2 150
2 911
1 2108
1 1589
1 97
1 72
2 782
2 1108
1 1033
1 1540
2 650
2 2164
2 2008
2 681
1 1655
2 1355
1 1975
2 1094
2 2665
1 781
1 1858
2 379
1 292
1 1176
2 1803
2 594
2 485
2 2294
2 2054
2 2229
2 593
1 863
2 870
2 1171
1 234
1 2054
2 1261
1 2397
2 979
1 951
2 341
1 1336
2 262
1 102
2 1828
2 1792
2 520
1 2262
1 252
1 2166
1 1463
2 1045
2 24
2 2129
1 14
1 2783
2 2040
2 1629
1 1606
1 509
1 1760
2 467
2 1851
1 1019
1 569
2 2793
2 1240
2 732
2 345
2 1375
2 1759
1 2607
2 1153
1 1239
2 2749
1 484
2 2112
2 1685
1 95
2 2120
2 979
2 1681
2 1669
2 2320
1 2671
1 906
1 2361
2 1377
2 2071
2 976
1 580
1 2725
1 1871
2 620
1 733
1 272
1 1530
1 1614
2 1113
1 2727
2 307
1 588
1 188
2 1370
1 527
1 2184
2 2642
1 669
2 1325
2 320
1 2043
2 1231
1 326
2 240
2 1533
1 1205
2 209
2 1173
1 1178
2 1018
1 1100
1 24
1 954
1 1548
2 2069
1 984
1 209
1 1251
2 1727
1 1883
2 291
2 1944
1 204
2 280
1 196
2 1581
1 2561
2 2478
1 2356
2 844
1 2481
1 35
2 1077
2 1973
2 1199
1 933
1 1751
2 1131
2 2181
2 536
1 2751
1 1087
2 2770
2 1091
2 291
2 652
2 1472
1 324
1 433
2 1201
2 499
2 1825
2 2732
2 2347
1 48
1 1468
1 1296
1 2552
1 1450
1 305
2 838
2 815
2 403
2 2108
2 753
2 1978
1 2441
1 1904
1 2648
1 2323
2 1464
1 2244
2 491
2 1499
1 623
2 1274
2 2438
1 1028
2 1726
2 78
1 706
1 1101
2 1576
1 290
2 2032
2 2563
2 2331
1 1930
1 1702
1 2333
1 591
2 2551
1 241
2 1594
2 1009
1 2265
1 2742
2 1388
2 243
2 274
1 161
2 2200
1 278
2 2370
2 2752
2 595
1 158
1 2157
2 1132
1 2736
1 2153
1 2304
1 1042
1 1835
1 2117
1 83
1 946
2 513
2 1854
1 878
1 2482
1 1359
1 77
2 2664
1 1746
2 1378
2 544
2 48
2 1099
2 952
1 2455
1 222
2 525
2 362
2 2073
1 623
2 1854
1 1358
1 2105
1 1216
2 1503
2 1704
1 226
2 1119
2 8
2 2694
1 1980
1 2726
2 1602
1 561
1 885
2 1931
2 1306
1 1183
2 171
1 1873
2 444
2 2216
1 2736
1 1038
1 1267
1 2542
2 377
2 460
1 1928
1 2009
1 1082
2 50
2 1184
1 2489
2 815
2 165
2 846
1 2410
2 1547
1 817
1 286
2 388
1 2493
2 2682
1 1105
1 810
1 975
1 500
1 2316
2 148
1 1193
2 12
1 2083
2 1256
1 1427
1 1296
2 2742
1 987
1 177
1 255
2 1042
2 2302
1 1763
1 1511
1 1725
1 2577
2 236
1 1539
2 329
2 1554
2 391
1 160
1 868
1 1421
1 2360
2 874
2 2479
1 2637
1 1948
2 2779
1 135
2 512
2 442
1 1574
1 1551
1 2402
2 2473
1 1950
2 1967
2 1776
2 1781
1 74
2 2058
1 1165
1 1211
2 7
2 1822
2 137
2 1894
2 63
2 2105
2 213
2 305
1 1223
2 1453
2 2641
2 1800
2 1878
2 2354
2 1332
2 1638
1 2793
2 120
2 1314
1 194
1 1910
2 1247
2 2014
2 645
2 1430
2 669
1 2185
2 2777
2 1373
2 1213
2 1091
1 1191
1 1337
2 237
1 1098
1 2576
1 1679
1 1813
2 1387
1 1147
2 2669
2 772
2 1762
1 832
2 1590
1 1843
2 2145
1 745
2 1255
1 1578
1 1110
1 689
2 977
2 1039
1 1883
2 2709
2 693
1 486
2 1095
2 1711
2 2225
2 424
2 1534
2 654
1 849
1 2384
2 2103
2 1577
2 850
2 1536
2 638
2 2674
1 2266
2 980
2 1330
2 120
2 2544
1 477
1 14
2 1007
1 1145
1 1667
2 2745
2 2012
1 695
2 2034
2 660
1 1512
2 2651
2 1506
1 2528
1 109
1 1204
1 1236
1 64
1 1326
2 1084
2 1140
1 1394
2 2116
1 2166
2 2407
2 1277
2 2390
1 1089
1 440
2 1816
1 2123
1 58
1 2165
2 1266
1 570
1 2421
1 2458
2 231
2 649
2 634
2 113
1 797
1 1741
1 787
1 1271
1 1103
2 363
2 1023
1 156
1 2077
2 2792
2 1408
1 2271
1 1128
1 2755
2 1893
2 2791
2 2101
1 1549
1 141
1 1061
1 692
1 893
2 2372
1 2234
2 2177
2 516
2 1014
1 21
2 737
1 186
2 891
2 2743
2 1127
1 1718
2 78
2 2447
1 66
1 306
1 65
1 2679
2 670
2 2612
1 1282
2 2268
1 2656
1 1891
1 2543
1 2017
1 459
1 1916
1 725
2 1118
1 858
2 245
2 619
2 1918
1 2512
1 1985
2 2227
2 1328
1 823
2 701
1 2063
2 2666
2 2638
1 768
1 2395
2 1985
1 635
2 1747
2 1989
2 1163
1 51
2 2142
1 840
1 494
1 706
1 1169
1 2153
2 905
1 249
2 1528
1 1920
1 2182
1 1808
2 1278
2 392
2 1149
1 1541
1 1250
2 688
2 2625
2 465
2 2588
2 2193
2 1829
1 93
1 2290
2 1798
1 599
1 1157
2 921
1 199
2 98
2 1070
2 55
2 1956
1 281
2 2369
1 69
1 707
1 1674
1 1598
2 1866
1 2454
1 1434
1 470
2 2537
1 2537
2 1026
2 902
2 88
2 138
1 1923
2 1150
1 2434
1 1226
2 1224
2 1913
2 783
1 1329
1 2241
1 614
2 1559
2 452
1 2234
1 400
1 1938
1 449
1 722
1 1834
1 2409
1 2433
1 1807
1 2292
1 1826
1 895
1 2297
2 2171
1 883
2 1799
1 763
2 921
1 40
2 1141
2 2707
2 1882
1 767
1 1311
1 989
2 1406
2 2583
2 2078
2 505
1 1233
2 2473
1 787
1 1461
1 1755
1 757
1 1789
1 2309
1 1179
1 2699
1 964
2 1603
2 123
2 1913
1 1109
1 413
1 2080
2 2718
2 2568
1 785
1 1148
2 965
1 1911
1 1070
1 444
2 1802
2 153
1 70
1 1755
2 1937
1 1592
2 2651
2 2650
2 1668
2 28
2 861
2 1192
2 335
2 2228
2 2496
1 2677
1 13
2 742
2 2692
1 1628
2 2774
1 2295
2 96
2 11
2 564
2 636
1 2724
1 1433
1 557
2 1888
1 377
2 2750
1 2068
1 1232
2 344
2 1533
2 2047
2 308
2 1972
1 922
1 422
2 294
2 2044
2 2734
1 526
2 2578
1 1374
1 1597
1 2053
2 32
1 319
2 1096
2 470
2 2425
2 734
2 567
1 1363
1 1628
1 579
1 1732
2 1497
1 1929
1 1148
2 2504
2 1112
1 2608
1 2505
2 289
1 1444
2 1467
1 1268
1 1949
2 1245
1 972
2 2775
2 1302
2 1123
1 10
2 1907
1 2560
1 1872
1 868
2 2092
1 1798
1 1648
1 968
1 596
1 522
1 1784
2 2020
2 1611
1 2696
1 2587
1 599
2 1267
1 133
2 1154
2 747
1 1542
2 1995
1 1376
1 1083
1 718
2 368
2 386
1 1185
2 1389
2 100
1 1745
1 914
2 1238
2 2336
2 1161
1 2459
2 321
2 1105
2 150
2 2789
1 2250
2 1325
2 1837
2 324
2 2463
1 1489
1 2798
2 2727
1 2653
2 653
2 304
1 2276
1 1196
1 1769
2 1048
1 1006
2 643
2 471
2 568
1 253
1 1709
2 2718
1 1690
2 1739
1 65
2 1211
1 45
1 729
1 806
1 544
1 631
2 1392
1 1347
1 723
1 1423
2 245
1 605
2 2180
2 1487
2 251
1 528
2 55
1 896
1 924
2 459
1 1639
2 85
1 119
1 2043
2 553
1 1017
1 481
1 2738
1 672
2 1048
2 2659
1 1138
1 1773
2 2534
2 1748
2 473
1 2572
2 827
2 751
2 104
2 1903
1 1951
1 1733
2 2426
2 1721
2 1827
1 666
2 1818
2 796
1 1351
2 2702
2 2746
2 966
2 27
2 1065
2 296
1 1013
1 2564
2 2655
1 1870
2 826
1 2335
1 932
2 2600
1 2203
2 620
2 481
2 1025
1 257
1 2100
1 1030
1 1498
1 587
1 2686
2 1319
2 1210
1 293
1 2075
2 2670
1 2093
2 2178
2 9
1 2316
1 474
1 2271
2 2035
2 1300
1 2619
2 901
1 2095
2 2002
2 570
1 684
2 574
1 1973
1 155
1 411
2 1960
1 1850
1 681
1 1515
1 313
1 432
1 2565
1 2037
2 1297
1 942
2 2304
2 273
2 1247
1 2198
2 2656
1 2626
1 1534
2 1782
1 529
1 821
1 772
1 2029
2 682
1 2031
2 1182
1 2264
2 2436
2 1263
1 978
2 102
1 1600
2 1581
1 2418
2 169
2 2608
2 82
1 2424
1 185
2 1065
2 1372
2 1239
2 898
2 2740
2 216
1 2169
1 70
2 1965
2 1223
1 678
1 351
1 1836
2 1794
2 105
2 2417
2 727
1 1731
2 635
1 189
1 1158
1 474
2 2202
2 170
2 615
2 126
2 1847
1 1772
2 2359
2 2155
1 438
2 1621
2 508
2 61
1 475
1 107
1 1955
2 334
2 1618
1 427
1 391
1 1097
1 2294
1 923
2 1025
1 598
1 2032
2 2513
1 1281
2 95
2 2057
1 1053
1 1332
1 655
2 682
1 2326
1 342
2 2557
1 1153
2 1689
2 658
1 397
1 1814
2 2384
2 1015
1 1491
2 1999
2 1168
1 2354
1 410
1 2617
1 1904
2 2051
1 1410
2 1898
2 1341
2 1572
2 2176
1 2604
2 76
1 198
2 2189
1 1056
1 381
1 386
2 76
1 2332
2 300
2 1040
2 101
2 2703
1 749
1 4
1 1951
2 2405
1 1815
2 1785
2 1914
2 2240
1 924
1 1490
2 2416
2 2174
2 1286
1 2362
2 480
2 985
1 1593
1 545
1 1168
1 1937
1 1117
1 2633
1 2638
1 726
2 2523
1 1684
1 2168
2 696
1 526
2 1207
2 2624
2 2307
2 2192
2 1269
2 2074
1 2147
2 1778
2 1847
2 2705
1 2492
1 907
2 884
1 1404
2 2755
2 2577
2 2148
1 702
2 203
2 237
1 433
2 2675
1 2442
1 1160
2 1190
1 2003
2 2599
2 644
1 2620
1 53
1 2419
2 2066
1 332
2 260
1 2085
1 1811
2 879
1 1927
2 1222
2 1866
1 1246
1 1338
2 1253
1 720
1 1324
2 894
1 136
1 2149
1 2285
1 118
2 939
2 796
2 2173
1 889
2 2545
2 1592
2 1529
2 2189
2 2151
1 1971
2 2555
1 2720
2 1252
2 2249
2 2353
2 1079
2 1480
2 603
2 571
1 401
2 2194
1 2303
1 909
2 659
2 1257
2 857
1 1751
1 71
2 2575
2 1008
2 2150
2 2312
2 1191
1 113
2 268
2 1569
2 2209
1 1220
2 702
2 1165
2 2780
1 936
2 2098
2 186
1 1731
2 216
1 267
1 1699
2 2690
2 1779
1 1110
2 154
1 1701
1 2106
2 1031
1 2598
1 1030
1 2531
1 500
2 1138
2 469
1 784
2 2404
1 2520
1 2269
2 106
1 1656
2 2634
1 1300
1 2084
1 703
1 301
2 633
1 1328
2 1046
1 522
2 1169
2 20
2 2092
2 167
1 1478
1 2246
1 1716
2 1102
2 1754
1 1248
1 1549
2 1915
2 2427
1 864
1 664
1 2538
2 2300
1 825
2 2673
1 886
2 2747
1 2090
1 227
2 2257
2 1961
1 674
2 2002
1 490
2 1436
1 2500
1 1426
2 720
2 356
2 2532
1 2591
1 1924
1 539
2 1579
1 463
1 1683
1 919
2 2259
2 2202
1 591
1 1897
1 587
1 300
1 1381
1 1622
2 2710
1 875
2 2203
1 1244
1 2103
1 2404
2 396
2 1869
1 1377
2 174
1 2766
2 1072
1 2585
1 249
1 446
1 944
2 30
2 1705
1 582
2 218
2 2420
2 2274
2 2027
1 2238
1 1859
2 1779
1 2427
1 213
2 1475
2 2413
2 421
1 435
2 1967
2 1069
2 1081
2 1646
2 277
1 174
2 2148
1 680
2 37
2 2305
1 325
1 1596
2 1034
1 744
1 1524
1 330
2 2453
1 271
2 1977
1 1816
2 1693
1 2149
2 1580
1 382
2 784
2 679
2 1595
1 2215
2 131
1 403
2 1766
2 2170
2 1123
2 1268
2 1394
2 94
1 1207
2 1344
2 1228
2 863
2 588
2 247
1 535
2 1917
1 1748
2 1759
1 2255
2 1079
1 2665
2 2072
2 2451
1 1145
2 2221
1 786
2 1527
2 856
1 258
1 2433
2 1174
1 1385
1 888
2 1786
2 1691
2 1379
2 563
1 2522
1 1338
2 417
1 2280
2 407
2 2785
2 206
1 1739
1 830
1 1793
2 2082
1 2121
2 1889
2 1143
2 677
1 1930
2 1624
1 1414
2 1126
1 2336
1 2526
2 176
2 777
1 2119
1 1865
1 1899
2 1666
2 1466
1 1602
2 521
2 2564
2 882
1 1725
2 1742
1 2550
2 2087
1 1819
1 1317
1 2236
2 982
1 1327
2 2754
2 2346
2 1823
2 288
1 1139
1 2767
1 1523
2 233
1 1021
2 2743
1 778
1 1075
1 2557
1 248
1 2373
2 1054
2 2048
2 776
2 2414
2 178
2 2731
1 1348
2 2025
1 208
2 1176
1 1046
2 1613
2 2168
2 1216
1 2126
1 171
2 1062
1 2748
2 2631
1 2623
1 1767
1 121
2 1505
2 1173
1 194
1 182
2 2240
1 2245
1 1860
2 646
1 805
2 122
2 2591
1 2639
1 46
2 343
2 2472
2 1016
2 1199
1 1015
1 859
1 1232
1 1018
2 889
2 1160
2 707
1 2414
2 1646
2 2288
2 1777
2 1796
1 676
2 1515
2 1454
1 1309
2 1493
2 219
1 339
1 941
1 1562
2 973
1 813
2 371
2 1256
1 2451
1 805
2 2641
2 606
1 1088
1 472
2 715
2 569
1 384
2 1566
2 419
2 373
1 1375
1 614
2 816
1 1555
2 2491
2 2764
1 2154
1 2023
2 738
1 1677
2 1313
1 970
1 9
1 839
1 30
1 2556
2 1615
1 2524
2 795
1 454
1 224
2 1526
1 2067
2 1427
1 1700
2 495
2 2438
2 1244
2 415
2 1935
2 456
1 664
1 1806
2 2794
2 999
2 1583
2 1331
1 2285
1 2079
1 641
1 2481
1 2363
2 1005
2 1024
2 1609
2 2701
1 1665
2 1699
1 816
2 1368
2 1144
1 558
2 1969
1 2570
2 393
1 698
1 1714
2 340
2 1166
1 1385
1 2273
2 667
2 343
2 2447
1 1962
1 1724
2 1740
1 918
1 925
2 546
1 269
1 2060
2 72
2 775
2 690
2 1694
2 659
2 2352
2 1786
2 803
1 870
1 66
2 886
1 2613
2 1530
2 2469
2 851
1 903
1 1032
1 411
1 704
2 323
1 1964
1 2183
1 847
1 1520
2 339
2 755
1 2517
1 1953
1 287
1 1227
1 2773
2 601
2 91
2 63
1 443
2 1730
1 1009
2 1547
2 2619
2 448
2 228
1 1335
1 1331
2 1803
1 1812
1 1708
2 27
2 341
2 1407
2 988
2 1692
2 225
1 2763
2 2055
2 2464
1 1498
1 1414
2 545
1 1996
2 163
1 434
1 773
2 227
2 402
2 328
2 1154
1 791
1 215
1 1830
2 1092
1 1588
1 1118
2 572
2 713
2 1367
2 1652
1 881
1 1910
1 2563
2 17
1 2249
2 2474
1 1555
2 1626
2 1821
2 1690
2 1120
1 1241
1 184
1 1052
1 1012
1 795
2 276
2 2037
1 998
1 47
2 1195
1 1921
1 2486
2 917
1 125
1 1709
1 1055
1 2217
1 814
1 2719
2 997
2 1569
1 2781
2 1687
1 1997
2 1993
1 280
1 1918
2 1582
2 1020
2 891
1 2658
1 2711
1 808
1 2033
2 1558
2 925
2 482
1 1719
1 1696
1 2416
1 2554
2 1880
2 467
1 1919
2 2198
2 1588
1 622
2 1856
2 60
2 1343
2 2177
2 665
2 2670
2 39
1 779
2 2058
2 1900
1 991
1 1661
2 1044
2 507
2 2748
1 1662
1 1718
2 316
1 910
1 1865
2 2083
1 1859
2 1246
2 1068
1 1922
2 101
1 616
2 311
1 1360
2 841
2 560
1 1923
2 441
2 1214
1 948
2 1049
2 1622
2 2027
2 418
2 1299
2 2398
1 2044
2 2516
1 2706
1 1451
2 127
1 642
1 657
2 2455
1 513
1 655
2 1418
2 51
2 2334
2 1643
1 462
1 1775
2 2393
2 1672
2 584
2 2400
1 2646
2 2388
2 517
2 2585
2 1521
1 2669
1 1981
1 556
2 1520
2 2380
2 2644
2 628
1 149
2 1992
2 1146
2 2658
1 152
2 1043
1 8
1 2757
2 1658
1 951
2 721
1 164
1 1195
1 1876
2 315
2 5
1 668
1 1437
2 2646
1 2292
2 2286
2 1396
2 1557
1 38
1 1469
1 959
1 56
1 616
1 2456
2 64
1 2256
1 23
2 532
1 2446
2 2741
2 2533
1 2713
1 2413
2 393
2 1873
2 2760
2 259
1 1342
1 1457
1 917
1 2423
1 154
1 1047
2 1655
1 2296
2 1970
1 38
1 2090
2 2472
2 907
2 347
2 2661
1 2176
1 1495
2 220
1 2729
2 169
1 1997
2 1522
2 117
2 1952
1 1840
1 1181
2 450
2 2548
1 2326
1 1116
1 836
1 1323
1 1327
1 2599
2 313
1 970
1 1060
1 2347
2 1545
2 1284
2 1886
2 1230
2 663
2 1304
1 2340
1 2022
2 2353
1 2327
1 1480
1 416
2 347
2 2493
1 1135
2 2061
2 447
2 381
2 2247
2 2678
1 251
2 2629
2 2407
2 1703
1 496
2 727
1 1261
2 365
2 855
1 2300
1 1746
1 845
1 2785
2 1948
2 302
2 352
2 878
2 1819
2 694
1 1115
1 1794
1 910
1 1442
2 1350
1 2170
2 1778
2 1608
1 328
1 498
1 2622
2 630
2 919
1 2237
1 1253
1 996
2 2663
1 1583
2 819
2 1728
1 1730
1 1448
1 380
1 596
1 2223
1 2398
1 471
1 270
2 2313
1 2685
1 378
2 1559
2 1304
2 1312
2 1849
1 2064
2 2378
2 2351
2 2085
1 773
1 1552
1 613
2 108
1 1104
2 744
2 1846
2 36
2 1853
1 501
2 529
2 1431
1 1696
2 2248
1 67
1 1149
1 2697
1 290
2 222
2 1044
1 2486
2 2142
2 2704
1 2747
2 948
1 2071
2 365
1 1797
2 1180
1 2693
1 2161
1 1587
1 2251
1 2255
1 103
2 717
1 2437
2 865
2 2595
2 388
2 2538
2 830
2 1391
2 1541
2 2366
2 1035
1 730
2 851
2 2267
2 1623
2 2795
1 337
1 1884
1 1651
2 2428
1 2716
2 256
2 2728
1 945
1 2158
1 2471
1 1966
2 442
2 2485
2 1936
2 2102
1 1428
2 862
1 2131
1 2009
2 548
2 1906
1 714
2 207
2 1073
1 175
1 736
1 2015
1 1548
1 180
2 1817
1 443
2 2788
1 2004
2 712
1 2226
1 1380
2 1265
1 602
2 1540
2 512
1 764
2 487
1 157
2 2425
2 1084
1 859
1 2396
2 1708
2 2771
2 121
1 834
1 2321
1 1984
2 335
1 661
1 1008
1 1288
2 879
1 1805
1 1868
1 1915
2 2776
2 289
1 818
1 2657
2 1531
1 1254
2 550
2 1635
2 2460
2 2089
2 29
2 1926
2 2197
1 1990
2 99
1 1900
2 276
2 1545
2 1339
2 1429
2 2543
1 230
2 1525
1 670
1 853
2 531
2 2796
2 779
2 2371
2 211
1 1797
2 911
1 2279
1 168
2 1357
2 928
1 2423
2 83
2 1458
2 2151
2 1975
2 916
1 1762
2 1122
1 2716
2 385
2 2739
2 2273
1 1645
1 369
1 2307
2 1852
2 1537
1 221
2 1571
2 1459
2 2483
2 84
1 248
2 579
1 142
2 1969
2 691
2 1839
1 389
1 1124
1 2744
1 2218
2 559
1 843
1 1221
2 2344
2 1202
1 752
2 1714
2 414
2 2364
2 2074
2 2468
1 2607
1 1077
2 915
2 566
2 163
1 2461
2 312
1 281
2 168
1 197
2 2060
1 2325
1 715
2 1582
2 1828
1 2611
1 1663
2 398
1 1647
1 2583
2 86
2 930
1 1063
2 1359
1 1022
2 1787
1 2033
2 2196
1 1059
1 2102
2 2330
2 820
2 233
1 2615
2 1413
2 1330
1 345
2 1899
2 487
2 1839
1 976
1 2429
1 1092
1 1200
2 1004
2 497
1 829
2 1750
1 207
1 974
1 2488
2 1701
1 2262
1 647
2 972
2 828
2 252
1 1271
1 407
1 1352
2 558
2 1067
2 2007
2 1112
2 1388
1 2301
2 1290
2 2018
2 1815
2 2248
1 1947
1 2099
2 2282
1 2519
1 1706
2 649
2 2778
1 1305
2 740
2 170
2 2056
2 1878
2 1675
1 1286
2 1827
2 1528
1 839
2 1671
2 452
1 2237
1 2328
2 1651
1 449
2 2224
1 2756
1 73
1 985
1 1508
1 749
2 686
2 1685
1 1272
1 598
1 2546
1 2310
1 1523
2 780
1 2749
2 2561
2 414
2 756
2 1374
2 175
2 922
1 550
2 1027
1 1474
2 2434
1 144
2 2059
1 2598
2 2710
2 926
1 586
1 2026
1 1780
2 421
1 2160
1 2484
2 1459
2 758
2 1813
1 1706
1 191
1 2345
1 1724
2 1382
2 1525
1 541
2 799
2 2253
1 1654
1 128
1 309
1 2758
1 1490
2 2798
2 2605
2 2096
2 2363
1 2081
2 1670
2 1560
1 872
1 340
1 935
1 824
1 1260
1 2291
1 1451
2 518
2 883
2 1470
2 627
1 2073
1 610
2 2737
2 75
2 2181
2 16
1 1570
2 2596
2 2796
2 2143
1 697
2 743
2 2295
2 1012
2 146
1 2593
2 1695
1 1036
2 692
2 1218
1 438
2 1438
2 1501
1 2106
1 1568
2 1734
2 422
1 103
2 1874
2 1003
2 1925
2 766
1 1474
2 2494
2 1124
1 1574
1 84
2 1848
1 68
1 450
2 2630
2 2368
2 1152
2 950
2 1554
2 1874
1 716
2 2588
1 1949
1 920
2 2422
1 2008
2 478
2 1795
1 1620
1 298
2 358
1 1884
2 1504
1 912
2 15
2 2498
2 2228
1 2358
2 2110
2 2391
2 843
2 565
2 1447
1 607
1 1053
2 1510
1 115
2 206
1 263
1 315
2 2626
2 2133
2 625
1 2779
2 876
2 1127
2 2110
1 504
1 2267
1 372
2 2772
1 1142
2 1965
1 1056
2 2753
1 479
2 2010
1 2691
2 260
1 1308
1 2629
2 1175
1 729
1 1491
2 2301
2 105
2 1658
1 1499
1 1486
2 601
1 205
2 306
2 793
1 374
1 2662
1 1682
2 1775
2 2114
2 2652
2 2021
1 1909
1 1398
1 929
2 1043
1 1761
2 817
2 1935
1 1393
2 43
1 2643
1 2657
1 760
1 2477
2 457
2 1136
2 2024
1 1364
2 1988
1 2097
1 1886
1 1991
2 1808
2 975
1 1782
1 2574
1 1833
1 1243
1 1218
2 949
1 1771
1 375
2 1557
1 1599
2 2515
2 2144
1 1802
2 1114
2 1931
1 1478
2 492
2 1992
2 1449
2 1447
1 2509
1 1790
1 2794
1 1717
1 1943
2 880
1 584
2 1098
1 1995
1 2049
1 2231
1 2410
2 333
1 2648
2 2359
1 578
2 2578
1 1051
1 996
2 761
1 1994
1 1842
2 2030
2 2219
2 540
1 1720
1 986
1 1276
2 2484
2 576
2 1384
2 2698
2 955
2 1146
2 800
2 1638
2 566
1 2679
1 2193
1 2684
1 2201
2 765
2 1458
1 2731
2 1662
2 1793
1 722
1 1019
2 621
2 1876
2 1978
1 2380
1 1412
1 1270
1 1136
1 208
1 2213
1 1363
2 275
2 935
2 2620
2 969
1 2637
2 183
2 2324
2 2552
1 284
1 2138
1 1440
2 1050
1 2601
2 2192
1 241
1 2132
2 132
2 432
2 2275
2 1142
2 12
1 1415
2 1128
2 2466
1 704
1 1319
2 246
2 1113
1 2120
1 1958
2 2006
2 1351
1 342
2 1892
1 1796
2 1911
2 743
1 2517
2 1277
2 1990
1 2562
1 568
1 2458
1 1934
2 1058
2 1570
1 1033
1 1343
2 360
1 1417
2 1604
2 1752
2 496
1 2146
1 364
2 831
1 1270
2 2282
2 392
2 214
2 1340
2 1743
2 2582
1 1641
1 2661
2 1067
1 2405
2 488
1 688
1 792
1 1898
2 1526
2 882
2 2088
1 1979
1 1403
1 1481
1 2185
2 238
1 774
1 1276
2 2011
1 2475
1 2787
2 464
2 1426
2 2011
1 1399
2 1212
2 2136
2 2390
2 700
1 1161
1 510
2 697
2 1903
1 75
2 1518
1 284
1 2529
2 624
1 643
2 892
1 7
2 812
2 2172
2 1952
1 2523
2 1228
2 1094
1 957
1 705
1 2257
1 677
2 1849
1 1634
1 295
2 1831
2 1544
2 107
1 1921
1 1450
2 802
1 1080
2 1201
2 2006
1 748
2 2740
1 2639
2 1000
2 2527
1 2450
2 246
2 973
2 1692
2 2412
1 838
1 389
2 2199
2 645
1 338
2 849
1 1567
1 461
1 703
2 503
2 456
1 2179
2 1513
2 1424
2 1880
2 1370
1 1875
2 1001
2 2502
1 937
1 111
1 1406
2 1093
2 420
2 1631
1 2052
1 2567
2 130
1 619
1 178
1 2707
2 2576
2 161
2 2476
2 793
2 1333
2 2667
2 2562
2 934
1 1063
2 402
2 69
1 2618
2 543
1 330
2 617
1 1513
1 2714
1 1742
2 1291
1 461
2 547
1 2122
2 1260
1 418
2 2730
2 2628
1 2302
1 502
2 1567
2 581
2 2487
1 1511
1 219
2 1395
2 943
2 140
1 1283
2 2746
2 1863
2 16
1 2726
1 2766
1 142
1 2428
1 1285
2 1630
1 938
2 2773
2 2782
2 2195
1 26
2 1378
2 239
1 80
1 1022
2 1369
2 1405
1 363
1 61
2 2449
2 2297
2 1500
1 1707
1 1133
2 455
1 1665
1 86
1 767
1 698
1 1097
2 190
2 2507
2 322
1 771
1 888
1 604
1 2609
2 2387
2 898
2 1924
2 2531
2 359
2 1563
1 2277
2 1209
1 761
1 1587
1 2046
2 2089
1 1252
2 2311
2 1993
1 1867
1 1862
2 2754
1 2086
2 651
1 2333
2 2315
1 2602
1 2784
2 738
1 1180
2 1465
1 2169
2 675
1 2757
1 2244
1 1660
2 1591
2 409
1 1609
1 1543
2 2128
1 2694
2 1636
1 2688
2 2515
2 2062
2 2137
1 2004
1 1336
1 2635
2 2290
2 229
1 1729
1 518
1 2408
2 261
2 437
1 777
2 1003
2 2152
1 1001
2 1509
2 2342
2 2541
2 2467
1 2556
1 1729
1 1381
2 139
2 308
1 1680
1 1676
1 1130
2 1680
2 368
1 1111
1 626
1 1
2 1941
2 2760
2 344
1 5
1 2162
1 1573
1 1466
2 97
1 288
1 741
1 2542
2 326
2 1518
2 2157
2 949
1 394
1 2699
1 2350
1 1578
2 1947
1 122
2 732
1 1259
2 2467
1 1837
2 1642
2 2323
1 1734
2 2470
2 759
1 1444
2 2703
1 1687
1 2581
1 798
1 1627
1 1835
2 336
1 1590
2 2509
2 1309
1 641
1 1673
1 1453
2 1017
2 1264
2 1845
1 2049
1 1074
1 181
2 867
1 1245
1 322
2 532
2 1727
1 2540
1 610
2 837
2 2386
2 1844
2 1625
2 1877
1 894
1 127
1 940
2 531
1 464
1 1405
2 1329
2 265
2 348
1 846
2 31
2 2216
2 2214
1 2140
1 1672
1 106
2 1546
1 989
2 2118
2 1814
1 2717
2 1215
2 2442
1 2547
1 1409
1 1721
2 913
2 155
1 1633
2 834
1 130
2 1713
2 2258
1 190
1 959
1 2660
2 426
2 2506
2 1182
2 2456
2 1688
2 2735
2 1415
1 1334
1 2631
1 638
2 1890
2 2756
2 220
2 2528
2 1576
1 1102
1 575
1 590
1 982
1 2134
1 824
1 676
1 770
1 2
1 1318
1 832
1 892
2 458
1 357
1 2283
2 1457
1 2308
2 2761
1 1500
2 210
1 1342
2 397
1 958
1 1668
1 1757
1 2612
2 1519
1 1640
1 2448
1 2040
2 1531
2 592
2 2762
1 1358
1 1496
2 423
1 1887
1 2366
1 2778
1 1649
2 271
2 2495
2 1968
1 1365
2 2445
2 304
2 2568
2 1722
1 909
2 521
1 2457
1 1361
1 2462
1 873
2 2559
2 2135
1 395
2 2291
2 562
1 2723
2 1445
2 1764
2 1657
1 1125
1 1364
2 1121
2 2146
2 2111
1 2191
1 640
2 2530
1 2001
1 869
1 822
2 1881
1 2566
2 502
1 699
1 2159
1 624
2 2660
2 1509
1 123
2 173
2 2352
1 527
1 204
2 2331
1 277
2 124
2 2558
2 1616
2 118
1 2474
2 2663
2 475
2 1
2 1345
2 1851
2 434
2 1790
2 780
1 2242
1 376
2 2786
1 1196
1 371
