5100 2500
2 1041
1 726
1 877
2 300
2 18
2 1556
1 222
1 1640
1 1910
1 157
1 1240
1 1912
1 1534
2 2134
2 2271
1 2032
2 2164
2 2384
2 1793
2 1049
2 123
2 382
1 685
2 360
1 1287
2 2208
1 2114
2 2300
1 457
2 930
1 16
2 2112
2 2228
1 2291
1 102
1 1202
2 1488
1 773
1 1065
2 2149
1 135
1 915
1 1074
1 1561
2 761
2 895
2 1945
2 643
2 972
1 763
1 480
2 1620
1 956
2 1259
1 1774
1 1200
2 1996
1 1837
1 1698
1 2130
2 489
1 214
2 2242
1 283
1 566
1 1011
2 1255
1 2470
1 1454
2 152
2 1096
2 1895
2 682
1 434
1 1116
1 666
1 326
1 1349
1 173
1 1052
2 48
1 423
2 1463
2 776
2 492
2 344
1 1109
2 1426
1 925
2 1266
1 2331
1 60
1 230
1 1169
1 1594
2 921
1 1572
2 448
1 1041
1 1225
2 1433
2 1678
2 1387
2 1094
2 1668
1 971
1 348
1 2328
1 2107
1 979
1 2520
2 1025
1 901
2 398
2 1122
2 1867
2 432
1 537
2 196
1 2266
2 1603
1 2412
1 1684
1 1243
1 523
2 1283
2 1853
1 900
2 1799
1 1652
2 1993
2 2446
1 2480
1 2110
2 554
2 1702
2 656
2 227
2 41
1 2460
2 2404
1 641
2 1394
2 1855
1 934
2 1773
1 1413
1 2517
2 2320
1 1223
2 846
2 1380
2 830
2 299
2 2169
1 192
2 2481
2 52
2 1704
2 2007
1 1656
1 306
1 1979
2 2375
2 61
1 967
2 1725
1 1552
2 1869
1 2353
1 304
2 2475
2 1943
1 1596
2 182
2 22
1 1746
2 725
2 709
1 936
1 1463
1 1484
2 1478
1 311
2 1368
2 2528
1 672
2 991
1 1691
1 1140
2 4
2 1396
2 1670
1 1630
1 170
2 1787
2 2282
2 1592
2 302
1 1911
2 1193
2 2084
1 294
2 1384
1 2305
2 1598
2 1470
1 1998
1 1461
1 1184
1 2287
2 521
2 1607
2 2391
2 861
1 2383
2 1868
2 1792
1 524
1 368
2 2395
2 1633
1 363
1 261
1 893
1 899
1 2062
1 1919
2 440
1 1256
1 1321
1 1886
2 1543
1 1481
1 1961
1 1469
2 1254
1 592
1 200
1 1637
2 1457
1 1788
1 517
1 1285
1 2499
1 361
1 1336
2 503
1 339
1 2141
2 155
1 2390
2 1078
1 2273
2 1481
1 558
1 2131
2 515
2 1750
2 805
2 2389
2 714
1 1518
1 1591
2 1210
2 173
2 1749
1 831
2 1145
2 1487
2 449
2 1245
1 775
1 1172
1 741
2 2386
1 1371
2 2526
1 146
1 1297
2 1810
1 2414
1 1829
1 1627
2 559
1 1148
2 290
1 1450
1 2527
1 1944
1 444
1 289
1 1845
1 1918
2 1250
2 1680
1 2450
2 125
1 1103
1 330
1 553
2 90
2 2107
2 1122
1 2333
1 2132
1 656
1 2088
1 1902
2 1714
2 1494
1 118
1 2199
2 2504
1 2104
2 415
2 1468
1 1357
1 258
1 2060
2 183
2 906
1 1246
2 608
2 1217
2 933
1 497
2 941
1 2116
2 973
2 2081
2 1575
2 1263
1 1477
1 386
2 2290
1 454
2 425
1 2346
1 111
2 1652
1 996
2 87
2 856
2 1427
1 2231
1 129
2 526
2 1521
2 1092
2 2184
2 582
1 2102
2 1152
1 1205
1 1181
2 2550
2 363
2 65
2 1821
2 1815
1 2514
2 801
1 1042
2 869
2 1324
1 1081
1 1596
1 939
2 199
2 1382
2 1671
1 1791
1 122
1 1685
1 2141
2 2262
2 1173
1 2137
2 1813
1 1418
2 2284
1 754
2 2506
1 1118
1 1553
1 995
2 145
1 147
1 1809
2 101
1 468
2 585
2 1722
1 2387
1 296
1 1531
2 2504
2 1759
2 692
2 860
2 1217
1 396
1 2328
2 1555
1 1043
1 501
1 1966
1 1195
2 926
2 1631
2 668
1 577
2 953
1 1333
1 186
2 1911
1 1286
1 2323
2 1821
1 1330
1 2015
2 1308
1 1738
2 597
1 405
1 1742
1 1097
2 2379
1 189
1 1313
1 871
1 2296
2 1182
2 1202
2 1960
2 56
1 2210
1 966
1 708
1 1592
1 610
1 328
2 1529
2 716
2 2213
1 1754
2 1317
2 2413
1 1906
2 1334
1 1207
1 2175
1 1539
1 923
2 406
1 1537
2 357
1 681
1 11
2 715
2 2068
1 1938
2 1114
1 1709
2 1742
2 1386
2 2388
2 2337
1 536
1 578
2 53
2 81
1 1887
2 1655
2 486
1 807
2 1881
2 587
1 1166
1 1311
1 1536
1 2307
2 687
1 579
2 15
2 1676
2 2424
2 334
2 2422
1 1091
2 329
2 1174
2 726
1 2186
1 342
2 1826
1 1000
1 2499
2 266
1 1893
1 945
2 1752
2 336
2 489
1 623
2 54
1 1277
2 24
2 1425
1 1883
2 379
2 2205
1 548
2 1887
2 150
1 1707
2 1645
1 815
1 171
2 50
1 401
1 2118
2 88
2 312
1 506
1 722
1 1840
2 433
2 2031
1 843
1 12
1 65
2 2202
2 1915
2 2497
2 688
1 621
1 450
1 2179
2 319
2 2222
2 1061
1 260
1 2130
2 2228
1 509
1 2171
2 793
1 307
2 452
1 381
2 2406
1 2350
2 994
2 204
2 1884
1 576
1 1021
1 1695
2 2292
1 1994
2 26
1 2392
2 1959
1 780
1 209
2 1745
2 98
2 2514
1 291
2 1861
2 2067
2 1229
1 605
2 907
2 1850
1 2472
1 1770
2 169
1 205
2 1687
2 2259
2 136
1 2153
1 1935
1 1886
2 2192
1 854
2 394
1 2096
2 2151
1 2073
2 2220
1 1430
2 692
1 2466
2 2036
2 1054
1 1617
2 409
2 2195
2 442
2 630
1 1436
2 2100
2 1372
2 2043
1 1077
2 2548
1 1444
1 694
2 2448
1 912
2 1546
2 148
1 2091
1 2353
1 1626
1 235
2 1101
2 1648
2 110
1 1429
1 690
2 1696
1 1612
2 840
1 695
2 2080
2 133
1 211
2 2178
2 464
1 1677
1 1183
1 435
1 1147
1 2185
1 93
2 678
1 191
2 829
1 1745
2 2058
1 104
1 867
2 1056
2 1636
1 2496
2 1569
1 110
1 1597
1 1312
2 654
1 2190
2 1188
2 2066
2 1562
2 2105
2 2211
2 236
1 1758
1 367
2 109
2 1350
2 1813
2 2484
1 62
2 1938
2 1392
1 1410
1 2230
2 2535
2 1823
1 378
1 1370
2 696
2 1578
1 1738
1 496
2 1068
2 512
2 1485
1 538
1 1438
2 1087
2 1310
1 567
2 234
2 2176
2 1474
1 522
1 818
2 756
1 400
2 784
1 2494
1 282
2 2322
2 2145
2 756
1 2144
2 2204
2 978
2 1532
2 113
2 1600
1 1712
1 511
2 1290
1 619
2 2425
1 90
1 257
2 2516
1 94
2 1102
2 1516
1 1800
2 431
2 2313
1 429
2 2361
2 598
2 211
1 937
1 1913
1 2000
2 2441
1 604
1 1647
2 487
1 1299
1 1169
2 1662
2 1479
2 587
1 2324
2 1721
1 450
2 1710
2 305
1 1476
1 2077
1 670
1 1528
1 535
1 163
1 550
1 976
1 202
2 1607
2 1718
1 1517
1 342
1 1920
2 551
1 686
1 1836
2 2492
2 1847
2 1420
2 182
2 39
1 722
1 432
1 1236
2 1900
2 1843
1 135
1 1639
1 2059
1 935
2 2486
2 2008
2 538
1 2018
2 42
2 1590
2 2479
2 1632
1 2278
2 1227
2 1964
1 1711
1 999
2 2071
1 1400
1 1115
1 2185
2 898
2 1314
1 75
1 863
2 823
2 1026
1 354
1 973
1 707
1 2319
1 242
1 1007
2 787
2 1830
1 597
1 510
2 1670
1 1729
1 910
1 303
2 1703
2 1622
1 831
2 775
1 1332
2 302
2 126
1 1036
2 695
2 807
2 1765
1 1922
2 1267
1 1900
2 2315
2 84
2 1973
2 1435
1 1700
1 79
1 430
2 1306
1 2209
1 674
2 567
2 629
1 607
2 2253
2 679
2 631
2 467
1 2036
1 828
2 861
1 1138
1 1888
1 2083
1 1414
2 1834
1 2128
1 120
1 504
1 1124
1 1243
2 650
2 1408
2 252
1 767
2 92
1 1561
2 760
2 1313
1 874
1 479
1 1153
2 2077
1 1404
2 2308
1 569
2 1617
1 297
2 1223
2 137
2 1715
2 460
2 379
1 1772
1 785
1 1526
1 2129
1 1077
1 2354
2 1230
1 1928
1 2025
1 1276
2 287
2 1514
2 1253
2 1373
1 2103
2 2201
1 2396
1 688
1 551
2 2131
2 2173
2 107
1 403
2 1173
2 1642
2 2327
1 1362
2 2483
1 161
1 574
1 554
2 1780
1 826
2 2538
1 2521
2 2186
1 132
2 1067
2 2092
1 2373
2 2086
1 1907
1 1610
2 1744
2 797
2 2129
1 305
1 2497
2 782
2 733
1 31
2 2097
1 2224
2 105
1 1804
1 248
2 414
1 1155
2 1533
2 2194
2 1358
1 652
2 1200
1 2246
1 2470
1 1729
2 1385
2 1919
2 742
2 2193
1 444
2 1055
2 2010
1 2367
1 1726
2 2268
2 795
2 2445
2 293
1 1228
2 1477
1 1833
1 263
1 1184
2 284
1 1432
1 1268
1 1226
1 2333
2 1438
1 2264
2 1713
1 1220
1 628
1 1457
2 632
2 318
2 1904
2 162
1 1606
2 295
2 873
2 2122
2 1796
2 488
2 2029
1 106
2 1194
2 2201
2 1456
2 874
1 661
2 2152
1 1035
2 127
2 979
1 1874
1 38
2 1970
2 2026
2 1789
2 1312
2 2154
1 2550
2 2115
2 965
2 981
2 2473
2 1273
1 356
1 1339
2 1246
2 1772
1 2306
2 1030
1 82
2 599
1 1016
1 1117
2 1398
2 1182
2 794
2 2161
1 1006
2 1357
1 2285
2 680
1 1923
2 1783
2 2019
1 1616
2 2086
1 1137
2 1145
2 1212
2 1068
1 1119
1 2020
1 989
2 975
1 1047
1 833
1 1181
1 1424
1 534
2 28
2 2411
2 2359
2 1656
1 1429
2 2255
2 1141
2 1018
1 573
2 1987
2 1599
1 885
2 2189
2 2068
2 1131
2 1239
1 902
2 2463
2 439
2 319
2 1320
2 2258
2 2125
2 1594
1 1293
1 1334
2 2167
2 1934
1 1163
2 1711
2 716
2 157
2 1158
1 471
1 1925
2 57
1 1257
2 73
2 1379
2 2248
1 2368
1 934
2 2347
2 17
2 2509
2 782
2 187
2 178
2 1110
1 2014
1 2363
1 2344
2 2034
1 1787
2 944
1 834
1 719
1 1275
1 1278
1 2033
1 2396
2 473
1 890
1 481
1 997
1 2227
1 663
2 427
2 2085
2 844
1 2101
2 1511
2 975
2 1013
1 1705
1 2317
2 1451
1 442
1 401
2 923
1 552
2 679
2 1415
1 2066
1 2417
1 2381
2 2168
2 583
1 774
1 1194
2 312
1 1782
1 2251
2 321
1 533
1 1428
2 2117
2 37
2 2148
2 796
2 1464
2 264
2 2002
1 2532
2 122
1 2367
2 1152
2 1828
1 1687
2 1630
2 1498
2 469
2 239
1 1585
1 1492
1 1568
2 2330
2 682
2 2549
1 250
1 291
2 2259
1 1534
2 1469
1 1689
2 499
1 2311
1 1076
1 2000
1 1397
2 858
2 1309
1 2196
2 331
2 2543
2 1623
1 1814
1 1081
1 1571
2 1551
2 216
2 1929
2 133
1 411
2 501
1 1988
1 1694
2 353
2 1529
1 27
1 2252
2 2296
1 1376
1 1165
2 1434
2 480
1 253
1 150
2 889
2 1916
1 1022
2 627
2 2546
1 503
2 927
1 848
1 1643
2 2049
2 2045
1 1480
1 1954
2 2162
1 1132
2 496
2 376
2 1876
2 1574
1 2378
1 1046
2 1853
2 1724
1 1858
1 1795
1 1326
2 1573
1 740
1 1525
1 1322
1 1356
1 1768
2 1618
2 2001
1 1109
1 2043
1 2382
2 1462
2 1127
2 805
1 220
2 267
2 1509
2 1563
2 1716
2 1225
1 2004
1 758
1 1930
1 1628
1 693
1 2016
1 87
1 2302
2 870
1 1579
1 1017
1 181
2 1170
2 1327
1 723
1 348
2 1170
2 474
1 757
2 924
2 1440
1 536
2 2198
1 1462
1 1722
2 1924
2 1950
2 880
1 721
2 1208
2 1283
2 1220
1 734
2 408
2 2158
2 2399
2 1881
1 1144
2 365
2 116
2 1661
2 968
1 1070
2 579
1 1460
2 534
1 1263
1 2402
1 976
1 3
2 785
2 2076
1 1835
1 843
2 1593
2 1550
2 414
1 264
2 1364
2 882
1 2308
2 2168
2 2409
2 745
2 2012
2 2139
2 1281
1 1183
2 386
1 655
2 1026
2 2299
2 2536
2 2511
1 156
1 45
2 2410
2 2362
1 388
1 1667
1 2181
1 2471
1 1218
2 1209
1 2182
2 323
2 1455
2 1523
1 1873
2 907
2 338
1 2206
2 1803
1 390
1 424
1 2281
1 2341
2 274
1 1264
2 1374
1 1981
2 1975
2 1121
1 2417
2 2534
2 2044
2 1994
2 2041
2 200
1 864
1 2440
2 825
2 1309
2 570
2 1880
2 2123
1 987
2 1624
2 771
2 1648
2 2101
2 2339
2 1093
2 2094
1 1442
2 11
2 1129
1 2003
1 2507
2 2209
2 1036
2 1056
2 238
1 789
2 2319
1 2159
2 1039
2 1708
2 370
1 797
2 2458
1 731
1 926
2 927
1 385
2 2290
1 1443
1 364
1 1314
1 1698
1 74
1 8
1 13
1 1479
1 1206
1 1108
2 935
2 1909
1 1891
2 1190
1 639
2 1002
1 1260
2 459
1 273
1 1664
2 718
2 1249
1 938
2 561
2 2212
1 1983
2 1646
2 1763
1 1816
2 2362
1 1346
2 1737
1 1797
2 840
1 1864
2 869
2 103
1 1965
2 1287
1 1120
1 2236
2 1231
1 1125
1 1216
1 518
2 1328
1 2342
1 1990
2 1134
2 1701
2 195
1 469
2 1789
2 792
2 1693
1 2457
1 802
2 1815
2 43
2 412
2 2079
2 1365
2 970
1 1989
2 618
1 1940
2 746
1 2548
1 1291
2 402
2 186
2 2360
1 645
1 2099
1 978
1 1427
2 1261
2 47
1 1373
2 2377
1 1802
2 909
1 1369
1 1627
1 1733
2 1095
2 223
1 745
2 1524
1 2518
2 517
2 2316
1 1798
1 964
2 1285
1 2120
1 2282
2 1178
1 1397
1 2175
1 1102
1 690
1 1419
2 2473
2 341
1 1799
1 1251
1 2352
2 1937
1 969
2 2195
2 1721
2 1817
2 25
2 2486
2 1187
1 1756
1 1845
1 1717
1 723
1 2254
2 15
1 527
2 1671
1 224
1 2321
1 359
1 1153
2 2445
2 278
1 2112
2 1524
2 664
2 393
2 1897
2 2121
1 2245
1 518
2 2265
1 671
2 2389
1 1388
2 737
1 680
1 854
1 1352
1 1458
2 1577
2 1306
2 586
1 599
2 2180
1 883
2 2528
1 1383
1 1927
2 253
2 1544
1 1300
1 435
1 1913
2 654
1 816
1 2538
2 1507
1 1146
1 549
2 1185
2 1494
1 544
2 2032
2 123
2 571
2 556
1 929
1 2374
2 125
2 1986
1 1496
2 1901
2 1582
1 887
1 1491
1 1753
1 369
2 532
1 2229
2 2366
2 791
1 1959
2 1635
2 1177
2 35
2 453
1 1364
1 1718
1 70
1 1675
1 2013
2 114
2 1100
1 2208
2 1190
2 2180
2 2225
2 2327
1 1490
1 528
1 1730
1 729
2 1443
2 1135
1 2144
2 862
1 2376
2 1044
2 1133
1 1092
1 2469
1 1501
1 2004
1 796
1 633
2 982
1 958
1 2194
2 360
1 1635
2 1342
1 206
1 1756
2 2148
1 600
2 592
2 602
1 1749
2 1339
1 1574
2 1508
2 1104
1 1048
2 1284
2 1540
2 1079
2 568
2 1884
2 2415
2 1219
2 1949
2 2346
2 241
1 2505
2 483
2 1399
2 621
2 1804
1 1493
1 689
1 636
2 718
2 1091
2 2082
2 1203
2 589
1 2289
2 2349
1 1726
1 59
1 525
2 2081
1 316
1 947
1 1003
1 2507
2 1335
2 2214
1 22
1 1550
2 2099
1 971
2 2439
1 272
1 891
2 1318
2 1989
1 986
1 1620
1 2021
2 385
2 371
2 885
1 549
2 2429
1 407
2 811
2 1580
2 1095
2 2253
1 1587
2 1297
1 1205
2 914
2 969
2 658
2 2400
2 596
2 1997
1 1590
1 1732
2 1441
1 1822
1 1860
2 1007
1 433
2 2397
2 860
2 415
1 1499
2 1116
2 1755
2 2257
1 1419
2 507
1 89
2 1232
1 1939
2 2142
1 746
1 895
1 21
1 484
1 624
1 1307
1 172
1 820
2 712
2 546
1 2370
1 1932
2 1771
2 1758
1 262
2 1600
2 2283
1 509
1 2157
1 1380
1 1797
1 2489
2 100
2 70
1 156
1 293
1 1956
1 2420
1 474
1 361
2 422
1 553
1 2183
2 1676
2 648
1 2116
2 1032
1 1375
1 2463
1 2355
1 352
1 2339
1 1405
2 1360
1 2017
2 760
1 324
2 176
2 653
2 795
1 2226
1 977
1 1725
2 1345
2 1113
2 839
2 2547
2 730
1 643
2 55
2 2442
2 1873
2 271
2 713
2 77
2 459
1 237
1 85
2 2267
2 2025
2 2090
2 2024
1 383
2 985
2 491
2 1961
2 2263
2 1328
1 1298
1 71
2 1492
2 522
2 1167
1 1924
1 1946
1 1908
1 2016
1 1101
1 1909
1 2089
2 1567
1 2163
2 2347
2 248
2 20
2 529
2 240
1 825
2 349
1 1558
2 954
2 1117
1 755
1 1204
1 1303
1 265
1 1803
1 1342
2 218
1 2523
2 138
2 1930
2 2248
2 1733
2 766
2 952
1 299
1 1692
2 1775
2 812
1 1858
2 2435
2 676
1 569
2 1279
1 1453
2 1806
1 1374
2 2369
2 167
1 1135
1 508
1 780
2 1782
2 803
2 1250
2 595
1 1038
1 2067
2 1069
2 106
2 2442
1 565
1 1384
2 403
2 367
2 1611
1 1939
2 1269
1 1790
1 1004
1 374
2 1955
2 2054
2 1700
1 1731
2 1256
1 2118
2 1731
2 2126
2 543
1 1132
2 2069
2 728
1 1059
1 364
2 800
1 949
1 1090
2 2501
2 204
1 2057
1 1609
1 2010
1 951
1 275
1 347
1 346
1 2334
1 772
2 667
1 1979
2 1668
2 86
1 1005
2 929
1 369
1 377
2 1461
1 95
1 406
2 1209
1 1678
1 405
2 1409
2 1096
2 1466
1 1232
2 639
1 2051
1 2134
1 1967
2 851
1 2261
2 2503
2 2281
1 2433
2 620
1 2337
2 476
1 2323
2 2312
2 1385
2 392
1 565
2 362
2 426
2 1027
2 809
1 778
1 378
2 2298
2 1971
2 36
2 905
1 499
1 2386
2 1286
2 1430
1 224
2 117
2 799
1 271
2 703
1 163
2 190
1 2078
2 1848
2 575
1 147
1 2294
1 1360
2 660
2 108
1 2247
1 1249
2 1777
1 784
1 1259
1 1057
2 769
1 32
1 1801
1 1548
1 352
2 2204
2 1642
1 1326
1 1728
2 407
2 721
2 878
1 1690
2 1557
1 2272
2 701
2 2436
2 395
2 2044
2 1451
2 1520
2 1054
2 2326
2 2524
1 2276
2 1609
1 1444
2 2464
2 821
2 1980
2 1086
2 986
2 2158
2 702
1 2513
1 634
1 1844
1 970
1 1872
1 1655
1 2293
1 542
1 2522
2 1679
1 1348
2 836
1 1521
2 857
1 959
2 581
2 1140
2 1665
1 1149
2 2021
1 1686
1 701
2 2048
2 2531
1 1781
2 1669
1 1682
2 2471
1 455
2 863
1 1861
2 328
1 1341
2 1490
2 1402
2 2476
2 1746
2 904
1 2138
2 1978
2 1699
2 62
2 2231
1 1899
1 40
1 1547
2 1910
1 121
1 1898
1 2038
1 298
2 941
1 2535
2 1834
1 1505
1 540
2 2113
1 594
2 1570
1 1452
2 513
1 662
1 1
2 1123
1 765
2 129
1 400
1 226
2 1641
2 2365
1 1532
1 333
2 786
2 611
1 669
1 2418
2 1936
2 404
2 34
2 819
1 436
1 630
1 1344
2 1332
1 307
2 1999
1 168
2 313
2 1003
2 732
1 520
1 1933
1 788
1 1615
1 2336
2 1296
2 2065
1 365
1 138
1 2533
1 1740
1 1740
2 1565
1 1903
1 916
2 174
2 493
1 168
1 1434
1 818
1 770
1 1651
1 1238
1 294
2 1694
1 1948
1 2498
1 1838
1 1417
1 781
2 939
2 343
2 2258
2 2135
2 1126
1 285
2 1932
1 648
1 140
2 2358
2 855
1 388
2 1049
2 10
2 1523
1 292
1 1615
2 2041
2 751
1 2034
1 1391
1 1658
2 2126
1 2109
1 2064
2 2432
1 1883
1 2498
1 80
1 856
2 2017
2 1120
1 1375
1 1545
1 2053
2 119
1 1025
1 35
1 344
2 1870
1 1273
2 179
1 335
1 1875
1 1053
2 735
2 699
1 945
1 2462
1 243
2 1952
2 494
1 655
2 603
2 1577
2 2225
1 340
1 659
1 387
2 948
1 1776
1 1197
1 1991
2 1875
1 883
1 667
2 635
1 974
2 2403
1 1953
1 100
1 2042
1 145
2 1513
1 1338
1 19
1 571
2 1764
2 1340
2 1310
2 2233
1 673
2 421
2 1333
2 1693
1 1744
1 1796
1 1622
2 310
2 24
2 345
2 2014
1 1829
2 418
2 1937
1 1331
2 2242
1 2237
2 226
1 2416
1 252
2 309
2 1677
2 1903
1 1836
1 63
2 334
2 2493
1 865
1 604
1 650
1 1001
2 1268
1 559
1 2111
2 2200
1 2449
1 71
2 2233
2 2395
1 699
1 1235
1 54
2 1351
1 30
1 899
1 331
2 1237
2 1231
2 116
2 219
1 316
2 242
2 961
2 537
2 335
2 988
1 605
2 1119
2 2191
1 485
1 1403
2 806
2 2315
1 492
2 1542
1 1185
1 661
1 1614
1 1154
2 1949
1 1126
2 270
1 644
2 472
2 2495
2 184
2 806
2 4
2 1719
2 1365
2 852
1 750
1 2318
2 1165
2 202
1 191
2 577
2 2546
1 868
2 1601
1 118
1 308
2 956
1 1717
2 451
2 2381
2 967
2 1044
1 402
2 2095
1 201
2 2062
1 1530
1 612
1 637
1 2187
1 245
1 2452
1 1605
1 2291
2 1450
2 563
2 612
1 1456
1 1261
2 180
2 1621
2 2419
2 530
2 2500
1 2527
2 2232
1 794
1 502
1 2115
2 2243
1 1471
1 566
1 1136
2 2544
1 298
2 1327
2 20
1 902
2 2106
1 1486
1 524
1 1713
1 858
2 1625
1 1882
2 1221
1 438
2 799
1 389
1 2083
1 1519
1 1688
2 523
2 395
1 280
2 547
1 1780
1 717
1 2356
1 441
1 698
1 1245
2 1944
2 303
1 1743
1 1498
2 1487
1 1537
1 1657
1 1877
1 1969
2 1000
1 1289
1 23
2 190
2 924
2 1996
2 1811
1 1115
1 1519
2 873
2 1186
1 134
1 709
2 208
1 246
2 1227
1 1549
1 2303
2 1559
1 1963
2 1807
1 1323
1 1992
2 1629
1 66
1 1778
2 572
2 906
2 2356
2 2508
1 384
1 221
1 1741
2 1878
1 1850
1 572
2 2526
2 2026
1 491
2 470
1 2060
2 317
1 1871
2 1832
1 629
1 2212
1 355
1 1138
2 2024
2 66
2 762
1 1001
2 487
1 1037
1 1208
1 2309
1 1591
1 81
1 1166
2 931
2 2439
2 1447
1 1248
2 936
1 83
1 1011
1 2325
2 896
1 1898
1 240
1 2105
1 2393
2 983
1 1406
1 2345
2 1771
1 1540
1 570
1 1915
1 631
1 119
1 850
1 1588
1 2154
1 1416
2 275
2 876
2 557
1 2229
1 374
2 177
1 703
2 263
2 922
1 1553
2 288
1 657
1 535
2 1960
2 2537
1 519
2 593
2 2213
1 968
2 1984
1 768
2 827
1 19
1 2468
2 1308
1 561
1 223
2 134
1 105
1 89
2 2434
2 1445
1 765
1 1564
1 1198
1 2474
1 666
2 2184
1 922
2 2393
1 2220
2 2218
1 2145
1 351
2 1338
1 1045
1 817
1 477
1 1675
1 1112
1 458
2 284
2 236
1 7
1 1584
2 380
2 947
1 80
2 2274
2 1560
2 2380
2 1637
1 1002
2 1759
2 678
1 557
1 1128
1 2384
2 21
2 457
1 2276
1 127
1 2295
1 1526
1 1093
2 533
2 611
2 834
2 1201
2 292
2 1660
2 2030
2 349
2 1082
1 2547
2 1889
1 727
1 817
2 320
2 327
2 1204
1 2413
2 1818
1 258
2 640
2 1750
1 1510
2 69
1 1660
1 1394
2 2365
1 1653
1 449
1 2355
1 2464
1 231
2 2454
1 2207
2 1818
2 1990
1 1129
2 1063
2 1146
1 2063
2 2489
1 2293
2 1031
2 1878
2 1315
2 1009
1 323
2 2318
2 809
1 185
1 68
2 2018
1 77
1 1386
1 179
2 82
2 1871
1 1151
2 2119
1 2329
1 1702
1 1234
2 1897
2 2443
2 1446
1 43
1 853
1 2324
1 562
1 2477
2 1197
1 1531
1 1730
2 1735
1 1436
1 744
2 2510
2 2326
2 540
1 1254
1 637
1 1476
2 437
2 741
2 2005
1 2357
1 2187
2 1765
1 663
2 1059
1 2138
1 1904
2 2279
2 1567
1 142
2 1555
1 762
2 705
2 921
2 314
1 1301
2 1144
2 773
1 1513
2 1696
2 1051
2 2505
2 2338
1 744
1 169
2 684
1 2520
1 1028
1 1214
1 2462
1 580
1 705
2 1879
2 2050
1 1956
2 2196
2 94
2 455
1 983
1 2351
1 417
2 2003
1 556
1 185
1 2343
1 482
2 329
2 1353
2 5
1 824
1 2216
1 2009
2 2423
1 39
2 790
2 221
1 737
1 584
2 1113
1 810
1 362
1 584
2 154
1 1859
2 1351
1 993
1 1866
1 495
2 149
2 1325
1 1664
2 575
1 1628
2 1697
2 2379
2 217
1 2490
2 2207
2 1770
1 998
2 465
2 1022
2 1422
1 1863
1 1431
2 1478
1 2369
2 1500
2 421
2 555
1 2133
1 1580
1 2533
2 2368
2 2280
1 2151
2 23
2 497
2 1233
2 1981
2 1576
2 2313
1 813
1 354
1 128
2 657
1 878
1 2461
2 2165
1 1491
1 743
1 1986
1 1554
1 244
1 1045
2 2512
1 1372
1 213
2 1747
2 1302
2 1089
2 1482
1 1977
1 2437
1 1141
1 823
2 52
1 647
2 399
2 627
1 2071
2 957
2 1905
2 2509
1 1409
2 774
1 322
1 434
2 884
1 29
1 1518
2 1168
1 2063
1 1822
1 1315
2 1674
2 1228
2 1654
2 849
2 1880
1 167
1 1727
1 1679
1 1706
2 1167
1 1856
2 320
1 909
2 311
2 1130
1 707
1 1229
1 1440
1 2093
2 2040
1 2515
2 443
2 1033
2 800
2 1393
2 1176
1 1583
1 1991
1 1767
2 159
1 1459
2 255
1 1270
2 1179
1 1213
2 1337
2 40
1 1012
1 2176
2 1143
1 1558
2 2244
2 2542
2 14
1 2476
2 394
2 798
2 1100
2 2494
2 700
1 719
2 822
2 1535
1 959
2 2198
2 751
2 2394
2 228
2 390
2 990
1 625
1 1846
2 580
1 1502
1 2074
1 1158
1 278
1 841
2 1028
1 653
1 1354
2 781
2 1072
1 1133
1 1741
1 862
1 300
2 1355
2 1046
2 141
2 1926
2 141
1 992
1 2428
2 1010
2 1515
1 1431
2 841
1 531
1 2161
1 2008
1 96
2 1691
2 2280
1 2009
1 2448
2 896
2 1472
2 2124
2 997
1 490
1 1199
1 2125
2 665
2 786
2 2268
1 1925
1 74
1 614
2 622
1 1645
1 2094
1 626
2 184
2 1157
1 115
1 1793
2 808
1 2407
1 548
1 2033
1 1739
1 1748
2 1647
2 1407
2 1825
2 2027
1 2278
1 2542
2 1825
1 1640
1 2397
2 1824
1 1868
1 2336
2 2070
2 1421
2 247
2 1923
2 1383
2 704
1 911
2 2078
2 93
2 2039
2 1643
1 766
1 644
2 1437
1 1304
1 853
2 2190
1 222
2 373
1 1568
2 1951
2 101
2 665
1 124
2 1586
1 1128
2 628
2 1867
2 2170
1 427
1 1985
2 898
1 1619
2 1877
2 1672
1 165
2 1222
1 1809
2 2042
1 209
1 1019
1 510
1 2404
2 912
1 778
1 2011
1 1425
1 56
2 725
2 888
1 1663
2 325
2 1755
2 539
1 754
1 622
2 2491
2 92
2 617
2 1776
1 2376
2 46
1 739
1 2027
1 1720
1 91
2 192
1 2394
1 819
1 1921
1 1706
1 1808
1 234
2 2283
2 1127
1 1689
1 1080
2 659
2 115
2 287
1 37
2 277
1 2172
2 2418
2 130
1 1837
1 1843
2 1563
2 1901
2 1942
2 2421
2 636
1 1411
2 2385
1 1602
2 1282
2 897
2 850
2 894
1 514
1 2256
2 687
1 917
2 1051
2 112
2 2409
2 440
1 2002
2 1754
1 1329
1 2215
1 42
2 1785
1 1265
1 97
1 1862
2 1894
2 1470
2 911
2 1828
2 201
2 447
1 1779
1 1970
2 1361
2 1067
1 446
1 1074
2 2111
1 371
2 2039
2 1302
1 1659
1 609
2 708
2 2051
2 1359
1 310
2 2266
1 713
2 646
1 1606
1 1422
1 261
1 1082
2 910
1 2224
1 1241
2 999
2 1361
1 1058
2 2478
2 748
2 2157
2 1506
2 711
2 1516
1 835
2 113
1 1800
2 1066
2 1212
2 166
1 2492
2 8
1 1305
1 2087
1 1295
1 1715
2 1665
1 1968
1 1296
2 770
1 623
2 67
2 1413
2 2288
2 398
1 269
1 2377
1 1987
1 2488
2 590
1 2310
2 1292
1 30
1 2183
2 2312
1 351
2 1377
1 812
2 75
1 1971
1 515
1 2465
1 2359
2 2430
2 2160
1 309
2 458
1 1859
1 1005
1 2349
1 1576
2 1709
1 635
1 288
1 1784
2 2357
2 2427
2 903
2 2075
2 2269
1 416
1 851
2 1969
1 1608
2 1978
1 1467
2 2123
1 2350
1 1458
2 955
1 2049
2 1378
2 2160
2 1931
1 1506
1 2273
2 1824
2 1683
2 1473
1 2543
2 1682
2 1087
2 1106
1 1934
1 2363
2 886
1 1393
1 170
1 417
2 283
2 992
2 117
2 477
2 2076
2 1941
2 38
2 1565
2 2373
1 1057
1 249
2 1857
2 916
1 1515
1 2345
2 2056
1 2455
2 1075
2 984
2 1921
1 277
2 1844
1 1009
1 189
2 99
2 1111
2 463
2 1366
2 2314
2 85
1 2188
2 2479
1 925
2 500
1 2364
1 216
2 946
2 520
2 391
2 99
2 46
2 1320
1 1636
2 960
2 787
1 788
1 2052
2 948
1 1247
2 944
2 2205
1 144
1 642
1 2219
1 2012
1 1962
1 2104
1 1764
2 448
1 2478
1 1869
2 879
2 1499
2 964
2 2072
2 58
1 542
2 2490
2 1510
1 2508
1 560
2 1344
1 255
1 2146
1 616
2 1520
2 748
1 1260
2 1566
1 1441
1 159
2 943
2 1953
2 1021
1 350
2 128
1 2502
2 2457
1 1957
2 7
2 91
1 1177
1 1018
2 1064
2 1551
2 1017
2 227
2 1242
1 1404
1 1253
1 2035
1 245
2 337
2 1943
1 1121
1 45
1 1271
2 2431
1 1988
2 426
2 1112
2 2348
2 1864
2 2335
2 660
1 1819
1 776
1 2177
1 107
2 2352
2 165
2 1039
2 2188
2 111
2 849
2 1865
1 463
2 212
2 396
1 462
1 1896
1 720
2 139
2 2516
2 2239
2 429
2 2469
1 1395
2 928
2 64
2 1673
2 1203
2 96
2 53
1 1098
1 2429
1 735
2 2474
2 783
1 228
1 1294
2 411
2 198
1 1388
1 49
1 949
2 2053
2 1483
2 2539
2 208
2 1484
2 495
2 2454
1 2501
2 2193
2 603
2 1164
2 485
2 2202
1 1838
1 2230
2 1634
1 918
2 777
2 734
1 149
1 1013
2 1614
1 1773
1 1088
2 473
1 1480
1 1241
1 2400
2 194
1 1605
1 1968
1 1396
1 6
1 1940
1 613
1 1907
1 1482
2 2269
1 132
1 647
1 2227
2 193
2 419
2 1768
1 1089
2 2408
1 1406
1 1995
1 2372
2 633
2 393
1 6
1 2403
1 2317
2 994
1 1751
2 803
1 28
2 347
1 1935
2 508
2 2124
1 1016
1 897
2 249
2 1497
1 1031
1 790
1 1179
2 2495
1 996
2 1354
2 144
1 2147
1 767
2 828
1 1639
2 1453
2 1508
2 2001
1 937
1 846
2 1336
1 1160
1 203
1 1195
1 1857
1 2304
2 901
2 2219
1 676
1 1063
2 137
1 1486
1 526
1 1078
1 1124
1 1501
2 2217
1 1662
2 558
1 711
2 1827
2 437
2 506
1 174
2 868
2 1206
1 2162
2 51
2 251
2 1619
1 1569
2 1791
1 1345
2 1284
2 1277
1 103
1 1020
1 892
2 2181
1 1222
1 2427
2 12
1 1683
1 9
1 330
1 358
2 1337
1 2549
2 1761
1 2210
1 2517
1 1714
1 1578
1 521
1 1638
2 2472
2 1618
1 78
1 1870
1 2150
2 2035
1 576
1 196
2 1757
1 1134
2 504
2 2121
2 1610
2 295
2 1965
2 664
1 2007
1 1967
2 194
2 2298
1 1389
2 1073
1 1340
2 2341
1 1947
1 562
1 1282
1 317
2 658
2 1908
2 308
1 985
2 2307
1 2325
1 1468
1 1439
2 207
2 1882
2 547
1 1065
1 2250
2 2054
2 286
2 2166
2 698
2 2079
2 1343
2 1485
1 710
2 552
1 736
2 919
2 1294
1 412
2 1819
2 198
1 2482
1 977
1 1538
1 2020
2 2447
1 1176
2 753
2 1736
1 757
1 276
2 2260
2 1735
1 598
1 16
2 188
2 673
1 2140
2 1827
2 256
1 2385
2 582
2 262
2 1931
2 1624
1 2343
1 1579
2 2139
2 942
1 1316
2 2
2 1311
2 32
1 980
2 677
2 158
2 1885
2 586
2 279
1 1918
2 1841
1 120
1 1401
2 142
2 1724
2 573
1 1753
1 1201
2 60
2 1646
1 837
1 1851
2 615
2 2297
1 2484
1 1020
2 1557
2 2297
2 225
2 1666
1 17
2 337
2 2045
2 609
2 2159
2 1488
1 50
2 1066
2 445
2 1842
2 1399
1 1106
2 78
2 2080
2 2243
1 1191
2 2401
1 14
2 2240
2 835
1 768
2 942
2 671
2 1761
2 126
2 468
1 1595
2 920
2 1271
2 1356
1 674
2 2249
2 2340
2 1571
2 2178
2 2451
2 1692
2 1188
1 1920
1 1847
2 1006
2 1795
1 325
2 1807
2 1798
2 490
1 441
2 2511
1 813
2 1367
1 791
1 225
1 1846
2 475
1 464
2 1050
2 1564
1 266
2 1459
1 2117
2 250
1 606
1 76
1 164
2 2380
1 1777
1 2146
2 1891
2 857
2 594
2 2029
1 1559
2 146
1 974
2 946
1 2241
2 446
1 919
2 879
2 1324
2 2197
2 1023
2 2061
2 563
2 2037
2 171
2 1503
1 1856
2 454
2 336
2 1211
1 1289
2 1601
1 2521
1 2322
2 1752
1 2092
2 1379
2 720
1 280
2 675
1 2135
2 987
2 1415
1 736
2 1707
2 697
2 1916
1 1497
2 479
2 740
2 1224
2 47
2 675
1 1794
2 356
2 1258
2 1244
2 908
2 160
2 353
2 2275
2 1290
1 852
2 1613
2 1267
2 541
2 197
2 1888
2 1955
2 502
2 9
2 423
1 1010
1 1612
1 368
1 1035
1 215
2 428
2 640
2 217
1 1008
2 1697
1 493
2 1346
2 543
2 792
2 1957
1 1611
2 505
2 2274
2 820
1 732
2 728
2 1317
2 2197
1 960
1 829
2 1644
1 1291
2 1042
2 172
1 272
2 2370
2 273
1 669
2 2155
1 578
1 651
1 276
1 2237
1 2260
2 1854
2 1052
1 2085
1 2055
1 2203
1 866
1 2040
1 2263
1 625
2 359
1 241
1 730
1 1446
1 2103
1 1489
2 2163
2 610
2 1786
1 2171
1 498
2 1023
2 1371
1 1495
2 2275
2 2153
2 58
2 2314
1 1004
1 313
1 845
1 220
2 2371
1 962
1 2030
2 516
2 1123
2 1157
1 2122
2 1794
1 1270
1 214
2 539
1 1654
1 608
2 903
1 1213
2 1781
2 1408
1 1215
2 1835
2 838
1 845
1 1012
2 1094
2 1681
1 1107
2 2311
2 888
2 1929
2 333
2 822
2 2285
2 2236
2 1723
1 1681
2 155
2 1252
2 1483
2 764
2 1387
1 842
2 267
2 1982
1 1330
1 1131
2 1264
2 2398
1 2531
1 2401
1 1527
1 729
2 265
2 1941
2 315
1 2061
2 1549
1 963
2 821
2 381
1 802
2 2491
2 370
1 218
1 1460
2 229
1 1137
1 2072
1 1732
1 2256
1 1432
1 1544
1 2189
2 1156
1 413
2 2466
2 867
1 2167
1 1616
2 1810
1 1452
2 1581
2 387
1 1674
2 1162
2 693
2 1072
1 920
2 5
1 1234
2 1053
2 164
1 1849
1 2222
2 1247
1 1015
2 1139
1 2465
1 2421
1 2127
2 917
1 1983
2 904
2 436
1 143
2 2518
2 2133
2 2450
2 461
2 1274
1 324
2 2331
2 2246
1 691
2 2064
2 2005
1 2048
2 33
2 88
2 1854
1 749
1 1251
2 1496
1 1070
2 424
2 1193
1 2351
2 1288
2 1876
2 2132
1 989
2 438
2 606
2 1359
2 1964
1 357
2 72
1 1817
2 2088
1 2330
1 1300
2 1403
1 793
2 104
2 1316
2 982
1 1885
2 546
1 2414
2 848
1 1085
1 1454
1 724
2 1649
2 596
1 1358
2 1224
2 1669
1 419
2 346
1 1763
1 752
2 1784
2 2480
2 2506
1 260
1 1587
1 1984
2 1411
2 1593
1 2120
2 550
2 246
2 2416
1 2199
2 759
1 160
1 366
2 1992
2 2119
1 44
2 1331
1 1604
2 2467
1 1980
2 928
2 2461
2 1889
1 512
2 1262
1 2338
2 620
2 529
2 1348
1 2272
2 1075
1 1972
1 1466
1 2241
1 1248
2 742
2 68
1 2524
1 268
1 755
2 1820
1 2073
2 2382
2 1175
1 231
1 1412
1 2128
1 2090
2 1211
2 1192
2 1538
1 1085
1 1545
2 2221
2 980
2 1582
2 139
2 84
1 279
2 2046
2 943
2 832
2 1849
1 991
2 1977
2 1862
1 124
1 2539
2 109
1 2172
2 2136
1 475
1 98
1 1233
1 2534
1 282
1 1684
2 481
2 1699
2 1802
1 1341
2 2519
1 1303
2 2525
1 1019
2 1369
2 2487
2 1841
2 1975
2 2271
1 199
1 259
2 314
2 564
2 1230
1 1069
1 958
2 1522
1 981
1 731
1 2057
2 41
1 1552
1 1572
1 1626
1 206
1 1142
1 422
2 832
1 749
2 36
2 2447
1 1040
1 1948
2 1998
2 1621
1 372
1 530
2 1421
1 1808
2 1566
2 826
2 1198
2 913
2 743
2 2459
2 2239
2 397
1 555
2 2113
1 1111
1 26
2 1603
2 668
1 717
2 183
1 49
1 2084
2 1505
2 1632
2 752
2 375
2 2496
1 1812
2 1442
1 1650
1 847
1 519
1 301
1 2360
1 738
1 2402
2 304
2 525
2 2295
1 456
1 466
2 339
1 1927
2 72
2 2519
2 1172
1 2150
2 581
2 2165
1 2142
1 2371
1 2530
1 1958
1 1255
1 2515
1 1493
1 1530
2 1629
2 2372
2 1402
1 408
2 2182
2 2544
1 301
2 1539
1 1950
2 1917
2 913
1 112
1 1604
2 1573
2 1812
2 1064
1 447
2 1322
1 1347
1 1701
1 2091
2 1830
2 750
2 847
2 76
2 1993
2 338
1 1305
1 1376
1 2214
2 25
1 1389
2 2140
1 2300
1 1751
1 1548
1 1608
1 1159
2 2485
1 1966
2 2425
2 1952
2 2332
1 1108
2 1535
2 886
2 1866
1 270
1 513
1 1125
2 1149
1 962
2 2426
1 1839
1 18
2 151
2 1762
1 804
2 2028
2 2316
1 1107
1 830
2 2089
2 2055
1 1634
1 951
2 2467
2 1863
2 2475
1 1171
2 2006
2 2434
1 1976
1 2364
2 1390
2 1416
2 140
2 528
1 1435
2 872
1 1739
1 1368
2 375
1 990
2 2334
2 2143
2 814
1 79
2 1395
2 1495
1 1562
2 1599
2 769
2 1377
2 471
2 865
1 1196
2 2513
1 1353
2 532
2 1266
1 1171
1 1236
1 34
1 102
2 1161
1 894
2 2383
1 2481
1 188
1 213
2 13
1 815
1 2441
1 238
2 1155
1 2164
1 1159
2 1343
1 1034
1 2438
1 855
2 811
1 1512
1 2234
2 2320
2 332
2 1762
1 2147
1 1720
1 527
2 2436
2 1392
2 1695
1 957
1 1110
2 2047
1 259
2 343
2 332
1 727
2 2234
2 1528
1 1292
1 600
1 808
2 1785
1 254
1 2529
2 689
1 1219
2 1703
1 1381
2 1080
1 1258
2 2097
2 460
2 889
2 467
1 1160
1 2388
1 1831
2 373
2 1734
1 1860
1 2217
2 1786
2 1801
1 2321
1 1584
1 48
2 2458
2 965
2 932
2 377
2 2340
1 1995
2 2446
1 2023
1 931
1 2058
1 2037
2 2106
2 1657
2 2031
1 1455
2 1625
2 121
1 1536
2 1147
2 753
1 1736
1 1586
1 706
2 1958
2 1757
1 1347
1 175
2 1779
1 871
1 877
2 1210
1 779
2 431
2 601
1 95
1 1659
2 1043
2 1890
1 1318
1 193
1 590
2 866
2 1215
1 672
1 938
2 1355
1 1008
1 649
2 1467
2 890
1 882
1 1180
1 2262
1 1099
2 1747
1 683
1 1047
2 1723
1 483
2 2235
2 269
2 591
1 804
2 1105
1 1522
1 1060
1 1
2 2244
1 243
1 1414
1 915
1 1465
2 2211
1 2096
2 345
1 2249
2 1985
1 1242
1 2173
2 1504
1 514
1 2215
2 694
1 1240
2 618
1 478
1 1325
1 470
2 229
1 1842
2 175
1 2127
2 1806
2 195
1 1216
1 645
2 69
2 1401
1 1541
1 2114
1 2485
2 881
2 500
2 764
1 836
2 1690
1 1504
1 143
1 892
1 1214
2 1543
2 1556
1 1649
2 1816
2 963
2 162
1 995
2 1071
1 2013
1 2423
2 859
2 10
1 2098
1 1633
1 1906
2 2169
2 905
1 1899
1 2438
1 1350
2 988
2 2437
2 1030
2 714
1 1658
2 2102
2 844
1 1905
2 2453
1 1509
1 2392
1 215
1 1168
2 33
2 955
1 2332
2 876
2 2329
2 568
2 940
2 1973
2 1151
2 2348
2 710
1 1448
2 461
1 1307
1 1651
1 646
2 839
2 327
2 1280
1 153
1 1391
2 2223
1 1050
2 1766
1 2223
1 1175
2 2050
2 759
1 2294
1 1073
1 1186
1 1276
2 1673
2 1083
1 1589
2 1449
2 2299
1 591
1 1058
1 1142
1 1274
2 652
2 2022
2 2289
2 239
1 1293
2 1826
2 2303
2 1329
2 758
2 384
1 2136
2 210
2 389
1 2093
2 366
2 798
2 2277
1 2412
1 44
1 632
1 1663
1 2267
1 2292
2 588
2 1743
2 2270
1 1390
1 2226
2 516
2 1352
2 1180
1 2532
2 1541
2 1588
1 1982
1 930
1 2488
1 1855
1 207
1 1814
1 2415
1 1439
2 616
1 1103
1 1252
2 706
2 670
2 683
2 1162
1 1951
2 383
1 2265
1 151
2 697
2 681
2 251
2 1465
2 2015
2 1448
2 1595
2 1945
2 952
1 2358
2 1367
2 391
1 541
1 31
2 715
1 1533
2 1062
2 1805
2 1623
2 588
1 2170
2 747
2 615
2 617
2 961
2 1269
1 205
2 1710
1 1719
2 950
1 1542
2 881
1 545
1 181
2 2191
1 589
1 376
2 488
2 1426
2 1178
1 1104
2 2056
1 651
2 1832
1 2038
1 97
2 614
2 187
2 1685
2 1136
2 1191
2 2235
2 420
1 2405
1 1716
2 1613
2 1748
1 1708
2 1788
1 286
1 1024
2 560
1 544
2 1086
1 1974
1 1275
2 1792
2 2426
1 619
2 2174
1 1962
2 2192
1 315
1 1517
1 154
2 1976
1 1090
1 321
1 465
2 1238
1 613
1 484
1 702
1 1105
2 1954
2 2510
2 870
1 2444
2 2503
2 380
2 1705
1 1734
1 425
1 443
2 1196
2 2430
2 1257
2 2177
2 1778
1 1433
2 1363
1 1084
2 219
2 1029
2 1774
1 2287
1 1473
1 1060
1 662
2 1999
2 281
2 1150
2 638
1 601
1 864
1 418
2 2065
2 420
2 478
2 297
1 704
2 83
1 583
1 1226
1 1321
2 1148
1 2500
1 1447
1 2019
2 1301
1 2174
1 1914
1 452
2 494
1 1189
2 73
1 1407
2 2407
2 1319
2 2254
2 244
2 1278
1 2406
1 57
1 932
2 2270
2 1680
2 1760
1 1418
2 1650
2 1641
1 2047
2 2536
1 607
1 2
2 634
2 1760
1 696
1 1382
1 1079
2 2342
2 1997
2 237
2 531
1 1672
2 2232
2 724
2 1405
2 1766
1 1511
1 2301
1 1769
1 1892
1 1972
1 1892
2 1304
2 2305
1 771
2 872
1 1335
2 972
1 2206
1 274
2 1472
1 772
1 2069
1 445
2 2390
2 1015
2 1199
2 1833
1 1653
1 2482
1 1032
2 2156
1 507
2 1820
1 1235
2 966
2 1644
2 2449
1 1570
1 341
2 2109
2 2052
1 180
1 1489
1 1712
1 2487
2 2137
1 1097
2 677
2 1449
2 382
2 777
2 1933
1 290
1 1936
2 1914
2 838
1 1218
1 950
1 887
1 1638
1 1560
1 1474
2 176
1 1471
2 114
2 453
2 2460
1 1896
1 1767
1 63
2 1583
2 350
2 254
2 1114
2 430
2 783
2 624
1 933
1 2023
1 2304
2 1527
1 1366
2 1823
1 247
1 801
1 891
1 498
1 954
1 712
2 2108
2 833
2 1963
2 859
1 641
2 789
1 2375
2 268
2 1437
1 257
2 1926
2 1174
2 545
2 2098
1 148
1 358
1 2354
1 1790
1 2011
1 875
2 409
1 161
1 1370
1 1024
2 908
1 1156
1 1865
2 1280
1 2143
1 486
1 1585
2 1417
1 410
1 1244
1 595
1 814
2 210
1 152
1 1262
2 232
1 893
1 2512
2 2149
1 2238
1 1902
1 2529
1 1554
1 1502
2 2432
2 2302
2 733
2 779
1 511
1 1048
2 166
2 1895
1 1323
2 685
1 1400
2 410
1 51
2 130
2 1265
2 2537
2 1428
2 2459
2 2419
1 1161
1 875
2 1381
2 1575
1 2455
2 1917
2 1597
1 1942
1 2006
2 482
2 2252
2 1424
2 2378
2 984
2 1851
1 289
2 1014
2 1040
2 1378
1 1189
1 1084
2 2374
1 1666
1 1237
1 1281
2 55
2 1922
1 232
2 816
2 1848
2 326
1 593
1 1507
1 2179
2 1811
2 2545
2 810
1 2493
1 86
2 884
1 1686
2 2428
1 64
2 233
2 880
1 2022
2 1139
1 642
2 1349
1 2250
1 2545
1 993
2 1150
2 2203
1 940
1 2541
1 2245
2 2523
2 1514
1 1947
2 2251
2 2456
2 2477
1 1420
2 2525
2 1362
1 3
2 2361
1 1839
2 59
2 2456
1 684
1 2110
2 2255
1 1034
2 2200
1 2398
1 158
2 1581
1 1033
2 649
2 29
2 1083
1 318
1 842
2 416
1 1187
2 1783
2 2240
2 998
1 108
2 1410
2 1928
1 2335
2 1464
1 197
2 2483
1 466
2 914
1 761
1 67
1 2156
1 739
2 953
1 1727
1 1130
1 2440
1 1737
2 2541
2 1295
2 2391
1 1704
2 462
2 1076
1 602
1 1037
1 1088
2 2540
1 564
1 1879
2 2286
2 1221
2 2288
1 439
1 2261
2 2218
1 235
2 61
2 1475
1 306
2 1055
1 1299
1 738
1 691
2 2247
1 392
2 2540
1 2452
2 2155
2 1071
1 2451
2 1667
1 1500
2 1775
2 230
2 2306
1 136
2 1038
2 1872
1 177
2 372
2 824
2 2408
2 2074
2 1546
2 476
2 2152
1 918
2 2216
1 2238
1 1298
1 399
1 1475
2 2257
2 2444
1 1423
2 428
1 505
2 1893
1 2221
1 2399
2 2387
1 2433
1 1547
1 131
2 1192
1 1661
2 1099
1 2420
1 397
1 1207
2 1525
1 340
2 574
2 1118
1 700
2 212
2 203
1 2264
1 27
1 1143
1 2279
2 2366
1 256
2 281
2 1852
2 1890
1 1272
2 322
1 1840
1 2070
2 233
1 404
1 2344
1 1631
2 638
2 2424
2 1319
1 2087
1 2100
1 1831
1 2443
2 2028
1 2046
2 2435
2 1061
1 1163
1 1974
1 1589
2 2284
1 2301
2 1769
2 1062
2 2431
2 2522
1 1014
1 1512
2 1098
1 2530
2 296
2 2059
1 1272
2 900
1 2075
2 827
2 1288
2 1239
1 2095
2 686
2 747
2 2082
1 1164
1 2422
2 585
2 1423
1 1445
1 413
2 2410
2 1728
2 178
1 2405
1 1805
1 1027
2 472
2 1946
1 153
1 355
2 1029
1 1154
2 285
2 131
2 1852
1 2310
1 1598
1 1894
2 2166
1 1412
1 1363
1 2453
2 1602
1 2286
1 1398
2 2309
2 1503
1 451
1 763
1 1874
1 2277
2 626
2 2108
2 1688
1 837
1 2502
2 2468
2 1279
2 2411
2 1912
2 456
