600 1000
1 257
1 142
2 138
1 95
2 22
2 256
2 78
1 216
1 120
2 202
1 86
1 41
2 163
2 288
2 137
1 206
1 266
1 293
1 1
2 278
1 266
2 96
2 133
2 186
1 114
2 278
1 23
2 16
1 201
2 204
1 86
2 101
1 111
2 24
1 96
2 251
2 236
2 84
2 17
1 217
2 270
1 12
2 208
1 1
2 128
1 115
2 224
2 211
2 102
2 55
2 219
1 103
2 199
1 142
2 41
1 97
2 59
2 213
1 173
1 30
1 76
2 60
1 228
2 156
1 162
1 167
1 94
2 183
2 243
1 85
2 244
2 227
2 35
2 79
2 13
1 263
1 82
1 291
2 130
1 65
1 220
1 152
1 3
1 27
1 221
1 133
1 282
2 294
1 254
1 222
1 235
1 230
2 126
2 141
2 103
1 69
2 272
2 8
1 284
2 296
2 258
2 42
1 277
2 44
2 244
2 182
2 225
2 210
1 276
1 14
1 170
2 265
2 56
2 277
1 24
2 51
1 2
1 215
2 129
2 136
1 119
1 77
2 5
1 124
2 15
2 200
2 192
1 98
1 88
2 151
2 145
2 240
1 68
2 18
2 90
1 246
1 99
1 29
2 54
2 45
1 193
1 50
1 281
2 126
1 11
2 253
1 264
2 194
1 189
2 298
1 122
2 154
2 149
2 121
1 39
1 279
1 137
2 199
2 131
2 122
2 207
1 155
1 269
2 59
2 18
1 169
2 21
2 190
2 207
2 212
2 123
1 61
1 109
2 287
2 117
1 66
2 229
1 104
2 132
2 62
2 116
2 111
1 156
2 300
1 45
2 260
2 171
1 233
1 159
1 125
1 81
2 218
2 40
2 53
2 151
1 146
2 178
1 144
1 99
2 33
2 188
2 161
1 160
1 181
1 241
2 87
2 241
2 87
1 155
2 196
2 110
1 281
2 196
1 247
1 54
1 91
1 198
1 271
1 291
2 205
1 238
2 161
1 237
1 123
2 120
2 237
1 180
1 93
1 255
2 297
1 89
1 259
2 187
1 154
2 242
1 150
2 197
1 195
2 44
2 117
2 167
2 297
2 68
2 75
1 66
1 173
2 262
2 177
2 16
2 31
1 284
1 267
2 97
1 58
1 300
1 150
1 166
2 185
2 53
1 178
2 20
1 7
2 23
2 105
2 73
2 276
1 83
2 160
1 206
1 115
2 238
1 288
1 193
1 181
1 157
1 147
2 46
1 130
2 204
1 252
2 104
2 13
1 159
1 254
2 42
1 132
2 6
2 152
2 60
2 14
1 5
2 218
1 52
2 249
1 223
1 250
1 264
2 298
1 2
2 48
2 287
1 162
1 203
2 262
2 98
2 140
1 127
2 286
1 176
1 224
2 94
2 226
2 8
1 57
2 202
1 217
2 65
1 38
1 93
2 25
1 158
1 157
2 43
1 195
2 26
2 280
2 92
2 39
2 175
1 55
2 249
2 172
2 10
1 40
1 184
2 57
1 95
2 246
1 189
2 129
2 106
1 92
2 153
2 299
2 239
1 286
2 80
2 107
2 285
2 234
1 36
1 234
2 251
2 198
1 222
1 74
1 208
1 253
2 273
1 69
2 191
2 89
2 192
1 43
2 22
2 71
2 232
2 209
2 261
1 74
1 112
1 275
1 4
2 9
1 121
1 21
1 245
2 269
2 118
1 20
2 46
2 67
1 100
2 70
1 100
1 225
1 139
1 82
1 49
1 35
2 113
2 67
1 292
1 72
2 248
1 28
2 240
2 168
1 290
1 170
1 265
1 210
2 72
1 171
2 212
2 285
1 247
2 185
2 267
1 85
2 259
2 139
2 110
2 31
2 33
1 7
1 164
1 17
1 63
2 272
2 239
1 176
1 245
1 134
2 211
2 203
2 255
1 91
2 114
1 201
1 83
2 260
1 56
2 6
2 80
1 3
1 292
1 29
2 219
1 118
2 78
2 108
1 149
2 112
2 226
1 143
2 19
2 10
1 107
1 140
2 135
2 146
2 290
2 183
2 209
1 64
1 172
1 175
2 274
1 273
2 70
1 295
2 113
2 49
1 228
2 153
2 15
2 145
1 147
1 231
2 102
1 141
2 52
1 9
1 4
1 275
1 293
1 295
2 268
2 105
2 190
2 88
1 282
2 168
1 294
2 256
1 119
1 169
2 90
2 32
2 28
2 77
2 223
1 188
1 26
2 289
2 191
2 148
2 283
1 143
2 71
1 38
1 165
2 194
2 283
1 127
2 62
1 48
1 166
2 11
1 268
1 36
1 25
1 164
2 108
1 242
1 174
2 125
1 138
1 177
2 116
2 182
1 270
1 64
1 73
1 135
2 165
2 243
2 106
1 213
1 227
2 263
1 76
2 158
1 205
2 47
1 215
1 30
1 214
2 81
2 214
1 187
2 34
2 179
1 144
1 216
2 63
1 47
2 230
2 75
2 131
2 248
2 180
2 250
2 163
1 174
1 61
1 229
1 50
1 200
2 124
2 235
1 32
1 280
1 134
2 12
1 258
1 274
1 84
1 19
1 79
2 299
1 271
1 184
1 252
1 261
2 220
1 231
1 186
2 27
1 37
1 279
2 148
1 232
1 296
2 257
1 289
1 233
1 128
2 197
2 136
2 58
2 179
2 109
2 51
2 101
1 34
1 236
2 221
1 37
