600 6000
2 12
1 250
2 107
1 123
2 298
2 187
2 247
2 268
1 81
2 244
1 15
1 56
1 276
2 215
1 33
2 112
2 279
1 104
1 229
2 145
1 21
2 213
1 129
2 103
2 296
2 231
1 192
1 112
1 197
1 44
2 173
1 210
2 53
1 38
2 299
1 165
1 184
2 204
1 137
2 225
1 258
2 226
2 39
1 222
2 132
1 134
1 284
2 140
1 127
1 117
1 184
1 158
2 218
1 203
2 248
2 206
1 275
1 115
1 252
2 274
2 17
2 219
1 75
1 272
1 261
1 182
1 274
2 191
2 263
2 167
2 162
1 36
2 300
2 177
2 128
2 169
2 105
2 286
1 243
2 247
2 255
1 19
2 31
2 34
1 297
1 152
1 150
2 30
2 300
1 205
2 280
1 156
2 163
1 83
2 1
2 104
1 260
2 173
2 236
2 47
2 214
1 118
1 93
1 275
1 145
2 99
2 193
1 116
2 15
1 137
2 43
2 80
2 8
2 108
1 190
2 292
2 110
2 251
2 221
2 106
1 108
1 290
1 25
1 68
2 222
1 234
2 241
1 172
2 253
2 26
2 98
2 23
2 152
2 16
1 48
1 253
2 200
2 109
2 297
1 75
2 290
2 273
1 7
2 281
2 49
2 20
1 162
1 126
2 170
2 31
1 149
1 132
2 279
1 52
2 237
2 94
1 24
2 50
2 243
2 114
1 176
2 120
1 153
2 215
1 254
1 128
1 212
1 70
1 76
1 51
1 266
2 3
1 58
2 144
1 223
1 36
1 227
1 3
2 84
2 56
1 293
2 82
1 136
1 206
1 219
1 62
1 21
2 74
1 267
1 16
1 254
2 266
1 69
2 207
2 35
2 4
1 44
2 288
1 262
2 185
2 5
2 177
1 111
2 144
2 230
1 96
2 87
1 292
2 238
2 81
1 120
1 43
1 188
1 139
2 269
2 209
2 296
1 100
2 49
2 141
1 4
1 85
1 217
2 37
2 169
1 59
2 207
1 27
2 232
2 240
1 223
2 199
2 22
1 195
1 193
1 57
1 14
2 2
2 18
1 183
2 59
1 218
1 101
2 211
1 138
2 41
2 131
2 27
2 285
2 249
2 230
2 248
2 64
1 263
1 116
2 235
2 204
1 175
1 130
2 96
2 72
1 166
2 289
2 229
2 92
1 208
1 242
2 262
2 174
1 214
2 179
1 30
1 65
2 60
2 179
2 64
2 174
1 71
2 102
1 119
1 55
2 41
1 246
2 216
1 201
1 154
2 98
2 74
1 131
1 157
2 57
1 155
2 291
2 159
1 67
2 198
2 234
1 172
2 224
1 185
1 17
2 278
1 255
2 94
2 67
1 136
2 196
1 39
1 83
2 175
1 102
1 251
1 12
2 84
2 153
1 166
1 52
2 33
2 186
2 182
2 192
1 22
2 171
2 168
2 10
1 236
2 281
1 216
1 35
2 9
2 167
2 68
1 213
2 147
1 90
1 73
2 199
2 76
2 170
2 60
1 135
1 110
1 88
2 90
2 196
2 5
2 160
2 141
1 217
2 194
2 143
2 295
2 180
1 149
1 181
2 270
1 201
2 151
1 28
2 194
1 171
2 9
2 209
2 189
2 231
2 25
1 73
2 227
1 124
2 240
1 271
2 107
2 272
2 122
2 14
2 103
2 260
2 143
1 7
1 42
2 160
1 259
1 249
1 298
1 50
1 63
1 63
1 46
1 105
1 11
2 40
2 91
2 164
1 101
2 238
2 168
1 1
2 82
1 45
2 61
1 264
2 233
2 258
2 257
2 181
1 285
1 293
2 189
1 66
2 97
2 34
2 294
2 89
2 147
1 109
2 235
1 283
2 176
2 18
1 42
1 228
2 89
1 148
2 289
2 178
1 155
1 210
1 203
1 180
2 28
2 91
2 158
2 139
2 100
2 246
1 6
2 88
2 45
2 245
2 163
2 140
2 211
2 79
1 78
1 159
1 299
1 134
1 268
2 78
1 269
2 264
2 205
2 287
1 72
2 244
1 142
2 195
1 115
2 77
1 54
2 37
2 19
2 190
1 111
2 197
2 86
1 51
2 287
2 26
1 106
2 280
2 165
2 202
2 257
2 99
1 97
2 228
2 267
2 225
2 221
2 47
2 71
2 265
1 117
1 295
1 156
2 32
1 126
2 220
2 252
1 157
2 202
2 256
1 284
2 224
2 187
2 286
1 270
1 11
1 58
1 53
2 118
1 70
2 146
1 13
1 277
2 8
1 121
1 133
1 291
2 138
2 130
1 46
1 80
1 54
1 69
2 55
1 241
2 119
2 271
1 95
2 232
1 95
1 150
1 2
2 29
1 133
2 191
1 278
2 250
2 233
2 183
2 20
2 24
1 66
2 65
2 282
2 124
1 123
2 288
1 142
1 86
2 188
2 186
1 283
2 114
1 148
2 61
2 79
1 127
1 40
2 245
1 276
2 239
1 256
2 113
2 48
1 29
2 178
1 92
1 154
1 125
1 6
2 212
2 77
2 113
1 87
1 161
2 122
1 13
1 282
2 151
1 164
1 129
2 161
2 261
1 226
2 125
2 10
1 237
2 265
2 198
2 38
2 23
2 220
1 62
2 294
2 242
1 85
1 273
2 208
2 32
2 239
2 259
1 200
2 135
2 277
1 93
1 146
1 121
