600 7000
2 207
1 61
1 177
1 249
1 159
1 135
2 241
1 17
2 37
1 271
2 276
1 155
2 120
1 108
2 159
1 18
2 226
2 101
2 11
2 206
2 162
1 97
1 33
2 244
2 32
1 284
1 76
2 251
1 223
2 246
2 237
2 13
2 95
2 86
2 289
1 204
1 91
2 72
2 296
2 1
1 71
2 265
1 293
2 126
2 214
2 255
2 248
1 193
1 22
1 248
2 149
1 181
2 153
1 264
1 270
2 158
1 267
2 203
1 100
2 98
1 179
2 130
2 215
2 251
1 286
2 290
2 4
2 280
2 134
1 267
2 295
2 169
1 95
2 119
2 3
1 188
1 225
1 252
1 23
2 77
2 11
2 88
2 237
2 164
2 25
2 92
2 44
2 82
1 224
1 205
1 228
2 30
1 285
2 5
2 260
2 27
1 8
1 230
1 189
2 65
1 58
2 124
1 134
1 198
2 43
2 299
1 113
2 57
2 38
1 15
1 252
2 254
2 123
2 176
2 174
2 7
1 29
1 20
1 292
1 122
1 203
2 93
2 59
1 66
1 82
2 218
2 54
2 229
2 103
1 13
1 178
1 87
1 28
2 124
2 276
2 209
1 97
1 128
2 138
2 160
2 185
1 164
2 180
1 90
1 262
2 213
2 75
2 64
2 49
2 106
2 191
2 196
1 274
1 238
2 121
2 172
2 224
1 138
1 170
2 110
2 8
2 36
1 96
2 60
1 145
1 221
2 148
1 200
2 18
2 129
2 211
1 20
1 262
2 152
1 150
2 300
1 210
1 232
1 54
2 112
1 286
2 36
1 197
2 2
2 34
1 144
1 190
1 295
2 282
1 105
2 247
2 282
1 140
1 135
1 253
1 228
2 163
2 187
2 34
1 272
2 148
2 271
2 131
1 63
1 200
1 222
1 155
1 15
1 296
2 46
2 184
2 150
1 145
1 50
1 100
1 64
2 48
1 278
2 187
1 278
2 298
1 250
2 209
2 182
1 35
1 94
2 186
2 59
1 163
1 147
1 238
2 21
2 117
2 141
1 257
1 239
2 208
2 147
2 149
2 154
1 39
1 270
2 290
2 257
1 104
2 167
2 205
2 197
2 294
2 26
1 235
2 285
1 24
1 242
2 190
1 104
1 218
2 142
2 2
2 277
1 280
1 102
1 273
2 144
2 70
1 69
1 57
2 41
1 3
2 281
1 300
1 287
1 45
1 225
2 249
1 12
1 268
1 211
1 198
2 234
1 243
2 146
2 1
1 129
1 227
1 245
2 107
1 133
1 173
1 69
1 23
2 288
1 162
1 213
1 141
2 132
1 94
1 19
2 118
1 126
1 231
1 151
2 35
2 10
2 291
2 86
2 22
2 269
1 67
1 46
2 51
2 253
1 288
2 139
1 75
1 223
2 47
2 39
1 243
1 210
2 196
2 58
2 116
1 191
2 245
2 117
1 81
2 201
2 128
2 4
2 226
2 115
2 272
2 47
2 157
2 195
2 91
2 192
2 266
2 111
1 29
1 167
2 63
1 266
1 41
2 80
1 73
1 292
2 52
2 53
1 62
1 250
2 231
2 61
2 258
2 96
1 68
1 119
2 109
1 298
1 176
1 83
2 43
2 116
2 115
2 175
1 78
2 158
2 179
2 68
2 165
2 297
2 274
2 173
2 219
2 131
1 136
1 261
1 192
2 51
1 229
2 189
1 177
1 255
2 109
1 220
2 214
2 275
2 9
1 235
1 194
1 127
2 157
1 112
2 240
1 254
2 101
1 81
2 186
2 6
2 127
2 89
2 241
2 16
2 84
1 207
2 74
2 133
1 14
2 281
1 216
1 194
2 118
2 71
2 195
1 121
2 27
1 62
2 77
1 175
2 102
2 146
1 76
1 137
1 154
2 221
2 40
2 21
1 260
2 137
2 139
2 259
2 246
1 284
2 240
1 265
2 222
1 55
1 169
1 299
1 156
1 9
2 17
2 31
2 93
1 79
1 180
2 216
1 261
1 153
2 14
2 275
2 92
2 185
1 40
1 42
1 25
2 7
1 174
1 199
2 183
1 136
2 204
1 5
1 188
2 264
2 152
2 132
2 236
1 183
1 232
1 258
2 70
2 215
2 88
1 184
2 50
2 85
1 171
1 166
2 56
1 99
1 233
1 10
2 212
1 73
2 151
2 259
1 182
2 55
1 256
2 67
1 263
1 256
2 263
2 279
2 106
2 16
2 60
1 287
2 26
1 199
1 283
1 83
1 103
1 220
2 114
2 217
2 242
1 113
2 219
2 6
2 234
1 244
1 87
1 107
2 120
2 90
2 193
1 12
1 293
2 142
1 273
1 212
2 172
1 110
2 125
2 98
2 38
1 31
2 30
2 122
2 53
2 80
1 105
1 165
2 202
1 28
2 166
2 49
2 108
2 52
2 171
2 233
1 247
1 227
2 291
2 56
1 168
2 32
2 239
1 161
2 268
1 48
2 279
2 65
1 170
1 79
2 42
2 78
2 269
2 206
1 217
1 201
1 143
1 161
2 283
1 140
1 111
1 33
1 143
1 160
2 168
2 72
2 230
1 123
1 19
2 125
1 202
2 85
2 236
1 89
2 84
1 294
2 99
1 45
2 24
2 208
1 289
1 74
1 297
2 156
2 130
1 277
1 66
1 114
1 178
2 44
2 37
1 181
