600 3000
2 55
2 17
1 51
2 212
2 97
2 83
2 28
2 168
1 203
2 48
2 220
2 34
2 107
2 2
1 290
2 4
1 252
1 6
1 59
1 163
1 33
1 23
1 144
2 75
1 64
1 251
2 39
2 296
2 72
1 267
1 81
2 179
2 84
2 170
1 211
2 272
2 67
2 281
2 253
1 87
1 81
1 299
1 5
1 234
1 265
2 250
2 295
2 247
2 273
2 265
2 254
2 235
2 40
1 126
2 236
2 103
2 162
1 128
1 172
1 207
2 207
1 218
1 282
2 269
1 255
1 139
2 257
1 161
2 64
1 188
1 145
2 189
1 224
2 140
1 291
2 60
2 131
2 82
2 41
2 238
2 199
2 152
1 7
1 30
1 159
1 18
1 47
2 24
2 146
2 69
1 67
2 36
2 156
1 6
2 116
1 34
1 183
1 115
2 260
1 227
1 54
2 125
2 293
1 9
1 185
2 1
2 231
2 204
1 124
1 154
2 108
2 192
2 218
2 2
1 41
1 76
1 181
2 39
1 209
1 199
1 123
1 297
2 222
2 120
2 214
1 57
1 130
1 123
2 103
2 160
2 213
1 268
1 79
2 15
1 292
1 162
2 9
2 24
2 205
1 18
2 230
1 89
2 135
1 276
2 88
1 25
2 10
2 77
2 197
2 44
2 141
1 21
1 242
2 82
1 49
1 190
1 90
1 185
1 298
1 153
1 5
2 217
1 289
2 153
1 90
2 157
1 245
2 106
2 29
1 73
2 232
1 22
2 239
2 184
1 35
2 294
2 44
1 142
2 114
1 195
1 119
2 279
1 246
1 143
2 157
2 148
2 129
1 208
2 65
1 42
1 12
2 231
2 204
1 278
1 201
1 256
1 130
1 209
2 68
2 267
2 122
2 299
1 253
2 283
2 71
1 86
2 179
1 296
2 266
1 240
1 135
1 285
2 175
2 124
2 101
2 65
2 264
2 260
2 164
1 293
1 187
2 56
1 114
2 70
2 23
1 250
1 174
1 237
2 243
2 174
2 113
2 215
1 140
2 226
2 169
2 152
2 121
1 230
2 200
1 22
1 285
2 115
1 96
2 147
2 131
1 216
1 284
1 171
1 272
2 251
1 3
1 198
2 37
1 146
2 160
2 38
2 77
2 14
1 85
2 84
2 11
1 85
1 200
1 14
1 244
2 223
2 53
1 19
2 30
1 173
1 168
2 210
2 259
1 300
2 136
1 101
1 145
2 221
2 247
2 248
2 117
1 240
1 257
2 233
1 119
1 258
1 195
1 165
1 259
1 158
1 171
1 98
2 80
1 10
2 112
2 149
2 89
2 95
1 91
2 242
1 249
2 80
1 109
2 202
2 156
2 132
2 186
1 151
2 118
2 300
2 61
1 108
1 206
2 137
1 68
1 73
2 143
2 104
2 91
2 294
2 26
1 191
1 74
2 51
2 228
2 180
2 245
2 176
2 277
2 54
2 275
2 113
1 93
1 271
2 254
2 96
1 249
2 78
2 229
2 19
2 288
2 276
2 278
2 275
1 273
2 284
1 72
2 248
1 25
2 186
1 28
1 173
1 12
1 194
2 201
2 189
1 60
1 57
2 50
2 210
1 292
2 220
1 206
1 159
1 27
2 132
1 236
1 287
1 261
1 97
1 118
1 263
2 234
2 75
2 165
1 92
1 178
1 167
2 110
1 215
1 169
2 32
1 274
1 53
2 244
1 129
1 225
1 256
1 197
2 16
1 49
2 166
2 16
2 111
1 27
2 112
2 105
2 232
1 87
2 21
2 76
1 287
2 117
2 177
1 110
2 142
1 95
2 212
2 286
1 105
1 274
1 263
2 150
2 106
1 258
1 170
1 193
2 45
1 3
2 26
1 20
2 286
1 226
2 158
2 40
1 268
1 238
2 62
2 55
2 219
1 61
2 288
1 94
2 243
1 277
2 134
1 223
2 227
2 280
1 289
2 241
2 66
1 137
2 270
2 221
2 107
1 196
2 202
2 266
2 255
1 1
1 283
2 155
1 222
2 167
2 180
1 280
2 194
2 121
1 45
2 102
2 188
2 133
2 298
2 116
1 102
2 176
1 37
2 241
2 31
1 8
1 58
2 42
1 126
1 52
2 264
1 93
1 70
1 100
2 63
2 196
1 32
1 181
2 164
2 203
1 161
1 13
1 262
1 213
1 228
2 29
1 94
2 144
1 154
1 134
2 190
2 183
1 128
1 43
1 35
2 141
1 211
2 193
2 149
1 166
1 52
2 191
2 147
1 58
1 17
1 205
1 78
1 86
2 182
1 48
2 261
1 8
1 229
2 109
2 88
1 198
2 122
1 33
1 63
2 92
1 225
2 184
2 295
1 133
2 148
1 83
1 127
2 36
1 271
1 216
1 127
2 252
1 139
2 136
1 178
2 163
2 31
2 47
2 138
2 69
2 282
1 79
2 7
2 74
1 71
1 270
2 15
1 66
1 235
2 262
1 4
1 224
1 98
1 281
2 269
1 214
2 291
1 46
1 59
2 290
2 155
1 151
2 104
2 192
2 219
1 237
1 99
2 20
1 56
1 246
2 233
1 177
2 38
1 120
1 182
1 13
2 138
1 111
2 50
1 208
1 125
1 175
1 99
1 100
2 150
2 11
2 46
2 43
2 279
1 62
2 187
2 239
2 217
1 172
2 297
