6600 6000
2 630
2 785
1 2828
1 568
1 1364
2 795
2 5
2 580
2 180
2 1409
1 2548
2 3052
1 1029
2 3155
1 2962
2 866
2 2665
1 2965
2 2629
2 2292
2 2691
2 705
2 2697
1 1522
2 135
2 937
1 590
2 842
1 2372
1 2631
2 1170
1 1367
1 2302
2 896
2 122
2 2838
2 3003
2 2291
1 464
2 3053
1 1168
1 1438
2 995
2 3289
1 2774
1 1408
2 1985
2 3237
2 320
1 1150
1 2040
1 996
1 2030
2 699
2 2066
2 1325
1 2351
2 2770
1 2191
1 2418
2 453
1 3229
1 1642
2 876
2 1044
2 1050
2 1240
2 1259
1 286
2 2707
1 204
1 2605
1 2312
1 745
1 1784
2 217
2 922
1 881
2 689
1 2161
2 703
2 1630
1 25
1 141
1 2669
1 1458
2 1994
1 3240
2 522
2 2507
1 529
1 2094
1 2607
2 2551
1 2349
1 2321
1 1478
2 1609
2 1700
1 2482
2 1590
1 3224
1 2982
1 1193
2 44
1 2678
1 2777
2 511
2 2459
1 2271
1 2423
1 2451
1 577
2 1568
2 133
1 1391
2 1028
2 1928
1 3048
2 1876
2 918
2 1296
1 1008
2 1413
1 1527
2 1108
1 2631
2 369
2 2666
1 2824
1 2065
2 2868
1 2867
2 2574
2 3297
2 2496
1 2027
1 790
1 1246
2 1801
2 1835
1 2748
2 1217
2 862
2 2567
1 2298
2 3096
1 1173
2 1622
1 2710
2 2937
1 3126
2 1859
1 170
2 1462
1 2790
1 2039
1 982
1 1648
2 1139
1 2898
2 2319
2 1197
2 1653
1 1120
1 2288
1 2693
2 1724
1 1217
2 926
1 2054
2 1358
2 2358
1 1359
2 296
1 540
1 3167
1 2796
1 1626
1 856
2 2804
1 1844
2 2410
2 2872
1 211
1 2899
2 2901
2 2532
1 2872
1 2273
1 2959
2 1935
1 74
1 3005
2 2469
2 3166
1 1122
1 670
2 2478
1 1082
2 1190
2 383
2 853
1 2737
2 2931
1 799
1 2793
2 289
1 339
2 1033
1 1326
1 1205
1 1113
2 1324
1 2098
2 1436
2 2455
1 245
2 2444
1 1949
1 2945
2 3194
2 2442
1 2211
2 472
1 2555
1 3181
2 995
2 1003
1 2502
2 1899
2 1881
2 345
2 354
1 2053
1 3267
2 1453
2 1893
1 210
1 2817
2 2960
1 2974
1 292
1 1244
1 2928
1 1081
1 2407
2 503
2 603
1 2685
1 3083
1 1730
2 1950
1 2681
1 1090
1 203
1 3046
2 1345
1 3057
1 495
1 241
1 1435
1 2139
2 2330
1 2912
1 1823
1 1610
2 2348
2 1043
1 482
1 2819
2 2624
2 2913
2 3232
2 1385
1 848
2 2638
2 2818
2 85
2 438
2 1066
2 3042
2 854
1 2127
1 2663
1 2834
1 1970
2 967
1 2568
1 281
2 2356
2 2693
2 1313
2 1745
1 1800
1 1016
1 2303
2 188
2 1397
2 263
2 1513
2 1447
2 2286
1 362
2 1698
2 779
1 1737
2 429
1 943
2 2345
1 1086
2 2429
2 2200
2 1260
1 1314
2 2976
1 2217
1 1107
2 2905
1 668
2 1671
2 794
2 2874
2 2388
2 2286
1 2064
1 646
1 3136
1 1264
2 2051
1 3138
1 1723
2 758
1 2244
1 2762
1 2946
1 2280
1 1757
2 3213
2 415
1 931
1 2760
1 946
1 2412
1 659
2 932
2 929
1 740
1 1192
1 2197
1 2383
1 2087
2 2378
1 2277
2 66
2 2786
2 1585
1 177
2 1622
2 888
1 697
2 2297
1 1392
1 1134
2 525
1 221
1 1022
2 1295
1 2229
2 2026
2 2753
1 203
1 3155
1 1197
1 3062
1 1105
1 683
2 1204
2 185
1 2321
1 2527
2 2035
2 1399
2 2572
2 108
2 2955
2 3242
2 3260
2 2403
1 803
1 2307
1 566
1 1724
1 3084
1 657
1 56
2 2827
1 1835
2 809
2 1312
2 3068
1 2526
2 309
1 3011
1 1668
2 2504
2 10
2 2989
2 510
1 3212
2 2654
2 1782
1 877
2 953
1 859
1 1592
2 3150
2 2672
1 2070
1 1219
2 651
1 1476
1 992
2 836
2 2729
2 432
2 1619
2 2529
2 747
1 2567
2 3040
1 2929
1 578
1 1979
1 347
2 2954
2 3131
1 1853
2 740
1 2920
2 2250
2 2982
1 3199
2 1417
1 467
2 2097
1 1398
1 2836
2 2533
1 1518
2 1620
2 2778
1 1044
2 1188
2 2268
2 3116
1 778
1 290
2 1417
2 1593
2 1052
1 266
1 1255
2 1644
2 65
2 2017
2 1956
1 817
1 2163
1 567
1 1216
1 649
1 1468
2 865
1 3108
2 134
1 1859
2 2819
1 1660
2 2041
2 2569
1 1308
1 2633
2 1145
1 2664
2 1551
2 2214
1 652
1 1548
2 2932
1 1154
2 2436
1 499
1 3040
1 1501
2 1890
1 105
2 1836
1 1818
1 3220
2 2681
1 414
2 2189
1 257
1 3034
2 2857
2 3259
2 539
1 2118
1 2468
2 3188
2 899
1 1828
1 1869
1 394
2 2904
1 1988
2 582
2 2451
2 303
2 1946
1 1854
1 22
2 1100
1 3269
1 1685
2 2805
1 1395
2 3122
2 1907
2 2624
1 2295
1 1971
2 2553
1 1227
2 2770
2 2495
1 1075
2 1210
1 696
2 1542
2 2630
2 1152
1 214
2 1887
2 2013
1 2408
1 1354
1 1242
1 1781
1 1571
1 2209
1 1613
2 1964
2 3060
1 1133
1 1466
2 2269
1 2837
2 100
2 2312
1 327
1 2867
1 2946
1 67
1 1176
1 356
1 3062
2 1648
1 2644
2 63
2 550
2 2179
1 2145
2 290
2 1868
1 1327
2 736
1 2577
2 2841
2 37
2 2348
1 1010
2 2008
1 808
2 2780
2 354
1 2542
2 2228
2 2063
1 2652
1 1186
1 3037
1 2320
2 2868
1 2443
2 126
1 2268
2 772
2 247
2 949
1 1564
1 435
2 1974
2 2744
2 640
1 1704
1 3171
1 2968
2 1356
2 804
2 2920
1 1725
1 2839
1 1955
1 3223
2 2794
1 82
1 678
1 855
2 4
1 2131
2 1079
2 3090
1 1095
2 1339
2 3140
2 628
1 289
1 530
1 3122
1 2122
2 866
1 2501
2 1106
2 2501
1 409
1 2012
2 1581
1 484
2 8
1 1863
2 1092
1 3230
2 2705
2 574
1 1699
2 2871
2 2047
1 1368
2 1321
1 2410
2 57
1 410
2 31
1 2822
2 1344
2 1211
2 1626
1 1704
1 3082
2 74
2 2173
2 2345
1 2742
1 993
2 984
2 2363
1 3101
2 3180
2 1061
1 2159
1 2598
2 2889
2 553
1 977
2 2601
2 382
2 911
2 1933
1 486
2 1816
2 1275
2 1318
1 1530
2 1866
2 2570
2 630
1 1566
2 2219
1 1126
1 1267
2 2240
2 1589
1 1883
2 695
2 2963
2 1063
2 2796
1 3215
2 2238
2 2905
2 3099
1 1496
1 2715
1 1376
1 904
2 18
2 1777
1 715
2 2525
2 2159
1 1806
1 189
1 892
1 1818
2 1995
2 143
2 1702
2 2964
2 2095
2 3008
1 1150
2 1944
1 1853
1 667
1 2732
2 3211
1 228
1 2650
2 350
1 1814
2 2939
1 3233
2 1419
2 2779
2 1884
2 1987
2 766
1 1661
1 3129
2 2712
1 282
1 1327
1 36
2 3158
1 1728
2 1371
1 2305
2 1584
1 212
2 2743
2 1104
2 769
1 2591
1 767
2 1598
1 1346
2 1870
2 1993
1 408
1 3281
1 205
2 1733
1 2926
1 3276
2 528
1 2595
2 2037
2 410
1 1398
1 352
2 2310
2 2791
1 441
1 1459
2 1803
1 1683
1 1385
1 2059
1 2406
1 717
1 421
1 315
1 1712
2 1705
2 2046
1 1051
1 1857
1 472
2 575
2 476
1 1226
1 3200
1 1304
2 2953
1 409
2 1538
1 676
2 2174
1 3299
1 2260
2 2637
2 1794
2 467
2 3032
1 2369
1 2686
2 2262
2 945
2 903
1 686
1 3133
1 1640
2 275
2 3110
2 1805
2 978
1 86
2 292
1 2515
2 2173
2 562
2 2759
2 885
1 2772
1 625
1 1216
2 1411
2 1339
1 1218
1 1768
1 2831
1 2432
1 1151
2 461
2 2117
2 301
2 520
2 2188
1 2130
2 950
2 2657
2 829
2 2950
1 1967
2 2940
2 2338
1 2673
1 696
2 109
1 1978
1 2401
1 817
2 259
2 55
1 932
2 1088
1 92
2 1819
2 1986
1 2921
2 952
1 2210
2 2858
2 2709
2 161
1 365
2 1687
2 2418
1 2033
1 1293
2 225
2 2607
1 356
2 957
1 1063
1 1059
1 612
1 872
1 1502
2 131
2 1521
1 2289
1 401
2 487
1 2775
1 265
1 1476
1 1578
1 1838
1 134
1 2881
2 117
1 780
2 1434
1 2012
2 892
1 2797
1 544
1 1141
1 1469
2 680
1 2294
2 380
2 1726
2 2018
1 1017
1 2660
1 511
1 2699
2 2030
2 3059
1 1851
2 2393
2 1759
2 40
2 2952
2 2697
1 2445
1 1442
2 1947
2 3107
1 3157
2 592
2 2231
2 1746
1 989
1 2036
1 333
1 2525
2 3138
2 479
2 485
2 1345
2 1340
2 1477
2 1285
2 2927
1 3089
1 714
2 2843
1 1861
2 769
1 1886
1 3244
1 1608
2 839
1 2792
1 394
2 2389
2 828
1 227
2 1905
2 2174
1 649
2 2465
2 3179
1 2223
1 722
2 2656
2 1508
2 3189
2 3007
1 2140
2 2593
1 1761
1 1910
1 75
1 13
1 1547
2 980
1 3135
2 447
1 2581
2 905
2 274
1 2071
2 2198
2 779
1 832
2 1078
2 725
2 3200
2 246
2 2900
2 2014
2 392
1 1048
1 1558
2 412
1 2233
1 3099
2 1406
2 2562
2 2961
1 1729
1 3
2 648
1 1623
1 597
2 3139
1 2415
2 2969
1 2517
1 841
2 2172
1 1499
1 2510
1 99
2 1101
2 3250
1 1129
1 397
1 1693
1 405
1 1077
2 2400
1 526
2 764
2 990
2 3295
2 2266
1 2882
1 3042
2 861
1 1107
2 1109
2 2874
1 411
2 2181
1 1751
2 1270
1 1565
1 462
1 1032
1 2676
2 2420
2 1695
1 970
2 3005
1 2003
2 1582
2 1903
1 2727
2 1181
1 1902
2 3140
2 944
2 2371
1 1415
1 428
2 38
1 897
2 1772
2 1645
1 2670
2 1896
2 746
2 3255
1 3134
2 2932
2 1679
1 2352
2 1559
1 1449
2 2453
2 1013
2 395
2 2060
1 433
1 1711
1 801
2 3000
1 104
2 1486
2 1198
2 2283
2 2424
2 2440
2 3258
1 1311
2 1355
1 1029
1 2857
2 460
1 1813
2 1790
2 2299
2 1763
1 2846
2 2540
2 3241
2 1569
2 312
2 1147
1 344
2 3221
1 2106
1 2493
2 507
2 2054
1 2612
1 1096
2 2665
2 1696
2 1921
1 3277
1 2865
2 2851
1 163
1 51
1 2892
2 3161
2 495
1 2673
2 2024
2 494
2 310
2 1561
2 2541
2 594
2 716
1 318
2 1641
1 1062
2 3201
1 1737
2 484
2 2340
1 1163
2 1799
2 2815
2 1323
2 785
1 1799
2 2101
2 265
1 1584
1 1491
2 504
2 2342
1 3169
2 1912
1 736
1 1002
2 2344
1 1041
2 741
2 2944
1 1234
2 3043
1 529
1 2761
2 158
1 150
2 1716
1 2180
2 1165
2 358
2 3249
1 3182
1 1032
1 1806
1 1251
2 1580
2 393
1 916
1 37
2 2299
2 1504
2 1968
1 2269
2 2234
2 606
1 3222
2 1693
1 2372
2 2498
1 2218
1 3283
1 1225
1 95
1 1765
2 1198
2 2102
1 2755
1 3064
1 2983
2 3055
1 84
2 930
2 2702
2 1142
1 1412
1 42
1 1280
2 1515
2 142
1 262
1 2903
2 1600
2 1732
1 1058
2 2667
2 305
2 1445
2 2811
2 595
2 1387
1 2379
1 1052
2 2636
1 122
1 3264
2 200
1 549
2 2486
2 1637
1 2376
2 471
1 2718
1 439
1 489
2 685
2 807
2 3044
1 2656
2 1809
1 279
1 1557
1 1489
2 2177
1 1740
2 675
2 3228
1 29
1 2839
1 1935
1 2023
2 1675
2 2462
1 2536
2 1650
1 263
1 2139
2 2818
2 2026
1 2199
1 680
2 1447
1 1378
2 1905
2 2141
2 760
1 2270
1 2671
1 2014
1 1298
1 965
2 1428
1 2086
2 1605
2 634
1 805
2 1906
2 3227
2 2813
1 2752
2 631
1 170
2 2626
1 2425
2 2850
1 2165
1 1516
2 1017
2 1290
2 2576
1 1747
2 1283
2 2939
2 1268
1 1729
1 2366
2 1222
2 1427
2 1267
1 2767
2 3265
2 2005
1 2717
2 530
2 1517
2 3027
2 796
2 2970
2 3282
1 2678
2 1825
1 2407
2 2972
1 2449
2 1667
2 2363
1 2830
2 2765
1 1208
1 2322
1 2609
1 1785
1 1634
2 1424
1 2251
2 1671
1 1913
2 547
2 2112
1 2959
2 2015
1 2919
2 2131
1 3001
1 1157
1 2191
2 2480
2 1920
1 931
2 2873
1 2144
2 375
1 701
2 560
1 2436
2 359
1 871
1 3123
2 191
2 648
1 464
1 909
2 182
2 2241
2 1086
2 1977
2 3151
1 26
2 1523
1 2183
2 3223
2 1943
1 2658
2 1411
2 814
1 2917
2 2053
1 1663
2 2206
1 2890
2 349
2 601
2 2256
2 1255
1 78
2 933
2 1798
2 480
1 1963
2 1459
2 2869
1 2357
2 1600
2 2831
2 691
2 2074
1 62
2 1653
2 338
1 1263
2 2393
2 73
2 517
1 3280
2 2243
1 2245
2 1384
2 182
1 2061
2 2380
1 583
2 2399
1 1743
2 962
2 2341
2 271
2 1405
1 1446
2 1281
1 3061
2 280
1 33
1 603
1 1736
1 283
1 1869
2 1222
2 2242
1 2757
1 774
1 1144
1 1670
2 3076
1 1432
2 1316
2 3221
2 2373
2 1821
2 488
1 3035
2 3021
1 269
1 2217
1 14
1 1520
1 1477
1 712
1 28
1 3172
2 2797
1 1730
1 1263
1 996
2 551
2 1706
1 98
2 1076
1 373
1 1815
2 2430
1 2563
1 605
1 2551
1 45
1 2257
1 321
1 1450
1 2981
1 631
1 1070
2 2798
2 2694
1 1427
2 2206
2 2004
2 1756
1 3225
1 2995
2 1883
1 3011
1 2621
1 306
2 2842
2 2295
2 1710
1 543
1 1662
2 2370
1 1581
2 2060
1 3074
1 901
2 424
2 1214
1 3049
1 72
2 1165
1 1503
2 238
1 918
1 1957
1 3109
2 2632
2 11
1 1392
1 2700
1 1079
1 891
2 1060
1 2184
1 2452
2 361
1 2075
1 905
2 3095
2 1221
2 2257
2 24
2 2847
1 2947
2 1080
2 2895
2 3261
1 1992
2 1420
2 271
2 2558
2 89
2 531
2 2826
2 1156
2 2066
2 2950
1 2219
2 664
2 1594
1 2362
1 3286
1 1519
2 127
1 593
1 151
1 248
2 2568
2 3121
1 877
2 848
2 3110
1 2002
1 80
1 2625
1 1195
2 1301
1 1618
1 1908
1 2062
2 2594
1 2957
2 2347
2 2309
2 1238
1 673
2 890
1 3077
2 1926
2 1407
1 325
2 69
2 1266
2 1186
2 1383
1 1776
2 195
1 2487
2 2091
1 3067
1 994
1 2497
2 753
2 2187
2 363
1 2037
2 3170
1 80
2 1110
1 1212
2 1379
1 178
1 2494
2 2396
1 1828
1 2304
1 2641
1 2520
1 1879
1 2009
2 291
1 169
2 1218
1 187
1 1286
2 2604
1 1009
1 3106
2 997
1 2534
2 2078
1 142
2 1651
1 810
2 3297
1 2279
2 487
1 2812
1 1358
2 1543
2 2744
2 940
2 917
1 521
2 2679
1 1291
2 1236
1 2521
2 576
1 834
2 516
1 505
1 1672
1 70
2 1709
1 1443
1 650
2 3218
1 492
1 1188
1 972
1 176
1 1337
2 2339
1 840
1 1988
1 621
2 1996
1 925
2 1366
2 797
2 2227
1 1060
2 2085
2 1300
2 666
1 806
2 54
1 1366
1 1980
2 403
1 2007
2 406
1 2604
2 2564
2 1885
1 1752
1 528
1 1775
1 828
2 1498
1 1407
2 224
1 274
1 1830
2 864
2 1349
1 2579
1 3141
2 88
1 239
2 2815
1 1324
1 3245
1 985
2 1865
1 1065
2 2361
2 1329
2 52
2 1192
2 478
2 1252
2 1983
1 500
1 969
2 1179
1 1686
1 1196
2 2979
2 2022
2 486
1 284
2 1995
1 1373
2 2509
1 2849
1 3146
2 2048
2 2967
2 442
1 815
2 1048
1 1472
1 180
2 3047
1 449
1 1932
2 1928
1 446
2 2035
2 1283
1 474
2 1930
1 1403
1 2716
2 863
1 3173
2 360
2 809
2 2762
2 2404
2 536
1 1415
2 1654
1 2490
1 1694
2 1303
2 1680
2 2641
2 118
1 2370
2 778
2 2096
1 1114
1 220
1 2817
2 1361
1 2063
1 1353
1 1750
1 634
1 558
2 2470
1 116
1 2988
2 1276
2 348
1 47
1 561
2 883
1 3143
2 2255
2 2698
1 871
2 428
1 887
1 1011
1 743
1 1390
1 1617
2 2958
2 2454
1 2276
1 999
1 2679
2 1448
2 90
2 672
2 2076
2 2585
2 1202
1 2592
2 1816
1 1538
1 1636
1 3213
2 2489
2 3257
1 2841
1 1036
1 1049
1 1621
2 181
1 48
2 3225
2 2472
1 2813
2 12
1 1948
1 2254
2 2891
2 847
1 2394
1 2789
2 1035
2 225
1 1887
1 49
1 2469
2 506
1 1224
2 1984
2 3201
1 491
1 1632
1 3257
1 1100
1 1571
1 2999
2 226
2 1075
2 137
1 2368
2 1004
2 499
2 1624
2 1117
1 1180
1 2165
2 2414
1 2836
1 1118
1 1833
1 1783
2 34
2 2835
1 1664
1 1099
2 1638
2 2263
1 811
1 1507
2 2103
2 856
2 3293
2 1976
1 512
2 260
2 1422
1 2990
2 1891
2 23
1 2531
1 2078
2 201
2 252
1 1416
2 2571
1 108
2 1134
2 2752
2 2956
1 2729
1 654
2 2594
2 2161
1 2722
2 298
2 3125
1 1466
2 2662
2 1012
2 2776
1 2069
1 35
1 2534
1 3256
1 2263
2 2947
1 2310
1 2803
2 2933
1 1690
2 1438
2 3015
1 1735
1 960
2 1381
2 3164
1 838
1 523
1 1023
2 293
1 2863
2 2701
1 32
1 2757
2 3018
1 190
1 2858
1 1645
2 36
1 3254
1 200
1 1979
1 803
1 1056
1 1652
1 565
2 833
2 2732
2 1103
1 2773
2 2307
1 163
1 2376
1 2584
2 1718
1 2714
2 48
2 1734
2 1791
2 1769
1 384
2 647
2 1963
1 3258
1 1550
2 701
1 699
2 1072
1 623
2 341
2 2596
2 1399
1 1864
2 2661
2 116
2 2179
1 1281
1 944
1 534
2 2736
2 1465
1 527
1 1889
1 2248
1 1276
2 1702
1 1047
1 2025
2 2701
2 1918
1 1856
2 2088
1 3226
1 181
2 2985
2 820
1 469
1 2788
1 149
2 797
2 3156
2 2555
2 1061
1 1240
1 3116
2 2344
2 2275
2 1359
2 1549
1 1904
1 2036
1 2801
2 2517
2 1295
1 1615
1 2998
1 1475
1 171
2 113
2 978
1 3203
2 1382
1 1819
2 1406
2 559
2 2538
1 2891
2 2971
1 700
1 2500
2 3226
1 2749
2 948
1 3274
2 2893
2 1888
2 3132
1 2642
2 1846
1 2124
2 1430
2 1
2 510
1 1787
2 690
1 2810
2 1824
2 1355
2 6
2 2580
2 1140
2 407
1 2104
1 679
1 844
2 2720
1 1289
2 1209
2 2512
1 587
2 3132
2 3246
2 2440
2 2404
2 1536
1 1874
2 569
1 1796
1 1099
1 557
2 2510
2 1128
1 437
1 1481
2 1297
2 1939
2 2505
2 867
1 990
2 2208
1 1675
1 2331
1 1674
2 924
2 2552
1 266
1 1733
1 845
2 3185
1 2593
1 1489
1 1955
1 2034
2 1657
1 1572
1 667
1 2155
2 964
2 1951
2 148
1 1001
1 3063
2 2695
2 3276
1 1616
1 1907
2 600
1 2800
2 3007
2 481
2 89
2 2424
1 1301
2 2527
2 1912
2 3079
2 3252
1 1661
1 728
1 1990
2 1334
2 2692
1 3235
2 264
2 2261
1 440
1 1697
1 3001
1 591
1 1319
1 1322
2 1731
2 1609
2 744
2 1635
1 1915
2 901
2 1898
1 524
1 448
1 1870
1 2047
1 2613
1 1936
2 1682
2 161
2 1300
1 462
2 1426
2 2149
2 812
1 3214
1 1525
1 1461
1 2977
1 2146
1 2937
2 2202
2 1566
2 2236
2 1722
1 445
1 700
1 3149
2 2102
2 1964
1 386
2 546
2 2332
1 1999
1 83
2 1992
2 966
1 2183
2 1758
1 786
1 564
2 1541
1 2751
2 1834
2 1136
2 1604
2 128
1 788
1 2130
1 850
1 3266
1 544
2 1638
2 2523
2 688
1 2690
1 2506
2 1394
1 1377
1 2290
1 732
2 2927
2 129
1 1001
1 2254
2 1201
2 2175
2 1546
1 711
2 1837
2 121
1 2302
2 2861
1 645
2 612
2 1105
1 1911
1 2392
2 2387
1 961
1 3059
1 3131
1 1909
1 1449
1 2717
2 16
2 662
2 1383
1 2381
2 1080
1 3051
2 787
1 1289
2 2477
1 1341
2 358
2 3050
2 1146
1 2056
2 1929
2 1042
2 329
1 1734
1 2225
2 147
2 1695
2 1916
1 3090
1 1005
1 1363
1 613
1 3238
2 275
2 2458
1 1357
1 2259
1 384
2 1318
1 661
2 2317
1 2991
2 1629
2 1246
1 449
1 1302
2 2520
2 2907
2 1121
1 1454
1 598
2 575
2 902
2 2511
1 379
2 2463
2 1978
1 1490
2 1606
2 616
1 1045
2 1441
1 2740
1 1299
2 1510
1 2807
1 3065
1 676
1 1265
2 1496
2 110
2 3175
2 971
2 1189
1 483
1 1122
1 2076
1 2176
2 2988
1 687
2 2572
1 400
2 1101
2 2759
2 2666
1 2422
2 3057
2 91
2 305
2 874
1 1778
2 1986
1 564
1 3219
2 120
2 692
1 2623
2 2708
2 956
1 514
2 3194
1 1007
1 2199
2 2129
2 1810
2 1095
1 2563
1 1866
2 3075
1 1614
2 230
2 411
1 2021
1 436
2 1547
2 416
1 2962
1 1558
2 2259
2 1229
1 1739
2 2452
1 196
2 183
2 1344
2 1569
2 968
2 567
1 3198
1 2055
1 862
2 1156
1 2861
1 2906
1 374
1 370
2 2975
2 3266
2 673
1 2252
1 94
1 2652
1 861
2 878
2 2017
1 1607
2 1639
2 3271
2 117
2 1539
1 2049
1 1884
1 1938
2 3045
2 186
2 1372
2 980
2 1732
2 2603
2 2743
2 3202
1 2426
1 217
2 2832
2 241
1 1360
2 281
2 1971
1 459
2 3217
1 1484
1 2975
1 2971
2 973
1 1370
2 1349
2 1495
2 1766
2 309
2 1443
1 426
1 2663
2 255
2 840
2 645
1 1119
2 2443
1 598
2 3146
2 936
2 2826
1 3159
2 2169
2 842
1 372
1 2909
2 2205
1 2518
2 96
1 1985
1 2530
2 2447
1 278
2 1997
1 2141
2 1529
2 2305
2 1128
2 1650
1 1832
2 1727
2 3267
1 2395
2 67
1 570
1 2512
1 748
1 707
1 2482
1 336
1 1274
2 1213
1 1515
2 2576
2 1441
2 1386
2 2251
1 221
1 459
1 2201
2 2560
1 1839
1 416
2 282
2 2723
2 174
2 1934
2 947
2 824
2 2314
2 2695
2 295
1 906
1 2142
1 1900
1 1361
2 1334
1 378
2 1898
2 3281
1 1463
1 1223
1 1073
2 2421
1 1117
1 2621
2 2834
1 1747
2 679
1 1208
2 1959
2 3108
1 1124
2 29
1 202
1 1710
2 1277
2 1419
2 2439
2 1847
2 1282
1 1760
2 224
1 2313
1 853
2 3179
2 1106
1 571
1 1717
2 780
1 3113
1 2413
2 199
2 1843
1 2676
1 633
1 979
2 208
1 800
2 3277
1 1736
2 146
1 959
2 1235
2 807
2 1097
2 466
1 1196
1 1682
1 46
2 427
2 1463
1 216
1 545
2 900
1 1914
2 1652
1 3275
1 1518
2 260
2 35
1 1713
2 2956
2 2647
1 24
1 77
1 1535
1 1797
1 1715
2 1679
1 139
2 3123
2 1504
2 1953
1 2336
1 3207
2 2123
1 2727
2 299
2 2475
2 1074
2 1250
2 3290
2 2795
2 3280
2 2153
2 1277
1 911
2 2582
1 637
2 1045
2 1401
2 2176
2 38
1 3097
1 1872
2 1667
2 1844
1 985
1 3015
2 2391
1 3095
1 2586
1 2220
1 1163
2 346
1 2875
1 2430
2 2708
2 2547
1 3114
2 908
1 743
1 124
1 827
1 641
2 3084
1 1703
1 3025
1 1561
1 2690
2 201
2 2153
1 2262
1 1524
2 3093
2 1338
2 3139
1 753
1 2651
1 2318
1 2977
2 1433
2 3203
1 2591
1 1130
1 2318
1 706
1 10
1 1157
1 1761
1 107
2 1347
2 348
2 3159
1 875
1 2519
1 721
2 1500
1 2180
2 2411
2 1539
1 622
1 1480
2 1940
1 1203
2 268
1 382
2 2267
2 2645
1 557
2 297
2 2273
1 2837
1 1808
2 3120
2 2505
2 11
1 1497
1 1599
2 159
2 907
2 2883
1 2838
2 1382
2 1831
1 2280
2 2549
1 3105
1 1410
2 2611
2 2445
2 2356
2 2021
2 675
1 1074
1 752
2 1337
2 3025
1 3009
2 1874
2 925
1 1297
2 518
1 2138
1 1458
1 879
1 2405
1 3292
2 2919
1 1133
2 367
2 2426
1 1014
1 455
2 518
1 1183
1 2237
1 2237
2 71
2 1414
2 651
2 1973
2 2272
2 1748
2 2487
1 698
2 1573
1 2186
2 2241
2 1577
2 322
1 167
2 1341
1 287
2 2499
2 1005
1 2329
2 179
1 376
1 2896
2 3147
1 1097
1 2618
1 746
2 2203
1 951
2 1505
1 2028
2 1656
1 442
1 2961
1 1917
1 1981
2 1516
2 396
2 2703
1 2178
2 304
1 419
1 1172
1 105
2 174
2 2722
2 2785
1 2133
2 1676
1 1563
1 3041
2 249
1 1378
2 451
2 739
1 2294
2 638
2 2134
1 1148
2 786
2 73
2 884
1 1054
1 2996
1 3121
1 497
1 657
2 1296
2 2120
1 2865
1 1430
2 1917
1 1544
2 79
2 248
2 555
1 542
1 984
1 3220
1 2450
2 1136
1 2550
2 496
1 1795
2 1084
1 313
2 3214
1 1658
2 1231
1 1824
1 639
1 3178
1 1532
2 2381
2 1941
1 3234
1 2791
2 1797
2 2910
2 9
2 1720
1 83
2 458
2 1098
2 33
2 3287
1 1182
2 2600
1 2895
1 3215
1 2033
2 423
2 2728
2 1315
2 2565
1 2503
1 685
2 2215
1 3050
2 992
2 1158
2 207
2 1149
2 927
2 3023
2 2509
2 2154
1 2543
2 1593
2 1396
1 413
1 1510
1 1183
2 2771
2 2137
1 532
2 2504
1 1000
2 2646
1 614
2 1085
2 560
1 2545
2 1357
2 188
1 2476
1 605
1 2072
1 2145
1 3300
2 2949
2 777
2 2484
2 1091
2 1610
1 2820
2 2474
1 2167
1 2059
1 2057
1 540
2 709
1 1491
2 2351
1 2193
1 2890
2 2629
1 69
2 566
2 433
1 2278
2 492
2 2503
1 1618
2 1542
1 326
2 355
1 164
1 2922
2 2457
1 3072
1 954
1 1809
1 2916
2 2416
1 586
1 2023
1 2828
1 1550
2 1306
1 1320
1 836
2 758
2 1014
2 443
2 125
2 707
1 1915
2 2876
2 172
1 344
1 162
2 2446
2 3243
2 1888
1 96
2 882
1 166
2 1091
2 1601
1 2
2 798
2 485
2 2077
2 988
1 1151
2 1677
1 1517
2 653
2 2238
2 2350
1 3018
2 2802
1 2889
1 3085
2 1437
1 1440
1 1711
1 475
1 1469
1 3100
2 1402
1 1292
1 1725
1 1374
1 60
2 1892
1 1960
2 2707
1 1273
1 2446
2 1148
1 2240
2 1595
1 2322
2 2473
2 2138
2 1172
1 1862
1 2232
1 1942
1 611
2 708
2 2799
1 3185
2 2100
1 1826
2 759
2 963
2 17
1 233
2 1617
2 2117
2 846
2 2335
2 3294
2 1236
2 674
2 523
1 3183
2 17
2 617
1 2442
2 2158
1 957
1 498
1 1790
1 1637
1 2408
1 340
1 1765
2 1316
1 362
2 1431
2 1666
2 231
1 2875
2 999
1 2355
1 303
2 2532
2 470
2 2478
2 1965
1 1259
1 2541
1 1256
1 781
2 270
1 1533
1 23
1 2777
1 94
2 2235
1 626
1 2574
2 2247
2 1162
1 1706
1 173
2 19
1 2277
1 974
1 463
1 945
1 1931
2 1336
1 2812
2 3268
1 2964
1 1040
1 754
2 2485
1 335
2 1633
1 1224
1 456
2 2369
2 2101
1 2233
2 3163
2 256
1 2104
2 2782
2 1625
1 739
1 1594
1 2045
2 2389
2 1423
1 1586
1 2472
2 383
2 1215
1 39
1 1788
2 2511
2 3191
2 376
2 3290
2 1696
2 1945
2 262
1 1475
1 1514
2 2331
2 2022
1 793
2 2377
2 444
1 2081
2 1642
1 3273
1 917
2 2657
2 2115
1 705
2 1451
1 1258
2 2885
1 955
1 1210
1 1373
2 2297
1 3160
1 369
2 1969
1 791
2 1860
1 2018
2 2553
1 704
2 300
1 737
2 860
2 328
1 2985
1 2866
1 1644
1 2725
1 1807
2 1909
1 3013
2 611
1 711
1 2524
2 3298
1 1002
2 1771
2 3187
2 3149
1 2358
2 2725
2 26
1 32
2 2112
2 1914
1 1530
1 2178
1 1114
2 2425
2 3010
2 3248
1 1896
1 2736
1 1372
1 2454
2 2110
2 2751
1 2582
1 1720
1 1110
1 1580
2 1690
2 1257
2 1596
1 1352
1 401
1 343
2 2590
2 2395
1 3271
2 1474
1 757
1 1050
2 781
1 2261
2 3100
1 2439
1 1753
1 822
1 2768
2 579
1 884
1 1991
2 2746
1 2462
1 2087
2 3067
1 2337
1 355
1 1570
1 2802
1 1947
2 1612
1 3124
1 3286
1 132
1 1031
1 2694
2 1041
2 454
1 742
2 637
2 1478
2 398
1 3183
2 3088
2 340
1 1485
2 731
2 715
2 3080
2 729
2 1712
2 1974
1 424
1 2096
1 3190
1 1861
2 1472
1 101
1 2910
2 1362
1 1027
1 2123
2 154
1 683
1 2460
2 2996
1 525
2 1511
1 1262
2 328
1 2397
1 2675
2 1201
1 1944
1 2050
1 1521
2 1984
2 2346
1 810
2 3000
1 1544
1 2359
1 2027
2 1109
2 922
2 503
1 2200
2 2137
2 1462
2 2561
2 1434
1 2337
1 2687
1 5
2 2340
2 242
1 2385
1 1873
1 296
2 1111
1 28
2 741
1 982
2 738
2 790
1 3236
1 903
1 1007
2 2038
1 1179
1 1531
2 169
2 58
2 197
2 563
1 251
2 2384
2 584
1 2211
1 1723
2 2646
2 3253
1 686
1 2854
2 2089
2 2615
2 1635
2 2878
2 1614
1 1929
2 493
2 3102
2 92
1 2415
1 589
2 2086
1 860
1 827
1 3192
2 1439
1 2146
2 3106
2 593
2 1633
2 391
1 1599
1 709
1 2514
1 2559
2 2226
2 1221
2 1010
2 1532
1 1245
2 919
2 1525
1 2660
2 172
1 799
2 325
2 1062
1 2422
1 2617
2 602
1 2375
1 3017
1 329
1 837
2 1975
2 1363
1 3013
1 2783
2 768
2 2234
2 254
1 2508
2 2128
2 1235
1 1864
2 921
1 3118
2 1889
1 2077
2 2957
2 3192
2 2761
2 2787
2 1583
2 2848
1 335
2 2829
2 1422
2 2115
1 20
2 1274
1 2315
2 216
2 721
2 3177
1 819
1 118
1 2921
2 1376
1 1261
2 1461
1 669
1 1499
2 1804
2 397
2 644
1 2983
2 1793
1 391
1 2731
2 1460
2 2242
2 1253
2 238
1 316
1 761
2 1326
1 2019
1 1701
2 1368
2 1549
2 2748
1 209
1 3020
2 1814
2 2601
1 2207
1 2388
1 2561
1 2990
1 3130
1 2589
1 1796
2 430
1 2709
2 1966
2 2260
2 1057
2 1894
2 1418
2 2061
1 502
1 2846
1 2674
1 1810
2 2411
1 213
2 2608
1 2705
1 2052
1 635
1 1409
2 1838
2 2696
1 2253
1 2493
1 2489
2 1103
1 800
1 2490
2 2871
2 2907
2 7
2 2849
2 2226
1 1727
2 3113
1 2689
2 1939
2 537
1 868
2 3242
1 2170
1 1669
1 1065
1 1745
1 1705
1 1555
1 1000
1 2795
2 121
2 509
2 1380
1 947
1 1879
1 3078
2 421
1 825
1 2518
1 213
1 386
2 1812
1 1043
2 850
2 2704
2 902
2 1878
1 849
1 1006
2 3152
2 1836
2 2438
2 2142
1 2842
1 2121
2 2368
1 39
1 886
2 2603
2 1258
2 1177
2 2114
1 1509
2 1206
1 2492
2 1744
1 1262
1 950
1 208
1 1900
2 2360
1 2181
2 3158
2 1228
1 298
1 2575
1 2851
2 2282
2 252
1 617
2 2850
2 2239
2 1673
2 415
2 2384
2 185
2 3233
1 2283
1 1333
1 244
1 454
1 873
2 1269
2 735
1 377
2 2148
2 1924
2 725
1 2984
2 333
2 1239
1 2461
2 1895
2 3006
2 1488
1 2095
1 2450
2 2548
2 476
2 587
1 2293
1 3170
2 3111
1 1669
1 1012
1 123
2 2886
1 2186
1 2070
2 1200
1 2093
1 3148
1 2147
1 671
2 1457
2 3039
1 2692
1 1846
1 2924
1 3204
1 71
2 2129
1 977
1 2399
1 3033
2 1280
1 2461
2 88
1 179
1 3231
1 2136
1 2466
1 1404
2 719
1 1524
2 2495
2 371
1 19
2 2859
1 3147
1 1811
1 136
1 287
1 3036
2 2852
2 2162
1 1124
2 153
2 1362
2 727
1 1152
2 3038
2 2980
1 474
2 395
2 1769
1 2015
2 1994
2 2560
2 652
2 2712
1 2845
2 2530
2 93
2 677
2 1764
2 2718
1 2245
1 1685
1 1155
2 62
1 3125
1 988
1 2311
1 2082
1 1670
2 1897
1 604
2 493
2 58
1 2879
1 1414
1 93
1 452
1 1827
1 2916
2 565
1 1750
1 220
2 1310
1 682
2 2758
1 532
1 2960
1 2906
1 2566
2 78
1 3254
2 2615
1 2031
1 1088
1 2524
1 3056
2 1096
1 3299
1 3190
1 2463
2 586
1 184
2 1428
1 1145
1 2651
2 2428
1 1252
2 2433
2 913
2 43
1 3030
2 1535
2 1492
2 3162
2 615
2 53
2 2291
2 1200
1 2403
2 3142
2 1030
2 2680
2 2479
1 749
1 775
2 506
2 1116
2 2864
1 596
1 30
1 796
2 1190
2 2374
2 914
2 1943
1 608
2 3284
2 3082
1 1876
2 2429
2 2588
2 3022
1 2538
2 352
2 1708
2 3117
1 46
2 2521
2 3263
2 3236
1 2721
1 1046
2 2089
1 212
2 3189
2 160
1 625
2 2612
2 2194
1 1627
2 1916
1 1625
2 1877
2 1018
1 1894
2 2684
1 914
1 835
2 654
1 2308
1 749
2 2010
1 2346
2 2092
1 2602
2 147
1 1880
2 2488
1 694
1 552
2 579
1 2336
2 733
2 3198
1 1906
1 2963
2 1973
2 802
2 582
1 2427
1 2069
2 446
2 875
1 2016
2 2583
2 1182
2 517
1 3186
2 1471
1 2201
2 1250
1 2900
2 364
1 1493
2 3016
2 1779
2 2807
2 2978
2 936
1 830
2 149
1 2719
1 2106
1 900
2 457
1 1956
2 1829
1 2999
2 1161
1 1424
2 3268
1 2290
2 2749
2 3222
2 1130
2 2325
1 1805
1 86
2 1123
2 3212
1 1808
2 1247
2 434
2 2041
2 2488
2 2659
2 2984
1 1350
2 3066
1 1483
1 1480
2 2231
1 682
1 3274
2 1827
1 2730
2 3137
2 167
2 2706
1 2311
2 3244
2 1541
2 41
2 2944
2 1220
2 2172
2 1272
2 636
1 2343
1 2691
1 3004
1 1242
2 791
2 95
1 2400
2 1867
2 2190
2 187
1 2703
2 1946
1 1776
1 1174
1 966
2 2151
1 606
1 2763
1 2622
1 372
1 2108
1 2470
2 81
2 2144
2 480
2 822
2 998
1 1400
2 1526
2 1632
1 3165
2 2453
2 1621
2 338
1 562
1 2354
1 160
1 1137
1 2267
2 834
2 2908
1 378
2 3224
1 1857
2 1735
2 880
1 166
1 2300
1 2606
1 1689
2 365
2 97
1 1746
1 310
1 1656
1 2810
1 2031
2 2359
1 2364
2 3243
1 1585
1 1171
2 2326
1 2644
2 1557
1 1848
2 1169
1 2756
1 2185
1 910
1 594
1 952
1 948
2 1132
2 2638
1 2655
1 1788
1 2894
1 124
2 1416
1 2533
2 3176
2 198
1 3035
1 2365
2 44
2 2820
2 2203
2 1293
1 2774
2 1418
2 1512
1 880
1 3094
2 327
1 261
2 2042
1 1564
1 2848
2 1034
1 1167
2 2182
2 962
1 665
1 858
1 773
1 2011
1 3135
1 2808
1 522
2 1823
1 909
1 1982
1 2192
1 2787
2 2196
1 458
1 1688
1 497
1 3262
1 1057
2 1299
1 2724
2 923
1 2007
1 622
2 1046
1 1024
2 1189
2 3087
1 1484
1 1140
2 385
2 1423
1 1265
1 898
2 3279
2 1841
1 1479
2 1982
2 321
2 3080
2 1882
1 2627
2 1003
2 1803
2 13
2 1118
1 661
1 68
1 967
1 178
2 387
1 3
1 2125
2 2288
1 2333
2 2216
2 2987
2 2004
1 143
1 802
1 2546
2 1852
2 1393
2 2993
2 2185
2 1774
1 1990
2 196
1 1125
1 1127
2 2485
2 1628
1 1540
1 1658
1 2955
2 406
1 99
1 1981
2 3096
2 928
1 2670
1 2396
1 889
2 3065
2 133
2 193
1 2726
2 1766
2 2417
2 2745
2 642
2 1039
1 1352
2 2912
1 2058
1 3043
1 1899
1 1752
1 965
1 2835
2 3107
2 390
1 2475
2 1842
2 2675
1 956
1 1164
1 2266
1 1035
1 3083
2 3002
2 533
2 2020
1 1143
2 237
1 2000
2 2978
2 2767
2 1575
1 3076
2 291
2 3112
2 2580
1 3148
2 2925
1 7
2 724
1 1789
1 1135
1 434
1 2224
2 367
1 1272
2 2459
1 595
2 2157
2 350
1 3070
2 1126
2 632
2 2750
1 2764
1 2972
2 2643
1 3162
2 2995
2 414
2 3141
1 2537
1 2292
2 2655
2 1154
2 545
1 1726
2 1497
1 1703
2 2617
1 2249
1 2099
1 1226
1 772
1 2100
1 268
2 496
2 1829
1 1926
1 165
2 3112
1 315
2 3066
1 380
1 253
2 2557
1 2190
2 128
2 375
2 3181
1 572
2 1785
2 324
1 3075
2 508
1 690
1 3133
1 3074
2 3283
1 1551
2 319
1 1387
1 3119
1 445
2 2353
2 1832
2 1672
1 684
1 2386
1 3282
1 2763
1 618
2 361
2 239
1 632
1 2198
1 1573
2 258
2 806
1 2516
1 2683
1 1567
2 2806
2 751
2 813
2 398
2 1294
2 893
1 1328
2 1563
1 1171
1 2067
2 1473
2 3278
2 2577
2 2235
2 2992
2 2648
2 1278
2 349
2 555
1 983
2 1843
2 698
1 483
1 1202
1 1338
2 103
1 269
2 1643
2 3279
1 929
1 1924
2 1540
1 1937
2 3029
2 1961
2 422
2 3197
2 3289
1 2279
1 576
2 192
1 1083
2 722
2 2433
2 1028
2 714
2 2055
1 106
2 607
1 293
2 1719
2 1590
1 1306
1 1479
2 1115
2 2735
2 176
2 3206
1 590
1 2753
1 2689
1 2622
2 2164
2 1174
2 477
1 2599
2 87
2 1164
2 1127
1 218
1 727
2 168
1 1435
2 2247
2 600
2 2184
2 2432
1 1787
1 3272
1 2293
1 2357
2 2688
1 849
1 2088
2 313
2 981
2 1332
2 3028
1 119
2 218
1 77
1 1455
2 2119
2 1936
2 2930
1 2597
2 2246
2 25
2 3191
1 1634
1 158
2 863
1 2258
2 2119
2 2431
1 1938
2 2136
2 1025
2 1559
2 152
2 3071
2 677
1 2464
1 2928
2 519
2 475
2 3248
1 1087
1 687
2 3205
1 1040
2 465
1 1872
2 488
1 3239
1 697
1 450
2 689
2 1421
2 2531
1 2113
1 2860
1 1560
2 243
1 1488
2 2428
2 1552
1 2781
1 744
1 1714
2 1961
1 2804
2 2090
2 2698
1 3091
2 2497
2 119
2 3085
2 1206
1 2467
1 1437
1 1149
2 1038
2 1328
1 2243
2 2880
1 408
2 3193
2 123
2 2460
1 3288
1 887
1 2167
2 1760
2 723
1 319
2 111
2 450
2 251
2 1034
2 831
1 431
2 2491
2 2600
1 1856
1 583
2 1168
2 2335
2 1811
2 1771
2 3033
1 1676
1 1143
2 890
1 2001
2 669
1 535
1 1270
1 3227
2 2587
1 3234
2 2113
1 1718
1 1528
2 1817
2 693
2 3202
1 934
2 1681
1 1713
1 3195
2 1987
1 1764
2 1849
1 986
1 1921
1 2140
1 2825
2 1871
2 2775
1 1249
1 347
1 2667
2 1232
2 343
2 635
1 2391
2 3073
1 541
2 3251
2 3247
2 2046
1 1758
1 20
2 285
2 1507
2 569
1 2738
2 273
1 3157
1 2151
1 357
2 3006
1 3126
2 1841
2 2938
2 1309
1 1068
1 915
2 678
1 1647
2 1577
2 1820
1 1112
2 1054
2 688
1 306
1 3164
2 1021
1 1783
1 1256
2 2093
1 893
1 3069
1 857
2 960
2 1659
2 766
2 1784
2 104
2 752
1 2830
1 2465
1 2943
1 3167
2 3188
1 1203
2 2738
1 1233
1 695
2 364
2 1160
1 1503
2 3208
2 1845
1 2764
1 314
2 2760
1 662
1 2228
1 228
2 2923
2 1116
1 2111
1 1022
1 1066
1 1492
2 2904
1 2317
1 246
2 509
2 2755
2 1953
2 2249
2 2414
2 2080
1 1772
1 2814
2 351
2 1159
1 3296
1 215
1 1528
1 1225
2 1367
1 618
1 3296
2 1700
1 76
1 2922
2 2934
1 1247
1 1333
2 1891
2 30
1 527
2 3004
2 18
1 2402
1 479
2 2074
1 3230
2 332
2 102
2 1431
1 2945
1 1187
1 2682
2 457
1 1591
2 1834
2 1543
1 214
1 2908
2 2669
2 859
2 2484
2 897
1 1741
1 2654
2 2084
2 2296
2 1389
1 2898
2 2323
2 1094
2 3078
2 585
2 1176
2 1602
1 1901
2 141
2 1364
2 2896
1 574
2 3072
2 272
1 2020
2 1159
1 671
2 1039
2 1336
1 2373
1 2382
1 1770
2 2150
1 61
1 959
1 1230
2 1360
2 1162
1 2661
2 2636
1 1738
2 1483
1 3117
1 1993
1 2771
1 468
2 782
1 2477
2 2320
1 389
1 1161
2 2595
1 2479
1 3247
1 954
2 1582
1 2160
1 2148
2 3293
2 2038
1 1195
1 2609
1 782
1 1920
2 1606
1 1616
1 2720
2 2133
2 1967
1 1307
2 3019
1 402
1 1903
2 2492
1 460
1 2901
2 1878
1 3120
1 2315
2 987
2 1384
2 1348
2 2529
1 620
2 1854
1 3073
2 2296
2 186
1 1120
2 718
1 2225
1 1137
2 1798
1 2194
1 1413
2 3216
2 2392
1 533
2 1800
2 2766
2 1688
2 317
2 1473
1 3086
2 1908
1 3061
1 219
2 1178
1 953
2 192
1 808
1 276
2 1490
2 1601
1 1837
2 2628
2 1709
1 2270
2 257
1 2653
2 316
2 2332
1 2716
1 357
2 1977
2 2339
2 3193
1 2726
1 183
1 3197
2 498
1 1579
2 515
2 2832
2 1178
1 955
2 60
2 2221
2 47
2 2639
2 2854
1 2029
2 2111
2 3054
2 2915
2 1629
1 3168
2 581
1 968
2 2507
1 2827
2 592
2 2711
1 175
1 1958
2 2765
2 538
2 234
1 2182
2 2845
2 2284
2 2006
1 157
2 9
1 1253
1 3208
1 276
2 157
2 3098
2 997
1 1565
2 175
1 934
1 1568
1 1243
1 1506
2 2437
2 718
2 2202
2 2282
1 1640
1 135
2 599
2 2535
1 571
1 43
1 1740
1 2554
1 1882
1 1187
1 1731
1 3031
1 1051
2 455
1 770
1 1444
2 1257
2 1778
1 2210
2 745
2 755
2 3273
2 1692
1 3177
1 2171
1 2029
2 126
2 1323
1 3294
2 2090
1 599
2 1556
2 3252
2 2776
1 3178
1 949
2 3251
2 1845
1 42
2 1513
1 2324
2 3240
1 3045
2 3260
2 1298
2 1388
2 2873
1 2658
2 1526
1 942
2 3039
1 2212
2 2882
2 2630
1 969
1 2713
2 1342
1 2997
2 59
1 1839
1 3144
1 2506
1 1351
2 1285
1 514
1 2731
1 2934
2 2028
2 2909
1 3008
1 2083
1 2677
1 2616
1 3023
1 1502
1 2471
2 2375
1 2323
1 453
2 2915
1 581
2 2092
2 3153
1 1082
1 2750
1 1342
1 389
1 2154
1 1681
1 1749
1 1311
1 2888
1 973
2 923
1 2306
1 301
2 656
2 2040
2 156
2 2216
2 2897
2 1264
1 1456
1 2274
2 2230
1 1742
1 1093
2 1237
1 3134
2 402
2 2421
1 1545
2 2114
1 1556
2 2281
1 2361
2 2333
1 3209
1 526
1 2786
2 280
1 2936
2 2314
1 250
2 1922
1 436
1 1660
1 1996
2 2528
2 405
2 668
1 1668
1 1576
2 2097
1 1482
2 2951
2 2952
2 2540
1 1433
1 851
2 2590
2 940
2 1893
1 3261
2 2364
2 64
2 2620
2 541
2 2805
2 1501
1 2045
2 558
2 1945
1 3300
1 1877
2 830
2 3295
2 461
2 792
1 3086
1 2739
1 820
1 894
1 1166
2 2476
1 1465
1 3154
2 706
1 2253
2 1317
1 1754
1 2143
1 164
2 2271
1 2843
2 230
2 247
1 1534
2 57
1 1719
1 1347
2 1767
2 2166
2 3165
1 1494
2 2213
2 658
2 1812
1 1555
2 823
1 2526
1 702
1 2573
2 1346
2 168
1 1674
1 1576
1 258
2 2272
2 2967
2 235
2 2285
2 2126
2 1072
1 804
2 1998
1 1271
2 207
1 2859
1 1751
2 1467
1 2768
1 1831
1 1102
1 2435
1 1212
1 847
2 2645
1 1147
2 1248
2 468
2 2965
2 2163
1 153
2 2227
2 240
1 2539
1 1223
1 2914
1 1089
1 1976
2 2537
1 27
1 1452
1 730
1 2587
2 2674
1 1177
2 748
1 2911
2 989
2 938
2 2105
2 1531
2 2434
1 2347
2 2627
2 1560
2 650
2 1969
2 1958
1 1340
1 2730
1 2062
1 120
1 1211
2 1755
2 202
1 1612
1 3152
2 110
2 3153
2 3259
2 3044
2 1570
1 3010
2 3124
2 2162
2 1026
1 783
2 1026
2 2783
1 939
1 2212
2 1742
2 2441
1 2508
1 2491
1 838
2 1069
1 2008
2 2002
2 1227
1 3014
2 2780
1 1739
1 154
2 2766
2 1455
2 75
2 2287
2 2049
2 2706
2 2195
1 946
1 1999
1 1567
2 1241
2 45
2 1219
2 2177
2 184
1 3292
1 2313
1 1047
1 2608
2 1910
2 286
2 1762
2 3184
2 307
1 1923
1 852
1 250
2 2353
1 2379
1 204
1 1132
1 2196
2 1589
1 1592
1 1271
2 2398
2 664
1 1141
2 3024
2 2626
1 1319
1 2084
1 140
2 1146
2 490
2 162
1 1310
1 2157
2 2833
1 2248
1 964
2 1536
2 3278
1 1586
2 2188
2 2700
1 1144
1 1901
2 1185
1 2719
2 895
2 52
1 2099
2 2558
2 2938
1 1749
1 1467
2 2806
1 1239
1 2343
1 399
2 767
1 1229
1 508
1 3127
2 1664
1 151
2 2557
2 601
1 2618
1 165
1 2380
1 694
1 2884
2 1009
2 2742
1 3245
1 1923
1 1482
1 609
1 2043
1 708
2 2544
1 3166
1 534
2 638
1 608
1 556
2 2522
1 82
2 1332
1 3098
2 2976
1 273
1 3119
1 1663
1 1715
2 2118
2 1381
2 1185
2 2496
2 3056
2 2208
2 1425
2 951
2 1607
1 716
2 1069
1 2005
1 2923
1 2902
1 2648
2 259
1 3068
1 1527
2 2417
1 1275
2 1897
1 2713
2 1375
1 1537
2 2109
1 470
2 636
1 242
1 2413
1 501
2 1795
2 660
1 346
1 626
1 2734
2 2072
1 3030
2 473
1 3053
1 2986
1 2543
1 3021
2 2847
2 3270
1 2152
1 2514
1 2350
1 3151
2 1753
2 145
1 573
1 3104
1 1460
1 3143
2 845
1 742
1 3228
2 1775
1 2799
2 2193
1 2746
1 2635
1 3037
1 3051
2 731
1 2914
1 3026
2 1880
1 937
2 2502
1 2929
1 1654
1 3241
1 2276
1 3127
1 1948
2 103
1 2456
1 4
2 2535
2 2788
1 1579
2 1842
2 3036
1 1677
1 2671
1 927
1 629
1 279
2 2334
2 112
1 1780
1 368
2 1602
1 1155
2 2006
1 1138
1 2653
2 852
1 2080
2 521
2 1780
2 3253
1 1657
1 360
2 1288
2 2589
2 1833
1 864
2 814
2 3176
1 987
1 1498
2 993
1 1793
1 3180
2 452
2 2355
1 1241
2 2374
1 1744
1 55
1 513
2 1925
2 1980
2 1452
1 114
1 140
1 2334
2 491
2 547
1 1895
2 1470
2 1158
2 684
2 1598
2 1770
1 413
2 1952
2 2948
1 1085
1 1396
2 1495
2 1587
2 604
2 816
1 1354
1 66
1 430
2 70
1 2640
2 388
1 2973
1 1512
1 481
1 385
1 2825
1 1420
2 763
1 1214
1 215
1 2855
1 2704
1 1649
1 1348
1 2483
2 1851
1 2550
1 1330
2 41
1 2809
1 3269
1 15
2 2552
1 2438
1 3055
2 3206
1 1098
2 1847
1 2941
2 72
1 1875
1 1073
1 193
2 235
2 3216
1 90
1 3089
2 3196
2 2304
2 451
2 2925
1 1486
1 3102
2 2659
2 16
1 3016
2 1611
2 233
1 2860
1 2973
1 1199
2 818
2 334
1 2610
2 2824
1 98
2 1251
2 1170
1 1024
2 2863
1 3262
2 2448
2 3027
1 264
1 2635
2 2406
2 1587
1 854
2 425
1 2935
1 2158
1 1691
2 2980
1 2893
2 1442
2 2734
2 551
1 278
2 1623
2 3284
2 1707
2 1849
1 2281
2 1402
1 1777
2 437
2 1597
2 2924
2 665
1 920
1 1266
1 1485
1 3064
2 435
1 757
1 811
2 337
1 512
2 2498
2 633
1 1855
1 1194
2 2942
1 504
2 2275
2 2044
1 1037
2 2735
1 324
2 3175
2 1930
1 2879
2 3103
1 1408
2 2941
1 1548
2 2647
1 209
1 1966
2 906
1 2779
1 404
2 2447
2 1493
2 3081
2 879
2 1619
2 61
1 440
1 831
1 1684
1 3171
1 366
2 2091
1 681
1 2394
1 403
2 788
2 1191
2 663
2 1457
2 400
1 2578
1 3092
1 972
2 2420
1 1779
1 2034
2 734
2 2065
1 3210
1 891
1 1655
1 1802
1 563
1 1020
1 2449
1 1628
1 1595
2 1184
2 1522
1 3154
1 478
1 2513
2 2405
2 1792
2 815
2 519
1 297
2 614
1 641
2 2071
1 2377
1 2614
1 3150
1 941
2 874
2 456
1 2051
2 1574
2 249
2 2935
2 1651
2 1574
1 2588
1 1444
1 2539
2 438
2 1232
2 3103
1 1440
1 2464
2 288
2 1160
2 2175
2 1175
2 1087
1 1649
2 548
2 3092
2 2894
1 3196
1 267
1 1090
2 3287
2 2303
1 2790
2 114
2 805
2 253
1 308
2 1950
1 2715
1 138
1 471
2 2892
2 465
2 2702
2 2083
2 1053
1 2728
2 2032
1 2401
1 2412
2 1826
1 1802
1 2122
1 1104
1 2605
1 1111
1 1102
2 666
1 2197
1 692
1 3101
1 624
2 976
2 2968
1 1305
1 3231
1 616
2 1199
2 3186
1 2931
2 1304
1 1454
2 1370
1 1470
1 2308
2 1821
2 1603
1 3199
1 294
1 156
2 3210
2 2885
2 3003
2 2649
2 958
1 2052
1 1954
1 2625
2 1519
1 535
2 2778
1 106
1 3069
1 1291
1 2699
1 277
1 543
1 130
1 2258
1 2480
2 1511
1 2930
1 3275
2 2855
1 2132
2 2998
2 3058
2 835
2 1059
1 889
1 1248
2 3173
1 1553
1 3263
1 2068
1 751
2 2481
2 991
2 1952
1 3137
1 938
1 2170
2 1615
1 3219
2 1064
1 2668
2 1756
2 177
1 2948
2 2639
2 691
1 1181
2 1429
2 2456
1 284
1 865
1 1278
2 2619
1 577
1 317
1 2809
1 2816
2 1329
2 337
1 1694
1 2416
1 79
1 1025
2 2570
1 2682
1 975
2 3026
2 1335
1 730
1 819
1 886
1 2108
2 912
2 302
2 1284
2 427
2 1689
1 1684
2 1042
2 720
1 1639
1 1243
1 655
1 2189
2 765
2 2620
1 573
1 2754
1 314
1 1520
1 2571
1 2289
2 1792
1 489
2 1464
2 40
2 771
1 1743
1 2880
1 610
2 1959
2 2085
2 2079
2 254
2 789
2 171
2 3249
1 50
2 2650
2 2883
1 3031
1 463
2 979
1 1015
1 3079
1 2547
1 2160
2 647
1 418
1 2329
2 2230
1 656
2 1391
1 1975
2 191
1 1194
1 1231
2 2366
1 1071
2 3129
2 2801
2 1991
1 2473
1 1018
2 538
1 2326
1 2255
2 146
1 2758
2 2094
1 1031
2 539
2 2011
1 1937
1 693
1 784
1 2222
1 713
1 3104
2 549
2 2135
2 363
2 222
2 255
2 1960
1 2016
1 1209
1 1142
1 1260
2 1081
1 1957
1 703
2 2435
2 858
1 2877
2 444
1 3029
2 2019
2 3209
1 3041
2 3054
2 1562
2 734
2 826
2 1125
2 531
1 1153
1 1755
1 939
1 2554
1 3291
2 2870
2 1665
2 243
1 3229
2 125
1 1537
2 1331
2 231
1 1070
1 798
1 1138
1 719
1 3168
2 3195
1 729
1 3070
2 144
2 374
2 759
2 2887
2 588
2 643
2 2724
2 1429
1 3264
2 869
1 3169
1 1184
2 270
1 738
2 894
1 194
2 1135
1 102
2 1701
2 2164
2 2109
1 1487
2 994
2 2402
2 1552
2 2067
2 2745
1 312
1 63
2 2913
2 2569
1 1850
2 3207
2 131
2 888
2 417
2 1678
1 2953
1 8
2 912
1 1902
1 115
1 829
2 345
2 1386
1 935
1 1343
2 1801
1 2250
2 1233
1 2278
1 1699
1 793
1 1471
2 159
1 2513
2 570
1 2483
1 420
1 51
1 1369
1 127
1 2583
2 2556
2 1951
2 2870
1 443
2 2844
2 2390
2 655
1 2218
1 232
1 2637
2 710
2 132
2 621
2 1092
2 2448
2 129
2 1588
1 2741
1 885
1 2878
1 1738
1 320
1 1680
1 971
2 2398
2 2974
2 821
1 1892
2 3109
1 2823
1 2000
1 2772
2 735
2 1913
2 2853
1 1390
1 1112
1 963
2 1830
2 1374
1 843
2 65
1 1867
1 1613
1 1781
2 1027
2 2001
1 2068
1 1410
2 1553
2 824
2 755
1 1636
1 1030
1 1055
2 896
2 1436
1 1089
2 2546
1 640
2 750
2 2386
1 2688
1 2936
2 1395
1 916
1 2951
2 1108
1 2792
2 928
2 2598
2 1234
2 728
2 975
1 1421
2 115
1 2987
1 3172
1 1325
2 1941
2 2739
2 2155
1 3046
1 2360
2 2585
1 2918
1 2306
2 199
2 1193
1 795
1 3002
1 2672
1 2856
1 2032
2 2903
1 2187
2 399
1 1855
2 366
1 3265
2 580
1 1717
2 765
2 3174
2 189
1 137
1 299
2 653
1 1205
2 1308
2 2632
2 1666
2 1286
1 432
1 1791
1 710
2 2888
2 2298
2 516
1 130
1 1546
1 3081
2 1687
2 1965
2 1077
2 417
2 1509
1 2264
1 1451
1 144
2 761
1 466
1 1094
1 2741
2 2107
2 924
2 2721
2 2829
2 1932
2 1169
1 3298
1 1919
2 712
2 935
1 554
2 387
2 1591
2 1033
1 3288
2 1707
2 1439
2 330
1 1315
1 1545
1 2
1 1153
2 2687
2 2327
1 302
2 53
2 794
2 1008
1 2993
1 747
2 229
1 1807
1 2327
1 1037
2 469
2 1053
2 548
2 240
2 3038
2 1302
2 109
1 1890
2 2542
2 1865
2 219
1 150
2 2121
1 2107
1 1369
2 774
2 1180
2 1871
1 2409
1 2147
2 2740
2 3048
1 2457
2 1343
1 441
2 2986
2 1019
1 145
1 2328
2 1067
2 970
1 2499
2 210
2 958
1 138
2 2378
2 1448
2 1055
2 2156
1 339
1 1244
1 846
1 2523
2 784
2 2274
1 1691
2 597
2 2769
2 3204
2 869
2 332
1 100
1 1388
2 639
2 1312
2 2434
2 101
1 2536
1 660
2 768
2 323
1 377
2 868
1 136
2 2171
1 2970
2 234
1 1446
1 1330
1 1016
2 2940
2 2324
1 2586
1 857
2 2958
2 585
2 2519
2 1822
1 1238
2 2877
1 646
1 3136
2 1840
2 1850
2 3161
1 915
2 393
1 1767
1 674
2 1714
1 3128
2 84
1 1023
1 422
2 2747
2 3285
2 2125
2 1056
1 370
2 2886
2 227
1 1514
1 726
2 1500
2 2684
1 513
2 591
2 750
1 1309
1 1862
2 732
2 1631
1 1630
1 277
2 2124
1 2869
1 1647
1 2711
2 2207
1 1365
1 1604
2 2710
1 323
2 2419
2 2559
1 942
2 1220
1 3187
1 2794
2 1215
1 2864
1 2009
1 2215
2 1919
2 588
1 2668
2 1450
1 322
1 921
1 1426
1 1596
2 1113
2 2081
1 1353
1 2105
2 300
1 3256
1 2640
1 2683
2 2287
2 311
2 961
2 2899
1 1786
1 882
2 2822
2 1394
1 2222
2 288
1 1989
1 87
1 3012
2 3174
2 627
2 2662
1 236
1 148
2 762
2 22
2 658
2 2833
1 1207
1 1825
2 2192
1 1173
2 1972
2 49
1 1858
1 1728
2 3237
2 2195
2 1204
2 3232
1 2592
1 2844
1 222
1 1620
2 1121
2 2549
2 318
1 2205
2 307
1 2943
1 1881
1 2044
2 2330
1 3239
1 3156
2 295
1 473
2 1562
1 1494
2 2991
2 2073
2 733
1 1533
2 2677
1 1487
2 1287
1 1365
2 1773
2 2696
2 1506
1 1064
1 2602
1 425
1 2365
1 1773
1 1067
1 801
2 619
1 720
1 986
1 1665
2 1389
1 2390
2 2300
2 855
1 1852
1 1331
1 2229
1 771
1 3235
2 2209
2 1371
1 3218
1 2808
2 2897
2 524
2 223
2 1013
2 152
2 723
2 3246
2 1716
1 3022
2 2642
2 3182
1 2223
1 844
1 3184
1 1393
1 930
1 1320
1 2265
2 777
1 1860
2 64
2 373
2 351
2 139
1 2500
2 1659
2 2444
1 1789
2 1962
2 3163
1 1129
2 1314
2 112
1 1989
2 2599
1 1432
1 15
2 2556
1 1019
2 1822
2 431
2 568
1 27
1 1927
1 2840
2 717
2 2382
1 776
2 1175
1 396
2 2220
2 1313
2 3128
2 342
1 1139
2 1646
2 3093
1 841
2 2431
2 34
1 392
2 2781
2 2468
1 31
1 2043
2 1119
2 1078
1 2522
1 2816
2 336
1 2992
2 2856
2 245
2 490
2 1748
1 56
2 561
2 724
2 520
1 331
1 3019
2 826
2 3049
1 1375
2 913
2 1597
1 97
1 2611
1 3077
2 2082
2 2785
2 1673
2 256
1 2325
1 107
2 1641
1 1578
2 1572
2 477
1 907
1 3091
2 3118
2 1279
2 1006
2 2634
1 223
2 1058
2 756
1 1294
1 1817
2 515
2 1627
2 2814
2 2969
1 311
1 113
2 1404
2 3063
2 1453
1 68
2 3088
1 783
1 1774
1 550
2 390
1 3052
1 1228
2 926
1 2634
2 1683
1 1021
2 1207
1 1954
1 910
1 3142
1 1015
2 2954
2 976
1 198
2 1721
2 2024
1 2610
2 2918
1 2204
2 610
2 2800
1 501
2 2156
1 537
2 3270
1 2784
1 2236
1 3009
1 1813
2 2126
2 881
2 2098
2 1863
1 3012
2 1412
2 1611
1 1662
2 1245
1 2134
1 542
1 1575
1 3014
1 1529
1 1377
1 1397
1 596
1 326
2 236
2 2981
2 1848
1 2933
1 681
1 609
2 1885
1 2733
2 873
1 760
1 1268
1 546
1 1049
1 1933
2 672
1 3058
1 1020
1 1481
2 1692
2 1940
2 2876
2 173
2 2284
1 3105
2 2596
1 843
1 3272
2 818
1 2301
1 1754
1 1949
1 412
2 1927
1 1249
1 2578
2 919
2 584
2 2573
1 2039
1 2441
1 572
1 2309
2 3097
2 2048
2 2917
2 2565
2 559
1 1351
2 2664
2 1655
1 1464
1 2997
2 3145
1 1
1 1820
1 2811
2 1254
2 876
1 2821
2 2581
1 2387
1 2643
2 2989
1 1400
1 899
2 3087
1 2966
1 447
2 2467
2 3111
1 792
2 2075
2 644
1 81
1 155
2 3130
1 2852
2 702
2 1282
1 155
2 737
2 1804
2 2840
1 2169
1 1786
1 898
2 388
1 823
2 2423
1 2419
1 2349
1 1036
2 2887
1 2714
2 2264
1 2793
2 1698
2 2798
1 1356
2 2481
1 920
1 1815
2 3160
1 941
1 334
2 285
1 2149
2 1350
1 1968
2 3115
1 904
1 627
1 2516
1 2633
1 756
1 1643
1 1768
1 2073
2 353
2 2128
1 404
2 762
1 624
2 2942
2 3250
1 2244
2 2821
1 1004
2 2614
1 2103
1 2723
2 407
1 1757
2 2342
2 2606
1 1646
1 1401
1 2911
2 2649
1 589
1 502
2 2994
2 1123
2 3238
1 2528
1 1722
2 3285
2 991
1 1505
1 1624
1 998
2 439
1 482
2 1230
2 2853
1 2686
1 1554
1 420
2 2079
1 2756
2 1741
1 1583
1 839
2 1380
1 205
2 1166
1 331
1 1068
1 1011
1 1911
2 770
1 1379
1 2994
2 381
2 91
1 775
2 981
1 3017
2 1322
2 14
2 578
2 283
2 1076
1 6
1 194
2 2057
2 2866
1 371
2 726
2 2362
1 232
1 2110
1 3114
2 832
2 294
2 1468
1 643
1 2221
2 2265
2 1303
2 2545
2 2486
1 1115
2 1292
2 1922
1 342
2 2232
2 787
1 670
1 3211
1 2597
2 2385
2 2058
1 448
1 1269
2 2562
2 552
2 190
1 2367
2 2213
2 59
1 867
2 500
1 1534
1 773
2 2575
2 878
1 620
2 3047
2 206
1 418
1 3032
1 2427
1 837
1 2116
2 754
1 816
2 2680
1 1942
1 2025
1 1858
1 1925
2 2252
2 2056
1 821
2 1934
2 2285
2 272
1 2902
2 505
2 211
2 1273
2 426
1 341
2 2214
1 3291
1 2782
2 813
2 368
1 226
2 3094
2 2628
2 2003
2 267
2 3145
1 1288
1 2354
2 554
1 2397
2 1875
2 2135
1 2515
2 2152
2 2150
2 1261
2 50
2 3144
1 2584
1 2773
1 615
2 1167
2 659
1 206
1 2789
1 1868
2 2619
2 851
2 2316
1 2613
1 642
1 833
1 1305
1 237
2 1997
1 304
1 1678
1 1405
1 2949
1 3034
1 1983
2 1962
1 2316
2 379
2 3255
1 2616
1 789
2 2338
2 1523
1 2132
1 21
2 974
1 494
2 2010
1 2458
2 353
1 1782
2 2733
1 2246
2 1904
1 619
2 1873
2 2383
2 2862
2 2881
2 3020
2 2471
2 776
2 1762
1 2803
2 3115
1 607
2 2301
2 1588
2 704
1 1886
2 1631
1 2754
2 1474
2 359
1 1605
1 2747
2 763
1 3205
2 1840
2 895
2 2566
1 1425
1 423
1 1608
1 629
2 2013
1 1279
1 3060
1 2623
1 2823
1 1697
2 1191
2 1918
2 1284
2 2224
1 713
2 2328
2 2239
1 933
2 2737
2 2862
2 1554
2 2064
2 2166
1 1721
1 2352
2 2256
2 536
1 308
2 330
1 21
2 1708
2 1093
2 429
2 12
1 872
1 870
1 2685
1 1131
2 883
1 2204
2 111
1 2371
2 3028
1 2367
1 2409
2 2168
2 2579
1 1456
1 2341
1 663
1 1083
1 908
2 244
2 2884
2 613
2 419
1 2926
2 1335
1 195
1 2319
1 1131
1 3071
1 54
1 1307
2 3217
2 1071
2 556
2 2050
2 2042
1 1321
2 261
1 2979
2 2544
1 1508
1 1763
2 2120
2 553
1 1084
2 2143
1 1603
2 85
2 1290
1 197
2 764
2 2168
1 870
2 2564
2 2474
2 1445
1 1254
1 943
1 1686
2 2455
1 1213
1 381
1 76
1 983
2 2466
1 1038
2 229
2 3024
1 1237
1 1970
1 623
2 1759
1 507
1 1998
1 1931
1 1972
1 2494
2 2437
1 2127
2 1317
1 825
1 1287
1 2784
1 1794
2 628
2 602
2 2769
2 1403
2 812
2 2116
2 2966
