600 2500
2 5
2 196
2 256
1 211
2 272
2 32
1 52
2 82
2 236
2 117
1 171
1 221
2 57
1 299
1 243
2 279
2 110
2 117
1 53
2 247
2 33
1 139
1 205
2 238
2 19
1 103
1 72
2 3
1 36
1 161
1 106
1 116
2 71
1 284
1 60
2 111
2 169
1 167
1 65
1 204
1 13
1 263
1 80
2 222
2 88
1 42
1 70
2 67
1 150
1 34
2 131
2 118
2 153
1 39
2 283
1 270
2 38
1 231
2 13
1 233
1 287
2 151
2 126
1 23
2 217
2 204
1 158
1 268
2 47
1 190
2 79
1 251
1 248
1 2
2 7
1 207
1 233
2 193
1 129
2 21
1 121
2 287
1 147
1 210
2 194
1 152
1 51
1 17
2 268
1 251
2 218
2 135
1 139
2 74
1 42
1 59
1 290
2 217
2 300
1 187
1 115
1 295
2 235
1 73
2 275
2 257
2 176
2 48
2 122
1 231
2 199
2 53
1 112
1 52
2 201
2 134
1 237
2 133
1 98
1 86
2 264
2 90
1 261
2 195
1 152
1 261
2 19
2 298
1 95
2 124
1 128
2 192
2 126
2 187
2 27
2 87
1 201
2 256
2 26
1 138
2 122
2 116
2 92
2 260
2 100
2 175
2 180
1 291
2 225
2 184
2 186
1 105
2 62
2 148
1 11
1 208
1 68
2 65
1 155
2 182
1 59
1 165
2 46
2 195
1 177
2 246
1 25
2 242
1 56
2 144
1 170
1 15
1 194
2 144
1 93
2 130
1 14
2 63
2 254
2 186
2 94
2 259
2 283
1 114
1 93
1 72
1 54
1 106
1 269
1 272
2 291
2 84
1 266
1 288
1 193
1 292
2 172
2 81
2 140
1 86
1 18
1 227
1 36
2 247
1 260
2 215
2 119
2 222
1 282
1 250
2 277
1 159
2 281
2 140
2 163
1 91
2 265
1 29
1 213
1 192
2 171
2 121
1 167
1 98
1 213
1 203
1 64
2 85
1 191
2 249
1 214
1 143
1 101
1 44
2 62
1 157
1 97
1 254
2 64
2 162
2 191
1 294
1 99
1 39
2 172
2 269
2 262
1 57
1 12
1 274
1 278
1 100
2 181
1 127
1 255
2 293
1 77
2 123
2 124
2 146
2 188
2 6
2 31
1 168
1 225
2 49
2 176
2 158
1 257
1 246
2 130
1 129
2 157
1 244
1 212
1 58
2 41
2 55
2 145
1 271
1 297
2 207
1 44
1 286
1 280
2 166
2 189
1 28
1 162
1 230
1 61
2 211
2 70
2 38
1 145
2 154
2 4
2 83
2 120
2 90
2 197
2 54
1 294
2 37
2 46
1 244
2 16
2 25
1 262
1 290
1 243
2 227
1 203
2 20
2 202
1 27
1 183
1 216
2 249
2 276
1 199
2 159
1 3
2 277
1 180
1 75
1 198
1 108
1 66
2 230
1 78
1 136
1 109
1 210
2 235
2 1
2 164
1 50
2 24
1 51
2 286
2 133
1 104
1 289
2 206
2 221
2 74
1 31
1 9
1 282
2 22
1 88
1 30
1 69
2 273
2 141
1 205
2 166
2 155
1 223
2 215
2 185
2 24
2 119
1 252
2 82
2 134
2 95
2 22
1 21
2 264
1 190
2 135
2 104
1 151
2 131
2 232
2 110
1 279
2 168
1 40
1 237
1 146
1 115
1 78
1 97
2 68
2 4
2 89
1 9
2 108
1 178
2 41
2 132
1 84
1 113
1 69
1 239
1 55
1 17
2 216
1 45
2 196
1 137
1 226
1 182
1 248
2 89
1 30
2 169
2 26
1 300
2 7
2 212
1 185
2 99
2 224
2 219
2 236
2 156
1 250
1 16
1 245
2 6
2 128
2 232
2 224
1 245
1 96
1 189
1 175
1 270
2 102
2 178
2 234
1 202
1 295
1 183
1 33
2 170
2 228
2 71
1 35
2 109
2 258
2 47
1 127
1 154
2 138
1 163
1 101
1 75
1 148
2 58
2 43
1 29
1 111
2 40
2 35
1 8
2 48
2 266
2 141
1 8
1 219
2 76
1 114
1 174
1 105
1 220
1 160
1 123
2 281
2 280
2 274
2 209
2 153
1 10
1 253
2 240
2 288
2 80
2 50
1 164
1 228
2 118
1 285
1 299
2 73
2 12
2 79
1 142
2 181
2 81
2 173
2 267
1 14
1 271
1 132
2 67
1 240
2 15
1 198
1 63
2 179
1 56
2 278
2 218
1 200
2 197
2 18
1 136
1 112
2 107
2 292
2 77
1 241
2 76
1 239
2 2
2 143
1 223
1 238
2 267
1 276
1 184
2 10
1 96
1 188
1 214
1 297
2 284
2 156
2 200
2 220
1 107
1 28
2 285
1 275
2 60
1 242
2 120
2 253
2 179
1 1
1 149
2 45
1 61
2 241
2 177
1 102
2 255
1 161
2 32
1 92
2 49
2 142
1 113
1 23
2 265
2 66
1 173
1 83
2 125
1 174
2 263
1 165
2 91
2 85
1 147
1 229
1 229
1 149
1 273
2 150
2 43
1 258
1 208
1 296
1 11
1 298
1 37
1 234
2 87
2 137
2 289
1 103
1 259
1 226
2 34
1 209
1 160
2 252
1 5
1 125
2 293
2 94
1 206
1 20
1 296
