600 3500
2 255
2 201
1 237
2 142
2 106
2 207
2 163
1 205
2 248
1 186
1 3
2 298
2 283
1 35
1 51
1 31
1 269
2 152
2 103
2 126
2 258
2 46
1 86
1 69
1 258
1 88
2 201
2 117
1 246
1 11
1 106
1 172
1 282
2 70
2 114
1 81
2 89
1 210
2 110
1 223
2 55
2 178
1 134
1 66
1 138
1 100
2 294
2 238
1 80
1 239
1 91
1 199
2 122
2 290
1 51
1 234
2 216
1 73
2 228
2 84
2 92
2 183
2 253
2 54
1 213
2 187
1 199
1 203
1 281
1 109
1 20
1 227
2 147
1 173
2 267
2 156
1 81
1 128
1 108
2 153
2 25
2 142
2 29
1 287
2 158
1 160
2 100
2 274
2 13
1 104
2 180
2 141
2 53
2 172
1 272
2 291
2 256
2 179
1 77
1 185
1 168
1 231
1 293
2 146
2 101
1 82
2 89
2 226
2 147
2 227
2 261
2 54
1 39
2 34
2 270
1 65
2 166
1 115
1 15
2 182
1 263
1 90
1 6
2 114
1 30
1 164
2 61
2 23
1 285
2 29
2 151
1 104
1 44
2 181
2 192
2 196
1 148
2 194
1 75
1 278
1 191
2 280
2 181
1 128
2 209
1 119
2 212
2 136
2 145
2 193
1 74
2 265
2 30
1 249
1 111
1 94
1 16
1 272
2 137
1 124
1 61
1 41
1 50
2 42
1 162
1 294
1 186
2 122
1 165
1 208
2 38
1 275
1 218
2 63
2 56
2 1
2 116
2 1
1 133
1 202
2 56
1 7
1 228
1 222
1 225
2 262
1 297
2 217
1 184
1 241
2 231
1 79
1 284
1 85
2 198
1 105
2 92
1 245
2 224
1 204
1 101
1 132
1 140
2 5
1 230
1 288
2 259
2 8
2 17
1 277
1 72
1 217
1 94
2 66
2 255
1 125
2 60
1 256
1 169
2 257
2 221
2 24
1 271
2 211
1 167
1 144
2 129
1 88
1 118
1 50
2 238
1 243
2 120
1 69
2 177
1 126
1 107
1 10
1 205
2 281
1 87
2 163
2 11
1 250
1 45
2 178
1 273
1 127
2 232
1 134
2 194
2 141
2 206
2 152
1 23
1 149
2 37
2 289
1 57
2 132
1 27
2 33
1 200
1 295
2 120
1 298
1 113
2 143
2 240
2 247
1 212
2 70
1 202
1 19
2 185
1 76
2 150
1 278
1 75
2 154
2 188
1 161
1 84
2 62
1 257
2 138
2 37
2 289
2 297
1 83
1 59
1 214
1 210
1 155
2 174
2 229
2 62
1 32
1 180
2 188
1 144
1 269
2 136
1 166
2 133
2 187
1 107
1 58
2 82
2 260
2 197
2 102
2 143
2 158
1 240
1 18
1 14
1 7
2 175
1 164
2 108
1 79
1 155
1 98
2 276
2 14
2 117
1 285
2 110
2 293
2 40
1 48
1 219
1 72
1 226
1 192
1 198
2 97
2 159
2 6
1 151
1 171
2 73
2 221
2 299
1 139
2 225
2 5
2 266
1 67
1 74
1 118
2 288
1 149
1 38
1 216
1 34
2 259
1 176
1 268
1 21
1 208
1 286
2 211
1 183
1 80
1 25
1 287
1 251
2 242
1 95
2 220
1 236
1 98
1 237
1 170
2 252
2 264
1 39
1 36
1 28
2 254
1 78
2 109
1 195
2 280
1 229
1 242
1 150
1 64
1 204
1 15
2 86
1 146
1 87
1 266
2 9
2 96
1 244
2 184
2 9
1 18
1 99
1 115
1 162
1 296
1 292
1 233
1 223
2 157
2 35
1 8
1 105
1 282
1 52
1 21
2 218
2 57
1 189
1 123
1 78
1 176
2 67
2 174
1 85
1 220
2 245
2 43
1 277
2 97
2 49
2 145
2 234
1 291
2 243
1 10
1 300
2 270
2 99
2 156
2 200
1 206
2 111
2 251
2 20
1 68
2 3
1 179
1 160
1 76
1 232
1 90
2 300
2 102
1 13
2 127
1 95
2 250
2 12
1 26
1 112
2 248
2 175
1 265
1 279
1 43
2 77
2 264
1 116
1 41
2 47
1 215
2 27
1 36
2 2
2 241
1 235
2 103
2 121
1 274
1 169
1 60
2 140
2 170
1 71
2 68
2 44
1 249
1 214
1 197
1 64
1 24
2 159
1 171
1 189
2 157
1 2
1 296
2 215
2 22
2 59
1 190
1 42
2 271
1 168
1 139
2 219
1 112
2 121
1 290
1 26
1 33
1 19
1 283
1 83
1 124
1 135
2 196
1 224
1 252
2 167
2 173
2 53
1 55
2 182
1 267
1 45
2 137
1 93
1 247
2 213
1 130
2 125
1 190
2 161
2 63
1 273
1 276
2 31
1 286
1 233
1 48
2 195
1 16
2 119
2 65
2 275
1 135
1 230
1 260
1 165
1 222
1 40
1 96
1 4
1 207
2 46
2 244
2 49
2 91
2 123
2 235
2 262
1 71
2 263
2 154
1 131
1 58
2 93
2 299
1 209
1 193
1 17
1 295
2 177
1 148
2 203
1 130
2 239
1 32
1 253
1 131
2 4
1 12
1 153
1 236
2 28
2 129
1 254
2 268
2 52
2 284
1 22
1 191
2 279
1 113
2 47
2 246
1 292
1 261
