6600 5000
2 2391
2 2133
2 1325
2 2300
1 1547
2 1005
1 1825
1 541
2 81
1 1997
1 1871
2 2902
1 1733
1 3097
2 2615
2 1528
1 1936
1 3103
1 108
2 2890
1 721
2 213
1 1847
2 30
1 3290
1 110
1 2899
1 634
1 1744
2 1592
1 1576
2 2060
2 1836
2 1649
1 2574
2 350
1 1216
1 1076
2 1361
1 2646
2 876
2 1404
2 1101
1 2987
2 326
1 3094
1 2273
1 1707
1 2222
2 560
2 1070
2 803
2 1545
1 314
2 2846
2 3229
1 2818
1 1435
1 1984
2 1085
2 1347
1 1430
1 39
2 2500
2 2738
1 1789
2 827
2 1888
2 854
2 2518
1 481
2 685
2 1279
1 2311
2 1929
1 1618
1 1565
1 2184
2 1816
2 2954
1 323
2 2752
2 3058
2 1588
2 828
2 1934
2 770
1 1098
2 2398
1 2055
1 1655
1 2434
1 3291
2 917
2 3071
2 1447
1 1340
2 1577
2 310
2 1443
2 79
1 1821
2 683
1 2577
1 3196
1 1438
1 14
2 200
1 75
2 3184
2 64
2 263
2 2743
2 1145
1 2501
2 2632
1 955
2 2410
2 1613
1 3176
2 1587
2 2531
1 2148
2 2008
1 2875
2 1525
2 3111
2 318
1 2786
1 1084
1 1541
2 2181
1 2633
2 2915
2 110
1 1275
1 2541
2 1231
2 1656
1 1319
2 3190
2 2863
1 46
1 832
1 1307
1 2642
2 2059
2 2382
1 3155
1 1994
1 798
1 36
2 2841
2 3235
2 3235
2 2251
1 437
2 2867
1 2562
1 247
1 1818
2 875
2 2290
1 381
2 1944
2 3250
2 3117
2 983
2 2604
1 1410
2 1339
1 2161
2 281
1 1703
1 92
2 1341
1 1723
2 504
1 2710
2 3003
1 161
1 2283
1 3241
1 651
1 2706
2 2749
1 1764
1 3158
2 1775
2 3157
1 2403
2 1708
2 385
2 1714
1 1007
1 3022
1 1027
1 1293
1 3183
2 610
2 1752
1 3061
1 859
1 3173
1 140
2 373
1 2490
2 1379
1 2254
1 2979
1 2553
1 625
2 1684
2 3190
1 2472
1 2119
2 188
1 1361
1 910
2 333
2 1769
1 2108
2 2583
2 577
1 1873
2 3082
2 2694
2 2128
2 1541
2 1370
2 377
1 2076
2 1209
2 149
1 1227
1 1942
2 3049
1 2900
2 211
1 1712
1 2600
2 1665
2 1631
1 2043
1 655
2 2181
1 18
1 1797
2 257
1 2918
2 94
2 2268
2 3230
1 1831
2 3239
2 2930
2 1627
1 2804
2 2533
2 2235
2 3078
1 567
2 2729
1 1143
2 3283
2 1599
1 873
2 2829
1 1373
2 332
2 340
1 1157
1 137
2 3063
2 576
1 615
2 2006
1 1466
2 776
2 741
1 3265
2 2131
2 2968
2 1277
2 1845
1 969
1 993
2 2287
1 1500
1 2205
1 782
1 451
2 2202
1 2567
2 1750
1 1535
1 1906
2 2714
1 1282
1 360
1 1700
1 1632
2 3222
1 1147
2 2026
2 1558
2 3257
2 863
2 641
1 636
2 2657
1 608
2 2083
2 259
2 1628
2 1939
2 979
1 205
1 812
1 1510
2 994
2 1687
1 303
1 2373
1 2787
1 2239
2 3230
2 3265
2 2932
2 3181
2 3068
1 2007
2 33
2 649
2 1871
1 1241
1 473
1 127
1 2237
1 650
1 1619
1 2617
1 3015
1 1427
1 2915
2 646
1 2151
1 2277
1 544
2 927
1 1208
1 3172
2 719
1 562
1 1058
2 1878
1 929
2 3208
2 2664
2 443
1 995
2 2619
2 1412
1 355
1 2186
2 2080
1 955
1 950
1 506
1 1177
1 1509
2 647
2 649
2 1118
1 1141
1 1513
2 121
2 2485
2 272
2 1468
2 2024
1 1055
2 2599
2 174
1 2144
1 642
1 1533
1 2441
2 1247
1 3109
2 2528
1 2456
2 2736
2 582
1 1740
2 813
2 1371
1 1172
2 1514
1 2602
2 3041
1 2360
2 2073
2 1012
2 103
1 1689
1 261
2 2009
2 1030
2 807
1 412
2 2342
1 1086
2 1928
2 1460
1 1694
2 358
1 1928
2 2468
2 3014
2 3262
2 2186
1 3037
2 607
2 1316
1 1789
1 2231
2 2432
1 2064
2 1393
2 1668
2 1841
1 257
1 590
2 1567
2 224
1 2105
1 890
2 362
2 644
1 3227
2 850
2 2679
1 307
2 2431
1 2616
2 1932
2 1313
1 2631
1 1529
1 13
2 3115
2 346
1 2452
2 403
2 2897
1 2985
2 2455
2 1176
2 3138
2 1164
2 3133
1 3174
1 329
1 3281
1 2671
1 2686
2 331
1 2504
1 1055
2 2536
1 3004
2 1138
1 1678
2 1935
1 2508
2 2313
1 2767
1 1622
1 1759
2 2303
1 72
2 2636
1 811
2 433
1 2100
1 3268
1 1126
2 2626
2 761
1 1951
2 132
1 3229
1 234
1 2199
1 3033
2 1657
1 2097
1 711
2 361
1 1190
2 1819
1 1428
2 1221
2 665
1 1323
2 3030
2 1204
2 185
2 3291
1 538
2 860
2 517
1 61
2 1327
1 2436
2 1961
2 30
2 674
1 2024
2 2350
2 3219
2 3130
2 1194
2 2551
2 356
2 1517
1 1190
1 311
1 1110
2 1266
1 3287
1 2188
1 1441
1 3202
1 1647
1 2557
1 3116
2 568
2 487
1 1827
2 2287
2 212
2 1953
1 1285
2 2330
2 1619
2 2299
2 670
2 1280
1 3170
1 375
2 762
2 1217
1 1738
1 183
1 431
1 838
1 199
1 858
1 646
1 1819
1 2928
1 2820
2 1542
1 2560
1 2972
1 1158
2 3262
1 1562
1 3054
2 873
1 2
2 340
2 234
2 2925
1 477
2 1899
2 2416
2 65
1 2096
2 2388
1 1531
2 1205
1 587
1 2656
1 3198
1 332
2 1905
2 2651
1 64
2 173
2 1253
1 2225
1 1385
2 2017
2 1490
1 2117
1 1254
1 1095
2 1063
2 679
2 3163
2 2766
1 2322
1 1991
2 1030
1 2062
2 1319
1 1419
1 2640
2 2956
1 1072
1 65
2 1587
2 741
1 273
1 2499
2 2761
2 1575
2 2420
1 2668
1 1280
1 1813
1 3019
1 2306
2 2772
2 2058
2 27
1 2234
1 1149
2 301
1 2650
2 1520
1 371
1 2309
2 221
1 1135
1 1692
1 1180
2 2639
2 59
1 415
1 1956
1 2550
1 2171
1 2299
1 2268
2 2259
2 3086
1 1854
2 113
1 1741
1 904
2 2565
1 1193
1 1762
2 1489
2 2995
2 1376
2 194
2 43
1 1569
2 2779
2 3118
2 1349
1 2103
2 166
1 1099
2 2753
1 2125
1 254
1 2769
1 2338
2 145
2 99
2 1882
2 1747
2 2057
1 1896
2 2443
2 2564
1 2046
2 586
2 1106
1 429
2 694
1 2762
1 1352
1 488
2 1672
1 338
2 2717
2 2212
1 2577
2 976
2 1584
2 1924
1 279
2 3183
1 1382
2 42
2 849
1 2685
1 2158
1 1736
2 690
1 2311
1 3252
2 1159
2 2408
1 1155
1 195
2 2807
2 3079
1 2485
1 1626
1 76
1 376
1 834
1 2029
1 876
2 36
1 765
1 2437
2 1950
2 1297
2 1012
2 3236
2 3205
2 2691
1 1546
1 2020
1 312
2 162
2 83
2 2501
2 3164
2 1526
1 1016
2 893
2 2812
2 324
1 1103
2 868
1 316
2 981
1 3220
1 656
1 797
2 123
2 1045
1 1936
1 2048
1 1881
1 2383
1 3099
2 1642
1 1621
2 3048
1 1219
1 2202
1 829
2 3114
2 1121
2 3112
2 2840
1 1486
1 191
1 2939
2 2837
1 148
1 2316
2 3248
1 2345
1 791
2 461
1 1438
1 2249
2 1497
2 1387
1 3001
1 1916
2 365
2 1504
2 2037
2 3192
1 2230
1 1311
1 1826
1 3187
1 475
2 730
1 1456
2 3022
1 121
2 1485
1 569
2 3151
2 2063
1 2913
1 900
2 816
1 2876
1 2539
2 1018
2 3241
1 59
2 2522
2 2892
1 187
2 1015
2 835
2 2654
1 213
1 353
1 2698
2 2455
1 554
2 1851
2 2520
1 2259
1 3096
1 116
1 991
1 910
1 2226
1 3137
2 2116
1 290
1 3208
2 574
1 1908
1 147
2 652
2 1722
1 1026
1 2953
1 2964
1 1407
2 1561
1 2728
2 2525
1 3211
2 1572
2 1078
2 1930
2 1233
1 494
2 964
1 556
1 732
1 3076
1 333
1 2342
1 3060
1 722
1 968
2 2304
2 483
1 73
1 204
1 2110
1 2210
2 482
2 982
1 2763
1 1992
1 1398
2 954
2 1918
1 2474
2 1372
2 2155
1 1556
1 721
2 3029
1 2750
1 740
2 49
2 840
1 2882
2 1020
2 706
2 3107
1 3289
2 1008
2 888
1 366
2 2917
2 1480
2 2442
1 830
2 2251
2 1925
2 406
2 1841
1 1944
1 708
2 502
2 922
1 2682
2 1033
1 1629
1 37
1 2878
1 270
1 658
1 2906
1 414
2 940
2 3296
2 635
2 237
1 1947
2 813
2 1482
1 1358
1 14
2 1972
1 912
1 932
1 1383
1 1187
1 1711
1 1286
2 2359
1 1724
2 2382
1 1571
2 416
2 1043
2 1661
2 2051
1 1186
1 2435
1 1013
1 1261
1 1131
2 2925
2 2594
2 2989
1 250
2 2983
2 141
2 295
1 3007
2 1732
2 1022
2 168
2 2083
1 699
1 3119
1 2590
1 1782
2 2077
2 1974
2 2721
1 1282
1 3146
2 1006
2 105
1 534
2 1792
2 892
2 1091
1 2568
2 953
2 1700
1 289
2 1523
2 1511
2 1886
2 2736
1 1252
2 2726
1 2684
2 1940
1 2176
1 1035
1 2031
2 1564
2 525
2 1743
2 1924
2 672
2 274
2 2720
2 573
2 976
2 2962
1 529
1 3293
1 1050
1 2101
1 1804
1 1344
1 621
2 1518
1 2150
2 2479
1 1092
1 3067
2 281
2 378
1 71
1 1719
2 1638
2 2950
1 305
2 526
2 1673
1 541
1 1554
2 2239
2 2988
2 619
2 2129
2 1579
2 2121
2 1776
2 253
2 1706
1 181
1 291
2 2487
2 1620
2 2943
2 1705
1 2394
1 2869
2 3123
1 2944
2 2157
2 157
2 2327
1 608
1 969
2 2134
1 1846
1 3272
1 459
2 594
2 2771
2 1140
1 618
2 3111
1 3266
1 807
2 82
1 221
2 38
2 3025
1 1189
1 2690
1 2568
1 3087
1 3271
1 2397
1 2586
1 2628
1 2912
1 862
2 606
1 150
1 3115
2 602
2 212
2 468
1 3013
1 2412
1 171
2 1503
2 1317
1 2744
2 72
1 1812
2 2868
2 2503
2 2652
2 129
1 3119
2 783
2 3052
2 417
1 3280
1 222
2 243
1 2802
2 729
1 1226
1 403
2 200
2 1731
1 1125
2 2438
1 1784
1 387
1 1458
1 1997
1 514
1 2647
2 1645
1 757
1 244
2 1454
1 1749
1 2996
2 405
1 1032
2 1363
2 463
1 166
1 3221
1 2843
2 369
2 730
2 1110
2 3139
1 2427
1 2002
1 2664
1 1007
2 1992
1 2870
2 2570
1 584
1 1071
2 2687
1 2886
1 160
2 400
1 379
2 2937
1 1163
1 1029
2 931
2 1627
2 2269
1 667
1 2910
2 1805
2 2241
2 3256
2 1448
1 3169
2 1289
2 2502
2 923
1 2821
2 997
2 742
2 428
1 2282
1 1583
1 107
1 2674
1 2417
2 2227
1 194
2 478
2 676
1 779
1 2743
1 1146
1 2375
1 883
2 3175
1 321
2 2465
2 1670
1 2800
1 2257
2 115
1 370
2 1775
1 1404
1 3288
1 2475
2 3033
1 2911
2 3131
2 27
2 2033
2 2811
1 26
1 3258
2 941
2 974
1 2393
2 2839
2 3145
1 1853
1 2205
2 1309
1 1742
1 2264
1 2114
1 1457
2 2315
2 523
2 1134
1 3233
2 2164
1 2163
1 3139
1 1803
2 2845
1 712
2 2916
2 1662
2 818
2 167
1 2270
1 3205
2 687
1 1449
1 661
1 889
2 828
2 2801
2 1559
2 2292
1 2107
2 3112
1 1767
2 477
1 2001
1 2678
2 490
1 1746
2 3188
1 2588
2 2446
1 1743
2 2332
2 842
2 392
2 530
2 1047
1 1862
1 367
1 323
2 2903
1 585
1 2808
2 2571
1 855
1 2219
2 2262
1 1421
1 2260
2 1873
2 3143
2 810
2 2320
2 2643
2 2627
1 2081
1 539
1 2471
1 1954
2 1250
2 2172
2 898
1 774
2 1324
1 492
2 1148
2 2078
2 1782
2 151
2 2207
1 2297
2 248
1 2064
2 864
1 127
2 1137
2 2680
1 1391
2 2508
2 524
2 38
2 3103
2 2084
2 1293
1 1628
2 1246
1 1729
2 2122
1 3191
1 795
2 1113
1 15
1 2066
1 1346
2 1225
1 2448
2 1384
2 3231
2 2245
2 1382
1 1373
1 1590
2 3023
2 660
1 1839
2 1174
1 2935
2 2806
2 2200
2 1834
2 2444
1 1492
2 292
1 2038
1 3189
1 163
1 671
1 3088
2 137
2 2451
2 902
2 989
2 2696
1 572
2 1097
1 655
2 2098
2 2423
1 1269
2 1864
2 946
1 1885
1 2789
2 3195
1 51
2 179
2 3240
1 1745
2 2490
2 765
1 1080
1 780
2 2609
2 1422
2 1816
2 1978
2 3080
2 272
1 2698
2 2748
1 3285
1 1549
2 2372
1 710
1 128
2 896
2 2836
1 3299
2 592
1 1260
2 887
2 1142
2 1666
2 1895
1 2874
1 1795
2 321
1 939
2 2601
2 722
2 913
1 1720
1 2306
2 1952
2 178
2 2685
1 2301
2 3207
2 1375
2 2756
1 1317
2 448
1 444
1 656
1 1778
1 1082
1 1089
2 1495
1 1553
2 147
1 2830
1 793
1 53
2 2973
1 3223
1 2884
2 1855
1 2040
1 1915
1 3028
1 2824
1 945
2 1726
2 3253
2 2746
2 2809
2 1270
1 1907
2 2758
1 1914
2 2134
1 3188
1 1999
1 1080
2 2969
2 1727
2 3242
2 2219
1 510
2 1411
2 1010
1 2576
1 220
1 3063
1 2561
1 385
2 1132
1 404
2 940
1 785
1 261
1 902
1 112
2 1666
1 201
2 595
1 885
1 118
2 589
1 1667
2 3002
2 2942
1 68
2 3062
1 449
2 564
2 1455
1 3171
2 3105
2 610
1 2044
2 3275
2 1753
2 665
2 1963
2 1536
1 2340
2 3120
2 673
2 2434
1 2042
2 2600
1 718
1 268
2 2226
2 512
2 2142
1 2730
1 1993
2 2729
1 1694
2 747
1 815
2 1079
1 2862
1 1454
2 329
1 3152
1 3144
2 2663
2 2548
1 389
2 1442
1 2716
1 3016
2 2637
1 1717
1 723
2 1130
1 2491
1 2842
1 804
2 2596
1 2587
2 1971
2 1302
1 1199
2 593
2 2328
2 2462
2 1994
1 583
1 1130
1 2554
2 2298
1 766
2 2325
2 3062
2 2334
2 3194
2 3176
1 384
2 1353
1 1563
2 3273
1 545
1 1200
1 2244
1 2870
1 1614
2 1403
1 1582
1 301
1 145
1 2672
2 1157
1 3200
1 382
1 3259
1 1305
1 677
1 460
2 2280
2 571
1 1528
2 2926
2 492
2 3036
2 838
2 1365
1 2707
2 3196
2 2133
2 3215
2 2034
2 2852
2 2286
2 3029
1 756
2 312
2 1183
1 3031
2 3215
1 189
1 2777
1 3141
2 489
1 778
1 328
1 2232
1 239
2 1453
1 1119
2 1298
2 1068
2 553
1 490
2 2141
1 2086
2 2198
1 1902
1 921
2 559
1 2425
2 394
1 2152
1 2547
1 497
2 805
2 1217
2 1888
2 130
2 320
1 3238
2 3201
2 2069
2 98
1 1256
2 2173
1 1128
1 1207
1 865
2 1739
2 1005
1 966
1 595
2 3156
2 1107
1 1097
2 2958
2 3009
1 715
2 3016
1 2752
1 3218
2 2515
1 839
1 2090
2 3027
2 3172
1 3231
1 2843
2 2058
1 1463
1 2552
1 2813
2 2549
2 1144
2 2354
2 370
1 1882
1 1843
1 3293
1 2998
2 1568
2 3010
2 146
2 1331
1 2708
2 2514
1 2482
1 727
2 2252
2 2147
2 3135
1 21
2 1261
2 2074
2 1306
2 17
2 878
2 2543
1 1409
1 814
1 51
1 2105
2 1283
1 2447
1 1644
2 3105
2 2666
2 2109
2 1652
2 2831
2 2885
2 1374
2 2681
2 735
1 764
1 2635
2 113
1 1165
2 1480
2 2726
2 930
1 673
2 3008
2 2860
2 2120
1 1367
1 97
1 972
1 1232
1 3096
2 2103
2 2433
1 952
1 936
2 599
1 3060
1 532
1 1127
2 2489
2 2333
2 2091
1 307
2 1678
2 1991
1 435
1 3023
2 631
1 1065
1 2054
1 2978
1 2948
1 277
2 864
1 3104
1 2894
1 3140
2 1124
2 2692
2 296
2 2356
2 228
2 900
2 438
1 2740
2 746
1 563
2 539
2 578
2 1810
2 1655
2 2040
1 401
1 1222
1 953
1 763
2 702
1 1150
1 2834
1 1573
2 395
1 2080
1 734
1 115
2 675
1 1877
2 1248
2 2789
2 2321
2 996
2 69
2 56
1 1337
2 2510
2 957
2 1287
1 229
2 63
2 203
1 2317
2 2737
1 214
2 1896
2 3093
1 666
2 1122
2 1867
1 1250
2 2737
2 3189
1 2813
1 285
1 1996
1 1720
2 2566
2 3162
1 1098
1 1683
2 1038
2 39
2 3141
1 1629
1 1758
1 3264
2 2232
1 794
1 3218
1 1258
1 2807
2 2933
2 1444
1 2424
2 754
2 2779
1 1985
2 2275
2 3159
1 759
1 1429
2 3044
1 613
1 2480
2 328
2 983
1 360
1 2457
2 2445
1 3149
2 3153
1 3042
1 2139
2 2217
1 2428
2 1355
1 2294
1 175
2 1451
1 1746
2 2834
2 1941
2 2785
1 143
2 3114
1 1611
2 341
2 419
1 709
1 1391
2 2043
1 538
1 2715
1 1497
1 1471
1 2718
2 2079
2 410
2 1649
1 3161
2 363
2 266
2 167
1 390
2 2973
2 2642
2 1638
1 916
2 872
2 1979
2 1299
1 2770
2 1963
1 1885
2 852
2 1476
1 1503
1 2629
1 3024
1 743
1 158
1 2355
2 19
2 1508
2 24
2 522
2 444
1 513
1 1295
2 509
1 525
1 1473
2 2319
1 3147
2 2971
1 3225
1 1049
2 592
1 2561
1 427
2 456
2 1778
2 1424
2 1448
1 2370
1 1969
2 1433
2 2422
2 2036
2 358
1 3102
2 1415
1 2233
1 1594
2 504
2 54
1 1803
1 2952
2 659
2 163
2 627
2 297
2 1447
1 1131
1 1557
2 1327
2 2680
1 1214
1 98
1 999
2 21
2 1262
2 1955
2 994
1 2285
1 1353
1 1674
2 436
1 2822
1 3101
2 3132
2 2511
1 2067
2 1043
1 1622
1 2094
2 1901
1 1432
2 2072
2 784
2 143
1 2653
2 2437
1 2966
2 3249
1 472
2 2401
1 1754
1 3237
1 226
2 1539
1 2166
1 961
2 286
1 2649
2 1370
2 2655
1 3216
2 1439
2 2190
1 2905
1 3006
2 2835
1 2102
2 1934
1 2954
2 1307
2 3152
2 44
2 1976
1 2900
1 1941
1 1989
2 2267
1 1236
2 2068
2 562
1 3210
1 849
2 2143
2 3021
2 1851
1 474
1 1019
1 1198
1 2760
1 1553
2 2279
1 606
1 22
1 1538
1 1045
2 1211
2 658
2 1294
2 2280
1 792
2 150
1 968
2 70
2 2803
1 3126
1 1923
1 2449
1 1036
2 2149
1 1087
2 2823
2 2288
2 2036
1 1386
1 560
1 2651
2 2321
1 581
1 2924
2 1595
2 2262
2 2439
1 308
1 77
2 2339
1 1601
1 1164
2 2757
2 2423
1 924
1 2975
1 777
1 1831
2 2042
2 1435
2 802
2 351
2 105
2 239
1 2605
2 2827
1 1915
2 1051
2 299
2 1042
1 1234
2 1488
2 2037
2 3083
2 2245
2 1170
1 506
1 3091
2 1402
2 1414
2 2713
1 445
1 1437
2 2661
1 1901
1 751
1 2198
1 88
2 696
2 1220
2 407
1 1870
1 421
2 1381
1 935
1 843
1 1630
2 2360
1 90
1 2656
2 2438
1 660
1 2228
1 1557
2 1144
2 2895
2 2942
1 1286
1 1617
2 3213
2 3053
2 1416
2 172
1 974
1 3243
2 1332
2 1978
2 713
2 206
1 1399
1 960
1 1787
2 1161
1 928
1 1534
1 1056
2 2608
2 543
1 1248
2 1530
2 2783
2 2204
1 2795
1 2295
2 1334
2 644
2 2810
2 1570
1 2615
2 3015
1 1535
2 198
2 3246
2 109
2 2429
2 41
1 343
2 2332
1 2089
1 124
2 2335
2 2214
2 907
2 1866
1 3090
2 2782
1 75
2 2797
2 249
2 2201
1 2032
1 25
1 1801
2 1605
1 1265
1 3001
2 2061
2 2987
1 315
2 1702
2 2089
1 2957
2 2027
2 1192
2 3256
1 1061
1 339
1 2665
1 1390
2 1077
2 2898
1 348
2 2780
1 2145
1 1259
2 3093
1 1969
2 164
2 2243
1 1016
1 1066
2 1120
2 1596
1 3275
2 654
2 2851
1 11
2 748
2 1712
2 687
2 317
1 418
1 550
2 2868
2 836
1 2427
1 1608
2 520
1 2748
2 1605
1 552
2 2215
1 2697
2 2194
1 1262
2 1693
2 1801
2 2471
2 58
2 1318
1 1161
2 451
2 817
2 1346
2 290
1 1889
1 860
2 2242
1 2539
2 1349
1 1408
2 2418
1 2962
2 702
1 1054
2 1431
2 2352
2 836
1 133
1 1696
2 3134
1 3052
1 2714
2 739
2 1659
1 2782
2 2148
2 2108
1 1252
1 1522
2 1755
1 2828
2 1451
1 2344
2 2823
2 3226
2 919
1 2831
2 2978
2 391
2 1122
2 957
1 1127
2 3197
2 102
2 597
1 2793
2 1386
1 2323
1 2004
1 907
2 1563
1 2858
2 700
1 918
1 2738
2 296
1 1368
2 3101
2 2857
1 2618
2 934
2 421
2 2778
2 400
2 192
1 951
1 3008
2 1249
1 161
1 1197
2 2354
2 380
1 3242
1 342
2 1465
1 2095
2 2926
1 1433
2 2979
2 2182
1 738
2 3272
1 1571
1 374
1 2658
1 186
2 2164
1 3027
1 2894
1 184
2 2799
1 1895
1 2045
2 3055
2 2511
2 448
2 491
2 35
2 1633
2 2935
2 2633
2 1730
1 1216
1 868
2 1937
1 1690
1 1393
1 1949
2 1115
2 1008
2 413
2 628
2 2289
2 1943
1 1898
1 2892
1 826
2 1031
1 1664
2 787
2 138
1 973
1 275
2 2955
2 1806
2 1706
2 1332
2 2247
1 2725
2 3132
2 815
1 818
2 3099
1 599
2 265
1 3003
2 2861
1 3171
1 412
1 1304
2 1889
1 857
1 2466
1 1237
2 1975
1 300
1 1254
2 566
2 17
1 3012
2 2391
2 2137
1 304
1 3180
2 1303
1 603
2 1751
1 3124
1 487
1 2175
2 1960
1 2576
2 3250
1 91
2 585
1 1310
2 1210
2 1838
1 750
1 1667
2 2167
2 1230
2 1534
2 2578
2 345
2 1093
1 1510
2 3200
2 3179
2 855
2 1233
2 3219
1 2224
2 134
2 853
2 1141
1 274
1 47
1 2521
2 529
1 313
1 1385
2 938
1 1228
2 736
1 1496
2 905
1 1752
2 1218
1 2802
2 961
2 1239
2 2483
2 372
2 851
1 1337
2 2805
1 1445
2 1514
2 513
2 3261
1 1025
1 2397
1 963
2 2907
1 3154
2 1733
1 2727
1 357
2 1175
1 2922
2 2687
1 485
1 3254
1 686
1 3123
2 3043
2 2692
1 88
2 2952
1 1483
2 1556
2 2411
1 293
2 2859
2 3025
2 1566
2 781
1 2699
2 991
2 89
1 2253
1 217
1 2999
2 1570
2 3245
1 245
1 2068
1 1483
1 495
1 1379
1 917
2 2087
1 368
2 2230
2 2118
2 236
2 3212
1 1115
2 2013
2 104
2 2961
1 1771
2 2421
1 2693
2 2019
1 1604
2 2131
2 819
1 16
2 2460
2 1903
2 1198
2 2507
2 2992
2 1298
2 1041
1 1592
2 2252
1 903
2 988
1 760
1 1291
1 481
2 981
2 2649
1 1474
2 825
2 1357
2 2255
1 1315
1 57
2 887
1 1830
1 2964
1 2759
1 683
2 1660
2 2994
2 3092
1 2866
1 837
2 3158
2 2917
2 1300
1 1761
2 2919
1 2805
1 1982
2 1416
2 1082
2 1439
2 848
2 3044
1 2984
2 345
2 2847
2 1872
2 566
2 1611
2 2898
2 1459
2 1532
2 2977
1 1071
1 1001
2 749
1 1481
2 283
2 1518
2 2558
1 2087
1 1183
1 975
1 712
1 840
2 843
1 600
1 1434
1 515
1 3069
2 672
2 1554
1 1758
1 1360
1 2936
2 2724
2 2588
1 3079
2 2243
2 103
1 1474
2 1479
2 40
2 869
1 1602
2 913
2 1625
2 2847
2 2772
1 2011
1 640
2 947
2 1389
1 2695
2 3043
1 1748
2 12
1 1838
2 1954
1 1258
1 2735
2 2363
1 1714
2 241
2 1858
2 1283
2 386
2 1832
1 971
2 1763
2 1120
1 1335
1 3209
2 933
1 600
2 3220
2 2889
2 2185
2 1586
2 2812
2 635
1 3137
2 795
2 1729
1 806
1 2838
1 2833
2 402
1 509
2 2193
2 1637
1 2073
2 446
2 2605
1 80
2 823
2 383
1 2798
2 1196
1 1981
2 3065
2 1808
1 1788
1 286
1 511
1 967
1 2867
2 2213
1 2340
2 2196
2 1313
1 2904
1 1260
2 1620
2 2129
1 2608
1 809
2 1083
2 3146
2 550
1 2294
1 2970
2 454
1 2584
1 452
2 6
2 231
2 3070
2 151
2 992
2 480
1 2161
2 784
1 2582
2 748
1 1102
2 638
2 2065
1 551
2 52
1 2004
2 2700
1 368
1 1596
2 2643
2 1257
1 3278
2 2484
1 1467
2 2774
2 1913
1 1350
1 735
1 1403
2 846
1 2367
1 3035
2 1687
1 2317
2 2499
2 2067
2 2074
2 3228
2 1171
2 1026
1 951
1 335
1 2681
2 483
2 2569
1 862
2 2303
1 1285
2 2173
1 1929
2 2596
1 2773
2 122
2 1354
2 374
2 2192
2 3100
1 2688
1 1308
2 2343
2 2765
1 1917
2 500
1 233
2 2949
1 2837
1 2607
2 1348
1 3013
2 224
1 2603
2 1990
2 528
1 3162
2 288
2 3
2 265
2 1681
1 1238
2 2719
2 2700
2 2961
1 1458
2 2993
1 2476
2 2648
1 2141
1 262
2 1214
2 42
2 218
1 653
2 3071
1 1860
2 820
2 436
1 699
1 2130
1 1633
2 3296
2 2463
1 1952
1 1312
2 1524
1 2488
2 2282
1 2056
1 1477
1 1406
2 2603
2 703
1 750
1 842
2 349
2 1405
2 350
2 787
1 2981
2 1550
1 2244
1 15
1 216
2 457
2 2357
2 679
1 2676
1 2284
1 2192
1 797
2 1609
1 1773
1 1336
2 2621
1 2390
2 2826
2 1677
2 3187
2 703
2 1530
2 2858
1 1024
1 521
1 2477
2 156
1 2676
2 2818
1 548
1 2279
2 2683
1 2394
1 1469
2 1042
1 725
1 93
2 398
1 3057
1 2825
1 8
2 3266
1 236
1 3069
1 2304
1 2135
2 1245
1 1048
1 432
2 831
2 3047
2 1219
2 2358
1 2404
2 1986
1 758
1 2929
1 2025
1 1092
2 3075
1 2641
2 618
2 159
1 1962
2 2372
2 2110
2 518
1 764
2 226
1 1251
2 1139
2 1156
2 1472
1 2361
1 1927
1 1805
1 2059
2 2031
1 1446
1 215
1 1201
1 1960
2 1887
2 2369
2 3083
2 2449
2 2419
1 1095
2 2091
2 2387
1 1487
1 2440
1 1195
2 2336
1 2104
1 2637
1 2459
2 2739
2 519
2 1034
2 2023
2 1964
2 2771
2 3203
2 1948
1 346
1 2801
1 1883
2 3186
1 1296
2 2152
1 2864
2 162
2 273
1 1663
1 319
2 1146
1 254
2 2540
1 2535
1 726
2 2307
2 2764
2 2542
1 2309
2 3110
2 1695
1 1981
1 1686
1 1289
2 1685
2 486
2 1773
1 66
1 920
1 1713
1 2009
1 1890
2 725
1 2864
1 1756
1 2542
1 3206
1 426
1 668
2 1740
2 2630
1 633
2 1487
1 1878
1 1715
2 2545
2 1243
2 1833
2 1380
2 1395
1 2424
1 652
1 2891
2 1713
2 2290
1 2523
2 2380
2 2473
2 895
2 2930
1 1
2 899
1 1679
1 664
2 255
2 786
1 2149
2 1675
1 1908
2 2047
2 3039
2 2845
1 2488
2 2640
1 2734
1 1951
1 822
1 564
1 546
1 130
1 1957
2 717
1 215
2 1659
1 945
2 2723
2 719
2 1400
2 792
2 1308
2 886
1 1849
1 3298
1 2444
1 938
1 914
1 116
2 622
1 1673
1 2957
2 3160
2 1704
2 2723
2 2269
1 689
2 2072
1 498
1 2461
2 292
2 2381
2 3214
1 3084
1 1321
2 958
1 1874
2 306
2 1213
2 190
2 2575
2 688
1 1824
2 1210
1 2557
2 2272
1 963
1 2966
2 1780
2 1088
2 3085
2 1879
2 1710
1 95
2 880
2 2496
1 258
1 1756
2 796
1 1774
1 1779
2 623
2 2538
1 411
2 2052
2 2974
1 2405
2 440
2 2701
1 469
1 2941
1 2980
2 149
2 1061
1 2502
1 357
1 2113
1 1181
1 1606
2 2088
1 2255
1 3194
2 1450
2 1707
1 2592
2 1108
2 19
2 413
1 2896
1 2476
2 1636
1 2988
1 1205
2 1322
2 1850
1 3259
2 909
2 365
2 439
2 670
1 207
2 1702
2 352
2 1699
2 1980
2 932
2 882
1 2312
1 1031
2 2377
1 94
1 227
2 499
1 1580
1 1003
2 2093
2 1818
2 1430
1 2029
2 1504
2 1547
1 1002
2 2551
2 1544
1 871
1 1751
1 480
2 2308
2 1607
2 2859
1 405
1 41
2 1671
1 2480
2 3276
1 713
1 580
1 347
2 2156
2 1506
2 639
2 153
2 783
2 2523
1 441
1 2021
2 1170
1 973
1 2086
2 1185
2 2305
2 2582
2 2991
1 1329
2 2060
2 2909
2 801
1 2350
2 2963
1 3285
2 447
2 1891
1 901
1 1972
1 2821
1 1267
1 397
2 1342
2 114
2 132
2 170
2 1270
1 2168
1 3203
1 1970
1 2291
1 2722
1 2606
2 2934
1 2610
1 2709
2 2777
1 501
1 211
2 134
2 1621
1 369
2 1682
1 2912
2 1759
1 2171
1 381
1 2274
2 165
2 616
2 1552
2 1734
2 964
1 479
1 2634
1 135
2 628
1 1064
1 1021
1 2159
2 901
1 956
2 611
1 2136
1 425
2 3006
1 582
2 2421
2 1310
1 1203
2 433
1 3263
2 1835
2 287
2 2709
2 2414
1 1159
2 3201
1 1747
2 558
2 1296
2 1420
1 1932
2 653
1 46
2 22
2 1010
2 1177
2 300
2 2862
2 1033
2 640
2 264
2 1590
2 2974
2 1291
2 1725
2 841
1 2547
1 205
1 2426
1 1229
1 1209
1 3135
2 3151
2 1475
1 2854
2 2984
1 1545
2 2677
2 198
1 1409
1 2120
2 1427
2 705
1 1577
2 1362
2 1394
1 401
1 3037
1 3055
1 363
2 2780
2 3109
2 831
2 183
1 28
2 1006
2 1812
1 1044
2 3021
1 3210
1 58
1 156
1 1933
1 109
1 2555
1 68
1 827
2 2388
2 500
1 884
1 1979
2 2475
1 2165
1 1499
1 1641
1 2976
2 2098
1 1294
1 1395
2 2033
2 1869
1 1576
1 1715
2 1864
2 3251
2 1374
1 711
1 2222
2 34
1 3080
1 2844
1 1903
1 1173
2 920
1 152
2 3014
2 1493
2 2981
2 1375
2 2221
1 2970
2 527
2 2545
2 2113
2 1018
1 29
2 2787
1 2673
1 20
2 1421
2 1352
1 2473
2 1184
2 934
1 661
1 2703
1 2021
1 2895
2 2150
2 737
2 998
2 2529
1 2320
1 1223
1 1396
2 1178
2 2581
2 2135
1 2506
1 1218
2 1050
1 569
1 95
2 2276
1 3108
1 1484
1 1691
2 1208
1 879
1 757
1 85
1 572
2 2716
1 2980
1 119
1 1717
1 2456
2 1324
2 1411
2 1369
1 1276
1 2731
1 2920
1 1156
2 2686
1 1457
2 1241
1 439
2 2791
1 844
2 1540
1 2138
2 1857
1 2537
1 3147
1 1437
2 2339
2 2075
1 2905
1 2666
1 2609
2 251
1 3091
2 755
2 2660
1 949
2 579
1 1445
2 3222
1 74
2 3244
2 182
2 1242
1 1406
1 2914
1 2556
2 2735
1 3019
2 2285
2 3168
1 2314
2 2946
2 984
1 164
2 2765
2 2497
1 526
2 2721
1 2758
2 2351
2 1401
2 2631
2 342
1 733
1 1529
2 10
2 859
2 2347
2 2034
2 3124
1 1977
2 2246
2 2816
2 442
1 1295
2 601
2 2126
2 3005
2 1735
2 1823
2 2378
2 2115
1 1062
2 1632
1 924
1 2776
1 3026
1 686
1 2215
2 2657
1 337
2 2312
2 543
1 2747
1 2755
2 2951
2 1809
2 2094
1 654
2 1762
2 997
1 2931
2 882
1 2301
2 472
2 3264
1 2364
2 856
2 2760
1 2799
2 2636
1 985
1 516
1 1848
2 540
1 897
1 1392
1 2242
1 199
1 1179
2 1821
2 1623
1 2761
1 1800
2 824
2 1661
2 642
2 2741
2 2474
2 559
1 1060
1 399
1 2838
2 3098
2 1705
2 431
1 2349
2 1263
1 1517
1 1452
1 2413
2 1405
1 1842
1 2275
2 632
2 3122
1 720
1 1485
2 2183
2 325
2 467
2 1494
1 1461
2 985
1 1921
2 1367
1 2619
1 1640
1 693
2 1014
2 2882
1 903
2 2097
2 2541
2 2007
2 470
1 756
1 571
2 2797
2 2589
2 2525
1 1857
1 225
2 2195
1 2865
2 1792
2 2524
1 1246
1 2638
1 877
2 3136
1 2958
1 678
1 1697
1 826
2 2220
1 2744
1 3035
2 2055
1 1520
2 1326
2 1173
2 45
1 2695
1 2220
2 1498
2 2130
1 1582
2 1051
1 2667
1 1612
1 1543
1 1650
1 1859
2 688
2 246
2 175
2 1560
1 2852
2 3074
2 354
2 1716
1 1763
1 395
2 291
1 791
1 3277
1 3273
2 2020
2 2990
1 414
1 3143
2 3048
2 2534
2 1075
1 2371
1 2207
1 1824
2 1129
2 187
1 1242
2 263
2 298
1 424
1 1121
1 752
2 2857
2 195
2 884
1 2015
2 322
2 775
2 565
1 2061
2 1533
1 1905
2 1152
2 1822
1 372
1 2362
1 1087
2 2153
1 2872
1 2010
2 455
1 1312
2 86
2 173
1 914
1 1220
2 3065
1 279
1 100
2 2178
2 643
2 602
1 2278
1 3225
2 331
1 844
2 1096
1 1636
1 443
1 2112
2 31
1 2486
1 484
1 773
1 3165
2 1741
1 2378
1 881
2 574
2 2938
1 1185
2 1228
2 800
1 117
2 438
1 3034
2 2076
2 446
1 2530
2 3238
1 1983
1 282
2 107
2 1180
1 337
1 2355
2 1749
2 249
1 2493
1 55
2 2047
1 535
1 2794
2 3128
2 1897
1 2990
1 2724
2 80
1 9
2 846
1 1710
1 1847
2 1118
1 470
2 2902
2 1732
2 2618
1 3204
2 277
2 2565
1 1431
1 2481
1 1134
2 2883
2 1182
1 3253
1 1255
1 1837
2 2447
2 49
2 1691
1 1974
1 2630
2 2322
2 2195
1 230
1 1542
1 100
1 2951
1 1200
2 1828
2 258
1 1237
1 2552
2 2314
1 2039
2 155
1 663
2 1948
1 1181
1 3113
1 3271
2 3148
2 2659
1 2919
1 3179
1 3078
1 3095
2 465
2 520
1 1425
1 2901
2 2820
1 3300
2 3005
2 1154
1 782
2 1998
1 415
1 3145
2 1793
2 1206
2 1154
1 1318
2 2950
1 1231
2 980
1 987
2 1243
2 620
2 2356
2 356
1 2922
1 2506
2 2994
1 2569
1 169
2 1651
2 2730
1 1536
1 2928
1 1040
1 2897
2 531
2 2646
1 1939
1 2053
2 2189
1 870
2 648
2 1799
2 819
1 915
1 2518
2 615
2 1428
2 3288
2 1512
1 1368
1 144
1 2046
1 1724
1 3084
2 2206
1 2265
1 906
2 2264
1 769
1 1011
2 62
2 2211
1 1113
1 2404
1 1441
1 1913
1 2768
2 923
2 3251
1 311
2 1770
2 604
1 35
1 589
1 1037
1 755
2 2786
2 362
1 210
2 1284
2 1499
1 3282
1 268
1 1151
1 1015
1 1987
2 1090
1 2703
1 1197
2 853
1 34
2 293
1 1788
2 2291
1 1452
2 2450
2 408
1 2407
1 411
1 457
2 3269
1 3134
1 386
1 2923
2 620
2 2910
2 2504
2 2154
1 264
1 2871
1 1828
1 2119
1 1719
2 2722
2 2512
1 2500
2 3122
2 2934
2 2597
1 2946
1 2049
2 1777
2 3294
2 505
2 2572
2 2048
1 1158
1 2176
2 1680
1 1275
2 1868
1 2491
1 2190
1 1804
1 1548
1 1284
1 2156
2 2840
2 1023
2 1390
1 366
1 2385
1 2803
1 3267
1 2581
1 1737
2 1279
2 1272
1 1223
1 1117
1 1072
2 1114
1 2439
1 3282
2 689
2 1945
1 2026
2 2781
1 3232
2 1336
1 1832
2 1647
1 267
1 54
1 1426
2 325
2 1381
2 935
2 447
2 2712
2 7
1 2065
1 1004
1 2376
2 493
2 2872
1 1567
1 1505
2 614
1 196
2 495
2 287
2 3199
1 2625
2 2002
1 1073
2 2509
1 2815
2 1281
2 790
1 1718
1 808
1 596
2 2492
1 1020
2 2211
1 276
1 1234
2 2090
2 32
1 3054
1 1685
2 1182
2 3127
2 1697
1 1839
1 3246
2 1813
2 1187
2 126
1 1862
2 2174
1 736
1 1946
1 2218
1 3154
1 3046
2 2395
2 2622
1 2416
1 577
2 375
1 297
1 2768
1 732
1 888
1 18
1 2071
1 324
2 2796
2 1138
2 575
1 459
2 897
1 2788
1 3279
1 456
1 1369
1 2197
1 2509
2 3224
2 1288
1 1920
2 1167
2 270
2 774
2 1054
1 1407
1 1684
1 1244
1 2850
2 1140
2 2626
2 408
1 773
2 2334
1 437
2 744
1 2210
1 1610
1 1244
1 2617
1 641
2 2604
1 2005
2 3040
2 532
1 942
1 1965
1 2231
1 2112
1 442
1 1651
2 486
1 3159
1 388
1 2529
1 1047
1 469
2 605
2 1815
1 2380
1 339
2 3166
1 146
2 681
1 1277
2 2530
1 623
1 2909
1 1811
1 69
1 2053
1 1519
1 1117
1 707
1 3292
2 1835
1 1188
1 2487
2 1654
2 1884
2 1875
2 330
1 2689
2 344
1 970
1 348
1 1073
2 2454
1 2189
2 716
2 2092
2 60
1 2147
2 1515
1 3121
2 1603
1 284
1 1860
2 1400
1 1443
1 111
1 1848
1 1677
1 1038
1 1378
2 1728
1 1116
2 2548
1 227
1 2415
1 724
2 2755
2 3150
1 1392
2 2390
2 1626
1 303
2 1973
2 3263
1 1399
2 210
2 336
2 1271
1 2675
1 906
1 1970
2 1735
1 1301
2 1579
2 2495
2 1897
1 78
1 2208
2 423
2 2010
1 2931
2 3174
1 1597
1 2623
1 396
1 597
1 926
2 1615
2 2679
2 1152
1 1669
1 1912
2 1886
2 354
2 3120
1 3032
1 2819
2 2517
1 445
1 2441
1 1148
1 524
2 125
2 2124
2 1425
2 850
2 3045
2 67
1 101
2 1672
1 930
2 1364
2 2793
2 1581
1 546
2 2454
2 1032
2 1998
2 87
2 3149
1 533
1 1194
1 1755
1 219
2 488
1 780
1 1560
1 1771
1 73
2 534
1 944
1 2373
2 821
2 267
1 2187
2 1976
2 1251
1 1347
2 468
2 896
1 209
2 52
1 1508
1 2018
2 1505
2 2461
2 2814
1 2346
1 2923
1 302
2 2022
2 1412
2 2784
2 1442
1 2250
1 2769
1 1058
2 1552
1 810
2 1075
2 2180
2 578
2 262
2 2478
1 97
2 494
1 2107
1 1809
1 204
1 987
1 3197
1 3234
2 244
2 476
1 3082
1 1734
1 2538
1 191
2 102
2 330
1 2070
1 89
2 1078
1 2495
2 1634
2 960
2 2178
1 1843
1 1039
1 2746
1 2497
2 133
2 235
1 2562
1 2351
2 1731
2 2559
1 1546
1 1383
2 455
2 70
1 2976
1 1021
2 2169
2 1999
1 739
2 1798
1 892
1 1516
1 1844
2 1914
2 1919
1 1256
2 2194
2 426
2 2612
1 2904
1 3156
1 1770
2 84
1 2512
1 2795
1 1502
1 1028
1 1658
2 2170
1 1002
1 1511
1 1236
1 3087
1 1767
1 1302
2 2386
2 2121
2 1060
1 825
1 1013
1 2479
2 839
1 3292
1 2338
1 1690
1 1257
1 364
2 1239
2 114
1 3072
2 188
2 1657
2 1056
1 998
2 2362
2 2213
1 1215
1 1653
2 24
1 1955
2 3002
1 544
2 1139
1 971
1 948
2 2201
2 126
2 2595
1 537
1 2368
2 2123
1 10
1 2015
1 3057
1 2374
2 2324
2 2914
1 197
1 2965
2 57
1 809
2 3030
1 1726
2 2632
1 2535
2 1202
1 2492
2 1942
2 631
1 879
1 1865
2 3184
2 1465
1 2017
2 2458
2 2238
2 1186
1 2260
2 779
2 766
1 1909
2 23
1 505
2 2887
2 2315
1 2832
1 471
2 745
1 3004
2 1136
2 266
1 2669
1 1111
2 3195
2 119
1 1215
2 1980
2 176
1 1618
2 1502
1 2939
1 684
1 2697
1 275
2 662
1 2335
1 1342
2 3290
1 1578
1 977
2 2516
2 2732
1 2191
1 1683
2 2403
1 376
1 2051
1 2379
1 2998
1 2258
2 3129
2 2911
1 2253
2 2363
2 999
1 3081
2 1676
1 990
2 2800
1 2486
2 1333
2 1522
1 3278
1 285
1 1341
2 743
2 2417
1 796
2 1880
1 2408
1 1709
2 1802
2 724
1 2229
2 1104
2 2483
1 2384
1 1046
2 911
2 1432
2 2810
1 977
1 1521
2 667
1 1640
1 1965
2 1973
1 1610
2 671
1 958
2 3244
1 3110
1 2936
1 1820
1 2629
1 3258
1 2289
1 1044
2 880
1 1796
2 501
1 770
1 1436
2 1967
1 2833
1 180
2 762
1 3067
1 1079
2 1057
1 359
1 2468
1 761
1 2881
2 1193
2 690
2 1883
1 1249
2 867
1 548
1 970
2 1276
2 378
2 1815
1 2842
1 2477
1 2233
1 2513
1 3175
1 1350
2 245
2 555
1 1207
1 314
2 1269
1 2944
1 1414
1 830
1 643
1 2908
2 682
1 1900
1 557
2 2081
2 2389
1 2993
1 2402
2 1612
2 2106
2 1410
2 1388
2 1235
1 1823
1 491
1 206
2 1968
2 2375
2 1506
1 2489
2 294
1 2387
1 942
2 3142
1 988
1 1132
1 2945
1 2266
2 874
2 2013
1 2932
1 2940
2 1814
1 2292
1 1769
1 2997
1 1094
1 3
1 727
1 3018
1 1829
1 1507
1 1739
2 2209
1 299
1 2927
1 3056
1 208
1 944
1 1415
1 497
2 56
1 1643
2 2446
1 3126
2 2240
2 1723
1 2414
1 2884
1 1449
2 2326
1 2257
2 3286
1 916
1 2203
1 2585
1 7
1 1921
2 1301
2 1648
2 423
1 271
2 1795
1 3106
1 2830
2 2353
2 2567
2 462
1 2829
1 3011
1 2357
1 2333
2 1917
2 1614
2 2426
2 364
1 1660
2 769
2 516
1 3040
2 1935
1 1466
2 1956
2 2689
2 3270
2 1644
2 2710
1 1648
2 1853
2 919
2 2381
1 1398
1 1240
1 1880
1 2662
2 1253
1 2443
1 1766
1 3061
2 1537
1 3257
1 186
1 1417
2 925
2 2610
2 1103
2 922
1 772
1 2284
1 1876
2 1348
2 2711
2 2413
2 2453
2 1116
2 2409
1 1290
2 2728
2 1213
2 803
2 2459
2 1861
2 2353
1 2125
1 1196
1 1865
1 1111
2 1394
1 2832
2 2519
2 1167
2 3281
2 3249
1 61
1 2199
1 777
1 669
2 751
1 1716
1 1986
1 1456
2 1524
1 1475
2 2532
1 1314
1 1906
2 622
2 634
2 1065
2 1794
2 834
2 2115
1 2271
1 1268
1 1800
1 927
1 2384
1 609
2 1600
1 845
1 2084
1 327
1 1807
2 2295
1 26
2 3217
2 3164
2 1785
1 1340
1 1266
1 2595
2 3007
1 3121
2 3077
2 2310
2 1681
1 4
2 570
1 259
2 1931
1 466
2 823
1 2153
2 1589
1 1617
2 3073
2 556
2 869
2 1802
2 3088
2 3045
1 1105
1 2191
1 2965
2 1777
1 3224
2 1597
1 2216
2 2054
2 1304
2 63
1 2432
1 3011
1 334
2 28
2 1589
2 302
1 53
1 1322
2 193
1 1892
2 1791
2 789
1 926
1 2041
1 1990
1 1721
2 785
1 2660
2 2466
2 2808
1 2886
1 2379
2 1259
1 692
2 2971
2 1119
1 2896
2 1754
1 343
2 2385
2 223
1 2573
2 928
1 2236
1 2796
2 2824
2 1053
2 2776
2 3058
2 2804
2 2901
1 1842
1 2100
2 2227
1 723
1 82
2 3193
1 753
2 630
1 2221
1 1701
2 1081
2 2751
1 2537
2 3097
1 767
2 771
2 2452
2 2453
1 3056
1 962
2 1599
1 120
1 2699
2 2814
2 3279
1 648
2 1333
1 2139
2 2544
1 2146
2 160
1 1722
2 1585
2 298
2 3144
1 1009
1 801
1 2995
2 788
1 2578
1 1695
1 1890
1 77
1 1377
1 663
1 1825
1 1601
1 2470
2 551
1 1335
1 2889
2 2056
2 1631
1 1849
2 3010
2 1946
2 157
1 2674
1 2693
2 201
1 565
2 1765
1 1464
2 2623
2 1000
1 1357
1 197
1 2470
2 250
2 1351
1 3223
2 2731
2 1069
2 1263
1 430
2 2101
2 1351
2 865
1 982
1 1287
1 986
2 2628
1 2614
2 540
2 2256
2 521
2 1076
1 25
1 1817
1 2428
2 1460
1 2386
1 1551
2 3131
2 3104
1 2756
2 1472
2 3193
2 2179
1 1343
1 1123
2 3089
1 3268
1 48
2 1783
2 978
1 2236
2 3207
1 138
2 2392
2 3038
1 1757
2 626
2 1721
1 1003
1 2653
1 508
2 1814
2 1029
1 2888
2 3017
1 1109
2 1329
1 1840
2 848
2 3090
2 2166
1 959
1 1481
2 260
2 1786
2 899
1 1855
2 37
2 607
1 2563
1 2891
2 1904
1 1501
1 2865
2 852
1 2045
2 3066
2 326
2 2733
2 231
1 2016
2 2361
1 1927
2 2624
1 2991
1 1494
2 2038
1 2871
1 223
1 2184
1 3024
2 567
1 714
1 877
1 668
2 1679
1 2659
2 2585
2 91
2 861
1 393
1 925
2 428
1 420
2 214
2 2142
1 1371
2 1297
2 2006
2 3127
2 542
1 912
1 31
1 3240
1 2583
2 3000
2 1565
2 2753
1 3068
1 2822
2 2977
2 1211
2 2989
2 738
1 1273
1 2580
1 1988
2 3038
2 453
1 60
1 596
1 2041
2 1331
1 734
2 1238
1 71
2 5
2 2969
2 3098
2 235
1 2376
1 1984
1 1064
1 478
2 1600
2 1662
2 3094
1 3064
2 1909
1 535
2 2411
2 891
1 806
1 959
2 2732
2 1444
2 517
1 1027
1 2409
1 1011
1 1613
1 1858
2 1137
1 3148
2 269
1 322
1 2645
1 3227
2 1169
2 1063
1 48
1 2702
1 781
1 2733
2 2345
1 1397
2 1652
1 1066
2 3118
2 2706
2 3192
2 2256
2 1417
2 503
2 1630
2 106
2 2458
1 832
2 1491
2 802
1 2457
1 3036
2 117
2 3170
1 1750
2 2093
2 617
2 2593
1 1958
1 241
1 2123
1 601
2 278
1 1538
2 2878
2 327
2 2151
1 3300
1 2162
1 716
1 2172
1 392
2 1701
1 2921
2 1931
2 1919
1 1728
2 1598
1 2237
1 460
1 2613
2 2879
2 2003
2 440
2 704
1 2162
1 1776
2 1861
1 228
2 1894
2 507
1 2684
1 2757
1 131
1 3287
2 2809
2 2111
1 216
1 2396
2 2302
1 651
2 172
2 1163
1 772
1 537
1 1811
1 3216
2 1225
2 2593
2 1112
2 420
1 1709
1 768
1 3267
2 861
2 593
2 657
2 230
2 1836
1 1436
2 954
2 708
1 1245
2 2440
2 416
2 1794
1 1593
1 2571
2 3034
1 2075
1 1604
2 1786
2 2648
1 1608
2 1639
2 1184
1 2337
1 396
1 1057
1 820
1 3077
1 1037
2 1730
2 2200
2 2145
1 2052
2 3261
2 240
1 1791
1 1104
2 2734
1 894
1 2467
1 2077
2 3085
2 1698
2 2138
2 247
1 347
1 1893
2 1420
1 1515
1 3213
2 1869
2 1949
2 271
1 2683
1 518
1 1320
1 128
2 603
1 1967
2 2675
1 824
2 2144
1 733
1 3059
1 1305
1 280
1 2300
2 1479
1 464
2 387
1 1907
1 1550
2 2358
1 3017
2 662
2 2927
1 1594
1 2766
2 3130
1 1247
1 317
1 598
1 729
2 2465
2 2536
2 2400
1 1574
1 2641
2 2953
1 3212
1 1358
2 2694
1 309
1 2893
2 3260
1 2132
2 2318
2 2308
2 812
1 3198
2 1764
2 2599
1 2450
1 1017
1 760
1 2696
2 123
2 2140
2 786
2 2560
2 1985
2 1328
2 715
2 2655
2 409
1 507
2 2570
2 2566
1 2401
2 3284
2 367
1 2677
2 2277
2 2828
2 2249
2 2672
2 1192
1 2759
1 759
2 3298
2 1224
2 1224
2 158
1 2591
2 2745
2 242
1 40
1 678
1 1366
1 3255
2 1765
1 2127
2 1670
1 2906
2 2398
1 893
2 1202
1 2522
2 799
1 76
1 29
2 2217
2 1150
1 1484
1 3237
2 2293
1 2579
2 2082
1 184
2 841
2 2745
2 692
2 222
1 1125
2 2992
2 2258
1 1489
1 591
1 1642
2 1738
1 141
1 66
2 1081
1 1820
1 1892
2 87
2 458
2 2177
1 908
1 1581
1 2247
1 1174
1 2918
2 2554
1 2893
2 3299
1 2519
2 43
1 1591
1 2296
2 2844
1 278
1 1264
2 2528
1 418
1 320
2 1019
1 3047
1 1423
1 2620
2 2276
2 3116
1 2442
1 118
1 1798
1 570
2 2266
2 3248
2 1768
1 680
1 242
2 2526
2 3169
1 1023
2 1760
2 2613
2 207
1 3166
2 508
2 1623
2 2943
1 557
1 966
1 2240
2 2399
1 1574
1 895
2 180
1 698
2 2165
2 466
2 3129
2 3232
2 948
2 704
2 1983
1 937
2 341
1 124
2 225
2 1736
2 122
1 1922
2 531
2 1221
1 3012
1 179
2 2088
1 613
2 1519
2 931
1 2741
2 1696
2 1482
1 1166
2 429
2 1950
1 434
1 2669
1 2160
1 1363
1 2606
2 2670
2 2555
1 1000
1 1133
1 62
2 1345
1 131
1 1833
1 305
1 1573
2 2598
1 2445
1 837
1 561
1 2861
1 676
2 2948
1 3113
2 2419
1 666
2 1492
2 316
1 2204
1 2494
1 361
1 1585
2 3277
2 1478
2 3286
1 2183
2 409
2 2739
1 229
1 295
1 55
2 624
2 789
1 2396
2 2399
1 219
1 269
1 2873
1 189
1 2869
1 1549
1 220
2 3160
2 614
2 740
1 2546
1 12
2 1343
1 2341
2 890
2 2682
2 1870
2 633
2 693
1 1179
2 3009
1 1926
1 434
1 3075
1 142
1 1088
1 1299
1 430
1 406
2 2313
2 2598
2 2348
2 1160
1 144
2 2271
2 240
1 933
1 1255
1 2402
2 2366
1 1688
1 177
1 2880
1 2248
2 1288
1 233
2 174
2 402
2 1781
1 1017
1 3161
1 1646
2 3228
2 1166
1 1191
1 44
2 2016
1 1868
2 2003
2 3206
2 1323
2 1945
2 1837
1 1959
2 1643
1 1334
2 2877
1 1149
1 3081
1 1101
1 185
1 2688
2 2365
1 2328
1 2513
2 2835
2 93
2 417
1 2611
2 1559
2 2960
1 3142
1 967
1 1470
1 2431
1 50
1 154
2 1022
1 1068
1 2030
2 1476
2 2811
2 1856
2 1362
2 3155
2 2855
2 1028
2 246
1 1875
2 2691
2 1693
2 2563
1 2747
1 2281
2 2425
2 1488
1 2586
2 2645
2 2132
1 3108
2 936
1 2881
1 2460
2 1356
1 1240
1 941
1 383
1 1422
2 2169
2 684
1 2410
2 682
2 1102
2 1168
2 1595
1 2116
2 2720
2 2155
2 1388
2 591
2 3269
2 2544
2 625
2 2778
2 1926
2 2750
2 120
1 2794
2 2774
1 1321
2 1558
2 2079
1 2370
2 1957
1 1799
1 2783
2 1566
1 79
1 2558
2 1162
1 2327
1 1077
1 1899
1 3180
1 768
2 502
1 1854
1 2481
2 84
1 1100
2 737
2 2999
1 1689
2 754
2 352
1 2612
2 1516
1 1309
1 2707
1 1521
2 835
2 793
1 2520
2 1025
1 3283
2 404
2 2527
1 1526
1 2430
2 1827
2 1916
1 965
1 2175
2 454
1 1203
1 626
1 3233
2 2775
1 2157
2 2996
1 2790
1 2364
1 255
1 1863
2 898
2 2179
2 2638
1 351
1 1982
1 1654
1 650
1 2587
2 2597
2 498
1 1360
1 2937
2 1900
1 2099
2 1918
1 3020
1 3133
1 1959
1 2070
1 359
2 1328
1 1699
2 2784
1 2514
1 2668
2 3199
2 1761
2 2371
1 1009
2 1598
2 3150
1 2014
1 847
1 1455
2 2298
2 583
1 1543
1 1
1 2762
1 2078
1 2933
2 2781
1 2815
1 799
2 1790
1 515
2 2601
2 2377
2 2505
2 2890
2 2348
2 1676
1 2607
2 1925
1 2863
2 6
2 1354
2 929
2 3064
2 894
2 709
2 2540
1 1943
2 1760
2 1840
1 3226
2 391
1 2248
1 2899
1 1646
1 2959
1 2146
2 2673
2 2270
2 2187
1 2102
1 1126
2 731
2 1742
1 308
2 1772
1 1330
1 2367
2 2575
1 2851
2 3168
2 523
1 171
1 461
1 2877
2 170
2 1527
2 3039
1 1274
2 1625
1 2062
1 808
2 1989
1 1114
2 706
1 473
2 2854
2 2635
1 698
2 237
1 1874
1 752
2 260
1 2412
1 1355
2 1829
2 3297
1 218
1 484
1 493
2 611
2 2012
2 1688
1 2225
2 2099
2 2085
1 2168
1 276
2 2263
2 584
2 553
2 2836
1 1034
1 1292
1 1586
1 1527
1 1423
1 1069
1 1178
2 3031
1 720
1 136
1 193
2 1372
2 1807
1 3072
2 2063
2 2359
1 2203
1 1396
2 2916
1 2908
2 2798
2 47
2 2023
1 1539
1 2235
1 714
2 2742
2 169
1 1810
1 2250
2 2589
2 2343
1 800
2 2574
1 747
1 984
2 794
1 2273
1 256
1 2663
1 2711
2 11
2 283
1 1877
1 1175
1 978
2 1635
1 1268
1 1616
2 2883
2 1195
1 871
1 1062
2 1235
1 33
2 857
1 911
2 604
1 627
2 2329
2 1938
1 155
1 3274
2 1987
2 2326
2 1123
2 92
1 208
2 104
1 3095
1 355
1 1923
1 1074
2 2137
1 349
1 1491
2 315
1 1172
2 3284
2 1366
2 1024
2 2644
1 101
1 2839
1 252
2 1165
1 450
2 1846
2 3295
2 390
1 701
2 3100
2 947
2 1718
2 1910
1 2019
1 2281
1 1212
2 1863
1 2071
2 2622
2 3177
1 450
1 2947
2 717
2 2678
1 1975
1 2773
2 771
2 1176
1 5
2 1365
1 1624
1 685
1 2302
1 2705
1 192
1 32
2 2853
2 135
1 1748
2 965
1 453
1 2717
2 2415
2 1603
1 20
2 2011
1 2206
2 2012
1 2374
1 3086
1 1509
1 1384
1 2254
2 2788
1 2573
1 2234
1 1635
2 1830
1 2288
2 1151
2 2318
2 696
1 458
2 681
1 334
1 2163
1 1968
2 1168
1 2985
2 2436
1 1711
1 2341
2 2128
1 2349
2 2967
1 3185
2 3191
2 152
1 1555
1 3289
2 3167
1 2968
2 2238
2 1995
2 379
2 335
1 1264
1 1569
2 474
2 2008
2 3247
2 1330
2 580
2 243
1 2039
1 1136
1 956
2 2272
2 854
1 393
2 856
2 2846
1 217
2 2848
1 384
2 1817
2 659
1 817
2 943
1 399
1 885
1 203
1 2346
2 467
2 728
2 1376
1 2594
2 1212
1 209
2 3270
2 1768
1 3026
2 904
1 1653
2 989
2 891
2 81
2 1727
1 937
1 1682
1 1930
2 1133
1 407
1 775
1 1339
2 833
1 45
2 503
2 294
1 165
1 1040
2 1143
2 1513
1 946
2 1564
1 2188
2 1879
1 1469
2 992
2 1463
1 2792
1 2032
2 1902
2 3236
2 1551
2 2553
2 2670
2 2136
1 8
1 1616
1 2945
1 1413
2 2325
1 804
2 83
1 3106
2 1548
2 2790
1 3167
1 1052
1 1988
1 1105
2 2435
2 2602
1 1440
2 2524
1 2955
2 2997
2 798
2 85
1 1911
2 1462
2 1884
2 475
2 1796
2 1698
1 674
2 1822
1 153
2 2614
2 2159
1 2556
2 3280
2 1507
2 2451
2 3221
1 1112
2 2503
2 1496
2 435
1 2507
2 814
1 547
2 2652
1 1602
2 629
2 1669
2 424
2 1578
2 2826
2 3028
1 1808
1 1881
2 845
1 742
1 1169
1 677
2 1099
2 168
1 2775
1 2044
1 710
1 3053
1 2109
2 1783
2 2208
1 2887
2 2527
1 519
1 1387
2 2920
1 2975
1 680
1 1046
2 1708
1 561
1 1052
2 3076
2 2754
1 980
1 1793
1 2725
1 2888
2 3165
2 2671
2 1966
1 1359
1 2785
1 1204
1 939
2 96
2 1188
2 1377
1 952
1 645
2 1887
2 1426
1 1912
1 637
2 746
1 697
2 858
2 1537
2 2885
2 2124
1 1459
1 252
2 2422
1 2400
1 2223
2 2770
2 1084
1 1306
2 1153
1 452
1 2647
1 1424
1 609
2 2263
1 2066
1 3074
1 2323
1 1478
1 1106
2 353
2 410
1 2035
2 1856
2 1325
2 2580
1 499
1 1273
1 377
2 2293
1 2366
1 1797
1 2265
2 2654
1 1434
1 2430
2 1153
2 2616
2 2817
1 847
2 464
1 3051
1 2368
2 2662
1 1780
1 1320
2 728
2 1781
2 1230
2 2921
1 2564
2 1490
1 2856
1 1191
2 2418
2 2395
1 986
2 86
1 579
2 1419
1 2050
2 2704
1 394
2 664
1 1961
2 1311
1 1222
1 2405
1 238
2 2505
2 870
2 3018
1 527
2 1413
2 9
1 1124
1 304
2 2665
1 636
1 182
1 921
2 2718
1 1872
2 2913
1 476
1 1408
2 3185
1 1232
2 2517
1 2763
2 2
1 2158
1 3294
1 2850
1 1495
1 2462
2 1703
2 2196
2 697
2 2389
1 3274
2 50
2 2848
2 309
1 2806
2 1345
1 3092
2 3050
2 148
2 2472
1 645
2 1501
1 2611
2 3177
2 1555
1 1265
2 975
2 2661
2 23
1 1606
2 3107
1 2879
1 282
2 1639
2 108
1 594
1 1790
1 4
1 1094
1 2104
2 2579
1 1938
2 2620
1 3125
2 1129
1 1359
1 1315
2 449
2 319
1 1083
2 1867
2 605
2 1338
2 943
2 776
2 542
1 1937
2 2827
2 2874
2 2712
2 3046
1 2283
1 866
2 2534
2 1500
1 1100
2 232
1 2000
2 2365
1 1090
2 616
1 2531
1 2639
1 2690
1 2406
1 2621
1 2482
1 510
1 1147
2 2212
2 549
1 3153
1 2658
2 805
2 2127
2 2296
2 99
1 2464
1 106
1 576
1 707
2 3182
1 763
2 874
1 2216
2 866
2 778
1 2959
1 875
1 2941
2 2469
2 1588
1 2986
1 2197
2 1467
1 3178
1 2543
2 1766
2 380
1 1108
2 3128
1 881
1 2533
2 3252
2 2592
1 1418
1 419
2 1675
2 3073
1 1966
1 2278
1 2319
1 3295
2 1067
1 1806
2 2218
2 3157
1 657
2 1049
2 1753
2 336
1 979
1 2591
2 78
2 2644
2 1704
1 2336
2 675
2 514
2 1380
1 2118
1 1226
1 2467
2 202
2 2392
2 2069
1 788
2 1227
1 2949
2 1462
2 2982
2 67
1 1004
1 1001
2 1402
2 1338
2 2929
1 2057
2 1418
2 629
1 388
1 1947
1 612
1 3182
1 522
1 3102
1 2494
1 1891
1 1852
1 2484
1 3041
2 2030
2 1440
2 1591
2 1429
2 2940
2 547
1 1876
2 1356
2 2448
1 2126
1 2816
2 373
1 744
2 1668
1 1665
2 318
2 289
2 2241
2 2947
2 883
1 3117
2 1199
1 1953
2 3020
2 1389
2 536
1 2324
1 905
2 598
1 1531
2 2740
2 2764
2 1977
1 2960
1 1278
2 2393
2 950
1 181
2 1271
1 2117
1 1278
1 587
1 1852
2 545
2 2177
2 2515
2 1471
1 1615
1 2305
2 1658
1 829
2 822
2 2154
1 1593
2 1583
1 1053
2 2708
1 909
1 2866
2 2224
1 74
1 2027
1 700
2 2590
2 2749
2 13
2 1866
1 637
2 1964
2 573
1 867
1 3138
2 908
1 3186
1 790
2 731
2 863
1 3181
2 590
1 2956
1 1572
2 462
2 1145
2 2767
1 1523
2 1089
2 1744
2 1995
2 176
2 2754
1 1059
2 1128
2 1933
1 1784
2 1091
1 3070
2 2855
1 1155
2 1656
2 2170
1 2014
2 2229
2 1378
1 995
1 3042
1 811
2 3059
2 2702
1 2853
1 2092
2 1922
1 3089
1 695
2 2982
2 2330
1 2546
2 536
1 190
1 422
1 2532
2 139
2 2143
2 1971
1 1316
2 647
2 479
1 2963
1 1637
2 691
2 2261
2 142
1 2160
1 1162
2 2498
2 2429
1 1859
1 1920
2 2025
1 2493
1 2819
2 3050
1 1450
2 1996
2 90
1 2572
1 2407
1 2938
2 159
2 1059
2 886
2 3051
2 2967
1 485
2 554
1 996
2 1894
2 1898
2 2791
1 3243
2 639
1 2849
1 3239
2 3163
1 382
2 313
1 2331
1 1774
2 371
1 1826
2 1453
1 558
2 2383
2 344
1 1663
2 2713
1 1142
2 1314
2 2875
1 2329
1 2526
2 588
1 691
2 1584
2 2825
1 154
2 489
2 2972
1 1206
1 2498
2 3178
1 1664
1 2174
1 178
1 2246
1 1674
1 1473
2 1446
2 2223
2 2095
2 496
1 2516
2 2049
1 1540
1 2627
1 1834
2 1904
2 2841
1 2035
2 2715
2 338
1 1135
2 432
2 3202
1 140
1 878
2 2347
1 1958
2 1486
1 1364
1 1525
1 705
2 2369
2 511
1 1493
1 2297
1 1561
2 2000
2 575
2 2018
1 1845
2 821
2 2420
2 630
1 816
2 993
1 2625
1 758
2 2344
1 638
2 1641
1 1272
1 588
1 3000
1 555
1 232
1 1544
2 1189
1 96
2 1035
2 1634
2 533
1 3066
2 581
2 389
1 1290
1 889
2 1575
1 1962
1 2464
2 1680
2 2331
2 3140
2 701
2 3136
1 238
2 3217
1 2876
2 1607
2 767
2 441
2 3214
2 2701
1 1014
1 2180
2 288
2 2185
1 2406
2 2028
2 918
2 306
1 1512
2 112
2 2096
2 617
2 1397
1 2478
2 745
1 568
1 1609
1 1850
2 2286
1 2751
2 1737
1 1468
2 1692
2 1772
2 586
2 2050
1 1085
1 2022
2 2727
2 669
2 3211
2 2463
1 2856
2 1725
1 1086
1 1686
1 2705
1 248
1 3049
1 1300
1 196
2 310
2 2667
2 1498
2 2549
2 624
2 280
2 530
1 202
1 2114
1 695
2 1993
2 482
2 3209
2 1779
1 2873
2 2986
1 2028
1 2742
2 2860
2 2792
2 512
1 962
1 1171
2 1580
1 1281
1 1292
2 1893
2 726
1 111
1 2267
2 1267
1 1645
1 2584
1 1096
2 2907
1 2209
2 1477
2 2214
1 2624
1 3234
2 749
1 1344
2 1303
1 1844
2 2496
1 2469
2 3125
2 1070
2 2634
2 253
1 463
2 284
2 2005
1 2704
2 496
2 1039
2 1229
2 1940
2 694
1 3276
1 563
2 621
2 528
1 3254
2 256
1 1757
1 251
1 2559
2 2310
1 2650
2 1464
1 2719
1 2880
2 2082
1 718
1 422
2 2316
1 1048
2 1910
1 2261
1 465
1 1074
1 915
2 2140
2 3247
1 129
1 1201
2 1109
1 2924
1 2228
1 2433
1 2521
2 177
1 872
1 619
2 1562
2 2106
1 3255
1 136
2 1671
1 632
1 1650
2 3260
2 1624
1 2182
1 851
1 612
2 2122
1 1470
2 427
2 2001
2 2085
1 549
2 753
1 2111
1 2167
2 2337
1 1274
1 398
2 833
1 425
2 16
1 397
1 2193
1 2352
1 1160
2 990
1 2849
1 1401
1 2550
1 1532
1 1067
1 3173
2 1093
1 3204
2 139
1 1461
2 1326
1 3032
2 1041
2 2983
2 2903
2 1787
2 1036
2 552
2 1107
2 2307
1 1745
2 471
2 3245
2 1785
2 1568
1 2510
2 949
2 3297
1 125
1 2274
1 972
2 1911
1 2817
