6100 4500
1 2185
2 1700
1 1616
1 741
1 1151
1 564
1 237
1 1156
1 2461
1 2268
1 1893
1 2350
1 1853
2 554
2 1354
1 1613
1 508
1 26
1 442
2 411
2 1706
2 870
1 2329
1 2006
2 872
1 2459
1 1100
2 771
1 573
1 1530
1 2202
1 2493
1 1435
1 1205
1 1174
1 720
2 2197
1 525
2 2053
2 1506
1 2035
2 912
1 1082
2 645
1 1166
2 2994
1 1289
1 1121
1 2187
1 2256
1 1217
2 2113
1 1210
2 2427
1 2459
2 2077
1 2749
1 1539
2 2345
1 956
2 1666
1 918
2 2841
2 2856
1 1755
1 3026
2 2432
1 2625
2 2451
2 146
1 889
1 1942
2 2341
2 164
2 1599
1 87
1 60
1 1891
2 52
2 2128
2 891
2 225
2 338
2 1092
2 1187
1 1420
1 21
2 663
2 830
1 437
1 314
2 154
1 583
2 1452
1 150
1 212
1 470
2 1742
1 1935
1 926
1 2391
2 2215
2 1042
1 1862
1 1572
1 2473
1 419
2 729
2 1056
2 1200
1 2734
2 251
1 548
1 2955
2 212
1 1732
2 1643
2 2772
2 2922
1 2114
2 2001
2 1633
2 749
2 1043
2 2805
2 950
2 2198
1 1413
1 1694
1 2541
2 65
1 1024
1 2022
1 16
1 1519
1 1611
2 1096
1 253
2 269
2 2143
2 785
1 1148
2 1361
2 1528
2 860
1 1006
2 1880
2 293
1 2633
1 2777
1 2575
2 822
1 874
1 1123
2 2980
2 2710
1 519
1 2396
2 1052
2 1689
2 2783
1 2124
1 1199
2 98
2 652
2 1105
2 1968
1 1507
2 2732
2 2873
2 1564
2 1283
1 928
2 213
1 613
1 468
2 1187
1 2534
1 2634
2 2570
1 1635
2 2279
2 2171
1 624
2 1840
1 2032
2 2625
2 815
1 499
2 302
2 1634
1 2121
2 2544
1 264
2 2243
1 2972
2 1566
2 1971
1 1838
2 2898
2 2941
1 1768
1 990
1 670
2 2812
2 1048
1 1503
2 1608
1 2237
2 1676
1 342
1 1145
2 1186
1 1800
2 1243
2 1718
1 723
1 340
2 1036
2 1097
2 1792
1 311
2 120
1 1412
1 601
2 1575
2 2997
1 97
2 1011
2 1188
1 2757
1 2418
1 2483
1 2583
1 2905
2 1870
1 2076
1 2092
1 2226
2 159
2 766
2 1448
1 1473
1 1620
1 37
2 2172
2 2065
2 302
1 146
1 2354
1 1774
2 2925
2 209
1 1430
2 2218
1 2068
2 174
2 1421
1 1475
2 1412
2 756
2 53
2 1351
2 1991
2 2271
2 1646
2 485
2 2362
2 1278
1 1402
2 40
1 1385
1 1278
2 1923
1 2924
1 301
1 508
2 2374
2 519
1 2526
2 1421
2 2293
2 2061
1 895
2 563
1 2306
2 2238
2 1491
1 1400
1 781
1 1118
2 351
1 2636
1 2112
1 1389
1 1174
1 1861
1 2031
1 1996
1 1012
1 494
2 946
2 1191
1 770
1 2911
1 273
1 2805
2 529
2 377
2 1589
2 1212
1 2696
2 1524
2 969
2 2548
1 2909
2 267
1 1149
1 2719
1 1991
1 1746
2 135
1 1134
2 2262
2 2569
2 2679
1 332
1 3037
2 1965
1 2228
1 148
2 691
1 1046
2 2348
1 576
2 1142
1 764
1 452
1 1336
2 2458
1 182
1 1837
1 1603
1 1108
2 2177
2 1201
2 1969
1 410
1 2197
1 2249
2 2181
1 2973
2 787
2 1073
2 2130
2 2531
2 3003
1 2389
2 1071
1 2024
2 1051
2 2704
2 1381
2 1027
2 852
2 798
1 518
1 1459
2 1787
1 2601
1 2161
1 1441
2 2206
2 2746
1 1450
2 2528
1 1328
2 2560
2 1543
2 2871
2 2753
2 1960
2 185
1 513
1 1982
1 1457
2 790
2 1702
2 1487
1 1629
1 1563
1 2151
2 1610
1 295
1 89
2 1408
2 1914
2 2102
2 2572
2 2992
1 2739
1 2702
1 1264
2 120
1 2509
1 973
1 700
1 373
2 1289
2 604
2 1921
1 210
2 2430
2 1345
2 1403
2 2579
1 1588
2 1906
1 1901
2 869
2 151
2 2698
2 564
1 1679
2 2695
2 1657
2 447
1 2456
1 2467
1 1392
2 2236
1 491
1 413
2 1845
2 610
2 612
2 1853
1 551
1 2236
1 522
1 1807
1 3025
2 880
2 2394
1 217
1 382
2 2415
1 2815
2 2463
1 908
1 1176
2 2747
2 631
2 2475
1 1805
2 2316
2 425
2 2193
1 2934
1 2503
1 2800
1 2907
2 2515
2 1553
1 2291
2 2369
2 1267
2 1390
2 1373
2 886
1 1407
1 1188
2 2938
2 1568
1 905
1 1842
2 1597
1 474
1 1618
1 271
1 2606
2 1258
1 1190
1 810
1 335
1 2065
1 1665
2 762
2 334
2 1551
1 355
1 1688
1 505
2 45
1 1397
1 1198
2 22
1 993
2 1664
2 689
2 2125
1 1818
1 467
1 973
2 2984
2 1357
1 3050
1 1129
2 2050
1 147
2 765
1 782
2 2592
2 1348
2 1433
2 1930
1 581
2 1317
2 171
1 1659
1 2271
1 2482
1 2660
2 807
2 2011
1 942
1 557
2 675
1 1747
1 29
2 1855
1 1746
1 783
1 1953
1 2026
2 680
2 866
2 1899
2 2123
1 701
2 971
2 31
1 1202
2 1259
1 1282
2 2318
2 1192
2 644
1 319
1 3029
1 1514
1 854
2 979
1 3038
1 1932
1 397
1 2103
2 219
1 1773
2 1154
2 2026
2 2895
2 1933
1 1531
1 630
1 2650
2 617
1 265
1 5
2 2589
1 2002
2 453
2 1009
1 2268
2 2992
2 1409
2 2634
1 629
1 1916
2 2880
1 2823
2 1432
2 2309
2 94
1 539
2 1548
1 2184
1 2511
1 1173
2 617
2 286
1 364
1 1497
2 916
2 1549
1 1061
1 181
1 2420
2 192
2 1116
1 2290
1 1876
1 2106
2 360
2 266
1 1777
1 780
2 2082
1 230
1 1463
2 1505
1 1717
1 2221
1 2522
2 1670
1 1995
1 2878
2 2337
1 1057
2 695
1 1591
2 560
2 453
2 1106
1 1356
2 2670
2 3043
2 1653
1 2254
2 1906
2 2056
2 298
2 796
2 385
1 1500
2 2255
2 1856
1 1996
1 1631
2 2549
1 2139
2 2630
1 226
2 1692
1 2144
1 162
1 2224
2 486
1 108
1 1617
2 642
2 2846
1 2560
1 1652
2 1590
2 1331
1 1472
2 2880
2 2971
1 722
1 2454
1 2174
2 1724
2 3029
2 1070
1 933
2 1144
2 1388
2 1281
1 1196
1 1751
2 1780
2 1926
2 26
1 1881
1 2643
1 1766
2 1444
2 2636
1 1313
2 2111
2 2465
1 1374
1 2212
1 492
1 2885
2 540
2 3026
1 2063
2 2091
2 1471
1 1673
2 859
1 2962
1 1986
2 89
1 1556
1 2543
2 1122
2 2356
1 388
2 1297
1 592
2 1467
2 2046
1 2657
1 1337
2 2860
2 2314
2 482
1 2797
1 2163
1 1722
2 399
1 1037
1 769
1 444
2 2721
1 1178
2 402
1 1111
1 2558
2 5
1 353
2 2802
2 2875
1 2791
1 1674
2 2781
1 1139
2 654
2 2000
1 1428
2 1163
2 2981
2 1650
2 2303
1 768
1 115
1 740
2 227
1 293
1 1453
1 1237
2 839
1 2465
2 651
2 1882
2 1433
1 2814
2 1972
2 2056
1 594
2 2040
2 1106
1 2181
1 653
2 466
1 10
1 644
1 42
1 2505
2 623
2 1164
1 177
1 1158
1 1582
1 2943
2 719
2 869
1 2685
2 2028
2 2927
1 974
2 1667
2 2021
2 2225
2 608
1 1290
2 1132
2 1727
1 1405
2 1014
2 1546
2 2904
2 201
2 33
1 1831
1 2172
2 827
2 1224
1 1891
2 1348
1 2613
2 1394
1 2427
1 1624
2 2005
1 1230
1 2512
2 2583
1 1849
1 70
1 1112
1 2168
2 2227
2 2267
2 2856
2 753
2 2201
2 360
1 1093
2 1879
2 2577
1 2353
1 1752
1 402
2 805
2 1410
2 164
1 2185
2 2199
2 2813
2 654
1 2405
2 2299
1 1997
2 1002
2 2097
2 229
2 2614
1 205
2 465
1 906
2 47
1 1757
1 1793
1 2480
2 1185
1 1806
1 640
1 2440
1 1256
2 462
2 1869
2 2385
1 687
2 1766
1 2198
1 403
2 1686
1 419
1 825
2 1150
2 716
2 1811
2 10
2 777
2 580
1 1523
1 915
2 337
2 2950
2 2354
2 86
1 1796
2 675
1 2528
1 81
2 2048
1 2200
1 899
1 257
1 1195
1 3044
1 1941
2 2471
2 1993
2 2368
2 2975
2 1748
1 1085
2 2275
2 1117
1 488
1 1783
1 2883
1 2321
2 1203
2 261
2 2824
2 1154
1 350
1 55
2 2273
1 1755
1 2091
2 2119
1 476
2 2706
2 2793
1 450
1 12
1 1892
2 466
1 2219
1 1816
2 2250
1 7
1 722
1 2958
1 83
2 1591
2 1248
1 2502
1 2394
1 1668
2 584
2 1440
2 1444
2 71
2 661
2 2393
1 916
2 1632
1 1690
1 1741
2 69
1 2402
1 1696
1 672
2 1518
1 2929
1 1445
1 812
1 109
2 820
2 837
1 655
1 1957
1 147
2 2737
2 2811
2 2799
2 1044
1 2623
1 2078
1 1951
2 287
2 1255
1 1530
2 2098
2 42
1 760
2 1213
2 325
2 1561
2 1541
1 279
2 2486
1 2797
2 2720
2 1268
1 1086
1 2214
1 361
2 1810
1 1513
2 1515
2 2989
2 2250
2 155
1 715
1 2276
1 1364
2 2062
2 2208
1 1439
1 1016
2 1440
2 1493
2 1621
2 2557
1 359
1 2767
2 1875
1 1123
1 998
1 1102
1 2778
1 2516
1 2559
2 372
2 2686
1 2421
2 256
1 484
1 580
1 329
2 3004
2 591
2 1859
1 534
1 2540
2 2739
1 1516
1 1707
1 544
2 2681
1 1880
2 2914
1 173
1 339
1 678
2 1950
2 2337
2 1394
2 953
1 2685
1 199
2 239
1 1473
1 562
2 2138
1 1423
2 50
1 168
1 136
2 2743
1 2626
1 2883
1 967
2 1204
2 4
1 2008
2 2300
2 2446
1 1411
2 1557
1 510
1 2450
1 436
2 435
2 2827
1 1961
1 1236
1 271
2 2971
1 1688
1 2542
1 783
1 187
2 2673
1 2866
1 2533
2 2576
2 396
1 27
2 1211
2 378
1 1567
2 2137
2 2163
2 1617
2 2203
1 1157
1 2726
2 2867
2 731
1 949
1 284
2 803
2 2979
2 501
2 1756
2 930
2 1701
1 2230
2 57
1 2939
2 315
1 986
2 908
1 2384
1 615
1 2666
1 681
2 2595
2 331
2 543
1 2251
1 2458
2 2697
2 1719
2 2490
1 235
2 663
2 1743
1 2868
2 1256
1 747
2 161
1 1802
2 2359
1 2643
2 1958
1 700
1 2405
1 2803
2 2438
2 711
2 1191
2 2524
1 2284
1 8
2 1462
1 538
1 446
1 1878
2 2407
1 1812
1 2874
2 1593
2 2968
2 972
2 1380
1 1841
2 2255
2 937
1 2076
1 326
2 892
2 2258
1 1804
2 1939
2 2020
1 1430
1 280
2 1625
2 2564
1 254
1 1460
2 2468
1 645
1 2705
2 2168
2 1052
1 30
1 813
2 310
1 742
2 3001
2 2938
1 1183
2 2795
1 56
2 1207
2 2348
2 2110
2 93
2 480
2 2230
2 1565
2 787
1 1031
2 949
1 1269
1 717
2 1791
2 1840
1 183
2 2775
1 1382
2 2715
1 887
1 140
2 2601
1 638
1 2118
1 2495
1 1849
1 2445
2 1113
1 79
2 2162
2 1958
2 2147
1 2452
2 111
2 2277
2 579
2 176
2 934
1 2733
2 1013
1 1241
2 188
2 811
1 70
2 920
2 1003
1 2476
2 1983
1 2879
1 1847
1 2169
2 1280
2 1588
2 2713
2 2392
2 2469
2 2267
2 1099
2 1071
1 2554
1 324
1 995
1 2030
1 2608
1 2820
1 968
2 1508
1 299
2 406
2 1831
2 2138
2 1372
2 1141
1 1683
1 1639
1 18
1 2413
1 2318
1 258
2 629
1 1985
1 637
1 1299
2 2131
1 354
2 2377
1 1555
2 988
1 2708
2 206
2 378
2 2245
1 827
2 1233
2 72
2 2713
1 2937
1 396
1 1500
1 197
2 2249
1 2116
1 1136
2 2731
1 1637
2 2080
2 1833
1 1241
1 1594
2 2961
1 1788
1 521
1 2232
2 2819
1 2362
1 3013
2 349
1 2478
1 411
2 246
2 2343
1 1501
1 2892
2 1933
1 2686
2 1920
2 33
1 585
2 23
1 1313
2 51
2 1324
1 393
2 2963
1 2463
1 208
2 150
2 1059
1 714
2 1828
2 1415
2 527
2 2188
2 571
2 1799
1 3041
2 1418
2 2280
1 2223
1 244
2 595
2 828
1 85
1 1734
1 2124
2 145
2 1450
2 3032
1 304
2 1977
1 513
2 1494
1 835
2 2688
1 1605
1 500
1 170
1 2714
2 2357
1 391
2 36
1 1552
1 261
1 2319
2 2366
2 1685
1 662
1 659
1 966
2 598
1 1043
1 92
2 313
1 809
1 561
2 561
1 1937
2 2506
2 1812
2 1
2 2489
1 3023
2 605
1 857
1 301
2 306
2 1711
1 996
2 2935
1 838
1 1160
1 2736
1 2725
1 795
1 1013
2 746
2 505
2 1288
2 283
2 2416
1 1061
2 1858
1 1209
2 1830
2 979
1 435
2 1368
1 428
1 503
1 1427
2 2154
1 1763
2 2300
2 1326
1 2742
2 2084
1 1768
1 2078
2 281
1 2194
2 2918
1 1477
1 1813
2 2635
1 671
1 2839
1 1495
2 1946
1 282
2 2815
1 215
2 1299
1 2840
2 2373
1 903
2 2743
1 1981
2 1573
2 2551
1 2983
1 2982
1 1165
2 98
1 567
2 2133
1 1641
1 2115
2 2257
1 2650
2 789
1 473
2 1740
1 88
2 413
2 694
1 2145
2 1501
2 1316
2 1390
2 1597
1 220
1 468
2 1926
1 282
1 817
1 275
1 67
1 2233
2 1022
1 693
1 2950
1 1541
2 1469
1 1342
2 1039
1 2371
2 1668
1 152
1 2611
2 3010
2 2752
2 1870
1 2246
1 2787
1 1653
2 677
1 1945
2 2888
1 1239
2 207
1 2349
2 437
1 456
2 2166
2 2987
2 2699
1 2167
2 881
2 818
2 1300
2 2885
1 167
2 190
2 2890
1 36
2 1054
2 231
1 75
2 588
1 601
2 2254
1 535
1 457
1 577
1 1485
2 903
1 2970
1 2060
1 2680
2 2186
2 802
1 3042
1 2387
1 2752
1 160
1 2386
1 2245
2 988
1 1068
1 901
2 1595
2 1065
1 2615
2 2822
2 532
1 2452
2 2235
2 3024
1 2328
1 1479
2 1073
2 1691
1 381
1 1527
1 1738
1 3044
2 861
1 2126
1 2051
1 3045
1 1176
1 1526
2 240
2 628
1 2070
1 242
1 362
2 2370
2 2383
1 424
2 221
2 489
2 2626
1 2229
1 1095
1 1584
2 2478
1 134
1 1028
1 591
2 1575
2 951
1 535
1 1419
1 1030
2 1854
1 970
2 1378
2 2007
1 118
2 2863
1 174
1 1864
1 1312
2 2813
1 897
1 1457
2 2358
1 22
1 1814
2 3012
1 1616
2 1564
1 259
1 817
2 2828
2 2896
1 1803
1 2974
1 2485
1 1963
1 1227
1 2403
2 2621
1 1138
2 1901
2 1347
2 1496
2 369
2 2090
1 932
1 96
2 2089
1 2587
1 2684
2 124
1 2464
2 445
2 816
2 2656
1 2018
1 1675
2 701
1 2629
1 1783
2 1779
2 586
2 1488
2 2620
1 1458
1 1855
2 1207
2 1654
1 1898
1 1384
2 2904
1 2918
2 997
2 1097
2 532
1 1262
1 948
1 2215
2 2434
2 648
2 2768
1 2828
1 1698
2 2276
1 344
1 1150
1 646
1 1034
2 1175
2 2990
2 338
1 2785
1 531
2 465
2 1365
2 1656
1 690
2 1868
1 1570
2 2728
1 609
2 1135
2 1497
1 2434
2 2738
2 1292
2 141
1 381
1 2600
2 1603
1 734
1 3045
1 1367
1 1360
2 552
2 1841
1 34
2 249
2 2614
1 909
2 1494
2 2011
1 2567
1 2520
2 2001
1 1775
2 2669
1 879
1 167
2 775
2 587
2 143
2 962
2 1041
2 1146
1 1920
2 671
1 1790
1 1854
2 2481
1 2696
1 985
1 2804
2 2269
2 1827
2 750
1 1216
2 2750
1 2568
2 2827
1 1925
2 2760
1 1104
1 2914
1 1362
2 2651
2 1578
1 2588
1 2618
2 363
2 452
2 2921
2 1024
1 2040
2 1646
2 1117
2 2256
2 2173
1 673
2 3008
1 1028
1 2956
2 58
1 1199
2 2666
1 2436
1 2954
1 1916
2 2788
2 2435
1 130
2 1398
1 549
2 2099
1 218
1 3003
2 882
2 1733
2 1283
2 316
1 1235
1 1548
2 2748
1 1707
1 1571
2 1021
1 1131
2 2242
2 2919
2 598
2 626
2 2259
2 73
2 2521
1 752
2 952
1 2323
2 1536
2 2664
2 1492
2 1830
2 333
2 781
2 2285
1 312
1 2688
1 2754
1 84
2 2647
2 1900
1 1035
1 1403
2 2928
1 1425
2 788
2 1034
1 234
2 1786
2 2831
2 2447
2 6
2 439
2 351
1 2114
1 172
1 1799
2 1862
1 289
2 2993
1 38
2 3005
2 2436
2 543
2 2616
2 1422
1 2706
2 2817
1 2917
2 1385
1 2501
1 1689
2 737
1 2036
1 2104
1 643
1 660
1 549
1 2393
1 1410
2 3041
2 2049
2 2336
1 494
2 2270
2 2031
2 704
2 1334
1 2295
1 2771
1 370
1 1728
2 1230
2 2860
2 1672
2 2110
1 345
2 1585
1 2844
1 2023
2 2044
2 2603
2 2413
1 2474
1 2711
2 233
1 1482
2 1151
2 2217
1 469
1 686
1 993
1 1464
2 2424
1 935
1 2
1 2061
2 1788
2 2793
2 76
1 46
1 2751
1 3014
1 1872
1 252
2 1446
1 536
2 1480
2 2489
2 2353
1 2379
1 733
1 2609
2 2915
1 1041
2 1907
2 2137
2 1120
2 2259
2 856
2 1101
1 2930
2 2398
1 876
1 2016
2 1661
2 2211
2 1213
1 567
1 2881
1 1312
1 144
2 467
1 431
2 2870
2 1539
2 2201
2 1184
2 1554
1 1223
2 774
1 512
2 1824
2 1801
2 1908
2 750
1 963
2 2810
1 630
1 1847
1 1325
1 895
2 21
2 2874
2 1163
2 461
2 936
1 339
1 298
1 1951
2 1008
2 685
1 1769
2 2535
1 1069
1 833
2 2831
1 1379
1 1998
2 1402
1 1759
1 1754
2 1647
1 2698
1 115
2 657
2 131
1 761
1 1490
1 133
2 1671
1 366
2 2810
1 1095
2 1261
1 2231
1 387
1 2837
2 306
1 2724
1 214
1 18
2 1817
1 441
1 559
2 1092
1 806
2 1308
1 1712
1 2889
2 1745
2 1535
1 503
1 2305
2 1274
1 2722
2 2764
1 755
1 2639
1 1574
2 2442
2 1993
2 358
1 1022
2 134
1 2087
2 16
2 1219
2 2799
2 1087
1 1414
1 2997
2 562
2 1964
2 665
2 2399
2 1205
1 2676
2 2644
1 1540
2 1680
1 138
1 2482
2 1084
2 2083
1 1152
1 607
2 1907
1 216
2 1162
1 2649
2 2624
2 1532
1 1251
1 2496
1 1125
2 2561
1 1257
2 2207
2 833
1 1138
2 2548
2 1008
2 388
2 91
1 1388
2 1263
1 793
2 2834
2 2440
1 366
1 746
2 1368
1 277
1 696
1 2915
1 2516
2 1033
1 2867
2 889
2 2087
1 2122
2 530
2 431
2 1814
1 1259
1 2397
2 2117
1 2746
1 2792
1 1851
1 1756
1 2305
1 727
1 2619
2 1929
1 1605
2 1495
1 1649
1 2956
1 846
1 2803
1 297
2 1235
1 1400
2 1886
2 810
2 1720
1 200
2 94
2 112
2 2699
1 357
1 2180
2 2537
1 2640
1 1077
1 1209
1 2375
2 2015
2 440
1 2331
1 417
1 2900
1 32
1 1376
2 2057
2 3017
2 1833
1 2376
2 633
2 790
2 1219
2 275
2 347
2 582
1 932
1 1979
1 180
1 2012
2 1007
2 2788
2 600
2 1604
1 1185
2 322
2 1819
1 1730
2 2978
2 1112
2 2133
1 2961
1 45
2 2237
2 2046
2 1583
2 2901
2 1753
2 1303
2 2374
2 2892
2 1055
1 911
2 1691
1 260
2 441
2 2025
1 504
2 1153
1 1989
2 2724
2 845
2 1089
2 2547
2 2418
2 825
1 2951
1 367
2 1072
2 1659
1 1047
1 1970
2 1049
1 2120
1 1195
1 2025
1 38
1 2928
2 1589
1 2289
1 178
1 954
1 2426
2 914
2 1019
1 1399
2 851
2 1427
2 2912
1 1438
1 873
1 590
1 1934
2 779
1 734
2 95
2 906
1 913
2 1429
1 1328
2 1470
2 2635
2 1020
1 2535
1 955
1 80
2 2700
2 2389
1 2552
1 2284
2 1940
2 800
1 1609
1 1104
1 1710
2 1417
2 341
1 2144
1 103
2 157
1 389
2 2428
2 1736
1 2886
1 1682
2 875
2 1301
1 1302
1 2591
2 2744
2 1340
2 2355
2 735
2 3002
2 346
2 2763
2 578
1 1779
1 2330
1 2347
1 1474
1 676
1 3031
1 2381
2 1221
1 422
2 1245
2 1366
2 1978
2 767
1 2477
1 1773
2 1062
1 292
1 1517
1 721
2 427
2 1731
2 656
1 1285
2 1294
1 2345
1 1503
2 1647
1 2660
1 898
2 1080
1 2472
2 1878
1 2773
2 679
2 2292
2 1663
2 1449
2 1248
1 940
1 425
2 2364
2 1004
1 1168
2 2032
2 1987
2 1956
1 2974
1 2484
1 633
1 1947
1 2990
2 2934
1 2029
1 2316
2 1956
1 2455
1 2214
2 2584
1 2563
1 19
2 708
2 1169
1 2015
2 268
1 201
2 2881
1 2903
1 34
1 1455
2 2557
1 824
2 649
2 1088
1 1300
2 149
2 1619
1 1975
2 1387
1 951
2 1149
1 831
2 2176
1 1218
2 2998
2 365
2 744
1 1839
1 198
1 964
1 1608
1 2190
1 2671
1 2947
2 1489
2 2498
1 66
2 1023
2 674
1 683
2 760
2 3
1 1521
2 2744
1 975
1 2853
2 546
1 462
2 1018
2 999
2 1803
1 1377
2 117
2 2472
2 994
2 1107
1 1311
2 1422
1 353
1 2826
1 1386
2 717
2 978
1 1685
1 2444
2 2940
1 1084
1 1415
1 1270
1 1863
2 865
1 2441
2 1359
1 1823
1 2366
2 1103
2 635
2 217
1 2178
2 2587
1 563
1 2401
2 1295
1 1917
1 2361
1 1294
1 1909
1 2853
1 1465
1 430
1 1606
1 383
1 1990
2 1416
1 516
2 706
2 2871
2 2508
1 1558
1 2279
1 1745
1 1651
1 1825
2 791
2 2385
2 1156
2 1948
2 2913
1 2384
1 1116
1 1686
2 900
1 944
2 2679
2 918
2 35
2 267
2 1843
2 203
1 2742
1 197
1 2655
2 133
1 1378
1 2530
1 2475
1 2656
2 224
1 1533
2 1607
1 25
2 743
1 792
1 542
1 2170
1 755
1 1630
1 2970
1 318
1 1612
1 991
2 368
1 3028
2 443
2 1735
1 858
1 2927
2 1894
2 9
1 1078
2 1101
1 1479
1 1973
1 3027
2 1846
1 1904
1 1998
2 2014
1 1183
2 1914
2 1834
2 2494
2 1109
2 1053
2 1358
2 2021
1 243
2 961
1 1586
2 1190
1 2968
1 1386
2 487
2 2368
2 2578
2 1867
2 3036
2 623
1 2239
1 1002
1 2419
2 2377
1 2750
1 2955
1 1889
2 2492
1 666
2 2574
2 803
1 772
1 1232
2 3030
2 2312
2 2872
1 1051
2 270
2 1483
1 482
1 2143
1 2457
1 2939
2 1580
2 95
2 2609
2 2855
1 546
2 1042
2 565
2 2
1 572
2 2310
1 1088
1 2439
1 2829
1 2156
2 2363
1 1039
1 1741
1 2387
1 2474
1 2798
2 2330
2 1829
1 603
1 2889
2 1821
1 415
1 2183
2 247
2 612
1 54
2 263
1 111
1 2676
2 2898
2 1876
2 2884
1 2672
1 475
2 229
1 1598
1 1481
1 2298
1 78
1 1713
1 2730
2 983
2 2802
1 1471
2 786
2 2297
2 2546
2 2108
2 161
1 1254
2 2227
1 2059
2 618
1 3013
1 1897
2 266
2 829
1 1767
2 324
1 3023
2 1928
2 2067
2 733
2 2765
2 434
1 1003
1 2244
2 1594
1 2324
2 458
1 1749
2 3036
1 193
1 888
1 1431
1 697
1 1221
1 2630
2 15
2 2782
1 139
1 497
2 2526
1 541
2 2611
1 2191
1 1949
2 206
2 921
2 2512
1 1280
2 2182
1 1690
2 1656
2 2549
2 1179
1 2695
2 1577
1 358
2 3038
2 865
1 2449
2 1658
1 104
1 1272
2 1327
2 476
2 1835
2 2747
2 1733
2 1834
1 2649
1 842
1 1435
2 820
1 2160
2 189
1 651
1 2764
1 421
2 1384
1 1680
2 1078
2 1459
2 17
2 1774
2 1522
1 3008
1 848
1 2064
2 3047
1 1332
1 27
2 2180
2 839
2 693
1 569
2 1816
1 2093
1 1959
1 1032
2 2378
2 614
2 325
2 1552
1 574
1 718
2 902
2 1310
2 1182
2 2893
1 1905
2 234
2 2299
1 63
2 764
2 559
2 1555
1 2525
2 2728
1 712
2 2261
1 2307
1 801
1 1240
2 1436
1 2700
1 1738
1 1315
1 2588
2 2523
1 1468
2 1284
2 2878
1 2019
1 1443
2 168
2 2552
2 3028
2 509
1 1372
1 2222
1 2876
2 2691
1 1046
2 2392
1 1250
1 2272
1 1615
2 2395
1 491
1 1012
1 2847
1 699
1 233
1 2447
1 2146
1 1520
1 893
1 2670
1 49
1 2966
2 2346
2 1333
1 46
2 2786
1 870
2 2980
2 518
2 2431
1 2659
1 1231
1 2604
2 317
1 367
2 709
1 2694
1 2101
1 2957
2 1675
1 2908
1 2039
1 2002
2 1062
2 1346
2 24
1 1076
2 1155
2 2247
1 2005
1 61
1 2808
1 2610
1 1140
1 1275
1 2718
1 864
2 3015
1 1624
2 2285
1 1587
1 2692
1 445
2 2687
1 692
2 1242
1 384
1 460
1 1334
1 1763
1 767
1 1130
2 122
1 374
2 1352
2 1352
2 390
1 1431
2 2639
1 524
1 1817
2 2235
2 1306
2 2129
2 455
2 745
2 270
2 1677
1 2433
1 2806
2 1301
2 82
2 1434
2 2859
2 2183
2 126
2 1226
2 2807
1 2652
2 1424
1 2727
2 1602
1 1387
2 2599
2 1848
2 330
1 1233
2 299
2 329
2 343
1 112
1 387
2 1395
1 2243
1 1888
1 2375
1 2720
2 1060
1 1103
2 664
2 689
2 2931
1 945
2 1873
2 2605
2 804
2 1551
1 2340
2 646
1 1771
2 1211
1 854
1 972
1 968
1 2923
2 994
1 1371
1 1540
1 1939
1 2784
1 1697
1 812
2 2723
1 1918
1 2674
2 2310
1 1822
2 2034
1 977
2 176
1 1380
2 1874
2 1472
1 673
1 179
2 2027
2 1758
2 2178
1 1048
1 2952
1 2052
2 769
2 2150
2 2273
1 1161
2 1463
1 2119
2 1527
2 1931
1 799
2 2796
1 2858
2 969
2 2382
1 2241
2 1451
2 1305
1 158
1 375
2 2946
1 724
1 1661
1 2145
2 2408
2 834
2 2600
1 2380
2 923
1 1127
1 2758
1 523
2 2155
1 28
1 2199
2 1543
1 611
1 1194
2 2689
2 840
1 485
1 1059
2 1544
2 2332
2 1715
1 2812
1 1511
1 1723
1 965
2 1872
2 2411
1 2069
2 1699
2 2448
2 1739
1 2216
2 1679
1 2967
1 2842
1 1962
1 656
1 653
2 1630
1 1396
1 2948
1 356
1 2550
2 1067
1 1758
1 1275
2 3050
1 2381
1 1290
2 1157
2 2519
2 29
2 1633
1 490
2 414
1 2659
2 96
1 1997
2 2101
1 2811
2 1622
1 2159
2 1778
2 2770
2 2893
2 1204
1 2902
1 2159
1 1375
1 1072
2 2095
1 1244
2 2825
2 2631
1 371
2 757
1 1761
2 1664
2 2705
2 1036
1 1912
1 593
1 478
1 2162
2 1793
1 3021
2 1475
1 557
1 1893
2 1237
2 2075
2 1296
1 520
1 1451
2 2678
2 1703
1 1749
2 1361
1 1724
2 502
2 2488
1 664
2 2923
2 510
2 1662
2 2759
1 1243
2 2371
1 1704
2 2376
1 2315
1 260
1 2654
2 516
2 2288
2 237
2 941
2 602
1 156
2 752
2 444
2 1723
1 1938
1 640
1 2358
1 478
2 1567
2 2999
2 2579
1 1298
1 2504
2 2480
1 883
1 2036
1 2765
1 1642
2 1701
1 250
1 2668
2 3039
2 1925
1 511
2 1818
2 911
2 1928
2 1058
1 1559
1 1660
2 1
1 1017
1 429
2 1152
1 2644
1 2410
1 3019
1 2060
2 258
1 976
1 2854
1 905
2 7
2 793
2 1561
2 380
2 1614
1 2085
2 2191
2 1246
2 1158
1 2566
2 1593
1 1562
1 205
2 1196
2 843
2 348
1 1184
2 2442
2 1863
2 2164
1 1442
2 1225
1 1980
2 773
1 2902
1 2094
1 2189
2 1267
2 370
1 489
2 2303
2 604
2 888
1 221
2 2244
2 447
1 1173
1 849
2 1212
1 2762
2 992
2 1490
1 2446
1 110
1 2152
1 692
1 885
2 763
1 818
1 742
2 1770
1 863
2 1220
1 2756
1 1005
2 1965
2 1607
2 2617
1 1253
1 2130
2 2024
2 919
1 991
1 1731
1 768
1 1747
1 326
2 1615
1 2842
2 1949
2 1927
1 1705
1 245
1 321
1 2949
1 1796
2 776
1 1786
1 2117
1 487
2 714
1 2993
2 281
1 2584
2 410
1 2322
2 1899
1 1600
2 1730
2 1354
1 138
2 1637
1 1309
1 1232
2 648
1 2277
2 1568
2 2817
2 362
1 1029
2 69
2 1632
1 290
2 2497
2 2104
1 2283
1 196
1 486
1 1202
1 220
2 877
2 175
2 541
2 1700
2 2607
2 943
2 584
1 2134
2 2870
2 841
2 624
2 2363
2 2848
2 1900
1 2932
1 363
2 622
2 2281
2 184
2 843
1 1327
1 2952
1 3033
2 1851
2 2809
2 931
1 1885
2 320
2 2998
1 730
2 599
2 2929
1 2156
1 2018
1 2580
1 1676
1 658
2 1820
2 116
2 1147
1 618
2 2553
2 2703
2 2958
1 2444
1 685
2 583
1 319
1 1168
1 2665
1 246
1 1981
2 2479
2 443
1 1850
2 776
2 259
2 1866
2 305
1 2009
1 1331
1 883
2 2082
1 1414
2 2449
1 765
1 1976
2 2260
1 1750
1 709
2 2714
2 2872
1 1620
1 735
1 1416
1 170
1 1512
1 724
1 941
1 1566
1 93
2 1324
1 2566
2 2251
2 1466
1 296
1 1980
2 2380
1 1918
1 2042
1 2663
2 1364
2 2311
1 806
1 1719
1 1974
1 2378
2 2786
1 1752
1 1015
1 987
1 99
1 1310
2 2395
1 577
2 2595
1 2963
1 670
2 2495
1 921
2 832
1 556
1 2044
1 1721
2 408
1 117
1 2390
1 2437
2 1684
1 842
1 1909
2 1716
1 1401
2 669
1 355
2 1075
2 1005
2 498
1 2879
1 2556
1 394
1 450
2 1462
1 1672
1 309
2 142
2 2869
2 2590
2 1060
2 2102
2 2633
1 420
1 1358
1 128
1 463
1 2297
2 2598
2 2190
1 1336
1 867
2 730
2 2488
2 1018
2 1053
2 2038
2 2710
2 2948
2 1777
2 1383
2 2899
1 1240
1 218
2 534
2 1973
2 2891
2 606
1 1915
2 1859
2 475
2 1111
1 3015
2 801
1 2677
1 1499
1 2211
2 2895
1 1026
1 2905
1 687
1 1584
1 2406
2 2088
2 103
2 2723
1 2877
1 1806
2 1177
1 2863
1 2833
2 2136
2 1066
2 797
1 308
2 1443
2 823
1 405
2 721
1 1083
1 3002
2 2571
1 1098
1 2525
1 609
1 2675
2 2338
1 2959
1 849
2 1581
2 1621
2 464
2 2120
2 1017
1 1695
1 2098
1 1930
1 2127
2 999
2 2085
1 423
2 2176
2 1035
2 118
1 983
2 1912
1 1349
1 2410
2 1683
1 1924
2 2280
2 1895
2 1765
2 2555
2 1509
1 2662
2 1525
2 1762
1 2861
2 1631
2 1578
2 2694
2 2209
1 2572
2 2425
1 454
2 980
2 2093
1 1297
2 1825
2 1662
2 762
2 2073
2 509
1 398
2 2536
2 2151
2 1601
2 1802
2 336
1 1249
2 2702
1 933
1 2989
2 86
2 288
2 736
2 1099
2 2933
1 1222
1 1271
1 1740
2 404
2 2965
1 423
2 2301
2 2773
1 784
1 1903
2 1030
1 1006
1 13
1 2470
1 1911
2 3014
1 186
1 409
1 102
2 2179
2 875
2 2517
1 2170
1 2658
1 232
2 1303
2 1547
2 1524
1 2975
1 2361
2 1424
2 1193
2 2910
1 1214
1 130
2 925
1 1887
1 1542
2 2100
1 1827
2 2776
1 2730
1 1813
1 2356
2 1554
1 2165
2 2501
1 383
1 1162
2 539
2 1545
2 838
1 2213
2 1056
2 2662
1 2942
1 365
2 1846
1 2912
1 1798
2 1942
1 2339
2 2731
2 493
2 2264
1 974
2 2522
1 2327
2 2795
1 2514
1 1754
2 676
1 2239
2 251
2 254
1 887
1 262
2 373
2 1306
2 836
2 1448
1 1086
1 772
2 3035
2 1538
1 517
2 2559
2 2111
2 2109
1 682
1 274
2 2429
2 1984
2 2055
1 2520
2 1742
1 126
2 1107
1 1217
2 2469
2 2184
2 2991
2 976
1 2864
2 2821
2 144
2 1762
1 2849
1 1534
1 1317
2 2960
1 481
2 454
2 990
2 1663
2 725
1 703
1 525
2 2725
2 241
1 877
1 2801
2 2632
1 2496
2 2866
2 947
1 2304
1 2010
1 391
2 1406
2 1409
1 575
2 2171
1 1667
1 2411
2 2045
1 1828
2 106
2 2845
1 183
2 514
2 2207
2 1110
2 2596
1 1332
2 2622
1 962
1 2709
2 1363
2 1698
1 547
2 1587
2 863
2 917
1 792
1 3048
1 927
2 2347
2 24
2 2435
2 214
2 707
1 1987
2 802
1 2843
2 250
2 2553
2 2951
1 253
2 657
2 1021
1 1480
2 1990
2 2563
2 2017
1 154
2 2565
1 1396
2 3
2 1395
2 2940
2 2800
2 1502
2 1458
1 966
2 2456
1 1994
2 2678
1 894
2 438
1 2835
2 222
1 1526
1 857
1 497
2 2140
1 555
1 2884
2 1837
2 1234
2 2894
1 1065
2 1641
2 848
2 15
2 2530
2 2504
1 1915
1 636
2 59
2 483
1 247
2 1569
2 1252
1 188
1 2222
2 697
1 2367
2 2462
2 2451
1 2850
1 931
2 723
1 814
1 1305
1 2042
1 1487
1 1843
1 1595
1 1366
1 2055
2 1655
2 2776
2 2075
1 874
1 635
1 1999
1 832
1 2983
2 1781
2 1277
2 3033
1 2433
2 1922
1 1718
1 1452
2 570
1 1434
2 479
2 922
1 415
2 2749
1 1316
1 2854
2 1120
1 835
1 2682
1 1273
2 2845
1 2437
2 336
2 2762
1 2540
2 2479
1 846
2 1600
1 1660
2 412
2 2965
2 2779
1 173
2 1514
1 2071
2 1379
1 2886
1 2340
1 867
1 2683
2 272
2 499
2 2212
2 1055
2 1418
1 192
1 1189
2 1687
1 3046
1 1020
1 2400
2 1118
2 1695
2 1760
2 2487
2 1466
1 882
1 960
1 2412
2 1888
1 2851
2 2468
2 1988
1 2007
2 2787
2 2839
1 1640
1 719
1 504
2 149
2 292
1 1948
2 1307
1 3043
2 2028
1 528
1 1091
2 495
2 702
2 2894
2 2063
2 2335
1 2718
2 2462
1 2531
1 288
2 1066
2 616
1 2683
1 1128
2 2851
2 2809
1 1896
2 1635
2 2453
2 1639
2 2321
2 1634
1 2148
2 901
2 191
2 531
2 53
1 2697
2 550
2 2877
2 2422
1 1014
1 855
2 328
1 927
2 14
2 1613
2 2741
1 1335
1 493
1 851
1 1673
2 2221
1 40
1 2768
2 2896
2 859
1 1932
1 2887
2 1315
2 923
1 315
2 1470
1 1050
2 1913
1 313
1 634
1 1709
1 2147
2 2978
1 1454
1 1769
1 317
2 2926
1 2538
1 569
2 3040
1 1465
2 1234
2 2360
1 2673
2 2414
1 1456
1 224
2 277
2 2681
1 2127
1 1913
1 1582
2 2541
2 2834
1 11
2 866
1 321
1 99
2 401
2 1885
2 2763
1 1946
2 1651
1 1200
1 1772
2 1857
2 1694
2 1351
1 2364
1 2269
1 2334
2 2830
1 2391
1 1330
1 2913
2 471
2 2550
2 1010
2 2907
2 132
2 62
2 2575
2 1544
1 2843
2 828
1 1573
1 2132
2 1423
2 638
2 1356
2 43
2 1743
2 1314
2 1260
2 1000
2 987
2 2604
1 1945
2 3000
2 1136
2 1714
1 937
1 1147
1 2004
1 48
2 1254
1 894
2 1669
2 438
1 1227
1 1787
1 2916
2 596
1 1681
1 2016
2 369
1 537
1 658
2 2047
2 85
2 1296
1 2274
2 705
2 914
1 63
2 1340
1 286
1 2582
1 2891
2 899
2 35
1 104
1 1529
2 2173
2 1467
1 1844
2 1792
2 1611
2 2646
2 1725
1 1413
1 1519
2 2003
1 2213
2 64
1 430
2 2703
1 744
1 414
1 3016
2 1908
1 2164
1 1326
2 2086
2 2645
2 2344
1 594
1 1725
1 2931
2 77
2 550
2 427
2 432
1 2514
1 2507
1 2260
1 2153
1 2424
1 822
1 2849
1 1215
1 1892
1 2507
2 1139
2 1626
2 398
1 593
1 819
2 1852
2 2466
1 1881
2 473
1 1346
2 1515
2 3006
1 1995
1 1693
2 1513
1 2396
2 2192
2 1871
1 1992
1 778
1 2779
2 2196
2 405
2 2691
1 2047
1 1943
1 3009
2 1148
1 904
2 1871
2 222
2 2003
2 2224
2 907
2 1251
2 41
2 641
1 123
1 2539
1 345
1 2088
2 1967
2 1969
1 771
2 2499
1 1485
1 520
1 2039
1 770
1 1952
1 374
2 548
1 1114
2 196
2 1193
2 1360
1 159
2 2476
2 1610
1 1709
1 8
2 1094
1 346
2 1068
2 2717
2 954
1 2533
1 3035
1 1565
2 79
2 2946
1 2759
2 1406
1 129
2 1236
1 824
1 1090
1 105
2 2619
1 1159
1 2346
1 850
2 1338
1 1583
1 1705
2 2736
1 1437
2 255
2 1293
1 1208
2 3001
1 1345
1 2564
2 2641
1 996
1 2150
1 2551
2 1238
2 597
2 1353
2 1428
2 2932
2 1861
1 2602
2 1404
1 496
2 171
1 533
2 1640
2 2944
1 2455
2 1638
1 2774
1 553
1 1785
1 2500
1 2789
1 1829
2 881
2 1493
2 479
2 2734
2 885
1 1765
2 959
1 1570
1 219
1 1085
2 2944
1 575
2 12
1 1922
1 2048
1 2954
1 1506
1 2210
2 163
1 3022
1 394
2 2527
2 1369
2 426
2 1083
2 1442
2 3040
2 989
2 1521
2 615
1 2598
1 2936
1 785
1 1978
2 1350
2 2513
2 2142
2 81
1 458
1 2546
2 2517
2 2226
2 308
1 1441
2 1532
1 666
2 323
2 47
2 2996
2 1262
1 2023
1 1944
1 287
2 1279
2 1944
1 123
2 1767
1 2977
1 496
1 736
2 1320
1 1776
1 737
1 3009
1 3042
2 1244
1 589
2 17
1 2485
2 294
2 759
1 2325
1 37
2 2873
1 1231
2 704
2 1293
1 1606
2 2758
1 2417
1 2401
1 1286
2 312
2 2610
1 2953
1 507
2 2009
1 2589
2 1826
1 2513
2 821
1 2123
1 335
1 897
2 202
2 904
1 165
2 589
2 581
1 2761
1 158
1 830
1 1371
2 1784
2 1537
2 97
2 2721
2 2287
1 2573
1 1429
2 1510
1 1790
1 2707
2 2648
2 627
1 1198
1 2733
2 796
2 1821
1 2979
2 1437
2 2400
2 2933
2 2766
2 1438
2 2072
2 1343
2 3047
1 2748
1 1580
2 568
2 523
1 1511
2 1720
1 2106
2 2132
1 1370
1 2209
2 1058
2 1128
2 1533
1 2248
2 1811
1 1285
1 2425
2 1318
2 2302
1 1288
1 3034
1 712
2 521
1 1856
2 2693
2 62
1 2969
2 1910
1 2911
1 2339
2 1279
2 2291
1 2135
1 1038
1 1411
2 574
1 1994
2 876
1 3000
1 619
2 978
1 2278
1 1860
1 1342
2 424
2 953
2 1508
2 78
2 290
1 2677
2 1304
1 751
2 446
1 1496
2 2581
2 3031
2 2508
1 1644
1 2054
2 2941
1 868
2 619
1 942
2 244
1 1559
1 628
1 39
2 1684
2 2148
2 2328
1 2964
1 2134
1 1408
1 896
2 695
2 1339
1 2729
1 269
1 2019
2 1599
1 2105
1 2653
1 2461
1 898
2 1273
1 2936
1 2350
1 368
1 662
1 2833
2 2037
2 2701
1 1681
1 1614
1 1226
2 2338
2 2769
2 151
2 1824
2 1130
2 474
2 386
2 2064
1 1712
1 606
2 2637
2 52
1 526
1 2709
2 2510
2 2000
2 2597
1 2022
2 310
2 2096
1 2930
2 1252
1 2642
2 376
1 116
2 2680
1 342
2 1682
2 1113
1 137
1 3012
2 1269
2 2136
1 72
2 300
2 2741
2 1260
1 1373
2 1049
1 2051
2 582
1 137
1 1703
1 2888
2 585
2 1836
1 1286
2 1180
1 2404
2 1344
2 276
1 163
2 2847
2 706
1 1007
2 642
1 2829
2 2942
2 1866
1 780
2 245
2 285
1 2457
2 498
2 1167
2 2755
1 1735
2 650
2 1461
1 2976
1 2542
1 698
1 2545
1 2690
1 2909
2 77
1 488
2 166
1 107
1 2920
2 1622
1 1795
1 3037
2 2325
1 433
2 878
1 2823
2 153
1 1808
2 416
1 400
2 2240
2 871
2 1992
2 682
2 1778
2 2402
1 1257
2 2342
2 1264
1 3046
1 2790
2 2073
1 1947
1 1734
2 3030
1 1943
2 739
1 1884
1 58
1 844
2 91
1 1883
2 1699
1 169
1 2613
2 2846
2 2084
2 599
1 886
1 1748
2 718
2 2999
1 690
1 2033
2 826
1 710
2 2069
1 107
1 2262
2 696
1 1985
2 1894
2 2286
2 665
2 278
1 552
2 472
1 902
2 2671
2 121
2 2962
2 2837
2 1484
1 1896
1 2621
2 1602
2 61
2 295
2 436
2 2818
1 1011
2 1889
2 794
1 2174
2 2179
2 1883
2 1984
2 2037
2 1785
2 2774
2 2586
2 2351
2 955
2 2301
1 667
2 257
1 938
2 404
2 2231
2 1180
1 565
1 2086
2 397
1 2049
1 1425
2 2195
2 1576
1 1223
1 1776
1 1093
1 100
2 708
1 2510
1 2537
2 1781
2 748
1 2247
1 944
2 920
1 157
2 2223
1 1598
2 2848
2 2499
2 2252
1 2973
1 2307
1 2783
1 2220
1 1119
1 2471
2 279
2 189
1 1405
2 226
1 2841
2 1563
1 2194
2 1832
1 967
1 616
2 1456
2 2984
1 1197
1 2382
2 1628
1 2152
1 1890
1 2582
1 2919
1 694
1 1258
2 385
2 2306
1 515
2 1276
1 2806
2 2544
1 2062
2 2203
1 524
2 2099
2 3020
2 1502
2 2312
1 884
1 2388
2 2716
1 1760
2 1031
1 2906
1 2319
2 2429
2 2334
1 129
1 455
2 20
1 1815
1 1486
1 625
1 2169
1 1298
1 1974
1 789
1 1026
1 182
2 799
1 2554
1 1343
2 622
1 495
1 208
2 1302
2 1482
2 560
1 1484
2 1001
1 1216
1 1751
1 2832
1 856
1 1857
2 1220
1 1509
2 2623
2 1266
1 1761
2 1359
1 2253
2 578
2 1692
1 2090
2 2580
1 2141
2 540
2 2275
1 929
2 1737
1 2034
1 162
2 1420
1 603
1 276
1 1341
2 1547
2 262
2 1153
2 1826
2 1478
2 691
1 2585
2 1247
2 2620
1 1732
2 284
2 3004
2 1229
2 2631
2 1931
1 1964
1 44
2 2494
2 1349
1 211
1 1737
2 263
2 2646
2 1988
1 1890
1 2780
2 395
1 3006
1 1736
2 2684
1 1619
2 2071
2 1835
2 2092
2 428
2 1627
1 2593
2 2838
1 2332
1 1238
1 2921
2 30
1 2865
1 101
1 1159
2 180
2 400
1 847
1 753
2 1850
1 2858
1 382
1 114
2 782
1 2128
2 2816
1 1389
2 265
2 959
1 2612
1 2309
2 1469
2 551
1 1323
1 587
2 352
2 1902
1 421
2 1094
2 1404
1 1638
2 2315
1 1650
2 814
2 1376
1 142
1 1954
2 2320
1 51
1 2986
2 758
1 2372
2 1115
2 2745
1 238
1 2253
2 330
1 1822
1 403
2 2558
2 100
1 1177
1 555
1 1129
1 1809
2 2926
1 2234
1 1645
2 2617
2 19
1 2622
1 847
1 1143
1 836
2 1528
1 2509
1 2949
1 2329
1 2263
1 291
2 1181
2 2379
2 235
2 884
2 757
2 1674
1 1966
2 3011
1 1032
1 238
1 2722
2 1355
2 54
2 1696
1 449
1 2655
1 113
2 1426
2 3018
1 2089
1 1549
1 1604
2 1274
2 327
2 2836
2 1075
2 952
2 2701
1 2466
2 1474
1 1750
2 1344
2 2506
1 2265
2 726
2 39
1 2326
2 2116
2 2281
1 2165
1 1454
2 627
1 354
1 526
1 2767
2 1010
1 43
1 1986
2 66
2 1797
2 1534
1 2486
1 995
2 1576
1 386
2 2403
1 1447
2 2562
2 283
2 76
1 2882
1 2751
1 2058
2 2357
1 1665
2 919
2 1081
1 1392
1 571
2 982
1 981
1 1038
1 1091
1 1175
1 826
2 1172
1 1625
2 3021
2 1266
1 2922
2 407
2 1764
1 862
1 1865
1 1858
1 2672
2 225
2 2242
1 1711
1 2428
2 650
2 1407
2 1276
2 823
2 2641
1 2577
1 60
1 1033
2 1581
1 1744
2 943
1 2043
1 2982
1 2229
1 1921
1 25
1 1135
1 1263
2 1874
2 738
2 2868
1 2792
2 490
2 2987
1 2483
2 2903
2 187
2 2953
2 1089
1 392
2 1697
2 2431
2 2612
1 1206
2 2283
2 1954
2 2157
1 1398
1 1819
2 305
1 1557
1 463
2 1546
2 2342
2 1710
2 90
2 2529
1 2972
2 2020
2 1623
1 1339
1 1898
2 2687
1 864
2 1924
2 1124
2 926
1 1170
1 333
1 3024
1 984
2 1025
2 1399
2 2388
1 1322
2 2712
2 502
2 2264
1 1201
2 87
2 1728
1 1507
2 3027
1 105
2 1181
1 2638
2 1000
1 1137
2 349
2 1246
2 332
2 1884
2 2991
1 1953
2 2327
2 681
1 816
2 570
1 1823
1 2897
2 2657
2 121
1 471
2 2154
2 1134
1 1362
2 957
1 1895
1 2760
2 2591
1 2693
2 775
1 2876
2 1208
2 2819
2 1179
1 75
2 2252
1 1417
1 961
1 210
1 1082
1 1867
2 880
2 964
2 2100
2 2027
1 2094
2 1064
2 2711
1 1079
2 1321
1 2126
1 1512
2 2852
1 1239
1 1098
1 517
2 1481
2 481
2 331
2 1848
1 2012
2 1706
1 2740
2 2344
2 228
1 1820
1 1960
2 852
1 407
2 291
2 127
2 1739
2 641
1 1505
2 2233
1 1461
2 1023
2 2985
2 9
2 2409
2 2890
2 2920
2 986
2 1936
2 2013
1 1832
1 1836
2 231
1 1789
2 309
2 108
2 1955
2 2515
1 477
1 745
1 2331
2 1445
2 668
1 2653
2 819
2 223
2 255
1 2505
2 1203
2 127
2 2798
1 2206
2 1789
2 1383
2 738
1 2097
2 2682
1 2757
2 140
2 2349
1 1350
2 2313
1 1122
1 892
2 2414
1 83
1 1886
2 1291
1 740
1 1347
1 2304
2 1446
2 84
1 639
2 1903
2 2397
2 1612
2 451
1 2054
2 1923
1 1121
2 2270
2 688
1 379
1 2493
1 515
1 1460
2 492
1 592
1 2596
2 227
1 2986
2 1809
2 2105
2 230
2 2538
2 3019
1 90
1 2166
1 2712
2 815
2 125
2 2937
1 420
2 705
1 1957
1 59
1 2004
2 2737
1 938
1 2160
1 2149
1 143
2 2141
2 1864
1 811
1 1571
1 2390
1 110
1 2967
1 440
2 674
1 2286
2 1596
2 1295
2 2945
1 858
1 153
2 390
1 2957
1 2719
1 2592
2 316
2 2590
2 2857
2 2654
1 950
1 672
1 957
2 620
2 2925
2 2175
2 2754
2 544
1 356
2 2311
2 448
1 2908
2 963
2 2556
1 2218
1 1194
2 2769
2 2257
2 1047
2 2195
2 1074
2 1186
1 684
2 2282
2 2103
2 698
1 2648
1 2219
2 1319
2 1968
1 2865
1 1171
2 907
2 2755
2 506
2 1037
1 1510
1 2704
2 2296
2 2066
1 2067
2 177
2 1729
2 841
2 2825
1 314
2 795
1 514
2 2121
1 1016
2 2139
2 2013
2 2142
2 2158
1 1249
2 2543
1 1904
2 2038
1 294
1 800
1 2667
2 2502
2 1100
2 2182
1 2006
1 1478
2 1860
2 352
1 639
2 1967
1 2732
2 1308
2 1189
2 2155
2 506
1 344
1 2317
2 960
2 1182
2 236
1 512
1 1375
2 1225
1 998
2 1869
2 2820
1 2477
1 655
1 636
1 2398
1 2605
1 1141
1 1670
2 1971
2 181
2 268
1 1970
1 1961
1 2422
2 2041
2 1015
2 393
1 2473
2 2205
2 2585
1 2052
1 607
2 2359
1 2406
2 1648
2 2573
2 432
2 429
1 1999
2 845
2 1569
2 2777
1 2079
1 2692
1 2158
1 2205
2 1628
1 2875
2 272
2 732
2 1678
2 242
2 1319
2 264
1 1560
1 891
1 2707
1 779
1 418
1 119
1 2772
2 145
1 2365
1 572
2 2808
1 871
2 193
2 837
2 3049
2 1805
1 710
2 2423
1 1192
1 989
1 2647
2 2753
2 300
2 166
2 2492
2 1963
2 2308
2 1592
2 2574
2 1623
2 2460
2 1333
2 442
2 2782
1 179
1 422
2 1197
2 1468
2 204
1 184
1 375
1 547
1 934
1 416
1 2628
2 3018
1 1517
1 41
1 2784
2 2862
1 1678
1 101
1 2796
2 1877
2 460
2 328
2 32
1 1929
1 2416
2 303
2 195
2 1537
1 399
2 1982
1 2781
1 1531
1 2292
2 439
2 2157
2 408
2 588
1 376
2 1027
1 2295
1 879
2 2322
2 611
2 2603
2 175
1 1654
1 2565
2 2594
2 1054
1 791
1 992
2 2745
1 1775
1 1499
1 1314
1 511
1 2661
2 924
2 1927
1 2521
1 80
2 379
1 1868
2 2594
2 2717
2 500
2 621
2 2518
1 975
1 1067
2 152
2 2826
1 311
2 1572
1 558
1 2439
1 2484
1 2167
1 2491
2 2077
1 1476
2 1934
1 2193
1 114
2 2225
1 2855
1 1318
1 749
2 2498
2 1081
2 2628
2 980
2 1590
1 1693
2 2467
1 2629
2 2293
1 2539
1 702
2 122
1 529
1 132
2 1844
2 2146
1 1105
2 448
2 2534
2 1040
2 853
2 178
1 1292
1 1757
1 728
1 1143
2 890
2 613
1 586
2 2645
1 699
1 798
2 1133
2 459
1 2824
2 273
2 573
1 451
1 211
2 2241
2 1669
1 470
1 49
2 1070
2 303
1 777
1 809
2 371
1 3048
1 1063
2 457
2 2738
2 20
2 829
2 148
1 203
1 2632
1 917
2 13
1 1655
1 1281
1 2976
1 763
2 2857
2 2460
1 1369
1 248
1 720
2 2638
2 2033
1 1744
1 711
2 2658
2 652
1 2775
2 1224
2 545
1 296
2 3034
2 1087
2 1636
1 1627
1 256
2 2640
1 2821
2 1702
2 1322
2 1307
2 542
1 1950
1 1272
1 1936
2 2977
1 2386
2 2917
2 190
2 773
2 55
2 1887
2 1520
1 1649
2 1644
2 1245
1 1261
1 840
2 2844
1 2263
2 1110
1 2503
1 1782
2 1808
1 1716
1 2581
1 278
1 2861
1 910
1 1311
2 936
1 946
1 1794
2 727
2 530
1 2210
2 2109
2 1726
2 1165
1 2661
2 2490
2 2529
1 2637
1 2324
2 2131
2 1476
1 643
1 1426
1 2464
1 2864
1 1722
1 1770
1 409
2 274
2 2161
1 1125
1 2901
2 647
2 1447
2 1483
1 1439
2 2555
1 2964
2 2943
2 2265
1 2727
2 1146
1 1160
2 2830
2 1704
1 2202
1 2995
1 900
1 2935
2 1074
2 318
2 1127
1 334
1 199
1 1250
1 2355
2 2317
2 1518
1 844
2 632
1 2083
2 2791
2 125
1 11
1 2578
2 1797
2 2289
2 1677
1 1114
1 1341
2 347
2 600
2 2232
1 2043
2 2994
2 2066
1 2419
1 1155
2 2966
2 1845
1 2115
2 2175
2 595
1 1132
1 2308
1 2204
2 102
1 2200
1 1119
1 2836
2 1108
1 2352
2 2107
1 1090
1 2420
1 2399
2 528
1 2448
1 1486
1 307
1 1687
1 2441
1 913
2 1287
1 215
1 861
2 626
1 1337
2 804
2 2113
2 1498
2 1029
1 1393
1 2282
2 1666
2 2426
1 50
1 1169
2 2716
1 1309
2 2906
1 1558
1 1291
1 1753
2 2995
2 608
2 1477
1 2887
1 910
1 536
2 1137
1 1393
1 1287
1 1145
1 568
1 756
2 195
2 2985
1 2326
2 2924
2 1729
1 165
1 2010
2 1905
1 2287
1 661
1 71
2 156
1 2840
1 2417
1 2107
2 614
2 929
1 2074
1 240
2 459
1 679
2 1436
1 1329
2 198
1 2407
1 1962
1 1504
2 725
1 794
2 2519
1 136
2 456
1 1658
2 1069
2 1228
1 2523
2 1657
2 2445
2 850
1 1277
2 337
2 395
2 970
2 216
1 2470
1 1586
1 1492
1 1102
1 2196
2 2415
2 2216
2 2715
1 194
2 2081
2 1284
1 2050
2 797
2 417
1 649
2 716
2 1879
2 683
2 209
1 2770
2 686
2 2852
2 939
2 2850
1 2204
1 1353
2 2072
1 558
2 834
2 2500
2 2314
2 1050
2 1498
1 2333
1 2602
1 1979
2 2576
2 1064
1 2189
2 307
2 873
1 1955
2 2058
1 1601
1 3022
2 754
2 3010
2 1609
2 1875
1 2690
2 2801
1 1077
1 788
1 896
1 2352
2 1335
1 2562
2 320
2 2095
2 597
1 2960
2 477
2 2372
2 1044
2 2238
1 1535
2 1491
1 341
1 2404
2 1780
2 412
2 1877
2 2041
1 31
1 2959
2 2008
2 862
1 703
2 1976
1 1579
1 1983
1 1323
1 1556
1 1330
2 1941
2 2135
2 2794
2 2341
2 480
1 2674
1 2807
2 747
1 2412
1 1171
2 348
1 1377
2 925
1 2438
1 2778
2 853
1 1140
1 1596
2 135
1 1800
2 401
2 82
1 2569
2 73
1 538
2 285
2 1455
1 605
1 2070
1 2365
1 2453
2 1382
1 632
1 2536
1 1562
2 2373
2 1453
1 361
2 1265
1 1782
1 2129
2 2607
1 141
1 2790
1 2059
1 2246
2 831
2 935
1 3025
2 2294
2 207
1 2278
2 924
2 1124
1 2627
2 1911
2 1989
2 2816
1 1370
1 2547
1 2272
2 128
1 3011
1 106
1 1265
1 2409
1 2981
2 554
1 1304
1 2669
1 1255
1 940
1 1959
2 1882
2 2149
2 2125
1 1374
2 2675
1 1210
2 890
2 1636
1 715
1 449
2 2869
2 1798
1 660
1 2532
1 23
1 2335
1 2599
2 2597
1 1919
1 1919
2 2568
1 2481
1 2988
2 2668
1 1282
1 56
2 2518
1 1550
2 68
1 2208
1 1626
1 433
1 2187
2 2423
1 14
2 109
2 2586
2 1222
2 2360
1 2900
2 1523
2 1550
2 88
2 2567
1 537
1 2527
1 185
1 930
2 754
1 1648
2 2240
1 1538
2 713
1 2726
1 732
1 1529
1 2789
2 1574
2 1144
1 1040
1 2081
1 634
1 232
1 384
2 2177
1 1019
2 2740
1 3049
2 1228
1 113
2 610
1 912
1 713
1 2761
1 155
2 3017
1 977
2 389
2 2667
1 169
2 1897
1 668
2 392
1 579
2 667
2 1645
1 2333
2 1772
1 2068
2 759
2 726
2 984
2 1178
1 2571
1 2652
2 204
2 1004
1 637
1 3007
2 2988
2 472
2 922
1 566
1 2606
1 2735
2 1464
1 1080
1 2899
2 2608
2 1577
2 280
2 469
1 327
1 2266
1 2294
2 1759
1 44
1 228
1 1142
1 1865
1 2443
2 1355
2 68
1 2862
2 2945
2 2785
2 2897
2 406
2 981
2 2832
1 868
2 2532
1 1852
1 6
2 239
1 2370
1 322
1 2266
2 2835
2 1764
2 1952
1 2313
2 2029
1 1063
2 2838
2 483
1 631
1 2192
2 2664
1 4
1 2017
1 743
2 729
2 680
1 1643
1 2234
1 64
1 2228
2 3032
2 1126
1 1242
1 748
2 2969
2 707
1 501
2 553
1 1076
2 2383
2 2079
1 2818
2 1935
2 1329
2 2916
2 2511
1 213
2 1170
1 2351
1 1321
2 1504
1 1419
2 2112
2 1096
2 1642
2 2336
1 2430
1 304
2 774
1 1717
1 1009
1 1133
2 997
2 1172
1 248
2 2118
1 1815
1 778
2 878
1 1449
2 1525
1 602
1 2570
2 2432
2 236
2 2290
1 915
1 1560
2 3007
1 74
1 813
2 739
2 2663
1 1839
2 418
1 249
1 1126
1 1910
2 1161
2 350
1 2642
2 1215
1 590
1 985
2 522
2 1938
1 1338
1 2045
2 741
1 956
2 186
1 1131
2 2030
1 1902
2 357
1 784
1 939
2 2561
1 1536
2 1268
1 1166
1 2035
2 2822
2 200
2 2756
2 2140
1 172
2 3039
1 556
1 731
1 566
1 945
2 2729
1 1727
1 1652
2 2096
2 1247
1 621
1 2408
2 2274
2 223
1 2057
1 2080
1 1784
1 2450
2 57
2 684
1 2320
1 1810
2 1791
1 1206
2 2153
2 2804
1 659
1 131
2 464
1 533
2 243
2 1253
2 1721
2 1917
2 1873
2 2497
1 1553
2 2188
1 297
1 860
2 2780
1 3005
2 2302
1 576
2 1715
1 1320
2 971
1 872
1 1618
1 1516
2 1804
2 786
1 2545
2 1391
1 1713
2 1794
1 596
1 343
1 2947
1 958
1 1365
2 928
2 2369
1 3020
2 1592
1 2771
1 426
1 359
1 728
2 202
2 1708
2 2296
1 2053
2 1842
1 958
1 1401
1 2323
2 139
2 191
1 1367
1 947
2 241
2 807
1 1522
2 119
2 965
1 1585
2 2261
2 1397
2 2859
2 688
2 92
1 2616
2 808
2 1357
1 74
2 2615
1 2248
2 620
2 2217
1 2220
2 545
2 2996
2 2108
1 2624
1 507
1 1025
1 364
1 1432
2 1045
1 1795
2 1972
1 2665
2 1214
1 2487
1 323
2 677
2 2186
2 1671
2 1542
1 1079
1 2735
1 434
1 2524
2 2421
1 1488
2 194
1 625
2 1771
2 289
2 805
1 766
2 1937
2 2367
2 2288
1 340
1 1545
2 1714
2 160
2 2627
2 380
2 2122
2 2454
1 1489
2 1363
2 2491
2 855
2 1708
1 1167
2 1001
2 2766
1 758
2 982
2 484
1 1045
2 647
1 1966
1 252
1 372
1 1115
1 1579
2 751
2 1391
2 2651
1 1726
1 1109
2 948
1 2014
2 1838
2 2593
1 1229
1 527
2 1801
2 1807
2 1975
2 821
2 1057
2 377
1 2794
2 909
2 28
2 761
1 2689
1 678
2 48
1 2708
2 124
2 2258
1 2443
2 461
1 1325
2 893
1 1977
2 1940
1 2298
2 1629
1 67
2 2343
1 1271
2 2882
1 3016
2 2074
2 65
2 1381
1 2910
1 1218
1 1164
2 2814
1 669
2 808
2 2618
2 1270
