600 6500
2 267
1 61
2 124
1 164
1 241
2 64
1 1
2 216
1 112
1 22
2 182
1 189
1 200
1 34
2 38
1 63
1 94
1 61
2 278
1 230
1 53
1 171
1 59
1 289
1 71
1 33
1 209
1 119
1 114
1 153
2 32
2 85
1 192
2 245
2 195
1 168
2 252
2 193
1 237
2 47
1 73
1 270
1 99
2 285
2 40
1 294
2 100
2 279
2 69
2 195
2 267
2 205
1 39
1 157
2 62
2 278
1 148
2 104
2 57
1 222
1 115
2 38
2 300
1 228
1 123
2 37
1 150
2 245
2 249
1 189
1 274
2 133
2 235
1 27
2 67
1 101
2 129
2 89
1 36
1 103
2 226
2 239
2 277
2 109
2 215
2 178
1 159
1 110
2 15
2 252
2 187
1 49
2 1
1 86
1 226
1 174
2 152
2 215
1 15
1 248
1 199
1 20
2 233
1 66
2 265
1 187
2 142
2 96
1 299
1 256
1 141
1 143
1 258
1 180
1 87
1 53
2 24
2 137
1 45
1 172
1 21
2 128
2 229
1 131
2 299
1 146
2 188
1 230
1 123
2 78
2 231
1 285
2 26
2 85
1 221
1 102
2 292
2 124
2 156
2 201
1 161
2 111
1 210
2 31
1 74
1 243
1 100
2 126
2 255
1 241
1 167
2 62
2 91
1 176
2 22
2 269
1 86
2 232
2 11
2 179
2 52
1 147
2 30
1 75
2 154
1 186
1 261
2 234
2 72
2 227
1 169
1 127
2 219
2 25
2 237
1 119
1 150
1 295
2 207
1 212
2 192
1 107
1 122
1 153
2 77
2 25
1 290
2 5
1 149
2 264
2 286
2 97
1 273
1 177
1 266
1 74
2 4
1 77
2 88
2 118
2 102
2 141
1 214
2 90
2 207
2 204
2 284
2 43
2 33
2 287
2 272
1 51
1 13
1 163
2 10
2 107
2 272
1 26
1 292
2 12
1 117
2 177
2 136
2 83
2 218
1 31
2 158
2 260
1 246
1 203
1 54
1 130
1 173
2 48
2 170
1 79
2 186
2 179
1 181
1 297
2 46
2 81
2 172
1 75
1 28
2 128
2 204
2 253
2 210
2 191
1 56
2 125
1 144
1 63
1 29
2 202
2 14
1 184
1 214
2 282
1 40
1 240
1 50
1 290
2 82
2 134
2 176
2 191
2 8
1 16
1 263
2 7
2 238
2 283
1 28
1 87
2 112
2 97
2 131
2 55
2 271
2 130
2 250
1 138
1 242
1 18
1 81
1 47
1 194
2 208
2 142
1 275
2 166
2 168
2 205
1 116
1 240
2 12
1 193
1 135
1 42
2 259
2 155
2 65
1 212
2 174
2 83
2 16
2 287
2 59
1 2
1 70
2 238
2 236
2 94
2 93
1 163
2 71
1 145
1 14
1 293
2 231
2 242
1 44
2 206
1 27
1 148
2 251
1 162
2 171
2 300
1 227
2 92
2 162
1 262
2 126
1 185
2 220
1 46
1 19
2 98
1 106
2 84
1 157
2 139
2 80
1 259
2 60
1 137
1 80
2 41
2 224
2 232
2 277
2 269
2 58
1 37
1 197
2 111
2 78
2 133
1 6
1 198
2 243
2 279
1 18
1 250
2 132
2 106
1 246
2 92
2 183
1 217
1 134
2 211
1 244
2 222
2 140
2 294
2 208
2 95
1 155
2 198
2 99
2 298
2 44
2 236
1 135
1 244
2 169
2 23
1 286
1 149
1 93
2 211
2 184
2 58
1 88
1 39
1 165
1 121
1 175
1 188
2 48
2 159
2 276
1 201
2 23
2 117
1 19
2 199
1 98
1 228
1 190
1 65
2 161
2 216
1 281
1 225
2 296
2 116
1 271
2 170
2 225
2 42
1 82
1 4
2 79
1 256
1 218
1 10
2 66
2 268
2 147
1 8
1 72
1 67
2 295
1 254
1 291
1 274
2 54
1 89
1 113
1 103
2 144
1 121
2 221
2 115
1 45
2 265
1 52
1 154
1 114
1 108
1 219
2 206
2 43
1 296
2 17
1 35
1 64
2 51
1 175
1 213
2 24
1 223
2 151
2 120
1 261
2 3
1 6
2 56
2 247
2 183
2 20
1 160
2 70
2 164
2 68
1 21
2 118
2 95
1 105
1 266
1 55
2 96
1 262
1 36
1 49
1 268
2 127
1 108
2 223
2 270
2 146
1 13
2 68
1 60
1 194
2 145
2 41
2 288
2 229
2 132
2 32
2 291
2 104
1 202
2 125
1 276
1 76
1 224
2 76
1 288
1 254
2 280
1 3
2 185
1 297
1 264
2 283
1 203
2 257
2 35
2 156
1 105
1 209
1 289
2 69
1 140
1 2
2 233
2 275
2 196
2 158
1 165
1 178
2 220
1 182
2 247
2 50
2 9
2 234
2 17
1 151
1 90
2 167
1 253
1 109
2 200
1 173
1 138
2 280
2 258
2 293
2 143
1 91
1 113
2 298
2 255
2 197
1 160
2 180
1 152
1 129
2 122
1 282
1 57
1 84
2 29
1 101
1 257
1 196
1 120
2 213
2 251
2 181
1 263
1 273
2 249
2 11
2 110
1 190
2 166
2 34
1 9
2 260
1 235
2 136
2 281
2 139
2 284
2 5
2 30
1 239
2 217
2 7
1 73
1 248
