600 5500
1 74
1 111
1 131
2 300
1 158
2 182
2 188
1 224
2 218
2 248
2 121
1 2
1 55
2 255
2 104
2 214
2 183
1 253
1 144
2 50
1 108
2 160
1 248
1 161
2 87
1 211
1 208
1 223
1 194
1 92
2 193
2 282
2 167
2 101
2 206
1 86
1 99
1 103
2 139
2 275
2 91
2 173
1 295
2 56
2 55
2 47
2 285
2 184
2 137
2 3
2 180
1 286
2 132
2 249
2 50
2 35
2 299
2 102
1 60
1 48
2 45
1 256
1 10
2 49
2 227
1 22
2 89
1 100
1 82
1 116
2 296
2 18
1 121
1 113
1 225
1 163
1 288
2 155
2 279
1 143
2 27
2 63
2 11
2 58
1 90
1 107
2 24
2 148
1 159
1 129
2 238
2 112
1 145
1 298
1 83
1 176
2 200
2 272
1 259
2 283
1 265
1 9
2 296
1 270
2 228
1 23
1 232
1 157
1 128
2 271
2 204
2 54
2 268
2 37
1 256
1 125
2 135
2 117
2 215
1 250
1 34
2 65
2 119
1 37
1 120
1 190
1 25
2 127
1 42
1 156
2 199
1 130
2 297
2 232
2 77
2 3
1 78
1 18
1 246
2 268
2 4
1 41
2 295
1 65
1 245
2 118
1 8
2 156
1 159
1 197
2 123
1 237
1 17
2 103
2 140
1 240
1 219
1 39
1 292
2 29
2 16
2 36
2 194
2 233
2 153
1 33
1 93
2 170
1 247
2 146
2 186
1 175
1 242
2 217
1 154
1 32
1 281
1 117
1 258
1 99
2 94
1 162
1 202
1 218
1 166
1 178
1 222
2 243
1 165
1 163
2 279
1 145
2 281
1 138
2 33
1 73
1 61
1 252
1 215
1 54
1 16
2 7
2 207
1 133
1 25
2 106
1 153
2 293
2 134
1 210
1 42
1 294
1 64
1 262
1 26
2 52
1 27
1 179
2 105
2 265
1 270
1 36
1 10
2 266
1 214
2 116
2 94
2 97
2 289
1 75
2 177
2 39
2 141
1 90
2 181
2 177
1 233
1 164
1 250
2 193
2 111
1 283
1 57
1 122
2 53
2 66
2 140
1 216
1 154
1 205
1 180
1 260
1 82
1 68
2 152
1 273
2 13
2 199
1 29
1 69
1 8
2 280
2 254
2 245
1 198
1 225
2 133
2 91
1 241
1 195
2 14
2 231
1 68
2 263
2 92
2 185
2 209
1 47
1 38
2 217
2 149
1 100
1 170
1 198
2 276
1 236
1 62
1 21
2 115
1 230
1 171
1 201
1 139
2 173
1 67
1 93
1 290
1 221
2 87
2 24
1 197
1 107
2 284
1 174
2 81
2 253
2 187
2 261
1 168
2 266
2 169
1 74
1 41
1 11
2 196
1 247
1 165
1 300
1 12
1 98
2 142
2 178
2 112
1 83
2 167
1 176
2 6
2 166
1 292
1 257
2 114
1 115
2 95
1 269
2 131
2 62
2 51
2 66
1 85
2 257
2 211
1 5
2 201
2 101
2 237
1 70
1 109
2 235
2 203
2 258
2 126
1 44
1 40
2 210
1 95
1 46
1 275
2 241
1 119
2 189
1 213
2 67
1 221
2 28
2 15
1 148
2 109
2 276
2 293
2 277
2 79
1 291
2 239
1 273
2 124
1 260
1 58
2 132
2 251
2 235
1 31
1 124
2 151
2 206
1 75
2 186
2 182
1 7
1 216
1 38
2 189
1 110
1 158
1 70
2 69
1 59
1 244
1 192
2 71
1 157
2 164
1 6
1 137
2 80
1 234
2 4
1 204
1 202
2 200
1 72
2 284
1 84
1 277
1 106
1 43
1 56
1 35
2 229
2 287
1 203
2 207
1 242
1 80
2 34
1 17
2 72
2 73
2 147
1 85
1 192
1 78
2 161
2 291
2 76
2 274
2 2
1 168
1 102
2 239
1 59
1 188
1 179
2 278
1 172
2 96
1 98
1 49
2 289
2 286
2 285
2 136
2 259
1 30
1 287
2 195
1 223
1 184
1 174
2 162
1 104
2 213
2 43
1 240
1 141
1 79
1 236
1 89
2 282
1 220
2 23
1 212
2 262
1 175
2 294
2 20
2 143
2 219
2 53
2 20
1 110
2 122
2 244
1 230
1 290
2 222
2 129
2 125
1 46
1 263
1 149
1 144
2 274
2 30
2 15
1 71
1 52
2 1
1 280
1 138
1 21
2 31
1 26
2 97
1 64
2 12
1 86
1 185
1 264
2 84
2 226
1 108
2 228
2 227
1 226
1 297
2 51
2 105
1 155
2 61
2 251
1 150
2 272
2 254
1 152
1 191
2 13
2 212
2 120
1 181
1 88
2 183
1 205
2 267
1 172
2 126
1 229
2 1
1 238
2 134
2 28
1 77
1 190
1 76
2 96
1 196
1 127
1 220
2 234
2 19
2 243
2 224
1 288
1 32
1 48
1 146
2 14
2 113
1 231
1 169
1 88
2 246
1 209
2 278
2 60
1 208
2 267
2 269
2 142
2 249
2 130
1 135
2 255
2 128
2 57
2 19
2 81
2 171
1 5
1 191
2 9
1 271
1 298
1 150
1 187
1 123
2 151
1 40
2 261
2 136
1 147
1 160
2 45
1 114
2 264
1 22
1 118
2 44
2 63
1 299
2 252
