6100 5500
1 2274
1 626
1 121
2 375
2 763
1 444
1 908
1 2702
1 661
1 2990
1 1153
1 363
2 294
2 284
1 1192
1 1348
2 1286
1 1739
1 1957
2 70
1 1822
1 45
1 2936
2 1889
2 1937
1 1332
1 2306
2 900
1 901
2 2111
2 1678
1 2296
1 2589
1 3030
2 719
2 2636
2 167
1 1790
2 692
2 295
1 786
2 1866
2 2940
1 2367
2 52
1 1231
1 568
2 1976
2 2866
2 921
2 2666
2 832
1 389
1 1376
1 2269
1 2089
1 1353
1 1219
1 2600
2 2913
1 2734
1 2955
1 1766
1 915
2 1589
1 1178
1 3047
1 3016
2 2064
1 2556
2 1695
2 9
1 449
1 2269
2 1973
2 2348
1 133
1 1242
2 1443
2 1057
2 2920
1 2746
1 1945
1 2885
1 841
2 2174
1 2817
1 685
2 1054
2 1745
1 128
1 2483
1 1854
2 967
2 2031
1 235
2 2776
2 2498
1 2904
1 1630
2 2899
1 2499
2 1080
1 696
1 425
2 1654
1 1198
2 454
2 1392
2 2105
2 1310
1 2719
1 201
2 1605
2 624
1 2372
1 3029
2 529
2 920
1 1488
1 1862
2 1929
1 2482
2 650
2 1369
1 79
1 1902
2 1538
2 1788
2 1829
1 2464
1 1856
2 976
1 2819
1 887
2 674
1 2614
2 2225
2 2007
2 2935
2 2270
2 2204
2 821
2 96
1 1298
2 828
1 268
1 1531
1 651
1 2324
2 1384
1 994
1 1305
2 1282
2 2631
2 407
1 457
1 605
2 2466
1 1763
2 2209
2 1330
1 1785
1 1702
1 631
1 539
2 1942
2 377
1 1314
2 2198
1 1532
1 1603
2 2411
2 16
2 2974
1 1687
2 1700
2 1828
1 1002
1 2858
1 60
2 857
1 708
1 2021
2 2071
1 1263
2 1625
2 1878
1 44
2 2270
2 1699
2 286
1 1542
1 2147
2 1368
1 1221
1 1873
1 1919
1 502
1 2608
2 2655
1 2286
1 1916
1 956
2 266
1 975
1 1162
1 2620
2 1390
1 1414
2 137
1 1950
2 121
2 748
2 381
1 480
1 1117
2 2527
1 1672
2 461
1 1482
1 1599
1 182
2 1001
1 382
1 1301
2 323
2 1489
2 2302
2 798
1 2149
1 111
2 2902
2 2164
1 1845
1 2554
2 399
1 1628
2 2180
2 549
1 397
2 916
2 2870
2 1552
2 2771
2 2869
1 964
1 1526
2 528
1 454
1 1903
2 1120
1 2718
2 2737
1 1935
1 1528
2 2727
2 1112
1 527
1 805
2 1676
2 1571
2 2995
2 388
1 113
1 2191
1 1217
2 1300
2 2236
2 1073
2 153
1 1496
2 689
2 1555
1 1899
2 2009
2 884
1 1362
2 495
1 761
2 1834
2 1034
2 2420
1 1396
2 2567
2 2185
1 1260
1 274
1 1454
2 127
1 1551
2 422
1 146
2 1891
1 3022
2 841
1 827
2 611
1 1311
2 2234
1 1744
1 1674
1 1807
1 869
2 2341
2 950
2 2409
1 2446
1 1114
2 2293
2 1830
2 35
1 72
2 2421
1 1667
1 2736
1 2731
1 2912
1 2130
1 2660
2 2167
1 2951
2 3049
1 982
2 2421
2 2991
2 1742
1 2335
1 2312
1 2173
1 2532
1 2351
1 771
1 2479
2 1700
1 1797
2 260
2 2127
2 922
2 2585
1 2563
1 857
1 1941
1 889
1 2332
2 2410
2 1205
2 2624
2 17
2 1842
1 2561
1 944
1 180
2 1691
1 2371
2 434
2 301
2 1235
2 2619
2 742
1 966
1 1990
2 2943
1 2245
1 762
2 2419
2 1890
2 2790
1 145
2 2112
1 1083
2 1519
2 2142
1 2545
1 1485
1 187
2 2679
1 382
2 460
1 469
2 2136
1 2822
1 3032
2 2979
1 950
1 338
1 749
1 2907
1 1987
1 1562
1 110
2 2156
2 449
2 1923
2 1775
2 815
2 448
2 303
1 535
2 560
2 158
1 1119
1 1354
1 1022
2 1821
2 85
1 2793
1 187
2 1765
1 1898
2 2911
1 1272
1 2323
1 2251
1 1606
1 2770
2 812
2 615
2 2459
1 2724
2 533
1 599
1 219
1 743
2 1532
1 2934
2 783
2 1069
1 437
1 2252
2 2025
1 912
2 1355
2 157
1 1256
1 2745
2 1954
1 2961
1 2205
2 159
1 922
1 3002
1 20
1 2232
1 23
2 2693
1 1867
2 1367
2 104
2 2661
2 2880
2 1400
1 915
2 736
2 125
2 3005
1 940
2 299
2 1998
2 1244
2 755
1 1960
1 276
2 630
2 2052
1 861
2 2473
2 851
2 1040
2 1915
2 791
2 1847
1 2916
1 1095
2 1575
2 400
2 1248
2 2121
2 1712
2 1122
1 621
1 3018
1 1690
2 573
2 51
1 840
2 128
1 2602
1 637
1 150
2 441
1 78
2 1759
2 442
1 1881
2 1276
1 1294
1 1448
2 2842
1 1050
2 369
2 1255
1 705
1 2282
2 71
1 493
2 196
2 937
2 1219
1 2084
1 594
1 1673
2 334
1 2501
1 1857
2 1696
2 1404
2 2754
1 1836
1 1814
1 2229
2 2997
1 666
1 1236
1 1035
2 2107
2 2242
1 1085
2 2220
1 590
1 367
1 2862
2 1597
1 999
2 329
2 2653
1 2146
1 2873
1 1897
1 241
1 2249
1 653
2 2783
2 1421
1 3049
2 348
2 165
2 56
2 2364
2 2074
1 1615
2 2245
2 417
1 1728
2 1305
2 1886
1 602
2 422
1 2475
1 611
2 1326
1 437
2 1657
2 2554
1 2163
2 2088
1 753
1 3022
1 1750
1 2804
1 829
1 1809
1 2370
2 463
1 1778
1 2758
1 690
1 2065
1 1426
2 473
1 2834
1 2833
2 885
2 1585
1 168
1 2586
1 722
2 2680
1 1148
2 1648
2 2276
2 2369
1 1763
2 589
1 2341
1 575
1 2007
2 1989
2 3039
2 1340
1 2012
2 623
1 2553
1 1688
1 1820
2 1875
2 1085
1 1634
2 327
1 2585
2 300
1 2629
1 1186
1 693
1 1391
2 1306
1 1261
1 2634
2 286
1 386
1 1840
2 2575
2 2586
1 1228
2 1711
1 652
2 820
2 485
2 1502
1 2831
1 1576
2 34
2 467
2 119
2 2904
2 1860
2 1186
1 2128
1 1662
2 1849
1 2391
2 805
1 1711
2 2068
1 1929
2 1925
2 251
1 1180
1 186
1 1064
2 2158
2 1920
2 871
1 665
1 3020
1 654
2 2008
2 2102
2 3026
2 276
2 1401
1 228
1 567
1 1263
1 2842
1 1473
1 403
2 2017
1 99
1 1081
1 410
2 595
1 1487
1 2424
1 815
1 1211
1 622
2 1981
2 1331
1 2875
2 1578
2 1664
2 143
1 1461
1 1940
1 1986
1 1287
2 1166
1 2474
2 236
1 1955
2 212
1 2678
2 3042
1 1593
2 2213
2 893
1 2231
1 1760
2 1793
1 2301
2 2076
1 1101
2 665
1 821
1 2461
2 1627
1 2781
2 313
1 2624
2 280
1 2823
2 171
1 1201
1 3000
2 2898
2 866
1 2370
1 2287
1 3046
2 1608
2 1136
1 534
2 1197
2 1734
1 1873
1 2946
1 482
2 103
1 1234
1 2832
1 1432
2 2082
1 2041
1 364
2 668
1 795
1 431
2 3050
1 641
1 2211
1 1832
2 1491
1 550
1 1525
2 1588
2 1175
1 2209
1 426
2 1109
2 1244
1 911
1 1382
2 2767
1 2948
1 95
2 2061
1 2036
2 705
1 2051
1 2487
1 47
1 2472
1 1662
1 1781
1 840
2 2639
2 2684
1 2854
2 195
2 421
1 2710
2 1574
2 3035
2 1374
2 3038
1 800
2 199
1 2570
1 1708
2 2278
1 2113
1 524
2 777
1 3007
1 1678
2 934
2 537
2 2510
2 780
2 2259
2 2815
1 972
1 1815
1 1758
1 1703
1 193
1 311
2 447
1 2998
1 1467
1 2763
1 761
1 113
1 574
1 222
2 179
2 1947
2 1295
2 220
1 1054
2 1722
1 2316
1 2820
2 925
1 2396
1 2863
1 1212
2 1083
2 1971
2 1435
2 794
2 417
2 1322
2 2938
1 307
2 1679
1 482
2 814
1 342
1 1917
2 1754
1 2972
1 2419
2 932
1 2539
1 633
1 1357
2 2626
2 1831
2 691
1 2908
2 256
2 2518
1 1521
1 2442
2 2843
1 2355
1 348
2 1189
2 1980
2 1193
2 395
2 792
2 2937
1 1252
2 233
1 606
1 920
2 3001
1 1553
2 781
1 638
2 2325
2 2503
1 1903
2 2080
2 829
1 2168
2 188
2 2316
2 61
1 1791
2 2292
2 2587
1 2564
2 938
1 2721
1 1385
1 850
1 1232
2 1106
2 2092
2 1934
2 1468
1 2246
2 824
1 1997
1 1514
2 1123
1 862
1 1110
2 509
1 102
2 3043
2 1552
2 924
1 1240
1 1884
1 2552
2 2881
1 620
1 3023
2 2749
1 111
1 1308
1 1347
1 2016
2 2512
1 1064
2 1636
1 351
2 1481
1 2560
2 1498
1 108
2 2057
1 1949
1 2557
2 1773
1 995
2 2661
1 716
2 2028
1 1752
2 2995
2 342
2 1322
2 2342
1 2857
2 1846
2 839
2 2576
1 710
1 450
2 2019
1 2642
2 1984
1 738
2 2096
1 2014
2 1807
1 2085
2 757
1 349
1 1281
2 1339
2 1811
2 2829
2 1214
2 2887
1 2641
2 2435
2 1545
2 768
1 1243
1 1442
1 544
1 703
1 1151
2 2906
1 120
1 506
1 24
1 65
1 2350
2 1343
1 349
2 2476
1 375
2 109
2 677
1 2255
2 740
1 924
2 1928
1 1440
2 28
1 1492
1 2093
2 2440
2 157
1 31
1 2816
2 2268
1 411
1 1506
1 2027
2 1008
1 2252
2 514
2 1118
1 101
2 786
2 2643
1 84
2 1716
2 2971
2 340
2 19
2 430
2 1570
1 1501
1 18
1 2290
2 535
2 1269
2 189
1 421
2 300
1 804
1 1383
1 1926
1 2344
1 2742
2 1020
2 1090
1 149
1 788
2 2002
2 237
2 992
1 2768
2 2729
1 1766
1 1101
2 1924
1 2174
1 313
1 1201
2 1791
1 3013
1 1027
2 2137
1 883
1 2390
1 1590
2 2935
1 38
2 1232
1 2984
2 2598
2 1824
2 1493
1 1608
2 492
2 2333
1 581
1 889
2 1927
2 1373
2 1921
1 1138
2 1963
1 1258
1 2901
2 1566
2 2045
2 2675
2 908
2 346
2 1660
1 2441
2 2688
2 799
2 858
2 1973
2 540
2 2235
2 1821
2 2223
1 2651
1 2884
2 2690
2 208
1 370
2 844
1 2417
2 2298
1 2646
1 2819
1 1504
2 1543
1 132
2 1743
1 2522
2 2065
2 507
1 1797
1 2566
1 1661
1 1506
2 912
1 176
2 1697
2 598
1 2010
1 1808
1 1288
2 448
1 1750
2 2060
2 1076
1 758
2 2157
1 100
1 644
2 1327
2 345
1 816
2 1813
1 701
2 1422
2 664
1 2120
2 94
2 2331
1 639
1 1359
2 2366
1 2666
1 2965
2 1956
1 894
2 1359
1 352
2 2279
2 2892
2 1060
1 803
1 1928
1 418
1 2723
2 3024
2 1746
1 2726
2 1081
2 2852
2 261
1 2972
2 935
2 2468
1 2219
2 279
1 2243
2 297
1 1847
2 2295
1 1780
1 244
1 1386
2 1489
2 2632
2 953
1 523
1 424
1 1618
1 2016
2 1855
1 277
1 2187
1 984
1 1247
2 197
2 1826
1 2732
2 952
2 2610
1 2672
2 544
1 2868
1 871
1 2081
1 2916
2 744
2 2452
2 860
2 1568
2 356
2 2886
2 1876
2 2441
2 1146
1 361
2 1721
1 2241
2 576
2 120
1 823
2 112
1 587
1 873
2 1815
2 1930
1 552
1 302
1 2404
2 1946
2 1629
2 160
1 183
2 2774
2 174
2 2976
1 1842
2 2724
1 2818
1 124
1 237
1 1788
2 260
2 1304
2 2720
2 1666
2 2155
1 2246
2 2945
2 1267
1 1216
1 2439
2 2181
1 2296
2 904
2 452
2 2578
2 2166
2 3025
1 1752
2 1238
2 3
2 344
1 457
1 708
2 1955
2 491
2 2996
1 92
2 621
1 1115
2 199
2 1287
1 204
1 1233
2 1367
2 479
2 1969
2 118
2 1961
1 1653
2 942
2 1755
2 137
2 2930
1 1229
1 1160
1 2698
2 1297
1 1088
2 3050
1 981
2 2466
1 1145
2 2382
2 2782
1 2701
1 2528
1 2866
1 85
1 308
1 1358
1 503
2 1181
1 2569
1 2020
2 66
2 1540
1 2999
1 1787
1 1643
2 942
1 1073
2 2821
1 161
2 623
1 2448
1 754
2 1681
2 603
2 564
2 223
2 751
1 1286
1 1620
2 1661
2 76
2 181
1 2795
2 2356
1 2987
1 1033
1 599
1 1155
2 416
2 344
1 2459
1 1523
2 2858
1 2237
1 2811
2 528
1 404
1 514
2 508
1 582
1 1075
1 1504
1 2957
1 2984
2 822
2 279
1 2184
1 1370
1 1607
2 562
1 541
1 2781
1 2732
2 960
2 1102
2 953
1 1837
2 2678
2 181
2 489
2 2533
2 1167
2 2770
1 1041
2 1409
1 562
2 556
2 1008
2 1486
1 1838
2 431
2 230
1 2305
1 2164
1 1164
2 1323
2 2534
1 2376
1 1557
1 173
2 1751
1 2588
2 2338
2 549
2 579
1 2650
2 1818
2 910
1 2885
2 306
1 1172
2 796
2 520
1 315
1 2534
2 2952
1 41
1 1767
1 1025
2 2312
2 1768
1 737
2 1472
2 1091
2 414
2 2427
2 2968
1 35
1 1786
2 1761
2 592
1 2243
2 1032
1 1509
2 289
1 1021
2 1251
2 1074
1 2675
1 1024
1 2462
2 369
1 2053
1 164
2 1192
2 499
1 1668
1 2134
1 303
2 2778
1 2305
1 191
2 1181
1 1158
1 2775
1 1237
2 2735
2 257
1 356
2 1247
2 75
2 252
2 1475
2 1379
2 2540
1 608
1 1482
2 1622
1 45
1 1395
1 2401
2 1868
1 870
2 1563
1 1063
1 1547
1 1529
1 2730
1 1860
1 1350
1 2831
2 2886
1 987
1 2251
1 309
1 2300
1 1505
2 1772
1 1272
2 2591
2 1409
2 1938
2 697
2 746
2 670
1 2271
2 1388
1 2249
1 2544
1 2985
2 2199
2 2719
1 1406
1 2696
2 1283
1 1774
2 939
1 488
2 1526
2 2418
1 2763
2 2186
2 2260
2 1313
2 2801
2 1776
1 1516
2 763
2 222
2 287
2 628
1 2392
1 1668
1 1047
1 1867
1 2098
2 1595
1 2806
2 585
1 1023
2 1564
2 330
1 3033
2 2918
2 3014
1 2792
2 2600
2 910
2 2878
2 87
2 565
1 546
2 1578
2 2489
1 1765
2 1058
1 1144
2 2307
2 97
2 50
1 2280
2 769
1 2795
2 115
2 2031
1 1989
1 6
1 730
2 1518
2 1454
1 1883
1 1208
2 2086
1 874
2 290
1 2495
1 1241
1 1991
2 2263
1 2226
1 1840
1 168
2 646
1 2578
1 2106
1 79
2 894
1 1108
1 941
2 83
1 772
2 913
2 1087
1 353
1 122
1 98
2 532
2 2475
2 283
1 725
1 617
2 1123
1 1040
2 1282
1 472
2 2574
1 1751
2 2012
1 907
2 1317
2 2068
2 1497
1 389
1 1234
2 2123
2 663
1 1039
2 766
2 747
2 1222
1 2390
1 689
2 388
2 2830
2 928
1 2349
1 2413
2 2587
1 1623
1 259
1 1730
2 2562
1 2215
1 13
1 2840
1 581
2 728
2 2498
2 1005
1 868
1 652
2 314
1 2018
1 316
2 2154
2 390
2 392
2 529
2 2859
1 1582
2 2172
1 298
1 2865
2 316
1 735
2 1540
1 1825
2 2876
1 612
2 1682
1 2024
1 2652
1 1795
2 2404
1 626
2 1455
2 1299
2 578
2 1729
2 1449
2 531
1 731
1 104
1 285
2 1309
2 1377
1 1756
2 1546
2 1407
1 2101
1 225
2 2746
2 508
1 585
2 2580
1 2122
2 660
1 977
1 47
2 1377
2 1030
2 975
2 1687
2 1010
2 2169
1 2400
1 1869
2 2617
1 1483
1 2747
2 2002
2 2548
1 1889
1 477
1 1028
1 1789
1 917
1 1891
2 1569
1 1438
2 2006
2 2993
2 721
1 52
2 2491
1 2525
2 1072
1 2682
2 1259
2 897
1 2062
2 2356
1 957
2 2161
2 1472
1 3012
1 1531
1 2725
1 1645
1 598
2 2329
2 2536
1 2469
1 2071
1 2471
1 1692
1 43
1 2144
1 238
1 76
2 1320
2 1965
2 2665
2 559
1 419
1 725
2 2561
1 290
1 865
1 733
2 1592
2 2416
2 1374
2 494
2 338
1 380
2 147
2 1104
2 2947
1 813
2 259
2 2664
1 593
2 1586
1 2
2 1987
2 2075
1 2748
2 252
2 1693
1 1827
2 818
1 1331
1 139
2 2873
1 2508
2 2627
2 2949
2 1218
1 1043
1 1584
1 2846
2 2834
2 825
1 2288
1 1140
1 1113
1 172
1 1895
2 2531
1 429
1 773
2 373
1 1555
1 2324
1 1638
1 152
2 1049
2 224
2 2205
1 2493
2 1677
2 479
2 2150
2 2079
2 1858
2 722
1 1914
1 1185
1 1136
1 893
1 2488
1 1520
1 1809
1 2357
1 699
1 867
2 231
1 232
2 383
1 2833
1 110
2 831
1 1676
1 731
1 2553
2 2330
1 1927
1 939
1 1343
2 2520
1 3002
1 2476
2 661
2 2920
1 952
1 2523
2 2962
1 1802
2 1812
2 588
2 2694
2 2720
1 1345
1 6
1 2343
1 317
1 835
1 834
1 1271
1 1452
2 2622
1 1905
2 2005
1 1271
1 3040
1 2091
2 2576
2 523
1 1183
1 2867
1 2171
2 831
2 2980
2 178
2 1844
2 510
2 976
1 1601
1 1992
1 2918
2 1060
2 398
1 2799
2 256
1 828
1 202
1 2874
2 681
2 2088
1 811
1 1177
2 2109
1 3034
2 185
2 2216
2 2115
1 1939
2 1078
1 597
1 2113
1 1592
1 488
1 1242
1 1039
2 2982
2 2939
1 2195
2 2098
1 2811
1 1470
1 1962
1 739
1 886
2 15
1 2072
2 251
2 1974
2 501
1 703
1 1863
2 321
1 1743
2 27
1 567
2 1362
2 53
1 1142
2 1053
1 86
2 1259
1 724
2 2979
2 2029
1 766
2 2909
1 822
1 453
2 2035
1 1106
1 2702
1 2698
2 2199
1 2173
2 2510
2 741
2 143
1 1308
1 2768
1 2914
2 1006
1 179
2 1767
1 2027
1 122
2 860
2 1669
2 2596
1 326
1 2963
1 1200
1 2595
1 1918
1 714
2 1979
2 67
1 887
2 227
2 91
2 2692
2 2240
1 620
1 1107
2 662
1 1550
1 2529
2 1078
2 2978
1 2711
2 2794
2 1217
2 2633
2 1127
2 2291
1 1068
2 638
1 1190
1 220
1 1577
1 1756
2 33
1 439
1 2368
2 2765
1 1999
1 2426
2 2426
2 2715
1 2227
1 2058
1 2712
1 1681
1 2512
1 1600
1 436
2 2067
1 1248
2 101
1 1007
2 764
1 1634
1 274
2 1111
2 2552
1 2222
2 2308
2 1620
1 1459
2 1129
1 1457
1 2470
1 642
1 756
2 1053
1 1871
2 1892
2 502
2 774
1 1719
1 2933
1 2893
2 979
2 2159
1 2410
1 729
2 707
1 475
2 2851
2 331
1 197
1 2484
1 395
1 686
2 1950
2 160
2 1775
1 656
1 1168
2 1209
2 265
1 1456
1 2153
2 2014
1 1660
2 2901
1 333
2 561
2 1277
2 1049
1 3014
1 3047
2 1231
1 1601
2 1183
2 10
2 231
2 2990
1 1296
2 1344
1 241
2 2281
1 2807
2 141
1 2665
2 1095
2 712
1 1530
2 106
1 2094
2 715
1 2911
1 1968
2 1995
1 1958
2 1089
1 555
2 656
2 775
2 1920
2 2777
2 571
2 2543
2 769
2 1556
1 405
2 2743
1 991
1 747
1 1227
1 1881
2 15
2 1091
1 2747
2 3024
2 2507
1 2032
2 891
2 2099
1 521
2 2966
1 1239
2 1640
1 691
2 3036
1 2590
1 830
2 1550
1 2963
2 2039
1 2648
1 1561
2 3017
1 2687
2 2928
1 73
2 39
1 2210
2 695
1 2395
1 2431
2 1458
1 1239
1 1439
2 2179
1 2125
1 618
2 1328
1 2558
1 2968
1 1224
1 229
1 1714
2 2284
1 2887
1 1418
1 2889
1 872
2 2215
1 328
1 202
2 2507
2 1587
2 2736
2 17
1 2272
1 2897
1 170
1 2900
1 605
1 2307
1 478
1 1405
2 500
2 492
2 1675
1 2796
2 2247
1 1757
1 2444
1 1783
2 2283
2 169
2 651
2 2434
1 682
1 1319
2 189
1 787
2 2254
1 1539
2 595
1 2951
1 1267
1 2705
2 2313
2 563
1 2349
2 405
2 2805
2 564
2 1536
2 116
1 385
1 1976
2 1479
2 1216
2 2971
1 498
2 1703
1 1028
2 391
2 446
2 1757
2 1684
2 1220
1 2221
1 2194
1 1023
1 896
2 717
2 1297
2 2962
1 1440
1 2345
1 2388
2 1940
2 813
1 2481
2 710
2 3003
2 64
1 413
2 2579
1 2451
1 609
2 2184
1 1424
2 1471
1 2347
2 1944
2 1149
1 253
1 1679
2 2500
2 2026
2 1135
2 520
1 2418
1 2352
1 2637
2 1490
1 2855
1 1593
2 577
2 855
1 2233
2 1356
1 1016
2 875
1 1050
2 1879
2 2057
2 156
1 2872
2 2902
2 1462
2 459
2 240
1 2380
1 597
2 2015
1 138
1 2130
2 3010
1 865
2 1978
2 2786
1 3034
2 2953
1 1427
2 1795
1 1452
2 846
2 2124
1 2735
2 109
1 2520
1 1622
1 214
2 635
1 1425
2 1754
2 1525
2 2919
1 997
2 1557
1 1096
2 2429
1 1954
1 1417
2 1141
1 1650
2 1837
2 340
1 849
1 768
2 2683
2 1277
2 712
1 205
1 2284
1 211
1 1633
1 1978
1 1728
1 1366
1 919
1 2273
1 2257
2 270
1 2591
1 2196
1 2603
2 537
2 1875
2 1991
2 2125
2 1456
2 2178
2 2378
1 1664
2 335
1 1480
1 27
1 1605
1 575
2 2956
2 1587
1 2428
2 866
1 1260
1 2557
1 1856
2 288
1 2171
1 900
2 2565
2 1393
2 451
2 1031
2 1383
1 645
1 1491
2 2646
2 1943
2 38
2 2347
2 2535
2 2890
1 1369
2 1337
2 1705
1 106
1 1494
1 881
1 1558
2 1309
2 1243
2 2983
1 2066
2 1573
1 1844
1 1932
1 398
2 2218
2 2884
2 1959
1 2207
1 1200
2 2682
2 188
2 445
1 3030
1 2798
2 1127
1 1397
2 232
2 2050
2 1052
1 379
2 95
1 48
2 521
2 1476
2 2639
1 2061
2 1079
2 1786
2 659
2 509
1 192
2 2277
2 2685
2 2713
2 2597
2 1378
1 1985
1 1315
2 1613
1 1318
1 1731
1 2960
1 2751
1 2017
2 2526
2 837
1 3028
2 3046
1 2310
2 2742
2 1411
1 1731
1 2399
2 1038
2 2363
2 1015
1 309
2 2766
2 148
1 1218
1 2816
1 2253
2 2326
1 30
1 60
2 432
2 30
2 649
1 429
2 203
1 1209
2 262
1 1484
2 2063
2 536
1 1871
1 3036
2 1894
1 1986
1 572
1 1352
2 159
2 510
2 1268
1 1483
2 2771
2 1896
2 1335
1 1777
1 1946
2 2787
1 198
1 1680
2 2430
2 1022
1 2637
1 1904
2 2789
2 2208
1 2982
1 1887
2 2519
1 1962
1 1806
2 1970
2 1869
1 2755
1 2011
2 292
2 500
1 156
2 245
2 2158
1 2444
2 2110
2 2494
2 1893
1 1689
1 2277
2 190
1 1223
1 1859
1 318
1 583
2 2135
2 1397
2 1672
1 2375
1 2925
2 1262
2 2129
2 2228
1 2970
2 577
1 28
2 1571
1 228
2 1553
2 1522
2 443
2 1774
2 2657
2 2740
2 339
2 1474
2 2206
1 438
1 1402
1 2779
1 2244
2 2082
2 2469
1 2472
1 432
1 3038
2 2606
1 2513
2 1923
1 879
2 415
1 1015
2 723
1 2022
1 1463
1 2454
2 3044
1 2838
1 2416
1 289
2 2769
1 1548
1 423
1 1233
1 206
2 1792
1 2815
1 1626
1 2638
1 2354
2 1067
2 2877
2 1793
2 2611
1 1902
2 2994
1 318
1 2879
1 1213
2 1059
2 408
2 625
1 366
2 711
2 88
2 615
2 1117
2 1564
2 1545
2 1206
1 2216
1 144
1 2744
2 1485
1 1579
2 1611
1 1300
2 29
1 2670
1 151
2 4
1 783
1 1839
1 713
2 1612
1 2111
1 2397
1 802
2 271
1 1174
1 2162
1 2861
1 2443
2 2881
2 1198
2 2628
2 1107
1 2044
1 2526
2 518
2 759
2 2621
2 1771
1 346
1 320
2 2535
1 2695
2 2865
2 2332
1 471
1 2078
2 341
1 1717
1 1909
2 406
2 2266
2 3019
1 1153
2 3008
2 513
2 1761
2 2722
1 1649
2 1357
1 1603
1 305
2 350
2 1737
1 642
2 2359
2 1154
2 2126
1 130
2 1226
1 1885
1 413
2 2427
2 810
1 2438
2 905
2 1285
2 1388
2 2630
2 319
2 2464
1 242
1 176
1 2096
1 2222
1 391
1 64
1 845
2 2300
2 2136
1 504
2 1395
1 682
1 2420
1 412
2 711
1 1071
2 2677
1 1283
1 706
2 2514
1 558
1 2837
2 573
1 1045
1 1433
2 1152
2 2625
1 1686
1 743
1 322
1 1413
1 1639
2 1758
1 1182
2 1070
1 853
2 129
1 127
1 1747
2 918
1 2912
1 2889
1 1312
2 2311
1 1988
2 2655
1 688
2 2537
1 277
2 1541
1 1568
1 2408
2 2211
2 2409
1 609
2 2457
2 1882
1 839
2 2728
2 2422
1 1044
2 62
2 2538
2 1175
2 571
1 280
1 2802
1 475
2 58
1 752
1 2060
1 2203
1 1819
2 1877
2 1709
2 1893
1 1591
2 21
1 3045
2 1782
1 1114
2 970
1 1499
2 909
1 688
2 1581
2 2762
2 558
1 925
1 2545
1 1269
2 2903
2 1816
2 859
1 727
1 11
1 1003
1 2392
1 1037
1 1645
1 1865
1 167
1 1451
2 2052
1 2497
1 892
1 2993
1 2597
2 213
2 1580
2 478
2 1861
1 2571
1 789
1 1851
1 1361
1 1852
1 3006
1 1730
1 1079
2 2689
1 1654
2 802
1 2909
1 2126
2 2069
1 2035
2 1262
2 354
2 1900
1 2674
1 99
1 1727
2 2041
1 1278
1 677
1 1853
1 1082
2 2080
1 2303
1 1685
1 2579
1 2783
2 1833
1 2798
2 1812
2 613
2 2439
1 1970
1 2315
2 129
1 2202
2 238
2 1624
2 2549
1 1130
2 1794
2 2633
2 2779
1 2769
2 170
2 1416
1 70
2 2412
2 1707
2 1203
2 867
1 287
1 2282
2 2375
2 1099
2 2403
2 944
2 2462
2 2997
1 566
2 1616
1 1974
2 776
1 2353
1 2299
1 2947
2 450
1 517
1 2032
2 2654
2 390
2 1513
2 995
1 780
2 1019
1 2574
1 2917
1 1658
1 2074
1 655
1 1716
1 589
1 288
2 2240
1 324
1 376
1 649
1 2900
2 1199
1 59
1 2099
1 2454
1 1890
1 2607
2 1480
1 629
2 1511
1 1447
1 2861
2 1415
1 2233
2 2808
1 2038
2 2942
2 1490
2 2985
2 619
1 1524
1 2830
1 1702
1 2175
2 2964
1 2659
2 559
1 679
2 2613
1 655
2 2359
1 1596
2 2926
1 1529
1 365
2 1694
2 569
1 1652
2 1635
2 728
2 2527
1 827
1 801
1 1147
2 2927
2 613
1 209
2 2598
2 2989
1 2616
1 2311
2 3
1 2455
1 1257
1 1972
2 3009
2 1195
2 1712
2 1401
2 1912
2 2120
2 2206
2 2044
1 1453
2 1102
1 1111
1 2406
2 50
2 2327
1 1294
1 19
1 1802
1 3016
2 2937
2 1741
2 1838
1 2365
1 2386
1 1093
1 1337
2 2298
1 1834
2 676
2 2411
1 2910
2 2380
2 2872
1 207
2 163
2 2880
2 2817
1 518
2 1289
1 1953
1 973
2 1100
2 838
1 2556
1 2976
2 1191
1 330
2 1466
1 1465
2 2605
2 2047
2 1180
2 1935
1 2001
2 714
2 977
2 2145
1 1633
2 1125
2 1499
2 669
2 1437
1 371
2 1396
1 2084
2 2156
2 1647
1 2745
2 1137
1 1142
1 709
2 114
2 12
1 1530
1 2593
2 1502
1 1868
1 2438
1 809
2 737
2 379
1 1517
2 2397
1 1316
2 2636
2 487
1 1421
2 1097
1 2350
2 2689
2 2804
1 1058
2 1126
1 2828
2 1846
2 2067
1 2445
2 1904
2 1436
2 2352
1 1160
2 2192
1 494
2 81
1 1486
2 2486
1 1070
1 858
1 984
1 1252
1 2991
2 1602
2 1124
1 2946
1 440
1 678
1 1144
2 2790
2 1829
2 1706
2 1280
2 80
2 1469
2 2562
1 420
2 2949
2 40
2 1019
1 1276
1 1380
2 254
1 2882
1 2714
2 1342
1 785
2 545
2 1066
2 715
1 497
1 1612
2 891
2 393
2 1803
1 1253
2 1625
1 427
1 2716
1 2235
1 368
2 2100
1 855
1 1980
2 2594
1 2423
2 1958
2 63
1 37
1 1018
1 612
1 2752
1 2761
1 511
1 2584
2 2242
1 2529
2 1736
1 154
1 2367
1 2217
1 1861
2 270
2 2226
2 2054
2 1735
1 2366
1 2133
2 2506
1 566
2 2501
2 2036
1 2333
2 2717
2 2594
2 2449
1 263
2 2917
2 2358
1 2256
1 1372
1 2668
1 2931
1 2929
1 1723
2 1245
1 281
1 2039
1 416
2 930
1 21
1 767
2 974
1 2413
2 1770
2 1760
2 2432
1 2814
2 2465
1 1429
1 3009
1 2567
2 1732
2 1000
2 644
1 1438
2 1003
1 762
1 796
2 2903
2 2514
1 2325
2 501
1 1883
1 1715
2 945
2 2847
1 1265
2 1206
2 2362
2 2969
1 1169
1 1851
1 574
2 2933
1 1441
1 1109
2 1057
2 1888
2 227
1 2851
2 1275
1 2452
1 1631
1 1245
1 364
1 1341
2 2013
2 879
2 880
1 940
2 2468
2 1363
2 1226
2 1704
2 1115
2 2145
2 51
2 1724
1 1972
1 2001
2 2478
1 2389
1 823
2 487
1 1422
1 2152
1 243
2 2355
2 306
1 1110
2 2563
1 1647
1 2154
1 895
2 1366
2 2699
2 663
1 2481
2 3011
1 2635
1 833
2 2954
1 2625
1 2958
1 1092
2 464
2 2309
2 959
2 1870
1 1291
1 2203
1 1615
2 668
2 497
1 378
1 1118
1 1747
1 2030
2 1314
1 1826
1 1880
2 428
2 2533
1 1922
1 132
2 2477
2 2832
1 820
1 366
2 2319
1 2265
2 359
1 1792
1 2043
2 386
2 2601
2 2860
1 1228
2 788
2 2046
2 112
1 1020
2 2430
1 2049
2 2582
1 1964
2 1103
2 1061
1 1320
2 584
2 1225
1 193
1 551
2 203
2 2453
1 1565
1 1598
2 3031
1 2558
1 43
2 2849
1 1917
2 1303
2 200
2 2760
2 498
2 2703
1 882
1 985
1 3043
1 1087
2 1173
2 2304
2 1969
1 253
2 84
2 2630
1 1500
1 1130
1 2306
1 171
1 1098
1 1411
1 901
2 2890
1 524
2 133
2 752
2 1936
1 2448
2 1336
1 980
1 988
1 2389
1 1575
2 1165
2 1349
1 2549
1 2185
2 1828
2 1623
1 907
1 1713
2 1916
2 141
2 442
1 534
2 1457
2 965
1 2261
1 516
1 607
1 2508
2 814
1 1410
1 3027
1 1426
2 1616
2 542
2 305
2 2467
2 1547
2 486
2 2196
2 1257
2 2388
2 648
2 2788
2 2818
2 848
1 2883
2 1266
2 1128
2 2230
1 1963
2 1725
2 579
1 2617
1 2161
2 2106
2 1021
2 489
2 399
2 2224
1 48
1 332
2 1296
1 87
2 2728
2 451
1 3008
2 491
1 1203
2 825
2 335
2 2566
1 1464
2 1934
2 2869
2 1476
2 310
2 223
1 291
1 517
2 1609
2 1056
1 249
1 1041
1 739
1 2977
1 1804
2 1610
1 2551
1 2957
2 526
1 2053
2 1048
1 55
2 33
1 1458
1 1909
2 243
2 1330
1 777
2 664
2 2131
1 1780
1 1559
2 1512
2 625
2 2922
1 795
2 2754
2 166
1 863
2 2882
1 1376
1 1913
1 3015
1 2163
2 2959
1 1298
2 1338
1 614
1 1204
2 146
1 2878
1 643
1 1163
2 2193
2 1501
1 1190
1 1670
1 990
1 1171
1 660
1 2227
1 310
1 1996
1 98
1 8
2 2493
1 495
2 2693
1 1431
2 2647
2 2967
1 1445
1 2964
1 2981
2 1901
1 1999
1 2505
2 1841
2 1926
1 2119
2 2038
2 2165
2 4
1 1065
2 1450
2 2128
2 1682
2 275
1 2773
1 184
2 555
2 1641
2 7
1 1237
1 337
1 2837
1 469
1 2760
2 1256
1 1566
1 37
2 1619
2 1594
1 522
1 2670
2 540
1 2414
1 2788
2 926
2 2105
1 1364
1 998
1 2368
1 1157
1 2131
1 2117
2 3033
2 587
1 1985
1 2034
2 1527
1 1619
2 2538
1 1519
1 1428
1 2291
2 2075
2 981
2 1510
1 2204
1 1848
1 1229
2 2560
1 2758
1 982
1 2883
1 1600
2 775
1 2548
1 1659
1 718
2 1371
2 1013
2 2428
1 760
2 1939
2 1915
1 1748
1 632
2 341
1 591
2 2166
1 1047
1 1604
1 998
2 1274
2 93
1 402
2 36
2 2664
2 2899
2 2293
2 1706
1 1174
2 1778
1 2915
2 2383
1 2344
2 67
1 2003
2 162
1 3044
1 337
1 74
1 1859
2 1212
2 2674
1 1637
1 2515
1 2744
1 2810
1 2677
1 1952
2 2727
1 543
2 1848
1 709
2 2436
2 2876
1 2709
1 1254
2 1139
1 136
2 418
2 1800
2 22
1 2785
2 1710
1 2609
1 2877
2 2716
2 2090
1 82
2 301
1 150
1 2313
1 2847
1 1541
2 42
1 751
1 2950
2 1836
1 2408
1 1279
1 687
1 327
1 149
2 1498
2 2691
2 1311
1 1166
1 2642
2 2550
2 570
1 2504
2 1630
1 229
2 1389
2 1803
2 1371
1 899
1 1176
2 114
1 1648
1 493
1 2989
1 918
1 1151
2 2377
2 1427
1 1380
1 325
2 218
2 1025
1 314
2 480
2 264
1 3048
1 963
2 938
1 541
2 870
1 1641
2 2335
1 1651
1 2318
1 2841
1 2516
1 2595
2 680
1 2721
1 452
1 2778
1 764
2 2117
2 380
2 2907
1 2115
2 1417
1 1046
1 1068
2 1176
1 2072
2 1355
2 404
1 1642
2 2107
2 2592
2 412
2 371
1 80
1 2610
2 557
1 1184
2 2685
1 1520
1 672
1 2960
1 2384
1 2863
1 443
2 2923
2 572
2 2676
1 1683
1 462
2 1327
1 2772
2 2265
1 234
1 1325
2 1618
2 946
1 2969
1 2673
1 906
1 2645
1 1544
1 2338
2 2393
2 350
1 1932
2 1588
1 807
2 2177
1 2200
2 2910
1 2477
2 916
2 2094
2 357
2 206
1 117
1 3013
1 2463
2 2342
1 2192
1 2379
1 943
2 2925
2 2606
2 2485
2 1450
1 2494
1 1324
1 2517
1 175
1 169
1 2310
2 210
1 1274
2 1094
2 903
1 617
2 719
2 1801
2 2320
1 1389
1 32
2 267
2 1149
2 781
2 147
1 1168
2 1481
1 1762
2 630
2 1179
2 2519
1 1126
2 580
2 733
2 1429
1 2127
1 1399
1 1342
2 729
1 1116
1 1407
2 1323
2 513
2 1554
2 2346
1 2384
1 2189
2 1178
1 458
2 392
2 352
1 302
1 1055
2 407
1 1749
1 2048
1 1002
1 216
2 1038
2 2571
2 2273
2 843
2 2654
2 2321
2 2275
2 414
2 1249
2 2124
2 1816
2 2860
1 1820
1 81
2 903
2 911
2 1313
2 329
2 2541
1 2495
1 717
2 1185
1 2043
1 384
2 1762
2 1460
1 2645
1 46
2 2024
2 1035
1 1595
2 2182
2 1614
1 3041
1 1400
1 2521
2 2195
2 3003
2 226
1 216
1 2784
1 2398
2 2568
2 2704
2 770
2 2297
2 1698
1 428
2 441
2 1334
1 2998
2 2188
1 2749
1 2198
1 619
1 2932
2 2530
2 336
2 1253
2 1284
2 2137
1 2315
2 765
1 2334
1 2640
2 1558
1 1945
2 996
2 2810
1 914
2 1644
1 372
1 1912
1 1156
1 634
2 2612
1 72
1 1649
2 1052
1 1994
1 400
2 849
1 991
1 770
2 317
1 2772
2 1187
2 2740
1 895
1 989
2 970
2 2118
1 1162
1 2509
1 885
2 2179
1 1029
2 2308
2 2139
1 1006
1 1372
1 804
2 1265
1 1368
2 1993
2 2599
2 1191
2 945
2 1782
1 165
1 1885
2 2490
2 1381
1 1822
2 1293
1 1956
1 2581
1 959
2 1
1 175
2 2992
2 2422
1 1835
1 614
2 2479
2 2739
1 194
2 732
2 1207
2 1514
2 462
1 134
2 1735
1 1680
1 681
2 1643
2 1982
2 2845
1 1266
1 2089
2 1753
2 1617
2 1494
2 673
2 3037
1 1705
1 1966
2 1318
2 103
2 960
1 2502
1 1843
1 1103
2 794
1 755
1 2737
1 1733
2 1258
2 2723
2 2081
2 298
1 2871
1 234
1 1637
1 852
1 628
2 333
2 2966
2 2259
2 1404
2 436
1 810
2 1147
2 818
1 1534
2 1032
1 36
2 1996
1 105
2 200
1 2604
1 2152
2 387
1 1230
2 261
1 1993
2 1467
2 2753
1 1462
2 343
1 361
2 1007
2 600
1 2841
2 1953
1 2097
1 2609
2 525
2 247
2 2618
2 2360
2 2193
1 530
1 843
1 2710
1 74
1 784
2 758
2 1938
2 2898
2 326
1 2095
2 2093
2 1507
1 2602
2 1301
2 1213
1 909
2 2826
1 152
2 134
2 1076
2 2287
2 2970
2 1518
1 2217
1 601
1 2952
1 856
1 177
2 784
1 2709
1 2033
2 3017
2 1194
2 2743
1 1627
2 142
1 1152
1 296
1 856
1 2423
1 2607
1 485
1 2023
1 1316
2 1131
1 164
1 2292
2 2813
1 1895
1 1808
2 1640
2 913
2 2973
1 1433
2 123
2 2681
1 1338
2 2100
2 943
2 948
1 1420
1 1755
1 869
2 2672
2 600
2 1872
2 2155
1 704
1 847
2 2011
2 1666
1 2467
1 1721
2 2478
2 2922
2 1235
1 2695
1 1574
2 1523
2 1738
2 1806
2 3007
2 3001
2 54
2 993
1 2649
1 174
2 265
2 666
2 2518
1 291
2 1016
2 1349
1 1677
1 1952
1 71
2 1908
1 2681
2 640
2 931
1 2146
2 1445
2 2827
2 876
2 2696
2 852
2 2340
2 2524
2 2622
1 2280
2 2988
1 1097
2 1442
1 1831
1 1813
2 552
2 195
1 3023
1 2147
2 321
2 221
2 2160
2 2412
2 877
2 2808
2 2938
1 1414
1 1901
1 1814
1 1325
2 2750
2 2116
1 674
2 1665
1 2460
1 686
2 3040
1 1794
1 1785
2 2896
1 1098
2 2618
1 2482
2 862
1 394
2 993
2 2132
2 2381
1 1710
1 936
1 456
1 1692
2 2934
2 2652
2 2225
2 3042
1 470
1 1310
2 724
2 1346
2 2276
2 7
1 1509
2 2613
1 2003
1 2731
2 2151
2 2822
1 353
1 658
2 2407
2 424
2 1906
1 1583
1 627
1 1236
1 2077
1 2663
2 1975
1 1358
1 1611
2 1150
1 1673
1 838
2 854
2 2309
2 2509
1 192
2 2379
2 1046
2 1598
2 1086
1 2396
2 2775
2 62
1 1542
1 183
1 2238
2 1261
2 583
2 2034
2 1430
2 2954
2 2019
2 806
2 1862
2 1250
2 1423
2 2139
1 401
1 1742
1 2337
2 1503
1 1473
1 269
1 2849
2 1302
1 2615
1 1449
2 1227
1 1983
2 2857
2 2656
1 2852
2 2437
2 1849
1 576
1 629
2 293
1 476
2 2239
1 1159
1 2686
1 990
2 2148
1 2485
1 140
1 1967
1 1045
1 1570
2 1156
1 2703
2 1517
1 2214
1 2619
1 1
2 1594
2 2895
1 2257
1 1210
1 2326
2 798
2 2856
1 1495
1 2497
2 1690
2 100
1 773
2 2317
1 68
2 667
2 370
1 1614
2 1292
1 669
1 1444
2 2802
1 3006
1 1444
1 1907
2 1387
1 1392
2 2387
1 2272
2 2197
1 859
1 2986
2 532
2 1853
2 726
1 1777
2 2450
1 278
1 328
2 2697
2 2635
1 1606
1 1832
2 2018
2 1416
1 1084
1 680
2 1069
1 2425
1 826
2 1665
2 427
1 1431
1 14
2 186
1 2238
2 832
2 2741
1 2805
2 190
2 2456
1 2828
1 957
2 2944
2 1628
2 853
1 2382
2 1982
2 876
1 1931
2 1293
1 2167
2 816
1 734
2 824
1 992
1 2582
1 401
1 2103
1 592
1 1434
1 2988
1 2486
1 1063
2 2967
2 1930
2 1513
2 2078
2 2414
1 1375
2 2517
2 347
1 66
1 675
1 1423
1 2069
2 204
1 2447
1 466
2 2521
1 2803
1 1478
1 88
2 63
2 1470
2 753
1 435
1 1270
2 2087
2 2941
2 1964
1 1910
2 983
2 1195
1 568
1 2551
2 1496
1 1119
2 49
2 2631
2 1913
2 692
2 381
1 1921
1 727
1 2708
1 1403
2 2564
1 2888
2 1850
1 797
2 2973
1 610
1 2932
2 1443
1 2083
1 1290
2 2668
1 2895
2 323
1 1224
1 672
2 2258
2 2378
2 2711
1 707
1 654
1 130
1 275
1 465
2 2460
2 2862
1 1908
1 2634
2 2104
2 872
1 145
2 2228
2 1012
1 1037
1 980
1 1911
2 2433
1 496
2 2285
2 1914
2 949
2 1288
1 2708
2 1549
2 1584
2 1246
1 2323
1 1386
2 809
2 1656
1 254
2 2959
1 771
2 1824
1 2104
1 746
2 2581
1 2528
2 2699
1 2232
1 1696
2 476
1 464
1 846
1 2845
1 2190
2 2739
2 1477
1 434
2 1140
2 636
2 2183
1 185
1 2504
2 845
1 105
1 1597
1 1701
2 2592
2 2290
2 2905
1 409
2 2825
2 1264
2 135
2 2936
2 1137
2 1800
1 1874
1 2777
2 1960
2 639
2 2471
1 282
1 162
2 985
2 1179
1 1995
2 2091
2 2738
2 1510
2 1810
1 557
2 1418
1 931
1 258
2 1863
1 10
2 131
1 2945
1 548
2 2219
1 2915
2 1948
2 1560
2 2405
1 2683
2 2328
1 1720
2 53
2 2599
2 1113
2 2789
2 2484
2 941
2 1365
1 684
1 2248
2 1304
1 1128
1 1406
1 1056
1 2250
2 2813
1 2608
1 29
2 1017
1 1059
2 973
1 539
2 2543
2 2365
2 2090
2 297
1 2248
2 933
2 961
1 2791
2 1745
2 1583
1 1515
2 1163
2 2706
1 374
1 1249
2 2503
1 2492
2 55
2 2730
2 1718
1 2278
1 1204
2 358
1 1609
1 1877
2 2919
2 2824
1 1783
1 2799
1 1413
2 459
1 1874
1 2004
2 3005
1 580
1 2123
1 2704
1 2194
1 56
2 1947
1 263
1 2373
1 1576
2 484
2 2994
1 486
1 1092
1 1604
1 2641
1 2801
2 1132
1 2755
1 2522
1 702
2 1741
1 2239
1 923
2 947
1 1770
1 2800
2 1177
2 299
2 603
1 1827
1 1133
2 2656
1 1738
2 678
1 2457
2 2502
2 2713
2 272
2 928
1 1184
1 2138
1 40
1 1689
1 1931
1 266
2 1199
2 646
2 760
1 54
1 1134
2 1610
2 2893
2 230
1 2224
1 325
2 759
2 2122
1 1419
1 1621
2 1295
2 2160
1 2546
1 735
2 1655
2 173
2 1546
2 2132
1 1699
1 2913
1 2615
2 635
2 2079
2 1324
1 1515
1 1764
2 1933
2 426
2 1535
1 929
1 2812
1 2431
2 1434
2 1439
2 384
1 268
2 772
2 1246
2 1354
2 2336
1 718
1 1975
1 2774
1 1988
1 671
2 68
2 1157
2 2929
1 927
2 1905
2 851
1 221
1 2956
2 378
2 2577
2 968
2 46
1 511
2 2850
2 358
1 294
1 39
1 1759
1 90
1 2892
2 2013
1 466
1 697
2 2046
1 25
2 2447
1 2958
1 2047
1 1667
2 2729
1 2891
2 1910
2 2176
1 782
1 1202
1 1161
1 604
1 667
2 1099
2 83
1 1580
2 972
2 2741
1 1493
1 658
1 2601
2 461
2 1544
2 2097
2 2443
1 1067
2 2948
1 42
1 1364
1 1381
1 1378
1 2364
2 2028
1 1549
2 311
1 884
2 698
1 2927
1 608
2 1888
2 3010
1 239
1 1084
1 1471
1 1365
1 1436
1 2983
2 2321
1 20
1 1971
1 888
1 2339
1 1329
2 987
1 1402
1 1075
2 1125
1 1830
2 1629
1 411
2 2697
1 1061
2 1384
2 2220
2 842
1 643
1 1708
2 683
2 1572
1 1512
1 1312
2 1425
2 2358
2 213
1 1573
2 1864
2 477
1 2649
1 1419
1 525
2 2580
2 616
2 1055
2 3011
1 1468
2 2978
1 854
2 2157
1 2908
2 1663
2 1548
2 158
2 1009
2 1285
1 765
1 1651
1 264
2 778
1 756
2 914
2 26
2 1346
1 2483
1 2304
1 2496
1 245
1 1170
1 1187
1 108
2 377
2 2314
2 1360
1 2385
1 1880
1 874
2 2981
1 1746
2 1653
1 2980
2 1688
1 776
2 2450
1 701
2 282
2 779
2 1772
1 582
1 246
2 154
2 2231
2 2110
2 77
1 2437
1 1171
1 1589
2 468
2 1341
2 2030
2 2402
2 2565
1 948
1 673
2 2692
1 1393
1 2202
2 1134
1 2188
1 1865
1 706
1 2406
1 767
1 1983
2 1319
1 919
1 1882
1 1351
2 745
1 954
1 1876
2 75
2 1646
1 2753
2 2891
1 2109
1 2657
1 2638
2 2844
2 2134
1 1586
2 2266
1 1959
2 2343
2 1009
1 958
2 2616
1 1655
1 307
1 246
2 1382
2 2402
1 799
1 1635
2 2827
1 3037
1 1722
1 151
2 1581
2 2059
2 89
1 933
1 2334
1 1090
2 140
2 1447
1 812
2 2759
2 515
2 2429
2 455
2 2474
2 2780
2 2405
1 3026
1 1465
1 694
1 3025
2 394
1 516
1 439
2 1446
1 2761
2 1732
2 2340
1 1799
1 2212
2 2169
2 1942
1 444
1 2738
2 548
1 2386
1 2258
1 2229
1 1428
1 1251
1 14
1 2026
1 2975
1 1563
2 2539
2 624
1 1567
2 2101
2 2000
2 1852
1 1719
2 360
2 2663
2 699
2 1505
1 249
2 2525
1 1659
2 2824
2 1071
1 1336
2 2491
2 1284
1 2062
2 2385
2 2463
2 2178
1 1189
1 1528
2 750
2 2015
1 2320
1 1951
1 2820
1 2182
2 2417
2 473
2 2555
1 1535
1 2281
1 616
1 339
2 1104
2 1554
1 949
2 1062
1 545
2 387
2 1463
2 1773
1 1268
1 1572
1 1602
1 385
1 2141
1 153
2 2262
2 926
2 474
1 2653
1 360
1 1339
2 1533
2 547
1 224
2 962
2 742
2 1507
1 357
1 2021
1 1446
2 3028
1 273
1 125
1 734
2 2854
2 2176
1 1051
2 1379
2 1697
2 800
2 3048
1 2506
2 2667
2 1405
1 2793
1 2297
1 406
1 2212
1 2361
1 969
1 2658
1 1801
1 2149
1 1034
2 267
1 233
2 2839
1 878
1 2294
1 2803
2 1671
1 2086
2 2487
2 2660
2 2648
1 18
1 645
2 2250
2 2776
2 2766
2 2843
1 119
2 1567
2 2974
2 1412
1 2942
2 2395
2 1451
2 2547
2 1100
1 602
1 2686
2 904
1 2200
2 69
2 2172
2 423
1 2662
2 155
1 662
1 2499
1 2757
1 2102
2 1740
1 2987
2 547
1 1899
1 319
2 2042
1 632
1 22
2 41
2 2401
2 1924
2 1289
1 1328
2 2706
1 123
2 1273
1 2650
1 2784
2 1065
1 2531
1 2381
1 627
2 250
2 553
1 1967
1 754
2 2025
2 2221
2 2906
2 374
2 2129
1 2070
1 2611
1 560
2 2446
1 3000
1 1408
1 877
2 1590
2 1172
1 971
2 2914
1 556
1 2339
1 1373
2 797
1 285
2 1933
1 2888
1 2319
1 2688
2 1965
1 1066
2 826
1 1941
2 890
1 1911
2 2977
1 2700
2 90
1 1196
2 1894
2 257
2 863
2 2848
2 2085
1 964
2 336
1 1636
1 878
1 2009
1 2369
1 446
1 561
1 1303
2 819
1 1196
2 1121
2 2640
1 2144
1 787
2 2186
1 1412
1 1818
1 640
1 1280
2 367
1 833
1 1005
2 117
1 1817
1 2295
1 954
2 897
1 1036
2 1391
1 2394
2 2070
2 864
1 278
2 2133
1 2234
1 2103
2 817
2 979
1 1817
2 741
2 196
1 2415
1 1394
2 2055
1 2584
1 1018
2 1306
2 1749
1 808
2 1886
1 2797
1 2432
1 3041
2 538
2 591
2 2604
2 2351
2 118
2 745
2 2077
1 1879
1 653
1 2542
1 892
2 1094
1 1872
2 433
2 1077
2 978
1 304
1 899
1 69
1 906
1 182
1 1220
2 732
1 882
2 239
2 2066
2 785
1 354
2 2056
1 1769
2 2806
1 458
1 1919
1 1042
1 1048
1 248
1 2455
2 2063
2 1538
1 1870
2 1691
1 490
1 1230
2 1621
2 1080
1 955
1 590
1 2939
2 793
1 2853
2 2197
1 1857
2 2403
1 2267
2 383
1 790
2 2583
1 2931
1 2588
1 2812
2 481
2 343
1 24
2 2331
1 1348
1 2354
1 1352
1 1477
1 1148
1 2330
1 1074
2 322
1 2095
2 1086
1 1729
1 905
2 58
1 2362
1 2391
1 2632
2 726
2 1943
1 1210
2 607
2 2317
1 1072
2 1478
1 1424
2 1281
1 2644
2 803
1 956
2 967
2 2348
1 1326
1 2241
2 1683
1 1182
2 126
1 8
1 1966
2 226
1 1671
2 2879
2 512
1 2867
1 483
2 2361
1 396
2 1892
1 163
2 1845
2 1321
2 2671
2 2647
1 2540
2 1255
2 750
2 880
2 778
1 209
1 1363
1 723
1 1739
2 3035
2 2924
1 1764
2 1726
1 26
2 2853
2 1188
1 1205
1 2838
1 1479
1 1333
2 2542
2 1744
1 2076
1 2658
2 946
2 836
1 373
2 2191
2 2181
1 647
1 1799
2 2363
1 1771
1 2353
1 757
2 2263
1 533
2 790
2 1906
2 917
1 636
1 1347
2 1238
1 292
1 2056
1 2159
1 2787
1 2996
1 1776
1 937
1 875
1 1464
1 1299
1 2821
2 1850
1 526
2 2897
2 2253
2 2345
1 13
2 961
1 2435
1 588
2 97
2 1632
1 2465
2 2254
2 447
1 1004
1 2187
1 1843
2 1796
2 334
1 2896
1 94
2 633
2 166
1 2244
1 2398
1 1798
2 214
2 1264
2 1925
1 2800
1 594
2 1387
2 2840
1 1979
1 2874
2 2850
1 2756
2 861
1 91
1 2856
2 868
2 465
1 2752
1 1077
1 507
2 2875
2 2400
2 2264
1 205
2 834
2 1335
1 684
2 586
2 720
2 396
2 2119
1 2264
1 2121
1 2207
1 2605
2 1569
2 2930
1 685
1 506
1 2189
1 240
2 1981
2 376
1 774
1 1787
1 2836
2 44
2 1810
2 2848
2 2928
1 440
1 2835
2 1984
2 2045
2 2322
1 212
2 1579
1 1360
2 2023
1 3031
1 1709
2 2750
2 1017
2 2583
1 2796
1 847
1 1632
1 947
2 235
2 1398
2 1675
2 1968
1 2894
1 1051
1 2569
2 2236
1 2505
2 410
1 262
1 1789
2 2701
1 1707
1 1307
2 258
1 596
1 2756
2 1740
1 2859
1 225
1 2425
1 604
2 730
1 467
1 2387
1 1733
1 1698
2 1461
1 1626
1 890
2 2926
2 1194
2 962
1 648
2 830
2 2986
2 2669
1 2575
2 2048
2 736
1 453
1 1533
2 1158
2 569
2 1169
1 161
2 2004
1 312
1 601
2 2010
2 1254
2 2523
1 936
2 2707
2 1591
1 1781
1 2536
1 1135
1 791
1 1565
1 2470
2 1026
2 219
2 1811
1 2516
1 1124
1 2143
2 1516
1 670
2 898
2 1577
2 2572
1 1539
1 2000
2 2049
2 2944
1 1089
2 989
2 2765
2 817
1 1143
1 2394
1 1000
1 1724
2 471
1 2087
2 1197
2 1317
2 1014
2 958
2 1551
2 1120
1 2975
1 2940
2 1361
2 2673
1 1537
1 2148
1 811
2 293
2 139
1 716
2 2492
1 1736
1 1398
1 1990
2 86
1 331
2 425
2 1432
1 1669
1 2544
2 324
1 2165
1 1012
2 126
1 551
1 618
1 2623
1 690
1 1164
1 2201
1 1866
1 792
2 1437
1 1998
2 2327
1 2690
1 2050
2 2260
2 2680
2 1116
1 2283
1 1644
1 409
1 2555
1 2965
2 2676
2 215
2 1460
2 1211
1 2210
1 2336
1 2797
1 217
2 807
2 844
1 3012
1 483
1 902
2 472
1 2547
2 2546
1 2705
2 842
2 1918
2 702
2 2415
1 2175
1 415
1 247
2 2299
2 180
1 136
1 3039
1 1241
1 155
1 983
2 2190
2 2905
2 2108
1 135
2 5
1 2541
1 2573
2 3032
2 2029
1 1854
1 1333
1 1617
1 1202
2 2302
2 2762
2 3015
2 1273
1 49
2 2687
1 1030
2 2374
1 704
2 2289
1 997
2 2694
1 1329
2 2515
1 347
1 2135
1 2785
2 25
2 2864
2 2151
2 2603
1 3020
2 1410
1 2286
2 2153
2 2961
2 1270
1 2451
1 16
1 2108
2 836
1 2715
1 1951
2 1948
2 3027
1 1105
2 1403
2 2360
2 2717
2 606
2 1010
2 1453
1 1864
1 2461
2 1334
1 2748
2 1024
2 1631
1 1907
2 693
2 2759
1 115
2 2667
1 1825
2 271
2 748
1 1307
2 1497
2 2809
2 2058
2 1161
1 1561
2 362
2 2399
2 355
1 2230
2 700
1 1475
2 1173
2 57
2 2941
1 1221
2 2524
1 1029
2 32
1 2051
1 2826
1 542
1 1207
2 2434
1 1839
2 2623
1 512
1 2114
2 1240
2 1448
1 312
1 2112
1 1455
2 2020
1 2114
1 683
1 2923
1 1033
2 1250
1 116
1 11
1 898
2 1042
1 550
1 2530
2 217
2 1887
1 738
1 986
1 463
1 720
2 1823
2 2162
2 996
2 284
1 363
1 5
1 659
2 397
2 1559
1 2170
2 2442
1 2621
2 2393
1 304
1 1936
1 2511
2 1159
1 1624
1 1141
2 2733
1 2237
2 1796
2 184
2 1715
1 1108
2 315
1 2118
2 504
1 1399
2 2223
2 1154
2 2440
1 1723
2 283
1 295
1 955
1 779
1 1215
2 2458
2 963
2 215
2 368
2 1208
2 2953
2 932
2 1096
1 2764
1 1725
2 1138
2 1112
1 2054
2 1435
2 433
2 1734
2 1695
2 1833
1 177
1 102
1 1884
2 2267
2 1088
1 637
1 2612
2 1315
1 82
1 2691
2 565
2 1804
1 2537
2 2707
2 2572
1 1922
1 650
2 2303
1 622
2 713
2 929
1 1650
2 2870
1 2183
1 2791
2 1487
1 2844
1 2473
2 198
2 1508
2 1720
1 971
2 1011
2 2662
1 1949
1 2357
2 2868
1 2722
1 687
1 1441
2 850
2 721
2 1521
2 481
2 2407
2 2794
2 250
2 543
2 218
2 1469
2 1223
1 92
1 2371
1 2201
2 988
2 1686
1 1459
1 78
1 65
1 2140
2 320
2 1155
1 1896
2 2757
2 1652
2 2288
1 1014
2 2376
1 57
1 1043
1 402
2 2208
1 546
2 1394
1 345
2 2168
2 2433
1 1779
1 675
1 2059
2 12
2 2143
1 888
2 2593
2 2037
1 641
1 2
1 2573
1 1131
1 2782
1 496
2 1356
1 393
2 144
1 806
2 1511
2 1701
2 2577
2 2568
2 2116
2 1977
2 2823
1 2871
1 242
1 2064
2 930
1 2055
2 1122
2 138
1 2453
1 578
2 671
2 89
2 538
2 1898
2 2836
2 2590
1 1841
1 1036
1 1527
1 698
2 1488
1 505
2 1302
1 207
2 1726
1 2780
2 2513
2 2141
2 1997
2 1897
2 923
2 1543
2 3021
2 359
1 3018
2 848
1 2490
1 657
2 2285
2 1291
2 438
2 1133
2 2480
2 1466
1 1599
1 1132
1 1992
2 1835
1 986
2 2596
2 2328
2 474
1 2511
2 2177
1 819
1 3045
1 647
2 554
1 1385
1 1474
1 3029
2 2846
2 2718
2 563
2 355
2 460
1 2346
1 61
1 1737
1 978
1 2140
2 1062
2 593
2 365
1 2644
2 2271
1 1670
1 2261
1 679
2 2006
1 744
2 631
1 2180
2 2629
1 1292
1 3019
2 586
1 2807
2 1646
1 1321
1 2033
1 1345
2 148
2 484
1 2256
1 445
2 519
2 420
2 3004
2 1522
1 1537
1 1613
2 610
2 1353
2 994
1 1121
1 1994
2 951
2 2921
2 921
1 793
2 2424
1 59
2 208
2 2138
1 2383
2 1855
1 1082
2 255
2 696
2 1784
2 1900
1 935
2 808
2 2559
1 1596
1 1878
1 2679
1 1957
2 531
2 2274
1 2456
2 1027
2 211
1 2374
2 1961
2 2255
1 1674
2 2725
2 1717
2 2500
1 2480
1 1536
1 896
2 31
1 456
2 1704
2 2614
2 1351
1 657
1 2073
1 2786
1 2372
1 1582
1 107
2 1146
2 2329
1 351
2 2839
1 2213
2 1370
2 530
2 554
2 194
2 1779
2 837
2 2684
2 2864
2 1484
1 864
1 596
2 2726
1 435
2 1585
2 2589
1 191
1 73
2 2950
2 1642
1 1415
1 1500
2 2559
2 2999
2 1225
1 2040
1 2318
2 1129
2 178
2 1823
2 2073
1 281
2 1819
1 2337
2 2373
2 1375
2 2083
2 1562
1 1638
2 2943
2 468
2 503
2 1714
2 2262
1 308
2 1408
2 1430
1 1685
2 2268
2 77
2 1193
1 505
2 968
2 1790
1 789
1 1663
2 1167
2 2814
2 272
2 2005
2 1937
2 455
1 2714
1 107
1 2142
1 1805
1 1560
1 2445
1 2855
1 1693
2 873
1 1805
1 1727
2 2449
1 2301
2 2921
1 1031
1 1658
1 1278
2 1748
2 1215
1 2628
1 2488
2 969
2 902
2 1694
1 1026
1 2570
2 372
2 2643
2 1769
1 142
2 124
1 1607
1 2289
2 2955
2 1279
2 1508
2 1170
1 236
1 9
1 1105
1 2550
2 93
2 782
2 2734
1 676
1 2627
1 1768
2 2651
2 522
1 34
1 255
2 1944
2 2792
1 2809
1 362
2 2008
1 527
1 2669
2 1684
1 23
2 694
1 1139
2 2496
1 2022
1 419
1 519
1 499
1 2700
2 1011
1 1350
2 1784
2 2712
2 1143
2 881
2 2040
1 801
2 2377
1 2751
1 1503
1 951
2 886
1 1556
1 2835
2 2214
2 332
2 2436
2 2322
1 2170
2 1492
1 1222
2 2626
1 2894
1 1290
1 570
1 2042
2 1420
1 2314
1 131
2 1639
1 2671
1 96
1 749
1 2924
1 1657
2 1344
1 1340
2 965
2 2037
1 2773
1 296
1 248
2 2092
1 1713
2 2150
1 1093
2 430
1 700
1 408
2 536
2 1004
2 1214
1 210
1 835
2 1718
1 934
2 1798
2 2992
2 515
2 2279
1 403
2 1753
2 273
2 1044
1 269
2 2620
2 695
1 1390
2 2275
2 974
2 883
1 2247
2 172
2 1858
1 2659
2 2767
1 244
2 2733
1 634
2 2489
2 1495
1 3004
2 1524
1 999
2 1275
1 1165
2 1977
2 2764
2 1656
2 1150
1 3021
1 966
1 1332
1 470
1 2218
1 490
1 2532
1 1534
2 1188
1 2294
1 584
2 2825
1 1001
1 201
2 1145
1 1013
1 2829
1 2458
1 927
1 553
2 740
