6100 5000
1 1112
1 2857
2 1756
2 494
2 2624
1 1125
1 152
2 2699
1 1013
2 1936
1 1209
2 524
2 2763
2 502
2 2160
2 463
1 266
1 1180
1 2674
1 1632
2 2071
1 2436
2 102
2 1227
2 955
1 602
1 2127
2 1746
2 1752
1 1161
1 2437
2 2129
1 1071
2 207
1 1462
2 436
1 1495
2 357
2 1766
1 2884
1 2719
2 1391
1 1834
2 1725
2 1909
1 733
1 1345
2 618
2 2277
2 962
1 1733
2 569
2 377
1 2772
2 1313
1 1628
1 2470
1 878
1 2961
2 1254
1 20
1 1484
1 1331
2 389
2 1212
1 2740
1 1811
2 2655
1 2062
1 1736
1 942
2 1280
1 1282
2 1035
1 2497
1 1566
1 1363
1 2768
2 847
2 1585
2 1466
2 535
2 3043
2 498
2 2493
1 899
2 233
2 845
1 3013
2 636
1 579
2 1117
2 737
1 2283
1 2207
1 103
2 847
2 415
2 2371
1 2971
1 2036
2 2017
1 1718
1 162
2 2577
2 1943
2 2375
2 1561
1 1819
1 1706
2 351
2 2448
1 1584
1 235
2 2169
2 3007
2 2370
2 305
1 1424
1 327
2 690
2 372
2 734
1 2756
1 42
2 1419
1 2765
1 2419
1 104
1 607
2 522
2 1911
1 2563
1 1556
2 32
1 3009
1 2622
1 2781
1 1649
2 356
2 2938
2 531
1 744
2 383
2 1908
1 1080
2 1449
2 2182
1 1015
1 1983
2 1594
2 1572
2 1120
2 1203
1 330
1 2352
1 2688
1 1346
1 2082
2 3048
2 1
2 2391
2 2480
1 2135
1 1783
2 2303
2 1390
1 224
2 2708
2 2455
1 870
2 202
1 2300
1 2196
1 1976
2 260
2 629
1 457
1 2976
2 1496
2 1315
2 126
1 85
2 3012
1 1300
2 456
2 1424
1 2876
1 519
2 1029
2 2627
1 2843
1 895
2 2694
1 278
2 2855
1 735
2 36
2 2523
1 2530
1 1102
1 1771
1 1057
1 208
2 1270
2 1156
1 1216
2 3002
2 1860
1 2428
1 549
1 1131
2 279
1 1357
2 1456
2 2574
1 1692
2 223
1 1225
2 418
1 1573
2 2421
1 2439
2 3034
1 2203
1 2747
1 1553
2 1725
2 1927
2 1744
1 2869
2 1409
2 1560
2 1349
1 538
2 981
2 527
2 1874
1 1581
2 816
1 1795
1 1200
2 1888
2 1790
1 628
1 50
2 2596
2 1698
2 109
2 732
2 1842
2 332
2 1881
1 1455
2 417
2 565
1 2943
2 1077
2 2145
1 1192
1 142
2 402
1 1027
1 2738
1 1706
1 1521
2 194
2 473
1 440
2 2224
1 1872
2 2177
2 425
2 2038
2 2732
1 2277
2 159
1 2265
1 361
2 1796
1 2070
1 2704
1 2437
2 1714
2 2828
1 2061
1 762
2 984
2 496
2 1832
1 2870
2 1781
1 2913
1 1100
1 1946
1 652
2 1180
1 1684
1 2579
2 1493
1 657
2 2369
2 141
1 1770
1 1173
2 1146
2 81
1 1882
1 2532
1 148
2 187
1 1701
2 671
2 226
2 740
2 1647
2 2164
2 2889
1 2754
1 2731
1 2755
1 2293
1 1664
1 925
2 2452
1 2804
1 331
1 1533
1 1626
2 2589
1 2975
2 1781
2 3017
2 1820
1 1399
2 2204
2 2339
2 175
2 1908
2 221
1 1733
2 2068
2 173
1 1574
2 66
1 1308
2 1119
1 12
2 399
1 463
2 2425
1 760
2 2486
1 2764
2 1529
1 2380
2 45
2 2813
1 3036
1 1221
2 1012
2 2563
1 225
1 1751
1 1863
2 1954
1 1112
1 2555
1 2073
2 2098
2 130
2 2771
1 1679
1 23
1 2494
2 2871
1 351
2 2611
2 1030
2 2101
1 1979
2 1696
2 62
1 2792
2 2127
1 2699
2 1354
2 403
1 723
1 2736
2 99
1 2876
1 858
2 1878
2 1347
2 1190
1 2449
1 1183
1 2701
1 2183
1 3010
1 68
2 966
2 2722
2 1732
1 2223
2 1552
1 1416
2 1831
1 2548
2 828
2 1727
1 1054
1 2370
1 1121
1 660
2 2806
1 359
2 2859
2 750
2 460
2 1153
1 1435
1 1726
1 182
2 2026
2 2205
2 1913
2 865
1 2194
2 248
1 2298
2 1248
1 303
1 592
2 2181
2 1403
2 424
2 1471
2 1388
1 1020
2 21
2 986
2 2952
2 1300
2 2174
2 1295
1 1709
1 96
1 1669
1 1317
1 120
1 819
1 1840
2 1229
2 153
1 363
2 2751
2 107
2 2112
1 1989
2 944
2 1511
2 1357
1 410
2 316
1 2575
1 185
1 2737
1 2724
2 2663
1 2332
2 376
2 904
1 2121
1 1055
2 1661
1 2079
1 270
2 2191
2 3019
2 1851
2 2693
2 1982
2 1970
2 2518
2 2920
2 2647
1 2075
1 1980
2 3028
2 1107
1 495
1 2262
1 1432
2 443
1 776
1 1812
2 165
2 2568
1 188
2 490
1 1205
1 1584
1 1369
1 1521
1 2725
1 1342
2 2142
1 1773
2 616
1 2149
1 1169
2 1231
1 1694
2 2484
2 1720
2 1592
1 2197
1 520
1 1695
2 2549
1 893
2 2292
1 1822
1 1386
1 2897
2 1272
1 445
1 2557
1 1283
1 2383
2 2294
1 1808
1 3005
2 2781
1 583
1 2132
2 702
1 2074
2 1456
1 1838
1 848
1 1200
2 240
1 2582
1 800
2 1261
1 1448
2 1263
1 821
2 333
2 1604
1 1692
1 37
2 2456
1 1139
1 436
1 174
2 561
2 2138
2 778
2 2191
2 1659
2 2255
1 1293
2 914
1 147
1 727
1 1566
1 1912
1 232
2 2409
2 1899
2 1103
1 1430
1 1452
2 1991
2 1993
2 514
1 1166
2 326
1 2657
1 2577
2 2114
1 2490
1 1236
2 151
2 34
1 1768
1 1492
1 2379
1 2028
1 1624
1 2627
1 1877
1 2419
2 806
2 2124
2 2513
1 2059
2 686
2 2680
1 1296
1 1102
2 1996
1 1342
1 2529
2 730
2 2794
1 2094
1 2654
1 1093
2 2374
1 2541
2 2695
2 596
2 394
1 882
1 1334
2 2080
1 885
1 1505
1 864
1 1422
1 20
1 1239
1 619
1 1361
2 420
1 2566
2 212
1 696
2 2268
1 939
1 1743
1 892
2 1883
1 631
2 2582
1 2006
2 947
1 1379
1 1954
1 840
1 775
2 964
1 695
1 2222
2 1174
2 2476
2 2921
2 548
2 1374
2 2190
2 1169
1 1083
1 259
2 1364
2 275
1 2904
2 1974
2 2925
1 2429
2 221
1 2052
2 1950
1 3014
1 1
1 2155
2 2139
1 3016
1 15
1 1629
2 714
1 413
1 2506
2 2083
1 103
1 656
2 1353
2 595
1 2656
2 539
1 1942
1 953
1 2033
2 155
1 269
2 862
2 826
1 1286
2 985
1 422
1 168
1 1397
1 2933
1 1986
1 2060
2 1793
1 2215
1 1047
2 1440
2 1724
1 1578
1 1356
1 1450
2 2143
2 2273
2 689
1 3026
2 1640
1 868
1 1700
2 1970
2 753
1 264
2 1889
2 1140
1 1288
2 93
2 325
1 2100
1 2831
1 1805
2 1179
1 760
2 117
2 2085
2 754
1 2312
2 1330
1 2894
1 399
2 806
2 527
2 1472
1 623
1 184
1 21
1 2234
2 161
1 500
2 2724
1 1465
1 869
2 1250
2 1599
1 2784
1 2594
1 662
1 1580
1 302
1 469
1 2618
2 1113
1 2113
2 1367
2 1901
2 2559
1 2312
2 414
1 2995
1 1442
2 707
1 1679
2 1245
1 1939
1 1454
2 1059
2 896
1 2723
1 2425
2 2382
2 2849
1 869
1 1490
2 2270
1 387
1 1495
2 323
2 2181
2 2002
1 970
2 1130
1 120
1 2677
1 1237
1 1114
2 2718
2 96
1 1654
1 1708
1 65
1 2527
2 91
2 2025
1 2224
2 2810
1 2319
2 571
1 2968
2 1500
1 116
1 2939
2 53
1 319
1 2340
1 1060
1 2354
1 382
2 1378
2 1858
2 2930
1 2353
1 1973
1 912
1 1043
2 1080
2 1854
1 1561
2 939
1 2471
1 1538
1 2489
1 2296
2 1464
1 560
2 435
2 333
1 1985
1 2629
1 2424
1 2198
1 374
1 2045
2 1601
2 1383
1 229
2 1807
2 1810
1 2159
2 2877
2 2359
1 1702
1 2141
1 2970
1 2933
1 1910
1 2706
1 727
2 913
1 2680
1 2266
1 1083
1 2217
2 1014
2 1226
2 2825
2 1523
2 1317
2 2044
2 69
2 2703
1 1196
1 2859
2 265
1 2108
2 2005
2 439
2 2243
1 2590
2 2591
1 567
1 569
2 2351
2 1042
1 2837
1 531
1 1025
1 36
2 2208
2 577
1 97
1 1427
1 2675
2 2710
1 2347
1 337
1 2390
2 2490
1 1332
2 1635
2 1058
2 1026
1 2646
1 2687
2 886
2 2981
1 2104
2 1754
1 771
1 2130
1 1917
2 2417
1 568
2 156
1 1360
2 28
1 385
1 1197
1 2125
1 2519
2 2269
1 454
1 2005
1 2343
2 2513
1 404
1 1664
2 672
1 764
2 1850
2 1542
1 243
1 2762
2 1894
2 1956
1 2267
1 1555
1 6
1 1029
2 1674
1 1949
1 1644
1 1337
1 1104
1 141
1 251
1 2775
2 1806
2 1184
2 1973
2 245
2 2162
2 492
1 900
2 638
2 952
2 2600
2 2994
1 1037
2 235
2 960
2 1924
2 237
2 509
2 791
1 267
2 2115
2 1635
2 309
1 1670
2 329
2 1625
1 2922
1 2803
1 1268
1 450
1 2953
2 1712
1 140
2 2954
1 2154
2 2502
1 2209
1 2031
1 1623
1 2508
1 2105
2 936
1 852
2 1474
1 987
1 2812
2 2670
1 518
1 2250
2 1433
1 3020
1 995
1 1671
1 1569
1 1198
2 247
1 2685
2 1838
1 836
2 283
1 2910
2 2793
2 945
2 2545
1 827
1 342
2 1660
2 997
1 1172
1 2226
2 145
2 117
1 2376
1 832
2 2855
1 1252
1 2632
1 1869
1 2654
1 2746
1 2281
2 2305
2 1686
2 578
2 2453
1 1017
1 1937
2 1081
2 1856
1 1512
1 2880
1 2214
1 1009
1 1824
1 464
1 1320
2 1897
2 3017
1 1637
2 2341
1 2213
1 278
1 1323
2 311
2 2070
1 845
2 2818
1 691
1 715
1 1340
1 1439
2 1801
1 2783
1 1147
1 240
1 1735
1 429
1 1269
1 111
2 1780
1 1613
1 456
1 2572
1 2830
2 1994
2 1616
1 659
1 2172
1 1412
1 2705
1 2130
1 123
1 57
1 1461
2 706
1 804
2 2641
1 1731
2 1938
1 469
2 575
2 1297
1 1686
2 825
2 1208
2 2461
2 1845
1 3014
2 2810
1 682
2 748
1 681
1 1498
2 2427
2 180
1 2361
2 1116
2 1474
1 1247
2 1673
2 2597
2 1956
1 154
2 653
2 2438
1 731
2 2228
1 1985
1 964
1 2333
1 2661
1 366
1 2943
1 786
2 809
1 1841
1 2968
2 46
1 2705
1 1765
2 550
2 200
2 2440
2 19
2 2472
1 1492
2 3015
1 1010
1 2495
2 871
1 2727
2 2888
2 564
2 2292
2 1918
2 2068
2 718
2 296
1 2286
1 883
1 132
2 38
2 470
1 2681
1 2025
2 789
1 758
1 2915
1 2615
1 794
2 2596
2 201
1 2015
2 389
2 2260
1 1375
1 2331
1 214
2 721
1 89
1 1777
2 2607
1 2336
1 2977
1 3045
1 1768
2 739
1 183
1 1858
2 2406
2 3028
2 1447
2 2226
1 1461
1 1837
2 1589
1 2069
1 14
1 157
2 1266
2 160
2 716
2 1783
2 2956
1 2248
1 1821
1 1721
1 1178
1 2555
1 25
1 1549
2 1594
1 1849
2 2856
1 2238
2 171
1 2970
1 655
1 1234
1 1248
2 1631
1 1872
1 2175
1 2651
1 2200
2 488
1 1277
2 353
1 2952
1 2114
2 1189
1 3010
2 1848
2 2980
2 793
2 2973
1 178
2 55
2 1459
1 2912
2 2638
2 2598
2 2947
1 1558
1 1666
1 2252
2 146
1 1906
1 1822
1 965
2 1615
2 2172
1 2593
1 2216
2 1519
1 2501
1 629
1 1366
1 1152
2 2231
1 2881
1 991
1 2817
1 934
1 639
1 486
2 3035
2 442
1 1237
2 1966
1 1415
1 624
1 1821
1 107
1 987
1 1758
1 2567
2 2091
2 632
1 1538
2 1554
2 1351
2 2623
1 2860
1 2917
2 210
2 648
2 2715
1 999
1 1853
1 2896
1 605
1 479
2 405
1 1805
1 2782
1 1748
2 772
2 2272
1 2357
2 971
1 1798
1 59
2 2274
2 2867
1 823
2 2932
2 1345
1 1420
2 575
2 2342
1 1865
2 1726
2 2955
1 659
1 1505
1 1940
2 1242
1 1435
2 2915
2 127
1 557
1 3030
2 2445
1 724
1 429
2 312
2 2944
2 2288
1 2261
2 2302
2 2257
2 2556
2 1775
1 2842
2 594
1 1023
1 930
2 1999
1 589
2 1343
1 1647
2 407
1 1557
2 2256
1 2914
2 88
2 2212
1 48
1 2593
2 1509
1 1656
1 2479
2 1179
2 1543
1 707
1 1823
1 832
2 1503
1 1344
1 1181
1 2230
2 631
2 669
2 1572
1 1239
2 855
1 2264
2 1809
1 15
2 2457
1 1739
2 2487
1 8
1 1096
1 1786
2 2761
2 540
2 218
2 2700
1 67
2 1537
2 1593
2 1262
1 1984
2 2924
1 697
1 1587
2 2307
2 2076
1 664
1 1958
1 680
2 784
1 2662
2 385
1 726
2 2160
2 1736
2 1941
2 1265
2 173
2 272
1 936
1 2007
1 1552
1 203
1 2499
1 2834
2 2845
1 237
2 2799
1 1057
2 1648
1 585
1 2282
2 104
1 1249
1 2451
1 175
1 917
1 2058
1 2578
1 1326
2 433
2 1417
2 2708
2 2364
1 101
2 1753
1 1361
1 1114
2 1303
2 2040
2 369
1 1750
1 589
1 615
2 2840
2 1583
2 51
2 530
2 1929
2 1460
2 2751
2 1170
2 2475
2 657
2 2064
1 819
1 1947
1 55
1 1737
1 2001
2 337
1 2828
1 2966
1 167
2 1468
2 508
1 2004
1 2048
1 641
1 1766
2 868
2 2380
1 588
2 930
2 2427
1 2443
1 2176
2 1534
2 247
2 2297
2 331
2 1895
1 2015
1 435
1 1437
2 2744
1 108
1 1281
2 2465
1 1675
1 2503
1 2564
1 2067
2 1434
2 874
1 2434
2 2762
2 703
1 1478
1 2316
1 229
2 587
2 2892
1 2075
2 2648
1 3005
2 2678
2 798
2 1164
2 208
1 80
1 1063
1 2412
2 1392
2 1671
1 2866
1 47
2 1405
2 994
1 2599
1 64
2 1341
2 1477
1 1087
2 1039
1 720
2 1953
1 846
1 2663
1 690
2 612
1 299
1 2453
2 2463
1 836
2 72
2 215
1 1570
1 225
1 196
2 2723
1 2691
1 1709
2 3012
1 1195
2 812
2 902
1 1934
1 1833
1 2232
2 1429
1 1209
1 975
2 52
2 2638
1 2570
2 1372
1 1320
2 2156
1 2187
2 543
1 1703
1 1454
2 1049
1 1182
2 1021
2 200
2 2002
2 796
1 1196
1 1019
1 850
2 2530
2 863
1 335
2 802
2 128
2 228
1 1291
1 2020
2 1591
1 2795
2 408
2 181
1 886
2 1147
2 2545
1 1690
1 807
1 2551
1 2649
1 334
2 119
1 913
1 737
1 1839
2 546
2 1219
2 3022
1 310
1 1031
1 447
2 2964
1 2972
2 405
1 2280
2 2267
2 1337
2 2748
2 1987
1 2671
1 136
2 3000
1 273
2 1835
1 2409
2 1515
2 1362
2 2034
2 2018
1 2602
1 2133
2 2983
2 255
1 2219
1 1072
1 196
2 2317
1 1233
2 1590
1 513
1 269
2 1804
2 2393
1 2042
2 2874
1 665
2 1123
2 2445
1 1331
2 2065
2 452
1 2780
1 217
1 2802
2 2670
1 2831
2 1608
1 241
1 2050
1 892
2 572
1 1655
2 992
1 242
2 1261
2 1764
1 347
1 62
1 1849
1 1605
1 1425
1 307
1 1895
2 1574
2 2462
1 946
1 2458
2 1754
1 217
2 2009
1 2137
2 2667
2 2334
2 1547
1 1109
1 1932
2 8
2 2510
1 666
2 701
2 491
2 711
1 2407
1 2372
2 144
1 2306
2 2326
2 139
1 2629
2 1302
2 26
1 1142
2 630
1 494
1 2056
1 228
1 1585
2 506
1 2617
2 1414
2 1761
1 1703
2 1371
1 1677
1 2322
2 1567
2 603
1 1348
1 2468
2 2807
2 2342
1 2363
1 2934
2 673
2 732
2 2410
1 2560
2 1847
1 972
1 2102
2 757
1 640
2 1799
2 287
2 2522
1 368
1 1557
2 1563
1 3042
1 808
1 1957
2 908
2 2119
2 2773
1 1570
1 1128
1 2421
1 1384
2 2550
2 244
1 790
1 2842
2 2163
2 1958
2 304
1 1265
1 142
1 2721
1 687
2 2170
1 1479
2 1327
2 1135
2 1277
2 1086
2 1730
2 484
1 1782
1 1634
1 1157
2 390
1 541
1 959
2 2450
1 1794
1 1905
2 1595
1 131
2 837
2 2047
2 26
1 1610
2 2956
2 2569
2 736
2 2926
1 503
2 3027
2 315
1 978
1 3049
2 2274
1 522
2 2327
2 776
2 2920
2 422
2 607
1 29
1 2986
1 1093
1 2209
1 2890
1 534
1 1620
2 1322
2 793
2 1228
1 83
1 2571
2 1273
1 2434
1 2770
2 1217
1 1382
2 2184
1 2870
2 362
2 1116
1 2679
1 1975
1 2131
2 1553
1 2734
1 628
2 1530
1 2477
2 584
2 829
1 2779
1 1047
1 2785
1 2348
1 654
1 2641
2 1511
2 497
2 2050
1 145
1 509
2 1690
1 2849
2 747
2 1316
1 238
2 1439
1 1678
1 1699
2 1996
2 2184
2 1468
1 1249
2 2245
2 976
1 192
1 1688
1 1012
1 285
2 1338
1 2003
1 1676
2 1467
2 1701
1 2452
1 1903
2 398
2 680
1 1387
2 506
2 1900
2 1528
1 1676
1 1969
1 1451
1 254
1 637
2 3008
1 233
2 2505
1 2415
2 481
1 1825
2 2504
1 2984
1 1005
2 2053
2 1597
2 2574
1 803
2 2384
2 1605
1 2420
2 2304
1 1478
1 1583
1 1429
1 298
2 1206
1 380
1 2603
2 2389
2 264
2 1148
1 1638
1 692
2 1497
1 1165
2 2053
1 2967
1 129
1 493
2 2285
1 261
1 2684
2 967
2 1990
1 37
1 1913
1 1499
2 1115
1 602
1 163
1 2234
2 674
1 969
1 2573
2 1995
2 1413
1 713
2 115
1 2372
1 1407
2 2797
1 332
1 2987
2 468
2 458
1 2891
2 2852
2 1173
1 2306
1 2178
2 700
2 2433
2 91
1 1920
2 1446
2 2581
2 95
2 482
2 2202
1 928
1 736
2 2028
1 1158
2 2166
1 3029
1 1666
1 125
2 198
1 893
2 158
2 255
1 2381
2 1189
1 1011
2 1814
1 2994
1 2383
2 277
2 879
1 2211
2 938
2 1338
2 1434
2 276
1 195
2 461
2 1582
1 1229
2 2294
2 1280
2 2686
1 1232
2 880
1 2275
1 2353
1 1393
1 1274
2 2311
2 2595
1 1293
2 2972
2 1051
1 583
2 1175
2 894
2 784
1 2843
2 1938
2 973
2 1614
2 1090
2 2319
1 275
1 2475
2 2931
2 355
2 983
1 3030
2 334
1 2109
1 974
1 1663
2 2495
2 2430
2 2602
1 77
2 2332
2 769
2 2082
2 792
1 2254
2 2309
2 2403
2 2402
1 1767
2 918
1 1213
1 2423
2 445
2 38
2 263
1 862
2 698
2 176
1 1931
1 2697
1 1713
1 2333
1 559
2 2318
1 1234
2 2928
1 1964
2 341
2 1898
1 2934
1 1586
1 980
2 2318
2 558
2 907
2 1988
2 1004
2 2478
1 1309
2 1995
1 2538
1 2891
1 834
2 1530
1 2721
2 1134
2 1204
2 367
2 2679
2 128
1 2496
1 1978
2 388
2 2929
1 524
2 3029
2 2233
1 1790
1 2236
1 462
1 2123
1 1920
2 476
2 2310
2 2202
2 2917
2 2040
2 1914
2 1394
2 1716
1 3025
1 1263
1 312
1 619
1 101
1 929
1 2946
1 340
2 397
1 1508
1 1952
1 2141
1 1022
2 1915
1 2407
2 2732
1 2669
1 382
2 753
1 1615
2 660
2 1159
1 2826
2 398
1 2896
1 1048
1 2754
1 2846
1 285
2 1729
2 2241
1 2590
2 730
1 2959
2 735
2 783
2 1400
2 2897
1 1577
2 1955
2 1793
2 2231
2 1041
1 1934
2 1927
2 2630
2 766
2 574
2 2080
1 2937
2 1488
1 849
1 2279
1 872
1 160
2 687
1 2618
1 782
1 1609
1 529
1 2362
1 1045
1 826
2 1416
1 227
1 741
2 2135
2 2941
2 479
1 164
1 2944
2 1759
1 2411
2 996
1 2875
1 1134
2 1120
1 677
1 977
1 2525
1 420
1 6
1 2704
1 2561
2 1186
2 2097
2 3013
1 2029
2 555
1 1752
2 559
1 2622
2 2284
2 18
2 950
1 1535
1 2741
1 1717
2 2847
2 1836
1 3026
2 765
1 668
2 2885
2 3003
1 1904
2 512
1 989
2 2735
2 1312
2 239
1 27
2 1038
1 1674
1 492
1 2799
2 253
1 2887
1 1327
1 1625
2 2252
1 740
1 641
1 1942
2 566
1 850
2 143
2 1735
2 1704
1 1021
2 2311
2 2476
1 2999
2 658
1 2872
1 114
1 897
1 1698
1 2819
2 2377
1 528
2 574
2 1622
2 1502
2 1001
2 246
1 1534
2 2610
2 1220
1 710
1 1651
2 841
2 1063
2 2692
1 704
1 694
1 2571
1 1395
2 211
1 888
2 1896
2 2796
2 2659
2 1125
1 206
2 2438
1 2651
2 2071
1 650
2 2324
2 1531
1 2935
2 1459
1 1264
2 437
1 854
2 1431
2 2302
1 2625
2 2796
2 2808
1 267
2 75
2 1961
1 644
1 2650
1 313
2 887
2 2156
2 84
2 204
1 1651
1 2524
1 1316
1 2354
1 1762
2 1299
2 844
2 298
1 2700
1 1514
2 1458
2 512
1 1844
1 3048
1 796
1 489
1 2388
2 2556
1 1515
1 2720
1 1136
2 1614
1 906
1 1779
2 2326
1 155
1 2358
1 206
1 1150
2 613
2 1123
1 1023
1 2536
1 2642
2 2655
1 1206
1 1662
1 627
1 1837
2 488
1 1516
2 2104
2 3000
2 261
2 578
2 2649
2 2535
2 177
2 1421
1 2839
1 1950
2 2539
2 1273
2 1014
2 3041
2 656
2 2087
2 1164
2 2151
2 1411
2 1092
1 1287
1 689
1 925
1 1074
2 1878
1 2448
2 1621
2 2931
1 1002
2 2821
2 1945
1 2725
2 1569
1 466
1 3033
2 1881
2 406
1 216
2 517
2 1056
2 1407
2 1290
1 2313
1 1536
1 166
2 1250
2 894
2 1795
1 1008
1 2284
1 2308
2 2625
1 2387
1 515
1 1668
2 2207
2 2393
2 2685
1 1529
2 2974
1 1869
1 800
1 348
2 1258
2 381
1 49
2 1499
1 1232
2 2268
2 2784
2 1512
2 2299
2 391
1 1974
1 2613
2 2829
1 99
2 2892
1 1928
2 384
2 1449
1 1723
1 1257
2 134
2 1745
1 1324
1 470
1 1756
2 584
2 1873
2 2857
2 11
2 476
1 1875
2 1359
2 412
2 1252
2 843
2 365
1 2018
1 1079
2 2411
2 708
1 794
1 833
2 2788
2 2565
2 2888
2 1490
2 547
2 2347
2 1187
2 1989
2 2320
1 2012
2 1154
2 780
2 2433
2 2067
2 601
1 1368
2 773
2 1032
2 581
1 1759
2 2422
1 2478
1 1431
2 1070
2 1061
1 2764
1 2323
2 2946
1 685
2 2786
2 2041
2 2864
2 1482
1 2195
1 2683
2 2373
2 1711
2 148
1 2644
1 485
2 306
2 1349
2 2099
2 483
1 653
1 1682
2 1119
2 2251
1 1886
1 2748
1 587
2 2682
2 2032
1 1352
1 2077
2 576
2 1148
1 713
1 2487
2 1469
1 719
2 2212
2 1792
1 2459
2 838
1 2950
1 1893
2 3047
1 1140
2 2516
2 2246
2 2182
1 1403
2 2805
2 1952
2 1190
1 2903
2 1480
2 2185
1 1683
1 949
1 757
1 1013
2 2664
1 1214
1 1933
1 710
2 122
1 2240
1 2693
1 2886
1 2220
1 1028
1 134
1 1007
1 2190
1 1937
1 1489
2 10
1 2777
1 3027
2 1060
2 1199
2 1612
2 347
2 2947
1 2417
2 2129
2 1365
1 1595
1 411
1 983
1 2158
2 438
1 1283
2 1257
2 2456
2 990
2 2795
1 1309
2 3002
2 392
1 901
1 17
2 1221
2 2055
1 1253
2 989
2 184
1 138
1 447
2 1106
2 2175
1 2709
1 1364
1 1400
2 774
1 545
1 392
2 1710
2 1802
2 814
2 73
1 787
1 818
1 2017
1 307
1 2696
1 1806
2 1109
1 579
2 2058
2 116
1 452
2 755
2 1673
1 1489
2 1866
2 1608
2 684
2 485
2 799
1 920
1 426
2 2594
1 373
2 1816
2 2278
2 1575
2 1758
1 2183
1 817
2 1657
2 16
1 1871
1 751
1 986
1 2400
2 2066
1 1744
2 135
2 2694
2 290
2 837
2 2390
1 2086
1 654
1 805
1 2474
2 1890
1 1840
1 2446
2 192
1 1122
1 137
2 1319
1 1402
2 318
2 2713
2 482
2 942
2 2374
2 834
1 2745
2 1767
1 1902
2 2344
1 2975
2 2201
2 1464
1 1509
2 2442
1 2761
2 1111
1 1971
2 1719
2 368
1 2498
2 1118
2 279
2 747
1 2485
2 2814
1 444
1 2179
2 2045
2 44
1 1506
2 1018
1 467
2 224
2 1788
1 1944
2 533
2 2906
1 2609
2 2103
2 2295
2 1644
2 2824
1 1747
1 1053
2 889
2 1935
1 1321
1 744
1 2853
2 797
2 2148
2 2827
2 94
2 1366
2 2826
2 364
1 1362
1 2988
2 2341
1 725
1 887
1 2793
1 280
2 1045
2 1879
1 2180
2 2515
2 2337
2 2150
1 919
1 2435
1 2789
2 238
2 1551
1 2592
2 318
2 2979
1 2532
1 2825
1 1680
1 1915
2 1905
1 1522
2 459
2 504
1 1480
1 958
2 358
2 525
1 2681
1 2576
2 1925
1 363
1 114
1 441
1 3011
1 858
1 1502
2 1702
2 236
1 1445
2 2398
1 681
2 243
2 2710
1 1687
1 282
2 2394
2 336
1 825
2 529
2 2554
1 2426
2 1350
2 993
1 1064
1 1211
1 940
1 1279
1 3020
2 1532
1 2979
1 1138
1 1076
2 370
2 1278
1 1110
2 2604
1 3041
2 1565
2 2851
2 2719
1 2365
1 273
1 2874
2 1336
2 768
2 421
2 2128
1 2579
1 2642
1 2203
2 1074
2 1732
1 2046
1 1862
1 2447
2 1641
2 2315
2 2009
2 400
1 1335
2 227
2 643
1 1609
2 1606
1 758
1 2366
1 1741
2 504
2 361
1 209
2 2712
1 2945
2 1724
1 1068
1 1005
2 708
1 2138
1 2259
1 1355
1 360
2 2759
1 1243
2 2094
2 2167
2 1036
2 40
1 164
1 1988
1 623
1 2962
1 651
1 2727
1 1092
2 2606
1 2923
1 1044
2 300
1 1935
1 943
1 1065
1 401
1 2912
2 161
1 1578
2 664
1 2707
2 1335
2 1833
2 2533
2 2263
1 1292
2 693
2 1687
1 2472
2 1884
2 282
1 2865
2 2391
2 1213
2 731
1 2867
2 1078
1 2774
1 30
2 586
1 824
1 2106
2 1230
2 1161
1 1564
1 2962
2 152
2 2006
1 2450
2 2914
1 1853
2 380
1 2483
2 328
2 2170
2 1376
1 2457
1 2482
1 2346
2 131
1 923
2 1227
2 1393
2 1141
1 1825
2 767
1 219
2 475
1 822
2 914
1 244
1 1163
2 1981
1 608
2 1757
2 1387
1 112
1 346
1 1963
1 2987
1 2701
1 2802
2 2454
1 957
1 1668
2 2404
1 1050
2 2869
1 733
1 1367
1 3046
2 2612
1 2019
1 543
1 210
1 2776
2 2338
2 2351
1 2428
2 2179
1 2204
2 1510
1 937
1 65
1 33
1 88
2 745
2 1397
2 935
1 853
2 561
2 1892
1 1314
2 2037
2 770
1 2510
2 2116
1 590
2 2088
2 1133
2 1634
1 1201
1 2621
2 1223
2 1417
2 252
2 517
1 1597
2 2431
1 705
1 444
1 754
2 1144
1 2766
2 532
1 2853
2 2675
1 663
1 2531
2 749
2 326
2 954
1 1562
2 1947
1 1845
1 1279
1 2984
2 2399
2 266
2 1653
1 801
1 2657
1 92
1 2275
2 1001
1 752
1 1099
2 1481
1 2260
1 2880
1 202
2 954
1 3021
2 350
2 2192
2 2236
1 946
1 1742
1 2865
2 849
2 2783
1 705
1 1503
1 1645
1 1891
2 1210
1 2584
2 1483
2 573
2 1162
2 2056
1 1528
1 2958
1 1436
2 1008
1 1861
2 671
2 438
1 2948
1 2408
1 1282
1 618
1 2836
2 2712
1 1533
1 448
1 1852
1 2925
2 2836
1 874
2 1020
1 309
2 2887
2 109
2 2416
2 239
2 43
2 2484
2 2221
1 2837
2 1955
2 1921
2 3045
1 191
2 1867
2 2481
1 2868
1 1027
2 63
2 1272
2 51
2 1628
2 915
1 322
2 1796
1 1855
1 1307
2 553
1 1885
2 672
1 743
1 339
2 2473
2 126
1 1258
2 1211
2 1868
2 63
1 2467
1 2703
1 2155
1 724
2 2038
2 2144
1 1787
2 688
2 1081
2 2007
1 2032
2 2999
1 1413
1 2745
1 1117
2 2142
1 322
2 1259
1 14
2 29
1 2988
1 2908
2 1753
2 2838
2 2844
1 1694
2 1294
1 1967
2 2301
2 2151
2 110
2 1260
1 2940
2 1537
2 1137
2 1197
2 1866
2 1782
1 1410
2 2225
1 2235
2 1991
2 2329
2 1567
2 2995
1 1669
2 2512
1 295
1 2258
2 2283
2 694
1 293
2 2083
1 2259
2 493
1 1322
1 169
2 2079
2 344
1 2517
1 996
1 76
2 2415
1 2177
1 2997
1 1118
1 79
2 2136
2 2111
2 2982
1 2632
2 127
2 1984
2 2515
2 60
2 2560
2 455
1 2444
1 2604
1 674
1 1926
2 1906
2 2911
2 2636
1 2605
2 1539
2 1622
1 1623
2 2991
2 668
1 885
2 1812
2 1559
2 2611
2 1696
1 2286
1 1304
1 1700
1 1994
2 1751
1 354
1 2320
1 752
2 532
2 2235
1 2861
2 2778
1 1267
2 2242
2 111
1 1271
2 1194
1 1035
1 1463
1 1311
1 1800
1 2730
1 686
1 1177
2 2193
1 972
2 1520
1 1667
2 495
2 2115
1 533
2 3050
1 423
2 924
1 3023
1 218
2 2309
2 2166
1 2321
2 1482
1 2858
1 795
1 2163
1 2030
2 586
1 1453
1 2178
2 646
1 2521
1 197
1 2011
2 2180
1 1889
1 135
2 2639
2 157
1 1742
1 2441
1 2132
2 1158
2 1524
1 2455
1 2919
1 1398
2 1022
1 902
2 2173
2 1259
1 697
1 563
2 1617
1 2804
1 678
2 1373
1 503
2 71
1 970
2 2076
1 2098
2 1546
2 952
1 211
2 1734
2 2442
2 963
2 3036
2 1962
1 2667
1 1870
2 2048
1 1508
2 2998
1 2287
1 1428
2 927
1 2488
1 336
1 1292
2 779
1 7
2 2150
2 162
2 2771
2 2848
2 167
1 2057
2 608
2 2684
1 2702
1 2238
2 1241
2 1705
1 1642
1 1328
2 43
2 355
2 2919
1 1864
1 2360
1 1661
1 688
1 2803
2 2518
1 98
1 2643
1 3049
2 1983
2 1284
1 2923
2 1556
2 1876
2 284
1 2249
2 838
1 842
2 2608
2 904
2 2833
2 1269
1 1491
1 2830
2 263
2 1894
1 1470
1 742
1 1936
1 2759
2 2218
2 1043
1 1761
2 2106
1 424
1 1105
2 2777
2 433
1 2606
1 1160
1 78
1 1066
2 2149
2 2373
2 2467
1 1046
1 842
1 2223
1 2464
1 311
1 580
1 782
2 1377
2 1525
2 1981
2 480
1 2728
2 1857
1 547
2 728
2 933
2 1392
1 61
2 185
2 1826
2 617
1 2662
1 875
1 1563
2 1353
1 2787
1 2279
2 2785
2 1436
2 2493
2 2520
1 1798
1 203
1 1315
2 1328
2 1748
1 1138
2 431
2 2879
2 1133
2 1276
1 375
2 634
1 3001
2 507
1 439
2 2660
1 1990
1 931
2 432
1 890
1 2285
1 384
1 802
2 535
2 663
2 443
1 2013
2 1691
1 884
1 2666
1 1098
2 2325
1 2546
2 2813
2 1319
2 1410
1 922
2 1527
1 633
1 599
2 750
1 2580
1 1095
1 2882
2 2554
1 2877
1 1550
2 1394
1 1903
2 716
1 2219
2 2305
1 2601
1 905
1 2322
1 824
2 1314
1 2000
2 1784
1 741
2 80
2 1580
2 89
2 734
2 2090
1 2543
2 490
1 1493
1 1483
1 871
2 2153
2 2264
2 84
1 614
2 831
1 1289
1 1040
1 542
1 18
2 2753
2 1039
1 554
2 594
1 271
1 53
2 2034
1 450
2 2276
1 1204
2 889
2 2027
1 283
2 2616
2 1297
2 500
1 2820
2 2816
1 1208
2 2527
1 2899
2 910
1 169
2 1336
1 605
2 1737
2 2468
2 1127
2 1705
1 2348
2 2307
1 722
1 2031
1 809
1 1602
2 2690
1 1948
2 1443
1 1672
1 2273
2 186
1 1395
1 2482
2 2659
2 1333
2 471
2 2044
2 1880
2 2301
2 2750
1 1789
1 767
1 582
2 805
1 968
1 2730
1 898
1 428
1 1966
1 1099
1 1987
2 2716
2 545
1 56
1 2993
1 1531
2 2924
2 646
2 310
2 645
1 1526
1 1310
2 1380
1 42
1 376
2 2414
2 1130
2 1192
2 371
1 1385
2 1276
1 2541
2 1688
1 1129
2 799
2 988
2 1137
2 2767
1 2087
1 187
1 1144
2 2197
2 2974
2 1909
2 242
1 2950
1 1124
2 2095
2 1145
2 2330
1 1381
2 2165
2 2868
1 2872
2 900
1 2416
1 890
1 1278
2 2021
1 1944
2 2846
1 1546
2 2726
1 1785
2 245
2 591
2 511
2 136
2 2139
2 2054
2 1953
1 83
1 1602
1 426
2 2967
2 1244
1 216
1 2519
1 1100
1 2538
1 2479
1 2330
2 1562
2 480
1 1879
2 591
1 1501
1 396
1 2077
2 1443
2 1843
1 1486
2 863
1 302
1 1065
2 2635
1 256
1 27
2 658
2 1440
1 1979
2 801
1 138
1 1682
1 1646
2 2728
2 879
2 1373
1 92
1 544
1 2376
2 1829
2 2148
1 499
2 9
1 2027
2 1467
2 926
2 785
2 188
2 2516
2 609
2 2364
1 1191
1 3039
2 2520
2 1652
2 2750
2 1630
2 1056
1 2718
2 3006
2 416
1 2128
1 833
1 2187
1 403
1 1890
1 2588
1 2782
2 1544
1 562
2 2460
1 855
2 2614
1 603
2 362
2 2674
2 2553
1 1617
1 329
1 2854
1 2402
1 2921
1 1445
2 2729
1 2174
2 2085
1 213
1 2697
2 1004
1 1131
1 556
1 2239
2 2196
2 158
1 759
2 1385
2 2272
1 94
1 2291
2 2954
2 1871
2 675
1 2432
1 1835
1 2599
2 2356
1 859
2 2985
1 937
2 620
2 1216
2 2650
2 1603
2 280
1 1184
1 1219
1 2432
1 2092
2 2552
1 1650
2 520
1 1779
2 1607
2 2673
2 1788
2 35
2 756
2 965
2 2883
1 1423
2 2878
2 810
1 679
1 2105
1 817
2 1626
2 1771
1 2041
2 1374
1 818
1 2225
2 1061
1 386
1 1728
2 2171
1 2216
2 2592
1 627
2 2194
1 2099
2 1136
2 1598
1 2922
2 1473
2 432
2 1052
2 2147
2 393
2 341
2 2168
2 1460
2 1636
2 1775
1 1863
2 1058
2 519
2 2244
2 2990
2 1067
1 764
1 1774
1 1157
2 1455
1 2702
2 2850
2 1288
1 2271
1 1019
2 428
1 546
2 3031
1 343
1 931
2 1535
1 1993
1 721
1 2940
1 3044
2 1513
2 3040
1 2328
1 1873
2 2024
2 775
1 423
2 536
2 1904
1 391
1 2258
1 2349
1 1071
1 2424
2 213
1 2691
1 1520
1 1785
1 1728
2 2739
2 1078
2 1717
2 812
1 2963
1 1877
2 2401
2 2103
1 2634
1 1224
1 551
2 446
1 193
2 45
2 2359
1 2607
1 1193
2 66
2 2489
2 1256
1 2992
2 2812
2 1901
1 2451
1 2537
1 2290
1 1880
2 474
2 2981
1 998
2 1568
1 831
1 301
2 1411
2 395
1 1765
1 626
1 1355
1 3019
1 2368
1 2717
2 369
2 1066
2 2122
2 2263
2 1009
2 530
1 1711
1 31
2 2990
1 2410
1 48
2 2578
1 2772
2 2562
2 3043
1 1466
1 2505
1 1266
1 1665
1 844
2 460
2 163
2 1062
2 2907
1 1776
1 1398
2 738
1 1689
2 46
2 1215
1 2949
2 2834
1 950
2 3039
2 3024
2 712
2 1425
2 1256
1 2669
2 1129
1 2158
2 434
1 189
2 2613
1 2396
2 1438
2 1868
2 2107
2 1308
1 1003
2 3021
2 2418
1 2261
2 1641
2 521
2 2569
2 2159
2 2473
2 484
2 2820
2 1518
2 124
2 2026
1 1826
1 1370
1 3035
1 508
1 1630
2 948
1 2019
2 2637
2 920
1 1298
1 2620
2 77
1 194
1 1716
1 2300
2 1791
1 2339
2 539
1 33
2 599
1 718
2 2959
2 1203
2 2088
2 1370
1 1095
1 991
2 1665
2 1006
1 2958
2 397
1 2879
1 1968
1 2774
2 393
1 2823
1 2969
1 1707
1 1104
2 290
2 2573
1 153
2 2633
2 1593
1 2512
1 2633
2 1882
1 252
1 172
2 2262
1 2875
2 877
1 982
2 2517
1 1808
1 691
1 1018
2 1381
1 1007
2 2568
2 2093
2 1299
2 125
2 1132
1 1290
1 1598
2 338
1 2738
2 1053
1 60
2 1380
2 2989
2 2652
1 685
1 2334
2 2787
1 1072
2 342
2 1378
2 2291
2 2242
2 1577
2 2287
2 2397
2 2672
2 2404
1 1658
2 1365
1 1167
1 3015
2 2420
2 726
1 2382
2 1368
2 2600
2 1800
1 2918
2 2576
2 1811
2 704
2 1652
2 2
1 761
2 2818
1 2245
1 2097
1 1965
1 2367
2 910
1 2911
1 1558
1 978
1 448
2 1284
2 2544
2 2218
1 2345
1 1281
1 76
1 205
1 2257
2 1294
1 2074
2 745
2 3037
2 1202
2 644
2 2072
2 1930
2 1401
2 766
2 251
2 661
2 2570
1 854
2 2566
1 2587
2 1581
1 146
1 803
2 2429
2 110
2 207
2 1923
1 2358
1 39
1 839
2 1143
1 308
1 2640
1 144
2 1579
2 604
2 2173
1 321
1 465
2 1358
1 47
1 2665
1 2949
1 1351
2 1749
1 72
2 1491
1 2210
2 115
2 2343
2 1286
1 498
1 2200
2 274
2 683
1 1418
1 635
2 2363
2 2817
2 1458
1 1046
2 1579
2 2492
1 1730
1 1836
2 1631
2 945
1 2126
1 2239
1 2522
2 1089
1 2253
2 2096
1 2815
1 106
2 1325
2 3018
1 321
1 1176
1 2997
2 873
2 1329
1 13
2 1401
2 2695
1 2628
2 979
1 1390
2 709
2 1494
1 2644
1 568
1 1591
2 861
2 2303
2 2278
2 706
1 1132
2 2791
2 1402
1 994
1 593
2 410
1 2164
1 1396
1 625
2 2993
1 1541
2 2233
2 1618
1 2089
2 1517
1 2381
1 915
1 1797
2 2539
1 2550
1 2113
1 387
1 174
2 507
2 1830
2 262
2 2800
2 865
1 2131
1 497
2 1070
1 2658
2 2387
2 1844
2 2648
2 375
2 2743
1 82
2 1220
2 1794
2 1755
1 1832
1 1874
2 769
2 1876
2 2362
2 538
1 2739
1 948
2 1055
1 592
1 928
2 2331
1 551
2 1619
2 2637
1 1810
2 414
1 2501
1 1997
2 2486
2 821
1 2801
1 2737
1 2189
2 2528
2 1540
2 1731
1 2123
1 22
1 779
2 947
1 2597
1 64
1 2885
2 250
1 172
1 993
1 2271
2 1693
2 2327
2 701
2 1861
2 1168
1 354
1 864
1 220
1 1587
1 2871
1 2144
2 241
2 2412
2 1218
1 830
1 1168
1 576
2 610
2 2903
1 536
1 908
2 781
2 2935
1 515
2 2715
2 3008
1 1738
1 866
1 303
2 2340
2 971
2 1791
2 1330
1 2290
2 119
1 670
1 2220
1 2989
1 2549
1 2483
2 2752
1 1707
2 1948
1 1246
1 2930
2 2461
2 1404
2 2065
1 2524
1 1085
1 622
1 2315
2 1824
2 2671
2 395
2 1496
1 2760
1 49
1 1543
1 1654
2 57
1 2227
1 105
1 549
1 396
1 1946
2 75
2 2552
1 1831
2 3044
2 1976
1 2350
2 451
2 2546
2 2125
1 1846
2 1847
2 5
1 74
2 1469
2 1933
2 2336
2 909
1 1150
1 1620
1 1962
1 1916
2 1207
1 2201
1 3006
2 2786
1 1202
2 1452
1 159
1 2195
1 2736
1 1917
1 999
2 34
2 1360
2 58
1 1291
1 2969
2 1389
2 2205
1 2395
2 1683
1 1672
1 2963
2 852
2 1827
2 1245
2 1343
1 133
1 1769
2 2945
2 537
2 2136
2 1379
2 1188
2 2255
1 315
2 349
1 1091
2 2656
2 2676
2 1153
2 371
2 359
2 510
1 1639
2 2188
2 2480
2 2811
2 2658
2 1195
2 1887
2 1175
2 1115
2 486
1 1127
1 2084
2 995
1 2251
1 2840
2 2189
2 560
1 2603
2 179
2 2346
1 676
1 219
1 1242
2 1540
2 234
1 899
1 1514
2 2716
1 2686
1 1898
1 606
2 606
2 473
2 2325
2 1408
1 2776
2 1088
2 1689
2 1408
2 1972
2 1412
2 2310
2 477
2 1670
1 2137
2 1181
1 511
1 723
1 1312
2 246
2 277
2 352
1 1998
2 2126
1 790
1 1774
1 1268
1 168
2 454
1 2471
1 1524
2 2249
1 478
2 1929
1 2089
1 288
2 1212
1 1912
2 1166
1 2788
2 2443
1 1554
2 1296
2 985
1 853
2 2854
1 2858
2 1925
1 1657
2 2244
2 1713
2 118
1 2863
1 1627
1 595
1 268
2 975
2 2726
1 2491
2 1892
2 1462
1 1450
2 1371
1 648
2 466
1 2413
2 58
1 386
2 130
1 453
1 2112
1 1399
2 249
2 860
2 1600
1 1275
2 2337
1 2881
1 291
1 265
2 2824
2 2449
1 139
1 911
2 878
1 2760
1 1589
2 1075
1 1329
1 525
1 1712
2 2811
2 788
2 1616
2 41
2 2298
2 401
2 1498
1 2100
2 998
1 166
2 2049
1 528
1 777
1 652
2 924
2 2747
2 2247
1 320
2 2003
2 1818
2 2503
1 1036
1 2162
2 2621
1 232
1 2561
2 2036
1 642
1 2913
2 1448
2 1471
1 1487
2 951
1 670
2 2035
1 1659
1 2246
1 1536
2 725
2 5
1 1601
2 1427
1 102
2 1091
1 820
2 1656
1 2845
2 944
2 1139
2 44
2 598
1 3032
1 2562
1 1780
2 2240
1 2752
1 1548
1 2039
1 2535
2 1324
2 320
2 615
1 1760
2 122
1 1778
1 2232
2 1559
2 1310
2 2369
2 305
1 2640
1 719
2 2983
1 1807
1 2499
2 1126
1 1141
2 346
2 642
1 2426
1 1391
1 1126
2 901
1 140
2 3038
1 2907
2 231
1 180
1 815
1 28
1 516
1 2996
1 1655
2 829
2 1980
2 1358
2 370
1 2884
1 2610
2 289
1 2900
1 86
1 1851
1 2861
1 1313
2 651
1 2157
2 2042
1 1541
1 1978
1 550
2 898
1 1843
2 1235
2 437
2 516
2 617
1 1432
1 2408
1 822
2 1375
2 2932
2 2534
2 197
2 1170
1 1813
1 2120
1 2660
2 1588
1 199
1 1763
2 1226
1 1862
2 2735
1 1233
2 1094
1 350
2 2709
2 258
1 1326
1 1044
2 2253
2 2398
2 3
1 1152
2 1968
2 1830
1 2918
2 2746
1 313
2 2145
1 1052
1 867
1 1068
1 156
2 2807
2 1633
1 1977
2 284
1 768
1 1341
2 98
2 2321
2 2206
1 1586
1 287
1 2586
1 2039
1 191
1 24
2 667
1 2134
2 715
2 1151
1 2612
2 1653
1 820
2 2508
1 442
1 2698
1 1447
2 61
2 518
2 835
2 1885
1 1017
1 2460
2 2062
2 2534
2 2314
1 661
1 1542
2 2780
1 748
1 1006
2 526
2 1675
1 1697
2 951
1 967
1 1101
2 1596
2 1697
1 2118
2 1217
2 846
1 2355
2 2758
2 700
2 1507
2 2081
1 2998
1 667
2 430
2 896
2 1033
1 297
1 1643
2 1457
2 270
2 2214
1 919
2 1304
2 2276
1 916
2 1105
2 137
1 2601
2 1637
1 600
2 2860
1 300
1 324
1 1185
2 2248
2 2800
1 1722
2 2051
1 304
1 2733
2 2585
2 808
2 231
2 286
2 2430
1 1174
2 487
2 2061
1 1513
2 1693
2 1610
1 2757
1 960
2 2910
2 2254
2 2714
2 1519
2 698
2 2626
1 1638
1 2770
1 1270
1 2852
2 581
2 980
2 2815
1 220
2 1850
2 1155
2 1475
1 1757
1 534
2 1421
2 558
2 552
2 1803
2 621
2 1235
1 751
2 2893
2 2295
1 2617
1 1745
2 458
2 147
2 501
2 2497
2 10
2 2418
2 2540
1 3004
2 636
1 317
2 1025
1 3033
1 1797
2 1607
1 1333
2 1918
1 813
1 1236
2 2030
2 68
2 997
2 2665
1 665
1 582
2 2766
2 940
2 2580
1 1087
2 1477
2 35
2 851
1 1677
1 611
1 2199
2 1437
2 2124
2 54
1 2012
1 1816
1 2436
2 2192
1 749
2 1422
1 2706
2 2909
1 875
1 1786
1 556
2 505
1 1167
2 2474
2 1823
1 2769
2 1539
2 2117
1 3023
2 773
1 1667
2 1715
2 276
1 491
2 1323
1 2965
2 1919
2 2551
2 929
1 2742
1 1135
1 1888
2 1442
2 2511
2 2366
2 345
1 616
1 637
2 1784
2 1907
2 1497
2 1633
2 286
2 1034
2 2072
2 449
1 1041
1 234
2 2850
2 1959
2 2323
2 2395
2 2978
2 645
1 417
1 1171
1 2208
2 288
2 2237
1 2134
2 1191
1 2092
1 2928
1 1178
2 1764
1 2689
1 394
2 891
2 2790
2 2371
2 2168
1 828
2 344
2 861
2 1224
1 440
1 2049
2 87
2 2792
1 2823
1 961
1 1034
2 1163
2 2841
2 1907
1 2583
1 513
1 649
1 555
1 1650
2 1000
2 2110
1 590
2 1059
2 222
2 742
1 1094
2 2833
2 662
2 916
2 418
1 281
2 1010
1 1501
1 1864
1 1527
1 2492
2 1376
1 712
2 1522
2 1629
2 598
2 2349
1 1975
2 2116
1 2392
1 1972
1 2789
2 2500
1 860
1 1423
1 299
1 1073
1 604
2 1485
1 988
2 295
1 1470
2 2749
1 1000
1 496
2 1746
1 2797
2 1238
1 2265
2 1201
1 3022
2 1507
2 12
1 1923
1 1571
1 3047
1 2494
2 859
2 1891
1 2553
1 1024
1 2557
2 1082
2 324
2 870
2 1194
1 1264
1 378
1 2021
1 379
1 2676
1 2165
2 1738
1 1681
2 1210
2 268
2 419
2 67
2 1721
1 1803
1 487
1 2775
2 52
1 223
2 2909
1 1792
1 2548
1 1734
2 1182
2 2713
2 2608
1 2526
1 1230
2 1318
2 2587
2 2384
1 2243
2 695
1 1359
2 2378
1 2942
2 1426
2 968
2 692
1 1939
1 93
2 2976
1 2514
2 1928
1 880
1 2020
1 3037
1 1940
1 254
2 2827
2 2692
2 2893
1 2767
1 1231
2 2324
2 353
2 2960
1 1143
1 182
1 1441
1 2598
1 814
1 977
1 2733
2 1883
1 427
1 1870
2 554
2 425
1 2645
2 1069
1 377
1 1030
2 2575
2 763
2 1305
1 1922
1 777
1 969
1 722
2 3011
1 771
1 472
2 2619
2 597
2 2413
2 542
1 2687
2 292
2 2509
1 906
1 891
1 2835
2 1441
2 25
1 1238
2 1253
1 905
1 1386
1 340
1 2385
2 1476
2 4
2 1714
2 2794
2 979
2 909
2 541
1 3003
2 2808
2 2392
2 1815
1 2753
2 132
2 2698
2 682
2 1943
1 596
1 2951
1 815
1 2768
1 2900
2 593
1 2423
2 2280
2 1967
2 810
2 71
1 2093
2 2095
1 1301
2 2206
1 2345
2 475
2 2844
2 434
1 566
2 113
2 2368
2 2281
1 2504
2 676
2 105
1 345
2 1550
1 1551
1 2832
1 2299
1 2628
1 2459
1 413
1 540
1 1113
2 1472
1 1848
1 679
1 2829
2 2152
1 1155
2 923
1 1544
1 2973
2 573
2 557
2 407
2 1420
1 358
2 2509
2 2905
2 190
1 2335
2 2146
2 2620
2 1244
2 1722
2 215
2 205
2 1172
1 2902
1 1549
2 2740
1 877
2 1302
2 2809
2 2584
2 2046
2 2666
2 938
2 2167
2 2615
1 1262
2 409
2 1128
1 2405
1 1603
2 982
2 1103
2 567
2 778
2 39
1 675
1 1246
1 1951
1 2463
2 214
2 2023
1 100
1 564
2 2120
2 2335
2 198
2 1710
2 212
1 650
2 2465
1 1325
1 2866
1 2565
1 2117
2 2397
1 921
1 835
1 2805
2 1961
1 1926
2 2014
2 2169
2 1011
2 2401
1 2835
2 1079
1 1708
2 1719
1 2440
2 2882
2 1301
2 40
1 257
2 2605
1 2908
1 2839
1 56
2 673
1 1632
1 2895
2 1859
1 323
2 2446
2 1639
1 762
1 2957
2 2394
2 2883
2 2282
2 419
1 2531
1 1986
1 416
1 411
2 2971
1 1350
2 823
1 2864
2 1839
1 1555
2 1846
1 699
1 2851
2 1026
2 1048
2 1640
2 2289
1 86
2 2256
1 1085
2 2526
1 2
2 2462
2 1287
2 1084
1 2147
2 367
2 563
1 489
1 956
2 1205
1 314
1 1254
1 876
1 614
2 717
1 1571
1 738
2 941
1 3007
1 1941
1 1772
1 1339
2 2647
1 402
1 907
1 3009
1 2119
1 1755
2 1073
2 2502
1 471
2 911
1 2217
1 2338
2 1171
1 179
1 453
1 2269
1 415
1 2646
2 1817
1 918
1 1222
1 1409
2 1576
2 1963
2 2435
2 1488
1 2171
2 259
1 209
1 1813
1 1565
2 523
2 759
2 2289
1 253
1 2270
2 1463
1 2558
2 2624
1 647
1 1002
2 1893
2 1749
2 1820
1 2386
2 2801
2 1613
1 4
2 1183
1 693
1 2029
1 2008
2 2677
1 639
1 195
2 1187
2 2385
1 1062
2 1516
2 2744
1 1932
2 1465
1 189
2 1122
2 2001
1 1931
1 406
2 97
2 684
2 297
1 1960
2 1802
1 932
2 813
2 2547
2 3025
1 2856
2 2609
2 2441
2 9
2 1051
2 1473
2 2558
1 2241
2 230
1 2469
2 2731
2 3018
2 743
2 1646
1 449
1 903
1 1451
2 935
1 884
2 2161
2 360
1 1860
2 2978
1 1082
1 2894
1 612
2 1896
2 1636
2 1305
1 1344
1 1271
1 474
2 2081
1 79
1 956
2 1865
1 1346
1 669
1 1500
1 2514
2 129
1 2991
1 1215
2 866
1 468
1 201
2 678
1 2957
2 2668
1 703
2 2758
1 1384
1 70
1 306
2 897
1 2586
1 772
2 106
1 2542
1 1618
1 666
1 2755
1 943
2 2297
2 2583
2 816
1 1090
1 2317
1 2043
2 262
2 1481
1 1951
2 374
1 2296
2 465
2 327
2 1295
2 746
2 2210
1 19
1 1856
1 2779
1 702
2 514
1 170
1 1426
1 123
1 2229
1 883
1 502
1 2525
1 338
1 2927
2 992
2 2350
1 2941
2 1760
2 69
1 1599
2 856
2 50
1 2365
2 1255
1 2227
2 2470
2 236
1 421
2 143
2 2591
2 1037
2 1532
2 2102
2 1649
1 2066
2 1298
2 1977
2 1914
1 792
2 1887
1 2118
2 2506
1 2765
2 1658
2 621
1 1064
2 3042
2 1289
1 1750
1 1902
1 1723
1 843
1 2936
2 483
1 1854
1 170
1 1108
1 2523
2 1959
2 464
1 2154
1 755
2 3004
1 388
2 2035
2 90
2 257
1 1476
2 2567
1 739
2 446
2 1924
1 501
1 274
2 2756
2 1612
2 1827
1 1648
1 1339
1 308
2 990
1 1485
1 1762
1 2161
1 881
2 2016
2 1828
1 2357
1 1817
2 2937
1 154
2 2948
1 1218
1 1727
1 2356
2 1992
1 1354
2 400
1 1801
1 857
1 1960
1 431
1 2328
1 785
2 1303
1 1415
2 783
1 467
1 572
1 984
2 2749
2 2060
2 1930
2 2636
1 2022
1 73
1 882
2 1900
2 2355
1 1162
2 2439
2 2378
1 613
2 2078
2 2942
1 1787
2 526
1 2822
2 1842
1 881
1 958
2 839
1 2447
2 3
1 2400
1 714
1 1151
1 2101
1 2878
2 2960
2 1523
2 2186
2 1247
2 2022
2 873
1 711
2 597
2 1243
1 521
2 1356
2 2176
2 1406
1 2791
1 962
2 2720
1 2199
1 2024
1 1418
2 1777
1 2316
2 774
2 222
1 2185
1 1547
1 292
1 1921
1 2832
1 1098
1 510
2 1475
1 2982
2 1662
1 756
2 1484
1 1348
1 1446
2 1852
2 895
2 788
1 2086
2 781
1 2063
2 176
2 932
1 90
1 2741
1 1251
2 699
2 1506
1 2682
2 2588
2 2213
2 1573
2 588
2 1428
1 2986
2 2798
2 765
1 95
1 729
1 804
1 390
1 2152
2 2540
2 1186
2 1199
2 1859
1 677
1 1685
2 1334
2 481
1 763
1 2406
2 922
1 1388
1 1404
2 2564
2 2304
1 108
2 379
1 2466
2 2688
2 2906
1 3032
1 2507
1 294
2 2215
1 81
2 1819
2 1438
2 260
1 1076
1 2895
2 1575
1 640
2 1897
2 696
1 949
1 1911
2 314
1 1107
2 1165
2 2157
2 876
2 85
2 1685
2 2595
1 171
2 2898
2 319
2 1146
1 2396
1 1275
2 82
1 1680
2 761
1 1949
1 2403
2 151
2 903
1 580
1 2643
2 1739
1 941
2 1430
1 888
2 570
2 1389
1 1363
1 1096
2 2533
1 2386
2 562
1 827
2 2140
2 611
2 2814
1 2344
2 973
1 24
2 2375
1 1487
1 2763
1 553
1 851
2 976
1 181
2 1240
2 1160
1 1992
2 1588
2 2838
2 649
1 1828
1 921
2 2757
2 505
1 2729
2 798
1 2108
1 811
1 647
2 118
2 620
2 2073
1 2717
1 349
1 1352
2 840
1 1592
1 204
2 1957
1 339
2 2722
2 1525
1 2769
1 2485
1 2905
2 2228
2 461
1 289
2 1576
1 2542
1 1016
1 330
2 857
1 2013
2 1684
1 2529
2 2678
1 1804
1 797
1 3034
2 1855
2 638
1 2904
2 1084
1 1156
2 2047
2 2977
1 643
1 2091
2 408
1 199
2 1225
1 2862
1 1223
2 1624
1 2630
1 1678
1 1142
2 633
1 2635
1 372
1 1347
2 2454
2 1729
1 1207
1 746
1 1964
2 1645
1 74
1 807
2 2778
2 1457
2 2672
2 1406
2 2069
2 183
1 2626
2 795
1 1176
1 121
2 1740
1 230
1 2847
1 2798
2 430
2 1773
1 1818
2 811
1 301
1 961
2 1321
2 1241
1 2992
2 412
1 383
1 1695
2 2414
1 2444
2 1681
2 1049
2 149
2 2431
1 2689
2 1857
2 17
1 934
1 1564
1 1814
2 2790
1 933
2 2714
2 2133
1 2916
2 1699
1 2111
2 2898
1 2063
2 248
2 2938
2 2230
1 335
1 867
1 3050
2 1510
1 2122
1 2288
1 963
1 1971
1 1031
1 2816
1 343
2 2458
1 2661
1 523
2 2367
1 2631
1 1396
2 1715
2 2964
1 1311
1 2696
1 2422
2 1560
1 78
1 1193
2 250
2 2953
1 2352
2 2951
1 2247
2 357
2 974
2 2544
2 1770
1 30
1 2711
1 1032
1 178
2 124
2 2250
2 2008
2 2961
2 1743
2 1884
2 2929
1 1154
1 1642
1 1069
2 2389
2 565
1 2926
2 13
2 2469
2 457
1 1110
2 1106
1 2528
1 2010
1 1741
2 378
1 1815
1 2809
1 1740
2 1016
1 2140
1 1149
1 2743
1 1028
1 1414
1 1606
2 113
2 1042
2 451
2 1054
2 59
2 226
1 1494
2 959
2 632
1 1899
2 2980
2 1486
1 770
2 150
2 2477
1 1251
1 1841
1 2360
2 2890
2 1919
2 1222
1 2011
1 1121
2 1867
2 2096
1 7
1 1526
2 1433
1 2000
1 32
1 2707
1 1372
1 571
2 552
2 2193
1 1307
2 316
1 625
2 2186
1 2668
1 325
1 1075
1 3046
2 2110
1 548
2 1306
1 1600
1 1875
1 54
2 478
2 2084
1 3016
1 848
1 2054
1 626
1 780
1 2399
2 1545
1 2985
1 2559
2 2873
1 1453
1 2841
2 2543
2 121
1 917
2 1038
1 2572
1 1024
1 2537
1 1772
1 791
2 1518
2 41
2 1747
2 1969
1 281
1 459
1 1383
1 2090
1 2313
2 957
1 186
1 2521
1 635
2 499
1 2488
2 830
2 2379
1 720
1 609
1 2863
2 1255
1 2936
1 1159
1 462
2 927
1 1214
1 2996
1 2742
1 1769
1 1704
2 1545
2 271
2 1504
1 2146
2 786
2 2585
1 133
1 585
1 2229
2 294
2 1198
1 2221
2 2033
2 1809
2 317
1 190
2 1285
1 427
2 2652
1 1663
2 2188
2 249
2 2293
1 610
2 1111
1 729
1 2547
2 1340
1 2055
1 1097
1 1778
2 381
2 926
1 2581
2 2511
2 2822
1 2623
2 2004
1 955
1 1568
2 2639
1 455
2 728
1 2491
1 1285
1 1691
1 2616
2 981
2 3038
2 2078
1 1718
2 87
2 2308
1 2664
1 1504
2 256
2 177
2 856
2 1619
1 70
1 2614
2 477
2 2821
1 2939
1 365
1 1982
1 404
2 1405
2 2052
1 872
1 2107
1 1145
1 1228
2 1124
1 577
2 1050
1 2862
2 2631
2 1040
1 544
2 634
1 2889
1 1590
2 2806
2 2507
1 2037
2 1604
1 2589
2 1829
2 624
1 717
2 630
2 1185
2 1377
1 2902
2 789
2 16
2 2010
1 2361
2 2653
1 1369
1 356
1 2405
1 1260
1 2901
2 2916
1 1886
1 655
1 1776
2 709
1 2121
1 601
2 348
2 2222
2 2064
1 2211
1 1033
2 2109
1 352
1 2014
1 11
2 570
2 100
1 272
2 3024
1 3031
2 2377
2 2198
1 1274
2 600
2 1997
1 2927
1 1763
1 23
1 2498
1 537
2 3040
1 2266
1 1003
1 1067
2 1240
2 1015
1 1267
1 2023
1 296
1 1419
2 1660
2 1097
2 3001
1 841
1 2051
2 293
1 409
1 2329
2 2536
1 366
2 2653
1 2500
1 2237
1 1479
1 2496
1 2734
1 1621
1 1799
2 2619
1 2873
1 622
2 1088
2 2634
2 1999
2 1517
2 2683
2 165
2 472
2 1306
2 966
1 1945
1 2690
2 2057
2 1834
1 2819
1 2899
2 1444
2 1086
2 2059
1 1627
1 1149
2 1611
2 1965
1 2711
1 328
1 1188
2 441
2 2645
1 112
1 2966
1 2955
2 2965
2 2153
1 1916
1 787
1 1643
2 31
1 2016
2 683
1 2481
1 2773
1 1611
1 2388
2 1101
1 2143
1 1998
1 1720
2 953
1 2886
1 1548
2 1108
2 1089
2 1910
1 258
1 193
1 1382
1 1596
1 373
1 1077
2 364
2 2673
2 2901
2 149
1 2464
2 1332
1 2043
2 1177
1 1444
1 2848
1 1582
1 1318
2 22
2 2314
1 291
1 150
1 2466
1 1789
1 1922
2 912
