600 7500
1 56
1 77
1 250
2 112
2 279
2 246
2 266
2 179
2 73
1 1
2 167
2 221
2 97
2 255
1 253
2 72
1 65
1 276
1 21
1 60
1 229
1 108
1 285
1 205
2 160
1 192
1 298
2 245
1 294
1 283
1 39
2 160
2 89
1 99
1 37
2 103
2 164
1 16
2 58
2 50
2 93
2 28
2 240
1 206
1 296
1 107
1 247
1 227
2 123
1 72
2 191
2 27
2 241
1 214
1 155
1 130
1 46
2 136
1 97
1 100
2 163
1 181
2 281
1 212
2 22
1 201
2 248
2 157
2 233
1 264
1 237
2 180
1 235
1 25
1 2
1 286
2 246
2 166
1 222
1 70
2 202
2 18
2 200
2 107
2 216
1 267
2 253
1 88
1 92
1 137
1 280
1 165
2 64
1 290
2 26
2 111
1 43
2 150
2 52
1 188
2 258
1 259
2 83
1 25
2 205
1 211
1 226
2 156
2 233
2 286
2 290
2 215
1 106
1 66
2 41
2 265
2 179
1 297
2 43
1 174
1 258
2 260
1 225
1 152
1 54
1 172
1 194
2 299
1 100
1 134
1 65
1 12
1 45
1 211
1 135
1 161
2 203
2 154
2 28
1 196
2 45
1 5
2 79
1 188
2 148
1 89
2 170
2 6
2 80
2 222
2 4
2 224
2 213
1 37
1 13
2 156
2 139
1 75
1 174
2 273
1 193
1 300
1 84
1 81
1 8
2 36
2 140
2 287
1 106
2 109
2 85
2 48
2 217
2 292
1 105
1 284
2 171
1 14
1 122
2 49
1 121
2 239
2 22
2 7
1 168
2 289
2 202
2 41
1 272
2 149
2 125
2 140
2 49
2 47
1 282
2 121
1 31
1 232
1 132
2 14
1 177
2 257
2 293
1 166
2 27
1 247
1 210
1 181
2 185
1 57
1 250
1 277
1 76
2 94
1 176
2 183
1 244
1 101
1 104
2 279
2 127
1 90
1 40
2 197
1 256
1 248
2 193
1 289
1 68
2 270
2 294
2 132
1 142
1 242
2 271
2 209
2 44
2 144
1 114
2 21
2 35
2 259
2 155
2 262
1 186
1 153
1 271
1 24
1 125
1 58
1 34
1 24
1 46
2 171
1 236
1 220
2 74
1 94
2 210
2 16
1 261
2 133
2 111
2 131
2 86
1 146
1 23
2 10
2 212
2 187
1 189
1 196
1 237
2 74
2 3
1 67
1 11
2 238
1 102
2 231
1 138
1 129
1 232
1 152
2 176
2 137
2 99
1 204
2 287
2 3
1 130
2 35
1 172
1 2
1 297
2 207
2 60
2 223
1 182
2 154
2 44
1 143
2 184
2 39
2 239
1 5
1 47
1 199
1 224
1 98
1 242
1 124
1 6
2 110
1 85
1 150
2 128
1 280
1 138
1 4
1 249
2 15
2 203
2 103
2 92
2 131
2 34
2 293
1 96
2 124
1 20
2 201
2 117
2 221
1 88
2 275
1 78
1 220
2 209
1 252
1 145
2 254
2 142
2 198
1 214
1 226
2 79
2 274
1 19
1 104
1 54
2 51
1 55
2 288
1 199
1 126
2 96
1 53
1 59
1 227
1 68
2 268
2 295
1 9
2 110
2 225
2 95
1 29
2 105
1 59
1 144
2 13
1 78
2 236
1 278
2 177
2 69
1 53
1 277
2 281
1 38
2 244
1 218
1 254
2 274
2 206
1 283
1 114
2 208
1 31
1 102
2 168
2 195
2 63
1 296
2 234
2 113
1 115
1 157
1 26
2 288
2 23
1 66
2 80
1 8
1 219
1 187
1 200
1 76
2 87
1 270
2 116
2 228
1 295
1 229
1 115
1 275
2 161
1 83
2 30
2 42
1 190
1 185
1 135
1 9
2 112
2 7
2 260
1 291
1 120
2 285
1 218
2 230
1 263
1 269
2 243
1 169
2 291
1 272
1 183
2 52
2 81
1 141
2 109
1 204
2 71
2 267
1 136
1 231
1 42
2 50
1 269
1 255
2 129
2 113
2 264
1 298
1 126
1 38
2 145
1 238
1 151
2 208
1 91
2 19
2 245
2 207
2 251
2 20
2 70
2 164
2 273
1 63
2 62
2 32
2 84
2 147
2 213
2 252
1 178
1 151
1 139
2 278
2 71
2 178
1 146
2 158
2 256
2 175
2 120
1 165
1 228
2 219
2 249
1 57
1 40
1 95
2 169
1 268
2 162
2 159
2 117
2 61
1 15
1 266
2 197
2 86
2 143
1 62
1 182
2 75
1 235
2 98
2 192
1 128
2 189
2 141
2 116
2 216
2 243
1 93
1 198
1 101
1 184
2 51
2 262
1 215
1 82
1 73
2 173
2 90
1 265
2 91
1 162
2 12
1 300
2 77
2 284
1 33
1 119
2 134
2 240
2 251
1 10
2 119
2 190
1 55
1 17
2 18
2 186
1 223
2 263
2 230
1 180
2 67
2 36
2 276
2 17
2 261
2 1
2 61
1 82
1 234
2 241
2 175
1 33
1 153
2 170
2 282
1 56
1 48
1 299
2 173
2 159
1 11
1 118
1 118
1 149
2 64
1 292
2 127
2 147
1 133
1 158
1 163
1 148
2 194
1 167
1 30
1 87
1 122
2 191
2 217
2 108
1 195
1 29
2 69
1 123
1 257
1 32
