6100 7500
1 1154
1 1981
1 169
1 3038
1 454
1 1209
1 2365
1 1982
2 2759
1 1727
1 1865
1 3048
1 939
2 2904
2 1730
1 2721
2 39
2 1177
1 1148
1 2484
1 1153
2 2329
1 904
1 1694
2 1783
1 2817
2 415
1 528
2 2231
1 1234
1 2823
1 2404
1 1731
2 1726
2 123
2 2041
1 1315
2 731
2 2459
1 314
2 1875
2 935
2 1791
1 432
2 880
1 2659
1 575
1 273
1 1487
1 16
2 1688
2 1505
2 77
2 2847
2 1637
1 2388
2 202
2 1528
2 674
1 1190
1 1921
2 2965
1 399
2 2294
1 1694
1 1872
2 601
1 443
1 2080
1 1695
1 1620
1 1101
1 2245
1 1483
1 768
1 1932
2 772
2 284
1 2089
2 2007
2 1096
2 448
2 1554
2 2143
1 159
2 2127
1 2787
2 368
1 2074
1 785
1 428
2 1558
1 2916
1 2158
1 2695
1 1599
1 2332
1 2955
1 322
1 2513
1 2205
1 1810
2 2188
2 873
1 82
2 2366
1 1797
1 855
1 1939
2 2057
1 2026
2 1494
1 928
2 2949
1 2447
1 1121
2 2436
1 1130
2 2415
2 652
2 1644
2 971
2 441
2 1295
1 1290
1 2215
2 1560
2 1203
1 13
2 1882
1 976
2 573
2 164
1 1008
2 589
1 1660
1 318
1 157
1 1169
1 464
2 166
2 1969
1 1565
1 2966
1 819
2 2203
2 1922
2 669
2 2790
1 716
1 1303
1 1465
1 2133
1 1697
1 582
1 2684
1 198
2 262
1 2856
2 895
2 249
2 1411
1 63
2 2126
2 144
2 2218
2 985
1 2422
1 52
2 2854
2 2685
1 1285
2 1461
2 59
2 2597
1 2257
2 2598
1 940
1 1063
1 2863
1 1921
2 775
2 463
2 240
1 869
2 2972
1 1733
2 1800
1 2717
2 31
2 2925
1 1171
1 1944
1 2535
2 326
2 1825
2 1970
1 1314
2 1549
2 550
2 2360
1 208
2 256
2 2709
2 2867
2 1417
1 521
1 1583
1 2659
1 2533
1 1557
1 2096
2 111
1 1061
2 1967
2 507
2 648
1 411
2 2409
1 1367
1 2075
2 2068
2 163
2 343
1 342
1 1542
1 1137
1 714
1 899
2 2902
2 1179
2 2140
1 3040
2 2528
1 1258
1 2757
2 658
2 636
2 2453
2 354
1 2885
1 2142
2 257
1 1109
2 1971
1 2565
2 2944
2 2293
2 1092
2 542
1 2926
1 1757
1 2051
1 2688
2 486
1 1891
2 386
2 2797
2 81
2 2804
2 47
1 1506
2 2003
1 97
2 276
2 2068
2 844
1 2239
2 176
1 861
2 882
2 1157
1 2839
1 1184
1 2307
2 1004
2 46
1 1003
1 1076
2 559
2 2027
1 1803
2 237
2 2886
2 561
2 1140
1 49
1 1130
1 1793
1 1873
2 223
1 1934
2 1849
2 3003
2 1374
1 1274
1 1769
2 2480
2 2735
2 94
2 2421
1 400
2 977
1 245
2 2272
2 2327
2 903
2 1820
2 2270
2 2907
2 2674
2 1079
1 1169
1 2952
1 2772
2 2321
1 1469
2 210
1 924
1 2097
2 1100
2 1250
1 558
2 2006
1 191
1 2427
1 1305
2 1643
1 1196
1 2944
1 2177
2 195
1 702
2 2666
1 4
1 2543
2 1512
2 475
2 920
1 1721
2 68
2 190
1 692
2 1669
1 1572
2 2190
2 3005
2 1356
2 1799
1 490
1 1172
2 1413
1 2132
1 2627
1 195
2 809
1 2689
2 2010
2 1910
2 768
2 1984
1 1563
2 2165
1 1604
2 2637
2 496
2 1170
1 557
2 1798
2 2177
2 358
2 42
1 2562
1 2902
2 2435
2 1448
1 665
1 2548
1 543
2 568
2 1805
2 1065
1 1034
1 2492
2 2334
2 756
1 1676
1 1897
2 1274
1 1985
2 1547
1 2853
1 2525
2 2159
1 841
2 2094
1 2947
1 1351
2 1181
2 2831
1 2523
1 2002
1 537
1 2271
1 730
1 1629
2 1696
1 993
2 1506
2 56
2 2106
2 2170
2 37
1 1070
2 827
2 1532
1 32
2 1499
2 2202
2 1927
2 1214
2 2450
1 690
2 1326
1 2114
1 1913
1 1360
2 1051
2 954
1 1437
1 418
1 1254
1 117
1 262
2 471
2 2825
1 1414
2 2844
2 944
2 2668
2 92
1 1201
1 281
1 1031
2 643
2 2254
1 2108
1 1802
1 2630
1 108
1 1627
2 1852
2 553
2 430
1 2769
2 1263
1 2059
2 2148
1 2031
2 2213
2 115
1 2629
1 194
1 491
2 367
2 524
1 2527
1 1104
2 1099
2 675
2 773
1 1761
1 333
1 1831
2 1913
1 1866
2 2310
1 612
1 2742
2 1705
2 1022
1 2246
2 2707
2 2560
1 1329
2 2705
2 2867
2 17
2 2683
2 2576
1 1859
1 2595
2 962
2 1306
2 61
2 775
2 1393
2 2569
2 2524
1 1157
1 252
1 521
1 2767
1 645
1 470
1 1263
1 1040
2 1649
1 2631
2 947
1 1418
2 2240
1 78
1 1878
2 2150
2 676
2 1312
2 94
2 356
1 2463
1 1575
2 2511
1 1158
2 819
1 813
2 1067
1 1155
2 2780
2 1380
2 2710
1 449
2 655
2 2392
2 2645
1 1300
2 2617
1 1775
1 1436
1 1381
2 3008
1 1548
1 2456
2 62
2 626
2 2401
2 2138
2 373
2 2571
1 1586
1 2190
1 2420
1 2948
1 462
1 952
2 2845
1 1755
1 1387
2 3028
2 2756
2 2879
2 245
1 2442
2 1713
1 1766
1 2227
2 2025
1 1461
2 972
1 8
1 1303
2 2425
2 1636
2 1449
2 713
1 398
2 1863
2 1082
1 976
1 1066
2 2049
1 1616
2 2784
2 2948
1 71
1 55
1 2599
2 1212
2 681
1 317
2 450
1 1955
2 1754
1 2905
1 1186
2 802
1 2996
2 2577
2 2196
1 781
1 1867
2 2909
1 2601
2 1546
1 416
2 2869
1 2849
1 2302
2 2900
2 1444
1 634
1 1847
1 1864
1 1683
2 759
1 538
2 211
1 1928
2 1793
1 1430
1 2711
1 1510
1 2117
2 734
2 2841
2 686
2 3047
1 2030
1 2021
2 2427
2 391
1 2863
2 1076
1 2494
2 1566
2 1335
2 2179
1 2050
1 2012
1 2440
2 1494
2 413
1 1624
2 2426
1 2569
1 1384
2 881
2 2616
2 2075
1 2864
2 519
2 356
2 1874
1 1602
1 2485
2 178
2 1662
2 1116
2 1044
2 2290
2 1617
1 1873
2 1942
2 913
1 1456
2 2794
1 1299
2 1211
1 852
1 1103
1 1625
2 29
1 58
1 26
2 306
2 1851
2 914
1 2941
1 2070
1 2448
2 497
2 2995
1 1134
2 2398
1 2093
2 2172
2 2775
1 2150
1 1837
2 732
2 601
2 988
1 3047
2 2627
2 1898
1 1056
1 1293
2 713
2 2340
1 2347
1 1991
1 189
2 267
1 1851
2 1986
2 584
1 241
2 939
2 1166
1 1245
2 2657
1 2871
1 1804
2 1916
1 1009
1 1773
1 87
2 1918
2 447
1 1806
1 1450
1 2305
2 1797
2 3046
2 1888
1 196
2 1308
2 1657
1 2021
2 1907
2 320
2 2443
1 1890
2 1576
1 1204
2 1512
1 1451
2 10
1 2973
1 251
2 229
1 2094
2 2815
2 1923
2 313
1 336
2 1657
2 1270
2 302
2 1301
2 2385
1 585
1 982
2 2557
2 1594
2 2438
1 2575
1 754
2 2846
1 2896
1 1182
1 1266
1 1751
1 2991
1 1748
2 232
1 2619
1 1927
1 1162
1 1994
1 22
1 1544
2 1981
2 1151
2 301
2 1167
2 377
1 1695
1 2201
1 604
2 849
2 1103
1 1939
1 128
2 488
1 359
2 134
1 1275
2 2544
1 1012
2 1553
1 1248
1 511
2 482
1 105
2 602
1 644
1 901
1 2009
2 1958
1 2591
2 1868
2 1867
2 517
2 1074
2 2545
1 2159
2 595
2 2234
1 2771
2 1052
1 2355
2 2274
2 1120
1 3039
1 2235
1 2139
1 2499
2 2765
2 2207
2 1788
2 978
1 1722
2 201
1 2857
1 1585
1 1597
2 2860
1 1334
2 25
2 2358
1 436
2 2465
2 687
1 2669
1 1594
1 2937
2 2534
1 293
2 2418
2 1093
1 1795
1 1134
2 610
2 639
1 2915
2 1287
2 34
1 2905
2 907
1 714
1 1747
1 2335
1 2497
2 1379
2 2658
1 2964
1 870
1 1796
2 4
1 2716
1 305
1 1220
1 2487
2 2162
1 2086
2 718
2 238
2 1896
1 2329
1 586
2 1925
2 2091
2 315
2 680
1 2479
2 850
1 374
1 1484
2 354
1 2856
1 1012
2 2696
1 1971
1 1059
2 3005
2 2088
1 2817
1 2212
1 1429
1 2805
1 1585
2 14
2 1623
1 2015
2 84
1 70
2 1621
1 2192
1 2113
2 941
1 2967
1 1484
1 1035
2 2648
1 2220
2 467
1 2590
1 843
2 1189
1 665
2 2519
1 2457
1 664
2 2596
2 2783
2 1077
2 1995
2 603
1 1517
1 2878
1 130
1 961
1 2770
1 1989
2 2354
2 3042
1 2140
2 2004
2 1503
1 1997
2 1518
2 2333
1 3032
1 1468
1 2883
2 215
1 2205
2 180
1 286
1 407
2 1240
1 1945
1 1614
2 166
2 426
1 2795
1 1684
2 2496
2 1876
1 889
2 2934
2 24
1 2954
2 161
1 413
1 2806
1 876
1 1021
1 155
2 2216
1 372
1 997
1 2626
1 1061
1 252
2 2406
2 497
2 17
1 2199
2 429
1 1389
1 959
2 1289
2 284
2 569
2 1616
1 2437
1 1732
1 122
1 449
2 1685
2 110
2 192
2 2917
1 104
1 2107
2 1677
1 741
1 842
2 150
1 1558
2 2012
1 824
2 2985
2 1080
1 211
2 392
2 1525
2 1653
2 2138
1 288
1 1474
1 1756
2 404
2 770
1 467
2 1028
1 2117
1 1436
1 2352
1 2744
1 1244
1 2731
1 1522
1 416
1 1071
1 2288
1 1149
1 174
1 2033
1 2316
1 305
2 1914
2 900
2 1663
1 1149
2 1654
1 2356
2 1437
2 398
2 1763
2 1097
1 1575
2 2247
2 1859
1 1716
1 613
2 1792
2 1838
1 277
2 938
2 2773
2 1047
2 107
1 59
1 651
2 2323
1 2176
2 711
2 699
2 2799
2 1786
1 1397
2 3026
2 1371
1 2238
1 2654
1 150
2 2646
1 1887
2 735
2 543
1 2252
2 2288
1 2554
1 1254
1 1119
1 2818
2 1326
2 701
1 2784
2 1675
1 75
2 2720
2 2036
1 2228
1 1697
1 1044
2 1564
2 1328
1 2567
1 3044
2 402
2 738
1 1751
2 1358
1 296
2 1114
2 1247
1 450
2 992
2 2975
2 2818
2 2259
2 1422
2 322
2 29
2 2344
2 3049
2 2590
1 1429
1 218
1 1684
1 1124
2 1823
2 2860
2 1953
2 468
1 1776
1 1395
1 858
1 359
2 688
2 2419
2 1273
2 751
2 1967
1 1234
2 324
2 1685
1 2662
2 710
2 560
2 2943
1 578
1 92
1 1902
1 866
1 1251
2 2179
2 2672
1 1499
2 1215
2 556
1 67
1 1606
2 2729
1 525
1 2311
1 1635
1 824
2 520
2 878
1 509
1 622
1 372
1 2548
1 2153
1 797
1 1403
1 1844
1 1734
2 1093
1 1062
2 975
2 631
2 1146
2 1085
2 1439
2 1105
2 1200
1 2461
2 2624
2 609
2 604
1 677
1 1078
2 1718
2 1404
1 2810
2 1885
2 2194
2 2367
1 2972
1 2046
2 2997
2 395
1 142
2 2959
2 2531
1 1624
2 205
2 2933
2 2061
2 1408
1 1556
2 2178
1 878
1 972
2 661
1 2957
1 1641
1 1392
1 2937
2 101
2 1068
1 2893
2 494
2 577
2 569
2 650
2 535
2 1946
2 128
2 984
2 362
2 394
1 949
1 1790
2 2121
2 1178
1 2866
2 2160
1 1739
1 206
1 2658
2 2992
1 1517
1 936
1 1997
2 5
1 1853
1 1154
1 77
1 1359
2 2372
2 1518
2 1552
2 2699
1 839
1 2301
1 1090
2 3032
2 2834
2 2614
2 2103
2 2253
2 2493
1 2741
2 800
2 700
2 2949
1 1192
2 1608
2 321
1 2789
2 733
2 2709
1 590
1 1334
1 272
1 2955
2 406
2 1081
1 2319
1 205
1 721
1 805
1 133
2 1269
1 123
2 88
1 638
1 2022
2 1738
2 2284
1 2503
2 432
2 2636
1 227
2 381
1 2945
1 2441
1 1935
1 2568
1 457
1 2147
2 2009
1 2071
1 1631
1 1492
1 1368
1 1291
1 146
1 1327
1 2819
2 1819
2 1346
1 1891
2 234
2 2604
1 2717
1 3003
2 2244
1 1914
2 986
1 1202
2 917
1 2809
2 916
2 2962
2 355
2 2262
1 1671
1 912
1 641
1 1439
2 7
1 1268
1 2529
1 3022
1 1209
1 328
1 131
1 2925
2 1286
1 1443
1 794
2 1549
1 519
2 2073
1 203
1 2085
1 958
2 2248
2 2312
1 345
1 307
2 1723
2 1878
1 1776
2 1640
2 217
2 184
1 2521
2 691
1 1114
1 2528
2 325
2 2261
1 647
1 513
2 1361
2 337
1 943
1 3023
1 1227
2 79
2 1146
2 637
2 435
1 1889
2 1855
2 2769
1 2908
2 1752
2 2074
1 2433
2 1485
2 608
2 1390
1 1371
2 2665
2 1172
2 99
1 2732
2 929
1 857
2 1790
2 1951
2 2395
2 1168
2 1414
1 1625
2 982
2 3050
1 1228
2 2176
1 501
1 1741
1 654
2 2766
2 607
2 1569
2 1023
2 2418
1 1917
2 1064
1 1117
1 1530
1 2472
1 829
1 348
1 289
1 2752
2 2328
2 2349
2 352
1 2298
2 1110
2 1267
2 623
2 2234
1 1531
2 2975
2 1198
1 89
2 1173
2 583
2 2119
2 622
2 2333
1 2970
2 1870
1 2237
1 1001
2 257
1 568
2 2536
1 2395
2 388
2 1947
1 102
2 2541
1 576
1 2664
2 579
1 2133
2 1911
2 1091
1 1489
2 784
2 2532
1 696
1 953
2 1704
2 103
2 2332
1 1316
2 1821
2 990
2 2195
2 2792
2 275
1 2187
1 2086
2 1297
1 2036
1 353
2 2931
2 537
2 2617
2 1164
1 724
1 1799
1 2998
2 2611
2 2875
1 104
1 477
2 2694
2 517
1 65
2 2760
2 12
1 2493
1 1975
2 1673
2 2193
2 2899
2 2125
1 153
2 1432
1 2777
2 3043
1 176
1 2424
2 2483
2 1200
2 1843
2 50
1 628
1 2778
1 2066
1 462
2 1069
2 181
2 896
2 2861
1 2500
2 1375
1 1016
2 2531
1 630
2 1267
2 1128
2 282
1 2167
1 1321
1 178
1 926
1 1421
2 2854
1 2600
1 703
2 1613
2 1330
2 2754
2 199
1 1522
2 1581
2 1599
1 2723
1 419
2 533
1 979
2 2405
2 885
2 660
1 1808
1 752
2 2603
1 533
1 2151
2 2410
1 732
1 2191
2 2928
1 566
1 15
1 2814
2 143
2 2886
2 2450
2 1289
1 1739
2 1868
1 792
1 2019
2 232
2 883
2 1050
1 1197
2 2119
2 2764
1 1857
1 45
2 2901
2 2312
1 2506
1 693
2 1206
2 1490
2 2578
1 1205
1 1565
2 1830
1 469
1 499
1 2558
1 585
1 1654
1 2349
2 2966
1 1322
1 1825
2 2180
2 1547
2 1596
1 1568
1 1086
1 679
1 397
2 2782
1 1920
2 460
1 1407
1 63
2 1417
1 1595
1 1801
2 1002
2 2362
1 902
1 2000
1 2041
2 2445
1 1194
2 636
1 771
2 1106
1 386
2 2787
2 115
2 883
1 1143
1 214
2 2081
1 906
2 2105
2 2184
2 2263
2 244
2 807
1 2791
1 1711
1 1123
1 2363
2 1901
2 820
1 834
2 2661
1 2104
1 1224
2 2208
1 1920
2 1990
1 1112
1 2209
1 1692
1 2319
1 2410
1 1323
2 1465
1 1087
1 2976
2 644
2 187
1 1918
1 2344
2 86
2 2286
2 1420
2 1355
2 2961
2 1948
1 2750
1 1683
2 2749
2 1521
2 401
2 1614
1 2633
2 1398
2 1406
2 554
2 1046
2 999
1 2786
1 1605
2 2287
1 1359
2 671
2 932
1 620
2 2967
1 1667
1 172
1 2178
1 1225
2 1033
1 1633
1 1351
2 1645
2 3002
2 2931
2 1753
2 1036
2 1557
1 1802
2 1350
2 1645
2 986
2 1622
2 2495
2 689
1 2415
2 27
1 2102
2 58
1 919
1 1121
2 2672
1 2880
1 2946
1 697
2 28
1 2736
2 2282
2 1110
2 1974
2 364
2 1691
2 1054
2 643
2 361
1 3037
2 2803
1 2217
2 1520
1 1337
2 890
2 1693
1 2601
2 1990
1 2641
1 1319
2 112
1 989
2 2910
2 487
1 2678
1 3037
1 2892
1 1038
2 2514
1 3042
1 1153
2 1095
2 1507
1 1215
2 266
1 2301
1 2681
2 1886
1 2324
2 2823
2 360
2 2381
2 1884
1 727
2 949
1 885
2 2894
1 280
2 563
1 545
2 2682
1 171
2 2148
2 848
2 538
2 777
2 22
2 1592
2 3028
2 1191
1 73
2 1213
2 2553
2 54
1 2768
2 1829
1 1043
2 753
2 957
1 515
1 1650
1 2874
2 1505
1 1826
1 1840
2 1496
1 1344
2 2620
1 1515
1 235
1 2446
2 1735
2 2218
1 3
2 2901
2 2375
1 2748
2 1307
1 1352
1 1964
1 2706
2 1449
1 307
1 1771
2 2251
1 2728
1 1667
2 1077
1 657
2 2809
2 2183
2 605
1 995
1 1364
1 795
2 2579
2 2616
1 186
1 1230
1 1660
1 631
2 1072
2 2997
1 2511
1 1452
1 2197
2 1682
2 1897
1 1655
2 3016
1 2724
2 2424
2 1650
1 2565
2 1738
1 147
1 2557
1 1892
2 2693
1 2546
2 635
1 1592
2 541
1 1317
2 2904
1 1708
1 2625
2 2285
2 2623
1 880
1 3002
2 942
1 1500
1 2072
1 2719
2 1271
2 1370
2 1374
2 2361
2 2326
1 2730
1 1764
1 2440
2 639
1 1991
2 1956
1 2180
2 794
1 1875
2 1871
2 456
2 691
2 1322
1 760
1 43
2 88
2 2183
1 1832
1 968
2 402
1 790
2 2362
2 2064
2 1746
2 992
1 2184
2 308
2 1729
2 2733
2 2066
1 106
2 2078
1 692
2 1152
1 640
2 2929
1 2939
2 2325
2 1340
2 1664
1 1237
1 2451
1 1758
1 2393
2 1482
2 842
1 116
1 2230
2 2734
1 1098
2 1841
1 2102
2 446
2 57
2 2129
2 1602
2 1249
1 1495
1 192
2 1909
2 2537
1 1958
2 2635
1 2567
2 2189
1 1659
1 1192
2 1046
1 1039
1 1846
1 1208
2 2481
2 1639
2 2038
1 800
2 2422
2 2752
1 13
2 1841
1 1426
1 1922
1 1789
1 1717
1 2484
1 2348
2 1186
1 219
2 344
1 1586
1 1593
2 2516
1 412
2 812
2 399
1 1705
1 1774
1 2543
2 2858
1 290
2 2704
1 634
1 388
1 1899
2 2873
1 1049
2 482
1 383
2 261
1 2318
2 2045
1 2605
2 2098
2 328
1 1356
1 1974
2 2758
2 1904
1 2994
1 2404
2 304
1 2833
1 121
1 1979
1 2330
2 2018
2 242
1 734
1 1811
1 2266
2 2401
1 1135
2 1536
2 2704
1 1018
2 385
1 2407
2 2952
1 2656
2 954
2 867
1 2862
2 2065
1 254
1 1759
1 2276
1 1019
1 2525
2 1281
1 2032
1 1857
1 3024
2 2592
2 884
2 124
1 300
1 1908
2 2550
1 2413
2 1034
2 2400
1 1028
1 1998
1 2629
1 2342
2 617
2 2945
2 2384
1 2776
2 1737
1 511
2 2122
2 1178
1 2336
1 2246
2 894
2 79
2 1302
2 1390
2 1290
2 950
2 788
1 1789
2 1798
1 44
1 1690
1 2890
2 154
1 1611
1 1687
2 694
1 2264
1 1634
2 2313
2 1357
1 2249
2 937
2 27
2 2747
1 2338
2 1509
2 50
1 1053
1 2459
2 718
2 2163
1 1185
2 1015
2 410
2 385
2 677
1 1574
2 2467
2 439
1 624
1 2988
2 581
2 1929
1 1325
1 1384
1 2486
2 1087
1 2725
1 2646
1 1124
2 1470
2 2606
2 2162
1 2089
2 1208
1 2714
2 1180
2 746
2 2775
1 2509
1 1483
1 690
1 536
2 797
1 1125
2 561
1 2455
1 1073
2 2435
1 830
1 1106
2 171
1 2685
2 1006
1 526
2 2559
2 559
1 1577
2 392
1 2572
1 755
1 2351
1 2643
1 2921
2 1745
1 2115
1 2171
1 207
2 1527
1 1968
2 770
1 301
2 928
2 158
1 1907
1 2737
1 502
1 2877
2 649
1 526
1 1329
2 2598
1 871
1 2461
2 2837
2 1053
1 2175
2 2394
1 2518
2 2040
1 2723
2 12
2 1241
1 1071
2 1473
2 837
1 1902
2 2430
1 330
1 331
1 1161
2 489
1 2850
2 633
1 2304
2 125
2 2833
1 2913
1 1500
2 2003
1 922
1 1523
2 2460
2 101
1 892
2 2811
2 2587
1 1099
1 2958
1 1733
1 2233
2 573
2 2417
1 2979
1 1734
2 913
1 52
1 520
1 2233
2 382
1 2934
1 943
2 3035
2 2645
2 452
1 2114
2 1412
2 1530
1 189
1 2633
2 868
2 570
1 1794
1 1284
2 1140
1 684
1 2209
2 1210
2 2081
1 865
2 1623
2 1673
1 2035
2 1279
1 3030
1 1725
2 1601
2 2607
2 2835
2 216
1 2800
1 3036
1 721
2 296
2 2651
1 682
1 126
2 2987
1 1396
1 638
2 1674
2 1962
2 1455
1 1279
2 849
1 459
2 1642
1 891
2 1637
2 761
1 646
2 1431
1 2584
2 676
2 2884
1 2380
1 1965
1 401
2 742
2 1543
2 2286
1 2376
2 2560
2 2226
1 2946
1 2296
2 831
2 1388
2 720
2 2615
1 2186
2 1880
1 1493
2 1555
1 1573
2 2915
2 337
2 2499
2 647
2 129
2 848
1 2820
1 1497
2 2023
2 1090
1 2838
1 2766
1 1661
1 620
2 1555
1 2352
2 191
1 707
2 1633
1 1987
1 2881
2 2606
1 1936
2 1987
2 528
2 2335
1 876
1 2256
1 140
2 2758
1 1833
2 222
1 303
2 175
2 218
1 2062
2 239
2 1073
1 2380
2 2100
2 1809
2 1097
1 1905
2 231
2 2017
1 750
1 2650
1 3027
2 1812
1 1961
1 2545
2 219
2 1454
1 2185
2 1680
1 1128
2 597
2 685
1 908
2 2836
2 1464
2 726
2 1131
1 531
2 2135
1 1613
1 1764
1 2171
2 2526
1 1490
2 655
2 1291
1 120
2 1578
2 329
2 2475
2 447
2 774
2 2264
2 1589
1 1882
2 656
1 1385
2 1719
1 1362
2 403
1 2733
1 1770
1 1466
2 445
1 453
2 1120
1 2895
1 1644
2 2788
1 1761
1 1265
1 1556
1 152
1 197
1 2361
2 1118
1 953
2 1445
1 434
2 584
2 1411
1 680
1 2748
2 1010
2 1175
2 1880
2 2506
1 782
2 288
2 840
1 1116
1 1132
1 669
2 900
2 3038
2 2745
2 739
1 2640
1 346
2 1280
1 1174
2 2277
1 2168
1 2701
2 1419
1 1424
2 1784
1 2842
1 1255
2 2144
1 483
1 435
2 2963
2 2420
2 243
1 1721
2 1
1 2819
1 196
2 269
1 2812
1 2118
2 1296
1 419
1 2705
2 860
2 197
2 788
2 1703
1 206
2 1185
1 48
2 1454
2 1559
1 2814
1 2223
1 650
1 1894
2 1820
2 630
2 2354
1 96
2 407
2 2638
2 2612
1 2052
2 2472
2 2369
2 186
2 547
2 1275
1 2417
1 1431
1 2827
2 309
1 3011
1 361
2 1264
1 2770
2 1479
1 350
2 1627
1 76
1 1041
2 855
1 2095
2 656
1 1489
1 2740
1 1386
1 2168
1 2961
2 2761
2 548
1 991
2 453
2 2382
1 396
1 2331
2 274
2 1952
2 2002
1 504
2 2330
2 1224
2 1767
2 339
2 72
2 2556
2 2214
1 2840
1 2719
1 752
1 2372
2 1428
1 34
1 805
1 1366
2 548
2 236
1 1163
1 817
2 350
2 1230
2 2163
2 1011
2 1336
1 1730
2 39
2 1943
2 69
2 1000
2 3031
1 2153
1 1963
2 867
2 2763
2 464
1 1926
1 2847
1 1418
1 560
2 2423
1 2004
1 170
1 424
1 1223
1 2891
2 2542
2 1941
1 19
2 377
1 184
2 293
1 505
2 2739
2 2049
1 663
2 751
2 2056
2 312
2 82
1 83
2 1813
2 1480
1 1879
2 2761
1 760
1 1546
2 2890
1 512
1 292
1 2204
1 2727
2 2199
2 311
1 2591
2 280
2 2155
2 1066
1 26
1 455
2 431
2 567
1 2058
2 1507
1 2786
2 3016
2 917
2 2314
2 1743
2 586
1 1404
2 2212
2 945
1 767
2 2281
2 970
2 2877
2 1018
1 767
1 1477
2 973
2 23
1 2985
2 699
2 230
2 1080
1 1421
1 1552
1 2240
2 2622
2 2822
1 1523
1 838
2 535
1 2842
2 1493
2 62
2 529
1 728
2 1995
2 2019
2 2229
2 2364
1 3018
2 2284
2 2121
1 380
2 2667
2 1752
1 1107
2 910
1 1401
2 2496
1 2988
1 336
2 2136
1 2851
1 2710
2 2680
1 55
1 1747
2 1161
2 1872
1 552
2 621
2 1906
1 613
2 2670
2 668
2 2055
1 1201
2 1647
2 2888
1 820
2 594
2 2489
2 705
1 2057
2 825
1 1017
2 1533
1 2155
2 1361
2 2802
1 757
1 2478
1 981
2 2018
1 2379
1 1096
1 960
1 14
1 817
1 1904
2 2768
1 2956
1 1380
1 212
2 2008
2 156
1 1860
2 209
1 1675
1 2439
2 828
1 2203
2 486
1 592
2 2969
2 2052
1 873
2 2639
1 571
1 1736
2 499
1 118
2 2939
1 2501
2 2755
1 1672
1 1311
1 2122
1 657
2 235
2 566
1 778
2 2561
2 833
1 2008
1 2653
2 1595
2 1364
1 2624
2 583
1 1305
2 1814
1 1025
2 454
2 671
2 260
2 2739
2 1403
2 1413
1 915
2 2084
1 2135
1 1302
2 1127
2 314
1 2328
2 136
2 149
1 2116
2 598
1 1840
2 1632
1 1408
2 1782
1 138
1 2060
1 2942
2 1999
2 1845
1 1438
1 265
2 290
1 38
2 2526
2 492
1 389
2 2829
1 1750
2 2986
1 2738
1 1666
1 2722
1 2791
2 2462
1 619
1 1042
2 2807
2 1559
1 727
1 495
2 834
2 2268
1 716
2 1807
2 844
1 1259
2 1609
1 673
2 2781
1 325
1 130
2 367
2 2293
2 1959
1 400
1 2505
2 1108
1 2874
1 270
1 1562
1 1447
1 2256
1 2269
2 1655
2 110
2 1013
1 113
2 379
2 2300
1 1937
2 326
1 1451
2 1394
1 1400
1 1938
1 2035
1 1794
1 1596
2 2764
1 555
2 469
1 409
2 299
2 1433
2 2011
1 2676
2 1919
1 591
2 703
2 860
1 1181
2 1651
2 2285
2 2149
1 1434
1 179
1 1307
1 1670
2 2735
2 1350
2 974
1 1026
1 813
2 1278
2 2337
1 1441
1 1187
2 1777
1 1755
2 1834
2 1030
1 2721
2 2260
1 204
1 2741
2 1600
2 1355
2 2111
2 1416
2 420
2 2505
1 479
1 532
1 516
1 2663
2 1228
1 412
1 2132
2 2477
1 1748
2 2317
1 3004
1 1324
2 784
1 1996
2 1300
1 629
2 2308
1 1883
2 1440
2 2581
2 3022
1 331
2 1711
1 1699
2 2688
1 309
2 382
2 1516
2 2906
2 1786
1 1233
1 1848
1 2763
2 1702
2 1442
1 2166
1 2016
1 1476
2 729
2 1932
2 930
1 1543
1 80
1 2762
2 2668
1 1446
2 298
1 2703
2 2430
2 504
1 1318
2 749
2 333
1 985
2 859
1 927
2 2516
2 221
1 776
2 2215
1 570
1 612
1 1069
2 1781
1 2913
1 2540
2 1362
2 2154
2 494
2 683
2 2899
1 2993
1 159
1 2655
1 1145
1 2412
2 2280
2 2922
1 1628
2 2414
1 2375
1 974
2 761
2 2356
2 1304
1 616
1 2134
2 2687
1 2157
2 658
2 183
2 1223
1 2079
2 1762
1 1814
2 1603
1 2047
1 2490
1 66
1 405
1 1170
1 1718
1 2393
2 1341
1 2175
1 923
1 1965
1 461
1 2388
2 213
2 2064
2 315
2 308
2 851
2 441
1 332
1 3033
2 1345
2 1591
1 25
1 957
1 987
2 285
1 952
2 915
1 1885
2 1562
1 2607
1 2893
2 2720
1 898
2 231
1 1615
1 2092
2 2370
2 476
2 1332
1 1501
1 37
1 705
2 2031
1 1136
1 1903
1 1588
1 1682
1 3011
1 2245
2 914
1 741
2 2716
2 1883
2 87
2 2558
2 1225
2 2225
1 2686
2 1803
2 1474
2 2780
1 553
2 278
1 781
2 2822
1 776
2 1396
2 223
2 1237
1 2131
2 230
1 2872
2 2940
1 701
2 1327
2 148
2 1648
1 2182
1 1382
2 765
1 1678
1 213
1 2353
1 2568
2 2051
1 2273
1 2544
2 2282
2 2124
1 312
1 2583
2 659
2 2864
2 847
1 2875
2 2712
1 2201
1 2428
1 2687
2 2880
2 2785
1 3043
1 792
1 712
1 202
1 1029
1 406
2 2026
2 349
2 921
1 1582
1 120
1 678
2 145
2 2468
2 3020
1 996
1 3049
2 1972
2 2476
2 1000
1 451
1 2756
1 1366
2 1689
1 1947
1 1539
2 884
2 2563
1 2368
2 3040
1 2539
1 2265
2 2947
2 1894
1 1842
1 875
2 905
1 2043
2 1889
2 80
2 320
1 2173
2 98
2 274
1 989
2 1273
2 2343
1 3006
2 2123
2 2929
2 2296
1 2936
1 3007
1 1511
2 135
1 769
1 2631
1 1806
2 1607
2 1666
2 1728
2 1765
2 1368
1 931
1 2918
2 2815
2 1241
1 1822
2 646
2 297
2 1908
1 2186
2 1204
2 753
1 1402
2 437
1 969
2 1829
1 83
2 2464
2 1696
1 1236
2 248
1 2594
1 1724
2 69
1 901
1 1785
1 2611
2 1138
2 1980
1 1036
1 1180
2 762
1 540
1 1007
1 369
1 2128
2 131
1 983
2 1989
2 934
1 2613
2 2751
1 364
1 255
2 995
2 1378
1 580
1 2123
1 1265
2 808
2 2845
2 1051
1 233
2 862
2 626
2 424
1 1716
1 1399
1 1264
2 787
2 1887
2 1349
1 1551
2 2540
2 1652
1 2644
2 1367
1 1032
1 572
2 243
2 210
1 2255
1 1943
2 1285
2 475
2 2938
1 1912
2 1679
1 1817
1 1079
1 951
2 2542
2 2370
1 3045
2 1960
1 695
2 1743
2 1475
1 429
2 2470
1 2095
2 2779
2 2235
2 1282
1 2187
2 1638
1 81
1 2397
1 2651
2 1548
2 2242
1 2698
2 2120
2 2795
2 2713
1 2873
1 1476
1 247
2 1472
1 1005
2 1822
1 2204
1 801
1 1249
1 2774
1 2396
2 2587
2 925
1 1949
1 2585
2 183
1 474
2 1002
2 2746
2 72
1 1993
1 1744
2 431
1 291
2 667
2 833
1 2701
2 1757
1 330
2 334
2 2579
2 1693
2 1236
1 1911
2 122
1 394
2 3004
1 1772
1 2942
1 335
2 693
2 811
1 1037
1 1318
1 40
1 1033
1 2777
2 2169
1 2412
1 963
1 1330
2 1182
1 1724
2 2785
2 2666
2 2345
2 2447
2 1082
1 1342
1 70
2 487
2 2995
2 2700
1 1231
1 3010
1 1652
1 2048
1 874
1 816
2 1844
2 2757
2 1256
2 1048
1 672
2 740
2 2275
2 2594
1 748
2 532
1 1541
1 2034
1 1766
2 1354
1 1635
1 2859
1 2821
1 906
2 1916
1 1850
2 2211
2 2389
2 1703
2 1232
1 2477
1 434
2 2457
2 836
2 2903
1 2868
1 633
2 365
1 821
2 596
2 97
2 962
1 2574
1 2421
2 706
1 1063
2 2040
2 652
1 582
1 2072
2 2096
1 167
1 1430
1 200
2 549
2 2104
2 2084
2 956
2 181
2 426
2 67
2 1617
2 2254
2 991
1 249
2 2870
2 1892
2 2384
2 427
1 1863
1 2663
1 2953
2 1580
2 769
1 825
1 2158
2 728
1 1773
1 2527
1 3
1 1560
2 1335
2 423
1 806
2 2919
2 283
1 2971
2 645
1 1143
1 2640
2 498
2 2154
1 1207
2 2318
2 445
1 886
2 2599
1 1306
2 549
2 1577
2 1589
1 2518
2 2670
2 371
1 1310
1 1331
2 1309
1 238
1 437
2 254
2 1866
1 93
1 1745
2 851
1 2715
1 796
2 588
2 1648
2 2510
1 1587
2 1159
1 1879
2 587
2 214
1 1955
2 2637
2 2378
1 1277
2 2533
1 3035
1 387
1 1605
1 1553
1 3024
2 2517
2 2584
2 1619
2 1862
2 209
2 826
2 2971
1 212
2 1188
2 463
2 281
1 1949
2 1607
2 684
2 2889
1 1537
1 589
2 642
1 311
2 2604
1 2224
2 1164
1 2387
2 2413
1 357
2 2144
1 2363
1 2794
2 2981
2 111
2 349
2 2620
2 832
2 2137
2 2303
1 2210
1 2807
1 172
2 688
1 822
2 959
1 2157
2 1471
1 530
2 1606
1 2714
2 2734
1 1535
1 933
1 1407
2 1712
1 1020
1 933
1 2917
2 1054
2 2491
1 2016
2 2632
2 2355
2 151
1 903
1 2782
2 2339
1 1024
1 2359
2 874
2 2389
2 3012
1 11
1 2679
2 2838
1 2589
2 2539
1 1710
1 2044
1 1854
1 1268
2 2048
1 1915
1 2789
2 2804
2 3039
1 1139
2 2360
2 448
2 1321
1 116
2 1388
2 2957
2 1681
2 651
2 756
2 3015
1 2771
2 1909
2 2223
2 861
2 319
1 346
2 2087
2 2452
2 54
2 2110
2 1957
1 1513
1 2348
2 2923
2 2930
2 2980
2 174
2 287
1 147
2 2431
2 2231
2 2933
1 802
1 580
2 1434
1 2852
2 1126
1 1611
2 591
1 1895
2 1900
1 1443
2 395
2 518
1 2271
2 2381
1 2136
2 459
1 89
2 1778
2 31
1 1787
1 1830
1 1590
2 339
1 1540
1 1016
1 2166
1 2512
2 345
1 2962
2 1459
1 310
2 637
2 125
2 168
2 2808
1 523
2 3006
1 2043
2 1328
1 2582
2 485
1 966
2 421
2 1055
1 1219
2 1243
1 1832
2 2054
1 2386
1 1062
2 2407
2 2014
2 2325
2 2517
2 2881
2 2469
1 920
1 248
1 500
2 2306
2 1405
2 2126
2 674
2 2015
1 2816
1 1905
1 850
1 2636
2 1528
1 2524
1 576
1 1503
1 1687
1 2964
2 468
1 2110
1 2514
1 859
2 2508
1 709
2 1111
1 1988
2 151
1 458
1 758
1 2790
1 2258
2 2197
1 1283
1 1078
2 1827
2 2198
1 1217
2 2027
1 1709
2 2694
1 1442
2 439
2 177
2 2731
2 2920
1 1976
1 1450
2 1342
1 708
2 1833
1 1193
1 611
1 603
1 886
2 323
1 1260
2 1893
1 9
2 139
2 2037
1 1587
2 204
1 624
1 1811
1 2992
2 1714
1 941
1 1686
2 2101
1 2315
1 2520
1 474
1 2109
2 1978
2 2700
1 242
2 2403
2 892
2 1183
1 136
2 1945
2 2174
1 2529
1 717
1 723
2 496
2 1021
1 772
1 366
2 2603
2 2109
1 1950
2 897
1 1651
1 2142
1 1649
1 194
2 618
2 625
2 2927
2 2990
1 1014
1 2691
1 1373
2 1287
2 510
2 1680
1 2605
2 2673
1 935
1 527
2 2738
1 2927
2 2680
1 378
1 1795
1 2224
1 440
1 2575
1 2515
1 2165
2 2797
2 1281
1 2369
1 502
1 2808
2 484
2 2266
1 1433
2 1253
2 997
2 341
1 258
1 1445
1 1467
2 85
1 619
1 1088
2 2844
2 2313
2 2938
1 2253
2 1349
1 456
2 2219
1 2588
2 717
2 554
1 3012
1 3030
2 1815
1 2987
1 2252
2 1639
2 747
2 2479
2 719
1 2379
2 2386
2 1915
1 2200
2 810
1 2278
1 807
2 531
2 814
2 708
2 524
1 1827
1 1491
2 2644
1 2451
1 1383
1 2323
1 2291
1 1860
2 542
2 173
2 1150
2 2698
2 49
1 19
1 1837
2 114
2 127
1 785
1 552
1 864
1 40
2 527
2 1422
2 821
2 857
1 929
1 2042
1 2032
1 1753
1 898
2 2828
2 3036
1 2909
2 188
1 65
1 2861
2 2320
2 1168
1 2805
1 1409
1 1148
2 931
1 555
1 2483
1 1855
1 1202
2 1386
2 2711
1 2626
2 3000
1 2414
2 1570
1 276
2 1352
1 1816
2 2191
2 1405
2 1085
1 1812
2 2671
2 2813
1 818
2 2458
1 2718
2 2977
2 1467
1 1788
2 1399
1 1065
2 2837
2 378
1 840
2 156
2 370
1 1385
2 2488
1 185
2 2840
1 295
1 1977
2 1226
2 2334
1 91
1 2669
2 1713
1 332
1 1843
1 2255
1 2593
2 1619
2 3021
2 1199
1 1640
2 2906
1 1561
2 2373
2 801
1 2371
2 2951
2 2069
2 783
2 670
1 43
2 1425
2 480
2 2538
1 2580
2 313
2 2876
2 1247
2 390
2 152
1 1479
2 2390
1 2455
2 679
1 1006
1 2160
1 951
1 846
2 2357
1 1113
1 1524
1 1464
2 142
2 1123
2 1847
1 2206
1 1094
2 1898
1 1576
2 376
2 1212
2 1377
2 144
1 428
2 1187
1 2628
1 295
1 2776
2 2926
1 273
1 1193
1 2887
1 1796
2 3033
1 746
2 117
1 1239
2 1127
2 318
2 1089
2 1175
1 1389
2 1423
1 2322
1 369
1 872
2 2715
2 1706
1 1815
1 1115
1 7
1 93
1 858
2 2250
2 2077
1 2436
2 831
1 2200
2 2841
2 2432
2 2185
1 2699
2 1740
1 1893
1 1419
2 1707
1 614
1 897
2 2222
1 1550
2 2170
2 2429
1 2469
2 247
2 1954
1 852
1 1870
2 2950
1 1257
1 3001
2 1292
2 2001
2 1043
1 902
1 118
2 1253
1 33
2 1728
1 1698
2 2639
2 1970
1 737
2 1950
1 1826
2 1579
2 541
1 1406
2 1049
2 33
1 632
2 2826
1 1488
1 375
2 1876
2 100
1 1699
1 2760
2 2943
2 2882
1 719
2 2834
2 2593
1 498
1 1780
2 2802
2 1197
1 2868
1 501
1 750
1 1022
2 410
1 1102
1 2753
1 417
1 1779
1 302
1 503
2 2679
2 2376
1 1780
2 1165
2 1304
1 1498
2 1026
1 2918
2 478
2 433
2 722
2 1659
1 2221
1 3000
1 869
1 2454
2 818
2 1823
2 1858
2 963
2 563
2 698
1 2900
1 2013
1 2825
2 2063
2 2278
2 660
2 936
2 1496
2 1100
1 47
2 2309
2 1129
1 1183
1 1961
2 1895
1 1058
1 600
1 1456
1 1276
2 1545
1 452
2 994
2 3029
2 21
1 1133
1 1700
2 990
2 411
2 1284
2 477
1 983
1 2445
2 465
1 1951
1 539
2 2399
1 1075
2 1760
2 2634
2 2464
1 930
2 2846
1 2261
1 2998
1 1266
1 1538
1 1580
2 1869
1 157
1 940
1 2642
2 2020
1 1457
1 2103
1 571
1 430
1 2887
2 481
1 710
2 2181
1 389
2 2274
1 2566
2 783
2 2317
2 45
1 1874
1 2647
1 2707
2 1060
2 1760
2 2647
2 1861
1 1
2 106
2 1931
2 606
1 2556
2 774
2 887
1 256
2 1540
1 926
1 1195
1 2865
2 1710
1 1749
2 984
1 198
1 185
1 516
1 2279
2 1324
2 119
2 1986
1 1656
1 1070
2 1848
1 1024
1 2652
2 384
2 2494
2 2221
1 240
1 1032
1 1035
2 351
2 918
2 1027
2 594
2 1824
2 1731
1 2128
2 1917
1 2405
2 244
1 2773
1 1147
1 169
1 2141
1 1520
2 1353
1 1805
1 2924
2 3019
2 2152
1 2866
1 2812
2 745
2 2408
1 2515
1 207
1 1346
2 996
2 823
1 1339
1 2146
2 686
2 358
2 355
2 2398
1 2546
1 2232
2 294
2 161
2 1248
2 698
1 10
1 264
2 1358
1 2713
1 1397
1 904
2 1817
1 357
2 864
2 2564
2 1244
1 2980
2 455
1 578
2 2465
1 1975
2 2824
2 2495
2 376
1 998
1 2796
1 1098
2 1250
1 1750
2 1511
2 567
1 2279
1 2456
2 905
1 1188
2 60
2 2073
1 1323
2 1842
1 1218
1 1828
1 609
2 1884
2 414
1 1636
2 1094
2 460
2 1838
2 1027
2 678
2 420
2 1940
1 1725
2 368
1 347
2 2241
2 879
1 1375
2 948
1 2161
2 666
2 297
1 1632
2 1609
1 1948
1 2903
1 408
1 190
1 722
2 51
2 2654
1 766
2 2759
1 2959
1 845
1 1998
1 2125
2 304
2 2936
1 2214
1 1221
1 3027
2 579
1 1579
1 2059
1 2306
2 1554
1 132
1 514
2 1856
1 2321
2 608
1 2850
2 726
2 342
1 2039
1 490
2 446
1 958
1 2999
1 1828
2 1510
2 1258
2 2500
2 1568
2 2076
2 2194
1 2876
1 335
1 1531
1 2706
2 408
1 2801
2 2024
1 1759
1 2552
2 1871
2 1533
1 1749
2 1701
2 2474
2 1462
1 955
1 2338
2 1899
2 2504
1 246
2 702
1 1754
2 1045
1 2793
2 1746
1 484
2 265
1 791
2 683
1 973
1 1086
2 2896
1 1959
2 1525
2 1964
1 2851
2 1282
2 1052
1 2503
1 1226
2 2897
1 1818
2 1836
1 2055
2 1864
1 2677
2 1571
1 530
1 2916
2 1600
2 2832
2 2446
1 1835
1 2093
2 1298
1 2991
2 546
2 1091
2 2452
1 1630
1 2090
2 2895
1 2536
1 712
2 1221
1 2799
1 682
2 822
2 73
2 35
1 757
1 799
1 1262
2 2237
1 1440
2 2697
1 1963
2 2020
2 138
2 1142
1 960
2 1261
2 1775
1 1470
1 132
2 2310
2 654
2 9
1 1608
2 3046
1 1519
2 1946
2 1320
2 215
2 2161
2 2053
2 2643
1 2340
2 1508
1 1292
1 1492
1 1059
1 2941
2 2097
2 1956
2 221
1 2853
2 1176
1 1924
1 3019
2 2994
1 1179
2 51
2 1681
1 1590
2 2243
2 442
2 2100
1 1928
2 1988
2 980
1 1376
2 1412
1 2755
2 1714
2 2772
2 112
1 1488
2 319
1 491
2 2722
2 514
2 1216
1 1243
2 1610
1 1108
2 2029
1 329
1 2882
1 2225
1 2383
2 2364
1 1601
2 1218
2 2907
1 165
2 343
2 1047
2 2462
2 2576
2 1742
2 2831
2 766
2 2951
1 743
2 418
2 2661
2 2273
2 292
1 384
1 20
1 2001
1 965
2 1508
1 2884
2 1152
2 2744
2 2429
2 2377
1 685
1 2351
2 2671
1 259
2 1881
1 2227
2 574
2 1232
2 854
2 994
1 2259
1 2152
2 2690
2 2476
1 2260
2 2872
1 1126
2 1119
1 1435
1 321
1 1661
2 2216
2 894
1 57
1 832
1 2000
2 2453
1 1246
1 2911
2 2316
2 2280
2 1453
1 856
2 2343
2 1966
2 2634
1 1679
2 1155
1 1139
1 1393
2 340
1 2267
1 808
1 969
2 707
1 1578
2 670
1 1478
2 838
1 947
2 523
1 1195
1 1354
2 2852
1 868
2 1260
2 126
2 2139
1 3041
1 2778
2 1926
2 1142
2 1741
2 2578
1 2608
1 804
2 2729
1 1642
1 229
2 444
1 1005
1 754
2 2924
2 1936
2 1391
1 1571
2 1438
2 338
2 1463
1 2783
2 2299
1 353
1 877
2 1213
1 1551
2 1852
1 1109
1 1238
1 2490
1 1280
2 648
2 3045
2 1115
2 1504
2 653
1 1692
1 815
2 1229
2 888
2 1787
1 2107
2 1173
2 2935
1 1768
1 1819
2 2986
1 1779
2 1952
2 2555
1 224
1 1401
1 1763
1 2189
2 562
2 1574
1 1038
2 2743
1 565
1 2586
1 2127
1 2622
2 228
1 662
1 1045
2 1432
2 2858
1 481
1 1141
2 2471
2 2549
1 2989
2 2113
2 2879
2 1678
1 826
2 1314
1 480
1 2050
1 217
1 1634
1 919
1 160
2 2963
1 1231
1 2653
1 1701
2 1122
1 934
2 1969
1 417
2 627
2 470
1 1723
2 1222
2 2982
1 226
2 2491
1 955
2 1138
1 2912
1 1801
2 153
1 310
2 2433
1 823
2 1030
1 1853
2 2368
1 2213
1 225
1 1283
1 2820
1 2932
1 327
1 1573
2 856
2 20
2 899
2 2512
1 2373
2 1242
2 964
1 233
1 1458
1 383
2 1337
2 489
2 415
2 239
2 845
2 581
1 38
1 2423
2 3034
2 2788
1 2745
1 2228
1 733
1 1686
1 1912
1 616
2 1726
2 129
1 2063
1 1101
1 1784
1 30
1 1471
2 1709
1 1369
2 1933
1 890
2 1934
2 1818
1 1166
2 2365
2 1583
2 1220
1 2269
1 1497
1 173
1 777
1 748
2 2973
1 271
1 2366
1 1668
2 1112
2 1357
1 2130
2 2408
2 2283
1 853
1 2439
2 564
2 2331
2 2169
1 704
1 1935
2 1363
2 2843
2 1057
1 193
1 3018
2 2492
2 1117
1 272
1 967
2 2411
2 1473
2 2145
2 2134
2 2983
1 2619
1 2038
1 979
1 2481
1 1007
2 2076
2 2718
1 2781
2 263
1 2749
2 84
2 2697
1 2444
2 3031
2 1937
1 48
2 1278
1 1167
2 3009
2 64
2 2618
2 316
2 2211
1 443
1 1222
2 2173
2 1610
1 2684
2 1441
2 2675
1 1643
1 2662
2 1462
1 2067
1 1944
1 2111
1 2062
1 525
2 21
2 2230
2 922
1 3029
2 2857
1 2337
2 2116
1 791
1 1800
2 2813
1 1466
1 1618
1 635
2 2145
1 2359
1 2080
1 285
2 2810
1 2277
2 36
1 1769
2 2566
1 2708
1 888
1 641
2 46
2 2071
2 107
1 1957
1 1074
2 1850
1 1447
1 75
1 782
2 2726
1 1023
1 1702
2 3023
1 1570
2 2564
2 2489
2 64
1 908
2 1463
2 1737
1 18
2 2657
2 2428
2 628
1 1191
2 653
1 2664
2 564
2 2383
1 164
2 1104
1 1717
1 1089
1 32
1 1040
1 810
2 471
2 2609
1 2232
2 2974
1 1485
1 965
1 495
1 1444
2 2811
2 188
2 2602
2 3041
1 2674
2 366
1 977
1 2402
2 1561
1 1198
2 2466
2 2561
1 1207
2 1160
1 786
1 830
1 1940
2 255
2 2983
1 968
1 2101
2 141
2 912
1 2898
1 2993
2 2082
1 2676
1 2289
2 2300
2 3015
1 158
2 697
2 577
1 1960
1 18
2 3007
1 1646
2 2371
1 1715
1 798
2 2498
1 1999
1 127
2 2482
2 978
2 155
1 1336
2 1252
2 1014
2 540
2 602
2 1256
2 1626
2 179
1 2006
2 381
2 476
2 1478
1 208
1 610
2 593
2 2897
2 1482
2 1011
1 444
1 224
2 1325
2 1347
1 2226
2 2581
2 1217
1 473
2 2342
2 427
2 393
2 837
1 572
1 68
2 971
1 1924
2 1458
2 1299
2 1656
1 2984
2 137
2 119
2 2193
1 2660
1 1309
1 2229
1 742
2 109
1 140
2 1298
1 2304
1 2182
1 640
2 2106
2 1691
1 2801
2 160
2 1313
1 2562
2 937
1 2222
2 694
2 263
2 2520
2 659
2 2660
2 1835
2 56
2 747
1 1808
1 352
2 2855
2 1184
1 606
2 2693
2 2549
1 2192
2 1869
2 780
2 1670
2 534
2 2438
2 1809
1 1603
1 2060
2 2044
1 2257
2 2737
1 1206
1 1276
1 921
2 1593
2 763
1 2632
2 3048
2 2030
1 500
1 2156
2 1288
2 1888
2 1742
2 234
1 843
2 1025
2 1150
1 2665
2 2248
2 2400
2 1973
2 1378
1 391
1 889
1 875
2 1529
1 2656
2 2061
1 946
1 472
1 300
2 279
1 2320
1 847
2 2824
2 1416
2 1262
2 1194
2 149
2 2573
1 2970
1 282
2 642
2 1286
1 1861
2 1584
1 2210
2 1162
1 625
2 597
1 806
1 6
1 739
2 592
2 375
1 1137
1 1491
2 2552
1 251
2 1664
2 916
1 113
1 2341
1 1588
2 2871
1 2444
1 78
2 1174
2 1365
2 700
1 2029
1 503
2 1156
2 1756
1 2989
2 1676
2 909
2 61
1 2164
2 2712
2 2848
1 1050
1 799
2 1539
1 725
2 1477
2 2523
2 3021
2 925
1 2007
2 2940
1 980
1 790
2 2958
1 1105
1 225
2 2960
2 1541
2 2919
1 1020
2 2830
1 3013
1 2147
2 278
1 23
2 3025
2 675
1 2419
1 2172
1 2345
1 2347
2 1993
2 2608
2 2202
2 2740
1 237
2 2743
1 2485
1 1156
1 2303
2 3017
2 2087
2 1382
1 1900
1 1460
2 735
1 2570
2 2968
2 2600
1 607
1 294
2 1980
2 1669
2 1235
2 1521
1 2377
2 146
1 2336
1 2441
1 1582
2 828
2 1060
2 534
1 599
2 340
2 1538
2 932
2 317
2 1295
1 966
1 493
2 163
2 1677
2 836
1 2326
1 956
2 605
1 2098
1 102
1 168
2 105
2 1240
1 2855
2 2865
2 1821
1 1783
2 1072
1 71
1 1526
2 795
2 2397
2 2534
2 663
1 2339
2 1370
2 2299
2 2475
1 2149
2 2677
1 2053
1 1715
1 3025
2 2090
2 2541
1 1770
2 506
1 2979
1 2551
1 2298
2 2826
1 865
2 2272
2 546
2 1665
1 588
1 1671
1 2574
1 2399
2 1259
1 1269
2 2849
2 2732
1 1297
2 2862
1 505
1 725
2 2037
2 2473
2 371
1 1514
2 3044
2 967
2 1160
2 1296
1 473
2 1372
2 1700
2 3020
2 1740
2 2792
1 2827
2 2859
1 1460
2 1984
1 90
1 2978
1 911
1 259
1 1938
1 1333
1 1129
2 3008
2 1612
1 275
1 1621
2 863
2 2667
1 2143
1 2695
1 804
1 2504
2 2559
2 1807
2 1504
2 1886
2 2953
1 574
1 95
2 2522
1 2609
1 1972
1 1151
1 596
2 324
2 1189
1 829
2 167
2 1704
2 1839
1 1631
2 2765
1 870
1 2130
2 2425
2 1338
2 253
1 2921
2 2146
1 3010
2 1159
2 1211
2 1081
2 1968
2 1064
2 2322
1 2638
1 1501
1 839
2 1331
2 1536
2 1360
2 629
1 749
2 887
2 1339
1 1343
2 457
2 466
1 803
1 672
1 1563
2 2530
2 2649
2 1017
1 2302
1 1665
1 1245
1 2580
2 1313
1 2473
2 2112
2 1719
2 1910
1 1102
2 1564
1 593
1 661
2 250
1 2488
2 2327
1 1628
2 1854
1 465
1 924
2 509
1 6
2 1084
2 165
2 423
2 36
2 1039
1 615
1 1003
2 177
1 2555
2 1424
1 893
2 226
2 2726
2 1320
2 835
2 715
1 1567
2 2432
1 709
1 508
1 507
1 846
2 759
1 745
2 827
2 2577
1 1977
1 2013
1 2468
2 2014
1 2642
2 779
1 2800
2 1953
1 893
2 1992
2 1542
2 2024
2 2978
1 2885
1 2724
1 863
1 882
1 529
2 348
1 1569
1 143
1 2650
1 1270
2 729
2 1344
1 1294
2 2454
2 1144
2 2295
1 730
2 199
2 2416
1 2291
2 835
1 60
2 200
1 95
1 2538
1 2115
1 3034
2 2914
1 2806
1 2535
2 121
2 1015
1 289
1 2641
1 2588
1 815
2 90
2 2091
2 1348
1 404
1 2167
2 1962
1 422
2 2258
2 141
2 114
1 1001
2 1810
1 2346
2 2124
2 993
1 440
1 1856
1 1941
2 1459
1 1057
1 910
1 485
2 2085
1 2908
1 2519
1 2065
2 1448
1 1009
2 2005
2 1698
2 621
1 2017
1 1732
1 1792
2 1122
1 2767
2 466
2 1487
1 1252
2 2507
2 1457
2 85
1 2682
1 42
1 2501
1 764
2 306
2 100
1 1468
2 2079
2 2753
2 327
2 2198
2 944
2 2295
1 1849
1 1135
2 2281
2 2482
2 2910
2 2621
2 513
2 2628
1 2703
2 2920
2 1641
1 618
1 2891
1 2083
2 1131
1 2828
2 1031
1 1376
2 1271
1 2077
2 2239
2 2357
1 2730
1 1042
1 1534
1 2367
2 2174
2 1216
1 241
2 422
2 461
1 664
1 134
2 266
1 2981
2 1475
2 1515
1 396
1 816
2 891
1 1019
1 706
1 250
1 2922
2 2832
2 1638
2 1735
2 1118
2 2630
2 299
1 695
1 488
2 16
2 2263
2 2480
1 108
2 2652
2 1480
2 1402
1 595
2 1514
2 1415
2 2099
1 1347
2 170
1 3013
2 2675
2 96
1 1203
2 2999
2 2314
2 2888
1 1235
2 1338
1 512
2 938
2 425
1 2137
2 2585
2 2835
2 1519
1 479
2 1929
2 2583
1 1646
2 1668
1 2621
1 360
1 1966
2 1481
1 2498
1 1239
1 1165
1 1111
1 1486
1 1513
2 2923
2 2836
1 2554
2 999
1 1469
1 1688
1 2045
2 2350
1 379
2 2046
2 998
2 2078
1 2547
2 687
2 1813
1 2742
2 1992
1 203
2 2793
2 1294
1 2217
1 409
1 1229
1 2054
2 2614
2 1363
2 763
1 2610
1 2181
2 2956
1 2390
2 74
2 1379
1 547
2 182
1 2058
2 2391
1 139
2 2431
1 2474
2 2571
1 1238
2 442
1 2387
1 458
1 551
2 2270
2 704
2 2996
2 2250
1 1983
2 2727
1 1845
1 506
1 895
1 1615
1 2610
2 1836
1 975
2 220
1 2242
1 451
1 1672
2 2615
2 347
1 2878
2 1317
2 2686
1 1199
1 1942
1 556
1 2283
1 2236
2 1535
2 773
1 2287
1 175
1 1272
2 1781
2 1398
1 1768
1 2305
2 881
1 2589
2 1373
2 2563
2 599
2 1272
2 1502
2 1707
2 1629
2 2448
2 2307
1 1890
2 2839
2 2108
2 298
2 2070
2 421
1 2497
2 393
1 1545
1 1931
2 2406
2 1597
1 2618
2 673
1 1930
1 338
1 277
2 1340
2 2039
2 1068
1 927
1 362
1 246
1 988
2 2022
1 2969
2 2292
1 2689
1 1387
1 2082
2 2982
1 2928
2 162
1 1758
1 1877
1 2762
2 1435
2 2725
1 1831
1 1381
2 438
1 1903
2 2502
1 1125
1 544
2 2830
2 2449
1 1979
2 1383
2 35
1 2350
2 363
1 811
2 264
2 1315
1 2930
1 632
2 438
1 2434
1 796
2 515
2 1255
2 182
2 2443
1 193
1 2196
1 2324
1 387
2 99
1 1177
1 1653
1 268
1 793
2 2522
2 3001
1 1824
1 803
1 1055
2 1395
2 964
2 2935
1 316
2 1774
2 2268
2 1923
1 2596
1 798
2 279
2 187
2 2649
2 2353
2 1293
2 2396
2 2513
1 2290
2 1919
1 91
1 1930
1 724
2 961
1 981
2 2736
2 2478
1 2623
2 2892
2 508
2 1348
1 2403
1 1251
2 2521
2 737
2 374
2 2586
1 405
1 2573
2 877
2 1526
1 98
2 2195
2 809
1 2912
1 2796
2 1502
2 789
1 2220
1 907
2 1906
1 1075
1 765
2 1446
1 1420
1 1720
2 74
1 2297
2 2798
1 2570
2 1516
1 1163
1 946
1 271
1 2208
1 731
1 2056
2 1598
1 1319
1 2241
1 2437
1 2069
1 2267
2 1877
1 478
2 109
2 1004
1 1620
2 565
2 2358
1 227
1 2592
2 2572
1 483
2 145
2 2870
1 2164
2 1145
1 2467
2 950
2 2691
1 1662
2 1976
1 2869
2 1333
2 2392
1 162
2 866
1 28
2 2750
2 1095
2 2382
2 137
1 789
1 945
2 2507
2 1428
2 545
2 261
2 539
2 2673
1 1377
1 1427
2 518
2 1196
1 1973
1 303
1 1308
1 2547
1 598
2 2911
2 2219
1 1532
1 1584
2 323
1 2033
2 738
1 1277
1 1332
1 2289
2 433
1 1566
2 1712
2 1658
1 2151
2 2426
2 2391
2 2470
2 2092
1 611
1 2510
2 236
1 1369
2 267
1 1453
2 2551
2 2532
2 2965
1 970
1 1778
2 492
2 2829
2 1233
2 755
2 414
1 258
1 2207
1 1316
1 53
1 758
1 1791
1 853
1 86
1 1113
2 740
2 2821
1 909
1 390
1 1242
1 2550
2 133
2 2976
2 1509
1 2
2 2537
2 1690
2 2696
1 841
2 3017
1 1663
2 403
1 1048
1 222
2 2010
1 291
2 1622
2 2028
2 2449
1 253
2 2294
1 2276
2 2315
1 15
2 425
1 148
2 522
1 662
2 1394
1 1846
1 2
2 1083
1 268
2 287
2 41
2 1865
1 1985
2 1008
2 2262
1 1301
1 1144
1 544
2 1246
1 1647
2 2346
2 1227
2 2843
2 1534
2 2466
1 1010
2 493
2 2292
1 1689
1 260
2 344
2 681
2 2088
1 2251
1 1083
2 2977
2 2067
2 397
1 2681
2 1141
1 1881
2 363
2 744
2 2243
2 1312
2 1862
1 1720
2 779
1 1771
1 575
2 711
2 2341
2 1372
1 1409
1 1591
1 2374
2 2249
2 2954
1 1176
2 2728
2 135
2 30
2 2816
1 1392
1 1410
2 2011
1 2118
2 879
2 1537
1 1341
1 1612
1 1550
2 1107
1 2595
2 1486
2 522
2 2553
1 1210
2 53
1 269
1 2509
1 2690
2 911
1 2374
2 1391
2 2883
1 216
2 942
1 2309
1 2984
2 2206
1 1029
1 341
2 617
2 44
1 1365
2 2798
1 2409
2 854
2 510
2 2112
1 1037
1 2648
2 2023
1 923
1 3014
2 1481
1 1722
2 689
1 2990
2 2968
1 696
1 1261
1 1311
2 780
2 786
2 918
2 649
2 2530
1 1706
1 1056
1 1426
1 2602
2 1084
1 551
2 627
1 1708
1 2099
2 2411
2 1925
2 2434
1 2974
2 3009
1 2779
1 1214
1 1136
1 201
1 2754
1 590
2 1674
2 2083
1 8
1 472
1 220
2 2471
1 744
2 2747
1 623
1 41
2 2848
1 615
2 948
2 1455
2 1452
2 2238
2 1529
2 2708
2 124
2 1067
1 2247
2 365
2 1933
1 1858
1 2308
2 2105
1 667
1 2502
1 2188
2 1310
1 2025
2 872
1 180
1 1581
2 1744
1 1205
1 1782
2 2889
2 1498
2 2394
2 1804
2 2803
1 154
2 2378
2 1626
2 558
2 3014
2 2275
2 787
1 1400
1 2028
2 1727
2 614
2 3026
1 2950
1 2692
2 736
2 2463
1 11
2 3050
1 587
2 1041
2 1785
2 2898
2 1425
2 1219
1 1598
2 1982
2 66
2 2625
2 2613
2 2047
2 2460
1 2960
1 2894
1 2385
2 2635
1 1088
1 2005
1 2311
1 2702
2 283
2 1896
1 76
1 1527
2 1013
2 562
1 2156
1 103
2 351
1 1472
1 1171
1 2129
2 600
1 764
2 2120
1 1765
1 1954
1 2914
1 812
1 743
1 1495
1 2751
1 2141
2 1410
2 2034
1 2487
1 1777
2 286
2 1772
1 1572
2 228
1 987
2 715
2 1343
1 1618
1 1816
1 2655
2 1345
2 1567
2 2582
2 1729
2 1736
2 380
1 2683
1 2597
1 771
1 814
2 2678
2 1658
1 1092
2 793
2 1423
2 1996
2 1415
2 1767
2 1524
1 1978
1 334
1 1604
1 370
2 1994
1 24
1 720
2 1133
1 2265
1 2297
2 5
1 536
2 1630
2 2458
2 1983
2 270
1 668
2 1147
1 723
1 1190
1 1901
2 1427
1 2131
2 2442
2 1839
2 2932
1 862
1 2416
2 1544
1 1834
2 1257
1 1158
1 778
2 666
1 736
1 1762
1 2042
2 373
2 1353
2 550
1 2746
2 1288
1 436
2 2402
1 2236
1 2244
1 896
2 2774
1 2486
1 871
2 2692
2 2508
2 1132
2 762
1 2702
1 2612
1 557
1 1058
