6600 4000
1 2529
2 177
1 2177
2 2097
2 1290
1 2320
2 1868
2 288
2 413
2 175
2 165
1 3242
2 1079
2 1576
2 1784
1 1520
2 626
1 543
2 400
1 1860
2 865
2 2300
2 383
1 3112
1 1571
1 1961
1 524
2 1787
2 676
2 673
1 1014
1 3201
1 3093
2 2361
1 948
1 1655
1 2951
1 2941
2 796
2 566
2 2866
2 619
1 527
2 89
1 3240
2 1324
2 333
2 2000
2 68
1 3098
1 278
1 1067
2 2605
2 839
1 2727
1 663
2 3114
2 2735
2 427
2 888
2 31
1 2142
1 3244
1 1365
2 2025
2 104
1 2603
2 2381
2 294
1 1640
1 1272
2 3100
1 902
1 1817
2 2327
1 2608
1 868
2 3187
1 610
2 3117
1 994
1 802
2 2522
2 2211
1 479
2 367
2 989
2 2757
1 1031
1 3051
2 111
1 774
2 2171
2 13
2 1501
2 2525
2 1024
2 1907
1 762
1 1748
2 1119
2 357
2 2369
2 125
1 1564
2 865
2 1387
1 2355
1 832
1 2395
2 2761
1 2129
2 706
2 2199
2 1510
2 778
1 1136
2 426
2 3251
2 2650
2 2513
2 2464
1 1636
2 1726
1 349
1 1852
2 2690
2 1485
2 705
2 2687
1 602
2 1002
1 3191
2 1042
1 1763
1 1817
1 1884
1 3218
1 1205
1 1110
1 1450
2 1091
1 2924
1 1588
1 995
1 784
1 1931
1 829
2 1200
1 2853
2 2959
2 2501
2 551
1 2198
2 2491
1 635
1 3288
1 241
1 1938
1 566
2 1018
2 1025
1 781
1 447
1 2170
1 2284
1 922
2 2448
1 1936
1 2353
1 1846
2 871
2 1244
2 1805
2 854
2 142
2 110
2 2490
2 3178
2 2505
1 529
1 4
2 120
2 2870
2 1226
1 1385
2 1885
1 2681
1 1470
1 1292
1 2598
1 2405
1 371
2 763
1 445
2 1192
1 964
1 2821
2 2903
1 2856
1 1393
1 1436
2 1442
2 2504
2 2682
2 3006
2 2079
1 34
1 719
1 2639
2 2968
1 232
1 2619
1 2519
2 1786
1 2603
2 251
2 3043
1 2190
1 350
2 2071
1 350
2 1760
2 2907
1 1541
1 2948
1 1322
2 1228
1 362
1 1241
1 1422
1 1793
2 1622
2 2395
1 1493
2 1323
2 2206
2 1823
1 2326
1 2384
1 21
1 2636
2 1084
1 3063
1 2154
1 1087
1 653
1 765
2 1958
1 793
2 685
1 2541
1 627
2 807
1 2851
2 3
2 2550
1 22
1 914
2 2202
2 1709
2 1214
1 843
1 1188
2 3202
2 2591
2 1597
1 1917
1 2962
2 3174
1 985
1 1863
1 2747
2 1351
1 1161
1 1038
2 2635
1 1949
1 822
2 1952
2 2780
2 3031
2 1150
2 153
2 1753
2 652
2 2527
2 269
2 138
2 891
1 970
2 1514
2 1226
2 396
2 1972
1 2290
1 1542
1 2616
2 3057
2 1543
1 1048
2 1329
2 3151
1 2588
2 2555
1 2340
1 2806
2 1991
2 1658
2 2150
2 328
2 2678
2 1023
2 1425
1 2815
1 578
2 1215
1 93
1 2785
2 1968
1 1405
2 3099
1 430
1 3196
2 2591
2 2758
1 1704
1 2857
2 1694
2 2467
1 271
1 151
2 2287
2 2267
1 2510
1 2788
1 3295
1 2274
1 332
1 385
2 916
1 1926
2 569
1 1573
2 2972
1 3071
1 2407
2 2290
2 2452
1 1487
2 1037
1 1114
1 2045
2 1948
1 1020
1 2037
2 1000
2 2186
1 2548
1 2810
1 955
2 920
2 1652
2 1742
1 26
2 59
2 3272
1 2282
2 2609
2 1461
1 2696
2 49
2 1085
2 3121
2 2991
1 391
2 2937
2 3095
2 1744
2 1619
1 989
1 878
1 3124
1 18
2 1036
1 1348
1 2002
1 1792
1 2637
2 640
1 84
2 478
1 983
2 9
2 605
2 3205
2 1123
1 285
1 1083
1 2021
1 459
2 1267
2 2186
2 850
2 883
2 1059
1 2478
1 2787
2 2671
1 823
2 431
1 1251
2 2792
2 3204
1 2958
2 1135
2 2280
1 2100
1 2005
2 293
2 3232
1 800
1 3284
1 166
2 458
2 1513
1 308
2 2216
2 2520
2 1064
2 272
2 1381
2 732
1 1392
1 1695
1 3268
1 2573
1 1854
1 2647
1 2139
1 577
1 1935
2 65
1 200
1 2962
1 2860
2 3238
1 1065
1 3241
1 1202
2 1807
1 2181
1 159
1 934
1 649
2 2536
2 522
2 2184
2 326
2 1464
1 2369
1 1075
2 3155
2 2922
1 334
1 2570
1 2273
2 979
2 2023
2 1381
2 3134
2 746
2 2381
2 1583
2 497
1 2845
1 1708
1 2475
2 2336
1 28
1 2092
2 1694
1 3199
1 3048
2 1136
1 3135
2 1476
2 3159
2 1982
2 797
2 2728
1 82
1 1692
2 276
2 859
2 1003
1 203
2 1534
2 2341
1 2577
1 2425
1 329
1 156
1 710
2 1604
2 1435
2 3004
1 2761
2 3136
1 2641
2 1326
2 1007
1 1460
2 613
1 2262
1 403
1 1224
2 1638
1 665
2 2554
1 19
2 1979
2 564
2 2301
1 667
2 2690
1 1252
1 2883
2 2152
2 2058
2 2072
1 1313
2 316
2 1838
2 1729
2 3246
1 468
2 1869
2 1988
1 2754
1 2786
2 187
2 689
1 3028
1 2460
1 1345
2 581
1 2322
2 2763
2 108
2 2055
1 1803
2 1697
1 1909
2 183
1 750
2 654
1 1929
2 1837
2 1158
1 2376
2 2463
2 1305
1 425
1 1960
2 2902
2 606
1 1586
1 1328
1 1758
1 1007
1 1402
2 805
1 299
1 3094
2 642
1 1385
1 1682
1 1234
2 170
2 1174
1 3062
1 1407
2 3171
1 1772
1 338
1 634
2 2295
1 2841
2 1732
2 1992
1 740
2 1971
2 1569
1 3101
1 1639
1 2253
1 2434
1 2994
1 1959
2 85
1 2026
1 3290
2 2075
1 915
2 1705
1 1454
2 2088
1 1046
2 245
1 1845
2 1002
2 997
2 2565
2 2756
1 1287
1 2956
2 1613
1 1358
2 777
2 190
2 2201
1 243
2 2172
2 1427
1 3147
2 1490
1 2180
1 903
2 1281
1 2245
1 1257
1 3150
1 2576
2 972
1 1076
1 2805
2 2562
2 674
2 2399
2 1921
2 77
2 2508
1 2489
1 2364
1 2149
2 910
1 2239
1 1803
2 2013
2 414
1 1605
2 150
1 552
2 1827
1 53
1 459
1 3035
1 2371
1 1153
2 2127
2 1342
1 3021
2 2954
1 2019
2 490
1 2688
1 2001
2 3262
1 921
1 2438
2 942
2 1443
2 361
1 1718
2 850
1 2216
2 3264
1 2284
2 2175
1 1196
2 2813
1 1400
2 2532
2 69
1 2291
1 2356
2 2253
1 388
2 1925
1 2976
1 1439
2 461
2 1799
2 1288
2 1228
1 2615
2 1411
1 1278
1 2850
1 1399
2 440
1 2919
2 3077
1 729
2 2979
1 2140
2 516
1 1353
1 725
2 2549
2 162
2 1841
1 612
1 1922
1 1698
2 1230
1 1593
1 2264
1 1924
1 1483
1 1624
2 1987
1 1006
1 841
1 2527
2 2296
1 1824
2 3198
2 565
1 1051
1 2317
1 2772
1 2022
2 1864
2 892
2 227
2 3117
2 2152
2 3281
1 2599
1 3157
1 51
1 2646
1 1049
2 2506
2 727
2 753
1 2673
2 2577
2 2882
1 2188
2 922
1 538
1 1280
1 1888
1 1193
2 2597
2 1271
2 1155
1 2410
2 699
1 32
1 1941
2 2224
2 58
1 1078
2 2261
1 1995
2 1986
1 2318
1 2404
2 604
1 2354
1 1988
1 736
1 2622
1 1711
1 966
2 201
2 2993
2 3090
1 482
1 495
1 859
1 54
1 2582
1 135
2 307
1 1712
2 1012
2 2418
2 383
2 2950
1 2258
1 720
2 233
1 844
1 3083
2 1315
2 567
1 619
1 2781
1 701
1 1595
2 1800
1 2317
2 3215
1 2234
2 1372
1 2952
1 1139
1 2116
2 126
1 2838
2 642
2 1512
1 1522
2 2181
2 602
1 3213
2 1339
1 790
2 1114
2 255
1 2697
2 2839
1 700
1 1148
1 2263
1 1100
2 728
1 2714
2 2585
1 91
1 450
1 351
1 2518
2 1633
2 2368
1 871
2 2983
2 1629
2 1138
1 2123
2 480
2 2826
1 3119
2 2666
2 2069
2 517
1 3089
2 2839
2 222
2 1868
1 3152
1 928
2 2232
1 1105
1 1763
2 1236
1 1855
2 3236
1 2640
2 305
2 152
1 3296
2 2595
2 1468
1 221
2 2385
2 694
2 2929
2 3192
2 2499
2 1356
2 3241
2 3186
1 2641
2 374
1 1963
2 393
2 2783
2 1898
2 3160
2 2718
2 959
1 3072
2 455
1 352
1 1688
1 760
2 1961
1 1551
2 215
1 1295
2 351
1 2814
1 2235
1 2255
1 476
2 945
2 905
1 999
1 2056
1 3085
1 3168
2 2749
1 2034
2 1885
1 1748
1 1984
2 2886
2 106
1 1540
1 2984
1 1512
1 1796
1 2790
1 1046
2 1624
1 1149
2 1736
1 226
2 2486
1 437
2 2558
2 46
1 119
2 2234
2 563
1 1250
1 1404
2 621
1 2977
1 2024
2 2241
2 1728
2 2313
1 976
1 703
2 1269
2 644
2 1688
1 1649
1 2895
2 32
2 1316
1 2370
1 3042
1 2202
2 145
2 105
1 2481
1 1724
2 3198
2 2897
1 2275
2 1047
1 2645
2 969
1 1631
2 417
1 2414
2 820
1 470
1 2098
1 2886
1 1548
1 1892
1 2864
1 1782
1 3109
2 2236
1 1795
1 3103
1 708
2 2378
1 296
2 435
2 1170
2 1009
1 93
2 599
2 2555
2 1117
2 780
1 1370
2 965
1 1567
2 2134
2 3253
2 2881
1 678
2 515
1 2345
2 1503
2 1575
2 3234
2 2365
1 978
2 3277
1 603
1 2833
2 1880
1 2102
2 2437
2 304
2 2860
1 2156
1 3056
1 2090
2 623
1 1839
1 716
1 1488
2 2406
1 2876
1 1095
1 460
2 771
1 156
2 527
1 395
1 1077
1 3294
1 2523
2 665
2 1822
1 408
1 552
2 3157
1 1259
1 3244
2 2483
1 141
2 174
1 2366
1 846
2 3108
2 1306
2 3040
2 3250
1 1881
1 2333
1 1969
2 1067
1 838
2 1689
2 2818
2 2657
2 3146
1 1681
2 2061
1 2372
2 2484
2 3082
2 3032
1 428
2 1398
2 405
2 616
2 1906
2 2456
2 947
1 2027
1 605
2 1452
1 1883
2 2637
2 2458
1 3235
1 195
2 1559
1 1934
1 477
1 2814
1 2725
2 1430
2 645
1 1749
2 3179
2 1188
1 1821
2 3047
2 1504
1 1930
1 994
2 776
2 1939
1 270
2 2164
2 2617
1 2739
2 60
2 2986
2 1072
1 155
2 1638
1 1447
2 218
1 630
2 2109
2 45
1 2111
2 3199
1 3095
1 779
1 2268
2 1027
1 1731
2 3240
2 1171
1 1600
1 341
2 565
1 3189
2 956
2 211
1 172
2 1064
1 1400
2 1829
2 3023
1 2331
2 2172
2 1666
1 809
2 3011
1 2318
2 1439
1 2970
1 2498
1 213
1 2059
1 2831
2 5
1 2162
2 1940
2 1041
1 1540
2 2030
1 903
2 749
2 2110
2 1557
2 3100
1 1757
1 1518
2 3115
1 3040
2 1294
2 598
1 1197
2 1975
2 3197
2 2552
2 1610
1 2336
1 3278
2 142
1 3211
1 2220
1 2344
2 831
2 3072
2 2667
1 733
2 2784
2 1195
1 2713
1 1648
1 753
1 3270
1 1256
2 476
2 3128
1 585
1 541
1 1410
1 1937
1 2497
2 1608
2 117
2 2480
2 2974
1 1556
1 226
1 618
2 2643
1 2923
2 2895
2 1356
1 1579
1 2911
1 2927
1 2521
1 855
1 3130
2 145
1 564
1 3143
2 231
1 743
1 1893
2 974
1 283
1 2813
2 2975
1 2740
2 1093
2 3022
2 463
1 2867
1 180
1 2855
2 2155
1 1052
1 2832
2 3224
1 1854
2 2150
1 399
2 1635
1 2447
2 3153
1 2722
1 2902
1 1498
1 3017
2 3131
2 1344
2 1599
1 1432
1 1663
1 2874
2 764
2 1463
1 755
1 990
2 222
2 284
1 2355
2 1850
1 3256
1 889
2 2303
1 2834
1 2078
1 3021
2 739
2 105
2 2672
1 588
1 2830
2 651
1 1111
2 336
1 210
1 2644
2 1189
2 3245
1 1049
1 1618
2 717
1 2147
1 2403
1 1341
1 1996
2 3226
2 978
2 2961
1 1014
1 318
1 932
2 2525
1 3254
2 961
1 3259
1 2117
2 1559
2 2464
2 2327
1 1857
1 977
2 3144
2 2348
1 26
1 1682
1 3119
2 969
2 1499
1 2936
1 3054
2 1199
1 129
1 1112
1 510
1 2672
1 275
1 1581
1 1147
1 658
2 2273
2 63
1 2931
2 1349
2 2319
2 1426
1 3009
1 440
2 340
1 1981
2 172
2 1078
1 3079
1 2622
1 1141
2 1426
1 1495
2 2896
1 2916
2 1113
1 2250
2 2338
2 3137
2 2741
1 1728
2 3008
2 2501
1 398
2 2550
2 2676
2 976
2 2155
1 163
1 1235
1 1196
2 1797
1 776
1 2390
2 2352
2 3029
2 2413
1 2337
1 2306
2 1217
2 1931
2 2331
2 1063
2 2222
2 2697
2 1178
1 3058
1 1390
1 160
1 1503
2 783
2 1878
1 2909
2 3074
1 2663
1 1862
2 1646
2 461
2 2297
1 2107
2 1076
1 1082
1 95
1 1568
2 182
1 2665
1 1535
1 2433
1 1543
1 333
2 3142
1 290
1 2321
2 2989
2 2008
1 2059
2 2543
1 2507
2 2601
2 3165
2 2462
2 2466
1 1742
2 109
2 731
1 3090
2 2323
2 2774
1 927
1 386
1 2692
2 3076
1 1906
1 2716
1 86
2 792
2 669
2 620
2 1491
1 2428
1 726
2 1243
1 2614
2 445
2 909
2 1464
2 2748
1 869
1 1485
2 817
1 2380
1 3193
2 394
2 2684
2 3259
1 2244
1 1124
1 2131
2 2049
2 2484
2 1683
2 636
2 2038
2 466
2 3187
1 2396
1 347
2 1891
2 1489
2 971
1 1106
2 1346
1 1789
1 697
2 3175
1 2727
1 136
2 971
1 1761
1 3138
1 1346
2 2763
1 1496
1 1891
2 1207
1 407
1 2067
1 280
2 1481
1 3003
1 1445
1 1362
2 861
2 1486
1 2112
1 688
2 712
1 3281
1 2694
1 932
1 1210
2 1299
2 67
2 1143
2 313
1 1894
1 1591
1 739
2 638
1 2769
2 1015
2 1528
1 1073
1 2453
1 944
2 1409
2 2664
1 2397
1 1482
1 2507
1 2462
2 3081
1 540
1 33
1 554
2 2776
1 3282
1 2057
1 260
2 1494
1 60
1 392
1 3262
2 3167
2 2883
2 1101
2 1088
1 3237
1 480
1 2723
2 231
2 1754
2 2248
1 81
1 2946
1 2054
1 2630
1 1506
2 962
1 3088
2 45
2 1015
1 2957
2 135
1 355
2 3257
1 370
2 2944
2 795
1 947
2 2656
2 2841
1 2612
1 2314
2 2029
2 330
1 2760
2 1181
2 483
1 2129
2 1311
1 1622
1 3113
1 1372
1 2823
2 1594
2 805
2 769
2 315
1 1856
2 2700
1 2878
1 115
2 316
1 2031
2 3297
1 2864
1 3048
1 422
1 401
2 1028
2 2169
1 2039
2 1474
1 2158
2 2880
1 2453
1 3038
2 2538
1 1095
1 929
1 988
2 2824
1 535
2 248
1 2174
1 2197
2 6
1 2163
2 2279
2 628
1 310
2 2477
1 646
2 165
2 804
1 2445
1 2476
1 426
1 863
2 1293
1 1341
2 1289
2 1234
1 412
2 2109
1 2856
1 1350
1 2151
1 1835
2 2233
1 583
2 3180
1 671
2 2076
1 1294
1 1511
2 3183
1 1421
2 1347
2 3133
2 1798
1 1371
1 696
1 1778
2 77
2 2221
1 893
2 1680
2 591
2 3023
2 2117
2 771
1 2847
2 1636
1 1912
1 1072
2 3139
2 3013
2 217
2 2614
1 1582
1 195
2 3026
2 526
1 1199
1 2594
1 2795
1 1550
2 2457
2 2647
2 1484
1 1184
2 702
1 2815
2 2836
1 1126
2 1785
1 2842
2 323
2 1735
1 2002
1 454
1 159
2 2004
2 2119
1 2904
1 2421
2 2165
1 2607
2 2093
2 579
1 1116
2 3182
1 1849
2 2794
1 1813
2 2777
1 44
1 972
1 2022
1 1221
2 1458
1 2191
1 2751
1 1670
1 1355
1 1186
1 89
1 3289
1 53
2 303
2 2242
1 1836
1 993
1 1553
2 2887
2 2957
1 2053
2 2500
2 2046
2 2062
2 3007
1 3091
2 1159
1 1242
1 2011
2 1626
1 1664
2 575
2 785
2 963
1 737
2 3248
1 3110
1 615
2 2009
1 157
1 2996
1 1635
2 1905
2 1991
1 2348
1 2840
1 2365
1 847
2 2729
1 1245
2 1615
2 3294
2 902
2 1488
1 1393
2 387
1 1157
2 6
1 1796
1 2685
2 849
2 2271
1 836
1 1055
2 557
1 300
1 62
2 1976
1 2027
2 2468
2 3063
2 1377
1 794
2 2662
1 1964
2 3247
2 582
1 519
1 649
1 2169
2 841
1 128
2 1298
2 3049
2 3184
1 756
1 2522
2 759
1 2702
2 247
1 342
2 598
2 1722
1 1012
1 1812
2 630
1 1545
2 293
2 2909
1 1862
1 3221
1 1521
2 3203
1 2100
1 1302
2 2971
1 88
1 3159
1 3146
2 1822
1 1690
2 2475
1 996
1 2620
1 2159
2 2896
2 2043
2 2980
2 521
2 2324
2 1023
1 2409
2 825
1 2
1 3299
2 3104
1 361
1 1177
1 1125
2 780
2 1461
1 1790
2 1900
1 1625
2 3061
2 1187
1 2654
1 1021
2 3201
2 547
2 763
2 992
1 820
1 988
2 147
1 1615
2 1889
1 2122
2 1561
1 1716
2 1369
1 907
2 261
1 246
1 496
2 2526
2 1984
1 2106
1 2149
2 1092
1 508
1 949
2 2337
1 2556
1 2360
1 1112
1 1552
2 1816
2 1361
1 2575
2 2539
1 1944
2 3269
1 853
2 2779
1 862
2 3096
2 3243
2 1153
2 3093
2 2249
2 1500
1 1830
1 240
2 2330
2 2990
2 23
2 402
2 3196
2 2873
2 3181
1 811
2 2292
2 2740
2 2343
1 235
2 2359
1 3169
2 1723
1 3065
1 3148
2 1238
2 998
1 1816
2 1727
2 3050
2 2391
2 1116
2 454
2 1831
1 1821
2 1964
1 1781
2 2382
2 3252
2 1414
2 1918
1 82
1 2931
1 2070
2 952
2 2372
2 2581
1 1509
2 980
2 2294
2 1225
1 2793
1 2828
1 10
2 1027
1 1227
1 2677
2 1866
2 76
1 397
1 1602
2 2354
2 2797
2 3078
1 2427
1 2482
2 1804
2 2325
1 2408
2 2128
2 3018
2 1847
2 355
1 666
2 225
1 1267
2 376
1 1502
2 1619
2 1601
1 1777
1 919
1 3020
2 87
2 3185
2 1672
2 449
1 2479
1 3236
1 1604
2 418
1 1717
2 1757
2 2765
2 1108
1 2969
1 2519
1 1659
2 1086
2 2132
1 415
2 3186
2 173
1 584
1 2947
2 273
1 2756
2 1457
2 218
1 607
1 1293
1 999
1 759
1 1279
1 879
1 1340
2 1186
1 1165
1 245
2 2829
1 2264
2 1179
1 2888
1 507
2 1679
1 2953
1 2710
2 758
2 2212
1 896
2 1938
1 2578
2 2015
2 2166
2 1482
2 2208
2 3066
2 2592
1 2360
1 1802
2 2593
1 1741
1 1495
1 1310
1 2030
2 2828
1 1932
2 2682
2 1351
2 2248
1 2339
2 2594
1 2561
1 2373
1 806
1 1667
1 2026
2 1802
1 171
1 2920
1 330
1 1887
2 1702
2 1724
1 104
1 1338
1 837
2 2967
2 202
2 275
1 1521
1 1315
2 1650
2 1326
2 2781
2 2083
1 1607
1 2114
2 2745
2 2734
2 1779
2 2383
1 576
2 2099
1 481
2 673
2 1090
1 228
1 2288
1 1747
1 423
2 3160
2 2968
2 756
1 3102
1 1677
1 1572
2 1146
2 473
1 189
2 1265
2 3070
1 294
1 3234
2 1644
2 2851
1 2454
1 528
2 1683
1 1831
2 530
2 252
2 2091
1 2298
2 1068
2 2442
1 1794
1 3207
2 2852
1 1147
1 2863
1 1955
2 512
1 2560
2 2182
2 2338
1 158
2 1811
1 752
1 687
2 868
1 1842
1 174
1 3291
2 2454
1 1368
1 1462
2 317
1 2539
2 2659
2 2873
2 94
2 1696
2 1858
1 1202
2 2227
2 2014
2 3274
2 545
1 1497
1 27
1 2099
2 1549
2 1359
1 1229
1 2332
2 1131
1 758
1 2908
1 2308
1 825
1 2163
1 404
1 1827
1 2997
2 757
2 1308
2 1873
1 890
2 2183
2 237
2 2061
2 3092
2 1715
1 2021
1 400
2 1160
2 2916
1 1872
1 2468
1 3164
1 648
2 2362
2 1425
1 344
2 391
1 2402
2 268
1 2774
2 289
2 849
1 699
2 3197
2 2865
2 2314
2 3296
2 538
1 1567
2 669
2 169
2 1308
1 1946
2 2093
2 2187
2 2038
2 2533
2 2312
2 3116
2 629
2 342
2 1111
2 3033
2 2233
2 1610
2 2646
2 358
2 1706
2 847
1 1788
1 1917
1 977
2 204
1 1670
1 3219
2 233
2 1537
1 2881
1 11
1 2866
1 2769
2 2373
1 393
1 102
1 3064
1 2736
1 2613
1 1697
1 139
2 3249
2 2130
2 874
2 1990
1 2162
2 1970
1 1446
1 356
2 1314
1 846
1 1138
2 2766
1 1453
2 840
1 1418
1 1044
2 1243
1 1268
1 2509
1 2762
2 3298
2 909
1 2000
1 2173
1 2108
2 102
1 494
1 3269
1 894
2 2406
2 1223
2 2243
2 1648
1 1574
1 1783
2 3067
2 446
2 650
1 1603
2 1062
2 3089
2 512
2 1144
2 2258
2 2568
2 1206
1 2157
2 2160
1 2352
2 2574
2 1880
2 1671
2 1860
1 290
2 804
2 1130
2 2491
2 2656
2 311
1 1433
1 3039
2 2645
2 2668
2 1030
1 1853
2 1919
1 2079
2 1239
2 614
2 2748
1 3086
2 2415
2 1429
1 2156
2 2724
2 2973
2 608
2 2020
1 1774
2 1145
1 2499
1 264
1 1058
2 584
1 1773
2 1779
1 2143
2 472
2 657
1 1407
1 1987
2 2913
2 1645
2 1289
1 3163
2 708
1 2493
2 101
2 221
1 149
1 338
1 1343
1 2551
2 37
1 2831
2 2631
1 1493
2 2403
1 3006
1 1054
2 3067
1 998
1 2281
1 2802
1 2595
2 1026
1 2977
2 1164
2 2407
1 1040
1 2980
1 1675
2 2820
2 1943
1 660
1 1585
2 1309
1 302
2 858
1 2654
1 2389
1 2978
2 312
1 458
2 3032
2 2732
2 2700
1 3134
1 2236
2 1271
2 3207
2 345
2 1028
1 1396
1 122
1 2363
1 2736
2 1552
1 851
2 3247
1 2676
1 798
1 1699
1 1905
1 119
2 1452
2 3223
1 23
2 1914
2 1904
1 797
1 2398
2 2532
1 979
2 3280
2 340
2 2254
1 1422
1 2900
2 3257
2 3170
1 1357
2 1467
1 1983
2 766
2 634
1 1296
2 2069
2 295
1 2063
1 2571
1 633
2 1750
1 3104
2 1404
2 2031
1 1220
2 2068
2 493
2 2515
2 802
1 873
2 1376
1 1967
1 2414
1 2209
1 1455
1 2818
1 17
1 2277
1 2073
1 2199
2 187
1 857
1 2775
1 1110
2 7
1 2431
1 1975
1 160
1 1115
2 148
2 379
2 1809
2 2629
1 345
2 2272
2 2745
1 488
2 2731
2 81
1 3223
1 793
1 2674
2 1364
1 2494
1 2870
1 2289
2 2932
1 709
2 46
2 3169
1 3060
2 1526
2 2255
1 1956
1 1413
1 2844
2 2701
1 2370
2 385
2 219
2 1419
1 1214
1 2530
1 624
1 775
1 2123
2 2192
1 2589
2 767
1 1873
2 1562
1 3039
2 1121
1 3266
2 1374
2 2904
1 2257
1 3221
1 1593
2 2837
2 1240
2 1428
2 2584
1 855
1 2991
2 752
2 214
2 2289
1 1515
1 2019
2 677
1 953
1 3204
2 2393
2 2483
2 2052
1 1434
2 2618
2 3172
1 2944
1 968
2 2024
1 1145
2 2228
1 2060
2 2102
1 1700
1 1903
1 380
1 925
2 3154
2 166
2 3195
1 2862
1 3273
2 2848
2 2537
2 1022
1 204
1 2131
2 1965
2 2789
1 3175
2 149
2 2044
2 3161
2 1510
1 1209
2 588
2 844
1 2929
1 697
1 656
1 2094
1 563
2 2431
2 3069
1 1339
2 690
1 3061
1 2888
2 2305
2 1718
2 2794
2 835
1 1913
2 1443
1 573
2 2849
1 397
1 2712
2 2940
2 2587
2 1232
2 1261
1 2126
2 2018
1 1468
2 1998
2 2283
2 714
1 1770
2 71
1 561
2 570
1 762
1 2793
1 3107
1 2971
1 888
2 1406
2 1192
1 1211
1 2096
1 2272
1 1176
2 215
1 1260
1 2704
1 362
2 1903
1 3118
1 79
1 446
1 2385
2 1360
2 1825
1 2673
1 2362
2 2401
1 1170
2 2251
1 1992
1 2721
1 3013
2 3128
2 127
2 2416
2 1472
1 1764
1 2256
2 2720
1 1389
1 2586
2 2652
2 2564
2 296
2 2615
1 2625
2 1606
2 1584
2 2624
2 548
2 1139
2 663
1 1284
1 523
2 1259
2 2667
2 295
1 1180
2 2688
1 958
2 1053
1 1590
2 2730
2 1478
2 2125
2 380
1 2269
1 616
2 307
2 2340
1 885
1 2266
2 1164
1 2496
2 1247
1 1850
2 2782
1 747
1 981
1 1394
2 1353
2 163
2 68
2 3287
2 2783
1 2097
1 2684
2 2817
1 1596
2 2580
1 727
2 738
2 2502
1 486
2 1492
2 113
1 325
2 2460
1 179
1 2408
1 745
2 2176
2 1185
2 2226
1 2139
1 2040
2 2982
1 695
1 2425
2 1900
1 511
2 728
1 842
2 2066
2 398
2 2516
2 828
1 1467
2 475
2 300
1 384
1 2633
1 438
2 851
2 384
1 1091
1 777
2 2254
1 1611
1 2274
2 2743
2 2143
1 281
1 818
1 652
1 1709
1 2287
1 2941
2 1118
1 1778
2 3263
1 1180
2 698
2 2012
2 3041
2 2686
2 2547
2 183
2 2191
2 2189
1 2278
1 2174
1 1632
1 3097
2 1134
1 2906
1 248
2 1539
2 2182
1 3276
2 1897
2 108
2 732
1 550
1 2581
2 1382
1 953
1 3274
1 2492
1 35
1 1674
2 3127
2 1617
2 2788
1 2695
1 387
1 3046
2 1626
2 3225
2 2247
1 1976
1 1914
1 3141
1 353
1 2493
2 1463
1 261
1 1983
1 1621
2 2648
1 134
2 2170
2 100
1 689
2 2423
2 3
1 2744
1 2750
1 18
1 1128
2 404
1 1583
2 1140
1 1043
2 1889
1 2872
2 2436
2 3118
1 680
2 2590
1 2
2 1175
2 854
2 2653
1 1263
1 1601
1 987
1 1220
1 1848
1 1300
1 2122
2 1477
2 1915
2 2583
1 2698
1 2726
1 2482
2 624
1 2435
1 2316
2 1647
2 1517
1 3075
1 1021
1 99
2 2768
2 2642
1 1969
1 2231
2 1376
1 2007
1 2450
2 186
2 1953
1 2393
1 366
1 137
1 241
2 1794
1 899
1 2429
1 184
1 1178
2 3148
1 2110
1 2404
1 62
1 126
1 3014
2 1097
1 513
1 2658
2 2347
2 1898
1 1740
2 1172
2 880
1 298
1 1403
1 2744
2 1083
2 1514
1 457
1 1797
2 882
1 691
2 2485
2 1609
1 570
1 1563
1 2526
1 1927
1 2062
2 1590
1 2908
2 741
1 177
2 633
1 3176
2 1519
2 906
1 2669
2 1676
1 359
1 1280
1 3277
2 2095
1 761
2 185
2 1055
2 217
2 1657
2 1910
1 867
2 2003
2 164
2 463
2 1318
2 1386
1 1335
1 705
2 2265
1 2351
1 549
2 798
1 1309
1 3219
2 2556
2 442
1 939
2 462
1 1956
2 2411
1 317
2 968
2 2238
1 134
1 2455
2 1181
1 3011
2 1384
2 1030
1 1922
2 525
1 302
1 382
2 1190
1 916
2 2356
2 1736
1 2901
1 109
1 2040
2 491
1 323
1 2674
2 1390
2 2797
2 1161
1 1533
2 367
1 375
1 2298
1 3080
1 2542
2 1254
2 427
1 795
1 1760
1 772
1 1283
1 2735
2 455
2 2563
2 1798
2 468
1 637
2 2585
2 666
1 2432
2 1219
2 128
1 211
2 2047
1 1098
2 1752
2 704
2 3062
2 679
1 3102
1 1737
2 667
2 895
2 91
2 1896
1 1941
2 872
2 1970
2 515
2 3126
2 3211
1 1377
2 1569
2 1996
1 2549
2 429
1 360
1 1162
2 354
1 551
2 14
2 2419
1 555
1 1210
1 232
1 924
2 2366
2 3154
1 194
2 2681
2 2161
2 2041
2 1333
2 736
1 2398
2 1772
2 2802
2 2893
2 808
1 1825
2 206
2 1571
2 52
1 693
2 175
1 1020
1 3242
1 2439
2 2604
2 2767
1 297
1 1301
1 1434
2 2251
2 1565
2 2689
1 2643
2 2943
2 238
1 956
1 2055
1 1433
2 2218
1 954
2 2981
1 3005
2 1239
1 1982
1 1441
2 911
2 1536
2 170
1 2154
1 2344
1 1262
2 434
2 3173
1 3074
2 1270
1 1303
2 1395
2 3213
2 2711
2 1784
1 498
1 3073
1 2661
1 553
2 1292
1 3045
2 2945
1 1300
1 2889
1 244
1 139
2 1782
1 1471
1 2938
1 2469
2 651
1 531
1 3081
1 2531
2 99
1 3070
1 875
1 2608
1 2610
2 1261
2 2375
1 2167
2 1734
1 1656
1 3249
2 1853
2 2983
1 2125
2 1071
1 1358
1 1598
2 2329
2 2208
2 200
2 2523
1 2279
2 2394
2 2871
1 2136
2 1221
1 2478
1 3079
2 834
1 262
2 1877
2 3232
1 1054
2 1191
1 1758
2 555
1 933
2 1771
2 372
2 2626
1 686
1 2849
2 2377
1 536
1 560
2 2263
2 2624
1 313
2 2249
1 534
2 3136
1 2135
2 2158
1 2836
2 2244
2 1730
2 1371
1 2485
2 3080
1 263
2 2396
2 2964
1 107
1 309
1 83
2 3170
2 381
1 2293
2 2553
2 192
2 2746
1 687
2 3285
2 1163
2 799
2 3212
2 16
2 1018
1 419
1 2384
1 1595
2 2239
2 1612
1 2553
1 2517
1 3130
2 1278
1 1561
2 2882
1 2144
2 1081
1 3045
2 1016
2 1721
2 2183
1 1365
1 1954
1 1201
1 1408
1 129
2 1730
2 1126
2 335
2 2885
2 2917
1 1291
2 2600
2 2912
1 3275
1 368
2 706
2 1070
2 176
1 1133
1 1332
1 2225
1 2662
2 942
1 500
1 1801
1 1985
2 57
2 904
2 1001
1 1776
2 517
1 592
2 655
1 1774
1 1523
2 118
1 1999
1 2377
1 3279
1 3137
2 1577
2 1295
1 452
2 1379
2 2512
1 2799
1 2749
2 57
2 1874
1 1333
1 1174
1 1642
2 1809
1 3216
2 1246
2 1473
1 2627
2 1330
1 1471
2 1065
1 2375
2 494
2 2835
1 484
2 1865
1 1787
1 1939
1 284
1 1231
2 2135
1 546
2 2400
2 3158
2 3141
2 1840
1 3286
2 1810
2 2211
2 1345
2 2644
1 3210
2 539
1 2271
1 75
1 2821
2 2080
2 1253
2 2899
2 258
1 1856
2 2080
1 1672
2 810
1 2857
2 1895
1 1008
2 3003
2 2531
2 324
2 3171
1 936
1 2819
2 731
1 2440
1 1373
2 675
2 188
2 420
1 2121
2 936
1 2910
2 2535
1 3271
1 814
2 2459
1 1989
2 1845
1 193
2 2808
2 2894
1 143
2 1249
1 3143
1 919
1 744
1 1334
1 632
2 2050
2 2785
1 2779
1 2081
2 320
1 2104
2 779
1 2993
2 710
2 935
1 901
1 986
2 1857
1 1529
2 822
2 3230
2 2717
2 1888
2 234
1 24
1 282
2 3255
1 1693
2 287
1 1148
2 2791
1 1660
2 2472
2 1807
2 2459
2 1217
1 853
2 3173
2 2275
2 2042
1 394
1 301
2 299
2 2361
1 2044
1 1090
1 1711
2 1475
2 1342
2 2633
1 556
1 1661
1 239
1 3126
1 247
1 707
2 1120
1 1851
2 1620
1 801
1 1459
2 1017
2 2141
2 3069
1 2648
1 1613
1 2039
2 961
1 433
2 124
2 3208
1 1530
2 781
2 2387
2 1879
1 1480
2 242
2 148
1 2920
2 1037
2 2827
1 937
2 786
2 2557
2 2544
2 40
1 2346
1 1336
1 3273
1 1685
2 1545
1 2942
2 2223
1 3064
2 2650
2 1800
2 3017
2 2500
2 1864
1 489
2 451
2 1494
1 501
2 2758
2 2012
1 1643
2 3271
2 1077
2 1109
2 1203
2 2679
1 3049
1 2185
2 677
2 987
2 2085
1 2397
1 1829
2 2423
1 668
1 444
1 310
2 1627
1 595
1 1505
1 2029
2 347
2 1304
1 146
1 650
2 1551
2 1154
1 447
2 1357
1 1380
1 2567
2 2010
1 1288
2 2533
2 2998
2 1712
1 2639
1 3002
2 1846
1 1320
2 1965
2 2205
1 319
2 1653
1 3022
1 951
2 1063
1 2035
2 249
2 249
2 216
2 3270
1 2670
2 2205
1 410
2 2738
1 533
2 1524
1 3041
2 2548
1 1994
1 2502
1 417
1 1598
1 76
2 766
2 2419
1 495
2 1836
2 672
2 98
1 1479
1 343
2 2451
2 15
1 1998
1 2869
2 806
1 2948
2 769
1 1892
2 1435
2 1480
1 2589
2 1057
2 42
1 1069
1 264
1 2567
1 717
2 1525
2 1641
1 530
2 1395
1 223
2 2089
1 25
2 2960
2 2699
2 1125
1 1923
2 154
2 2101
1 910
1 785
2 73
1 2694
2 14
1 1844
2 911
1 1032
1 2315
1 3124
1 583
1 2859
2 625
1 1453
2 24
2 306
2 349
1 1886
2 1369
2 2285
1 661
1 337
2 1299
2 1297
1 1876
1 2649
2 2660
2 1257
2 408
2 3172
2 2529
1 2901
1 1509
1 1902
1 1539
2 1904
2 1949
1 2712
2 1418
2 314
1 1743
2 507
2 1928
1 715
1 1129
2 641
1 1651
2 2147
2 2148
2 2056
1 765
2 1732
2 1191
1 1165
2 1805
2 1588
1 890
2 830
2 1000
2 711
1 562
2 1973
2 1820
1 2935
1 784
1 3287
2 1665
1 230
2 1553
1 2064
1 690
2 1019
2 1006
2 2753
1 3235
1 3055
2 2999
2 1511
2 1399
2 1375
1 778
1 492
2 747
2 1759
1 131
2 78
1 597
2 601
2 418
1 3057
1 509
2 751
1 3194
1 3024
2 2984
1 2250
2 1273
1 2392
2 628
1 764
2 219
1 1340
2 48
2 331
1 1776
2 2512
2 2737
2 1556
2 3131
2 1649
1 926
2 2995
2 70
1 2070
1 1105
1 1475
1 2876
1 1445
2 256
2 1773
2 964
2 580
1 167
2 1212
1 967
1 2168
2 1884
2 2928
2 144
1 2537
2 1663
2 3205
1 586
2 1657
2 2224
2 1071
1 1066
2 1937
2 3162
2 520
2 2472
2 2180
1 2269
2 433
2 952
2 1194
2 1086
2 534
1 132
2 3152
2 1680
2 2025
2 3278
1 1137
1 547
2 761
2 1275
1 3282
1 1752
1 3107
1 1668
2 1039
1 815
1 2028
1 2242
2 1522
1 52
2 1117
1 2286
1 521
2 1755
2 2632
2 1616
1 1508
1 856
1 2206
2 672
2 2261
2 2865
2 864
1 1401
2 435
1 263
1 992
2 1844
2 3096
2 1804
2 2587
1 1642
1 2112
1 3012
1 900
2 2822
2 17
2 1651
2 1316
2 2067
1 1671
1 1099
2 514
2 1444
1 2560
2 596
1 1010
1 2486
2 1173
2 3123
2 2572
1 1547
1 1364
2 1558
1 2906
2 19
1 2861
1 1355
1 90
2 3156
2 3088
1 2598
2 1183
2 582
1 1716
1 1215
2 2315
1 2420
1 1966
1 1290
1 1082
1 1492
1 3030
2 1696
1 1019
2 71
1 312
1 1144
1 72
1 2213
1 817
2 2115
2 3008
2 1251
1 2796
2 311
2 1382
1 168
2 2480
2 460
1 741
1 151
2 1693
2 1322
2 441
1 1893
1 2715
1 2951
2 1013
2 676
1 826
1 973
2 3265
2 3078
2 1391
2 503
2 2257
2 370
2 2301
2 948
2 2543
2 2787
2 984
2 21
2 2924
2 546
1 3177
2 3260
2 377
1 3026
2 197
2 815
1 1312
1 544
1 268
1 2494
1 1689
1 1324
2 2843
2 1274
1 2601
2 2503
1 2434
1 50
2 410
1 2806
1 2663
2 2204
2 2276
2 1741
1 1122
1 144
1 2094
1 2118
1 2952
1 601
2 1618
1 1789
2 2853
2 2803
1 1612
2 3229
2 74
2 1962
1 2357
2 3033
1 237
1 3097
2 1739
1 2358
2 1392
1 2089
2 1062
1 807
2 2728
2 1920
1 2017
1 1321
1 1546
2 84
1 2470
2 1833
2 931
2 122
2 553
2 693
2 2148
1 1747
2 2826
2 409
1 2503
2 2621
1 1977
1 2732
1 1079
1 1607
1 608
1 1208
1 29
2 373
2 3076
2 2095
1 186
1 2879
1 823
2 901
1 487
2 2590
2 1504
2 1408
1 212
1 1623
1 80
2 1368
2 2416
2 1367
2 2159
2 1826
1 1630
2 2807
1 845
2 2440
2 2869
1 2295
2 3264
2 1560
1 376
1 3007
2 2090
1 661
2 783
1 1764
1 2692
1 542
2 2471
2 757
1 2597
1 1070
2 1350
2 1978
2 260
2 1723
2 718
1 2458
1 3138
2 2559
1 2259
1 146
1 331
1 3071
1 720
2 2299
1 907
2 2773
1 2907
1 2417
1 2105
2 3153
2 1986
2 1555
2 1550
1 2816
1 3019
2 2309
2 3105
1 2006
1 324
1 1344
2 3001
1 1527
2 3084
2 1274
1 1465
2 1684
2 3266
1 611
1 508
2 2195
1 3106
1 373
2 1156
2 2447
2 192
1 1838
1 1469
2 1945
2 2912
1 1699
1 2834
1 621
1 2930
1 10
2 1216
2 2203
2 1963
1 611
1 201
2 365
2 67
2 933
1 103
1 2899
2 438
2 332
2 424
1 164
2 877
2 1768
1 208
2 3299
1 1544
2 2241
2 915
2 3028
1 943
1 2982
2 2638
1 1319
1 114
1 878
2 63
2 1608
2 2188
1 2292
2 444
2 138
1 3168
1 770
1 1570
1 283
1 2473
2 3215
2 1667
2 2382
1 2438
1 1417
2 2088
1 327
1 132
1 120
2 821
2 662
1 3034
1 1942
2 112
2 648
1 335
1 1623
1 1899
1 1337
2 363
2 1212
1 722
2 826
1 2277
1 1150
1 2569
1 456
1 2115
1 3214
1 465
1 1235
2 1953
2 1523
1 2890
1 2877
2 887
2 2193
1 2798
2 2276
1 791
1 485
2 3050
1 1930
2 2762
1 1661
2 484
2 2730
1 1584
1 291
2 337
2 1010
2 1562
1 472
1 2965
2 2033
2 267
1 2230
2 1045
2 2008
2 2138
2 3193
1 2256
1 1999
2 1843
1 2900
2 2949
1 2153
1 279
2 833
1 2267
1 1876
2 791
1 1421
2 90
1 2858
1 653
2 1586
1 589
2 1256
1 2975
1 2768
1 539
2 2955
2 1647
1 644
1 2450
2 1448
2 1957
2 2784
1 843
1 743
2 1881
1 2994
1 1596
2 1465
1 1129
2 448
2 3054
2 1681
1 1750
2 1440
2 2710
1 399
2 873
1 54
2 715
2 526
2 7
1 1446
2 1057
1 1707
2 2351
2 3220
2 490
1 3295
1 1118
2 1498
1 3195
2 364
2 3293
2 3212
2 3055
2 1633
1 3106
2 1291
1 2481
2 2334
2 469
1 2378
2 2321
1 928
1 639
2 3111
2 1349
2 1362
1 579
2 341
1 3217
1 2921
1 536
1 1673
1 2754
2 831
2 2764
1 2032
1 2380
1 1237
2 626
2 2391
2 2511
2 352
2 2405
1 2987
2 2685
1 1979
1 2789
2 522
1 2747
1 206
1 1909
1 1808
1 1427
2 2616
1 542
2 1795
2 950
2 773
1 738
2 467
2 1158
1 2771
2 431
1 2925
2 875
2 1575
1 2082
1 3250
2 2489
1 561
1 1321
1 421
1 543
1 2832
1 2719
2 184
1 2517
2 692
1 496
2 2583
2 401
1 492
1 1319
2 2057
1 1861
2 2237
2 2442
2 2252
1 2449
1 3284
1 2074
1 923
2 1566
1 2111
1 1182
2 2642
1 2611
2 411
1 2554
2 510
2 281
1 2602
2 2124
2 1396
1 3091
2 3116
1 1781
1 767
2 934
2 2448
2 789
2 3227
1 2542
1 1761
2 974
2 2042
2 2203
1 2430
1 1389
2 3150
1 2005
1 414
2 1283
2 1272
1 940
1 2564
1 51
1 935
1 2011
2 2905
2 881
2 1940
1 711
1 2970
2 845
2 3114
1 898
2 1733
1 3245
2 3046
2 1637
2 436
1 631
1 2933
2 3120
1 2424
1 96
1 1115
2 2742
1 895
1 2052
2 375
1 2210
2 504
2 2245
1 3166
2 635
2 1765
1 2658
1 719
1 1347
1 2925
1 292
2 882
1 1549
2 1602
1 2078
2 504
1 2179
1 2421
1 2339
2 43
2 772
2 860
1 131
2 2346
1 2324
1 2142
1 2777
2 2227
1 2838
2 1406
2 2071
1 1751
1 2020
2 371
2 1541
1 1004
2 2976
2 2197
1 79
1 1
2 1744
1 499
2 1656
1 2959
2 1720
2 3092
1 2572
1 782
1 2379
2 3044
2 2847
2 1216
2 1765
1 303
2 3139
1 1159
2 1871
2 2827
2 1655
2 2804
2 114
2 2884
2 1050
2 198
1 1198
1 760
1 28
2 2575
2 2394
1 1997
1 1946
2 1310
1 1155
2 1298
1 789
1 470
1 1578
2 1024
1 965
2 3252
1 1863
2 1530
2 3056
1 2165
1 1706
2 2778
2 1157
1 430
2 432
2 1089
1 1579
1 2898
1 993
2 1775
2 623
1 178
2 3105
2 101
1 1766
1 730
1 836
2 1839
2 2807
2 2304
2 997
1 982
1 2946
2 3047
1 2120
2 2987
1 9
1 2013
1 411
2 2238
1 2593
2 1572
2 1792
1 1093
1 1231
2 2386
1 562
2 50
2 1166
1 1011
2 1614
2 3122
1 2081
2 1858
2 2822
2 1379
2 2326
1 812
1 735
1 2965
2 140
2 991
2 1209
2 1703
2 2845
1 1102
1 1777
1 64
2 1473
2 1531
2 2427
2 1580
1 1163
2 2222
2 1409
2 679
1 474
1 2217
1 3256
2 2617
2 1499
2 1842
2 1735
2 983
1 1843
1 1913
1 209
1 2846
2 2755
2 322
1 2584
2 168
2 1061
2 1477
2 2623
1 856
1 1628
2 1993
2 1056
1 782
2 2701
1 1058
1 2535
1 2461
1 258
2 334
1 612
2 20
2 567
2 1378
2 86
1 1307
2 2558
2 2514
1 571
1 2168
1 2956
1 640
2 2715
1 386
1 1462
2 2195
2 368
2 803
1 443
2 3068
1 1830
1 229
2 1769
2 2124
1 523
2 276
1 833
2 2225
2 1048
2 2966
1 1731
1 1456
2 1701
1 2051
1 1096
2 2330
2 2824
2 1334
2 2610
1 2410
1 2357
2 1282
2 2863
1 682
1 2625
2 1233
2 525
1 3179
2 2076
1 532
2 3255
1 2545
2 3182
1 2791
1 1466
2 1554
2 2936
1 2850
2 2926
2 647
1 862
2 1848
2 1384
1 1520
1 47
2 40
1 622
2 810
1 25
1 1320
1 8
1 402
2 2528
2 1563
2 866
2 3000
2 309
2 2228
2 2286
2 923
1 140
2 1500
2 315
2 2722
2 1325
2 1074
2 1620
1 2979
1 723
1 462
1 876
2 2176
2 3030
2 864
1 985
1 2084
2 1565
1 967
2 1430
1 59
2 2487
2 1009
2 813
2 1059
1 2570
1 2068
1 1141
1 824
1 3165
1 3001
2 803
2 1538
2 194
1 718
2 2780
2 1476
2 1926
2 34
1 289
1 2508
2 2465
2 548
1 214
2 3052
1 573
1 3025
2 2626
2 960
2 1394
2 2799
2 2696
2 1650
1 670
1 1791
1 1099
1 2718
1 505
1 1580
1 1641
2 127
2 1107
2 870
1 3016
2 1919
2 2260
2 3016
2 2606
1 1767
1 2488
2 141
1 1270
2 2576
1 3202
1 1703
1 2177
1 735
2 1130
2 3005
1 1304
2 2691
1 3132
1 1849
1 1890
2 3254
1 1075
1 2871
1 363
1 2932
1 1490
2 479
1 1630
1 578
2 2178
1 1574
1 3208
1 2293
1 2371
1 2711
2 1337
1 768
1 406
2 2571
1 2303
1 1828
1 1951
2 1398
2 2621
1 2214
2 2064
1 181
1 1438
1 2302
2 981
1 1912
2 318
1 541
2 2686
1 1925
2 620
1 1045
1 2283
2 2706
1 1244
2 2551
1 2852
1 1375
2 1185
1 1669
1 3194
1 451
1 1974
1 2323
2 1958
2 2733
1 725
1 2940
1 2963
2 2185
2 1686
2 680
1 1810
2 2566
2 1669
1 1198
2 3015
2 529
2 3210
1 917
2 2178
2 250
1 3043
1 1605
2 453
1 863
2 1654
2 171
1 2417
2 3258
2 1516
2 2816
2 544
1 185
2 1566
1 1762
1 3209
1 220
1 2709
2 11
2 2103
1 474
2 1628
1 265
1 116
1 1142
1 1878
2 255
2 898
2 724
2 471
1 2270
1 266
1 1229
2 2752
1 3188
2 575
2 2659
1 2573
1 1818
1 13
2 205
2 1317
1 1442
2 1312
1 2725
1 12
1 271
1 1431
1 678
1 1248
1 1203
1 2184
2 1754
2 1943
2 278
1 1132
2 2703
1 1022
1 2739
1 1870
2 1536
2 1437
1 3132
1 3051
2 1685
1 857
1 1959
1 396
1 179
1 1284
2 3112
1 223
2 3027
2 2953
2 3149
1 2772
2 2892
1 1098
1 1223
1 2359
1 358
1 587
2 2469
2 1266
1 274
2 2047
1 1841
1 2734
2 2897
1 1313
2 236
2 87
2 137
2 734
2 2546
1 35
1 1447
2 2678
2 1532
1 2449
2 1266
1 2443
2 47
2 1431
2 405
2 2770
1 189
1 88
1 2103
2 2830
1 1102
2 2942
1 2914
1 809
2 80
2 419
2 180
2 2693
2 3227
2 1402
2 1131
1 2538
2 1260
2 1705
1 437
2 3094
2 1305
1 3200
1 94
1 2825
2 1818
2 3111
1 2209
1 2136
1 1877
1 173
1 970
2 2927
2 2285
2 2563
2 2235
1 1516
1 2632
1 1343
2 2776
2 1879
1 930
2 2106
1 2120
2 1542
1 1301
1 1484
2 500
1 1415
2 681
1 1246
1 1140
1 2456
2 2848
1 1832
1 2246
2 2048
1 2016
1 239
1 429
1 1242
2 960
1 751
2 478
1 1911
1 1951
2 55
1 1659
1 2297
2 1074
1 2627
2 277
1 568
1 1507
2 592
2 265
2 2999
1 2937
2 2075
2 1411
2 1486
2 876
1 2921
2 2049
1 136
1 2084
2 917
1 3083
1 2282
2 1474
1 2193
1 559
1 2683
2 1424
1 432
1 133
1 647
2 2240
2 545
2 2328
1 2243
1 1896
1 306
1 1383
1 655
1 1614
1 1756
1 2833
1 1286
2 2655
1 2066
2 2023
2 949
1 1847
2 2611
1 1135
1 2437
1 3233
2 392
1 958
1 617
2 1720
2 3209
2 2134
2 448
2 2007
2 116
2 3260
1 216
2 422
1 485
2 1206
2 2516
1 3230
1 1594
1 576
2 190
1 1587
2 1104
1 2579
1 1033
1 887
2 1087
1 2001
2 1038
2 403
2 2126
2 1449
2 130
2 3206
1 2422
1 1184
2 369
1 2726
1 688
1 905
2 2053
1 2552
1 1652
2 1218
2 2270
2 2035
1 2808
1 1947
2 754
1 2723
1 2914
2 603
2 1489
1 3115
1 1066
1 3042
1 157
1 359
1 1942
2 152
2 1388
1 2144
2 256
1 704
1 1352
2 1338
2 2429
1 2986
2 775
2 1578
1 2596
2 2829
2 1570
1 2121
1 684
1 2413
1 1788
1 734
1 178
2 329
1 2439
2 2810
2 3185
1 571
2 1204
1 3176
2 1035
2 1981
2 1436
1 1142
1 2505
1 2974
1 638
1 1793
2 1354
1 501
1 1253
1 488
1 1564
1 1448
1 2367
1 1725
1 301
2 92
2 2509
2 2333
1 2680
1 1081
1 1175
1 3283
2 424
2 745
2 2889
2 2809
2 3300
1 2214
2 2226
1 2119
2 1317
1 2885
2 1053
1 1911
2 627
1 97
1 2750
2 811
1 1527
1 230
2 1449
2 1277
2 2368
1 2911
1 2868
2 505
2 2862
2 2669
1 1980
2 1600
1 2958
2 2568
1 2506
1 2009
1 2428
1 1397
2 1971
1 2288
2 2310
1 3127
2 1955
2 153
1 852
1 1416
1 1258
1 2436
1 2387
1 2510
2 2842
2 279
1 1678
2 2513
2 742
1 1861
2 2313
1 1113
1 2266
2 1785
1 2978
2 2497
2 1169
2 1311
1 3037
1 49
1 518
2 2390
2 1993
2 2541
2 2343
2 1573
1 450
1 2720
2 954
2 1039
1 2524
1 2455
2 3290
2 1177
2 1687
2 3233
1 1366
1 2805
2 2972
1 2302
2 2037
1 790
1 940
2 1440
1 389
1 3085
1 379
2 908
2 886
1 2514
2 1692
2 38
1 1424
2 2675
1 2426
1 1080
2 181
1 2782
1 2859
1 2306
1 1479
2 1632
1 609
1 285
1 2200
2 572
1 3010
2 2045
1 1907
1 374
1 199
1 3288
1 596
1 3065
1 1388
1 1869
1 824
1 1840
1 884
2 1459
2 1645
1 1819
1 1332
2 1047
2 2547
1 1190
1 257
1 3059
2 2196
1 2132
1 381
1 730
2 1994
1 2844
2 2599
2 100
2 282
1 1673
2 891
2 2707
2 2638
2 16
2 2018
1 2518
1 2574
2 1745
2 814
1 1834
2 390
2 1908
1 1420
1 531
2 1241
2 259
2 3004
2 2167
1 2719
2 1933
1 3200
1 439
1 1945
2 2166
2 103
1 1205
1 372
1 682
2 1149
1 209
2 1695
1 904
2 1249
2 821
1 1901
2 191
1 1262
2 2998
2 2926
2 2050
2 78
2 475
1 112
2 3222
1 1968
2 2073
2 2640
2 3082
1 3177
1 123
1 2218
1 2683
1 1414
1 3025
2 1156
1 252
2 1769
1 1042
1 1589
1 1373
1 1073
1 2992
1 123
2 327
1 56
2 2077
1 906
1 2961
2 3292
1 1977
1 343
2 1154
1 1813
2 670
1 3164
1 1005
1 625
2 2664
2 2353
1 124
1 973
2 477
1 378
1 683
2 2196
2 511
1 1799
2 1052
2 3297
1 2752
2 2033
1 1176
2 2989
1 1314
2 995
2 2349
2 2367
2 1127
1 3163
1 1458
2 2775
2 2467
2 2259
2 685
1 2086
1 1437
2 1143
1 238
1 773
2 1882
2 2304
2 3279
2 292
2 1783
1 465
2 2504
1 1197
2 1557
1 416
2 321
2 799
2 2471
2 1529
1 1587
2 1507
2 1366
2 1380
1 2707
2 827
1 1745
2 2764
1 1469
1 2803
1 1625
2 1780
2 213
2 3191
2 1413
2 2557
2 3129
1 1700
2 1124
2 1121
1 724
1 3149
1 3203
2 1972
1 30
1 425
2 2840
2 943
2 3226
1 1363
1 613
1 1859
2 1634
2 3239
1 41
1 2495
1 1401
2 929
2 234
2 2310
2 2717
2 2629
1 2729
2 1122
1 2446
1 3178
2 2116
1 2104
1 794
2 2854
2 1127
1 2157
2 1327
2 2524
1 558
2 2300
1 2800
2 2229
2 1755
1 2618
2 746
2 1870
2 941
2 599
2 1768
2 286
1 31
1 750
2 497
1 1491
1 1171
1 2082
2 1715
2 486
1 1201
2 1866
1 56
2 2995
1 2446
1 966
2 506
2 1060
1 2426
1 1080
2 1725
2 1616
1 92
2 1780
2 499
1 1811
2 27
1 975
1 489
1 980
2 2874
1 2613
2 654
1 297
2 2466
2 1662
1 3289
1 1219
1 1714
1 1230
2 1328
1 72
1 1823
1 1957
1 1025
2 2349
1 2173
2 1936
2 319
2 2444
1 2582
2 883
1 1330
2 1910
1 2137
2 1363
1 2107
1 1094
2 2708
1 1026
1 471
1 259
2 819
1 1
1 2653
2 2738
2 2872
2 2424
1 1719
2 2113
1 2032
1 2666
2 1003
2 3218
1 1674
2 1237
1 615
1 1415
2 2311
2 1576
2 2786
1 3044
1 885
2 197
1 945
1 1487
1 2296
2 2892
1 1751
1 2759
1 1513
2 2918
1 2634
2 1698
1 2412
1 2579
1 2043
1 2569
2 2875
1 3077
1 1134
2 975
1 2028
2 1236
2 3225
1 3217
1 286
2 2939
1 1568
2 664
2 314
2 2855
2 3147
2 176
2 2771
2 273
2 244
2 2048
2 1790
2 3192
2 2014
2 2204
1 1952
1 1826
1 1528
1 881
2 931
2 1233
1 390
2 2671
1 29
1 1852
1 2630
2 274
2 1920
2 1100
2 2402
2 2060
2 3263
2 1108
1 487
2 443
2 3034
2 1791
1 1687
2 2114
2 1213
1 2470
1 1005
1 1753
2 1554
1 1276
2 2347
2 3053
2 3272
2 2536
1 597
1 1285
1 2232
2 1533
2 388
2 1034
2 2411
1 469
2 3142
2 2457
1 1526
2 2606
2 1151
1 2933
2 1478
1 3020
2 2041
1 65
1 893
1 3125
1 2432
2 1644
1 2187
1 407
1 457
1 3253
2 714
1 339
2 694
2 1097
2 503
2 2930
1 346
2 1455
1 133
2 691
2 2113
2 409
2 155
1 3123
2 1119
2 2580
2 212
2 2755
2 2192
1 950
2 585
2 1263
2 2118
1 835
2 320
2 840
2 587
1 1525
1 147
2 1297
2 1195
1 1867
1 874
1 2151
1 1855
2 3145
2 2811
2 519
1 1929
1 1916
2 3099
2 524
2 577
2 97
2 2880
1 866
2 3024
2 2843
2 1029
2 110
2 2877
2 229
1 1560
2 117
1 1923
1 2328
2 819
2 3084
1 2605
1 2312
1 37
2 2130
1 1096
2 2036
1 2867
1 1218
1 2087
2 449
1 2108
1 1897
1 205
2 8
1 199
2 1637
1 2441
2 591
2 3291
1 364
2 235
1 2003
2 1599
1 2212
2 2322
2 1653
2 2652
2 3220
2 1162
1 3280
1 2054
2 169
1 1721
1 913
2 2240
2 1146
1 740
1 1666
1 664
2 537
1 2335
1 1915
2 66
1 1950
2 1068
2 2223
2 2291
2 701
2 207
2 880
1 3135
1 3276
2 1286
2 1719
2 506
2 1432
2 2811
2 2452
2 1679
2 55
2 1374
1 572
2 2422
1 2602
1 1456
1 1151
2 918
2 1746
1 1582
1 2085
1 3018
2 684
1 2985
2 1282
1 452
2 2985
1 792
1 240
1 2677
1 1277
1 1268
1 348
2 3228
2 2210
1 1285
1 1684
1 2823
2 2540
2 3238
1 246
2 2792
2 1966
1 406
1 1634
1 671
2 69
1 287
1 3231
1 1166
2 897
2 636
2 482
1 2190
1 1386
2 1726
1 1756
2 2051
2 2444
2 2319
2 879
1 816
2 2923
2 3190
2 1737
2 1133
2 884
2 466
2 1691
2 1103
2 912
2 2705
1 1160
2 1123
1 2492
2 1654
2 1325
1 220
2 2743
1 709
1 788
2 305
1 493
2 2858
2 1152
1 2966
1 1691
2 2445
1 1354
2 913
2 2401
1 2145
1 683
2 2809
2 658
2 1423
2 3098
1 867
1 456
2 1713
1 1668
1 1061
2 1713
2 722
1 1738
1 85
1 2342
1 1254
1 121
2 1403
2 586
1 2207
2 1749
1 589
1 1224
2 2229
1 2586
1 1743
2 921
1 1265
2 2945
2 2461
2 1835
1 3068
1 1762
2 3052
2 1767
2 2443
2 227
1 1451
2 464
2 3129
2 22
2 2379
2 2721
2 937
1 3010
2 1441
2 2435
2 963
2 2065
2 1035
2 607
1 1678
2 453
2 559
2 2801
2 581
1 2578
2 1997
2 1609
2 207
1 2063
2 3181
1 939
2 2474
1 861
1 1094
2 1808
2 253
1 2713
1 858
2 1222
1 1812
2 2217
2 2087
1 829
1 3206
1 748
1 2409
1 467
1 1250
2 2015
1 1029
1 2363
2 2592
2 1043
1 1899
1 1815
2 1950
1 2665
2 1538
2 1417
2 600
1 535
2 1621
2 2562
2 2691
2 1506
1 158
1 1173
2 2194
1 1040
2 869
1 1882
1 813
1 2766
1 1225
2 520
1 1517
2 918
2 2329
1 42
2 43
1 288
1 1222
2 787
2 3300
2 3000
2 838
1 2247
1 2835
2 1329
2 2798
2 251
1 2695
1 3293
1 2702
2 198
2 556
1 2230
2 1531
1 1886
1 3285
2 643
2 1296
1 1701
1 1044
2 2074
1 3027
1 502
1 3029
2 377
1 1287
1 1331
1 2854
2 2171
2 2278
1 20
2 3140
2 267
1 2893
1 930
1 3121
2 5
2 191
1 2737
2 1627
2 2915
2 98
1 2891
1 668
2 1875
1 423
1 107
1 852
2 2392
1 30
1 1872
2 2887
2 1932
2 73
1 645
1 2733
2 1954
2 702
1 1759
1 3166
1 2341
1 2215
1 2704
2 2189
2 2194
2 1252
2 1183
2 2947
1 1360
1 2220
1 2092
1 412
1 3019
2 1916
1 2252
2 957
1 2922
2 1535
2 927
1 2706
2 2751
2 1172
1 3053
1 2281
1 3156
1 2636
2 1051
1 3251
2 2894
2 1240
1 657
1 786
1 513
1 537
1 1834
1 115
2 2476
1 1828
1 1806
2 996
1 1438
1 130
2 1103
2 1245
1 2964
1 1894
2 2938
1 2693
1 2520
1 1031
2 1179
2 1169
1 1167
2 2420
1 595
2 3246
2 990
1 434
1 1592
2 2399
2 1664
2 3144
2 1470
1 2635
2 2146
2 1515
1 1662
2 1960
1 2868
1 2634
1 1011
2 643
1 924
2 1336
2 2299
1 228
2 2198
2 48
2 1924
1 2065
2 2376
2 3122
1 266
2 1227
2 955
2 984
2 1460
1 2890
2 1702
2 1248
1 2703
1 1980
1 2566
2 590
1 2105
2 481
1 1429
2 2072
1 1391
2 2903
1 568
2 464
2 1832
2 162
2 2708
1 1213
2 742
2 3275
2 224
2 3167
2 1419
2 3110
1 3038
2 243
2 2307
2 2246
2 38
1 280
1 2495
2 700
1 1739
2 242
1 2917
1 1502
2 1824
2 986
1 1352
1 1405
1 1814
2 1819
1 1534
1 656
2 2960
1 3258
1 2812
1 3060
1 1518
2 2757
1 2179
2 733
2 1519
2 707
2 2790
2 2651
1 1978
1 557
2 1871
1 2036
2 3059
1 1483
2 532
2 1194
1 2268
2 558
2 1631
1 70
1 1714
1 188
1 2919
1 2778
1 889
2 2141
2 900
1 2058
1 1306
1 770
1 3283
2 1733
2 1428
1 3031
1 641
1 2515
2 1581
1 3298
2 1948
1 1323
2 1935
2 2374
2 325
2 632
1 2207
2 2534
1 2334
1 2661
1 3058
2 2133
2 1032
1 395
2 1060
1 2350
1 420
2 3108
2 920
1 161
1 3228
1 33
1 2487
2 3035
1 1508
1 1704
1 1279
1 834
1 3155
2 1890
2 713
1 721
1 1036
2 3073
1 1962
2 1167
1 2175
2 1182
1 646
1 2770
1 2546
2 2759
1 2201
2 660
1 1410
2 2389
1 1722
2 631
2 369
1 2418
2 808
1 2619
2 3151
2 1927
1 1815
2 2473
1 1454
1 308
2 257
1 2077
2 2083
1 1033
1 1361
1 516
1 2997
2 1814
2 1646
2 1973
1 356
1 2875
1 272
1 3184
2 3075
1 1327
2 2146
2 959
2 560
1 118
2 550
2 594
2 193
1 1544
2 2320
1 1707
1 692
2 1532
1 839
1 1107
1 3037
1 695
1 1397
2 3120
2 1481
1 2316
1 2530
2 225
2 2753
1 1101
1 870
2 2091
1 1004
1 3183
2 899
1 2910
2 925
1 2463
1 1370
2 3261
2 2145
2 2415
2 2846
2 1255
1 203
1 1806
1 593
1 2133
1 498
2 2767
2 74
2 2687
2 540
2 322
1 892
2 2935
2 2660
2 41
1 2221
2 2950
1 3222
1 1050
2 348
2 298
1 872
1 2294
1 1887
1 957
1 3267
1 2698
2 754
2 614
2 1152
1 1738
1 61
1 3162
2 125
2 3103
1 1740
1 1013
1 3087
2 1820
2 2231
1 502
2 1660
1 3190
2 328
2 2801
2 1617
2 2311
2 1307
1 182
2 254
2 196
2 1472
1 528
1 2620
2 3189
2 161
2 1505
2 2969
1 2796
1 2623
2 1451
1 2565
1 1132
1 696
2 2383
1 729
1 2237
1 2741
2 2913
2 2742
1 3015
1 2949
2 1837
1 1106
2 938
1 2006
1 2928
1 2540
2 36
1 716
2 2918
2 659
1 61
1 1947
2 2161
2 3261
2 2800
2 774
2 812
2 2511
2 2521
2 270
1 1423
2 604
2 2967
1 3002
1 2400
2 224
1 58
2 674
1 2884
2 2477
2 2817
2 2479
1 2388
2 3036
1 1193
2 344
1 2465
1 991
2 154
2 2034
2 2137
2 1710
1 1901
1 291
2 617
1 2332
2 2215
2 1643
2 2588
1 3292
1 339
1 1269
1 2388
2 2213
2 3012
1 755
1 1990
1 2128
1 1546
1 2534
2 1189
2 600
1 2430
2 675
2 210
2 2260
2 353
2 894
1 662
2 1859
1 3286
1 1851
2 1016
2 1895
1 439
1 3066
2 1775
1 533
2 421
1 321
2 912
1 896
1 473
1 2804
1 441
1 2280
2 549
2 2098
2 2325
1 250
2 1056
1 3086
1 2559
2 2655
2 121
1 2474
1 2612
1 1069
2 590
2 982
2 2604
2 2544
1 554
2 941
1 1302
2 1457
1 832
1 2607
2 2200
2 1967
1 2879
2 848
1 3237
2 2412
1 886
1 2219
2 1874
1 574
1 686
2 1611
2 938
1 2657
2 1629
1 1273
2 1918
2 2127
1 1120
2 737
1 196
1 2939
2 3125
1 3036
1 2731
1 2308
1 336
2 1041
2 1276
2 2955
2 1833
1 2628
2 3113
2 1348
2 3133
2 1603
2 2878
2 2262
1 2219
2 622
2 848
1 1867
2 2680
1 744
1 2160
2 796
1 3140
1 143
2 3188
1 1128
2 2358
1 2679
2 346
2 748
2 1537
1 1865
1 1387
2 167
1 208
1 2709
2 2153
2 1690
1 1367
1 1686
1 518
2 64
1 514
1 1548
2 354
1 95
2 1092
2 1883
1 269
2 1577
2 1717
2 1466
1 1497
2 768
1 2101
1 1359
2 2988
1 3243
1 2305
1 1318
1 606
2 2861
1 1908
2 1335
2 1089
2 1995
2 2819
1 416
1 15
1 442
2 712
2 2596
2 787
2 1331
2 1640
2 2498
2 3214
2 1232
2 3014
2 3087
2 2488
1 1008
1 1187
2 254
1 1207
1 2973
1 2086
1 2963
2 1085
1 1589
1 2981
2 569
1 2441
2 2746
2 1264
2 2342
2 1921
2 1658
1 3161
1 39
1 830
2 618
1 837
2 828
1 2307
2 113
1 1420
1 580
2 1974
2 2345
2 860
1 1034
2 491
1 3145
2 3267
2 357
2 36
2 726
2 2651
1 1934
2 2934
1 2309
2 236
2 1137
1 1017
1 96
1 2490
2 2433
1 2350
1 788
1 1770
1 2374
2 253
1 1088
2 1412
2 202
2 1675
2 1985
2 1677
1 2990
2 594
1 3224
1 436
1 1204
1 3216
1 366
2 2795
2 382
2 1450
2 1585
2 2140
1 509
2 1211
1 2988
1 926
1 946
1 4
1 1258
2 1524
2 2670
1 1592
2 360
2 2609
2 3268
2 2528
1 2335
1 593
2 2954
2 3009
1 2996
1 1902
2 1665
2 3239
1 908
1 3231
2 1255
2 639
2 75
2 877
1 1676
1 1933
1 150
1 415
2 2675
2 1746
1 2812
1 1801
2 629
1 1208
2 1606
2 2138
2 2992
1 2820
2 2649
1 2714
2 946
2 1558
1 1001
2 2668
2 2004
2 800
2 1168
1 749
2 3229
2 1264
2 1238
2 944
2 2825
2 1639
1 1383
2 1729
1 1875
2 2765
2 1944
2 326
1 703
1 2689
2 483
1 1547
2 3101
1 3174
1 1734
2 2016
2 681
1 1496
1 1766
1 2628
1 2705
1 1247
1 2915
1 2561
1 389
2 2265
2 2046
2 1200
1 610
2 413
2 1104
2 428
2 3248
2 2724
1 2017
1 827
1 2545
1 3180
1 2600
2 2943
2 2905
1 897
2 801
2 2096
1 951
1 12
2 1710
1 637
1 713
2 2010
2 818
1 2631
1 1786
1 1555
2 1084
2 2496
1 914
1 1708
1 2451
2 66
2 962
1 609
1 1928
2 277
2 365
2 816
2 842
2 1597
1 106
2 3265
2 262
2 1416
1 3109
1 3158
1 2760
2 1168
2 1444
2 659
1 1378
2 111
1 1501
2 1109
1 2898
1 2891
2 378
1 2386
2 1989
2 2837
1 44
2 2716
1 304
2 1412
2 1303
1 2164
2 2773
2 1281
1 1591
1 574
1 698
2 2934
1 1771
2 2364
1 1275
2 723
2 1727
2 2699
1 721
1 39
2 83
