6600 5500
2 1395
2 1939
2 2907
1 2393
1 1208
1 1675
2 2949
2 3138
2 166
1 2737
2 1780
2 1447
1 3141
2 2156
2 663
2 745
2 106
1 1683
2 872
1 3120
1 102
1 2070
2 3167
2 2975
1 206
1 2398
2 2146
2 2902
1 2245
1 2901
1 1124
1 2831
1 1828
1 1298
2 2846
2 241
2 2730
1 1214
2 3004
1 2762
1 2905
1 2519
1 3054
1 1367
1 3105
1 1690
2 435
1 2170
1 435
1 1037
2 381
1 2323
2 1664
1 1548
1 2157
2 1057
2 2938
2 1154
1 2180
1 364
2 2766
1 1673
2 2615
1 3107
2 979
2 1322
1 2161
1 1396
1 1191
2 2683
1 1053
1 1196
1 1517
1 2403
2 667
1 3218
1 1228
2 501
2 569
2 2317
2 1835
2 383
1 2083
1 2774
1 3276
1 2307
1 1511
1 202
2 1638
2 3193
1 847
1 789
2 2351
1 101
1 195
2 2780
2 2319
1 1390
2 431
1 726
2 1791
2 3224
1 1976
1 3234
2 1516
1 2342
2 159
1 2417
2 740
2 2291
2 1470
2 1700
2 1826
1 1477
2 2267
2 1927
2 2075
2 2395
2 1573
2 1864
2 67
2 2058
1 641
1 3170
2 2119
2 2514
1 3043
1 608
1 2080
2 1555
2 74
1 1821
1 1574
2 121
2 1352
1 269
1 1060
1 92
1 489
2 2918
2 2413
2 2148
2 784
1 416
2 2894
2 739
2 3109
1 2258
2 3031
2 377
2 1068
2 857
2 1412
2 2602
2 760
1 1288
1 3197
1 2880
2 1321
1 2628
2 2043
2 797
2 3209
1 2518
2 470
1 2331
1 2532
1 186
2 1551
2 1852
2 669
1 1759
1 2191
2 2469
2 3016
2 50
2 2833
2 715
2 330
2 1841
1 1406
2 1388
2 1830
2 730
2 619
2 2845
2 2431
1 546
2 1852
2 272
2 249
2 245
2 539
1 1960
2 1680
2 2034
2 3198
1 1452
1 2773
1 2295
1 313
1 1336
2 35
2 2433
1 231
1 307
1 1215
1 1587
2 2656
2 2637
1 1563
2 3136
1 1865
2 743
1 346
2 2227
2 1566
2 622
2 1034
1 924
1 3018
2 887
1 2106
1 1881
2 2807
1 2772
1 1494
2 1666
1 1469
2 952
1 3127
1 3024
1 842
1 2337
2 3068
1 8
1 2492
1 1336
1 1936
2 3132
1 1178
1 1963
2 3002
1 217
1 2030
1 1187
1 516
2 1107
2 1328
2 2505
2 1388
2 2139
1 2709
2 285
2 2969
1 2270
2 1723
1 1558
1 2642
2 1334
1 592
2 2338
2 225
2 2196
1 341
1 384
1 2097
1 399
2 2784
1 319
2 2981
2 638
2 2952
1 1374
1 1488
2 1603
1 3143
2 1444
2 1248
2 1175
2 2922
2 148
1 2384
2 423
2 49
1 944
2 2251
1 574
1 2088
2 1226
1 247
2 871
2 1835
1 495
2 3275
2 2428
1 2228
2 1515
2 2035
1 1982
1 1911
2 2186
1 1717
2 290
1 2542
1 2809
1 2170
1 2471
1 1844
1 1733
1 2962
1 1237
2 1807
1 2568
2 1743
2 345
1 1856
1 1938
2 3032
2 1094
2 1328
1 134
1 1781
2 1693
2 787
1 2072
1 2985
1 3211
1 1636
2 226
2 622
2 1812
1 160
1 2447
1 2221
1 1798
2 2908
1 1721
1 2645
2 1244
1 425
1 711
1 588
2 1029
2 1916
1 2314
1 408
2 2790
1 1889
2 1617
2 2012
2 778
2 1613
1 1126
2 2439
2 2466
1 179
2 656
1 2391
2 2598
1 618
2 1323
1 1803
2 2069
1 512
2 3255
2 418
2 920
1 903
2 419
2 219
1 471
2 3221
2 1186
1 927
2 799
2 465
2 673
2 2844
1 1894
2 2172
2 458
1 1657
2 1109
2 1106
1 2072
1 1891
2 626
2 3117
1 479
2 109
2 4
1 595
2 1095
2 1389
1 677
1 1943
1 2614
1 2397
1 3085
2 2710
1 387
2 2779
1 2168
2 1212
2 1041
1 406
1 1881
1 3094
2 1987
1 2248
2 3113
2 2857
1 2164
2 1541
2 2805
2 380
2 1975
1 1437
1 2426
1 3258
1 2817
1 1880
1 1234
2 641
1 644
2 742
1 1645
1 1330
2 2813
1 152
2 1490
2 2279
2 124
1 2722
1 564
2 2555
1 2150
1 1922
2 1202
1 918
1 253
1 462
1 2863
1 2861
2 2147
1 335
2 2356
1 618
1 785
1 3212
1 320
1 1355
1 1561
2 1941
2 1620
2 2087
1 420
1 2128
1 1360
2 3242
2 3056
2 1444
2 1846
2 2892
1 557
1 1910
1 1054
2 1101
2 2929
1 1465
2 2840
2 2305
1 2716
2 679
2 2927
1 2748
1 2021
1 1630
2 806
1 1068
2 2212
1 1442
1 1974
1 1725
1 1768
1 2162
1 1895
1 1368
2 1032
1 1142
1 1579
2 1674
2 39
1 1679
1 1127
1 721
2 928
1 1856
2 466
1 1542
1 1047
1 811
1 3113
1 1422
1 1758
2 898
1 2314
2 796
2 1110
1 2902
2 1905
2 209
1 2845
1 2664
1 1593
2 105
2 2596
2 2418
1 2185
2 1230
1 2578
1 1594
2 2171
2 1006
2 2350
1 1817
2 1584
1 2259
1 1705
1 2104
2 2320
1 990
1 417
2 443
1 483
2 2942
1 2526
2 3124
2 2123
1 1574
2 912
1 2611
1 805
2 1661
2 2433
2 1750
2 3187
1 2520
1 2374
1 10
1 2976
2 3059
1 1200
2 722
2 1438
2 2301
1 571
2 2929
2 945
1 2412
1 3010
1 948
2 2401
2 2794
1 758
2 3253
1 1564
2 2350
2 1075
2 1936
2 3084
2 54
1 164
1 887
2 2353
2 3290
2 2632
1 304
1 2110
1 27
2 581
1 599
1 675
1 1798
1 694
1 302
1 1262
2 1362
1 503
1 2326
1 826
1 2973
1 2853
1 326
2 2110
2 576
2 2461
1 1847
2 3116
1 2658
1 923
1 2828
1 1929
2 666
1 2868
2 2536
2 1021
1 1005
2 2627
1 2104
2 2208
2 735
1 2179
2 1425
2 2478
2 1426
2 579
2 1724
1 1853
2 628
1 210
1 231
1 3200
2 2116
2 1141
2 2469
1 1678
2 3281
1 3051
2 701
1 287
2 3210
2 1023
1 1990
1 1984
1 1378
1 1447
2 1377
2 1314
1 869
1 2075
2 514
1 1944
1 461
2 1995
2 1048
2 909
1 1167
1 277
2 172
1 2003
2 710
2 1997
1 539
1 2470
1 97
1 930
2 832
2 2131
2 660
2 2584
1 1869
2 2960
1 2377
2 1671
1 2853
1 1027
1 1688
2 874
2 2824
1 2212
1 3103
2 2935
1 499
1 1552
2 884
2 2090
1 2912
1 393
1 715
2 968
2 2152
2 2714
2 1414
2 3254
1 2511
2 1811
2 1445
2 2109
2 2532
2 2999
2 555
2 2079
2 843
1 3176
2 2511
1 1435
2 840
1 282
2 296
1 2311
2 3180
1 336
2 1526
2 1478
1 2268
2 1329
1 2120
1 1850
1 2183
2 882
1 169
1 2446
2 458
1 2285
2 2741
1 2957
2 3205
1 3137
1 1011
2 2327
1 2646
2 2358
2 457
2 2117
2 2996
2 3263
2 2612
1 2188
1 1596
1 482
2 1550
2 654
2 3231
2 896
1 1295
1 499
1 1106
2 2934
2 933
2 2662
1 2758
2 2236
1 1612
1 452
1 2003
1 3295
2 3155
1 1046
1 170
2 1842
1 1630
1 2525
1 2560
2 236
2 421
1 876
2 7
1 2652
2 1706
1 765
2 2436
1 2546
1 3077
1 2136
1 2735
2 628
1 1882
2 3282
2 1284
2 3085
2 581
2 524
1 72
1 1394
2 838
1 2185
1 1443
1 1318
2 1810
1 1844
2 2174
1 860
2 1089
1 2956
2 1615
1 282
2 712
1 1249
2 1738
1 1403
2 1385
2 1662
2 3073
2 672
1 2400
1 987
2 2243
2 1955
1 1703
2 1628
2 2109
1 990
1 1384
2 439
2 411
1 1065
2 2328
1 2836
1 96
2 602
2 894
1 1099
2 1595
1 89
1 481
2 3114
1 69
1 2824
1 1659
2 2869
1 766
2 600
1 2425
1 163
2 866
1 1236
2 1729
2 162
2 1603
1 1129
2 3184
1 322
2 1
1 489
2 457
1 422
1 1250
1 2791
2 3245
2 60
2 2868
1 3002
1 1618
2 2520
1 545
2 2893
2 2431
1 924
1 1460
2 3259
2 261
2 1002
2 1597
1 2368
1 781
1 2609
1 257
2 140
2 2915
1 1102
2 982
2 2565
2 2725
1 3022
1 3226
2 2056
1 2512
1 1205
2 2841
1 2866
2 2744
2 751
2 1595
2 881
1 329
2 2509
2 680
2 1721
2 1143
2 1111
1 1694
2 1422
1 2706
2 868
1 362
1 1758
2 2369
1 939
1 616
1 3108
1 2044
2 2379
1 3213
1 1988
1 1931
1 808
1 2010
1 1194
2 260
2 809
2 1935
2 1932
1 1421
1 180
2 1366
2 895
1 684
1 2613
1 1317
1 1186
2 3140
2 2295
2 2284
1 3100
2 2176
1 1962
1 2008
2 807
1 2925
2 3030
2 951
2 101
2 2778
1 1431
2 681
2 2160
1 2396
2 1331
1 1369
2 3175
1 1771
2 1560
2 1079
1 2620
1 1183
1 3078
2 3144
1 938
2 3160
1 1982
2 1218
2 1875
2 1597
1 2579
2 2804
1 1964
1 2586
2 2116
2 176
2 3120
1 2263
1 2240
2 2618
2 3111
2 2058
1 2394
1 2525
2 2524
1 2636
1 563
1 2666
1 1918
2 2277
1 103
1 1710
2 1897
1 2480
2 1491
2 2948
2 1765
2 2274
2 2711
1 2348
2 1606
2 3209
1 1763
2 2510
2 861
2 3059
1 1893
1 2154
2 1608
1 1649
1 2361
2 878
2 2956
2 3239
2 2290
2 1926
2 2647
1 833
2 189
1 1292
1 3126
1 3103
1 671
2 3181
1 2508
2 505
2 135
2 1440
2 1531
2 2769
1 2539
1 2269
1 480
1 1268
2 2571
1 1221
1 719
2 670
1 3034
1 743
1 1514
2 407
1 764
1 481
1 3063
2 2562
1 2939
2 24
2 687
1 2630
2 2987
2 2561
1 1304
2 427
1 812
1 348
2 3180
1 41
2 188
2 2890
2 1941
1 3096
2 455
2 292
2 2529
2 143
1 157
2 762
2 2441
2 2482
2 2085
1 26
1 624
2 2625
2 1949
2 1636
1 1242
2 1523
2 2207
2 134
1 2917
1 957
1 1156
2 207
2 1345
2 58
2 183
1 3233
1 1263
2 978
2 2018
2 2422
1 205
1 625
1 2387
1 2297
1 2214
2 1546
2 1222
2 3257
2 2277
1 2830
1 1430
2 615
1 1585
1 3044
1 430
1 1045
1 1482
2 2566
1 870
2 1120
1 3072
2 2968
1 971
2 3246
2 2149
2 2552
1 1039
2 25
1 1949
2 3256
2 2420
1 234
2 805
1 2712
1 674
2 3091
2 3140
1 156
1 1305
2 666
1 1715
2 1356
1 198
1 2414
2 2225
1 1877
2 2010
2 2000
2 2417
2 3038
2 1210
2 1497
1 3142
1 453
1 2783
2 1718
2 2241
2 21
1 1933
1 630
1 992
1 1020
1 2934
2 3061
1 2456
2 1441
2 3011
2 2678
2 1797
1 2073
2 316
2 2993
1 224
2 977
1 3036
2 1552
2 1258
1 2443
2 775
1 914
2 1103
2 2893
1 1395
1 1600
2 2111
2 396
1 1051
2 789
2 209
2 1977
1 165
2 2221
1 660
1 1327
2 614
1 2248
1 1670
2 750
1 3019
1 1088
1 723
1 2381
1 1188
2 849
2 2967
2 2617
2 1161
2 1815
1 543
1 2889
1 2379
2 2343
1 1372
1 1484
1 295
1 1886
1 1096
2 800
1 2332
2 324
2 60
1 2669
1 1384
1 1784
1 3186
1 1955
2 523
1 2624
2 494
1 541
2 155
1 636
1 105
1 1446
2 1224
1 3099
1 1725
2 1066
2 553
1 1206
1 2549
1 510
1 1117
1 1861
2 1325
1 1382
2 2749
1 1466
2 438
1 1060
2 1996
2 1436
1 1507
1 2675
1 2807
1 2113
1 1850
1 3250
1 2252
1 2371
2 1996
2 2819
1 3129
2 1629
1 577
1 3293
1 940
2 2654
1 864
1 950
1 1849
2 1227
2 2517
2 3013
2 1211
1 567
1 2038
2 2253
1 817
1 2171
1 2202
1 163
2 2026
2 837
2 466
2 2442
2 3081
2 2437
1 1101
1 3241
1 2606
2 1206
2 1364
2 1360
1 2418
2 259
1 1665
2 1357
1 2370
2 3048
2 2985
2 1227
2 892
1 2916
2 2957
2 279
2 967
1 3189
1 1461
2 2677
2 1785
2 689
2 207
2 157
2 1958
1 3075
1 1154
2 397
1 792
1 2105
2 2276
1 1675
2 795
1 2333
1 2615
1 627
2 2051
1 138
2 2796
2 313
2 2529
2 2954
1 449
1 262
1 3026
1 2514
2 3146
2 3133
2 2244
1 2459
2 2600
2 1405
2 174
2 3037
1 2533
1 2172
2 2639
2 2925
2 3020
1 1086
1 1347
2 868
2 1989
2 2936
2 776
2 17
1 1432
1 1961
2 1234
1 2113
2 2340
1 2037
2 1105
2 3260
2 3017
2 2454
2 1527
2 1504
1 2095
1 2206
1 448
1 863
1 2140
2 3220
2 2355
1 1440
2 708
2 3199
1 300
2 1840
1 130
1 1787
2 1796
1 2822
1 1282
2 2142
2 1997
2 2531
1 2963
1 3123
2 1326
1 850
1 2605
1 692
2 2061
2 2253
1 1903
2 2459
2 2577
2 2955
2 12
2 1551
1 2657
1 2084
2 1152
2 1312
2 976
1 51
2 465
1 450
2 2984
1 196
2 409
1 230
1 2848
1 178
2 377
1 106
2 2048
2 2167
1 1861
1 3299
1 1907
2 2590
1 3190
2 353
2 1342
2 456
1 1005
1 3138
1 1115
1 1015
1 2293
1 2032
2 412
2 2455
1 2494
2 173
1 650
1 2710
1 1990
2 135
2 342
1 513
1 18
1 1130
1 856
2 133
1 1365
2 3110
2 1994
1 1193
1 3148
1 2848
2 1061
2 2779
1 483
1 1633
2 2082
1 1625
1 2622
2 2161
1 2799
1 1009
1 996
2 1450
2 2146
2 262
2 2015
2 95
2 139
1 2349
2 2256
1 3264
2 20
1 3260
2 204
1 2829
1 1139
1 1751
2 2359
2 688
1 726
2 3283
1 2391
2 1348
2 1778
1 2507
2 1275
2 1859
1 463
1 1290
2 1792
1 2293
1 2480
2 1885
2 1614
1 2754
2 1314
2 772
2 1664
2 676
2 62
1 1298
2 1063
2 172
2 2931
2 338
1 416
2 2878
1 852
2 1264
2 2777
1 2781
1 2616
2 1014
1 395
1 3300
2 1687
2 2895
2 2155
1 2559
2 1890
2 309
2 392
2 2279
2 2733
2 582
1 3055
2 1849
2 1261
2 1931
2 2711
1 438
1 1299
1 3145
2 824
1 997
1 1266
2 1671
2 1980
2 175
1 2213
2 281
2 2693
2 2238
2 2671
2 2322
1 2098
2 404
1 1993
2 1057
1 491
1 1260
2 1326
2 2420
1 2342
2 2190
2 2060
2 3190
1 1169
2 1210
2 2266
1 540
1 3274
1 3071
1 573
1 2713
1 3025
1 608
1 3284
2 1122
1 2239
2 1332
2 1643
1 2052
1 1487
2 2643
2 3052
1 2233
2 3168
2 2547
1 254
1 863
2 242
2 2643
1 1570
1 2746
1 30
1 285
1 920
2 2281
1 991
1 2487
2 142
1 1858
1 2762
1 719
2 334
1 2707
1 1905
2 463
1 1510
1 2712
1 1285
2 2503
2 1588
2 1726
2 1026
2 2392
1 2320
2 2946
2 2467
2 774
2 1007
1 2585
2 1892
2 1580
2 736
1 2364
1 1878
1 3211
1 2738
1 836
2 1527
2 467
1 3121
1 2820
2 2960
2 571
2 589
2 2827
1 1623
2 312
1 2096
2 3277
1 665
2 1097
2 1460
2 45
1 1320
1 1785
2 2875
1 1882
2 1490
1 1891
2 3014
1 1120
2 2330
1 452
2 3030
1 2898
1 1568
2 906
1 1181
1 149
2 1536
1 3023
2 57
1 1476
2 473
2 2458
2 3021
1 972
1 2162
2 1651
1 1867
1 2619
1 1123
2 1003
2 3214
2 1873
1 1183
1 1476
1 1128
2 1418
1 331
1 3216
1 2544
2 943
2 601
2 791
1 2384
2 2668
1 1370
1 493
1 194
1 2732
1 1113
2 774
2 418
1 14
1 1261
2 1173
1 2261
2 2208
2 1661
1 907
1 208
2 2394
1 3098
1 1481
1 1530
1 1872
2 3287
2 2756
2 1179
1 2128
2 548
1 507
1 248
1 2595
1 1619
2 194
1 1239
2 1035
2 3126
1 2261
2 495
2 2487
2 2042
1 46
1 1811
2 547
1 1445
2 168
1 2746
2 2243
2 2260
1 2464
2 2871
1 2020
2 3144
2 509
1 2273
1 56
2 3087
2 1158
2 1383
1 1164
2 1644
1 199
2 2978
1 1105
2 2770
2 1204
1 74
1 2786
1 1016
2 413
1 1496
1 1857
2 2965
2 3043
1 2701
2 1768
2 2151
1 2289
2 522
2 1734
2 80
2 2754
1 2909
1 2541
2 1168
1 1950
2 356
1 3288
2 2339
1 1489
1 1429
1 360
2 2138
1 1116
1 1857
1 2444
1 131
1 2066
1 2937
1 748
2 1218
2 2137
2 2490
1 2138
1 629
1 1887
1 3004
2 853
1 1317
1 537
1 2100
1 1289
2 3195
2 2826
2 1495
1 338
1 1492
1 2235
2 401
2 1736
1 584
2 3066
2 1238
1 2876
1 1756
1 3207
2 494
1 976
2 248
2 682
2 626
2 3248
1 2743
1 1632
1 1924
1 692
1 2402
2 1019
1 1740
2 487
2 1922
2 2719
2 2441
1 1684
2 118
2 2368
2 918
1 2629
2 2362
1 3158
1 93
1 2450
2 970
2 2594
2 832
1 113
1 1455
2 2965
1 1408
2 2103
1 872
2 1893
2 1448
2 1036
2 2358
2 2905
1 1925
2 2847
2 2063
1 2757
1 1541
2 2930
2 956
2 1335
1 744
1 966
1 655
1 2233
1 1145
1 2108
1 2570
1 509
1 1242
2 737
2 1263
2 2346
2 1392
1 2894
1 1107
2 2009
2 861
1 2932
1 1830
1 807
2 1839
2 2359
2 643
1 3285
1 103
1 1222
1 1928
2 2797
1 2556
1 523
2 1031
1 3095
2 2355
2 1976
2 2788
1 2218
2 2993
1 261
2 3196
2 3291
1 1287
1 3214
1 3033
2 2723
2 1800
1 2569
2 647
1 1174
1 1013
2 3235
2 2900
1 2047
2 2899
2 755
1 3271
2 1132
1 212
2 1972
2 3155
2 2217
2 2115
2 1012
1 2255
1 1452
1 85
1 1153
1 1906
1 1141
2 2534
1 885
1 968
1 889
2 998
2 1471
2 3029
2 1103
1 1322
2 256
2 2938
2 1655
1 2686
1 2906
1 533
2 158
2 115
2 653
1 1157
2 2749
2 1960
1 3071
1 3161
1 374
2 1289
2 497
2 2872
1 179
1 390
1 3203
1 1441
2 1236
1 1859
2 2548
1 3281
1 830
1 3034
1 1592
2 964
1 749
1 1427
1 2919
2 605
1 3022
1 2674
1 2980
2 2896
1 1669
1 1472
2 2898
2 854
1 191
2 2082
2 812
2 1065
1 193
1 993
1 1163
2 3238
1 1728
1 2547
2 2718
2 123
2 2197
1 305
1 1917
2 1479
2 2482
1 2788
1 2141
1 1690
1 629
1 3119
1 845
2 83
1 1655
2 1766
2 1077
1 3040
2 205
2 2576
1 1162
2 1299
2 2102
2 1660
1 2338
2 1013
1 1643
2 1025
1 1502
2 1303
2 3202
1 1695
2 72
1 1134
2 2651
2 650
2 790
2 2457
2 2496
2 1503
1 2544
2 1833
2 344
1 104
1 1439
1 3266
2 2947
1 2501
1 177
1 758
1 1530
1 51
1 1917
1 2200
2 1423
1 321
1 1848
1 639
1 2958
2 1464
1 214
1 148
1 2560
2 161
2 1037
1 1979
1 748
1 2869
2 712
2 611
1 3039
2 3218
1 1863
1 2486
2 1840
2 439
2 1610
1 2837
1 2680
1 1774
1 2917
2 3278
2 1711
2 2940
1 2451
1 736
1 1149
2 536
2 910
2 2900
1 623
1 2984
2 1235
1 921
2 3057
2 2835
2 3274
1 451
1 801
1 2178
1 2673
1 2312
2 2895
2 2810
2 768
1 1051
1 565
2 1399
2 2206
2 2173
2 459
2 2335
1 1707
1 1903
1 853
1 737
1 1308
1 762
1 1837
1 1333
2 61
2 2
2 3097
1 1814
2 1627
2 950
2 2820
2 1439
1 440
2 1824
2 412
1 2634
1 2310
1 1977
2 2737
2 325
1 1131
2 658
1 2916
2 2647
2 2951
1 1211
1 840
2 2697
1 2484
2 2554
1 2380
1 1509
2 1499
2 1413
1 1827
2 1496
1 1605
2 984
2 2721
1 761
2 2851
1 2736
1 806
2 2288
2 2144
2 606
1 1644
1 2708
1 1081
1 891
2 2133
2 876
1 203
2 745
1 1309
2 104
1 1538
1 2991
1 777
1 2949
2 288
1 3019
2 2132
1 657
1 3221
1 656
2 1133
1 1076
2 2215
1 720
1 1273
2 3013
2 406
1 1083
2 2310
2 2041
2 3162
2 1716
2 111
1 1216
2 934
2 141
2 3025
1 1104
1 705
2 146
1 2308
2 1885
1 2509
2 2598
1 1576
1 2997
2 3121
2 2397
2 2442
1 2561
1 586
2 2541
1 3273
2 2699
2 2054
1 875
1 2932
2 3003
2 780
1 1805
1 370
1 585
2 2857
2 2372
1 85
1 391
2 291
1 1947
2 1265
1 2006
2 332
1 1125
1 398
1 80
1 2927
2 3242
2 3206
1 1295
1 158
2 422
2 1554
1 2564
2 1033
1 2287
2 1264
1 350
2 1954
2 124
2 2729
2 3198
2 1343
1 484
1 1174
1 2971
1 570
2 243
2 2920
2 2517
2 648
2 428
2 1400
2 564
2 3187
2 1904
2 1571
1 2150
2 1978
2 1581
2 980
1 436
1 2904
1 1256
1 852
2 1660
1 1576
1 1590
1 2028
2 714
1 612
1 75
2 1560
1 1306
2 2319
2 1776
2 2159
1 1387
1 1147
1 64
1 855
2 129
2 364
1 524
1 2673
1 2427
2 1255
1 2448
1 288
1 3012
2 2591
2 1727
1 1272
2 911
1 94
2 2706
1 15
1 713
1 2617
1 25
2 683
1 820
1 2695
1 1692
2 2838
2 925
2 2296
1 614
2 352
1 2081
2 2631
1 1248
1 699
1 1251
2 2940
2 3066
1 1355
2 1409
1 2214
1 2388
1 2635
1 1284
2 518
2 638
2 3015
2 2405
2 756
2 1741
2 2860
2 1518
1 2039
1 2832
1 376
2 185
2 1932
2 1698
2 1308
2 2674
1 211
1 2247
2 2907
2 2924
2 2528
2 1095
2 1205
1 827
2 1014
1 3070
2 1244
1 2597
2 3118
1 2821
1 2521
1 1874
2 989
1 36
2 351
2 1386
2 2094
1 2011
2 3225
2 3137
1 3247
2 1986
2 328
1 1506
2 1539
2 387
1 738
1 2850
2 3223
2 961
2 733
2 2303
1 978
1 3244
1 1860
2 560
2 975
2 1808
1 3228
1 1740
2 2407
2 2211
1 637
2 3091
1 2661
2 2773
2 1522
2 1254
2 1097
2 613
2 750
2 3153
1 2413
2 2516
1 1152
2 2753
2 2408
1 318
2 2782
1 3062
2 1640
2 1937
1 3287
1 592
1 2640
1 2167
2 280
2 3038
1 259
1 844
2 617
1 1275
2 3158
2 2774
2 1572
2 865
1 1083
2 3053
2 3005
2 1888
2 2738
1 290
1 899
2 2611
1 2174
2 354
1 2632
1 686
2 859
2 1650
1 1898
2 2581
1 2734
2 570
1 2478
1 1050
1 610
2 2061
1 324
2 1179
1 3251
1 3200
2 802
2 1980
1 905
1 393
2 1950
2 2198
1 2787
2 3178
2 2300
2 2475
2 2855
2 2798
2 360
1 1568
1 2307
1 1500
1 263
1 3000
2 1279
2 381
2 378
2 538
2 851
2 2046
1 2453
1 1408
2 1841
1 3057
2 273
2 825
2 2524
2 720
2 1935
1 3
2 1382
1 2569
1 2582
1 933
1 1761
2 2306
1 1082
1 815
2 2230
2 2344
2 1189
1 2810
1 1549
2 2095
2 9
1 1006
2 2252
1 967
2 1618
2 2951
1 1812
1 2794
2 1887
2 2175
2 2473
2 1224
2 516
2 1908
1 1904
2 327
1 273
1 251
1 2806
1 1967
2 2255
2 215
2 1591
1 2366
1 42
2 612
2 116
1 2552
1 2033
1 63
2 2801
1 742
1 1197
1 681
2 2656
1 2918
2 952
2 3233
1 265
1 374
2 372
2 634
2 824
1 989
1 3236
1 2292
2 2913
1 3160
1 1147
1 3035
1 2280
1 472
2 1752
1 1865
2 1686
1 182
1 871
1 816
1 2970
2 1285
1 1831
1 2112
1 1198
1 687
2 2203
1 3293
1 123
1 1112
2 3227
1 1836
1 310
2 92
1 1940
2 3149
2 1598
2 2760
2 1023
1 492
2 159
2 1616
2 2130
2 2649
2 3115
2 2866
1 2041
1 2264
2 1473
1 591
1 2401
1 2943
2 2029
1 1191
1 813
2 2197
2 2963
1 649
2 394
2 1842
2 206
2 2143
2 3258
2 128
1 267
1 257
1 2078
2 2336
1 2008
1 2181
2 1580
2 246
1 191
1 2767
1 1741
2 2975
2 2628
1 1215
2 1998
1 1232
1 1502
1 906
2 1241
2 1649
1 3067
2 965
1 2523
1 3011
1 2577
2 3082
1 1778
2 2961
2 1493
1 2665
2 3101
2 2657
1 2831
1 912
2 2193
2 1080
1 1567
1 1423
2 2173
1 1711
1 1267
1 453
1 2721
1 1209
1 1091
2 1879
1 777
1 1466
1 609
1 2583
2 1449
1 1027
2 3051
1 2888
2 515
2 2
1 2914
1 3010
2 2537
1 1117
2 2704
1 2635
2 1451
2 606
1 2616
1 225
2 1696
2 554
2 1697
1 2231
2 373
1 2768
2 1562
1 661
1 2188
2 2439
1 83
2 2836
2 2901
2 43
2 2648
2 1667
1 378
2 1818
1 155
2 385
1 835
2 1770
1 1914
1 2995
1 922
2 2386
2 219
1 2107
1 3017
2 599
2 2383
1 3283
1 255
2 2209
2 1346
2 547
1 2666
2 1653
1 3269
2 3173
2 2189
1 2250
2 394
1 559
2 1883
1 2313
2 1416
1 917
1 1400
2 3152
2 1647
2 2038
2 265
2 1467
2 3254
2 980
2 2366
2 1398
2 1092
2 2375
1 566
2 2183
1 846
1 396
1 754
2 3136
2 168
1 2129
2 607
1 2493
2 1954
1 1019
2 204
1 585
1 3114
1 1290
1 1909
2 17
2 1516
2 2207
1 708
1 2761
2 1521
2 315
1 1545
2 2983
2 3016
1 2696
2 2201
1 2040
1 1745
2 1229
1 3149
2 1589
2 532
2 929
2 122
2 2165
2 3246
2 1390
1 2543
1 2186
2 725
1 2157
2 1398
2 2825
1 2474
2 988
2 2318
2 1108
2 2958
2 504
1 1203
2 3300
2 2268
1 1875
1 2187
1 2620
1 2690
2 2184
2 752
2 2998
1 1052
2 1760
1 1648
2 1265
2 1471
2 2007
1 1553
2 320
1 199
2 2882
2 2215
1 3072
2 1213
2 1761
1 1874
1 2126
1 1734
2 728
1 3006
1 2132
1 1473
2 1337
1 1451
2 1481
1 2679
2 1044
2 2696
1 2599
1 893
1 1480
2 39
1 655
2 298
2 973
2 1414
1 1271
2 1858
2 2731
1 1309
2 186
2 161
2 3046
1 580
2 1501
2 826
2 838
2 3219
1 1810
2 1233
2 185
2 2739
1 2669
2 1823
2 2312
2 368
1 953
2 3280
1 2778
2 1999
1 1301
1 3018
2 803
1 2865
2 2180
1 986
1 2404
1 1577
1 1833
2 239
1 187
2 627
1 1747
2 354
1 3219
2 77
2 3
2 658
2 165
2 2683
2 317
2 2877
2 44
1 1637
1 2689
1 2108
2 2291
2 771
2 137
1 2065
1 3215
1 2792
1 2606
2 1028
2 8
2 1665
2 2822
1 546
1 2607
2 441
2 3007
1 845
2 568
2 1912
1 1090
2 1971
2 1515
1 125
1 1453
1 947
2 1520
1 2025
1 2859
1 2158
1 1380
1 2479
2 2586
2 519
1 675
1 322
1 5
1 525
2 222
2 1513
2 3217
2 2705
2 2976
2 1902
1 2675
2 2074
1 2059
1 1217
1 1042
2 1868
1 2817
1 2265
1 3267
1 2135
1 1196
2 454
2 1079
2 2460
2 3008
2 48
2 764
1 2575
2 2928
2 2676
2 537
2 1361
1 2806
1 1534
2 2020
1 289
1 45
2 1050
2 2311
2 1004
2 1198
2 2463
2 1910
2 926
1 2955
1 955
2 1464
2 2220
1 1282
2 1723
2 572
1 299
2 1494
2 3053
1 2811
2 2581
1 71
1 2873
1 3226
1 900
1 2730
2 402
2 2515
2 65
2 235
1 3116
1 2485
1 1345
2 1269
2 3028
2 992
2 2716
1 3029
2 3032
1 2389
1 2592
1 643
1 1585
1 1561
1 2800
2 1687
2 2345
2 2037
1 1937
1 2603
1 2858
1 1607
1 75
1 2339
1 3286
2 2881
1 1156
1 704
2 1727
2 1503
1 2463
2 1720
1 1794
2 2139
1 1171
1 2044
2 3229
2 311
1 1923
2 150
2 2322
2 2972
1 2559
2 469
2 1228
2 2399
2 1777
2 233
1 359
1 823
2 306
1 1024
1 446
2 2733
2 2472
1 88
2 2554
2 431
2 245
1 3026
2 1350
2 1919
2 1277
1 3168
1 2468
2 2639
1 1017
1 2796
2 267
1 1783
2 2069
2 1739
1 2920
2 1559
2 1896
1 366
2 345
2 768
2 1010
2 2102
2 3245
1 2438
2 3272
2 2755
1 1776
2 2204
2 747
2 1540
1 3264
1 819
1 347
1 1276
1 468
1 1411
1 1151
1 2282
2 2678
2 1799
1 268
1 497
2 851
1 3075
2 2298
2 2741
1 528
2 2649
2 2846
1 1455
1 1764
2 1518
2 276
2 1968
1 2156
1 2194
2 2125
2 2655
1 1003
2 1548
2 1822
1 2542
1 3263
2 2224
2 66
1 272
2 804
2 2841
2 2468
1 2427
1 819
2 1867
1 528
2 1094
2 3240
1 991
1 2793
2 3058
1 475
1 1155
1 2849
2 2578
1 2510
2 2209
1 379
2 181
2 2228
2 1512
2 1746
2 450
2 1469
1 2429
2 164
2 2271
2 651
2 1769
2 2278
1 1546
1 3178
1 2570
1 1755
2 2027
2 1280
2 1369
2 1942
2 834
2 2623
2 1160
1 2786
2 1927
2 2608
1 68
1 415
2 1678
2 1610
1 2892
1 1053
1 1973
2 3050
2 346
2 2572
1 1327
1 783
2 33
1 2567
2 2245
1 941
2 2056
2 2196
2 486
2 2210
1 2654
2 87
1 2637
1 485
2 300
1 3064
1 2865
1 621
2 704
1 1269
2 1160
1 1750
2 78
2 2808
1 2681
2 1594
2 925
2 557
1 480
1 479
1 607
1 848
1 1809
1 3232
1 873
2 3248
1 2761
1 1129
1 1554
1 1450
1 2280
2 2998
2 38
1 1214
1 2220
1 270
1 2690
2 703
1 3222
1 1504
2 1598
1 3135
1 370
2 1767
2 3174
1 1189
2 2166
2 2601
2 1771
1 1899
1 460
1 111
1 1925
2 913
1 2458
1 1722
2 2941
2 854
2 2073
1 2818
2 833
2 1988
2 550
2 1672
1 2137
1 1454
1 1151
1 1241
2 835
2 842
1 915
1 1876
2 369
1 108
1 909
2 2805
1 1394
1 153
2 430
2 1543
2 2612
2 477
1 1197
2 1260
1 2967
1 2814
1 1621
2 2850
2 2884
1 1892
2 1180
1 35
2 3130
2 2764
1 1087
2 820
1 584
2 642
2 2540
2 3166
2 1709
1 2704
1 1659
1 2063
2 1788
1 1226
2 3217
2 1161
1 2485
2 517
1 1606
2 3012
1 1372
1 1381
2 2981
1 2476
1 2294
2 1415
2 2440
2 1280
2 410
1 765
2 2036
1 598
1 579
1 3247
1 1608
2 136
1 2989
1 502
2 1090
2 2155
1 141
1 3096
1 1792
2 1916
1 314
1 556
1 1
1 956
1 2472
2 311
2 2127
1 1192
1 2877
2 1165
1 1033
1 2759
2 2142
2 1063
1 446
1 859
2 1526
1 1007
2 1919
2 2880
1 2587
1 1412
2 498
2 3077
2 1652
2 662
2 42
2 2708
1 1719
1 318
2 2588
1 1588
1 1190
2 414
2 2422
2 2017
2 250
1 756
1 815
1 2465
1 2961
2 2465
1 1040
2 9
1 1302
2 1140
1 2760
2 800
2 112
2 899
1 1043
1 1765
1 958
2 1338
1 2802
1 2872
2 3068
1 2414
1 170
1 7
1 1402
2 1981
1 2083
1 2764
1 671
1 1456
1 363
2 1044
2 1353
2 1847
2 521
1 1735
1 238
1 2068
1 2829
1 1967
1 1416
2 794
2 3125
1 2375
1 1915
2 1276
2 1015
1 3182
2 218
2 1178
2 400
2 1351
1 897
1 2573
1 2141
2 229
2 938
1 1619
1 2134
1 122
2 1829
1 79
1 86
1 3176
2 2483
2 2019
2 1474
2 2400
2 1231
1 1436
2 1506
1 1054
2 1153
2 1762
2 843
2 543
1 2143
2 429
1 2759
1 1181
2 1081
2 1623
1 2585
1 2034
2 698
2 1402
2 935
2 2888
1 1166
2 999
1 1945
2 986
1 440
2 3035
2 3131
1 759
2 693
1 994
1 561
1 847
2 1901
2 637
1 2031
2 894
1 2785
1 1944
2 1728
1 1325
2 1045
1 3270
2 1137
1 2638
1 2766
1 15
2 3213
1 506
2 1146
1 3056
2 1185
2 645
1 349
2 301
2 1770
2 2481
2 437
2 171
1 2489
1 2548
1 810
1 1220
2 363
1 2341
2 642
2 27
1 2278
1 811
2 2694
1 955
1 949
1 1391
2 548
2 2089
2 1034
2 2648
2 1701
1 2232
1 2812
2 1689
1 1743
1 1246
2 703
1 1163
2 1626
1 993
2 1790
1 1035
1 2124
1 1146
1 2883
1 2168
1 535
1 559
1 2978
2 645
2 237
2 2191
1 1011
2 2962
1 1489
1 220
1 996
2 1467
2 2672
1 1038
1 829
2 1691
1 213
1 2627
1 3235
1 659
2 303
2 982
2 2452
2 954
2 1582
2 926
1 2791
2 730
2 1144
1 3179
1 2847
1 1714
2 2886
2 1493
1 304
2 3115
2 2732
1 2195
1 2175
1 1424
2 348
1 1409
2 419
1 1749
2 2351
2 2284
1 527
2 3147
1 936
2 1575
2 3048
2 886
1 2380
2 119
1 1900
2 32
2 2572
1 2618
2 544
2 2244
2 2772
2 501
2 98
1 2597
1 2122
1 1012
2 2793
2 40
1 340
2 316
2 1907
1 2923
2 2060
2 823
1 1668
1 1207
1 569
1 2996
1 2124
1 347
2 921
1 1699
1 3169
2 1093
1 274
1 1104
2 3102
1 1459
2 1410
1 2013
2 2105
1 3119
1 1288
1 2680
1 3256
1 1403
2 2090
2 1918
1 2057
1 2151
2 841
1 877
2 540
2 542
2 271
1 1148
2 3122
1 2486
2 2178
2 281
2 620
1 3122
1 2943
1 2595
2 2871
2 1087
2 1570
2 424
1 2497
2 1008
1 1362
1 2491
1 3231
1 1135
2 2199
1 545
1 1537
2 266
2 160
1 1351
1 3093
1 6
2 2886
1 1180
1 1870
2 1519
1 1633
1 2232
1 1052
1 1845
1 593
2 1766
2 3024
2 2854
1 1658
1 2247
1 1001
2 575
1 1575
1 635
1 594
2 1415
1 312
2 107
1 2424
1 598
2 1876
1 902
1 2365
1 2593
2 1804
1 1965
1 3100
2 2229
2 2294
2 76
2 1948
1 706
2 2448
1 2488
1 3193
1 284
2 1509
1 2497
2 1806
2 1238
2 1247
1 2190
2 2409
1 2257
2 1914
2 3294
2 1420
2 911
1 648
1 1256
2 3184
2 2537
1 1030
1 3154
1 953
2 1168
1 1253
1 474
1 828
1 1381
1 90
2 1030
2 1784
1 1002
2 2216
2 448
1 1316
2 531
2 400
1 2574
2 2527
1 1478
2 2437
2 1863
2 2091
1 30
2 1775
2 2834
2 809
2 2099
2 983
1 1984
2 228
2 1374
1 2406
1 3084
2 173
2 456
1 2015
1 1056
1 601
1 1609
2 1528
2 2915
2 2438
2 2574
2 368
1 2362
2 2862
2 1334
2 3210
2 410
1 2242
1 2309
1 2145
2 2373
2 3243
2 3197
2 2443
1 1393
1 1043
1 256
1 1300
1 1353
1 2447
1 1350
2 533
2 2133
2 329
1 2328
1 2939
1 1557
2 1418
2 1682
1 1913
2 1868
2 2658
1 2795
2 2854
2 2693
2 1602
2 1281
1 3166
2 2777
2 2720
2 2891
2 2701
1 879
2 2203
2 949
2 2844
2 1853
1 2650
2 470
1 1252
1 1358
1 2815
1 414
1 2354
2 297
2 1808
2 729
1 2792
1 2160
1 294
1 1974
2 979
2 1783
2 1773
1 3123
1 778
2 3241
1 1757
2 1911
1 931
2 731
2 2299
2 264
1 1688
1 2954
1 1985
1 34
2 429
1 1909
2 2982
1 2451
1 2571
2 426
2 246
2 1912
1 2672
1 1225
2 2664
2 1689
2 1535
1 49
2 1059
1 357
2 127
2 1532
1 2789
2 26
2 2345
1 1731
2 137
1 47
1 3298
1 2890
1 154
1 343
2 1432
2 1602
1 2607
2 724
2 48
1 508
2 710
1 2671
2 486
2 2991
1 356
2 1691
1 1879
2 1667
1 772
1 2600
2 2885
2 2515
1 1293
2 668
1 2798
1 1098
1 3259
2 1558
2 2360
2 488
1 502
2 2317
1 763
2 434
1 1663
2 2562
1 2685
2 729
1 1806
1 2992
2 802
1 498
2 2641
1 1755
2 1542
2 1639
2 197
1 796
1 2179
2 2131
1 1397
2 869
2 3185
1 589
1 3139
1 417
2 3294
1 1744
2 3280
2 3269
1 195
2 1611
1 883
1 1579
1 2426
1 2576
1 2613
1 2407
1 2830
1 2694
2 552
1 1200
1 3292
2 1365
1 2042
2 985
1 95
2 619
1 695
1 1459
1 1965
1 2700
1 1485
1 688
2 490
1 1396
1 3282
2 315
2 725
1 718
2 582
1 3107
2 2579
1 294
1 1739
1 2970
1 1024
1 2625
1 1417
2 3148
1 2530
2 1621
1 2720
1 461
2 3189
2 3027
2 244
1 2860
2 1166
2 325
1 1878
2 314
1 2604
1 1531
1 2308
2 900
1 816
2 2783
1 1443
1 3083
2 1379
1 600
1 935
2 3132
2 665
1 2428
1 1253
1 2014
1 3181
2 1204
2 2921
2 1055
2 2192
2 13
1 625
2 427
2 1428
2 542
2 1434
2 471
1 1458
1 1647
2 1009
1 1705
2 1656
1 3278
1 2881
1 929
1 145
1 1612
2 1040
1 707
2 513
2 3041
1 604
1 3047
1 2246
2 1484
1 2246
1 1708
1 2789
2 1461
1 2388
2 531
1 240
2 1999
1 983
1 2621
1 770
2 937
2 2629
1 1278
1 2513
2 2999
1 2216
2 1992
2 3156
1 596
1 1641
1 91
2 1943
2 862
1 1073
1 132
1 2660
2 1565
1 2055
1 1829
1 3105
1 2535
1 2624
2 727
1 441
2 340
1 2653
2 1522
1 1947
2 12
1 2454
2 1119
2 2290
2 2304
1 2634
2 2619
1 647
2 117
1 1303
2 2159
2 798
1 2702
1 1176
1 511
2 1231
2 2982
2 1505
1 68
2 2204
2 508
1 2302
1 1834
1 783
1 1872
2 1609
1 673
1 716
1 969
1 167
1 2543
1 445
1 1038
1 2390
1 2002
2 266
1 2897
2 1111
1 3267
2 504
1 2367
2 19
2 2452
2 2177
2 594
2 1475
2 2303
2 3007
1 556
1 2700
2 3067
2 62
1 2071
2 1182
1 326
1 2344
2 2782
1 2776
1 2393
1 2330
2 3083
1 3076
2 1995
2 1639
2 1457
2 3240
1 2285
2 1790
1 2609
1 2086
1 1243
2 974
1 2742
1 120
1 1754
1 2979
1 2103
1 904
1 167
1 153
1 2972
2 99
2 1920
2 3152
1 964
1 434
1 1048
1 3090
2 1330
2 779
1 2195
1 1411
2 2456
2 365
2 2563
1 3169
1 2977
2 931
1 700
1 242
1 84
2 2715
1 818
1 2473
2 1433
2 1957
1 1049
2 2726
1 1085
2 3133
1 2702
1 361
1 3005
1 530
1 2989
2 1067
2 563
1 2021
2 769
2 1086
2 1699
1 2987
1 2665
1 705
2 139
2 1501
1 633
2 403
1 1419
2 334
1 1401
2 2852
1 2013
2 445
1 319
2 2885
2 2301
1 447
2 278
2 1638
2 1802
2 3284
2 210
1 253
1 264
1 678
2 2808
1 767
2 1702
1 937
2 1457
1 1646
1 21
2 1604
2 2661
1 2534
2 2299
1 510
2 1807
2 413
2 3164
2 379
2 362
1 1437
1 2474
2 1348
2 2770
2 2419
1 1074
2 727
1 1291
2 922
1 2725
2 2875
2 1815
2 1628
1 2840
2 633
2 2484
2 2903
2 1319
2 511
1 2687
1 1307
2 1946
1 491
2 1039
1 193
2 1547
1 2415
2 2816
2 4
1 110
2 2667
2 1757
2 1730
2 2874
1 3020
2 1278
1 232
1 1797
2 1624
1 587
1 507
2 1549
1 1251
1 1386
2 20
2 385
1 2254
1 421
2 2623
1 2659
2 2930
2 2457
2 2410
1 1720
2 1028
1 520
2 169
2 1135
2 1514
1 237
1 2416
2 2926
2 269
2 749
2 2603
2 2051
1 2718
1 2229
1 2837
1 391
1 2863
2 3298
2 1981
2 558
1 694
1 583
2 3177
2 1869
2 944
1 2592
1 1898
1 1966
1 147
1 2553
1 1948
2 3175
2 3065
1 349
1 2859
2 1822
1 235
1 1041
2 1059
1 1793
1 3044
2 1413
2 2828
1 1701
1 1855
2 3106
2 716
1 1076
2 709
2 132
2 781
2 140
1 1555
1 3196
2 1520
2 981
1 2080
2 2064
1 1796
1 1320
1 3073
1 1751
1 1973
1 31
2 1543
1 915
2 1753
1 2240
2 2931
2 1924
1 1237
2 2909
2 1123
2 1311
2 1735
1 1176
1 518
1 2325
2 1249
2 2089
2 464
1 3277
2 2423
2 3171
2 1371
1 1653
2 792
2 1219
1 1294
2 2986
2 2633
2 3097
2 1983
2 1632
2 36
2 1834
1 1654
1 34
1 817
2 2361
1 661
1 3192
1 1131
1 202
2 514
1 1800
2 530
2 713
1 228
2 2505
1 358
2 577
2 2434
2 2114
2 994
2 2771
2 2763
2 1172
2 2176
1 3055
1 959
2 1376
1 526
2 1426
1 2126
1 1668
2 2241
1 1485
2 1385
1 1641
2 2995
1 28
1 184
2 147
1 1793
2 1795
1 1213
1 753
1 2460
2 2177
1 1773
1 46
2 1524
1 284
2 2698
2 2950
2 907
1 2224
1 1209
2 2049
2 2699
1 337
1 580
2 1049
1 2692
1 793
2 240
2 3098
2 1567
1 2883
1 2210
1 2378
2 2787
2 3130
2 3234
1 597
2 1332
1 3039
2 2813
1 1032
2 2728
1 590
2 2260
1 1255
1 1230
2 1617
1 57
1 2265
2 2843
2 433
1 2254
2 2867
1 1001
1 323
1 1118
1 1817
2 2878
1 3006
2 1438
1 2775
1 1814
2 1698
2 2377
2 2398
1 942
2 653
2 2329
1 1140
1 200
1 2423
1 1277
2 527
1 2758
1 917
2 2713
2 2033
2 2973
2 1407
2 2855
2 100
1 3099
1 2032
2 1524
2 3230
1 2842
2 1233
2 1300
1 2966
2 323
2 2014
1 610
2 2545
2 1583
1 1521
2 2785
2 1677
1 2045
2 1392
2 2964
1 2748
1 2757
2 192
1 1292
1 1125
2 879
2 2703
1 3157
2 2545
2 275
1 2385
1 1805
1 3110
2 2750
2 651
2 893
1 793
2 1133
2 1356
1 985
2 3206
1 2153
2 3268
2 3288
2 830
2 1681
2 258
1 551
2 2152
1 2271
1 201
2 1449
2 3205
2 2966
2 786
1 2969
1 1171
2 121
1 2596
1 63
1 175
2 2839
2 2911
1 2604
2 1220
2 223
2 3080
1 258
1 82
1 1279
2 668
1 2276
2 1132
1 32
2 3104
1 3090
1 1480
2 857
2 1704
1 2928
1 1884
2 1517
1 2292
2 669
1 801
2 1109
2 279
2 1304
1 3191
1 2533
1 1500
2 335
1 2017
1 2498
1 2326
1 1838
2 2425
2 1058
1 1553
1 1794
2 2378
2 757
1 576
1 2921
1 1654
2 23
2 493
2 61
2 1843
2 375
1 372
2 1055
2 1149
2 696
2 1983
1 2662
2 1573
1 2199
2 2695
1 3183
1 496
1 1525
1 108
2 897
1 3060
1 130
1 1991
1 1312
2 1497
1 2329
1 597
1 2231
2 2081
2 1144
2 2117
1 1601
2 2382
1 2424
2 3204
2 923
2 1329
2 2257
2 2477
2 1816
1 1934
1 2076
1 864
1 706
2 1182
1 1851
2 522
1 1550
1 862
2 98
1 43
1 2223
2 19
2 1435
2 1920
1 2001
2 2321
2 2584
1 1376
1 1243
2 963
2 2125
2 2256
2 2023
2 717
2 2896
2 1424
1 178
1 2130
2 357
2 1257
1 1538
1 678
1 3251
2 2219
2 2882
1 464
2 2357
2 1157
2 2079
2 2580
1 969
2 3109
2 605
1 2728
2 488
2 902
2 3131
2 561
1 2070
1 1818
2 1367
1 2462
2 951
2 2154
1 529
1 3156
2 367
1 829
1 1706
1 848
2 1708
1 263
1 3102
2 2832
2 1075
1 1645
2 330
1 593
1 2396
1 2626
2 3191
1 174
2 1809
1 196
2 2926
2 3192
2 3014
1 1495
2 144
2 90
1 2267
2 114
1 1239
2 1789
2 649
2 2444
1 144
2 974
1 1318
1 1341
2 1544
1 1930
1 839
2 1786
2 1970
2 2870
2 3261
2 2043
2 2687
1 2990
2 1862
2 69
1 1680
2 2040
2 1091
2 2698
1 1302
2 2205
2 1240
2 3058
2 525
1 2833
1 2839
1 549
1 2432
2 1074
1 1631
1 1491
2 2347
1 1359
2 1338
1 1291
1 84
2 1685
1 2402
2 2462
2 1313
1 2055
2 1889
2 1088
1 2686
1 2745
2 2373
1 436
2 2745
2 2691
2 1780
1 29
1 2974
1 1283
2 928
1 1354
1 1607
1 2994
1 1349
2 1172
2 3045
1 1799
1 735
1 905
2 2691
1 1170
2 213
1 190
1 1283
1 2429
1 2685
1 1956
2 810
2 2553
1 2945
2 1093
1 1762
2 1324
2 1843
2 2864
1 2315
2 389
1 1622
1 1128
2 3112
2 901
1 1593
1 709
1 395
1 2964
1 44
1 2200
1 2476
2 382
1 2557
1 2942
2 2112
2 1510
2 2165
2 1433
1 1100
2 2655
2 2588
1 1968
2 2858
1 890
1 891
1 1126
2 916
1 939
1 790
1 1634
2 2238
1 2535
2 3153
1 2226
1 3128
2 2641
2 1596
2 3279
2 1529
1 1162
1 1779
1 3212
2 2346
1 2727
1 2461
2 2085
1 478
1 355
1 1486
2 2147
2 1331
1 1557
2 2911
2 2369
1 2372
1 2688
2 2499
2 552
1 2435
1 54
2 1434
1 2283
2 1221
2 711
1 3031
2 2633
1 1923
2 2677
2 1316
2 1375
1 1933
2 644
1 1662
2 1978
2 1315
1 2234
1 2064
1 1487
2 1454
2 309
2 1873
2 696
1 998
1 1953
2 2512
1 1930
2 2455
1 3220
1 353
2 3001
2 3092
1 1958
2 1788
1 2281
2 1167
1 1969
1 2646
1 740
1 1746
1 821
2 686
2 2297
1 3125
1 2434
2 659
2 1271
2 299
1 1586
1 3236
2 818
1 2601
2 1462
2 270
2 2945
1 997
1 3208
2 226
1 373
2 2121
2 22
1 1245
2 1056
2 2744
1 2193
2 1953
1 3286
1 2166
1 405
1 2736
2 3223
1 2024
2 1846
2 572
2 722
2 2194
2 2755
2 230
1 224
1 1116
1 870
2 988
2 2053
2 930
1 146
1 1286
1 1673
1 892
2 59
1 591
2 1777
1 3272
2 1816
2 2536
2 2337
1 1235
2 2876
1 2149
2 1130
1 2769
2 1692
2 1042
1 2094
2 2289
2 2489
1 2506
2 652
2 836
2 1118
2 3000
2 1838
2 59
2 1453
1 2067
1 2187
2 233
2 1150
2 3266
1 367
2 640
2 1577
2 3227
1 2522
1 1184
1 621
1 2589
2 536
2 860
2 1252
2 3253
1 3069
2 1223
1 1184
2 295
2 3292
2 2012
2 2994
2 2650
2 1486
1 2352
2 2324
2 2098
1 1250
1 127
1 1270
1 1884
2 1401
1 2004
1 1908
2 1964
2 1774
2 2430
1 443
2 1722
2 2222
2 1297
2 541
1 1991
1 1533
2 1748
2 551
1 1354
1 2953
1 752
1 947
1 423
1 728
1 3086
1 432
1 292
2 646
2 1064
2 1702
1 1685
1 1616
1 529
2 2814
2 2140
1 2050
2 771
1 1121
2 3074
2 1791
1 3036
1 308
2 791
1 814
1 3237
2 1921
2 981
1 2182
2 2404
2 794
2 1683
1 126
1 2495
1 2134
2 1672
2 1085
2 916
1 2093
2 2550
1 2047
2 683
1 2705
2 1737
1 3222
1 566
1 3232
2 2446
2 1138
2 2979
2 1713
2 1389
1 477
2 332
1 1078
2 2435
2 1890
1 1556
1 1569
2 3064
1 2719
1 1137
1 562
2 623
1 2164
2 977
2 2663
2 1380
2 1259
2 79
2 3179
2 73
2 3262
2 2381
1 2750
1 2825
1 2363
1 797
1 1508
1 1545
2 1078
1 2106
1 2781
1 1523
2 2148
1 3188
2 1470
2 2356
2 567
2 2367
2 2948
2 788
1 611
1 2638
1 702
1 56
2 351
2 550
2 125
1 1305
1 1021
2 1247
2 2262
2 2944
2 1569
1 29
1 215
2 1605
1 2914
1 2145
2 2912
1 2494
1 578
2 260
1 1686
2 2867
1 2217
2 216
1 1296
2 1564
1 2726
1 2522
1 1070
1 424
1 18
2 2136
2 3151
1 2387
1 399
2 3299
1 2714
1 1877
2 804
2 3042
2 1208
2 1801
1 2445
1 3041
2 1121
1 1498
2 903
1 82
1 2913
2 2528
2 1637
1 415
2 2371
2 2631
2 220
1 3050
2 1301
1 1832
2 2287
1 3279
2 1431
1 110
2 3128
1 492
1 221
2 1442
2 1066
1 1202
1 1136
1 3112
2 2670
2 2213
2 1089
2 733
1 2184
1 2334
2 3186
2 1839
2 190
1 697
2 3185
2 2002
1 2731
1 2046
2 2230
1 987
1 2667
1 120
1 283
1 401
1 1787
1 188
1 2237
1 2296
1 1366
1 2365
2 698
2 1113
1 2988
1 3003
2 2765
1 940
1 639
1 243
2 1070
2 3021
2 2374
2 341
1 691
1 1195
1 1417
2 2887
1 617
1 2092
2 2799
1 1177
1 884
2 484
2 2566
2 1895
2 3074
2 3295
2 2851
2 3080
1 855
1 1296
2 3106
1 1062
2 152
2 2053
1 2605
1 2218
2 2610
2 2506
2 1458
1 1339
1 1349
1 2336
1 24
1 1926
2 1377
2 2406
1 337
1 116
1 822
1 1419
1 238
1 724
1 1710
1 731
1 534
1 773
2 544
2 2684
2 2551
1 2614
1 1201
1 3134
1 1775
2 1938
2 1738
2 11
1 2313
1 517
1 1324
2 1825
2 1866
1 3151
2 3162
2 3230
2 247
1 1429
1 2315
1 2816
2 1939
1 3291
1 2416
2 1217
1 2009
2 1614
1 2237
2 2910
2 1539
2 1257
2 145
2 2202
2 1119
2 1894
2 277
2 3255
1 1571
2 1679
2 2016
1 1582
1 3001
1 1272
2 2568
2 2516
1 2298
2 3273
2 3238
1 2341
2 490
1 467
2 2421
2 2411
1 1018
1 500
1 2838
2 2001
2 2968
2 1420
1 142
1 1709
2 1357
1 1404
2 2988
1 2318
1 1883
2 2067
1 2121
2 1064
1 1519
2 1525
1 156
2 717
1 2028
2 908
2 962
2 2475
2 2776
2 1399
2 896
2 3049
1 3134
1 2004
1 1274
2 500
1 1906
1 837
1 2498
1 2659
2 1634
2 371
2 2727
2 1929
1 1648
2 302
2 350
2 1127
2 2660
2 1310
2 2005
1 1448
1 2590
1 201
1 1344
1 1170
1 1666
1 2645
2 702
2 1657
1 2052
1 2467
2 609
1 2879
2 2118
2 741
2 2490
1 1803
1 2653
2 1544
2 1488
1 1173
1 2622
1 76
2 2682
1 1391
1 682
1 1824
2 2717
1 1393
2 2821
2 3268
2 526
2 428
2 963
2 3042
1 1274
2 1073
2 1581
2 250
1 1031
1 1848
1 1254
1 2703
1 2670
2 1155
2 115
2 58
2 2540
1 603
2 1860
2 958
1 2006
1 3290
2 2504
1 3204
2 1069
1 1158
1 355
2 2225
1 485
2 371
1 2602
1 1259
2 2066
1 1745
1 2496
2 1468
1 690
1 2249
1 652
1 831
2 1286
2 1477
1 1281
2 1583
2 2771
2 2382
1 2990
2 3257
2 2226
1 1975
2 1175
2 3202
2 1946
2 693
2 515
1 1591
2 761
2 2856
2 1245
1 721
2 2891
2 1266
2 1361
1 1159
1 268
1 1559
1 1753
2 1240
2 1122
1 1207
1 1611
2 462
2 700
2 482
2 2546
2 1143
1 888
2 873
2 521
1 198
1 568
2 308
1 184
1 662
1 3183
1 403
1 2734
2 1902
2 672
2 2302
1 2050
1 865
2 734
2 1410
2 3086
1 2556
2 321
1 214
1 382
2 1225
1 2005
1 369
2 366
1 2503
2 2870
2 775
1 646
2 2879
1 866
1 2269
1 2334
2 904
2 3164
2 447
1 1719
1 2565
1 404
1 2062
2 631
1 1703
2 867
2 2392
2 1022
2 3195
1 402
1 1726
2 398
1 534
2 1258
1 1406
2 2077
1 1273
1 2092
2 3271
1 2363
2 1165
2 2573
1 1195
2 2158
1 2815
1 2364
1 1482
1 2086
2 2723
2 2076
1 2495
2 2386
2 1566
1 2936
1 2652
2 1307
2 3141
2 468
2 10
1 795
1 1463
2 1358
1 1359
2 2062
1 1681
2 769
2 1223
1 679
2 2118
2 2321
2 684
2 1505
2 1029
1 3079
2 2088
2 1658
1 361
2 3118
1 2022
2 1993
2 2555
2 1851
1 1232
1 2471
2 317
2 89
2 1985
1 914
2 3173
1 3062
2 505
1 788
2 2743
1 1831
2 1642
1 1749
1 2349
2 1556
2 3216
1 1613
2 2530
1 1537
2 3276
2 1194
2 1164
1 2288
2 2923
2 503
1 3027
2 1061
2 1562
1 882
2 1819
2 3040
2 782
2 2236
1 2087
1 615
2 1026
2 81
2 2768
1 1499
2 959
1 1677
1 216
2 1508
1 6
2 2722
2 2992
1 631
1 2205
1 31
1 118
2 3163
1 828
1 1203
1 2135
2 133
2 770
2 1337
1 5
1 1862
1 1767
1 1378
1 1313
2 583
2 784
2 81
1 707
2 995
2 1819
2 1854
1 11
2 657
2 2163
1 3037
2 126
1 3243
1 2802
2 1712
1 352
2 1987
1 3033
2 2531
1 227
2 841
2 91
1 2023
1 3008
1 2270
2 2440
1 2300
2 40
2 943
2 973
1 2479
1 2986
2 2316
1 2582
2 1363
1 1047
2 2780
2 799
2 1425
2 1714
2 2395
1 3159
2 664
1 1971
1 2740
1 2272
2 33
2 2211
2 1624
1 3093
1 2353
2 2129
1 574
1 2811
1 753
2 3170
2 3165
2 2739
2 151
2 388
2 1963
2 2419
1 1025
2 1058
1 1837
2 1952
1 1586
1 1782
2 754
1 632
2 739
2 1397
2 93
1 2626
2 786
2 306
2 229
1 3145
1 1724
2 1651
2 2449
2 1335
2 941
2 2223
1 2065
2 1979
2 636
1 3139
2 3142
1 3049
2 895
2 1513
1 1578
2 1115
1 2242
2 2924
1 2491
2 1507
2 677
1 1695
1 919
2 732
1 2048
1 995
2 1446
2 1826
1 1343
2 236
1 119
1 1813
1 380
1 1475
1 189
1 1627
1 1421
1 287
2 2074
1 2258
1 420
1 2192
1 2906
1 1718
2 966
1 3045
1 3172
2 723
1 1969
1 573
1 87
2 2306
1 182
1 1323
1 2182
1 218
2 1600
1 946
1 1108
2 1134
2 109
1 1407
2 476
1 3104
2 1098
2 2039
1 112
1 1563
1 962
1 1010
1 858
2 339
1 53
1 2399
2 2933
2 3095
2 2709
2 2684
2 376
2 77
2 2862
1 1199
1 1994
1 2803
1 3249
2 1492
1 460
1 107
2 1693
2 2861
1 972
1 2115
1 1294
1 1900
1 760
2 22
1 16
2 459
2 425
1 2262
2 336
2 2250
1 1364
2 1344
1 1428
1 1270
2 275
2 2804
1 2492
2 2849
2 1713
2 1465
2 512
1 685
2 183
1 192
1 839
1 1733
1 444
1 2275
1 3228
1 1961
2 3087
2 919
1 858
2 1845
1 883
1 252
1 590
1 1635
1 86
1 1866
1 3174
2 2481
2 2729
1 734
2 2445
2 560
2 1102
2 3101
2 2163
1 223
1 2747
2 2383
2 2567
1 549
2 2502
2 960
1 1578
1 2347
2 2036
2 276
1 844
2 3265
1 718
1 2096
1 634
1 1373
1 73
1 474
2 177
2 37
1 1940
2 1712
1 2717
2 2093
2 3154
2 2636
1 2251
2 674
2 1046
2 1071
2 50
1 2114
1 1650
1 1479
2 3252
1 1646
1 532
1 2735
2 1921
2 1347
2 1880
1 3297
2 2483
2 1188
1 2908
2 932
2 1625
1 3117
1 55
1 2663
2 2834
2 520
1 386
1 307
2 1319
2 47
1 2502
2 102
2 1951
1 2897
2 3177
1 738
2 1371
2 2589
2 333
1 154
2 2587
1 831
2 1952
1 1004
2 296
2 386
1 787
2 2697
2 596
1 1620
2 613
2 70
2 565
2 1855
2 2947
2 2874
2 1769
2 1340
1 1114
2 586
1 217
1 28
2 1022
2 1387
1 2507
2 1640
1 293
2 2464
1 2801
2 2029
2 1945
2 2974
2 2826
2 1463
2 476
1 2466
2 1772
2 2198
2 1629
1 1082
1 1528
1 3150
2 1219
2 359
1 3070
2 1813
2 1472
2 408
2 1656
1 813
1 2273
2 2030
2 52
2 129
1 286
1 1000
2 496
2 239
2 3060
2 3092
2 1072
1 2756
2 1099
2 208
1 957
1 2944
1 1752
2 2518
1 1823
1 1760
2 780
2 654
1 1781
2 2919
1 685
1 344
1 1287
2 3229
1 2035
2 2101
2 755
2 2864
2 1456
1 602
2 1185
2 1474
2 3015
1 741
1 1820
2 2946
2 881
2 1622
1 1114
2 3215
1 65
1 2309
1 2059
1 411
1 3296
2 2169
2 850
2 2286
2 251
1 856
1 1956
2 2325
2 691
1 999
1 1742
1 52
2 3009
1 1696
2 1069
2 13
2 232
1 2488
2 1934
1 3124
2 2784
2 2031
2 71
1 303
2 1615
1 1008
2 1747
1 55
2 3250
2 846
2 945
1 2219
1 100
2 1306
1 2022
1 3111
2 2343
1 1201
1 291
1 1592
2 143
1 150
2 2235
1 535
1 1986
2 3094
2 2000
2 954
2 2123
1 825
2 821
1 2097
2 604
2 2775
1 88
1 1017
1 2410
2 2470
2 2668
2 1599
2 2390
2 271
2 1321
1 1468
2 763
2 2767
1 249
1 1267
2 2370
2 2376
2 1062
2 2360
2 2493
2 3143
1 383
2 1462
1 2222
2 676
2 2054
2 2201
1 2286
2 1694
1 901
1 1970
2 2111
2 1801
1 2538
2 2904
2 595
1 3194
2 624
1 849
2 1779
2 603
1 1942
1 2800
1 3167
2 2679
2 151
1 2354
1 834
2 695
1 2153
1 616
1 53
1 2266
1 2564
2 779
2 3009
1 2348
2 680
2 2412
2 1036
1 1067
1 910
2 2557
2 1682
2 1759
2 1199
2 166
2 587
1 2580
2 1626
1 136
1 1748
1 908
2 3147
2 1536
1 1864
1 632
1 2594
2 1293
2 2538
2 2304
1 2910
2 1124
2 1772
1 1535
2 2099
1 1077
2 234
1 23
1 2335
2 2959
2 1547
2 3047
2 960
1 343
2 2025
2 392
1 3289
1 66
1 936
1 2688
2 2071
2 2127
2 3188
2 2263
1 114
2 3262
2 578
2 886
2 197
1 274
1 1716
1 562
1 2331
1 2593
2 2084
1 3199
1 227
1 2227
1 2049
1 984
1 2621
1 1669
1 975
1 961
2 442
2 475
2 766
1 827
2 747
1 255
2 2884
1 874
2 814
1 880
2 1663
1 449
1 3159
1 875
2 131
1 2026
2 1020
2 1827
1 1828
2 2100
2 2539
2 1212
1 1599
2 305
1 3244
2 252
2 1187
2 2504
1 1795
2 2747
2 2411
1 1565
2 948
1 3296
1 2508
1 2016
1 1715
2 1786
2 2091
2 2477
1 1379
1 409
2 1992
1 885
1 2959
1 3023
2 3082
1 1732
2 1744
1 1959
1 444
1 2941
1 2630
2 2591
2 1601
2 1342
1 1836
2 3089
2 244
2 2332
1 751
2 1870
2 2272
1 2856
2 913
2 1886
1 2415
2 2526
2 2078
1 3079
1 1957
1 2903
1 67
1 3224
2 2430
1 554
2 635
2 2558
2 3063
1 1112
1 2432
2 389
2 2519
1 3171
1 2823
2 1604
1 3275
2 773
2 1670
1 782
2 3239
1 1136
1 2122
1 2682
2 1763
1 1072
1 171
1 339
1 822
2 1427
1 2018
1 451
2 2283
1 3249
1 667
2 759
2 2453
1 971
1 1642
2 3194
1 286
1 970
2 358
2 2740
1 2120
1 2234
1 1697
1 689
1 2376
1 280
1 487
1 1754
1 1229
1 2499
1 878
1 1084
1 2107
1 1110
1 1915
1 407
2 3157
2 2024
1 1888
2 1373
1 2937
1 2753
2 1584
2 1928
2 1717
2 221
2 664
2 211
2 2523
1 767
1 1498
1 388
1 1635
2 1311
2 2681
1 2692
2 1901
2 222
1 2057
1 2751
2 1016
2 2952
1 472
2 2421
2 2819
1 3028
2 1169
2 1821
1 2357
1 38
2 746
2 2835
1 1631
1 2852
1 397
1 2264
2 1310
2 2405
2 2818
1 2642
2 1700
2 3076
1 3163
2 1139
1 2119
1 1732
2 2765
1 1071
2 2558
1 2823
2 927
2 1370
2 2795
2 1363
1 342
1 2340
1 99
2 932
1 2827
2 1190
1 2797
2 2550
1 3052
2 1159
1 113
2 1704
1 162
1 1333
1 2843
1 2980
2 553
1 64
2 630
2 1193
1 1142
1 1804
1 176
1 1590
2 1529
2 1589
1 2887
1 2715
2 3078
2 3081
1 200
2 16
2 744
2 640
1 3088
2 1383
1 432
1 2549
1 2324
2 808
2 506
2 3208
2 1962
2 1177
1 3270
2 2436
1 2403
2 1998
2 2950
2 965
1 433
2 2389
1 1404
2 328
2 327
1 3261
2 1674
1 2724
2 2651
1 2752
2 2751
1 697
2 888
1 2644
2 1483
1 1096
1 776
1 2077
2 1216
2 1652
1 2707
1 3252
2 746
2 2575
1 1730
2 2259
1 2809
1 3069
1 1375
1 2763
1 1000
2 2513
2 70
1 455
1 1018
2 442
2 2249
1 1951
2 437
1 1913
2 3054
2 2189
2 301
2 2007
2 3146
1 3108
1 1684
2 1352
2 3165
2 558
2 867
1 278
2 149
2 2790
1 2812
1 331
2 41
1 2676
2 2500
2 2640
1 942
2 2599
2 426
2 289
1 1966
1 1268
2 663
1 2449
2 3201
1 1782
1 2144
1 2409
1 1340
2 203
1 1084
1 2889
2 877
2 1150
2 2408
2 365
1 934
1 3297
2 454
2 2842
1 1854
1 3088
1 3150
1 293
1 1742
2 1989
1 37
1 1587
2 2305
1 94
2 78
1 699
1 1512
1 310
2 2327
2 3135
1 2953
2 1820
1 2333
2 2239
1 1533
1 3203
2 1871
2 3265
1 138
2 2563
2 2011
1 3046
1 1339
1 3161
2 1145
1 384
1 1262
1 620
1 732
2 1532
2 3289
1 2316
1 575
2 890
1 2551
1 2752
1 2527
2 333
2 1148
2 2742
2 14
1 2521
1 2068
2 1092
2 117
1 1737
1 2181
2 2899
1 798
1 2027
1 3201
1 538
1 3127
1 2983
1 2997
2 1972
1 1315
1 2689
2 1731
2 181
2 180
2 1483
1 701
1 187
1 1676
1 2045
1 1899
1 2922
1 1736
2 3285
1 390
2 1341
2 519
2 1346
2 2274
1 254
2 2644
2 3172
2 1138
1 2450
1 1572
1 2275
1 2169
2 2977
2 473
2 212
1 2352
2 2101
2 785
2 97
2 1246
2 3061
2 1729
2 1764
1 2583
2 2873
2 1897
1 1405
1 128
1 1540
2 1959
2 3225
2 298
1 588
2 2610
1 375
1 2724
1 1534
2 2019
1 1430
2 1707
2 2500
2 1825
1 757
1 2933
2 2608
2 3237
1 1802
1 803
1 3182
2 3129
1 405
1 297
1 1080
1 946
2 3089
2 670
1 1756
2 3065
1 714
1 1511
1 2385
2 1100
1 2971
2 2803
1 2935
2 478
1 1871
1 3207
2 1676
2 1297
2 2282
2 880
1 469
1 898
2 1192
1 2501
2 1789
2 2323
2 1896
1 96
1 889
1 1832
1 241
2 555
1 283
1 1368
2 690
