600 5000
1 117
1 139
1 223
1 13
1 221
2 67
2 140
2 206
2 133
2 259
2 81
1 12
2 238
2 135
1 108
2 11
1 269
2 75
1 186
2 52
2 289
1 139
1 231
2 169
2 164
1 192
1 78
2 207
1 295
2 237
2 219
2 277
2 35
2 62
1 187
1 195
1 59
2 68
1 73
1 71
1 296
1 4
1 279
2 211
2 94
2 220
1 271
1 233
1 270
1 269
1 171
2 196
1 234
2 50
2 105
1 91
2 227
1 274
1 261
1 130
2 172
1 246
1 292
2 55
2 242
1 134
2 263
2 193
1 39
2 53
1 160
2 97
1 60
2 181
2 211
2 178
1 9
2 3
2 114
2 154
1 140
2 275
1 110
1 11
2 62
2 87
2 44
2 168
2 245
1 124
2 288
2 262
1 239
2 95
1 264
2 220
1 205
2 29
2 247
1 289
2 232
2 272
2 34
1 91
1 297
1 126
2 213
1 167
2 79
2 64
1 21
1 132
1 141
1 285
2 90
1 226
2 174
2 254
1 149
2 224
2 128
1 224
2 25
1 103
1 204
1 268
2 243
2 69
1 259
1 65
1 179
1 252
2 101
1 113
2 158
2 192
1 2
1 295
1 201
2 279
1 141
2 22
2 298
1 240
2 271
1 263
2 202
2 280
1 294
2 72
2 260
2 25
2 190
2 155
2 276
1 266
2 148
2 249
2 112
1 146
1 209
2 297
1 208
1 39
2 280
1 235
2 160
1 99
1 253
1 198
1 273
2 265
1 47
2 52
2 57
1 8
1 111
1 155
2 182
2 185
2 21
2 87
2 138
2 275
2 129
1 226
1 32
1 60
1 169
2 232
1 161
2 243
1 43
1 14
1 249
1 267
1 79
1 244
2 129
1 181
2 156
1 100
1 159
2 257
1 42
2 189
1 136
2 56
2 153
1 177
2 125
2 221
1 72
2 127
2 68
1 24
2 287
2 163
2 71
1 144
1 219
2 209
2 82
2 104
2 253
1 46
2 210
2 272
2 119
1 157
1 49
1 251
1 236
2 75
1 32
1 85
2 51
1 20
1 95
2 23
1 26
2 29
1 200
1 282
2 201
1 291
2 191
2 225
2 109
2 45
1 299
1 145
2 124
1 215
2 213
2 10
1 85
1 216
2 115
2 231
2 206
1 154
1 118
1 173
1 102
2 172
2 171
2 33
1 268
2 164
1 94
2 26
1 128
1 74
2 194
1 27
2 59
2 70
2 250
1 55
2 77
1 89
1 45
2 222
1 1
1 108
2 20
1 115
2 281
1 86
2 123
2 36
1 27
1 83
1 217
2 293
1 184
2 195
2 266
2 267
2 123
1 230
1 136
2 37
2 176
2 162
1 83
1 180
2 229
1 63
1 121
1 284
2 9
2 81
1 88
2 245
2 117
1 61
2 248
2 38
1 261
2 19
1 241
2 294
2 282
1 298
1 15
2 3
2 222
2 116
2 152
1 212
2 66
2 183
1 16
1 238
1 205
1 111
2 35
2 182
2 178
2 70
1 223
2 107
1 216
1 19
1 285
2 144
1 122
2 133
1 122
2 44
2 13
1 204
2 28
1 202
2 106
1 151
1 287
2 147
1 104
2 54
2 103
2 34
2 286
1 251
1 150
2 300
1 41
2 242
1 180
2 84
2 276
2 300
1 146
2 187
2 248
2 130
2 194
2 67
2 63
1 126
2 283
2 6
1 175
2 247
2 38
2 290
2 43
1 120
2 188
2 197
2 252
2 23
1 161
2 147
2 99
1 73
1 30
2 256
2 290
2 212
2 291
2 165
2 96
2 156
1 215
1 153
2 113
2 18
2 244
1 114
1 101
2 74
2 37
2 33
1 273
2 14
2 49
1 40
1 230
2 278
2 257
1 167
2 16
1 110
1 191
2 127
2 288
2 47
2 173
2 258
1 229
2 256
1 228
2 293
2 7
1 175
1 236
2 299
2 254
1 234
1 239
1 264
2 265
2 203
1 278
1 184
1 53
1 31
1 218
1 218
1 168
2 12
2 17
2 76
2 240
1 86
2 274
1 137
2 89
2 112
1 92
2 134
2 150
2 98
1 56
2 149
2 125
2 165
2 186
1 203
2 179
2 207
2 277
1 185
1 121
1 36
1 235
2 78
2 163
1 286
1 77
2 5
1 241
1 237
1 183
1 64
1 145
2 270
2 208
1 138
2 188
1 92
1 217
2 189
2 176
1 102
2 228
1 177
2 292
1 214
1 58
2 255
2 50
1 170
2 132
1 118
2 109
1 142
2 200
2 166
2 151
2 30
1 174
2 65
2 88
2 137
2 107
2 1
1 15
1 40
1 82
1 255
1 48
2 119
1 98
1 42
2 162
1 210
2 148
2 96
2 7
1 198
2 58
2 197
2 5
1 8
1 80
2 54
1 190
2 6
2 66
2 284
1 260
2 31
2 28
1 143
2 250
2 283
1 225
1 159
2 93
2 41
1 18
1 4
1 10
1 2
1 227
1 166
1 262
1 24
1 69
1 90
2 17
2 281
2 106
1 76
1 135
2 100
2 57
2 199
1 93
1 61
1 196
1 46
2 116
2 97
2 199
2 80
2 193
1 22
2 233
1 131
2 157
1 105
1 142
1 258
2 296
2 158
2 131
1 170
2 120
2 84
2 48
2 246
2 51
1 152
2 214
1 143
