600 2000
1 95
1 273
2 148
1 220
2 238
2 20
2 178
1 297
2 67
1 59
1 86
2 247
1 212
1 193
1 51
2 278
2 230
1 185
1 227
2 164
1 65
1 213
1 69
1 49
2 59
2 249
2 255
2 146
1 27
1 151
2 125
1 63
2 44
2 55
1 216
1 70
2 148
1 52
1 269
1 82
2 25
2 17
2 105
2 239
2 257
1 13
2 62
1 7
1 144
2 284
1 128
2 94
1 44
2 230
2 239
2 101
1 120
2 186
2 124
1 193
2 133
1 46
1 113
1 237
1 135
1 20
1 61
2 209
2 211
1 13
2 243
2 194
2 176
2 284
2 78
1 118
2 228
1 234
1 67
1 87
1 98
2 99
1 245
1 106
1 48
1 71
2 50
2 23
1 141
1 300
1 130
2 112
2 31
1 135
1 234
2 187
2 241
1 95
2 274
2 197
1 229
1 136
1 280
1 282
1 131
1 32
2 240
2 290
1 60
2 121
1 236
1 214
1 82
1 3
1 117
2 170
2 153
1 9
1 8
2 22
1 281
2 168
2 24
1 199
2 207
2 157
2 275
2 121
1 198
1 26
1 53
1 295
2 128
2 72
2 217
1 251
1 177
2 109
1 280
1 161
1 264
2 174
2 93
1 150
2 149
2 191
2 70
2 79
2 268
1 262
2 299
1 171
2 17
2 281
2 156
2 252
2 115
2 213
1 53
1 129
2 133
1 293
2 41
2 246
1 41
2 158
2 210
1 55
2 112
2 68
1 291
2 277
1 238
1 28
2 182
1 18
2 183
2 79
1 269
2 205
2 202
1 86
1 282
2 163
1 263
1 99
2 217
1 298
1 65
1 19
2 270
2 35
2 227
2 102
2 266
1 4
2 275
2 111
2 151
1 142
2 155
2 131
2 147
2 221
1 143
1 249
1 262
2 202
2 226
2 144
1 116
2 69
2 81
2 2
2 110
1 30
2 9
1 100
1 258
2 19
1 80
2 1
1 100
2 120
2 278
1 214
1 16
1 162
1 119
1 274
1 265
1 226
2 23
1 90
1 279
1 138
2 14
2 138
1 101
1 38
1 169
2 46
2 152
1 242
1 105
2 294
1 109
2 285
2 184
1 18
2 197
2 173
1 168
1 207
1 11
1 176
1 84
1 229
2 15
1 242
2 235
2 201
2 190
2 143
2 266
2 194
1 54
2 40
1 1
2 198
2 160
2 43
1 224
1 295
2 39
1 208
1 218
1 6
1 98
2 57
2 260
1 92
1 276
2 96
2 235
2 195
2 145
1 219
1 122
2 12
1 192
1 164
1 61
1 181
1 88
2 167
1 64
1 257
2 107
2 223
2 188
1 108
1 283
2 268
1 80
2 58
1 149
1 126
2 220
1 273
1 42
2 56
2 201
2 127
2 153
1 215
2 237
1 224
1 125
1 272
1 259
2 157
2 253
1 253
1 33
2 102
1 188
1 33
1 60
1 233
2 292
1 154
2 156
1 192
2 177
2 225
2 2
2 142
2 91
2 29
1 45
1 48
1 182
2 114
1 158
2 63
2 175
2 134
2 204
1 34
1 107
2 92
2 77
2 167
2 4
1 248
1 166
2 225
1 264
2 89
1 88
1 270
1 47
1 132
2 179
1 152
2 254
2 287
2 232
2 277
1 263
2 114
1 289
2 228
2 171
1 279
2 271
1 244
2 288
1 106
1 94
2 196
1 27
1 37
2 49
2 36
2 298
1 155
1 108
1 14
2 218
1 66
1 289
2 286
2 211
2 255
1 205
2 159
1 127
1 96
1 74
1 15
2 132
1 215
1 139
2 145
1 165
1 252
2 75
1 243
2 103
1 180
1 162
2 134
2 146
2 76
2 246
1 22
1 231
1 51
2 54
2 296
1 256
2 271
1 5
1 30
2 163
1 159
1 84
1 250
2 81
1 40
2 122
1 296
2 129
2 267
2 5
1 261
2 64
2 195
2 173
2 293
1 31
2 222
1 130
1 209
1 7
2 231
2 77
1 136
2 258
2 113
1 206
2 37
1 286
2 245
2 267
2 183
1 75
2 140
2 3
1 299
1 221
1 111
2 181
2 116
2 126
2 68
2 137
1 35
2 137
2 85
1 208
2 16
2 21
1 283
2 97
1 91
2 45
2 216
2 210
1 62
2 189
2 32
1 43
2 154
1 42
2 244
1 124
1 222
2 219
2 73
2 85
2 97
1 83
1 26
2 259
1 172
2 147
1 241
2 10
2 285
1 21
2 36
2 276
1 24
1 50
1 232
2 186
2 160
1 150
1 104
1 25
2 178
2 93
2 73
2 236
1 256
1 117
1 72
2 287
1 10
1 272
1 212
2 240
2 233
2 250
1 185
2 118
2 166
1 123
2 161
2 119
2 206
2 165
2 29
2 66
2 172
2 110
2 297
2 290
1 292
2 47
2 87
1 247
2 39
2 78
2 175
1 90
1 174
2 12
1 6
2 261
1 169
2 190
1 104
2 74
2 254
2 139
1 57
1 260
1 203
1 83
1 300
1 291
2 265
2 204
2 141
1 294
2 200
1 8
2 187
1 89
1 203
1 34
2 191
2 196
2 180
2 223
1 288
1 251
2 123
1 71
2 56
2 248
1 28
1 11
2 189
2 200
1 170
1 103
1 199
2 140
1 52
1 58
2 76
2 184
1 38
1 179
1 115
