6600 6500
2 2619
1 3197
1 731
1 1013
1 2265
2 143
1 2583
1 894
2 2484
1 2320
1 2932
2 624
2 718
1 3072
1 1096
1 1172
2 3059
2 1085
1 3051
1 1647
1 1923
2 2554
2 2120
2 51
2 2277
1 2030
1 3187
1 2777
2 1067
1 2331
1 403
2 306
1 2984
2 1495
1 2413
1 2996
1 2490
2 1985
1 679
2 3044
1 3228
1 455
1 3190
1 1350
2 2335
1 1262
1 2896
1 3017
2 716
1 1209
2 1032
2 2565
2 1395
2 1971
1 2979
2 2082
1 2987
1 1813
2 2639
1 615
1 2444
1 1545
2 2967
1 2693
1 3268
2 2434
2 392
1 2150
1 2952
1 2725
1 2038
1 2157
2 405
1 2707
1 943
2 389
2 1396
2 86
2 739
1 1804
2 3244
2 1223
2 1021
2 2211
1 532
1 1626
2 696
2 20
1 2711
2 2482
2 2480
2 2377
2 254
2 2767
1 1159
1 1559
2 1311
2 118
1 234
2 2898
1 1193
2 2718
1 81
2 2072
2 2253
2 2609
1 2351
1 1787
1 3194
2 3235
1 3039
1 147
2 1526
1 3042
1 1871
1 2452
1 1377
2 1300
2 1109
1 1840
2 819
2 1914
1 1510
1 2728
1 3008
1 2111
2 957
1 1035
1 123
2 1454
2 2074
1 2359
2 1590
2 3252
1 3299
1 503
2 1515
1 1695
2 2992
2 1215
2 2131
1 1983
2 1030
2 919
2 810
1 1053
2 2975
1 2507
2 2157
2 1570
2 2934
2 820
2 3113
2 998
1 1712
1 975
2 2769
1 756
1 516
1 1688
2 3075
2 328
2 2589
2 604
2 596
1 2713
1 1001
2 299
1 3140
1 862
1 2234
2 2117
1 1884
1 1896
2 2597
1 2149
1 1980
1 2692
2 590
1 691
1 2012
1 1157
1 421
1 1704
2 187
1 70
2 2295
2 2176
1 2407
1 233
1 2084
1 1139
1 1988
1 2201
2 3233
1 451
1 3173
1 2627
2 3223
2 2070
2 1295
1 559
2 773
2 1525
2 1269
1 1573
1 1248
2 2238
1 108
2 238
1 246
1 97
2 1743
1 369
2 2
1 576
1 794
2 1376
2 2557
1 1795
2 71
1 2674
2 225
2 864
1 12
2 775
2 2919
2 683
2 2887
2 741
1 1276
1 2845
1 1654
2 3238
2 2147
1 636
1 2982
2 1837
1 1090
2 1457
1 655
2 2356
2 1074
2 201
2 871
1 1424
1 2843
1 1912
2 1897
2 2087
1 2283
1 3121
2 1357
1 2722
2 1846
1 2133
1 258
1 1491
1 2510
1 911
2 387
2 1736
1 1266
2 2167
2 1803
2 506
2 575
2 1331
1 2347
2 2849
1 2516
2 2388
2 3006
1 3264
1 659
2 2886
1 481
2 1554
2 562
2 907
1 1518
2 2234
2 541
2 1360
1 883
2 1471
1 2717
1 174
1 1711
2 2110
2 1826
2 2293
2 2576
2 1620
1 1687
1 830
1 127
1 2923
1 2388
1 759
2 1080
2 660
1 791
1 1929
2 3156
2 1479
1 2329
1 1018
1 3240
1 1779
1 3208
1 1802
1 3085
2 2839
2 2686
2 3024
1 2701
2 2066
2 2012
2 3021
1 277
1 1327
1 1763
1 1137
1 111
2 972
2 2741
2 2048
2 23
2 1427
1 3163
1 1491
1 322
1 898
2 752
1 1168
2 3122
2 530
2 3138
2 407
2 2296
1 199
1 2846
1 1071
1 2719
2 1243
1 870
1 84
2 1401
2 2592
1 1661
2 967
2 1653
2 3026
1 449
2 2419
1 2724
2 2799
1 1250
1 1883
2 2755
1 2311
2 2867
2 2815
2 2001
2 2041
1 2499
1 18
2 1324
2 693
2 1240
1 1268
2 223
1 2098
1 3222
2 2766
2 396
2 672
1 2059
1 546
2 1431
1 2504
1 1009
1 1798
1 93
2 856
2 2766
2 2031
2 752
1 1055
2 3188
2 2917
2 2068
2 166
1 876
1 1523
2 2420
2 2436
2 2457
2 169
2 1934
1 301
1 2373
2 2855
2 1341
1 399
1 2864
2 2625
1 1603
1 848
2 27
1 1237
1 2075
2 491
2 3290
2 170
2 538
2 413
2 1343
1 2804
1 2874
1 3120
1 2168
2 955
2 1238
2 2279
1 372
2 156
1 2060
1 1525
2 1267
2 2092
2 2637
1 338
2 61
2 3294
1 2662
2 101
1 1306
1 2831
2 2357
2 1765
2 321
1 2224
2 2409
2 2261
1 1153
2 1900
1 1144
1 378
2 2172
1 1887
1 705
2 1309
1 3135
1 3028
2 2742
2 353
2 2421
2 2866
1 343
2 1049
2 2959
2 973
2 2008
1 2464
1 1291
2 3098
1 2984
1 2116
2 2689
1 1258
1 1111
1 2148
2 1313
2 1453
1 2335
1 1853
2 2392
2 2061
1 2963
2 2542
2 2109
2 1427
1 2141
1 2802
1 286
1 1671
1 3149
1 3071
1 1599
1 1690
2 750
1 172
1 2563
1 3013
2 200
1 908
2 2330
1 2771
2 246
2 1724
1 1687
2 136
1 1781
2 1822
1 2340
1 3192
2 1822
1 3119
1 1325
1 915
2 1935
2 379
1 2902
2 3242
1 2072
1 885
1 1845
2 1490
1 1741
2 749
1 2617
1 2906
1 1010
2 390
1 1821
2 1814
2 1966
2 2126
2 175
1 1575
1 2724
1 113
1 2795
2 2985
2 1593
2 1866
2 1408
2 3052
1 1387
2 2182
2 575
2 1527
2 2536
2 3275
1 1376
1 1197
1 1013
2 565
1 1703
1 1030
2 2150
1 1430
2 2678
1 78
2 661
1 879
1 1185
1 3196
1 2800
1 348
2 589
2 2764
1 2846
2 349
2 2263
2 3132
2 816
1 142
2 1856
2 2897
1 1236
2 1492
1 443
2 2041
1 42
1 2202
2 1171
1 325
2 1059
1 2333
2 1354
2 1522
2 393
1 1100
2 212
1 1574
2 1302
2 1197
2 2044
2 2658
1 1504
1 2291
2 1707
1 1193
2 2654
2 1995
1 746
2 1539
2 1393
1 2807
2 652
2 3168
1 2199
1 1440
1 2257
1 367
1 3117
1 439
1 2196
1 1096
2 1104
1 610
1 276
2 1120
2 2268
1 102
2 931
2 724
1 1915
1 2890
1 2077
2 1138
2 509
1 944
2 1976
1 2661
1 2477
1 2645
2 756
2 968
1 1056
1 560
2 1155
2 519
1 2482
1 241
1 723
2 279
2 2736
1 880
1 3038
2 224
2 2125
2 1600
1 1079
2 1547
1 905
2 1279
2 1024
1 520
2 2887
1 681
2 595
2 1359
2 2206
1 668
2 289
1 1701
1 1589
2 1978
2 2872
1 1932
1 1792
2 3218
1 1219
2 2930
2 2973
1 3002
1 400
2 3276
1 598
2 1498
1 1867
1 1010
1 2601
1 1146
2 1234
2 2523
2 1353
1 2756
1 554
1 961
1 1904
2 2951
1 269
2 2862
1 2747
2 610
1 215
1 1811
1 1839
2 1405
1 439
1 2319
2 785
2 2210
2 2967
2 1452
1 2305
1 1330
1 1429
2 1541
1 592
1 1811
2 2352
2 420
1 1683
2 193
1 104
2 2682
1 1192
2 2981
2 3076
1 257
2 1034
1 1026
1 1055
2 1421
1 120
2 2612
1 2961
2 2640
1 674
1 1580
2 68
2 2164
2 1859
1 1095
1 558
2 890
2 1025
2 552
2 737
2 3297
1 1187
1 1344
2 2336
1 2039
2 1256
2 1463
1 656
1 578
1 1398
2 1038
2 3254
1 2746
2 2758
2 2312
2 1614
2 1892
2 771
1 2415
1 2199
1 1230
1 1852
1 164
1 513
2 2304
1 505
1 1645
1 2045
1 929
1 570
1 196
1 860
1 1183
1 2024
1 2757
2 2529
1 1298
1 1252
2 1105
2 2130
1 557
1 1438
2 2663
1 153
2 1048
2 2019
2 2663
1 882
1 2734
2 2617
1 690
2 2201
2 1977
1 2633
2 3285
1 1549
1 628
1 1075
2 1820
1 2972
1 444
2 1183
1 1568
2 1365
2 2452
1 461
1 2908
2 2877
1 431
1 2272
1 1924
2 779
1 2221
2 689
2 1886
2 673
2 2241
2 1903
1 11
1 810
2 2869
1 682
1 2299
1 1609
1 2315
2 88
1 94
2 1165
2 582
2 2782
2 36
1 2363
2 1885
1 449
1 3211
1 2591
2 110
2 1568
2 989
1 2624
1 2933
2 2467
1 1751
1 2462
2 569
2 2359
1 909
2 1518
2 1796
2 3019
2 1603
2 2885
2 1261
2 3255
2 1649
2 2722
2 1311
1 3218
2 2305
1 551
1 770
2 2032
2 2976
1 2763
2 2080
2 1729
2 585
1 2723
2 2038
2 1447
1 2816
1 874
1 3299
1 2549
1 1904
2 255
2 1775
1 481
1 2788
1 2263
2 2413
2 1436
2 2590
1 950
1 1937
1 3109
1 3198
2 2775
2 2918
2 1244
2 1154
1 1685
1 854
1 635
1 341
1 3224
1 1312
1 1201
1 1957
1 1253
1 998
2 2935
1 1056
2 1805
1 2913
1 3223
2 2067
2 1342
1 2491
2 2441
1 1821
1 1466
1 1714
1 1907
1 460
2 445
1 1844
1 536
2 3272
2 2052
2 1921
2 2322
1 412
1 917
1 1807
2 1633
1 381
2 3095
1 1435
1 538
1 946
1 1758
1 1838
2 2197
2 3168
1 2052
2 2566
2 2556
1 1616
1 570
1 3075
1 2260
1 987
2 1190
1 2360
1 2537
1 1184
1 3036
1 2615
2 2453
2 1998
1 3144
1 1678
1 1037
1 383
2 1808
1 2939
1 634
1 330
1 6
2 2216
2 1745
2 2817
1 2730
2 1156
1 871
1 415
2 444
2 484
2 932
1 3023
1 2139
2 2437
1 287
1 309
2 99
2 634
1 1189
2 709
2 3137
2 2106
1 1251
1 2218
1 1991
1 1793
1 2398
2 1576
2 2393
2 1410
1 2999
2 1761
1 1268
1 2755
2 446
1 1883
2 972
1 2198
2 2237
1 601
2 1042
2 1975
1 388
1 2099
1 2308
2 79
2 1470
2 968
1 2424
2 1134
2 2385
2 3248
1 942
2 100
1 2962
2 3179
2 2763
2 715
2 676
1 3259
2 1205
2 2236
2 1397
2 1493
2 1552
2 406
1 670
1 85
2 436
1 1495
1 3284
1 2759
2 588
1 316
1 3220
1 886
2 1843
2 2156
1 990
1 207
1 985
2 3006
2 3212
2 2644
2 1384
1 1778
2 100
1 3189
1 1444
1 252
1 2553
2 2127
1 3236
1 341
2 2281
2 380
1 1617
2 1919
1 2553
1 820
2 290
1 1927
2 1619
1 1507
2 397
2 1653
2 2672
2 3214
1 944
2 1068
1 2383
1 2020
2 96
1 2609
1 1020
2 2415
1 1011
1 2174
2 735
2 1582
1 225
1 3163
1 3070
2 2453
2 1680
1 859
1 2702
1 3087
1 2457
2 1528
2 201
1 2898
2 1773
1 853
1 374
1 1953
2 3116
2 226
1 549
1 55
1 895
1 2649
2 2014
1 1656
2 2608
2 502
1 1880
2 602
1 3263
1 342
2 3105
2 1121
1 749
2 1174
1 2178
2 2422
2 464
2 125
1 94
2 500
1 1524
1 55
1 404
1 1944
2 1069
2 146
1 1537
1 1506
1 2873
1 2593
1 2419
2 2527
2 2085
2 3182
2 1913
2 2958
1 888
1 13
2 833
2 2510
2 1226
2 2476
1 357
1 1519
2 111
1 1295
1 1898
2 2142
1 2778
1 1864
1 3170
1 2076
2 2927
1 2781
1 599
1 2241
1 1206
1 863
1 1834
1 1487
1 3229
1 747
2 9
1 2502
2 360
2 9
2 344
1 2943
1 1292
1 821
1 1483
1 1335
1 2632
2 2524
2 878
2 493
2 1646
2 3191
2 1986
2 550
2 2945
2 1634
1 1646
1 3114
1 601
2 1050
1 1053
2 542
1 801
2 3102
1 2749
1 1009
1 42
2 1849
1 3259
2 1245
2 2955
1 1832
1 146
2 829
2 137
1 2010
1 2930
1 2765
2 2016
2 2098
1 3250
2 978
1 211
2 3237
1 3178
1 3040
2 2169
2 1219
1 19
2 3130
1 3054
1 2360
2 3037
2 1218
1 2288
2 2182
2 1103
1 1066
2 2188
2 2468
1 1288
1 669
2 2642
2 645
2 366
2 754
1 351
2 1726
1 677
2 1750
2 435
2 253
1 580
2 3120
2 2384
2 1973
2 1147
2 725
1 1885
1 664
2 122
2 1699
2 3088
1 2244
1 2828
2 2314
2 2275
2 149
1 2379
2 1503
2 311
1 2621
1 2408
2 757
1 678
2 476
1 2690
1 1776
1 1917
2 1640
2 2578
1 3194
2 2414
1 3239
2 2068
2 2644
1 2749
2 2810
2 3272
2 2556
2 3077
2 707
2 1377
1 1685
2 1916
2 85
1 1963
1 267
2 2647
2 1002
1 732
2 849
2 1221
2 249
2 2545
2 3015
2 2300
1 1416
1 1644
2 2721
1 2460
2 2007
2 250
2 3152
2 1208
1 178
1 1098
2 10
1 183
2 418
1 1546
1 1400
2 3270
2 631
2 3248
2 1561
1 1058
1 1222
2 2344
1 609
2 1078
1 1488
2 3038
1 2847
1 499
1 547
2 2466
1 2547
1 217
2 340
1 2507
2 1343
2 670
2 3076
2 2019
1 1736
1 990
1 2397
2 2827
1 796
2 721
1 910
2 1909
2 1323
2 1664
1 1918
1 640
2 643
1 2732
2 1062
2 1098
1 1996
2 3058
2 1747
1 2973
2 1036
2 490
2 1877
1 2021
2 3022
1 1005
2 386
2 2728
1 522
2 1955
2 2901
1 550
2 2163
1 1299
2 1354
1 210
2 1420
1 2411
1 2382
2 2928
2 76
2 3010
2 2213
2 2999
2 675
1 2540
1 2666
2 3231
2 1782
2 1553
1 2228
2 1734
1 1849
1 2729
1 2021
1 1497
1 2875
1 3130
2 134
1 2760
2 2882
1 2781
2 70
1 2356
2 2626
1 363
1 974
1 261
1 3070
2 1260
1 1050
2 1775
1 1920
1 991
2 2578
1 3087
1 2459
2 3131
1 1249
2 2104
2 329
1 1319
1 1999
1 104
1 1649
2 2569
2 1754
2 1523
2 385
2 1014
2 1580
1 872
1 2506
2 2674
1 2623
2 1159
2 1781
2 509
2 2960
2 71
2 59
1 504
1 389
2 1000
2 360
1 1302
2 571
2 1677
2 1211
2 1092
1 1578
2 1306
1 1650
2 1207
2 2971
1 1145
1 2324
2 2033
2 1241
1 1060
1 933
1 619
2 2616
2 1644
2 788
2 1085
2 587
2 1168
2 2258
2 2883
2 2678
2 921
1 1162
2 2899
2 2078
2 2550
1 3033
2 315
2 1974
1 2280
2 2681
2 1425
1 2104
2 1465
2 2726
1 3221
1 2417
2 181
1 1031
2 2733
1 2049
2 2025
1 626
2 1333
1 2500
2 2792
1 177
1 712
2 78
1 2806
2 1607
2 806
2 1008
1 2811
2 1146
1 697
2 2462
1 1137
2 3192
1 1675
2 2200
2 2876
2 313
2 924
2 1034
2 2173
2 2534
2 1489
1 1935
1 3111
2 370
1 248
2 3298
1 38
2 1700
2 1287
1 2090
2 2855
2 2704
2 1064
2 74
1 2785
1 323
1 2262
1 2495
1 388
2 1573
2 632
1 484
1 2737
2 3121
1 912
1 376
2 1886
2 546
2 2122
1 2225
2 734
1 3294
1 2002
1 83
2 1102
1 2573
2 1494
2 1527
2 3011
1 1201
2 2323
1 709
1 3103
2 2583
1 787
2 1878
2 1730
1 1452
2 2310
1 618
1 66
1 561
1 2847
1 1114
2 1773
2 2764
2 1595
2 534
1 2348
2 1713
2 772
2 769
2 653
2 207
1 398
2 594
2 475
2 1974
1 249
2 595
1 1561
1 327
1 2165
2 728
2 380
1 153
1 1307
1 2003
2 496
1 2194
1 2630
1 796
1 1363
1 152
2 262
1 195
2 2653
2 3128
1 885
1 3112
2 1280
2 1805
1 203
2 2513
1 64
2 2812
1 2767
2 1862
2 2341
2 457
2 1231
2 2709
1 743
1 3149
1 2974
1 1738
1 2843
2 3128
1 1458
2 367
1 999
2 1844
1 1624
2 5
2 1928
1 1380
2 2178
2 824
1 2309
2 2539
1 2402
1 1143
1 903
1 1397
1 1692
2 190
2 718
1 1399
2 1955
2 2914
1 1029
1 183
2 1876
1 848
1 586
1 1818
2 1669
1 231
1 3193
2 1211
2 2437
2 3007
2 639
2 548
2 845
1 1200
1 518
2 1690
1 150
1 2571
1 2023
1 429
2 424
2 2380
2 1808
1 2995
1 1740
2 2934
1 2172
2 801
2 2164
1 1163
1 1322
1 1838
2 56
1 2699
2 2746
1 1840
1 2349
1 679
2 971
2 2494
2 400
2 3
2 1707
1 2772
2 311
1 238
1 1638
2 2863
1 1130
2 2745
2 1378
1 66
1 1283
1 963
1 3125
2 2525
1 1382
2 3083
2 2370
1 1977
1 951
1 300
1 579
1 3142
1 3167
1 3225
1 393
1 1419
2 2497
2 1135
1 797
2 106
1 2970
2 657
1 1814
1 25
2 2965
1 2529
2 125
1 2042
1 186
1 2958
1 1164
1 585
1 2401
2 710
2 3002
1 1072
2 617
2 1704
1 1417
1 1282
1 2857
1 780
1 1708
2 1507
1 2788
1 1668
1 224
1 1290
2 2813
2 354
2 1041
2 248
2 1816
2 2407
1 218
2 1776
2 1718
1 1293
1 1433
1 2301
1 2636
1 822
1 1124
2 2942
2 144
1 2486
2 2181
2 2290
2 1940
1 1007
2 498
2 2512
2 2015
2 274
1 2381
2 2355
2 1868
2 2539
2 948
1 2951
2 2364
2 319
2 60
2 5
2 2739
2 2232
2 701
2 3074
2 1866
1 2416
2 2530
2 127
2 448
2 3203
2 1622
2 2460
1 2364
2 2378
1 2991
1 1140
1 1660
2 2091
1 527
1 3072
2 274
2 209
2 2679
1 2831
1 1309
1 1748
1 1303
1 908
1 2794
2 2432
1 3014
1 2861
2 2262
1 2906
2 268
1 1993
1 1134
1 511
1 414
1 627
2 1689
2 916
2 695
2 521
1 1754
2 3270
2 92
1 867
1 495
2 2668
2 1036
1 2974
1 230
2 2750
1 1410
2 1236
1 2031
2 2229
2 2298
1 828
1 3080
1 1799
2 2794
1 3252
1 182
1 3053
1 1795
1 1011
1 3031
2 867
1 3118
2 50
2 442
1 2503
2 2618
2 2768
2 3189
1 2638
1 3244
2 774
1 1221
2 3234
2 163
2 861
1 265
2 2268
1 455
1 375
2 1443
2 3227
2 1556
2 1227
2 743
2 795
2 1908
1 1738
2 1992
1 346
1 3169
2 1508
2 960
1 292
2 608
1 3052
2 2329
1 1564
1 2508
1 1272
2 2362
2 1442
1 1504
2 2290
2 1856
1 1760
1 1719
2 1823
1 753
2 1906
2 1008
2 318
1 1052
2 2580
2 2269
2 1434
1 87
1 3078
2 3269
1 2465
1 405
1 3261
2 64
2 1207
2 978
1 2397
2 2660
1 1246
2 1117
1 1196
2 2715
1 893
2 1774
2 289
2 1273
2 2493
2 554
2 3132
1 2196
2 2212
2 2126
2 1514
2 2171
2 1439
1 1611
2 3205
2 628
1 2981
1 1070
2 2163
2 2542
2 2652
1 294
2 1994
2 3230
2 1341
1 205
2 1533
1 309
2 25
2 1817
1 726
2 1938
2 3059
2 662
2 2495
1 2614
1 2304
1 2190
2 2579
1 2574
2 466
2 3171
1 1517
2 2816
2 925
2 1719
2 925
1 2297
2 2825
2 2649
1 1911
1 1032
1 1642
1 1241
1 2101
2 3247
1 2155
2 1588
2 920
2 686
1 590
1 2526
1 2834
1 497
2 2252
2 1320
2 232
2 1522
1 140
1 2786
1 2258
1 2069
2 876
1 2264
1 3219
1 2504
1 2183
1 1953
2 1678
1 1213
1 2179
2 2925
1 875
2 1624
1 1429
1 1869
1 2615
2 1562
1 2493
1 2646
1 2587
1 2606
1 282
1 2456
2 2193
1 614
1 1587
2 1930
2 842
1 2691
1 514
2 1301
2 1220
1 2218
1 726
2 2935
1 1659
1 1797
2 2734
1 2293
1 1600
2 671
1 1042
2 1214
2 1578
1 2405
2 1182
1 1771
1 2570
2 3200
2 3291
1 2582
1 1135
1 1358
1 1654
1 2623
2 2400
2 2050
2 2016
1 2833
1 840
1 537
1 2810
1 2964
1 1025
1 656
1 1308
2 654
1 1052
2 798
1 2637
1 1720
2 2108
2 2931
2 2517
1 3124
1 2077
1 3019
1 2550
1 1045
2 3008
2 3214
2 597
1 2162
2 945
1 2047
1 2380
2 870
2 1860
2 804
2 719
1 1908
1 2803
1 1789
2 2920
2 256
1 1851
1 2429
2 2398
2 2611
1 849
1 703
1 1723
2 2257
2 2406
1 155
1 2442
1 1019
2 2629
2 2832
1 2459
1 2962
1 573
2 2565
1 79
1 272
1 2246
1 2641
2 2146
2 2695
2 1045
1 524
2 523
2 3293
1 2977
2 1824
2 402
2 3300
2 2762
1 1373
1 267
1 603
1 2321
2 1194
2 2819
1 1169
2 1569
1 2162
2 2284
1 3166
1 2541
1 2616
2 2321
1 2834
1 143
2 1118
2 132
2 3029
1 2581
1 831
1 2946
2 411
2 1534
1 1007
2 1755
1 661
1 2902
2 3084
1 459
1 1121
1 2467
1 531
1 1745
2 3090
1 2695
1 130
2 348
2 958
2 3067
1 2424
1 2292
1 516
1 1084
1 368
1 527
1 1809
2 642
1 2064
2 1388
1 745
1 2518
2 3133
1 1370
1 1848
1 128
1 2227
2 263
2 2059
1 18
1 401
1 535
1 2768
2 339
2 1110
1 2602
2 180
2 1217
1 2832
1 768
1 1939
2 2243
2 724
2 1184
2 1943
1 1321
1 1369
1 2634
1 3245
2 2748
2 1286
1 850
1 1281
2 1637
2 1194
1 283
1 3106
1 2655
2 1779
1 2848
2 3297
2 2220
2 746
2 2366
2 3211
2 2857
2 526
1 1464
2 2950
1 3110
1 3022
1 3247
2 2534
1 1784
2 1186
2 2789
2 3254
1 3016
1 893
1 271
2 171
2 3090
2 17
2 559
1 352
2 682
1 2514
2 1688
2 2917
2 2426
1 1717
1 2706
2 1716
2 2339
1 3141
1 3058
2 888
1 199
2 2148
1 3159
2 3046
1 696
2 2094
2 1364
2 1961
1 979
2 2307
1 2166
1 1626
2 3145
2 2040
2 369
1 2886
2 1587
1 1797
1 2069
1 837
1 2318
1 1825
2 2313
1 1511
1 1355
2 2009
1 1474
2 1003
2 2097
2 2639
2 734
2 301
2 237
2 2223
2 1296
1 2454
2 1057
2 320
1 1173
1 1865
2 1248
2 72
2 1564
1 3143
1 1971
1 2461
2 1594
2 1092
1 61
2 2667
1 2584
1 3145
2 1993
1 45
1 2929
1 1571
1 2968
1 819
2 1601
2 108
1 450
2 1733
2 1733
2 3086
1 349
2 333
1 528
1 1752
1 2667
1 1952
2 346
1 966
2 1296
1 329
1 1645
1 3000
2 3172
2 556
2 2236
1 3216
1 1579
1 2170
2 2035
2 2004
1 923
1 2822
2 1413
1 3273
2 2228
2 1753
2 2926
2 2563
2 2454
1 240
2 2142
2 2313
1 936
1 3092
2 1450
2 571
2 1026
1 2796
2 2286
1 514
1 2247
1 387
2 2071
2 390
2 2387
1 1275
1 2337
1 959
1 2315
2 268
1 583
2 2006
2 414
1 2858
2 1562
1 2705
1 3061
1 800
1 1871
2 2487
2 881
2 1423
1 1570
2 2524
2 490
1 316
2 2840
1 529
2 1676
2 2900
2 1671
1 3134
1 2366
2 3256
1 1748
2 2675
1 755
1 2055
2 2964
2 145
2 1152
1 1551
1 2856
2 251
2 1165
2 2773
1 2711
2 483
2 2997
1 1020
1 2620
2 956
1 3098
1 2002
2 1723
1 1433
1 2114
2 180
1 424
2 3050
1 62
1 1289
1 2939
1 1047
1 130
2 2970
2 557
1 1039
1 1375
1 1969
1 2559
2 940
1 1284
1 567
2 3043
1 161
1 2660
2 2445
1 1401
2 361
1 1519
2 2123
1 2498
2 755
2 3275
1 928
2 1375
1 3117
1 2979
2 497
1 1571
2 2977
1 2774
2 48
2 2858
1 1740
2 1803
2 1967
2 2025
2 3243
1 136
1 2425
1 1560
1 1150
2 2670
1 1133
1 361
2 727
2 786
1 1215
1 2289
2 1657
1 1200
2 235
1 2838
1 228
1 2090
1 2519
1 2353
2 864
2 3245
1 828
2 3160
2 747
2 480
2 1392
1 2602
2 2891
1 3290
1 830
1 2751
2 1091
1 814
2 1471
2 2405
2 1616
1 1652
2 2572
1 3186
2 3014
2 2320
2 355
2 1058
1 2782
2 714
1 619
2 200
2 1455
1 975
1 442
2 928
1 3083
1 179
2 1426
2 1577
1 1261
2 279
2 422
1 1091
1 1722
1 2852
1 1129
1 669
1 3206
1 119
1 2278
2 1506
2 1800
1 633
2 2880
2 1655
1 1257
1 54
1 2721
2 3191
2 270
1 96
2 1855
2 594
1 2463
1 1596
1 1353
1 232
2 80
1 702
1 902
1 2574
1 1391
2 1210
2 1172
1 1005
1 1229
1 8
1 1674
1 545
1 2786
1 1089
2 2688
1 1565
1 955
2 1946
2 2184
2 1891
1 1555
1 479
1 1592
1 3282
1 1850
2 1990
2 2852
1 410
1 286
1 1390
1 2620
1 3289
2 1992
1 1082
2 3293
2 2107
1 1430
2 2095
2 2472
2 1870
1 76
1 961
2 3071
2 3048
2 1242
1 304
2 618
1 2596
2 713
2 118
2 1060
2 3100
2 2024
2 116
1 2056
1 2948
2 2341
1 2919
1 2354
1 584
1 1000
1 2292
1 630
2 2047
2 2969
2 531
1 884
2 2314
1 528
1 923
2 1044
1 2498
2 1379
2 704
1 951
1 886
1 1721
1 1728
2 312
2 658
1 3175
1 508
1 408
2 1351
1 175
1 629
1 1676
2 47
2 3036
1 3111
2 1708
2 2931
1 2562
2 1265
1 3101
2 1535
2 2248
1 2986
2 577
2 284
2 615
2 793
1 1126
1 1958
1 605
2 1481
2 2588
1 1505
1 7
1 3258
2 22
1 344
2 1120
1 1418
1 3150
2 1567
2 2631
1 3195
1 2152
2 194
1 2399
1 2604
2 300
1 1549
2 3251
2 30
1 336
1 3193
2 1004
1 2343
1 437
1 92
1 3119
2 486
2 512
1 2535
2 39
1 3265
1 1531
1 2440
2 171
2 2776
2 3033
1 1015
1 1889
2 665
2 2358
1 1499
1 1928
2 1480
2 647
1 1393
2 665
2 2093
2 2302
2 2968
1 2474
1 2372
2 761
1 1031
2 2065
1 1887
1 2994
1 3277
2 90
1 1772
2 667
1 2020
2 2532
2 2752
2 327
2 2066
2 791
1 1869
2 2633
2 1486
2 464
2 236
1 2985
2 1879
2 3287
2 825
1 419
2 1860
2 1001
2 1820
2 1288
1 1835
2 1164
1 2378
2 3003
1 2927
1 2776
1 1912
2 1729
1 1449
1 468
2 2114
1 160
2 1760
1 1006
1 2075
1 3015
1 2418
2 2115
2 2177
1 1402
1 1999
1 2383
1 1909
2 3063
2 616
1 922
1 3165
2 3079
1 831
1 418
2 2654
2 1426
2 22
1 356
1 2555
2 1763
2 971
2 2963
2 188
1 1389
2 2384
1 325
2 1780
2 1728
1 572
1 1622
2 2836
1 2969
1 373
1 964
1 3134
2 2167
1 872
1 91
2 2361
2 1422
1 1403
1 736
1 1437
1 2811
1 1090
1 518
1 332
1 1551
1 2988
1 3175
2 107
2 2165
1 757
1 3217
2 296
1 3238
2 1124
1 229
2 37
1 843
2 2952
2 2688
1 614
2 2303
2 2422
2 2932
2 3091
1 2238
1 2116
1 2062
1 2551
1 731
1 2207
1 1255
2 1961
1 2581
2 1227
1 1475
2 786
1 2793
2 1299
2 379
1 1833
2 3060
1 2752
2 1348
2 2328
1 45
1 719
2 1963
1 433
1 336
1 2056
2 576
2 883
2 900
2 1061
1 1606
2 121
1 1123
2 689
2 1381
2 2387
2 2844
2 1239
1 3032
1 1144
2 1544
1 24
2 3077
1 697
1 2133
2 1635
2 1294
1 2523
1 629
2 110
1 284
1 3204
2 524
2 832
1 129
1 57
2 426
1 781
1 2500
2 1149
2 3185
1 685
1 2254
2 3266
1 2506
2 2713
2 2881
1 228
2 155
2 253
1 1512
2 1047
2 1683
1 1827
1 1746
2 2336
2 2910
2 1087
2 1079
1 1334
1 1984
1 1601
2 1347
2 2429
2 1500
2 1336
1 1870
1 1753
1 3253
2 285
2 1592
2 2783
1 2870
1 1423
2 3269
1 1862
2 782
1 394
1 760
2 1142
2 1289
1 3295
1 2260
2 2240
1 977
2 3177
1 1810
1 3222
1 1956
2 1243
2 469
1 359
1 1888
2 1854
1 926
2 1717
1 2251
1 1406
1 2433
1 193
2 2881
2 1972
2 1535
1 1501
1 458
1 1129
1 920
1 2661
1 2589
2 1428
1 1339
1 1612
1 1696
1 3266
2 3267
2 3158
1 3066
1 1725
1 188
2 1270
2 1667
1 3169
2 1846
1 1957
2 3278
2 2536
2 2368
1 2346
2 1767
2 2272
1 803
1 2440
1 1319
1 2483
2 1790
2 3082
2 478
2 3103
2 1149
2 1286
2 767
1 176
2 3289
1 2348
2 2455
2 2516
1 3110
1 879
2 1842
1 1304
1 3009
2 1511
2 65
1 1712
2 247
2 707
1 1566
1 2829
2 1099
2 1455
2 2684
1 954
1 2868
1 2899
2 198
2 3035
2 3220
1 465
1 332
1 3136
2 1632
1 2965
1 1668
2 2088
1 2824
1 2875
2 3208
1 2139
1 777
1 41
2 1922
1 340
1 132
1 1634
2 611
1 2390
2 808
1 370
2 2322
1 2879
2 3032
1 2449
2 1832
2 2083
2 2283
1 3068
2 3260
1 809
2 3081
1 1681
1 3115
2 2740
1 1502
2 3056
2 3176
1 3200
1 53
2 2841
2 1136
2 2551
2 2860
1 1628
2 2871
1 2326
2 1416
1 1552
2 1706
2 432
2 3178
1 2079
2 1954
1 1468
2 1825
2 116
2 2365
1 1847
1 403
2 2425
2 1094
1 3102
2 526
1 392
2 1175
1 3198
2 1786
2 95
1 981
2 1087
1 242
2 2179
1 560
2 1894
2 3054
2 633
1 2908
1 520
1 642
1 2478
1 630
1 533
1 1123
1 2255
2 1469
2 1889
1 2872
1 2394
2 1670
1 323
1 2240
1 3242
1 1480
2 842
1 2502
2 935
1 2376
1 2568
1 1345
1 1003
2 1531
2 2797
1 2391
2 2743
1 1472
1 2427
2 472
1 2702
2 1387
1 2549
1 1425
2 3108
2 434
2 839
1 2325
1 631
1 129
2 1154
2 285
2 3295
1 500
1 2403
2 1374
2 997
1 3280
2 2093
1 2192
2 3202
1 1997
2 1749
2 962
1 1572
2 1585
2 2214
2 56
1 1246
2 793
1 2259
1 1819
1 1069
1 2235
1 2132
2 1435
1 2600
2 2789
1 2140
1 2769
2 1764
2 3226
1 769
1 1836
2 1496
1 853
2 1769
1 1054
1 202
2 3153
2 2270
1 2585
1 262
2 2206
1 852
1 2351
1 2286
2 750
1 352
2 342
1 2596
1 1334
2 2362
2 974
1 502
1 3287
2 632
2 3085
1 2431
2 1476
1 280
2 1581
2 2535
1 241
1 2505
1 487
2 2628
2 2610
1 1109
2 2219
1 1103
2 1731
2 1837
2 1677
2 748
1 3093
1 2921
1 2745
2 1521
1 447
2 1101
1 385
2 2174
1 1437
1 97
2 2278
1 556
1 1793
1 2694
2 2250
1 1202
2 1356
2 2956
2 1586
2 3233
1 2586
2 647
2 297
2 2386
1 2634
1 1967
1 1758
1 1405
2 430
2 1682
1 1623
1 2213
2 98
1 152
1 1981
2 3089
2 2152
2 983
2 607
2 2008
1 1141
1 1818
2 2909
2 113
2 1170
2 3230
1 2473
1 745
2 2158
2 1417
2 48
2 2871
1 277
2 2799
2 904
2 2011
1 1012
1 1968
2 177
2 2005
2 2203
1 2044
2 2225
2 1807
1 2526
1 365
2 1404
2 906
1 2439
2 2103
2 3001
1 2949
1 2903
1 2804
1 1759
2 890
2 2219
1 2485
2 2057
1 2287
2 140
2 1516
2 889
1 91
1 2657
2 43
2 233
1 705
1 2576
2 2595
1 303
1 2474
2 1083
1 179
1 115
1 2285
2 1798
1 3296
1 992
2 187
1 2888
1 2704
1 694
1 3148
1 219
1 467
2 1724
2 2544
2 1400
1 762
1 317
1 237
1 3125
2 2128
2 2587
2 3093
1 1383
1 1438
2 3183
2 1672
1 1468
1 185
2 1230
1 1413
1 2641
1 1171
1 1658
1 2854
2 564
1 1702
2 65
1 663
1 1473
2 3260
2 3288
2 182
1 2239
1 1752
2 588
2 34
1 2687
1 326
1 1556
2 1105
1 3209
2 75
2 3197
2 221
2 969
1 711
2 2216
1 720
2 209
1 149
2 3155
1 1548
2 988
1 138
1 2669
1 2761
1 1520
2 2561
1 59
1 462
1 2915
1 2483
2 1
2 799
2 173
2 1703
1 1142
2 1559
2 2328
1 1995
1 322
2 2357
2 2560
1 1132
1 1418
2 1419
2 2990
2 3184
1 813
1 2779
1 1338
1 1936
1 2375
1 2433
2 2043
1 2909
1 996
2 1878
1 544
2 1396
2 2592
1 589
1 2243
1 2850
1 2735
1 2604
1 678
1 1533
1 1867
2 738
1 29
1 1292
2 2477
1 2708
2 1529
2 1479
1 109
1 627
1 1937
1 2893
2 2349
1 31
2 124
2 2941
2 2972
2 1819
2 1960
2 210
1 1880
1 1339
1 265
1 2089
2 904
2 2226
2 1727
1 1328
1 2198
2 2820
1 1332
2 1151
1 324
1 503
1 1693
2 2914
2 1326
2 3232
1 2600
1 592
2 744
1 884
1 1167
2 1040
1 714
2 2212
1 1181
1 2806
2 3081
1 1950
2 3174
1 2276
1 882
1 653
1 1597
1 897
1 33
2 240
1 102
2 1432
2 1247
1 427
2 2273
2 712
2 565
1 2518
1 2377
2 429
1 3020
1 1824
1 2910
2 2036
2 1212
1 2374
1 2317
1 1315
1 2083
2 1100
2 811
2 3127
1 167
1 2651
2 1290
2 2455
1 151
2 3092
1 2471
1 643
1 3180
1 3051
2 2264
1 2538
1 1780
2 2986
1 2446
1 2991
1 2770
1 1757
1 1613
1 914
1 2876
2 1198
2 37
2 2221
1 1107
1 2089
2 3150
2 196
2 1043
1 2492
2 443
1 1254
2 2916
2 751
2 2744
2 2751
1 2629
2 2423
2 275
1 2175
1 3050
2 2868
2 273
1 291
2 2725
1 2391
2 2136
1 2651
1 994
1 1534
1 1224
1 765
2 2081
1 1249
1 2252
2 2787
2 847
1 2564
1 1161
1 2282
1 2063
1 1191
1 1684
1 543
1 2428
1 1770
1 1367
1 1675
2 1441
2 205
1 243
2 2545
1 2369
2 3205
1 1385
2 1492
2 2421
2 305
1 1930
2 700
1 293
2 1550
1 3215
1 2461
1 1970
1 835
2 482
2 2026
2 901
2 2741
2 2352
2 891
1 1611
1 1968
1 1747
1 787
1 1237
2 1102
1 3034
1 511
1 1406
1 3158
2 2645
2 1830
2 691
2 1948
1 60
1 1890
2 2039
2 1444
2 1987
1 807
2 2739
2 2489
2 1043
2 2784
2 2434
1 431
1 1333
1 577
2 1472
2 2121
1 982
1 1279
2 519
1 1484
2 501
2 644
2 2051
1 447
2 1080
1 2656
2 1449
1 1316
2 2612
1 1554
1 1496
1 2664
2 3047
2 3246
2 1462
1 435
2 2386
2 621
1 23
1 880
2 2599
2 28
1 730
2 782
2 701
2 1125
2 2665
2 1608
2 1782
1 377
1 1046
2 1945
2 3004
1 2997
2 1362
2 485
1 1027
2 1310
2 3078
1 686
2 2613
2 1145
1 3170
1 1927
1 912
1 3068
2 114
1 814
1 3173
2 2853
2 492
2 1722
1 2575
1 1629
1 1340
2 3262
1 1817
1 2557
1 1973
1 2753
2 2838
2 3027
2 415
2 1612
2 3282
2 2842
2 1305
2 861
1 1679
1 1960
2 1988
2 603
2 1594
2 522
1 1759
2 470
2 3047
2 739
1 1156
2 2559
2 2859
2 2007
2 1228
2 230
2 1941
2 2901
1 2273
1 314
1 2848
2 131
1 3177
2 3188
1 1485
2 287
2 416
1 1386
2 307
2 1454
2 2825
1 1864
1 1247
1 1148
2 887
1 545
2 86
2 2458
2 1300
1 2271
2 3101
1 1802
2 1643
1 824
1 128
2 2395
1 2580
1 1696
1 3011
1 1066
1 2564
2 1926
1 2046
2 999
2 2473
1 402
1 2491
1 973
1 2619
1 1336
1 2376
1 2095
1 983
2 3157
2 2532
2 2365
2 74
1 2275
1 2249
2 2412
2 3162
2 2837
2 1539
2 395
1 452
1 1111
2 2567
2 427
2 1602
2 3042
2 3253
2 3
2 2354
1 776
1 2860
2 1332
2 1229
2 2106
2 1395
1 953
1 3296
2 1162
1 2248
2 2527
2 2189
2 1902
2 2176
2 3286
2 2298
2 2601
1 1815
2 2940
1 684
1 417
2 1596
1 1641
1 1606
1 977
1 1040
2 1277
1 667
2 2358
2 1477
2 1118
1 2590
2 302
2 1806
1 1088
2 593
1 1176
2 2621
1 1547
2 334
2 993
2 1367
2 1942
2 2487
2 789
2 2805
2 482
2 2829
1 1641
2 2594
2 2796
2 1225
2 3285
1 664
2 1629
1 1936
2 2774
1 2471
2 1964
1 1965
2 742
2 1877
1 1350
1 10
2 357
1 899
2 850
2 2242
2 3066
1 1023
1 157
2 2744
1 2205
1 2531
2 1566
2 2394
2 2731
1 1497
1 960
2 58
2 1110
1 1033
1 3095
1 3025
2 2961
1 2907
1 2479
2 1470
1 767
1 1458
1 995
2 169
1 2577
2 542
1 695
1 637
1 2115
1 839
1 407
2 3164
1 1692
2 1337
1 2312
1 223
2 760
2 1826
1 1285
1 1951
2 1232
2 3231
1 3048
2 708
1 1633
2 600
2 32
2 737
2 1785
1 1829
1 3097
1 1913
2 3126
1 1640
2 829
2 3065
2 358
2 1648
2 2998
1 147
2 1598
1 2726
2 1516
1 44
1 1464
1 1693
1 2079
2 2154
2 1888
1 2342
1 1901
1 1827
2 937
1 2054
2 1133
2 783
1 1331
1 1529
1 19
2 419
1 2817
2 308
2 2451
1 404
2 384
1 687
2 3012
1 2664
1 922
1 1836
1 1474
1 283
2 2808
2 1499
2 2171
1 3184
2 3213
1 1532
1 2053
1 1784
2 454
1 337
1 3035
1 553
2 1584
2 351
1 826
1 1251
2 2696
1 446
1 3283
2 729
1 2153
2 330
2 2134
1 295
1 1713
2 1508
1 1770
1 1650
2 2701
2 1187
2 2710
1 510
1 214
1 2137
2 2192
1 1882
2 1660
2 428
2 1204
2 652
2 1876
1 844
1 1651
1 2859
2 917
1 648
1 3256
2 758
1 1858
2 931
1 1280
2 1126
1 1546
2 1463
1 36
2 2337
2 730
2 2129
1 90
1 1769
2 49
2 781
2 733
1 2124
2 834
1 2371
2 2558
2 1359
1 1925
1 2245
1 3180
1 2180
2 2543
1 374
2 1905
1 2854
2 2957
2 2756
1 815
1 1051
2 1073
2 1128
2 1153
1 945
2 988
2 2091
2 1863
1 3207
2 1409
2 2710
1 2113
2 3246
1 375
2 1768
2 1868
1 1618
2 266
2 2683
2 1863
2 2054
2 2119
1 77
2 2144
1 1263
1 622
1 1192
2 1598
2 508
1 1731
1 1791
1 2223
1 1366
2 2443
2 1138
1 88
1 1605
1 137
1 574
2 2869
1 2279
1 986
1 1545
1 2140
2 2861
1 184
1 2449
1 1259
2 1987
2 174
1 8
1 3161
1 1224
2 2209
2 103
2 3262
1 3100
1 1318
1 1335
2 2169
1 1233
2 308
2 1083
1 1910
2 222
1 1929
1 2976
1 1983
2 1664
2 3055
2 1577
1 687
2 591
2 1264
2 2940
1 317
2 2865
2 2033
1 2303
2 2941
1 1532
1 391
1 142
2 2166
1 2705
2 1358
1 295
2 3046
1 2105
2 984
2 12
2 1884
1 2195
2 3283
2 1369
2 2200
2 1794
1 3139
1 3138
1 2028
2 3053
1 1639
2 1389
1 753
1 1774
2 2003
1 953
1 67
2 1352
2 2895
1 512
1 1235
2 843
1 3123
1 2193
1 2489
1 1394
1 123
1 2478
1 1585
1 1254
1 1831
1 2251
2 930
1 2659
1 2430
2 573
2 2151
1 2895
2 3155
2 2338
1 1952
2 1542
2 1926
2 1411
1 766
2 3086
1 940
1 847
2 788
2 1218
1 650
2 783
2 608
2 569
1 1466
2 758
1 426
2 523
2 2190
1 350
1 2862
2 1899
1 2501
2 1520
2 44
2 991
1 735
2 1699
2 2295
2 2677
1 356
1 792
1 1956
2 1509
1 515
1 488
2 1022
1 1498
1 1938
2 2966
2 807
1 2159
1 72
2 310
1 1440
1 2537
2 1378
2 1609
2 1544
2 2214
1 981
2 835
1 2245
2 2410
1 3094
1 2544
2 2488
1 2987
2 690
1 1669
1 1244
2 312
2 208
1 1022
1 1115
1 598
2 1978
2 2849
1 364
2 368
1 2790
2 82
2 1209
1 3049
2 567
1 668
2 2102
2 2577
2 2254
2 2326
1 423
1 722
2 1667
2 89
1 966
1 1051
1 507
2 1673
1 1831
2 2177
2 406
1 2511
1 2953
1 3162
2 1338
2 563
2 382
1 896
1 2222
2 1906
1 2118
1 2882
1 2566
1 1666
1 2202
1 827
1 1563
2 3249
1 1714
1 1673
1 2787
2 1689
1 2879
1 1851
1 2186
1 1365
2 812
2 1914
1 3065
1 1875
1 338
1 218
1 2451
1 1398
2 499
1 1801
2 1271
2 162
1 812
1 1112
1 3239
2 198
2 471
2 1228
1 777
2 1169
1 2700
2 566
1 425
2 2736
2 2635
1 2708
2 339
1 1231
1 3069
1 897
1 2561
2 2552
1 2331
1 234
1 1647
1 1015
1 3096
1 927
1 2554
1 2062
2 563
2 2132
2 748
1 1907
2 1538
2 2496
1 1810
1 1854
1 1766
2 3091
1 2603
1 566
2 962
1 2246
2 2938
2 3043
1 3182
1 47
2 798
2 915
2 947
1 2640
2 907
2 857
1 2481
2 2122
1 343
2 1411
2 2646
2 376
1 126
2 2379
2 197
1 2134
2 3124
2 660
1 540
2 1939
2 2274
1 2978
2 1478
1 2747
2 1483
2 1940
1 3160
2 14
2 2928
1 2995
2 1293
2 1588
1 2043
1 1202
2 2883
1 2125
2 1783
1 3097
2 616
1 1364
2 544
2 785
2 1176
1 3225
1 3228
2 1505
2 2521
1 579
1 2719
1 2546
1 845
2 46
1 2727
2 409
1 2839
1 799
1 89
2 292
1 2707
2 1893
2 2652
2 1615
2 2659
1 2256
1 454
1 3219
2 558
1 1931
2 213
2 2372
2 1158
1 101
1 873
2 1991
2 2584
1 1233
1 926
1 148
1 2287
2 1119
2 996
2 1373
1 270
1 411
1 1686
2 2720
2 467
1 2531
1 335
1 2717
2 1070
2 3060
2 2226
1 288
1 1469
1 1297
1 1791
2 2318
1 2443
2 27
1 965
2 2168
2 1012
1 326
2 860
1 2877
1 2130
2 1721
2 1307
2 1727
2 680
1 1567
1 952
2 1557
2 139
2 3045
1 1764
1 324
1 377
1 2092
2 869
2 3264
2 3281
1 1161
2 1399
1 2086
2 869
2 259
2 399
1 2499
1 166
2 2010
2 1621
2 789
1 1409
1 1178
1 2727
2 68
2 547
2 430
1 1402
2 2050
1 1742
2 1028
2 1029
1 841
1 950
1 2064
1 1607
1 1543
2 204
1 2311
1 1709
1 692
1 257
2 2374
1 432
1 1199
2 1636
1 460
1 2080
2 1893
1 3257
1 684
1 1081
2 2874
2 2538
2 529
2 655
1 141
1 2026
2 2947
1 135
2 1166
1 1625
1 3034
2 133
2 1242
1 1618
2 3216
2 2055
2 774
1 913
2 2757
2 1897
2 507
2 438
1 398
1 2327
2 1446
1 1628
1 3129
1 1970
1 993
2 43
1 1093
2 2924
2 2662
1 1403
2 2923
1 1737
2 2712
2 1323
1 821
2 148
2 2521
2 1041
2 1177
2 2406
1 620
2 1931
1 1038
1 823
1 1065
2 775
2 120
1 2937
1 3005
2 2653
2 1188
2 1301
1 1203
2 290
1 1018
1 3142
1 2137
2 1063
1 38
1 646
2 2635
2 1258
2 517
1 1643
2 2323
1 382
2 2058
1 1141
2 2316
1 1414
2 3288
1 2156
1 924
1 1203
2 2186
2 648
1 3113
2 1900
1 1501
2 1234
2 1006
1 3064
2 939
2 1220
1 2160
2 239
1 2547
2 358
1 438
1 1196
1 2070
1 2265
1 69
1 2011
2 725
1 1942
2 1191
1 2632
2 2316
2 1482
1 297
2 3183
1 1623
2 942
1 2049
2 2942
2 3186
1 1560
1 2334
2 144
1 624
2 2282
1 2780
1 583
2 2676
2 994
2 914
1 2697
1 2280
2 768
1 3112
1 3277
2 313
2 3028
1 1735
2 164
2 2714
2 167
1 3251
1 505
1 1891
1 1682
2 3067
2 1666
1 591
1 1213
2 792
2 2867
2 362
2 2950
1 3196
2 1899
2 1813
2 1281
2 2737
2 703
2 2121
2 1415
2 62
1 2420
1 1086
2 1715
1 2966
1 2912
1 2658
2 2657
2 3291
1 1075
2 2195
2 778
1 515
1 1804
1 540
1 2409
1 1659
2 1180
1 1608
2 3062
2 2465
1 1226
2 2333
1 3024
2 2
2 2332
1 549
1 2761
2 190
2 2345
2 784
1 2317
2 1490
2 2892
1 1639
1 1094
2 933
1 412
1 2138
1 2731
2 625
1 314
1 1255
1 417
1 3202
2 1460
2 1421
1 541
2 1408
1 2450
1 1575
2 372
1 181
1 1253
1 638
1 817
2 919
1 1948
1 2911
1 471
2 3190
2 1076
1 217
2 1896
2 2338
1 2823
1 3279
2 35
1 1485
1 2889
2 2227
1 1767
2 1604
1 3136
1 1947
2 2884
1 1235
2 1477
2 1127
2 359
1 1861
2 488
1 453
2 2288
1 1448
1 1294
2 1316
1 1285
1 2184
2 2396
1 1857
2 2605
1 1861
2 1777
2 1108
1 194
1 1674
2 3271
2 16
1 1997
1 2302
2 353
2 310
1 1314
1 2812
1 1509
1 2673
1 2773
2 1881
1 2622
1 2347
1 2650
1 2693
1 2350
2 887
2 1905
2 52
2 2598
2 964
2 1076
2 2541
1 2913
2 1680
2 2994
1 3201
1 815
2 2259
2 938
2 334
1 3017
2 1128
2 486
1 3057
2 772
2 822
2 2412
1 2921
1 2680
2 2327
2 2036
1 2084
2 2814
2 605
2 256
1 3234
1 126
1 2017
1 3030
1 1553
2 513
1 1355
1 3212
2 1071
1 504
1 1368
1 1217
2 1848
1 222
2 1698
1 1591
1 1853
1 2996
1 2399
2 2685
1 176
2 980
2 1173
1 1033
2 651
1 69
2 857
1 2505
1 3292
2 3227
2 779
1 122
1 855
1 1979
2 2430
2 2135
1 425
2 1920
1 3232
1 1486
2 2891
2 2146
1 1131
1 2805
1 2948
1 606
1 2217
1 3020
1 363
1 2486
2 1919
2 985
2 1093
1 800
1 2324
2 3240
2 3159
1 2344
2 159
2 2528
1 1195
1 2339
1 1981
1 929
2 2403
2 1726
1 2694
2 2512
2 1130
2 646
2 1541
1 2647
2 2775
1 2301
1 2472
2 1461
2 681
2 517
2 114
1 3040
2 1858
1 26
1 3144
1 1351
2 320
2 555
2 2560
1 875
2 20
2 1081
1 1420
2 1150
2 2673
1 422
1 247
1 694
1 2562
2 2051
2 2946
2 2180
2 165
2 2285
2 2682
2 1089
2 1476
1 1257
2 1881
2 215
2 1739
2 1284
1 1755
1 3195
1 865
1 1431
2 1679
2 2400
2 1945
1 1019
2 2856
1 3069
2 818
1 2703
1 3165
1 2850
2 1208
1 428
2 1985
2 638
1 1933
1 307
2 1548
2 1583
2 1349
2 2496
1 818
1 612
2 1895
1 2255
2 321
2 1266
2 533
2 354
2 2466
1 2926
2 2392
1 1287
2 3226
1 1270
1 1777
1 2144
2 2610
1 1016
2 2519
2 1240
2 293
2 1484
1 1212
1 1874
1 866
2 3094
1 2411
2 2346
1 663
2 846
2 918
2 1337
1 802
1 2813
2 858
2 2249
1 732
1 1815
1 298
1 1303
1 1140
2 578
1 1482
1 2760
2 3001
1 562
2 1903
1 958
2 2158
2 6
2 692
1 2878
1 2595
2 1148
1 2037
1 816
2 2783
1 54
1 1361
2 1232
2 98
1 1035
1 1432
2 1882
2 1982
2 1686
2 1672
2 276
1 1584
1 192
2 1681
1 596
2 963
2 2046
2 1917
2 242
2 2013
2 2082
1 2753
1 1962
1 1061
1 918
2 1308
2 1984
2 280
2 1976
1 3140
2 264
1 2605
2 1828
2 654
1 93
2 2522
1 2175
2 1583
1 2738
2 77
2 901
1 1614
2 2943
2 2191
2 717
2 2671
2 1348
1 2040
2 364
1 2435
2 943
2 2698
2 657
2 281
1 3039
2 2571
2 1735
2 1298
2 1741
1 506
1 474
2 2414
2 3257
2 305
1 347
2 453
2 1206
2 396
2 2873
2 688
2 1456
1 1934
1 2944
2 1383
2 2754
2 2112
2 2470
2 1412
1 3161
2 702
2 836
2 2085
2 2120
2 2993
1 1766
2 1016
1 2546
2 1946
1 2197
2 138
2 1716
1 3104
1 52
2 1765
1 474
2 373
1 165
1 1278
2 1515
2 3203
1 1344
1 450
1 2655
2 2573
1 2863
1 2099
1 1357
1 2800
1 2508
1 1958
2 584
2 41
2 1436
2 2370
2 1604
1 2830
1 2170
2 1222
1 2416
2 3131
2 1994
1 2475
1 213
2 2117
2 2215
2 172
2 1059
1 1195
1 1424
1 626
1 2971
2 1372
2 1068
2 2247
1 3258
2 151
2 3146
1 1346
1 1597
1 24
1 2468
2 2074
2 1630
2 1473
2 2006
1 1739
2 1099
2 1119
2 1267
1 3089
2 2209
1 568
1 1493
2 3135
1 1313
2 2464
1 2686
2 3255
1 1757
2 776
1 2244
1 649
1 2738
1 394
2 1850
2 2748
2 2395
2 947
2 1252
1 2492
1 2073
2 1272
2 75
2 191
1 2340
1 1179
1 2476
1 3276
2 3027
2 2916
2 206
1 640
2 1691
2 683
1 112
1 220
2 3133
1 639
2 3104
2 1581
1 641
2 3273
1 3009
2 1065
1 1925
2 1086
2 3013
1 1630
1 1113
2 173
2 1264
1 3129
1 2078
2 1658
1 2235
1 2905
1 416
1 2029
2 378
1 303
2 1204
1 2136
2 1550
1 938
1 1275
2 865
1 3300
2 1372
1 536
2 2828
2 1412
1 1054
2 220
2 1517
1 1067
1 2250
1 586
1 1796
2 1589
2 1414
1 1670
1 1610
1 778
1 2001
2 1631
1 905
2 1362
1 1461
1 3143
1 3139
2 2792
1 2555
2 659
2 1037
2 1595
1 2123
2 227
1 473
2 2514
2 2231
1 1591
1 2709
1 2599
1 1312
1 1318
1 1990
1 1705
2 965
1 2017
1 1049
1 666
2 2833
1 1941
2 2428
2 1943
2 1892
1 936
2 1536
1 3005
1 2439
1 1632
1 250
2 254
1 2481
1 214
1 636
1 2294
2 221
1 1842
2 949
2 3249
2 3118
1 1845
2 770
1 278
2 2484
1 881
1 2296
1 784
2 1346
1 736
1 1407
1 3167
1 1326
2 3154
1 759
1 477
2 302
2 763
2 790
2 722
2 2444
2 477
2 1513
2 1340
1 2350
1 2261
1 95
1 3116
2 1179
1 911
1 1911
2 2015
2 53
1 2509
1 244
1 3004
2 3031
2 1174
2 666
1 1460
2 2956
2 278
1 2217
1 2522
1 157
1 892
2 685
2 1621
1 195
1 1064
2 2808
1 873
2 1317
1 2676
2 345
2 1833
2 902
2 840
1 1792
1 1697
2 2618
2 1459
2 1843
1 2689
1 1648
2 2029
1 494
2 2614
1 1250
1 2005
2 2480
1 1481
1 806
1 3041
2 1115
1 1063
2 2432
1 954
2 34
1 1705
2 1314
2 501
2 2128
2 2866
1 1944
2 266
2 1513
1 2382
2 2770
2 2503
1 2342
1 2458
2 2697
2 2936
2 1004
2 2479
2 2579
1 1157
1 3164
1 1857
1 2680
1 3109
2 3084
1 2393
2 1442
2 2032
1 355
1 2281
2 1447
2 3137
1 1695
2 941
2 2438
2 1112
2 2944
2 3141
1 2308
1 650
1 192
2 2097
1 1478
2 649
2 637
2 2034
2 1709
1 134
2 1768
2 1380
2 2793
2 3210
1 335
1 3271
1 1542
1 2729
1 3204
1 2475
2 2765
2 1761
1 2027
1 1329
2 2720
2 2143
1 898
1 26
2 744
2 2525
2 3151
2 2681
2 766
1 2569
2 296
1 1494
1 154
1 2698
1 16
2 1949
1 3210
1 1180
1 40
2 21
1 1812
1 817
2 459
2 1342
1 2533
1 956
1 539
1 3241
2 704
2 472
1 699
2 275
2 2671
1 1839
2 1457
2 3199
2 2404
2 2885
1 581
1 838
1 3213
2 2870
2 259
2 2207
1 3055
1 2299
2 2100
2 350
2 1635
1 854
2 226
1 1074
2 2582
1 1368
1 255
2 245
1 2851
1 641
2 2369
1 3003
1 2670
1 2129
1 1959
2 1107
1 2685
1 456
2 2780
2 2929
1 1048
1 1170
2 832
1 2889
2 1178
1 717
2 117
2 1694
1 337
1 2822
2 1028
1 2511
2 2785
1 895
2 384
2 715
1 159
2 1297
2 1106
2 1732
2 1787
2 105
2 568
2 2355
1 2797
1 3187
1 1749
2 862
2 2014
1 1734
2 63
2 863
2 408
1 3224
1 1923
1 362
2 3181
1 202
1 2543
1 2911
1 3010
2 1185
1 2807
1 73
1 2801
1 28
1 2151
1 1189
1 2591
1 365
2 2959
2 1789
2 2067
2 3037
2 468
1 2187
2 3207
2 2716
1 620
2 1390
2 1422
1 445
2 1989
2 304
1 2706
1 1746
2 623
1 970
2 1271
2 2402
1 1657
2 1371
1 706
1 2160
2 711
2 3286
1 2836
1 606
2 2353
1 1715
1 1710
1 493
1 2155
2 2947
1 2270
1 952
1 260
1 1101
2 3278
1 3263
1 1039
2 2669
1 185
2 466
1 868
1 3236
1 1627
2 2446
2 2325
1 2208
1 1077
2 2992
2 1394
1 688
1 3023
1 1276
1 1615
2 2153
1 299
2 2980
1 2922
1 3041
1 2953
2 11
1 3082
2 593
1 1143
1 2703
1 485
2 700
2 156
2 1543
2 856
1 3147
1 2715
1 371
2 2367
2 496
2 1557
1 3105
2 1762
2 1277
1 2096
1 1445
1 3061
1 1514
1 2330
1 3147
2 740
1 1451
1 2385
2 1555
2 2988
2 433
1 2042
1 2181
1 2732
2 441
1 1384
1 2220
2 740
2 2469
1 1790
1 2159
1 2597
1 58
1 158
1 1619
2 2215
2 2110
2 2239
1 1327
1 2381
1 3012
1 2630
1 1874
2 805
1 1488
2 117
1 2803
2 602
1 2463
2 2188
2 751
2 1894
2 553
1 1617
2 3199
2 1445
1 1385
2 1855
2 2022
1 2230
2 1082
2 1873
1 1002
2 2700
1 838
1 3021
2 2127
2 2677
1 1216
2 273
1 597
1 600
1 2548
2 891
1 2826
2 2022
1 106
2 2319
1 465
2 40
1 1132
1 1841
2 1563
2 2469
1 133
2 2185
2 3281
2 846
2 1610
2 1320
1 2778
1 3096
2 1924
2 1890
2 3274
1 420
1 1500
2 2291
1 458
2 765
1 2864
2 2436
1 1223
2 763
1 1536
1 2143
1 1459
1 1605
2 2307
2 2361
2 2982
2 184
1 3153
2 3108
1 3201
1 604
2 2648
2 2423
1 2274
1 1872
1 1661
1 463
1 50
1 1023
2 1684
2 2638
2 2842
2 1982
1 1972
2 2284
1 2613
1 2643
1 662
1 1710
1 121
1 754
2 2276
2 1125
1 2517
1 2229
1 698
2 2450
2 2447
2 2267
2 2253
1 2920
2 2835
1 1077
2 30
1 728
2 805
2 3107
2 109
2 2515
1 1262
1 1291
1 2294
2 1117
2 1269
1 2028
1 383
2 227
1 29
1 1829
1 976
2 158
2 2558
1 2954
2 3080
2 2937
1 1530
1 2894
1 1273
2 2918
1 1663
1 491
2 1998
1 2389
2 2791
2 795
1 677
2 809
2 841
2 1147
2 976
2 2297
1 39
2 1260
2 698
1 2586
2 2009
1 1771
1 1812
1 261
1 161
2 896
2 1642
2 2417
2 716
1 57
2 4
2 141
1 625
2 1465
1 494
1 543
1 186
2 1537
1 1139
2 263
1 1865
2 452
2 2194
1 1381
1 2814
1 2030
1 2912
1 3279
1 2442
1 2426
2 32
1 3018
2 3079
1 105
2 2626
1 3221
1 1636
1 2989
1 2204
1 7
1 1503
1 909
1 2742
2 532
2 937
1 1352
2 934
1 1095
1 3126
1 2173
2 1980
2 46
2 1239
2 1922
2 2124
2 1637
1 306
1 1487
1 2896
1 1521
2 1104
2 1691
2 803
2 1155
2 2233
1 318
1 2076
2 2954
1 720
2 2740
1 2306
2 1823
2 2470
2 3181
2 2841
1 2924
1 3073
2 409
1 713
2 939
2 723
2 1434
1 2820
2 877
2 476
1 2772
2 440
2 3148
1 1017
1 521
2 1895
2 1278
2 2149
1 145
1 480
1 2048
2 1526
1 534
1 492
2 1263
1 1088
2 1404
2 1540
1 889
1 1806
2 328
2 1706
2 3280
1 2113
1 635
1 2593
2 2368
1 2818
1 2266
1 2897
2 802
2 498
1 3261
2 73
1 2938
1 440
1 2107
2 3298
1 1181
1 2735
2 987
2 211
1 2023
2 2045
2 587
2 1986
2 932
2 762
1 1113
2 87
1 3073
2 397
2 1324
1 1325
1 83
1 2061
1 3063
2 208
2 162
1 1371
1 3151
2 2835
2 1274
1 3284
1 742
1 2034
2 3154
2 1186
2 441
2 35
2 371
2 291
2 2690
1 1975
2 1317
2 2824
2 1446
2 462
1 1475
2 644
2 1638
1 13
1 727
2 203
2 3217
2 2141
2 2691
2 2435
1 1347
2 2903
2 2501
1 2389
1 2955
2 1199
2 2607
1 2509
1 851
1 1238
2 1655
2 2343
1 1462
2 1392
1 2983
2 3045
1 2548
2 1450
1 1214
2 710
1 2183
2 1167
1 3064
1 946
2 1875
2 2310
2 844
1 2809
2 131
1 1590
2 2827
2 2057
2 2568
2 264
1 995
1 2111
2 651
2 2845
2 3056
1 1259
1 2232
2 1322
1 811
1 3122
2 410
2 2540
1 581
1 1388
1 2975
2 3000
2 333
1 2679
2 1021
1 3179
1 2608
2 3250
2 1345
2 288
2 451
2 2210
2 1576
2 2087
1 934
1 206
2 1443
2 1530
2 1627
1 204
2 216
1 2118
1 3044
2 1586
2 613
2 693
1 2088
1 1190
1 2520
1 1785
2 2300
2 2625
2 2784
1 2893
1 1737
2 1625
2 930
1 555
2 2000
2 366
1 2915
1 1428
2 1382
1 2809
2 2762
1 2375
1 1772
2 1538
1 2837
1 738
2 2100
1 1835
1 3229
1 982
1 1361
1 251
2 2060
1 1024
1 2672
2 552
1 2035
2 2277
2 1072
1 119
1 3176
1 1
2 1698
1 135
1 495
1 2819
1 3016
1 2802
2 2823
1 2696
2 773
1 2957
1 1062
2 1751
1 1744
1 2109
2 381
2 1182
1 3157
1 2203
2 1732
1 150
2 2611
2 1370
2 986
1 1540
1 1954
1 2779
2 1565
1 1949
1 1386
2 245
2 790
1 989
2 1828
2 2094
2 1702
1 197
1 272
2 3146
2 479
2 623
2 99
2 160
1 434
1 980
2 1932
2 1274
1 2622
1 1694
2 168
1 2665
1 1558
1 645
1 525
1 1711
2 2607
1 103
1 2373
2 2224
2 2818
1 1160
2 2112
2 672
2 421
1 537
1 1744
2 1151
2 14
1 3074
1 2733
1 866
1 478
2 764
1 3152
1 2096
1 2438
2 780
2 572
2 2515
2 1593
2 530
2 612
1 1800
2 2135
2 1662
1 2371
1 1097
1 1210
2 1602
2 2071
1 1106
2 997
1 2821
1 3172
1 607
2 1725
2 298
2 741
2 1136
2 2880
2 658
2 892
2 1283
1 721
1 609
2 469
2 1902
2 2101
1 282
2 3292
1 2208
1 345
2 1599
1 1620
1 2631
1 984
2 574
1 580
2 1809
1 252
1 31
1 1788
1 794
2 4
2 189
1 2086
2 1415
1 2650
1 874
1 170
1 235
1 115
2 2801
1 1188
2 1439
2 2191
2 191
1 457
1 2189
1 2145
1 2081
2 2237
2 3115
2 139
1 3241
2 1951
1 3088
1 3029
2 2267
2 510
2 3106
1 855
2 617
2 2396
1 3049
2 2636
1 483
2 2730
1 2447
2 733
2 2161
2 487
1 2145
2 2119
2 2441
2 395
1 1374
1 33
1 1965
1 2572
1 2418
2 1489
1 2826
2 258
2 2427
2 2027
1 1783
2 836
1 1078
1 1898
2 2603
1 2431
2 2131
1 1718
2 548
2 1652
1 2821
2 2485
2 1502
1 3025
2 813
2 1328
2 3185
2 3107
2 3166
2 1989
2 1524
2 1360
1 2998
1 877
1 979
1 1873
2 957
1 1216
2 2233
1 2448
2 3171
1 1613
2 1701
1 2627
2 1918
2 2743
1 916
1 2925
1 2606
1 1879
2 2790
1 236
1 1901
2 1441
2 2567
2 154
2 1933
1 2624
1 1451
1 1730
1 1859
1 1665
1 2073
2 2000
2 2642
2 2334
1 49
2 837
1 910
1 564
1 1175
2 2065
2 2256
2 2907
1 1349
1 1225
1 970
2 1282
2 599
2 1799
2 525
2 2718
1 921
1 1356
2 1321
1 2161
1 2570
1 189
1 331
1 2771
2 949
1 17
1 1366
1 436
2 2840
1 706
2 551
1 1651
2 969
1 3206
2 621
1 2795
2 2692
1 1097
2 899
2 1558
2 2105
2 1788
2 1017
2 2884
1 1852
2 676
1 2242
2 1407
2 1467
1 1160
2 1921
1 941
1 1114
1 423
2 2933
2 699
2 2271
2 168
1 3062
1 391
2 1910
2 2488
1 1510
1 15
2 1044
2 673
1 1996
1 1663
2 386
2 764
1 1177
1 456
1 475
2 281
1 470
2 674
2 84
1 2269
1 219
1 2759
1 239
1 2108
2 2894
2 3018
1 913
1 331
1 2666
2 107
1 1453
2 1027
1 231
2 2888
1 2448
2 2853
1 680
2 2798
1 1631
2 1108
1 2851
2 1363
2 1528
1 80
1 622
2 1572
1 539
1 3174
1 1152
1 2844
2 1947
2 2815
1 1304
2 761
2 2904
2 489
1 271
1 437
1 401
1 2993
1 2063
1 906
2 3235
2 2332
2 2990
2 463
1 2231
1 2754
2 1456
1 2865
1 826
2 2668
1 2922
1 1131
2 2585
2 611
1 2013
2 347
2 3237
2 1330
2 243
2 1778
1 1116
1 894
1 461
1 448
2 2989
2 3209
1 2890
2 1379
1 2147
2 2798
2 1794
1 2367
1 825
2 3099
1 833
1 2004
2 3215
1 3156
1 2905
2 1847
2 489
1 729
1 823
2 2289
1 2758
2 124
1 992
1 1310
1 3127
2 1158
1 878
1 1950
1 1756
1 3057
1 3267
1 1448
2 1742
1 708
2 2154
2 2103
2 2230
2 294
1 2490
2 178
1 1084
2 2410
2 2018
2 3274
1 2588
1 1245
2 2936
2 15
1 1046
2 244
1 2716
2 2528
2 1122
1 1391
2 967
1 1959
1 1014
1 315
1 1841
1 1579
2 1872
1 3030
1 561
1 2401
2 2456
1 2345
1 2404
1 2949
1 2445
2 260
2 51
1 2791
2 2830
1 1256
1 1969
2 868
1 1205
2 2983
1 21
2 2699
2 3099
1 1127
2 1743
1 2723
1 2053
1 1915
1 1166
1 67
2 613
1 2714
2 1816
2 1122
1 804
1 948
1 2363
2 319
2 1750
2 2675
2 1662
2 2185
2 2598
1 3265
2 229
2 269
2 81
2 2575
1 212
2 2530
2 2656
2 2900
1 1057
2 2222
2 771
1 1116
1 1834
2 2058
2 413
2 1966
1 1830
1 1964
2 959
2 3026
1 112
1 2978
1 2777
2 3114
1 2513
2 2018
2 2204
2 859
1 1762
1 163
1 671
1 1801
2 3243
1 535
1 2878
2 1329
1 1656
2 900
2 852
1 2684
1 2211
1 3268
1 2494
1 2960
2 1916
2 2892
1 2408
1 2904
1 1720
2 675
1 1665
2 216
1 2712
2 63
2 2102
2 582
1 2037
2 2750
1 1512
2 1265
2 3007
1 2306
2 1756
1 1697
2 1198
1 2138
1 2628
1 82
2 2309
1 2648
1 2945
2 1467
1 827
2 1315
2 2187
2 2205
2 2552
2 808
1 1574
2 834
1 2683
1 1163
1 1569
1 2643
1 473
2 2520
1 1962
1 2533
1 1582
1 797
1 1786
1 1979
1 1305
2 2390
1 1073
2 2497
1 1700
2 2594
2 903
2 2980
1 3123
2 851
2 935
2 2266
2 927
1 858
1 2687
