6100 3000
1 400
1 367
1 1541
2 775
2 980
2 892
2 1252
1 3019
1 2568
1 97
1 290
2 984
1 837
1 1581
2 1635
2 995
2 1325
2 2936
2 82
1 1617
1 65
2 1627
2 2143
2 264
2 2971
2 1320
1 1714
2 1651
2 438
1 2314
2 3016
1 240
2 2409
1 2128
2 1012
1 1199
1 1898
2 680
1 1891
1 1621
1 2100
2 2398
2 557
2 1762
2 1259
1 2573
2 1836
1 1700
2 856
2 2160
1 1553
1 1488
1 1165
2 2343
2 1536
1 917
1 1104
2 2887
2 368
1 2827
2 2869
1 1587
2 1526
2 2599
1 765
2 297
2 1413
1 955
1 1376
2 2454
2 2407
1 2838
2 2898
2 423
2 2860
1 3003
1 119
2 1769
1 2741
1 1196
1 1716
1 2717
1 1498
2 1638
1 27
1 13
2 1120
1 3006
1 2616
1 2050
1 2806
1 2316
1 1072
1 1047
2 518
2 74
1 663
2 2109
1 881
1 2553
1 2104
2 1551
2 1538
1 2579
2 483
1 472
2 230
2 81
1 651
2 1782
1 1854
2 1060
2 2997
1 1425
1 962
1 2818
1 1873
1 1450
1 1592
1 2556
1 1434
1 702
1 1644
1 415
2 2000
1 697
1 1907
2 76
1 598
2 1280
2 843
2 178
2 2411
1 902
2 679
1 2726
1 2681
2 2719
1 2878
1 1578
2 2062
1 382
1 410
1 1800
1 2827
1 143
1 1124
1 1881
1 1409
2 1378
2 1931
1 1264
1 2296
2 27
1 1168
2 2204
2 460
1 862
1 1346
2 1879
1 1686
1 187
1 571
1 201
1 442
2 505
1 2764
1 145
2 1836
2 2116
2 40
2 2240
1 886
1 845
1 977
1 2694
1 2466
2 546
2 364
1 2604
1 1085
2 473
1 2225
1 2564
2 1051
1 2021
1 294
2 2795
1 1222
2 444
2 2486
1 2333
1 829
1 358
2 1171
1 2587
1 1178
1 127
1 2736
1 1655
1 407
1 1156
2 1817
2 1260
2 2252
2 2588
2 2696
2 1411
2 2667
2 1655
2 1497
2 664
2 2102
2 2763
1 2913
1 914
1 957
1 2229
1 1089
2 1447
1 2934
1 72
1 1205
2 2953
2 2133
1 1154
1 1296
1 2457
2 590
2 2532
1 473
2 1530
1 2238
2 3028
1 823
2 924
1 1173
1 798
1 1198
2 678
2 2945
2 2825
1 2822
1 1603
1 745
2 1440
2 1887
2 994
1 850
2 1848
2 1791
1 874
1 197
2 2318
2 1657
1 1190
2 2244
2 1840
2 1436
1 2658
1 1585
2 2809
2 1255
2 1959
2 968
2 1012
2 2740
1 915
1 1645
2 1566
1 1113
1 1578
2 3048
2 858
1 15
2 1254
1 2200
2 2439
1 3018
2 561
2 1728
2 2738
2 2303
2 490
1 432
2 944
1 1120
2 960
2 238
2 2565
2 1133
2 822
2 1024
1 354
2 1755
2 2930
1 54
2 1822
2 2629
2 2336
1 812
2 822
2 2353
1 1308
1 2594
2 662
2 1285
2 2591
1 1925
2 2422
1 2526
1 1552
1 2600
1 644
1 455
1 2890
1 135
1 754
2 2603
1 185
2 1580
2 2125
1 1099
1 2661
2 759
2 214
2 1890
1 2888
1 2394
1 399
1 2103
1 2684
2 2261
1 2545
1 3016
2 446
1 1299
2 1028
1 855
2 504
1 2147
2 1097
1 1405
2 2892
2 132
1 67
1 2446
1 2927
1 1073
2 1361
1 975
1 778
2 2065
2 2386
2 2812
2 332
2 915
2 2978
1 2157
1 1974
1 411
1 2351
2 259
2 2435
1 1670
1 1027
2 2009
1 927
2 1799
1 1880
1 1480
2 237
2 2762
2 2464
1 519
1 128
1 896
1 1904
1 2721
1 2674
1 1239
1 2552
2 2596
1 2149
1 2236
1 581
1 2821
2 2456
1 1608
2 542
2 1166
2 626
2 1823
1 2491
1 2293
2 2226
1 558
2 2120
2 549
2 297
2 1290
1 2731
2 1918
1 778
2 1218
2 2792
2 2377
2 833
1 1304
2 380
1 877
2 1980
2 1427
2 1718
1 939
2 1376
1 1688
2 2672
2 936
2 1557
2 1560
1 1741
2 439
2 1997
1 39
2 2043
1 2192
1 2872
1 2094
2 2042
1 1318
2 519
2 2416
1 440
2 712
1 1975
1 2279
1 49
2 1227
1 2264
1 3046
2 2664
1 57
2 1956
2 472
1 122
1 2112
1 220
1 1345
1 1315
2 1546
1 2113
2 2530
2 1042
1 1553
2 1860
2 1169
1 362
2 266
2 571
1 1251
2 168
2 2973
2 2976
1 2625
2 1476
2 1241
1 2837
1 2264
1 547
2 287
2 2750
2 1676
1 859
2 1483
2 512
2 2683
1 935
2 2759
1 1741
1 700
2 10
2 922
2 2624
1 1118
2 106
1 1019
2 2470
1 477
2 2734
1 1680
2 1654
1 601
2 345
1 771
2 841
2 2640
1 484
2 1725
2 872
2 212
1 3013
2 971
2 2258
2 2064
2 583
1 514
1 345
2 1889
1 331
1 1914
2 2630
2 2130
2 2866
2 408
1 2979
1 1525
1 882
1 2778
1 322
2 611
1 2566
1 2627
2 2986
1 1111
2 1371
2 1493
2 341
1 1026
2 747
1 1528
2 505
2 3003
2 1920
2 431
1 1464
2 2657
2 1547
2 1249
2 413
1 2845
2 148
2 1979
2 1703
1 792
2 161
1 527
2 2627
1 2851
1 2964
2 714
2 1875
1 2917
1 1220
2 22
2 1953
1 1079
1 2096
1 1933
2 699
2 1353
1 2863
2 2786
2 2782
1 2515
1 2514
2 71
2 818
2 2450
2 1669
1 1400
2 1303
1 791
2 3026
2 898
1 1372
2 2639
2 272
1 2698
1 3047
1 2882
1 2820
1 2549
1 1656
2 2528
2 2666
2 1342
2 1828
2 826
2 2775
1 229
2 1313
2 2693
2 754
1 949
2 813
1 21
2 221
1 1905
2 1362
1 1221
1 449
2 1009
2 2139
2 1680
2 3031
1 2602
2 756
2 728
1 1385
2 2357
2 2956
2 2881
2 1049
2 2459
1 733
2 2109
1 1913
1 1725
2 1701
2 758
1 1777
2 56
2 609
1 295
2 1845
1 1465
2 376
1 24
2 1399
2 2894
1 149
2 2165
1 503
1 1220
1 1355
1 1064
1 2878
2 689
1 516
2 2572
1 2753
2 1677
2 1420
2 1143
1 2191
1 334
1 848
2 2060
1 1839
1 438
2 234
2 748
2 311
1 1724
1 133
1 2093
2 1491
1 73
2 1595
1 1333
1 921
1 2185
1 2716
1 1192
1 2436
2 1671
2 2740
1 812
2 728
2 110
1 319
1 283
1 2621
2 838
1 1013
2 2391
1 2974
1 1271
2 950
1 1521
1 597
2 2359
1 2739
1 2688
1 2205
2 2794
2 534
2 236
1 1732
1 2108
1 889
1 2140
2 1721
2 1451
1 2876
1 521
2 1834
1 1151
1 313
1 1840
2 2745
2 2726
2 738
1 1487
2 2958
1 908
1 1183
2 1953
1 2912
2 723
2 1786
2 645
1 850
1 129
2 2368
1 2237
2 929
1 2019
1 2474
2 1516
1 1144
2 609
2 244
2 629
1 853
2 2287
1 1126
2 911
1 2398
2 2227
1 213
2 1985
2 1896
2 1991
1 1350
2 594
2 1851
2 1530
2 746
1 1431
2 587
2 880
1 2418
2 691
2 291
2 2903
1 1359
1 1760
2 810
2 2846
2 2420
2 64
2 51
1 2911
1 1322
1 1311
2 2891
1 2959
2 1649
1 402
2 2204
2 1394
1 1916
1 11
2 1863
2 200
2 2502
2 2513
2 1787
2 1273
2 1575
1 1772
2 1605
2 1465
1 1816
1 387
2 1261
2 1444
1 79
2 1743
1 2800
2 1935
2 847
2 991
1 2414
1 1326
1 1860
2 1822
2 982
1 537
1 1112
1 749
2 1609
2 485
2 1631
1 413
2 282
1 591
1 2142
1 293
1 1867
1 1779
1 1586
2 325
2 1428
1 979
2 2943
2 534
1 2584
1 2145
1 223
2 2421
2 75
2 450
1 44
2 1727
2 281
2 2249
2 1381
1 458
1 2500
2 1504
2 1278
2 1737
2 375
2 2093
1 1773
1 1085
1 343
1 2052
2 2867
2 1502
2 548
1 2410
1 1055
2 2107
1 2906
2 2441
2 71
1 1072
1 1743
2 539
2 1229
2 802
1 2170
2 559
2 2580
2 330
2 2669
1 1780
1 2026
1 2848
2 141
1 2168
1 1936
2 1317
1 901
2 1096
2 2515
1 584
2 1270
2 2086
2 1247
1 2821
1 211
2 2496
2 1712
2 665
2 1515
1 428
2 1975
1 2091
2 2214
2 1526
2 2789
2 1620
1 2297
1 2948
1 2662
1 2465
1 2451
2 669
1 2850
2 73
1 1532
1 2305
2 2533
1 931
1 1881
2 530
2 846
1 2148
1 1768
2 1798
2 1864
1 2139
2 2802
2 2420
1 1219
1 1949
1 1424
1 2535
1 536
2 2462
2 2686
2 1519
2 2963
2 1697
2 2055
1 2242
1 44
1 124
1 2001
2 2152
2 1246
2 1302
1 206
1 2808
2 2083
1 209
2 1537
1 630
2 471
1 2854
1 1281
2 2218
2 2176
2 1734
1 2290
2 523
1 1007
1 1871
1 2690
2 2246
2 2030
2 1886
1 2140
2 851
2 1510
2 553
2 1301
1 10
1 781
2 1237
2 188
2 2111
1 713
1 1467
1 1456
1 894
2 2508
1 2655
1 265
1 1835
1 2561
2 1122
2 380
1 1841
1 2551
2 760
2 2610
1 1306
2 324
2 2304
2 191
2 500
1 1316
2 366
2 2111
1 17
2 1746
2 411
2 1691
2 958
2 1821
1 315
1 2543
2 2329
2 3029
2 2699
2 2828
2 2469
1 541
1 2981
1 2996
1 1297
1 2440
1 1615
1 655
2 2136
1 546
1 245
1 1771
2 1667
2 809
2 2458
1 1900
1 1443
1 784
1 179
2 2547
1 2686
1 2406
1 521
2 2190
2 2236
1 736
1 1983
2 169
2 1665
1 2302
2 606
2 1368
2 2671
2 1149
2 687
1 1437
2 871
2 2819
2 299
1 1302
2 1295
1 1169
2 65
2 1159
2 2141
2 2607
1 2470
1 946
2 1629
2 2923
1 2449
1 2505
1 1647
2 1398
2 2272
2 879
1 688
2 2464
1 125
2 1853
1 1190
1 1456
2 1286
2 200
2 1300
2 210
2 2195
1 333
2 349
1 350
2 1790
1 378
2 283
2 1868
2 878
2 2928
2 696
2 912
2 2635
1 2228
1 2074
2 1176
1 241
1 2491
2 109
2 1862
2 333
1 1253
1 830
2 2498
2 1137
2 196
1 145
1 1588
2 2605
1 2173
1 2051
1 350
2 2254
1 2071
1 1287
1 1088
1 1764
1 1909
2 2800
2 2396
2 91
2 1261
2 72
1 164
2 60
1 2487
1 1636
2 130
2 377
1 1555
1 312
2 855
1 2475
1 128
2 1252
2 1335
1 491
2 1947
1 1633
2 204
1 947
2 719
1 2107
2 2579
1 2352
1 2213
1 152
2 2193
1 680
1 2081
2 1440
1 280
1 468
2 1970
2 600
2 2034
1 2799
2 255
2 1696
2 677
2 1203
1 1314
2 1277
2 2970
2 177
2 2771
1 2306
1 2075
2 1650
2 854
2 743
2 1558
2 1835
1 334
1 2
2 441
2 2017
1 2317
1 2611
2 1614
1 2250
1 2288
2 2230
2 1873
1 2321
1 1042
2 1864
1 531
1 264
1 284
2 957
1 2018
1 1132
2 1649
1 507
1 1959
2 2403
1 840
2 692
2 1468
2 2025
2 1495
2 2278
2 1272
2 1422
2 766
1 372
1 395
2 2581
1 2804
2 213
2 1604
2 2210
2 1111
1 498
2 2883
2 2437
2 2946
1 1065
2 168
2 2534
1 1053
2 843
1 228
1 1056
1 716
2 457
2 795
1 1294
1 2592
2 1538
2 549
1 1594
1 1019
1 2096
1 938
2 1517
1 761
1 2935
1 1776
2 2221
1 1512
2 2154
1 2519
1 2433
2 437
1 2274
2 2954
2 2618
2 2638
1 2807
2 1685
2 1632
2 1902
2 1535
1 3025
2 2614
2 1695
1 478
2 316
2 2075
1 2393
2 2785
2 1208
1 752
1 2339
1 1035
2 757
1 1880
2 2125
2 1104
2 194
2 157
1 1217
2 1641
2 2875
1 2153
1 2880
1 1507
1 376
1 57
1 2820
2 2789
1 880
2 2617
1 515
2 1626
2 1226
1 1778
1 1184
1 2522
2 1637
1 1584
2 2521
2 2592
2 159
2 1828
2 2967
1 1293
1 1962
1 1267
1 485
1 538
2 14
1 2172
2 724
2 3012
1 2609
2 2536
1 2122
2 1843
1 2737
2 2007
2 819
2 98
2 2026
1 2052
1 461
2 1540
1 1384
1 2952
2 985
2 1080
1 806
1 223
1 395
1 3042
1 2258
2 1149
2 1802
2 2957
1 116
1 2269
1 425
2 1915
1 50
1 2769
1 46
1 1228
2 1624
2 1927
1 2372
1 916
1 1843
1 230
2 1767
1 2350
2 1235
1 698
2 1069
2 1101
2 109
1 3037
1 1582
2 975
2 1288
1 953
1 261
2 974
1 1008
1 706
1 1067
2 1508
2 1174
1 1703
1 1164
2 2291
2 258
2 1182
2 1657
1 2608
1 2198
1 2965
2 2864
1 1333
1 1883
2 2476
2 1469
2 823
2 1014
1 244
1 2508
1 2884
2 1763
1 1138
1 1590
1 2183
2 930
1 1717
2 787
2 2700
2 37
1 2379
2 493
1 47
1 2676
1 2654
2 1241
2 2788
1 2940
1 2381
2 2597
2 578
1 1983
1 705
2 622
2 1209
2 2626
1 2025
2 577
1 2084
1 298
2 2192
1 616
2 1162
1 1827
2 1733
2 992
2 1518
1 104
2 1659
2 762
2 2197
1 2201
1 759
1 2628
1 360
2 2830
2 1373
2 2517
2 1416
2 79
2 1084
1 2538
1 1662
2 2946
2 1641
2 1675
1 231
1 694
2 2393
2 573
2 1698
1 228
1 747
1 2808
1 1471
2 593
1 2720
1 1015
1 3024
2 2581
2 285
2 1250
2 1734
1 2911
1 617
2 2224
2 570
1 1527
1 365
1 1992
1 2954
1 1500
2 1218
1 1469
2 260
1 2899
1 1248
2 712
1 1211
2 770
2 695
1 1167
2 2554
2 1346
1 2522
2 357
1 275
1 1365
1 1709
1 1682
1 2570
2 2254
1 1744
2 1697
1 1470
2 2216
1 2915
1 279
1 3048
2 317
2 2345
2 2907
1 1733
1 619
1 2387
2 2957
2 452
2 2959
2 464
1 1876
1 146
2 336
2 1785
1 967
1 942
1 601
2 2935
2 1801
1 1731
2 1006
2 2516
1 1928
1 2963
1 1123
2 1830
1 1562
1 2546
1 502
1 2430
1 323
1 392
2 2705
1 1132
2 2046
2 1446
2 2767
2 2601
1 2317
1 2472
2 2862
2 2945
1 178
1 1419
2 618
2 1485
2 2417
1 541
1 586
1 1946
2 2327
1 2839
2 1209
2 1612
1 708
2 731
1 1155
2 2179
2 2673
1 2645
2 1408
1 2755
1 921
2 2407
2 1116
1 1798
1 21
2 1594
2 1971
1 3013
1 2722
2 2342
1 2255
2 1885
2 278
1 633
1 212
1 642
1 1275
2 1997
2 1230
2 155
2 1433
1 783
1 739
2 709
2 1956
2 199
1 1344
1 963
1 2725
1 1449
1 29
1 2764
1 1502
2 172
1 2846
2 580
1 2826
2 1921
1 1942
1 2724
2 2739
2 640
2 3018
2 777
2 959
2 1652
1 2576
2 1534
2 1632
1 993
2 746
1 2015
2 2189
2 1140
2 1872
2 673
2 1949
2 1967
2 1108
2 403
2 2153
1 768
1 2414
1 2270
2 1999
2 2836
1 1824
1 2390
2 567
1 2188
1 563
2 338
1 591
2 1062
2 2783
1 1248
2 2146
1 773
1 893
1 329
2 565
1 722
2 1328
1 1781
2 2519
1 2068
1 8
2 667
1 922
1 1308
1 1830
1 654
2 828
2 593
2 1972
1 1679
1 827
2 2207
1 1098
1 542
1 1726
1 792
1 2586
1 2932
1 1324
2 2816
2 224
2 2377
1 319
2 2735
1 1783
2 2521
2 933
2 1568
1 1152
1 406
2 471
2 2126
2 677
2 3043
1 1330
2 2038
1 2548
1 1884
1 1093
2 2152
2 1666
2 794
1 2305
1 1671
1 1669
1 1561
1 2257
1 1893
2 1406
1 592
2 1683
1 1826
1 1122
2 1511
2 2017
1 1150
2 1793
2 1133
1 1747
1 752
1 2872
2 1689
2 2612
2 1995
2 2494
1 2932
1 453
1 1760
1 2424
1 2770
1 2215
1 1348
2 2601
1 1357
2 2683
1 2569
1 3015
2 1489
1 56
2 901
1 2701
2 2630
1 682
2 2714
1 1388
2 1292
2 1960
1 917
1 2937
1 2437
1 1523
2 2809
1 143
2 1749
2 556
2 1512
2 569
2 1965
1 2126
1 615
2 2901
2 1588
1 2999
2 2859
1 346
2 2665
2 803
1 1625
2 209
2 2731
2 422
1 63
1 1833
2 466
2 3045
2 2118
1 153
1 2860
1 2174
2 2492
2 1078
1 429
1 1751
2 1040
1 337
1 2750
2 2880
1 1002
1 1481
2 2502
1 2920
1 2823
2 976
1 808
1 1091
1 3032
2 62
2 720
1 1390
2 496
2 1857
1 1110
2 108
1 841
1 233
2 1844
2 437
1 1891
1 2328
1 2054
2 2706
2 1279
1 1715
2 2396
1 3044
2 142
2 2647
2 888
1 2687
2 1267
2 2771
2 1677
2 1334
1 272
1 253
1 751
1 1564
2 1886
1 2240
2 2005
2 2029
1 2268
2 2300
2 1131
1 83
1 1501
1 1700
1 779
1 1634
1 2162
1 162
2 475
1 2110
1 2987
2 369
1 729
1 1347
2 1591
1 2181
2 2790
1 1082
1 2531
2 1364
1 80
1 893
1 2490
2 2049
2 137
1 2811
1 857
1 652
1 26
1 479
2 1505
1 721
1 1462
2 1454
2 1692
2 369
2 2733
1 2011
2 2968
2 50
1 689
2 194
1 2363
1 1660
2 2708
1 2295
1 1916
1 2995
1 123
2 1745
1 732
1 1897
2 1280
1 1463
2 86
2 508
1 2506
1 94
2 2349
2 1847
2 1144
1 2633
1 2707
1 1339
2 2507
1 710
2 2244
1 2148
1 890
2 2158
1 1611
1 388
1 353
2 2523
1 1607
2 2049
1 364
2 1358
2 2255
2 1178
1 2144
1 682
1 486
1 2675
2 2553
1 375
2 1552
2 2929
1 1449
2 1097
1 2574
2 235
2 496
1 1430
2 2472
2 2985
2 3008
1 1610
2 1004
2 2889
1 2166
1 995
1 77
2 2577
1 2070
1 265
1 156
1 1484
2 3002
2 2020
2 2918
1 2130
1 1967
2 1020
1 908
2 1729
2 1517
2 2294
1 2634
2 504
2 2330
2 2286
2 2195
2 489
2 1310
1 2163
2 2761
2 1245
2 671
1 715
1 274
1 983
1 1378
1 2391
1 1982
2 1348
1 2568
2 2442
1 1815
1 2268
2 942
1 1602
1 1870
2 2839
2 2575
2 131
2 153
2 1276
1 1366
2 328
2 2991
1 1457
1 579
2 1407
1 2811
1 1599
1 801
1 889
2 2116
1 1598
1 2698
1 115
2 2962
1 3011
1 805
2 2177
2 1940
2 2032
1 1909
2 776
2 1928
2 394
2 160
2 2905
1 1293
1 1544
2 2634
2 1712
2 1831
2 2729
1 1086
2 2016
2 1063
1 199
1 1948
1 1705
1 1427
1 2408
2 739
2 2044
1 1164
1 2394
2 1735
1 1030
1 2123
1 1504
1 2080
1 953
1 1161
2 1100
1 2280
1 2220
2 1474
1 174
2 985
1 62
2 229
2 2287
1 2067
1 2253
2 1236
2 1401
2 2897
2 2022
2 1278
2 2069
1 1870
2 1912
1 1902
2 596
2 2757
1 320
1 2070
2 3021
1 2294
1 115
2 276
2 2031
1 736
1 1523
2 2370
1 2013
1 2835
2 2419
2 967
2 1292
1 2302
2 2084
1 2066
1 1186
2 1450
1 412
2 2757
2 2843
2 2824
2 2431
2 2517
1 492
1 495
1 1866
1 1974
2 2256
1 1340
1 1833
2 1242
1 1496
1 53
1 2765
2 1487
2 441
1 2338
2 1710
1 139
2 114
1 1565
1 494
1 1130
1 2424
1 1379
1 2992
1 1513
2 2399
1 2064
2 493
2 2904
1 819
2 1702
1 2950
2 2340
2 2885
1 2050
2 2267
2 1017
2 2171
2 221
1 1923
2 691
2 821
2 906
2 569
1 1805
2 1273
2 2651
1 2842
1 41
1 650
1 1942
1 960
1 1048
1 2633
1 1806
2 1809
2 2763
2 457
2 2495
2 1571
2 551
2 2585
1 2230
2 1094
2 2620
1 1911
2 1933
2 727
1 558
2 320
2 1043
1 31
1 1813
1 2782
2 907
2 1842
2 944
1 70
1 2347
1 2812
1 400
2 2855
1 1792
2 1422
2 2845
2 1323
1 1478
2 5
1 35
2 848
2 2453
2 1716
1 961
1 1312
2 23
2 1868
2 2524
1 891
2 799
1 1642
1 2527
1 344
2 1183
2 341
2 2194
2 2554
2 2559
2 2150
2 434
1 2944
1 2752
1 1848
1 663
2 2653
2 1775
1 2598
2 1648
2 1417
2 1699
2 2964
2 2146
1 1011
2 1850
2 89
2 576
1 2622
2 658
2 1142
1 467
2 3009
1 883
2 1146
1 170
1 642
1 1341
1 2143
1 256
2 207
1 1126
1 1709
1 1537
2 589
2 720
1 1016
1 1090
2 2263
1 1593
1 310
2 928
2 1380
2 1554
2 2868
2 2663
1 1955
1 1078
2 2682
2 2024
1 2119
1 2890
2 2747
1 974
2 2842
1 88
2 445
1 1287
1 250
1 1674
1 2543
2 2980
2 2937
1 790
1 627
1 2283
2 969
2 2744
2 2623
1 2795
1 1319
2 2045
2 1614
1 2360
2 1103
2 1945
2 3005
2 1797
1 2975
2 2669
2 1445
2 2695
1 11
1 107
2 820
2 949
1 360
1 2948
2 233
1 432
2 1619
1 835
2 1185
1 2708
2 789
1 2851
2 582
2 545
2 2227
1 308
2 476
2 37
1 990
2 7
2 2202
2 371
1 193
2 2089
2 1853
1 946
1 1906
1 54
2 2814
1 2958
2 550
1 2488
2 1355
2 41
2 1028
1 266
1 544
2 7
2 2059
1 2689
1 825
1 2194
2 2374
1 436
2 2113
2 2295
1 2035
1 732
1 687
2 2105
1 2678
2 2263
1 2265
1 987
1 2314
1 885
1 910
1 2712
2 177
1 661
2 581
1 1711
1 2449
1 2551
2 2351
1 1919
1 520
1 2687
2 2618
1 1381
1 2992
1 2091
2 765
2 2274
1 1157
1 69
1 1075
2 864
2 1040
1 2364
2 1360
2 181
2 810
2 2043
1 2780
2 737
1 1022
1 2077
1 15
1 3028
1 1076
2 2390
1 2640
2 2222
2 9
1 2243
1 2222
1 167
2 2758
2 2663
1 430
2 2889
2 2006
2 203
2 252
2 150
2 2211
1 402
1 2600
1 2381
2 769
1 833
1 2611
1 3033
1 2210
1 60
1 1180
2 904
1 256
1 2668
1 1063
2 2002
1 1740
1 1128
2 1337
2 1579
1 1312
1 916
2 2387
2 607
2 422
2 1546
1 647
2 1698
1 1792
1 788
1 557
1 103
2 854
1 1998
1 2283
2 1990
2 2485
2 1555
1 1426
2 646
1 1849
1 270
2 781
1 2636
1 1859
1 2563
1 990
2 1047
1 927
1 384
1 899
2 907
2 2924
1 1054
2 171
2 363
1 940
2 2791
1 1573
2 2869
2 925
1 138
1 912
1 464
2 2175
1 2089
1 2849
1 2499
2 2373
2 2095
2 674
1 2134
1 1466
1 1754
1 2422
1 1952
1 1491
2 2756
2 1899
2 2975
2 1723
2 263
2 2614
2 2156
2 686
1 1401
2 1214
2 1004
2 835
2 1940
2 494
1 704
2 416
2 877
1 2978
2 1988
2 351
1 1329
2 240
1 1663
1 84
1 248
1 77
1 1882
1 1025
2 2088
2 2828
1 1372
2 2430
1 1579
2 2657
2 1037
1 1861
1 564
2 392
2 300
2 1771
1 2540
1 1195
2 2438
2 1437
1 1595
2 1044
2 905
1 1192
1 196
1 632
2 2988
1 1180
2 2970
2 17
2 625
2 2300
2 702
1 1684
2 68
2 3012
1 2955
1 2547
1 997
2 2910
2 1667
1 1026
2 1274
1 1338
1 596
2 2552
1 1354
2 1575
1 1046
1 2369
2 703
1 2466
1 1473
1 2886
2 1511
2 2208
1 675
2 2691
1 1304
1 2814
1 1043
2 2299
2 624
1 2168
1 1234
2 1320
1 2173
1 14
1 2747
2 1341
2 2014
2 147
1 2879
1 456
1 1214
1 2456
2 645
1 479
2 626
1 251
1 307
1 1951
1 839
1 2537
2 2166
2 2385
2 1739
2 533
2 1788
1 2121
2 1767
1 2605
1 2186
1 1451
1 2322
2 393
1 2589
2 1321
2 2352
2 144
2 1424
2 2583
1 78
1 2993
2 192
2 2582
2 2856
2 2908
2 1707
1 2401
2 970
1 1410
1 2670
1 1148
1 1399
1 1038
2 2073
2 1823
2 1737
2 910
2 863
2 988
2 2545
2 2443
1 1774
1 2984
1 61
1 1392
2 2914
2 2550
2 1153
2 2781
1 1433
1 644
2 2137
1 3037
2 2421
2 2448
1 2048
1 867
2 13
2 3010
2 2000
1 2817
1 1347
2 863
1 595
1 1664
1 2053
1 1803
1 2432
2 675
1 1289
1 1869
1 2647
1 2523
2 1837
1 1751
2 277
1 367
2 1474
1 2985
1 126
2 2822
1 807
1 1
1 620
1 1068
2 1249
1 1510
1 2751
1 1168
1 1548
1 3025
1 1799
2 662
1 2217
1 986
1 273
2 1015
2 24
1 1138
2 1944
1 1464
2 251
2 1466
1 2796
1 2034
1 731
1 2223
1 1973
2 2589
2 1996
2 1095
1 1052
2 2133
1 336
1 2652
1 2216
2 1210
1 2728
1 2097
2 1924
2 2328
1 2766
2 2761
1 1569
2 2909
2 2172
2 2504
1 1121
2 409
1 116
1 379
2 1861
2 1061
2 1639
1 2080
1 698
1 1380
1 315
2 1494
1 405
1 96
2 1966
1 1944
1 1827
2 384
2 489
2 2368
1 1852
2 2857
1 1926
2 1644
2 1025
2 1720
2 1570
2 419
2 2784
2 23
2 1384
1 1976
1 293
1 844
1 789
2 2029
1 2879
1 2685
1 2037
1 511
1 343
2 1673
2 1570
1 1672
2 1229
1 1257
2 2893
1 1931
2 2681
1 2563
2 6
2 329
2 1796
2 2988
2 1134
2 2451
1 136
2 560
2 1599
1 1200
2 2480
1 1971
2 1892
2 1917
2 517
2 913
2 476
2 361
1 911
2 780
1 359
2 488
1 561
2 869
2 325
1 2641
2 2474
2 1306
1 2399
1 2930
1 2573
2 1158
2 1213
1 2644
1 2635
2 1105
1 699
2 1412
2 669
2 390
2 685
2 48
1 872
1 532
2 1583
1 1577
1 348
2 530
2 2619
2 1237
1 724
1 1699
1 2476
1 1393
1 672
1 1359
2 2984
2 451
1 1438
2 2429
2 567
1 2732
1 2382
1 668
1 1141
2 826
2 417
1 2340
2 1807
2 193
1 1962
2 963
2 2856
1 452
2 1913
1 761
2 484
2 1211
1 1088
2 161
1 844
1 2853
1 2013
1 1134
1 2332
2 1436
2 2833
1 435
1 1761
2 589
1 1560
1 3049
1 2191
2 2748
1 184
2 1045
1 2702
2 3
1 1055
2 1245
2 836
2 821
1 783
2 1054
1 1172
1 649
2 1877
1 1869
2 1898
2 276
1 1091
2 1964
2 3034
2 3009
1 2495
1 666
2 1074
2 905
1 396
2 578
1 2251
2 1400
2 1710
1 166
2 139
1 1011
1 1616
1 147
2 857
2 1987
1 2965
1 735
1 1925
1 1802
1 1515
2 1874
1 2413
1 2730
2 2781
2 1736
1 356
1 897
2 1461
2 1425
2 951
1 1439
1 203
1 928
1 1489
2 1130
1 1366
1 123
1 2137
2 1382
1 1173
1 1196
2 89
1 1435
1 418
2 2509
2 2754
1 499
2 1713
2 383
1 2092
1 2802
2 1331
2 486
2 188
2 1806
2 1322
1 42
2 2544
2 621
2 1285
1 340
1 1269
2 605
2 2205
2 3046
1 2949
2 34
1 2144
1 1395
1 2751
2 681
2 2167
1 787
2 2852
1 170
2 84
2 2320
2 2311
2 1857
2 2121
2 1750
1 87
2 183
1 932
1 2036
1 2494
1 2104
2 2817
2 796
1 1020
1 3019
2 1398
1 365
1 2725
1 2709
2 612
1 667
2 1187
1 1079
2 2680
1 1701
2 2894
2 1673
1 2796
2 1332
2 1939
1 2145
2 2382
2 914
1 2712
1 2632
2 2383
2 1479
1 2221
2 1240
2 668
1 2501
1 2260
1 215
1 2218
1 261
2 2318
2 1022
1 1663
1 1206
2 461
2 134
2 748
1 176
1 328
2 2326
2 2098
2 606
2 700
2 1524
2 991
1 2534
1 2188
2 1226
1 1740
2 2124
2 2622
2 3039
2 2941
1 2199
1 1856
1 1650
1 1066
2 121
2 2440
2 1865
2 1421
1 2090
1 2281
1 1874
1 514
2 2840
2 3045
2 238
2 1363
2 2403
2 2047
1 2067
2 1505
2 738
1 259
2 1757
1 307
1 278
2 1746
1 1300
2 1396
2 113
2 550
2 1509
1 33
2 1993
2 1039
1 1543
1 1263
1 134
1 1404
1 113
1 2923
1 2623
2 1714
2 2444
2 1820
1 2389
2 2918
2 757
2 866
1 2241
1 2036
1 2709
1 2178
2 622
1 1294
2 1412
2 2193
2 1101
1 2631
1 202
2 785
1 2489
1 852
2 2415
1 152
2 129
1 904
2 3047
1 2467
1 2525
2 49
1 704
1 2292
2 2908
1 1136
1 2334
2 1336
2 853
1 1961
1 2124
1 2324
1 1419
1 659
2 1219
1 2810
2 2512
2 1170
1 2694
1 766
2 2477
1 2156
1 2301
1 2760
1 1418
1 2692
2 2555
2 996
2 2046
1 2780
1 989
2 2773
1 190
1 2876
2 1920
1 2189
2 1455
2 956
1 1943
2 1034
1 2488
1 2832
2 2994
1 986
1 1635
2 2746
2 1102
2 249
2 1472
1 2512
1 1109
1 2767
1 2217
1 386
1 224
1 1236
2 573
1 1532
1 1982
2 1153
2 1215
2 1494
1 2020
2 997
2 2012
1 2404
1 2384
2 2320
2 625
2 2450
2 387
2 2498
1 446
2 565
2 2815
1 2779
2 1203
1 214
2 999
1 371
2 1670
2 2805
1 1529
1 2253
2 2742
2 987
1 205
1 2008
2 2904
2 817
1 78
2 1003
1 2202
2 1929
1 2714
1 2201
2 2426
1 1472
1 2379
2 2269
2 2405
2 1271
1 1238
1 1545
2 797
2 1658
2 651
2 1978
2 2083
1 1763
2 588
1 2661
2 2535
1 1643
1 1338
2 1077
1 1009
1 544
2 105
1 3035
2 1642
2 1832
2 2331
1 2376
1 2183
1 103
2 2332
2 2165
2 358
2 2691
2 1317
1 2200
1 1259
1 1730
1 834
1 1037
2 2897
1 3030
2 598
2 1894
2 1829
1 1414
1 526
2 2079
2 386
1 2459
2 2163
1 574
2 1402
1 370
2 1136
2 1694
2 1416
1 1475
1 1863
1 1411
1 393
1 2738
1 1780
1 722
1 1930
1 138
2 1073
2 305
1 2445
2 462
2 2982
1 2900
1 701
1 2448
2 861
2 122
1 1349
2 2493
2 304
1 2905
1 2924
1 2095
1 167
1 58
1 1889
1 683
1 2239
2 1283
2 729
2 2027
1 2358
1 69
1 1276
2 2934
1 2301
2 348
2 2245
1 1744
2 2760
2 421
1 5
2 753
2 1087
2 2372
2 33
1 182
1 2226
2 3049
2 1060
1 871
2 2999
1 2260
2 2615
2 31
1 1989
2 2356
2 2409
1 849
2 2588
2 462
2 2112
2 487
1 2832
1 2768
2 1608
2 1467
1 2086
1 742
2 1764
2 1216
2 2037
2 2054
1 1604
1 3014
1 19
2 318
1 1298
2 1107
2 1482
1 2027
2 1819
2 619
2 2736
1 2397
2 2538
1 1215
1 1431
1 2810
2 547
1 59
2 2279
1 2571
1 545
2 2423
2 782
2 878
1 1968
1 2677
1 2629
2 1090
2 1159
1 1562
1 291
1 269
2 299
1 1018
2 1896
1 730
1 994
2 2322
2 756
1 1460
1 2615
1 39
1 2114
2 1678
1 2557
1 3000
1 1185
2 697
1 2354
1 2063
2 1525
1 817
1 2327
1 1375
2 2506
2 1389
1 2652
2 2571
2 424
1 2862
1 1765
2 2704
2 1409
2 186
2 840
2 1794
2 1295
1 64
2 531
2 2079
2 941
1 516
2 507
1 2510
2 1625
2 966
1 580
2 2804
2 575
1 2484
1 88
1 2531
2 1534
1 1960
1 2684
1 2639
1 295
2 2499
1 1146
1 1415
1 1748
1 1981
2 1200
1 3023
2 2741
2 1388
1 934
2 2542
1 2066
1 3015
2 1217
2 2490
2 1353
2 1858
1 1204
2 2433
2 2171
2 755
2 292
2 93
1 406
2 621
2 2138
2 469
2 1950
2 2956
1 2180
1 2325
1 1660
2 2637
1 1051
2 678
1 1064
2 1143
2 1345
2 2518
1 2728
1 1839
2 1846
1 1908
1 268
2 2132
2 2933
1 1386
2 1423
1 587
2 249
1 2991
1 2232
2 1610
2 776
1 1721
1 1678
2 1521
1 2721
1 1066
1 1981
1 149
1 1102
1 749
2 936
2 2823
1 900
1 2009
2 2038
1 488
2 456
2 2489
1 424
2 1640
2 112
1 2220
2 1542
2 2584
2 1310
2 556
1 616
1 898
1 2626
2 1615
1 834
1 684
2 1256
2 1415
2 362
2 2660
2 483
1 1179
1 2886
1 12
2 286
2 9
1 2482
2 497
1 374
2 2149
2 2989
1 2335
1 98
2 866
1 70
1 1222
1 234
2 2829
1 2310
1 1804
1 75
1 1514
2 1448
2 1369
2 2088
2 474
1 842
2 2068
1 32
2 1803
1 2315
2 2155
2 3008
2 2155
1 1284
2 824
2 1812
1 2651
2 2955
2 1963
2 1877
1 1752
2 2271
1 2604
2 1739
1 1628
1 2345
1 321
1 554
2 1904
2 2180
2 2480
2 864
2 2711
2 1888
1 1332
1 2378
2 1922
2 2284
2 92
2 331
2 2347
2 239
1 788
2 1941
2 257
2 416
1 2015
2 1246
2 881
2 2348
1 1435
2 2010
2 1389
2 164
1 2881
1 1687
1 285
1 1930
2 1151
1 1596
1 2671
1 208
2 1029
2 1391
2 1572
2 1796
2 503
2 421
1 1076
2 242
2 2041
1 3036
1 1917
1 2402
2 586
2 572
2 740
1 1708
1 2854
2 2841
2 38
1 2541
2 1711
1 1845
2 2122
2 1544
2 2131
2 560
1 1903
2 2836
1 2341
1 2234
2 1205
2 1135
2 1539
2 2101
2 2384
1 1795
2 425
2 772
2 491
2 511
2 55
2 1343
2 1513
2 1722
1 1421
2 962
2 58
2 1556
1 2467
2 2690
1 734
1 2776
1 2397
1 1999
2 2776
1 1001
1 2870
1 1613
1 1290
1 1365
1 2209
2 1574
2 971
2 2135
2 1623
2 175
2 1772
2 414
1 1782
1 1142
1 875
2 1811
2 1430
1 322
1 1032
1 288
2 2668
2 1894
2 1113
2 950
1 165
2 797
2 99
1 2250
1 2989
2 2824
1 2447
1 2819
2 563
2 2703
1 2039
1 1972
1 1127
1 2436
1 2225
1 1533
1 875
1 2299
2 613
2 2650
2 2134
2 1984
1 2354
2 1558
1 1727
2 643
1 1591
1 665
2 566
2 2755
1 1062
1 347
2 1646
1 2596
1 273
1 450
1 206
1 2412
1 1702
2 1783
1 1815
1 318
2 2898
1 2455
1 896
1 708
1 657
2 1275
2 1331
1 1391
1 2895
1 1490
2 2719
2 852
1 2325
1 2002
2 1761
2 918
2 2974
1 2010
1 2326
2 1542
2 2357
1 1929
2 2679
1 2710
1 1535
1 232
2 2065
2 568
1 952
1 1204
1 301
1 2211
1 2758
2 1083
1 20
2 355
2 430
1 956
2 540
2 588
2 409
2 1762
1 1223
1 1545
2 108
2 2969
1 290
1 1810
1 767
2 1769
1 2606
2 218
1 1706
2 1030
2 2375
1 2539
1 339
2 399
2 815
1 1117
2 1175
2 385
2 2237
2 1598
1 2744
1 890
1 1023
1 1825
1 1059
1 1750
1 2164
2 434
2 2280
1 572
2 1736
1 2076
1 2307
1 2208
1 1390
1 1157
2 2717
2 632
1 1567
1 1682
2 3005
2 2947
2 67
2 3034
1 1039
1 528
1 66
2 2186
1 1314
1 2511
1 768
2 74
2 2529
1 1899
1 1805
1 1527
2 2885
2 1784
1 1531
2 513
1 2463
1 2617
1 1738
1 1114
1 2196
1 2102
1 2082
1 2277
1 2667
1 2281
2 1548
1 2567
2 943
1 1842
1 808
2 87
2 332
1 2353
2 1256
2 653
2 2388
2 1368
1 302
1 2081
2 397
2 1298
1 2902
1 2206
2 934
1 2443
1 1879
1 97
2 1392
1 532
1 1326
1 1069
2 219
2 1071
2 463
1 2953
2 599
2 2643
1 330
1 576
1 1110
2 2648
2 851
2 633
1 417
2 1524
2 2094
1 611
1 389
2 1147
2 1951
2 117
2 1628
2 1692
2 2896
2 1943
2 1201
1 2578
1 1194
2 1715
1 1646
2 2039
2 1807
1 676
2 1269
2 1932
2 137
1 2942
1 1262
2 643
2 865
1 3038
1 2249
1 977
1 150
1 713
1 2773
1 2273
2 2271
1 492
2 1878
1 2969
2 262
1 1713
1 690
1 979
2 1497
2 681
2 648
1 1105
1 2705
2 751
1 448
2 2766
1 688
1 310
2 2678
2 1529
2 1080
1 1052
1 2746
1 900
1 32
1 1946
1 1103
1 1486
2 2976
2 1829
2 1468
1 1152
2 1901
2 1462
1 1182
1 2813
1 1327
2 1189
2 2276
2 2169
1 1718
1 1383
1 1865
2 2085
2 43
2 179
1 2118
1 42
2 1616
2 1225
1 1367
1 1945
2 648
1 2868
2 2431
2 2688
2 2463
1 2926
2 1961
2 2383
1 1065
1 1952
2 2558
2 2415
1 1765
2 895
2 2342
2 2371
1 2344
1 282
1 635
2 28
1 614
2 1212
1 919
1 954
2 2319
1 1540
1 624
1 2505
2 96
1 1213
1 444
2 2135
1 2117
1 222
2 2388
2 1441
2 1666
2 2071
1 807
2 527
2 2902
2 2574
1 3000
2 585
2 785
1 2852
2 1260
2 1973
2 1486
1 2161
1 16
1 1428
1 1441
1 2412
2 1316
1 355
2 1758
2 923
1 2282
2 3039
1 301
2 239
2 1481
1 2176
2 286
2 2159
2 548
2 3024
1 2595
1 2729
1 1637
1 1693
2 2167
1 1519
1 2857
2 20
2 163
1 176
2 1210
2 744
1 972
2 68
1 1175
1 2361
2 1329
1 3022
2 1289
2 1127
1 2950
2 2170
1 459
2 701
1 1000
1 639
1 2653
2 1813
2 1158
2 1334
2 976
2 533
1 2514
2 1609
1 2921
2 173
2 1094
2 1791
2 2369
2 2232
1 842
2 2756
2 1774
2 2138
1 1352
2 634
2 2778
2 1426
2 775
2 2831
2 2858
1 1611
1 2259
2 1618
1 1325
2 1470
2 964
1 105
1 1707
2 2887
1 2865
1 1623
2 2847
1 2438
1 1447
1 1418
2 2493
1 2777
2 1299
2 243
1 943
2 2425
2 838
1 782
1 85
1 2077
1 2966
1 1017
2 1934
1 506
1 1270
2 2995
2 144
1 2619
1 2949
2 1784
1 2866
1 2658
1 1284
2 773
1 1244
1 2484
1 1837
2 2793
2 614
1 180
2 2813
2 929
2 1613
2 1872
2 1643
1 1855
1 2406
1 106
2 1601
2 2520
1 1954
1 671
2 536
1 326
1 2896
1 1556
2 2745
2 2692
2 1383
2 955
1 1984
1 584
1 2285
1 1492
2 2752
2 1323
1 2056
1 1077
2 2882
2 1838
2 658
2 794
1 673
2 252
1 1766
2 2990
1 1117
1 2593
2 102
2 590
1 1371
1 2818
2 2939
2 3004
2 1444
2 868
1 254
1 2159
1 1296
1 1095
1 631
2 980
2 162
2 2621
2 2566
2 1001
2 90
2 110
2 2590
2 686
1 1645
1 1349
2 166
2 2284
1 2916
1 1319
1 763
2 1125
1 454
2 1978
1 327
2 1327
2 477
1 1814
2 2235
2 1207
2 2806
2 965
1 356
2 2024
1 2160
2 2558
1 1597
1 717
1 403
1 1581
2 506
1 2643
2 1364
2 2794
2 314
1 1636
1 157
1 1265
1 2826
2 603
1 945
1 2105
1 2903
2 2455
2 1379
2 66
2 2413
2 690
1 1565
2 1509
2 1140
1 1748
1 3021
2 119
2 2058
1 372
1 2213
1 2591
1 2841
1 2638
1 510
2 1749
1 151
1 1955
1 1576
1 1251
2 1337
2 1496
2 2481
1 1607
1 836
1 262
2 1357
1 1819
1 197
2 2986
1 1854
2 423
1 2977
2 2942
1 517
2 2062
2 806
2 1948
1 1618
1 657
2 29
2 1350
2 745
1 2308
1 2004
2 2266
2 543
2 1405
1 1901
2 2718
2 3035
1 2235
1 169
1 1717
1 954
1 2910
1 610
1 1181
2 1393
2 2370
1 391
2 2906
1 1634
1 102
1 1014
1 4
1 2933
1 734
1 1892
2 2142
1 2891
1 1638
2 947
1 860
1 1098
2 2546
1 870
1 2921
1 1212
2 2478
1 1976
2 2363
1 992
1 1087
1 1730
1 1866
1 2375
2 2361
1 1938
2 2792
1 311
1 2742
1 2367
2 2971
2 1013
2 2311
2 1900
2 1674
1 2063
1 2103
2 1583
2 1910
1 839
2 2762
2 2364
2 36
1 860
2 2411
2 868
2 154
2 948
1 735
2 1624
1 1367
2 518
1 1979
2 1008
2 455
1 189
1 2513
2 508
2 1059
2 467
1 1181
2 1286
1 427
1 2931
2 1305
1 628
2 2048
2 40
2 1457
1 340
2 2076
2 3020
2 2033
2 1658
1 2925
1 3007
2 1600
1 1770
1 53
2 2743
2 385
1 2350
2 2713
2 758
2 1492
2 2659
2 1574
1 2997
1 190
1 1162
1 715
1 2
1 1177
1 2917
2 449
1 1500
2 198
2 2706
2 1921
2 2593
2 2834
1 2005
1 3027
2 1668
2 753
1 1824
2 414
2 396
2 972
1 2961
1 2385
1 1549
1 469
1 526
1 856
2 2033
1 1810
1 2207
2 1396
2 635
2 2072
1 2282
1 2927
1 2973
2 1620
1 267
1 1998
2 1592
1 694
2 3036
2 1906
2 800
2 1243
1 2023
2 447
2 2178
1 235
2 2803
2 1195
2 1397
1 3
1 2695
2 579
1 1629
2 2754
2 1693
1 1851
1 86
2 2479
1 2928
2 1977
1 1027
1 1495
1 1773
1 1402
2 1664
1 490
2 1577
2 1745
1 2914
2 2427
1 2662
2 298
2 404
2 2278
1 2087
1 1058
1 2324
2 1179
1 1653
1 1987
1 876
2 2527
1 1145
2 1633
2 796
1 887
2 703
2 141
1 940
1 2967
2 1344
1 902
2 2850
2 1455
1 1656
1 2539
2 468
1 733
1 1694
2 2231
2 1242
1 1753
1 1438
1 28
1 2259
2 2355
2 1800
1 3030
1 2434
1 2674
1 2863
2 2873
1 2435
1 1630
2 201
2 2132
2 3040
1 95
2 2346
2 1728
1 324
2 647
2 3001
1 3023
2 2713
2 36
2 2309
2 2023
2 582
2 2478
1 2938
1 1852
2 2922
2 1460
1 2429
2 1756
2 2716
2 2672
2 2646
2 1397
1 398
2 2078
1 2174
1 156
1 1032
2 884
2 2518
2 1165
2 1689
2 920
2 1387
2 2059
1 2339
2 811
1 2962
2 1234
1 2644
2 1679
1 1587
2 750
1 2365
2 2247
2 2031
2 2006
1 2042
2 1724
2 1238
1 982
2 1695
1 597
1 2511
2 1849
1 3041
2 1883
1 1488
2 2040
2 2344
1 2297
2 2595
1 2907
2 1485
2 2479
1 763
2 2496
2 961
1 2303
2 2417
2 2457
2 1563
2 1818
1 2787
2 1706
1 923
1 2895
2 2248
1 2256
1 2265
1 2556
2 2481
1 2830
2 3011
1 323
2 828
2 1908
1 1453
1 247
1 1206
1 1808
1 1499
2 2680
2 381
2 1882
1 2289
1 978
2 1859
2 1049
1 321
2 592
2 2428
1 2590
2 1309
2 2395
2 26
1 2092
1 2401
2 2666
2 941
1 445
2 2199
2 612
1 1619
2 1046
2 502
1 726
2 594
1 2798
2 2262
1 652
2 1005
1 2329
1 743
2 180
1 2100
2 2727
1 2533
2 1
2 730
2 2720
1 435
2 2631
2 2840
2 231
2 3040
2 602
1 2362
1 1187
2 605
2 2184
2 1918
1 2219
2 998
1 1283
2 903
1 1121
2 326
2 2051
2 1653
1 964
2 1194
1 227
2 2966
1 719
2 1161
2 615
1 136
1 83
2 2061
2 2770
2 1288
2 1797
1 303
2 2825
2 2641
1 2646
2 1473
2 1905
1 1031
1 2929
2 741
2 312
2 248
2 876
2 1617
1 1351
1 3043
1 1475
1 1831
2 2228
2 1018
1 1726
1 1630
1 1448
2 1508
1 2035
1 1410
2 2677
1 1516
1 3017
2 1993
2 1272
2 1754
1 2386
1 47
1 1452
2 2356
1 2899
1 1871
1 2082
1 2045
1 2649
2 1539
2 2943
2 2040
1 426
2 1135
2 888
1 2074
1 2931
2 2056
2 1919
2 562
2 246
1 2247
1 2336
2 208
2 795
1 3017
2 523
2 1937
1 1201
2 2400
2 919
2 1404
1 629
2 2528
1 1406
1 2737
2 1107
1 2560
2 2727
1 1154
1 1124
1 1958
1 1224
1 2853
1 2468
2 2575
2 1786
2 981
2 811
1 1856
1 52
2 1070
2 2477
2 849
1 1394
2 1034
1 2471
2 2018
1 25
1 242
2 2875
2 1499
1 634
1 824
2 2815
2 1432
1 1033
2 707
2 1281
1 608
2 2608
2 2323
1 2127
2 3041
2 408
2 520
2 2266
1 1150
1 357
2 2313
1 2734
2 1586
2 1665
2 1804
2 2136
2 1244
1 771
2 726
1 1550
1 474
1 2786
1 1941
2 2529
2 2994
2 2028
1 1176
1 354
2 258
2 938
2 554
2 3022
1 1318
1 349
2 2772
2 30
2 189
1 146
1 2389
2 897
2 801
2 1969
2 482
2 3007
2 6
2 2486
2 267
2 2106
1 2473
1 2503
2 1522
1 48
2 2047
2 1339
1 2147
2 2030
1 2585
2 91
1 1031
1 405
1 2888
2 2861
1 1005
2 1010
1 1704
1 480
1 1305
2 211
1 46
2 401
2 1045
1 2044
1 802
2 1188
2 696
1 431
2 764
1 2359
2 289
1 744
1 1536
1 1123
1 2190
1 1742
2 368
2 2241
2 2272
1 1661
2 2855
2 2996
2 2402
2 2285
2 1850
1 1910
1 121
2 1554
1 552
2 2245
2 932
1 529
2 454
2 693
1 2041
2 1795
1 1605
2 1092
2 718
1 2650
2 1050
2 585
2 2759
1 401
2 2642
2 1600
2 1139
2 2198
2 1199
1 1086
1 2242
1 1041
2 930
1 2913
2 2536
2 920
2 831
2 873
1 2960
1 118
2 2693
2 847
2 363
2 1753
2 2835
2 1990
1 827
2 2926
2 814
1 270
2 275
2 1858
1 2801
2 2799
2 2632
2 2685
1 436
1 181
1 289
1 2648
2 948
1 2697
1 1029
2 799
1 418
1 1559
1 524
1 8
2 1053
1 966
1 814
1 51
1 656
2 717
1 501
2 2419
1 207
1 1621
2 2404
2 2483
2 996
2 2769
1 1264
2 465
1 2548
1 2655
2 499
1 1549
2 1471
1 1351
1 2849
1 1096
1 672
2 2276
2 1696
2 2169
2 2392
1 1081
2 1335
1 192
2 218
2 2788
1 522
2 1163
2 1342
2 342
2 495
2 562
2 351
2 1514
1 1174
2 2689
1 131
1 183
1 287
2 1191
2 1191
2 1738
1 284
1 433
1 2197
2 604
1 999
1 2743
1 679
2 366
2 3026
2 1820
1 1221
2 1189
2 2003
1 118
2 2874
2 1781
2 93
2 2936
2 710
1 1759
1 2371
2 723
2 2501
2 2252
2 309
1 1490
2 1816
1 1991
2 2785
2 1370
1 1445
1 2426
2 130
2 1024
2 448
1 2883
1 3004
1 1626
1 777
1 2337
2 2304
2 302
2 2550
1 2298
1 1958
2 1007
2 2151
2 2427
2 306
1 1081
2 832
1 135
1 3050
1 1723
1 2004
2 945
2 2462
1 2555
2 2774
2 1313
1 185
1 3006
2 4
1 2940
1 2670
2 271
1 2164
2 650
1 551
1 1585
2 2520
2 1893
2 61
2 59
1 1061
1 1118
1 2127
2 2292
2 2057
1 2224
2 886
2 2007
2 1003
1 965
1 353
2 750
1 2099
2 2316
2 564
1 1826
1 2500
2 1934
2 617
2 1461
2 1407
1 2057
2 674
2 163
1 1903
2 412
1 1757
1 2011
2 2461
2 891
1 664
2 101
1 2243
2 2837
2 1847
2 388
1 2323
1 35
1 1328
1 583
2 2231
1 1988
1 2408
1 338
2 1808
1 2642
1 2968
1 2656
1 1044
1 952
1 2321
2 1572
2 631
1 280
1 2085
2 988
1 195
1 1996
2 2492
1 1729
1 1321
1 1050
1 1010
1 1954
1 3050
2 1125
2 2158
2 1994
1 1566
2 2445
1 1141
1 2724
1 2060
1 182
2 636
1 1223
1 1016
2 1779
1 159
1 111
1 1417
2 2884
1 1986
2 99
2 1231
2 2871
1 1186
2 1420
1 2286
1 2150
2 1035
1 869
1 684
1 1265
1 335
2 52
1 250
1 2805
1 1343
1 2475
1 1263
2 1177
2 1434
2 1137
1 1315
1 1907
1 862
2 2982
2 1452
2 1501
1 958
2 124
1 3001
2 2058
2 204
2 2787
2 1387
1 2439
2 2418
1 2187
1 553
2 2701
1 1193
1 2444
1 1705
2 2583
2 2458
1 798
2 2452
2 984
1 1752
1 973
2 184
1 2257
1 524
2 1128
1 2365
1 2288
1 100
1 2447
2 1589
1 512
2 618
2 628
2 2722
2 344
1 604
1 1855
2 237
2 2290
2 82
1 711
1 2542
1 770
2 640
2 1100
1 1033
2 158
1 906
1 2831
2 481
1 2673
2 255
2 641
2 1048
2 2275
1 1429
2 1243
1 1571
2 410
1 2939
1 1336
1 968
1 867
1 2877
2 1352
1 1257
1 2793
2 1184
1 740
2 1688
2 1253
1 1266
2 1876
1 210
2 1684
1 895
1 1821
2 1247
1 18
1 1668
2 1927
2 2061
2 1887
1 2676
2 1789
1 1115
2 1897
2 1227
1 1969
2 314
1 2452
2 1041
1 661
1 25
1 2115
1 1768
2 2925
2 2753
1 1057
2 1639
1 1089
2 2212
1 2597
1 769
2 2572
1 899
1 2273
2 487
1 760
2 566
1 613
1 1732
2 1506
2 195
2 2460
2 2179
2 2334
1 1964
2 767
1 2151
2 1170
1 1147
1 220
1 2238
2 2162
1 2366
2 2749
2 2972
2 95
1 1109
2 1589
2 2275
1 226
1 111
2 2699
1 1208
1 470
2 34
2 2697
2 2229
1 1647
1 1070
1 935
1 1231
1 263
2 1622
2 535
2 2485
2 2185
1 227
2 480
1 2865
1 1139
1 304
1 2203
2 1691
2 630
2 2526
2 2587
1 154
2 381
2 2606
2 1006
1 2871
1 481
1 1374
1 2487
2 1659
1 2416
2 2892
2 1239
2 1493
1 522
1 1596
2 2987
1 707
2 1432
1 12
2 2779
1 543
1 2765
1 397
1 1627
2 2570
2 429
2 475
1 1809
2 2223
2 1414
2 269
1 2209
2 3032
2 1580
1 2993
1 2877
2 2348
2 1167
1 394
2 2972
2 232
1 1258
1 2453
2 45
1 2803
2 3033
2 2864
1 173
2 1747
2 2072
1 1970
2 1832
2 45
1 2916
2 1801
1 1423
2 335
2 528
1 101
2 1957
2 2214
1 85
1 80
1 1720
1 1129
2 420
1 1021
1 1155
2 780
1 253
2 2586
1 415
2 191
1 158
1 879
1 281
2 2053
2 1291
1 2733
2 2233
2 2335
2 2333
1 2607
1 1759
2 793
2 3029
1 2628
2 540
1 1084
1 1477
1 274
2 359
1 1915
2 2509
1 742
1 1114
2 786
1 1116
1 2660
2 1812
2 2434
1 636
1 1145
1 2460
1 1071
1 404
2 2441
1 1651
2 659
1 793
1 1606
1 112
1 76
2 2482
1 1986
1 2576
1 727
1 294
1 660
2 1282
1 535
2 1708
2 2718
2 1058
2 2983
2 1108
2 245
2 2507
1 1652
2 2313
1 443
2 2920
2 1672
2 2602
2 1266
1 2915
2 1776
1 638
1 1291
1 1790
2 706
2 2768
1 1503
1 1576
1 1758
1 884
2 1793
1 1947
2 2616
2 1924
2 2098
2 779
2 1198
2 107
2 716
2 151
1 260
1 1557
1 2844
2 603
2 903
2 2710
2 2540
2 236
1 981
1 513
1 2008
2 2715
1 2748
1 279
1 538
1 809
2 2516
2 1361
1 2161
2 2537
1 497
1 705
1 268
1 215
2 1622
1 2184
2 670
2 478
2 1559
1 1156
1 1755
1 2003
2 539
2 2442
1 655
2 1939
1 2983
1 2951
2 2659
2 714
1 2901
1 2981
1 790
2 1690
1 2944
2 623
2 1463
1 2867
1 1985
2 2979
1 433
2 1590
2 1825
2 1106
1 600
2 1520
2 2141
1 816
1 463
2 1171
2 1704
1 1459
1 2900
2 509
1 2465
1 2233
1 608
2 2960
1 373
2 570
1 383
1 2567
1 784
1 374
2 1083
1 858
2 2848
2 1235
2 2181
1 498
1 595
1 1075
2 1330
2 1518
2 1197
2 391
2 19
2 1160
2 909
2 933
2 389
1 1994
2 114
2 3010
1 2366
1 2177
1 774
1 831
1 1735
2 442
1 2977
2 1766
2 1250
2 186
2 1360
2 30
2 140
1 599
1 1841
2 2014
2 1036
1 2530
2 805
1 2723
2 2700
1 1311
2 1038
1 1722
1 2234
2 2469
2 1057
2 247
1 683
1 2912
2 804
1 225
1 764
2 2775
1 1606
2 2120
1 623
1 653
1 2941
2 1382
2 602
2 2557
1 175
2 1506
1 1932
2 2154
1 741
2 370
2 525
1 382
2 800
2 2306
2 1661
2 1963
2 3031
2 1957
2 1429
2 2187
2 1503
1 1844
2 882
2 1476
1 1603
1 2182
1 2707
2 2073
2 1403
1 993
1 2251
2 420
1 1093
2 1631
1 2679
2 2196
2 1074
1 117
2 1569
2 2541
2 317
2 2380
1 1520
2 2696
1 1834
1 2947
2 2711
1 2654
1 1458
2 926
2 2129
1 2919
1 1995
1 762
2 2609
2 883
2 1950
1 127
2 160
1 1477
1 2380
2 931
2 820
1 804
1 3027
2 2099
2 2735
1 217
2 1977
1 2115
2 339
2 1687
2 2777
1 1543
2 222
1 2373
2 2293
2 2952
1 607
1 692
1 2021
1 1867
2 296
2 1309
2 2798
1 2998
2 559
1 2784
1 924
2 951
1 407
1 2428
2 816
2 2801
1 1547
1 537
2 2656
2 1362
2 772
2 2870
1 1303
1 1777
2 1811
1 909
2 92
1 2483
2 1459
1 660
2 171
1 1408
1 142
1 2312
2 104
2 2861
1 865
2 316
2 873
2 2610
1 2838
2 1483
2 482
1 352
2 2331
2 296
2 725
2 646
1 2355
1 2315
2 1601
1 1719
1 3014
1 2114
2 1794
1 126
2 165
2 638
2 2807
1 1778
2 1277
2 2069
2 2157
2 300
2 132
2 2022
1 2874
2 2599
2 2376
1 1966
1 2261
1 2319
1 1922
2 1482
2 1563
1 2919
1 2330
2 1685
1 2248
2 1262
2 1593
1 2110
2 2858
2 1301
1 1166
1 2432
2 120
2 1992
2 1862
1 288
1 427
2 2395
2 2774
1 939
2 2703
1 2843
1 2816
1 515
1 346
2 1640
2 2524
1 378
2 2206
1 989
2 1573
1 140
1 337
2 1564
2 1373
2 832
2 1356
2 2310
2 1160
2 1818
1 1228
2 398
1 1099
1 303
1 2598
1 2564
2 774
2 465
2 1681
2 1923
1 2645
1 63
2 361
2 983
2 219
1 2175
2 1498
2 2560
2 574
2 1814
1 1370
2 1965
2 2525
1 1884
2 1719
1 254
2 2702
2 2267
1 2749
2 2797
2 1926
1 829
1 737
1 305
2 2730
2 2624
2 2410
1 685
2 2219
2 2704
1 641
1 1686
2 2772
2 1551
2 637
1 1478
2 2307
1 1890
1 2471
2 870
2 1602
2 1683
2 2123
2 1980
2 693
2 347
1 125
1 428
1 174
2 205
1 2337
1 1756
1 1522
1 1403
1 241
2 2562
1 2360
1 1788
1 373
1 2239
2 1356
2 2565
2 225
1 1021
1 555
1 379
2 216
1 1895
2 501
1 1224
1 1787
1 257
1 217
2 2032
1 1232
1 1507
1 1458
2 3042
2 2636
1 2561
2 2296
2 1584
1 2277
1 825
2 2055
1 639
1 3002
2 1443
2 1363
1 1207
1 1202
1 1676
2 627
1 937
2 2374
2 1131
1 43
1 1895
1 845
2 695
2 390
2 451
1 2182
1 2649
1 1340
1 198
1 1439
2 2723
1 1119
2 377
2 2019
2 1912
1 226
2 2961
1 1023
2 2582
2 711
2 2577
2 1846
2 2246
1 670
2 1002
2 2893
2 202
2 38
2 2012
1 2131
2 2425
2 1531
2 246
2 55
1 1115
2 1036
1 1268
2 120
2 918
2 1258
1 470
2 2665
2 2087
2 460
2 133
1 1914
1 2312
1 892
1 292
2 654
2 16
1 1297
1 440
1 1193
1 2562
1 2859
1 1369
1 1936
1 791
1 925
1 970
2 3020
2 2001
1 755
2 22
1 656
2 500
1 1690
1 837
2 2980
1 2119
2 830
1 676
1 1067
1 610
1 937
2 1878
2 2732
1 721
2 2308
1 1354
2 1374
2 894
2 1885
2 1911
1 2016
1 2682
2 2454
1 1232
1 2097
1 998
2 2262
2 2349
2 1675
2 2603
2 2298
2 1533
2 466
1 2497
2 509
2 1742
2 1307
1 447
1 2203
2 725
1 2309
2 2594
1 2289
1 2873
2 1989
1 2468
1 2446
1 327
1 1188
1 342
2 818
1 2510
1 1129
2 666
1 529
2 2613
1 1385
1 2797
2 2620
1 926
1 1112
1 1395
1 552
1 2367
1 306
2 2346
1 1770
2 1172
1 2503
2 1056
1 978
2 1230
1 815
1 2569
1 2090
1 786
1 813
2 1163
1 1068
2 887
1 1662
1 2215
2 1413
1 1775
2 277
1 313
1 3044
2 1484
2 439
2 2990
1 2108
2 1233
1 94
1 1528
1 1785
2 1268
1 308
2 1442
1 352
2 1479
2 2580
2 1148
1 2362
1 1541
1 637
2 18
1 709
1 2338
1 1000
1 1568
1 155
2 2783
2 2938
2 3038
2 1216
1 2637
1 649
2 309
1 861
2 2844
1 1274
1 1375
1 2833
1 1082
1 1582
1 1654
1 1480
2 959
2 1106
2 2664
2 1612
2 1454
2 419
1 2358
1 1731
1 1254
1 1377
2 1968
2 2613
1 271
2 1233
1 568
2 2675
1 2400
2 1307
1 1255
1 459
2 555
1 2291
2 2473
1 2078
2 2028
1 1377
1 2461
2 2998
1 803
1 1092
1 1282
2 1681
2 243
1 1446
1 2532
2 1225
2 148
1 525
1 1119
1 458
2 1938
1 216
1 2847
2 1648
2 2378
2 2504
2 2578
2 577
2 172
2 1279
1 2625
1 2834
1 2343
1 2791
1 81
1 2790
2 718
1 2549
1 2922
1 2117
1 2423
1 1937
1 1875
2 1597
2 2270
2 1561
2 2951
1 2392
2 2128
2 859
1 1838
1 90
2 426
2 575
1 2101
2 1202
2 1567
1 620
1 1324
2 2341
1 2106
1 1197
1 1789
2 1888
2 1453
1 187
2 1386
1 2559
1 2544
1 2715
2 1358
2 2212
1 874
2 1550
1 969
2 913
2 2129
1 2829
2 1817
2 2497
2 510
2 2405
1 100
1 846
1 453
2 2909
2 1240
1 443
2 1442
1 973
1 885
2 2612
2 1935
