6600 1000
1 2993
2 2324
1 1602
1 1893
2 2991
1 2071
1 690
2 633
1 2845
1 2466
1 2082
1 2221
2 2081
2 3059
1 1104
1 1645
2 642
1 1828
2 412
2 2822
2 473
2 1814
2 3092
1 286
2 572
2 829
1 833
2 1968
1 1660
2 2404
2 2935
2 3265
2 1093
1 2705
1 1314
1 3185
2 1274
1 1415
2 599
2 2959
2 1287
2 28
1 914
1 2541
1 1095
1 2833
2 659
2 1037
1 1052
2 3048
2 1759
1 1154
1 2830
1 1505
1 2559
2 1
2 2954
2 1254
1 1563
1 1727
1 531
1 2981
1 1485
2 1910
2 1676
2 2727
1 2097
2 2649
1 3228
2 1805
2 834
1 2021
2 760
1 1418
2 372
1 1429
1 1628
2 731
2 615
2 1400
1 301
2 1906
1 2826
1 2583
1 3063
1 1912
2 1503
1 2747
2 406
1 314
2 1715
1 2200
2 956
2 483
1 2579
1 755
1 1413
1 1347
2 1346
2 2419
1 3115
2 592
2 2085
2 1126
1 882
2 625
1 1665
1 1413
2 788
2 3181
1 2896
2 77
1 761
2 355
2 2397
2 3049
2 3193
2 1585
2 246
1 766
2 2732
1 2797
2 1564
2 1275
1 1969
2 1488
2 343
1 1423
2 1088
1 1587
1 79
2 463
1 159
1 2050
1 1138
2 2738
2 1426
2 1731
1 2189
2 979
2 1842
1 1366
2 1953
1 1013
1 2173
2 821
2 1717
2 987
1 677
1 755
2 323
2 140
1 1898
1 525
2 53
1 1493
2 2112
2 448
1 2864
1 3090
2 1650
2 1069
2 1584
2 215
1 1389
2 2161
2 871
1 3020
1 1813
1 2061
2 2103
1 907
2 1539
2 31
1 3053
1 491
2 1851
2 1544
1 2925
2 1694
2 2202
1 3030
1 1049
1 2862
2 3298
2 191
2 1372
1 2720
1 24
2 1599
1 2016
1 298
2 2057
1 335
1 2445
1 1482
1 1794
2 1198
1 1894
1 2966
2 128
2 2806
1 993
1 1744
1 1873
1 724
2 274
1 2198
1 3221
2 3291
1 321
1 2456
1 2382
2 1686
2 1807
1 758
1 3122
1 2210
1 1153
2 1460
2 431
1 795
1 2611
2 234
1 919
2 516
2 2769
1 949
1 1257
1 364
1 2546
2 2977
1 889
1 1854
1 441
1 217
1 1985
2 204
1 1164
2 1664
1 1914
2 1741
2 2977
2 614
1 2820
2 2932
2 1069
2 295
2 485
2 1344
1 1913
2 2062
2 3041
1 1008
1 2824
1 854
1 1753
2 1023
1 2019
1 1407
2 1584
1 433
2 119
1 22
2 1729
2 2650
1 2524
1 193
2 2690
1 1695
1 2446
1 1108
1 2940
2 2613
1 534
2 1378
2 1581
1 359
2 1811
1 848
2 2047
1 2651
1 2992
2 2090
1 502
2 720
2 3156
2 1307
1 2100
1 2921
1 1450
1 3266
2 1535
2 2349
2 2666
1 780
2 2080
1 391
1 3288
1 2696
1 1793
1 2718
2 2946
2 1846
1 3201
1 342
2 2187
1 742
1 1376
2 1931
1 220
1 1390
1 1373
1 948
2 331
1 1009
1 2958
2 1539
1 2086
1 1755
2 1513
1 1147
1 1431
2 289
1 1790
1 53
1 1106
1 640
1 1291
1 46
1 1491
1 1446
2 1529
1 1629
2 2703
2 737
1 1727
1 164
1 1222
1 2262
1 2634
2 2987
1 2847
2 3232
1 625
1 79
2 1246
1 1325
1 188
2 1791
1 2764
1 94
2 163
2 2876
1 260
1 249
1 2216
2 3050
1 2829
2 944
1 2169
1 895
2 2151
1 792
1 2188
2 2702
2 555
1 1890
2 1972
1 838
1 359
2 912
1 23
1 63
1 523
2 538
2 2501
2 1954
2 1443
2 125
1 2477
2 1117
1 2449
2 3184
1 1172
2 748
2 1203
1 3290
2 2053
1 160
1 189
1 2298
1 470
1 155
2 1411
2 2240
1 2065
1 3123
1 505
1 2917
2 254
2 3138
1 1034
2 610
2 3027
2 256
1 2887
1 1319
2 1808
1 195
1 1375
2 2289
1 118
1 913
2 1576
2 2563
2 1597
2 3163
2 114
2 2915
1 2494
1 2490
1 1124
2 696
2 3137
2 735
2 1245
2 2780
1 2788
1 2431
1 1175
1 3087
2 1767
2 1618
2 84
1 450
2 715
2 1239
2 2130
1 444
2 2540
1 2519
1 3152
2 3077
2 3204
2 1869
2 2613
1 2805
1 2818
2 2840
1 2627
1 3071
1 2219
2 2534
1 3187
1 653
2 2837
1 2854
1 2775
2 508
2 1731
1 351
1 172
1 486
2 713
1 1448
1 1262
1 2031
2 2555
1 341
2 554
2 2401
1 485
2 460
1 2669
1 1792
2 2161
2 1420
2 576
1 2660
2 226
1 220
1 1479
1 745
1 2463
1 563
2 1811
2 357
1 1633
2 1626
1 568
1 2687
1 2016
1 1482
2 2135
1 2620
2 1242
2 3076
2 945
2 497
1 805
2 2386
1 2086
2 245
1 3026
2 182
2 209
2 2398
2 1654
1 207
1 2657
1 378
1 1691
2 1047
1 763
2 1614
1 573
1 2224
2 1534
1 2918
1 1213
2 983
2 2266
2 1871
1 1075
2 2478
1 881
2 22
2 1572
2 2051
1 577
2 1749
2 767
1 1078
2 308
2 1854
1 859
2 1150
1 397
1 643
1 2564
1 1280
1 2367
1 2315
2 2076
1 808
1 3276
2 2936
2 3263
1 565
2 306
2 2928
1 1968
1 2746
2 1902
2 2665
2 3195
2 1229
2 2706
1 1527
2 1353
2 3203
2 2856
2 2219
2 356
1 2216
1 1653
1 2810
1 168
2 709
1 861
1 1103
2 937
2 1561
2 365
2 1944
2 20
2 1297
1 683
1 2947
1 2164
2 2912
1 800
1 721
1 2508
1 2689
1 501
1 946
1 212
1 3287
2 863
2 1626
2 83
2 2697
2 1487
2 1673
1 666
1 1340
2 1565
1 2783
1 3011
1 2913
2 2175
2 3002
2 1690
1 2641
2 1206
2 1332
2 2740
1 123
2 2516
2 2987
2 2170
2 393
2 2302
2 1562
1 2091
1 116
2 1946
2 2632
1 1291
2 399
1 3281
2 2006
1 2513
2 2328
1 1453
2 2903
2 591
1 2545
1 1175
1 1603
2 3248
2 1536
2 1128
2 1637
2 840
1 635
2 89
2 120
1 1151
1 3214
2 3046
1 2474
1 694
1 1656
1 2137
2 1554
1 115
2 882
1 1370
2 1522
1 2936
2 3047
2 3224
2 2619
1 2127
2 3183
1 2229
1 1601
2 2458
1 1095
1 2666
1 338
2 158
2 116
2 373
2 663
2 1435
2 1970
1 346
2 2270
2 1963
1 3146
1 1634
1 1452
2 2882
2 2817
1 2358
1 827
1 529
2 1661
2 109
2 1632
2 315
1 1510
1 1480
1 3111
2 2637
1 2248
1 633
1 2646
2 3191
2 1188
1 1819
1 3264
1 2734
1 36
1 1504
1 2340
1 1785
1 875
2 3028
2 1186
1 2294
2 906
1 2344
1 1435
2 1171
1 816
1 613
2 277
1 556
2 3123
2 1973
2 1308
2 12
1 1798
2 820
1 32
1 955
2 1224
1 389
2 3017
1 1941
2 3054
2 1203
1 1132
1 1213
1 2592
1 2680
1 3108
2 2831
1 409
1 2412
1 878
2 2425
1 1638
2 1485
1 864
1 3082
2 930
1 1188
2 1425
1 80
2 13
1 1706
1 1946
1 1619
1 1350
1 162
2 263
1 2291
1 644
2 1531
1 970
2 2282
1 597
1 1339
1 2212
2 2389
1 2983
1 909
1 1699
2 1525
2 1454
2 498
2 452
1 86
1 1032
2 1998
2 809
1 1116
2 829
1 1284
2 2156
1 1113
1 394
2 2970
2 782
1 1752
2 1416
2 918
2 1034
1 3172
1 3031
1 2109
2 2217
1 3060
2 1249
1 1772
1 500
2 2698
1 764
1 974
1 3117
2 1486
2 458
2 16
2 1083
1 1465
2 163
1 3042
2 2512
1 959
2 2606
1 1401
2 959
2 3124
2 3122
2 2191
2 2525
1 2422
1 2290
1 1555
1 1294
2 2687
2 2972
2 1803
2 2234
2 351
1 1977
1 1934
2 173
2 92
2 3124
1 1279
2 1371
1 184
1 2659
2 2884
1 501
2 2149
2 3001
2 81
2 2242
2 2208
1 1646
1 3015
1 1840
2 1367
1 2164
1 961
1 468
2 1582
2 1818
2 2500
1 2460
2 2660
1 1127
1 1647
1 1879
2 2455
1 642
2 1337
2 3058
2 1566
2 3158
2 2714
2 2536
2 101
2 659
2 2890
2 1713
1 462
2 2522
1 2893
2 942
1 3061
1 2214
2 2245
2 3135
2 825
2 225
1 1758
2 274
2 1414
2 3150
2 361
2 2696
2 2032
1 804
2 1978
2 542
1 1348
1 667
1 1221
1 316
2 1075
2 260
2 823
1 1195
2 2544
2 1021
2 1554
1 2272
2 18
2 2548
1 2024
2 916
1 3295
1 1843
2 82
1 679
1 1343
1 493
2 923
1 3276
1 1466
1 2551
2 925
1 1362
1 685
1 880
2 2586
2 2360
2 2926
1 1311
1 1609
1 2825
2 3251
2 2481
1 2635
1 203
1 1740
2 1098
2 1837
1 1732
1 1558
1 2712
2 856
2 2723
2 1939
2 1225
2 1130
1 3195
2 2049
2 1865
2 2070
2 42
1 1023
2 639
2 1574
1 2832
1 2334
2 81
2 1802
1 464
1 810
1 2357
2 774
1 1107
2 559
2 1646
1 615
1 512
1 1447
2 2759
1 3045
2 1300
1 1859
1 1437
1 1595
1 705
2 489
2 244
1 1033
1 245
2 544
2 495
1 2143
1 1994
1 2474
1 1753
2 3033
1 1218
1 315
1 1100
2 2114
1 2933
2 2308
2 3248
1 708
2 367
1 636
1 2859
1 2584
1 1962
2 1209
2 1914
2 2949
2 1598
1 3055
2 2955
2 1208
1 1776
1 2314
2 1863
1 2647
2 1643
1 2309
2 1442
1 2622
1 2437
1 1509
1 2429
1 243
2 2338
1 222
1 78
2 2844
1 1090
1 1862
2 1452
2 110
1 2265
2 370
1 3256
1 1820
2 1453
1 2533
2 911
2 2174
1 1410
2 2603
2 1012
1 532
1 2383
1 1316
2 1743
1 2934
2 680
1 1160
1 2577
2 960
1 1220
2 563
1 2476
2 607
1 958
2 872
2 88
2 3147
2 1596
2 126
2 593
2 2615
2 787
2 1318
1 2864
1 500
2 2471
2 2905
1 1193
2 2281
1 746
2 2624
1 1693
1 1721
1 82
1 2640
1 1073
1 2453
1 174
1 3051
1 750
1 461
1 288
1 2407
1 1532
1 3058
2 1212
2 480
1 2509
1 1628
2 1276
1 17
2 2297
2 953
1 1523
1 1045
1 1421
1 1294
2 1157
2 2081
2 649
2 1551
2 1110
1 2486
2 426
2 2953
1 2372
2 824
2 2037
2 3226
1 1401
2 2668
2 2273
1 2833
1 2600
2 652
2 1886
2 3212
1 851
1 1696
2 150
1 3215
2 3275
1 972
2 1102
2 1958
1 1568
2 196
2 58
2 807
1 1575
2 3002
2 2752
2 2843
1 2224
2 641
2 2672
1 1243
1 2746
1 3226
2 1200
2 2005
1 1499
1 2361
1 793
1 2363
2 1877
1 3028
1 2252
2 1441
1 711
2 30
2 2382
2 1072
1 1666
2 988
1 2039
2 1330
1 64
1 1562
1 1298
1 2292
1 1145
2 1813
1 1184
2 138
1 2920
2 3078
2 2356
2 2568
2 357
2 2333
1 608
2 2469
1 2729
2 2994
2 512
1 1345
2 1543
1 1680
2 1363
2 839
1 2421
1 69
1 1892
2 3159
1 2542
1 339
2 2781
1 185
1 1364
2 2012
1 2770
2 54
1 1580
2 33
1 3000
2 122
2 1725
1 1028
2 1376
2 1623
2 2658
2 284
1 2694
2 2940
2 1794
2 2917
2 223
1 1507
1 3160
1 1665
2 2499
1 280
1 2272
1 1950
1 1781
2 844
2 470
1 1176
2 682
2 1267
2 2411
1 3138
1 3134
1 1223
2 898
1 935
1 423
1 1616
2 459
1 728
2 337
2 2890
1 1206
2 2900
2 2340
2 307
2 2264
1 1894
2 569
1 3118
2 2369
1 2785
1 1462
2 244
2 2568
1 2489
2 2871
2 1736
1 522
1 1365
1 1800
2 2346
1 504
2 1329
1 1468
1 2757
1 790
2 1827
2 232
1 2177
2 1185
2 3177
1 2539
2 1003
2 1099
1 381
1 486
1 681
1 2268
1 460
2 418
1 1638
1 709
1 1950
2 2132
2 148
2 2325
2 779
2 732
2 2509
1 278
2 1934
2 1323
2 836
2 2215
2 857
2 148
1 3168
1 870
2 3261
2 1039
2 1892
2 970
1 3056
1 2775
1 2792
1 3023
2 1775
2 1502
2 147
2 248
2 1810
1 185
2 1010
1 98
2 810
1 2129
2 2862
1 1356
1 2621
1 1424
1 2517
1 1746
1 2042
1 2129
1 308
1 1745
1 2498
1 2160
2 733
1 1548
2 710
2 2336
2 889
2 891
2 1131
2 2557
2 901
1 1254
2 3268
2 1117
1 1536
1 2823
2 3059
1 1990
2 3200
1 2329
2 371
2 526
2 2473
1 2874
2 2306
1 1464
1 480
2 2101
1 596
2 1520
1 2360
2 992
2 2967
1 2439
2 98
1 741
2 868
1 3148
1 1830
2 1995
2 192
2 3246
2 130
2 752
2 2939
1 967
1 1031
1 3141
1 1709
1 3132
1 1449
2 2138
2 3267
1 2662
1 2852
2 3098
1 2714
1 733
1 1142
1 678
2 1657
1 2121
2 3005
2 1281
1 2158
1 350
2 1474
2 2181
2 25
2 1801
1 1191
2 2524
1 2994
2 2829
2 1853
2 791
2 65
2 44
1 1014
2 1701
1 843
2 2006
2 1153
2 2908
2 2739
1 1528
1 1760
2 396
1 124
2 3231
1 276
1 3096
1 1980
1 971
1 393
2 2656
1 1687
1 731
1 920
1 3114
2 2758
1 1669
1 3114
2 1422
1 2333
2 1295
2 3219
2 2812
1 2167
1 135
1 3250
1 374
2 2576
1 2221
2 108
2 2589
2 1445
2 1050
2 2587
2 552
1 1296
1 857
2 1591
2 241
2 1290
2 199
2 3259
2 2105
1 1866
1 637
2 3004
1 3
2 1089
2 994
1 84
1 440
1 1858
1 1178
1 13
2 3100
2 1800
1 596
2 420
1 933
1 1250
1 1436
1 1252
2 1867
1 2200
2 149
2 1071
2 2745
1 3102
2 1622
2 1582
1 387
2 939
2 2145
2 2585
1 3259
1 1542
2 1901
1 4
2 597
2 1991
2 2417
1 575
2 2957
2 293
2 1933
1 3069
1 2533
1 1971
1 927
2 1986
2 2197
2 2239
2 986
2 1045
2 1196
2 2038
1 2472
1 1221
2 862
2 1588
2 254
2 1979
2 2322
2 1742
2 3289
1 2805
1 2371
2 1210
2 2483
2 3128
2 1350
1 2116
1 194
1 1769
1 2918
1 339
2 482
1 1454
2 578
1 2410
1 2490
2 1046
2 2320
1 475
2 966
2 91
2 736
1 2275
2 3003
1 1508
2 2172
1 1709
1 3249
2 179
2 2215
2 741
2 1769
1 616
2 2861
2 1248
1 1586
2 909
2 2328
1 1404
2 1920
2 3030
1 1648
2 1024
1 965
1 1353
1 456
1 1979
2 1477
2 1827
2 2465
2 1912
2 3263
2 2463
2 2300
1 3078
1 1559
1 702
2 520
2 2742
1 60
1 1883
1 1748
2 371
1 9
2 1040
1 43
2 957
1 1915
1 2329
1 3257
2 1761
1 2287
1 2681
2 201
1 258
2 619
2 2733
2 982
2 360
1 3092
1 1081
1 1593
2 1595
2 1728
1 330
2 2937
1 2879
1 1895
1 1211
2 2331
2 2682
2 2119
2 350
2 2127
2 774
1 1275
2 656
1 2842
2 3091
2 1225
2 814
2 510
1 253
2 2079
2 3229
1 3048
1 3033
1 3064
1 1695
2 2510
2 543
1 2047
2 1139
2 2672
2 2364
2 2317
1 2446
1 1250
2 2117
1 159
1 2880
1 1779
2 705
2 3269
1 469
2 773
1 338
1 2259
1 2291
1 2779
2 2406
1 2211
2 1027
2 2911
1 947
2 281
1 2251
2 2637
1 1369
2 405
1 697
2 2701
1 1901
1 2184
1 2260
2 1938
1 2648
1 2834
2 1856
1 2834
2 2924
1 769
2 3087
2 3208
1 1384
1 991
2 3163
1 1161
1 2062
2 2952
1 1957
2 1559
1 1129
2 2285
2 3110
1 2540
1 145
2 1632
1 1502
1 745
2 852
1 1874
1 1021
1 1433
2 1864
2 1708
1 1541
1 90
1 190
1 2938
1 2177
1 1163
1 2817
1 516
2 1910
2 1070
2 1747
2 2035
2 3296
2 878
2 1005
2 936
1 408
1 2141
2 41
1 2762
1 2117
1 1331
1 2596
2 518
2 113
2 3175
2 1770
1 398
2 666
1 2715
2 2980
1 715
2 1658
2 1551
2 319
1 356
1 2008
2 688
2 1663
1 1403
2 3247
1 3018
1 2785
2 2849
2 1295
1 1704
2 181
1 402
2 557
2 3116
1 2116
2 2506
1 1328
1 687
2 877
2 2902
2 1545
2 3084
2 3238
2 310
1 2380
1 2074
2 238
2 2452
2 2676
2 1094
2 872
2 690
1 782
1 2508
1 2515
2 1434
2 2111
1 3227
1 2032
2 929
1 2464
1 1686
1 2656
1 134
2 1444
2 416
2 1933
2 1036
1 2131
1 48
2 1784
1 2538
1 3012
2 2257
2 3108
1 7
2 2163
2 332
1 1216
1 2511
1 2975
1 1895
2 743
2 130
2 538
2 2057
1 1765
1 1994
1 1647
2 874
2 636
2 2749
1 2812
1 49
1 1105
1 1248
2 1061
1 2337
2 2401
2 2305
1 2891
1 314
2 1472
1 1121
1 1834
2 3006
1 452
2 2873
1 367
2 3292
2 1852
2 2167
1 264
2 3131
1 2728
1 2023
2 2570
2 2185
2 1964
2 890
1 2341
2 3025
1 2270
1 2924
2 1200
1 2976
2 166
1 2296
1 145
2 273
1 435
2 3194
1 2944
1 2941
1 2343
1 481
1 2025
1 663
2 2997
1 3154
2 626
2 1750
2 873
2 400
2 1532
2 362
2 132
2 1166
2 911
2 2464
1 1152
2 2060
1 2447
1 1231
1 2050
1 386
1 1475
2 1474
2 515
2 2762
2 662
2 3253
2 376
2 891
1 931
1 1682
1 1396
2 2684
2 2528
1 1956
1 757
1 1513
2 800
2 581
2 285
2 3066
1 851
2 595
1 1667
1 309
1 296
2 2335
2 2986
1 638
1 2175
1 355
1 520
2 240
2 2159
1 2730
2 2052
1 647
1 3173
2 1334
1 1907
1 697
1 1808
2 1713
1 409
2 2931
2 3000
2 1325
1 1605
2 3074
1 1674
1 1358
2 2553
2 2849
1 2349
2 1449
2 165
1 1860
1 1121
2 1644
2 2374
1 783
2 2435
2 1006
1 2721
1 2974
2 2439
1 2808
2 318
1 2144
2 227
2 2874
2 1564
1 1596
2 2408
2 26
2 1945
1 817
1 1971
1 96
1 1399
2 2804
2 1334
2 1542
2 1832
2 450
2 77
1 2235
1 692
1 1757
1 1241
1 3088
2 1074
2 2745
1 2567
1 2916
1 443
1 2999
2 2753
1 1079
2 3283
2 2984
2 2773
1 913
1 1557
1 589
2 517
2 208
2 1314
1 2492
2 1498
1 950
2 2323
1 858
2 837
1 1359
2 3118
1 2150
1 1955
2 855
1 212
1 1180
2 2339
1 271
1 1828
2 1732
1 689
2 78
2 1118
1 1392
2 594
1 2537
2 266
1 1406
2 51
1 420
2 1722
1 1168
1 884
2 2781
2 837
1 2755
2 2943
2 1796
2 602
2 3075
2 2364
1 2138
1 328
1 1982
2 843
2 2554
2 2663
2 799
1 3223
2 2457
2 1988
2 415
1 429
1 2087
2 585
2 1974
1 3151
1 2969
1 471
1 3153
2 380
2 2373
1 3043
1 1570
1 682
1 1387
1 425
2 1919
1 1197
1 1587
1 1887
1 572
1 230
1 667
1 2937
2 2327
2 656
1 2319
2 1615
1 2567
2 1351
2 772
1 3080
1 2101
2 2710
1 6
2 1290
1 494
1 1560
1 1105
1 553
2 1775
1 97
2 1500
2 586
2 2155
1 198
2 2136
1 2927
1 2027
1 1439
1 218
2 926
1 127
2 129
1 263
1 2665
1 1634
1 3262
2 2677
2 2007
2 3155
2 2961
2 2461
2 762
1 432
1 3129
2 2507
2 221
2 408
2 1100
2 828
1 2888
2 1317
1 117
2 2124
1 1706
2 2691
2 1055
1 2848
1 1088
2 3291
2 3161
2 1882
2 5
1 1414
1 3024
2 3055
1 2396
2 1789
1 2179
2 681
1 1546
2 3141
2 2591
1 590
2 167
1 645
2 1739
2 2828
1 1825
2 944
2 3008
2 272
1 467
2 1003
1 1616
1 1776
1 2674
1 2503
1 3252
2 2585
1 609
2 2309
1 1577
2 2744
2 1787
2 3160
1 904
1 2102
1 1145
2 2387
1 1368
1 1042
1 1527
2 2276
1 2655
2 2855
1 2453
1 1835
1 1258
2 1601
1 2350
2 704
1 366
1 862
2 440
2 2970
1 2277
2 847
1 127
1 1940
2 3269
1 1835
1 1868
2 2108
1 570
2 1358
2 3188
1 2863
1 280
1 311
2 248
2 1948
1 753
1 619
2 628
1 180
2 209
2 2040
2 683
1 725
1 712
2 1076
2 749
2 3094
2 796
2 358
1 1297
1 2348
2 3006
2 2133
2 2283
1 941
2 2046
2 3109
1 2263
2 368
2 1573
1 1466
2 2430
2 1430
2 144
2 2960
1 2774
1 2184
2 756
1 593
2 234
2 446
2 2929
2 932
2 2140
2 2064
1 1515
2 2487
1 227
1 2403
1 1589
2 2183
1 3109
1 2403
1 2228
1 3182
2 927
1 727
1 1627
1 1304
1 561
2 1918
1 1347
2 2580
1 2072
1 1620
1 3253
2 1305
2 1761
2 2385
2 404
1 1205
2 2432
2 1501
1 684
2 1772
2 341
2 2877
1 2440
2 1059
2 649
1 2815
2 1001
1 2772
1 1581
2 2845
1 3220
2 453
1 1989
2 1641
1 2944
2 70
1 1204
1 382
1 1645
1 2199
2 2391
2 2704
2 526
1 2651
2 2499
1 151
1 1959
1 2513
1 2728
2 845
2 2230
2 2144
1 2438
2 574
2 1230
1 1420
1 1085
2 2241
2 1456
2 1960
2 380
2 790
2 2375
1 2089
2 1306
2 1253
2 1719
1 2928
1 1814
1 2946
1 2764
2 868
2 2067
2 152
2 806
1 1922
1 975
1 2683
2 1301
2 639
2 3009
1 2898
2 1603
2 2789
1 24
2 1578
2 1056
2 2414
2 914
2 2416
2 1300
1 1335
1 1461
1 1868
1 2713
2 1080
2 3274
1 2644
2 412
2 544
2 2763
2 3040
1 2095
2 2054
2 2087
2 2932
2 323
1 839
1 2148
2 736
2 2642
1 644
2 1031
2 2441
1 581
2 1483
1 324
2 797
1 2313
2 898
2 72
2 2014
1 1068
2 922
1 2020
2 2008
2 966
2 559
2 802
2 2187
2 1278
2 1148
1 2123
2 962
1 1081
2 43
1 2247
1 1924
1 2077
2 2662
1 786
2 2654
2 441
1 1618
1 2377
1 2473
1 1217
2 1774
1 1756
2 61
1 2467
1 2710
2 2972
1 1101
1 1398
1 184
1 1609
2 2877
2 2548
1 2342
1 1700
1 1688
2 3031
2 1108
1 2903
1 2142
2 2559
1 3
1 1734
2 1541
2 608
2 191
1 2793
1 606
2 432
2 1849
1 2767
2 421
1 2600
1 786
1 3077
1 2905
2 2497
1 2802
2 1062
2 2726
2 1537
1 238
2 1925
2 1883
1 42
1 2675
1 1067
1 3281
2 2920
1 779
1 2507
1 2411
1 1766
1 1179
2 1258
2 584
1 2198
2 1786
1 3040
2 1162
2 239
1 2256
2 706
1 989
2 1990
2 905
1 831
1 2448
2 867
1 388
2 161
2 2386
1 3288
1 2945
1 2565
2 2880
2 2973
2 2680
2 919
1 1128
2 620
1 2521
2 1710
2 3190
1 3022
2 1913
1 660
1 3017
1 549
2 788
2 2433
2 1862
2 2395
1 276
1 199
2 2452
2 1296
2 807
2 812
2 2053
2 575
1 365
1 2732
2 740
2 995
1 1621
2 2893
1 2670
1 1920
1 1726
2 1588
2 1534
2 1672
2 1338
2 2756
2 1923
2 399
1 2794
2 2236
1 1656
1 1411
1 2133
2 2911
1 894
1 1226
2 128
1 1478
1 1377
1 1742
2 1817
2 560
2 3245
2 1346
1 18
2 330
1 3064
1 3004
2 107
2 885
2 1094
1 2405
2 1118
1 2278
1 1528
2 1981
1 3036
1 811
1 2539
2 422
2 2121
2 1748
1 75
1 2505
1 573
2 1285
1 1697
2 1944
1 2481
2 1927
2 2621
2 1962
1 2759
2 1400
2 637
2 1799
1 90
2 2916
1 193
1 773
2 2860
2 1397
2 170
2 2172
2 3299
1 2678
2 2545
1 2442
1 571
2 211
2 2126
2 1389
2 262
2 2033
1 1552
2 288
1 1020
2 2059
2 621
1 1699
1 1735
2 2791
1 133
1 1441
2 1518
2 3129
2 610
2 2706
2 3157
2 389
2 3144
1 753
2 2402
2 622
1 620
1 3140
2 1013
1 2037
1 2195
2 1312
2 658
1 2739
2 1120
1 55
1 1288
1 76
2 3250
1 2693
1 203
1 3063
2 1468
2 1918
2 3282
2 707
2 3262
2 3196
2 529
2 2810
2 2450
1 3016
2 1467
1 654
1 3214
1 2868
2 2520
1 1361
1 1897
1 969
1 2894
1 327
2 2378
2 1141
2 2494
1 3010
1 1743
2 795
2 743
2 687
1 358
1 1832
2 1678
1 3097
1 1594
2 2290
1 2823
2 623
2 2153
2 3081
1 1966
1 2883
2 1113
2 2048
1 586
1 2423
2 1563
1 1516
1 2041
1 3174
2 1217
1 3235
1 832
1 1238
2 2803
2 1096
2 710
2 1362
2 2131
1 1331
2 3189
1 231
2 897
2 770
2 3209
1 1215
2 3099
1 1881
1 3170
1 803
2 111
1 2475
1 107
2 2000
1 1463
1 3270
1 1066
2 194
2 1504
1 1899
2 2368
1 886
1 1417
1 548
2 1310
2 3196
2 2188
1 1269
2 566
1 1259
2 1630
1 2003
2 1649
1 233
2 2872
1 484
2 1935
1 1022
2 493
2 417
2 738
1 1464
2 132
2 1180
2 1851
2 1613
1 1271
2 521
2 1589
1 2312
1 1240
2 1383
1 1098
1 1844
2 1784
1 129
2 1945
1 604
1 1777
1 2113
1 21
1 2708
2 910
1 2195
2 1872
2 1092
1 1323
2 920
1 1476
1 1947
2 156
1 1448
1 1666
1 2181
2 1458
2 2857
2 2128
2 3271
2 975
2 1987
1 2565
1 385
1 2661
2 2692
1 1156
1 251
1 1871
1 979
1 419
2 320
2 562
2 34
2 746
1 2082
1 1332
1 1608
1 2689
2 1407
2 290
1 3294
2 1976
1 2485
2 1655
2 2760
1 1738
1 1700
1 1481
2 3039
1 387
1 484
1 1795
1 2699
2 1764
1 165
1 2126
1 3035
1 1238
2 9
1 1019
1 2496
2 2530
2 1077
1 3280
1 1788
1 131
1 1492
1 1633
1 894
1 2492
1 2953
2 2106
1 3044
1 1156
2 1805
2 2910
2 104
2 1771
1 2084
2 1289
1 1040
1 1286
1 1240
2 2878
2 978
1 1857
1 1137
2 447
2 177
1 3043
1 2125
2 2393
1 1903
1 1697
1 3204
1 855
2 2593
1 997
1 1330
1 2105
1 3070
2 167
1 1219
1 237
1 2155
2 2475
2 1170
2 1017
2 302
1 449
2 1763
2 722
1 1750
2 2910
2 1906
2 396
1 1681
1 2589
1 2618
1 92
2 1974
2 2271
2 2821
1 640
1 2423
1 1367
2 136
2 3255
1 1949
2 214
2 2971
1 2755
1 1471
1 2192
2 2231
1 951
1 1521
1 2957
2 1078
1 3184
2 622
2 1427
2 1134
1 994
2 1978
1 51
1 11
1 2537
1 2056
2 675
1 414
1 1272
2 2553
2 1792
1 477
2 539
1 935
1 1246
2 1845
2 2815
1 1174
2 3005
2 781
1 1882
2 1397
1 2073
2 1123
1 3010
2 1720
2 670
1 161
1 2609
1 278
1 887
2 2279
2 3285
2 345
2 2809
1 2997
1 655
1 2943
1 1788
2 404
2 1471
2 2485
2 3162
2 424
1 1493
1 489
2 3235
2 1822
1 1537
2 413
2 2194
1 1015
1 2560
2 1129
1 1004
1 3212
1 3127
2 2838
1 627
2 2776
1 2525
1 102
1 3080
2 1890
2 2074
1 2028
1 368
2 2543
1 86
2 2773
2 353
1 1342
2 1703
1 375
2 1273
1 654
2 503
1 73
2 2674
2 312
1 2793
2 3252
2 2078
1 2083
1 3008
1 2111
1 1092
1 2319
1 936
2 3038
1 2092
2 2498
2 1017
2 206
2 1264
2 1869
2 346
2 1356
2 229
1 1577
2 2300
2 2887
1 2634
1 963
2 1274
2 1243
1 32
1 2089
2 411
2 1333
2 1757
2 3199
1 2653
1 99
1 2620
2 2719
2 2163
1 287
1 908
2 2768
2 3117
2 3164
1 2786
2 2497
1 1479
2 2176
1 235
2 1419
2 2253
1 876
2 1963
2 2543
1 400
2 1432
1 1011
2 1091
2 3130
2 466
1 383
1 514
1 1065
2 3270
1 2261
2 2213
1 809
1 2451
1 727
1 1561
1 2863
2 812
2 2795
1 1371
1 2681
2 777
2 3025
2 1077
2 533
2 353
2 2851
1 2077
2 3125
1 37
2 2547
1 3179
1 2437
2 2522
1 895
2 96
2 1086
2 888
1 1519
1 2642
2 761
2 2014
2 3189
1 2450
1 1339
2 1810
1 701
2 1193
2 2608
1 3052
2 3166
1 992
2 1791
1 3261
2 1793
1 2097
2 2605
1 1138
1 1186
2 144
2 552
1 2684
1 2204
1 2860
1 888
1 3095
2 2283
1 402
1 258
2 1298
1 1450
1 934
1 2942
1 722
2 2230
1 3230
2 618
1 1547
2 2258
2 940
2 907
1 1716
1 1961
1 2193
1 3104
1 527
2 1853
2 2914
2 2068
2 1030
2 1841
2 1039
2 1993
2 1652
1 643
2 407
1 1614
1 2978
2 1836
1 1009
2 451
2 1746
1 2989
1 20
2 3056
2 2110
1 2964
2 2871
2 672
1 1190
2 1227
2 509
2 291
1 1579
1 1715
1 2612
1 1007
2 3260
1 509
2 2447
1 2344
1 2816
2 2606
1 1789
2 1571
1 2207
2 228
2 233
2 1689
1 2151
2 2242
2 462
2 2476
1 2400
1 270
1 1736
1 2022
1 1985
1 2302
2 1279
1 2988
2 2308
2 1568
1 3001
2 2362
2 334
1 264
2 1084
2 601
1 1837
1 1896
1 2541
1 3173
1 1136
1 1457
2 1545
2 2566
2 533
1 1202
2 671
2 2841
2 2889
1 2201
2 2166
1 3249
2 660
1 856
2 187
2 3278
2 923
1 2115
2 2210
2 990
1 1050
1 2103
1 3041
2 1268
2 1408
2 2171
2 906
1 1177
2 2971
1 83
1 1790
1 942
2 3240
1 2467
2 1579
2 564
1 1725
2 1506
1 214
1 200
1 2695
1 3007
1 2493
1 1842
1 3065
1 2484
1 401
2 1084
1 590
2 1877
2 1670
2 1293
1 1434
1 1594
1 2094
2 1730
1 569
1 2527
2 2827
2 665
2 2265
2 1102
2 2979
1 2952
1 2430
1 2058
2 1773
1 2246
1 3221
1 348
1 2608
1 3167
1 958
2 2312
1 430
1 188
1 1679
1 3051
2 1644
2 105
1 2896
1 2959
1 255
2 3070
1 3021
2 2451
2 422
1 2511
2 1165
2 902
1 182
1 503
1 714
2 1383
1 1071
2 893
1 33
2 926
2 1025
1 801
2 3284
1 1107
2 1969
2 1392
1 2686
2 1388
2 2904
1 1847
2 2185
1 632
1 1491
1 859
1 147
1 2950
2 2071
1 1000
2 2733
2 990
1 1336
2 395
1 241
2 980
1 1630
1 1171
2 881
1 1533
1 673
1 2118
2 1261
2 2232
2 718
2 2802
1 1937
2 976
2 2433
2 981
2 1900
1 2218
2 95
2 703
2 1850
2 3294
1 2399
2 307
1 2194
2 1649
1 1975
1 1496
1 918
1 594
2 2901
1 1517
2 3271
1 2243
2 2441
2 723
1 2368
2 372
2 1636
1 2407
2 587
1 2213
1 2535
1 2816
1 1241
2 1120
2 730
2 1109
2 877
2 2599
1 2939
2 3149
1 1494
2 2949
1 3227
1 272
2 317
1 1002
2 2596
2 1029
1 370
2 1381
2 3264
1 1430
2 3179
1 2038
1 1047
1 3068
1 2643
1 269
2 1966
1 3233
2 1930
2 2168
1 304
1 2400
2 2566
1 1326
2 2904
1 1136
1 2757
1 2299
1 1567
1 299
2 2436
2 2380
2 2034
2 2788
1 1992
1 2135
1 748
1 540
1 434
2 1783
2 2118
2 2985
2 2078
2 150
2 3105
1 545
1 1911
2 1207
2 1019
1 2723
2 2206
2 2431
2 826
1 1215
2 246
2 737
1 94
1 2673
1 2895
2 917
2 1024
1 479
2 1768
1 1999
2 1981
2 726
1 664
2 814
2 2390
2 2442
2 3076
2 1711
2 3176
1 2841
2 2646
1 2227
2 1137
1 2663
2 2881
1 1266
1 852
2 2079
2 52
1 600
2 2569
1 1178
2 1148
1 1875
2 1662
2 1119
1 1739
2 2892
1 549
2 1937
1 1526
2 2280
1 1702
2 30
2 1787
1 1866
2 943
2 2147
1 2699
2 2738
1 363
2 3034
2 1460
1 1160
1 240
2 1054
1 595
2 3013
2 2458
1 100
2 1109
2 2914
2 2150
2 2196
2 3007
2 38
1 251
2 2709
2 1168
1 390
1 2471
2 1553
2 638
2 2093
2 853
1 3181
2 1447
1 1157
2 1687
2 1281
1 1321
2 1651
1 2551
2 865
1 725
1 2353
1 650
2 3218
1 2238
1 102
1 1607
2 1431
1 567
2 1301
2 1257
1 674
1 2419
1 1675
2 3238
2 112
1 1864
2 903
2 3145
2 1111
2 206
2 2635
2 1236
2 3171
1 946
2 964
2 1242
1 2379
1 698
2 1432
1 3029
1 2381
2 1621
2 734
1 180
1 1823
1 1931
1 1097
2 2842
2 1237
1 717
2 388
2 2318
1 347
1 560
1 2420
1 447
1 2675
1 1199
2 3073
1 433
2 841
1 45
2 2590
2 1289
1 2147
1 2186
1 824
1 2145
1 729
2 1573
2 1306
1 2575
2 2617
1 1224
2 2569
1 3014
1 668
2 2301
1 1355
1 2824
2 1338
2 219
2 701
2 154
2 762
2 1208
1 1637
1 439
1 2010
2 2950
2 1404
2 1486
2 2192
2 1771
1 1904
2 2872
2 3180
1 2269
1 535
2 1263
2 3172
2 2203
2 2855
2 3132
2 1817
1 3026
2 1014
2 72
2 2113
1 1263
2 1025
1 2009
1 3091
2 1470
1 1057
2 603
2 2622
2 1500
1 1083
2 170
2 2229
1 438
2 2336
2 2703
2 1520
2 539
2 2488
2 2304
1 2603
1 1885
1 1052
1 141
2 3145
1 3274
2 2718
1 2602
1 2986
1 113
1 332
1 836
2 1497
1 1326
1 419
2 1511
2 1032
2 711
2 1232
1 2027
1 2180
1 2763
2 2701
1 196
1 1488
2 101
1 1708
1 2296
1 2392
2 1143
2 2571
2 3133
1 2066
2 1517
2 3216
2 11
1 266
1 2465
2 781
2 490
1 461
1 1379
2 1237
1 1395
1 2338
2 2879
2 2063
1 932
1 2819
1 915
2 860
2 1592
2 2554
1 382
2 3272
1 2750
2 1337
2 2404
2 2521
1 2592
1 2964
2 2734
1 2351
2 819
1 2026
2 171
1 1659
2 634
2 175
2 3296
2 1948
2 771
2 249
1 2018
2 2626
2 1956
1 2948
1 1345
2 2748
1 2796
1 2697
2 59
2 672
2 1878
1 2667
1 3038
2 770
2 1955
2 1130
1 2965
2 2581
2 187
2 2051
2 996
1 2387
1 1270
2 131
1 3083
2 510
1 1799
1 2372
2 2023
2 2156
2 723
2 2873
1 2884
1 1759
2 534
1 401
2 1222
1 403
1 3240
1 2570
2 2962
1 1718
1 2840
1 1204
2 1262
1 515
1 2856
2 1064
1 651
2 1770
1 1503
1 1288
1 8
2 893
1 3015
2 121
1 1227
1 2813
2 3211
2 1642
2 2652
2 1427
2 694
2 2066
2 1302
1 1283
2 80
1 1000
1 1172
2 2801
1 3071
2 3187
1 1848
1 1377
2 321
1 133
2 605
2 1521
2 3258
1 35
2 2930
1 2303
2 477
2 293
1 2898
2 2304
2 3236
2 55
1 164
1 2237
1 310
1 137
1 2
2 1833
2 3225
2 3201
2 2574
2 171
1 2293
1 652
1 7
1 536
2 1640
2 2240
2 186
2 3014
1 1328
2 2449
2 320
2 842
2 1983
1 138
1 1189
2 3090
2 830
2 730
1 3115
1 2235
2 1550
2 2462
1 1782
1 3110
1 1498
1 2022
1 1007
2 3113
2 1747
1 1886
2 29
2 845
2 1425
1 840
1 2281
1 1825
1 478
2 2182
2 428
1 1461
2 3244
2 256
1 3242
1 3156
2 2800
2 2984
2 1608
1 67
1 2645
2 3284
2 3104
1 2713
1 117
2 976
1 2707
1 120
1 885
2 2220
2 2654
2 1802
1 952
1 2171
1 1658
1 374
1 2422
1 1198
1 841
2 2104
1 2445
2 2850
2 36
1 453
1 2489
2 1744
1 588
2 1698
2 2729
1 333
1 1861
1 2716
2 981
2 903
1 494
2 628
2 1973
2 1733
2 2632
1 1964
2 1838
2 434
2 1767
2 3012
2 2060
2 1335
1 1033
1 2416
2 772
2 19
2 2399
1 2963
2 1722
1 465
2 1053
2 1819
1 1879
1 801
2 756
1 2846
2 1282
2 1312
1 1766
1 3279
1 2236
2 2096
1 1490
2 2749
1 1643
2 2616
2 439
2 2909
1 2044
2 1197
2 1840
1 496
1 2247
2 2563
2 1406
2 3046
1 282
1 567
2 1856
1 1303
2 2332
1 2839
1 2217
2 2531
1 1181
1 2211
2 744
1 3192
1 1463
2 794
2 3079
1 69
2 578
1 2935
2 1396
2 1530
1 999
1 1797
1 1476
1 864
1 1375
1 1495
2 2610
2 166
1 897
1 192
2 2983
1 834
2 3243
1 719
1 437
1 1336
1 896
1 2443
2 1211
1 1158
1 803
2 604
2 2070
1 2245
2 2580
1 634
1 2602
1 2098
2 1158
1 3176
1 2751
1 2112
2 1385
2 224
2 1231
2 2030
2 1481
1 650
1 2480
2 2354
2 2427
2 1059
1 2067
2 2273
1 2088
1 2795
1 904
2 2650
2 2839
1 1090
2 831
1 2631
1 1702
2 912
1 2967
1 2415
1 943
2 570
2 1678
1 1712
1 1547
1 1597
1 436
1 1152
1 327
1 1496
1 2558
1 2298
1 1091
1 738
2 2443
1 2174
2 1928
2 2268
2 362
2 1659
1 1505
2 1467
2 2595
1 3241
1 592
2 1613
1 616
1 1170
1 1002
1 1391
1 1574
2 1359
2 783
1 2758
1 1131
1 1483
2 899
2 1673
2 688
1 1529
2 732
2 3099
2 2323
2 2607
2 2108
2 1245
2 2702
2 2828
2 2065
1 1824
2 1526
1 454
1 1867
1 1863
1 2491
2 2752
1 1299
2 1382
1 988
2 977
2 2346
1 2922
2 2774
2 2550
2 938
2 2468
1 479
2 1682
1 446
2 3023
2 3197
2 2899
2 273
1 1405
1 1696
1 379
2 1898
1 1530
2 2408
2 1440
2 2303
2 2254
1 292
1 333
1 1916
2 1261
2 1132
1 1093
2 2093
1 1535
1 2614
2 2985
1 2869
2 1436
2 1038
1 2457
1 2870
1 1162
1 1165
1 294
2 2518
1 416
2 1490
2 2358
1 2003
2 435
1 2249
2 528
1 2500
2 2790
2 1873
2 3062
1 699
1 2584
2 1996
2 861
2 1506
2 2799
1 2514
2 3126
2 1512
2 3213
2 3159
1 1636
2 205
1 953
2 3213
2 1229
1 2136
2 2685
2 74
1 2059
1 1026
1 1951
2 677
2 892
2 1546
1 3062
1 1260
2 1836
1 2369
2 1872
1 2205
2 2125
2 328
1 2527
2 319
1 2367
2 3224
1 2069
2 1967
2 1465
1 3079
2 3032
2 2549
1 2258
2 3102
1 3255
1 2359
2 2963
1 860
2 2084
1 2747
1 269
2 2472
1 1566
1 1370
2 621
2 1729
2 369
2 2772
2 2119
1 2562
2 2813
2 2945
2 2012
1 21
1 252
1 1209
2 176
1 2505
2 2523
2 2316
2 3052
1 2102
2 1540
2 242
1 403
1 3202
2 1410
1 2299
2 2293
2 2405
2 2244
1 2736
1 2664
2 305
1 2843
1 3075
2 2517
2 1357
1 3166
1 1714
2 2790
2 658
2 1976
1 2277
1 3139
2 537
1 678
2 2866
1 1440
1 1735
2 1861
1 75
2 1140
1 1625
2 2956
2 1469
2 2988
2 1639
2 1361
1 2160
2 1876
1 345
2 1265
1 612
1 2288
1 407
1 2206
1 2307
2 326
2 1531
2 1210
1 925
1 3268
1 1930
2 1921
1 2766
2 3167
1 175
1 1954
2 2998
1 2648
1 390
1 27
1 3182
1 846
2 1631
2 1082
2 1387
1 583
2 835
2 2836
1 1087
1 887
1 375
2 2899
1 506
2 347
1 661
2 2741
1 1495
2 997
2 2737
1 3127
2 3082
2 2139
2 2628
2 2766
2 2777
1 1073
1 1691
1 541
2 511
2 1061
1 1438
2 1804
1 3144
1 1870
2 3191
2 2528
1 3100
2 3256
1 2992
2 2064
1 1402
1 1272
1 1829
1 2691
2 797
1 1394
2 2394
1 2993
1 2590
1 611
2 821
1 2999
2 2512
1 2005
2 1641
2 1552
1 384
2 2581
2 2572
2 950
1 2578
2 1590
1 181
1 849
2 2
1 2301
2 1908
2 661
1 598
1 2137
2 1437
1 1580
2 257
2 1236
1 866
2 1522
2 2279
1 1721
2 1843
2 1940
2 2740
1 2927
2 941
1 1724
2 985
1 2722
1 343
1 1174
1 354
2 391
2 2712
1 2371
1 3175
2 1683
1 275
2 2947
1 1571
2 719
1 2076
2 2469
1 2366
1 1989
2 1103
2 874
1 1631
1 2406
1 550
1 322
2 1097
2 2339
2 562
1 1253
2 342
2 425
2 1270
1 716
1 729
1 1749
2 558
1 1936
1 2496
1 2019
1 1442
2 2284
2 1605
2 3165
2 2154
2 507
2 2009
2 2531
1 742
1 1935
2 2707
2 669
1 3287
1 2510
2 564
2 1852
2 2794
1 3210
1 2428
2 3106
2 2461
1 2013
1 2343
1 1904
1 2015
1 1247
2 3285
2 213
2 3107
1 3246
1 457
2 3029
1 1216
2 767
1 2636
1 3258
1 1717
2 2907
1 2771
2 1063
1 2709
2 2778
2 2885
1 1604
2 2857
1 3233
1 1027
1 312
1 2777
2 3136
1 2376
1 1125
1 1112
2 1292
1 3096
1 2942
2 2480
1 2462
2 311
1 1909
2 1845
1 1707
2 986
1 124
2 1374
2 2520
2 1456
1 879
1 1655
2 2645
2 1707
1 115
2 3237
1 3217
1 2818
1 1072
2 2669
1 1340
1 2892
2 2866
1 1809
1 2836
2 204
1 1067
2 1733
2 152
1 1569
2 2110
1 1965
1 2779
2 985
2 635
2 2011
1 675
1 3230
2 224
2 2044
1 1324
1 2330
2 1470
1 1939
2 2535
2 1783
2 93
2 1991
1 2043
2 3169
1 1307
1 3072
1 764
1 858
1 775
2 1977
1 430
1 1303
2 3095
1 777
2 1308
1 1475
1 558
2 298
1 1115
1 281
2 2530
2 695
1 2725
1 1212
2 1905
1 2470
1 1857
1 1252
2 348
1 961
1 2316
1 2870
2 1949
2 1911
2 334
1 3244
1 1233
2 1780
1 3084
2 1755
1 819
2 291
2 692
1 794
1 2250
2 2571
1 1079
2 2428
1 2599
1 1167
1 1046
2 1147
1 1887
2 56
2 1321
2 2670
1 739
1 73
2 924
1 751
2 3116
1 588
1 1602
1 2711
2 2604
1 2624
1 3120
1 354
1 1458
1 2641
1 1418
1 3273
1 1341
2 2393
1 2389
1 1815
2 1256
2 2310
2 149
2 1677
2 547
2 428
2 2142
2 183
2 804
2 3019
1 2495
2 757
2 126
2 267
1 1276
2 1768
1 2209
2 646
1 2004
2 2148
1 1182
1 3149
2 2611
2 1763
2 1299
2 2981
2 2858
2 2623
1 922
2 3278
1 3065
1 2455
2 524
2 3119
1 2882
1 71
1 12
2 2846
1 1228
1 2679
2 1779
1 3036
1 2627
2 2791
2 1395
2 2800
1 2765
2 1758
1 1812
2 1777
2 3037
1 103
1 3275
2 3135
1 262
1 2941
1 2951
1 817
1 2679
1 2334
2 955
1 2107
1 3206
1 2436
2 698
2 1796
2 2231
1 1785
2 151
2 1576
1 822
1 3236
2 252
2 1661
1 2652
2 282
1 982
2 2069
2 780
2 999
1 2737
1 2704
2 1730
1 1740
2 905
2 490
2 2886
1 3162
2 1806
1 2289
1 255
2 759
1 2158
1 735
1 702
1 153
2 1150
2 1965
1 2529
1 828
2 1048
1 2208
2 2578
2 1140
2 1478
1 1598
2 2901
1 1762
2 3289
2 325
1 1374
2 279
1 1196
2 2054
2 766
1 1622
2 1921
2 1
2 1341
1 28
1 1599
2 228
2 880
2 2243
1 1048
2 1477
2 2327
1 1195
2 1366
1 2633
2 2426
2 2284
2 54
1 910
2 176
1 2017
2 2973
2 1462
2 1316
1 805
1 1556
2 1999
1 1058
1 2861
2 582
1 1876
1 3203
1 3197
1 2690
1 270
1 3039
1 2787
1 216
1 2682
2 662
1 1412
1 1409
1 1497
1 991
1 2852
2 624
1 3107
1 1363
2 3150
1 1284
1 2307
1 1319
2 1826
2 551
1 1163
2 565
1 2502
1 869
1 2282
1 1085
2 2821
2 1512
1 1688
2 2026
2 121
1 1144
1 2040
2 1379
2 679
2 1972
2 747
2 2030
1 2244
1 680
2 915
1 1086
2 1087
2 853
2 2783
1 2152
2 1309
2 1900
2 870
2 1191
1 2106
2 1822
1 62
1 2170
1 823
2 119
2 65
2 3297
1 2798
2 2867
2 1357
2 1184
2 2425
2 2619
2 2636
1 2529
2 2930
1 297
1 3032
1 392
1 3300
1 1265
2 2923
2 44
1 498
1 236
1 2594
2 2768
1 2717
1 1149
2 2226
2 2278
1 2379
2 1653
1 56
1 571
2 202
2 720
2 960
1 2218
1 1115
2 2853
1 547
1 2409
2 2502
2 2415
1 497
1 2587
1 155
1 1612
2 1327
2 2700
2 1381
2 2593
2 436
2 1373
1 691
1 2895
2 363
2 833
2 2444
2 1179
2 1988
1 1657
2 1444
2 105
2 3283
1 103
1 3234
2 2516
2 265
2 1629
1 257
2 1146
2 2886
2 1824
1 1812
1 602
1 706
2 2166
1 972
1 892
1 1311
2 1806
2 1349
2 778
1 202
2 2384
1 951
1 1781
2 2165
2 583
2 1451
1 1773
2 591
1 2478
1 2028
1 1669
1 1524
1 2355
2 1624
2 1671
1 2366
1 3016
2 1116
2 984
1 1386
2 653
2 3295
2 1127
2 2787
1 2822
1 2552
2 1583
2 219
2 2001
2 668
2 1239
2 2761
1 1916
1 561
2 3200
2 3121
2 2120
1 1550
2 457
1 1416
1 106
1 1112
2 2506
1 15
1 3292
1 2700
2 16
2 1318
2 1041
2 2693
1 2514
1 1600
2 2178
1 3155
1 2968
2 1139
1 2615
1 3223
1 1874
2 1124
2 511
1 3199
2 1354
1 2124
2 1096
1 2332
2 2264
1 1611
2 2900
2 2162
1 1360
1 2761
1 3106
1 1402
1 2261
1 1099
1 973
1 3218
1 1823
2 2844
2 617
1 530
2 1020
2 303
2 848
2 329
2 2377
1 2558
1 2267
1 1226
2 59
2 2091
2 64
1 221
2 46
2 1035
2 2257
2 1056
2 2778
2 543
2 1133
1 2042
1 3273
1 2560
1 971
1 1694
2 2365
2 2120
1 2223
2 527
2 3192
2 322
2 2381
2 174
2 186
2 1126
1 1415
1 2780
2 377
2 442
2 2295
2 317
1 2694
1 1583
1 612
2 300
1 1778
1 750
2 2754
2 1620
1 157
1 589
2 2598
2 2612
2 2826
1 580
2 2756
2 1385
1 3232
2 2321
2 1745
2 3045
2 2616
1 934
2 930
1 2550
2 39
2 2099
1 473
1 1557
2 540
1 1698
2 3086
2 2968
2 507
2 495
1 929
2 896
2 3277
1 424
2 655
1 3279
1 1271
2 38
1 1982
2 48
2 537
2 1494
2 989
2 3136
1 268
2 2731
2 1426
2 200
2 1424
2 2865
1 1889
2 2202
1 179
1 1264
2 811
1 1012
1 427
2 1146
2 3069
1 2974
2 2827
2 2063
1 1885
1 397
2 704
1 1704
1 651
1 70
1 1018
1 1006
1 2979
2 1256
1 1884
2 1267
1 1049
1 2310
2 2061
2 641
2 1654
2 3089
2 1756
1 2748
1 2639
2 536
2 3060
1 707
1 1439
1 2420
1 2199
2 822
2 1815
1 875
2 1327
2 2045
2 974
2 585
2 2104
2 2686
1 3128
2 1710
1 455
2 74
1 3094
1 474
2 110
1 27
2 2526
2 2370
1 728
2 143
2 1752
1 1433
1 1586
1 442
1 1166
2 1639
2 1173
1 1723
2 3112
2 2835
1 2482
2 1035
2 1833
1 2252
2 606
1 842
1 2220
2 1074
2 2754
2 2178
1 1269
2 2858
1 456
1 2233
2 93
1 1287
2 1778
1 1549
2 294
1 3207
1 629
2 29
2 1368
2 1266
2 324
1 135
2 1741
1 1043
2 431
1 2743
2 1201
1 2100
2 2314
2 1142
2 448
2 1207
1 305
2 815
2 576
2 3086
2 2435
2 2326
2 2479
2 3083
2 1919
1 3239
2 1821
1 2456
2 2657
2 478
2 60
1 1028
1 8
1 714
1 2255
1 379
1 1961
2 945
1 754
2 1349
1 1189
2 1765
2 1623
1 3093
2 899
2 1489
2 1674
2 3170
2 66
2 1692
2 1064
2 1457
1 2203
2 1015
1 1223
1 1205
2 2804
2 846
2 381
1 2418
1 109
2 2201
2 2306
1 2413
1 1538
2 385
1 231
2 1899
2 47
1 1469
2 1590
2 1076
1 3202
2 1975
1 2134
1 2123
1 1902
1 2671
1 283
2 2134
2 3222
2 2875
1 183
1 2385
1 1192
1 2311
1 2867
1 1438
2 1393
2 1884
1 2122
1 259
2 377
1 395
2 1751
1 1293
1 49
1 2383
2 438
1 863
2 865
2 2225
2 3194
2 3237
1 157
1 1360
2 3146
2 3054
2 2049
2 2629
2 2582
2 1941
1 3215
2 146
2 1980
1 2034
1 3057
2 1154
2 1378
2 2183
2 1880
2 2140
1 1286
1 2661
1 2392
1 360
2 2207
1 23
2 1762
1 3185
2 1348
1 50
1 2075
1 3178
2 123
2 1029
1 1352
1 2322
1 1838
1 1703
1 1929
2 1807
1 1816
1 2876
2 99
2 1780
1 429
1 1928
1 3272
2 2083
1 1604
1 1277
2 68
1 1943
2 2556
1 1036
1 1652
1 2260
1 2574
2 1057
1 50
1 1936
2 1610
2 1519
1 657
1 676
1 566
2 2255
2 1679
2 496
2 2769
1 740
1 787
2 962
2 998
2 2271
1 142
2 331
2 210
1 3208
1 2534
1 3267
1 2923
1 2483
1 3151
2 1841
1 2321
1 4
2 306
1 173
1 1958
2 329
2 775
1 1826
2 2526
1 2557
1 61
2 2786
2 995
1 969
1 2735
2 3222
1 2875
1 1870
1 2958
1 1244
2 340
1 1942
2 844
1 3293
2 1344
2 734
1 657
2 1313
1 1380
1 261
1 344
2 2685
1 2547
1 1169
1 398
1 223
2 1803
2 337
2 487
2 1026
2 25
1 2978
2 630
2 465
2 3034
2 646
2 713
1 15
1 1008
2 2980
1 1720
1 267
1 2454
1 2523
2 603
2 2782
2 2668
2 1398
1 261
2 3089
1 1292
1 158
2 3143
1 2995
2 2797
1 3066
1 141
2 1565
2 2595
2 1472
2 1844
2 229
2 2085
1 2865
1 647
2 791
2 2720
1 2146
1 517
2 253
1 1277
2 1065
2 2011
2 956
1 2444
1 1798
1 1182
1 1896
1 1320
2 3186
1 548
2 2998
1 10
2 2115
1 600
1 89
2 2649
1 1642
1 1997
1 1617
2 1282
1 2004
2 2342
2 2292
1 1878
1 1670
1 598
2 765
2 825
1 1062
2 1635
2 2934
1 1516
2 2938
2 445
2 504
2 2029
2 1606
1 1680
2 2532
2 1880
1 349
1 978
1 2157
1 815
1 695
2 2891
2 2549
2 2847
1 3125
1 1342
2 2223
2 508
1 1926
1 2002
2 1066
2 886
2 2269
2 3290
2 2080
2 3042
2 816
1 1399
1 1473
1 1190
1 2850
1 2831
1 2190
1 1317
1 2454
2 3300
1 17
2 1782
2 2504
1 2730
2 3241
2 2409
2 1228
2 198
1 921
1 491
2 2363
2 1924
1 1984
2 197
1 554
2 316
2 2623
2 686
2 2784
1 1820
1 1030
1 1135
1 1556
2 1716
2 3165
2 1834
2 1176
1 2182
2 3020
2 2418
2 1423
2 1839
1 1515
2 1932
1 19
2 1683
2 2335
2 1235
2 2189
2 2165
1 867
1 798
1 2744
2 2907
2 1754
2 2249
1 778
2 3085
2 243
2 2424
1 2263
2 2919
1 160
1 2479
1 1635
2 2212
1 1134
1 230
1 210
1 1333
2 2390
2 699
2 931
2 2359
1 1051
1 142
2 2002
1 3243
2 2391
2 968
1 2262
2 1322
2 2638
2 2168
1 313
2 3112
2 2555
2 335
1 201
2 2448
2 156
2 784
2 1875
1 1809
1 1510
1 34
2 2820
1 2830
2 1451
1 700
2 2234
1 118
1 3027
2 71
1 2305
2 2001
2 1459
2 1553
1 62
2 768
2 2021
2 2695
2 901
1 1070
2 1705
2 2073
2 1567
1 2965
2 2625
1 2427
2 1606
1 2711
2 3103
1 87
1 2591
1 2294
1 2347
1 265
2 2275
2 2094
2 169
2 1651
2 417
2 2933
1 483
1 689
2 3157
2 1232
2 68
2 2676
1 2851
2 1514
2 1164
1 1518
2 2678
1 1922
1 3257
2 2238
2 2266
1 1001
1 153
1 1615
1 218
1 208
1 1848
1 3164
1 2374
1 1111
1 916
2 1251
2 954
1 1382
1 2751
1 3101
2 2604
1 215
2 545
2 618
1 3105
2 2808
1 3057
2 826
2 519
1 1850
1 1082
1 1684
2 673
2 1558
2 2837
2 2782
1 1445
2 2204
1 2152
2 1187
1 1953
2 1925
1 765
2 587
1 1952
1 2807
2 1754
2 2341
1 216
1 1891
2 1487
1 410
2 700
2 1897
2 928
1 1501
1 3101
1 2099
2 1831
2 2370
1 1122
1 2869
1 2274
2 2647
1 2789
1 613
2 2811
2 789
1 2486
2 1668
1 1492
2 2741
2 2095
1 2767
2 2736
2 1422
2 1405
2 2655
2 3286
2 275
1 2214
2 1322
2 963
1 1151
2 2799
2 2466
1 2638
1 437
2 2889
2 2025
2 2868
1 1795
1 1268
2 2715
1 1821
1 2561
2 87
1 1173
2 2384
1 739
2 2325
1 522
2 671
1 2130
2 2991
1 1235
2 3011
1 3280
1 1125
1 2426
1 1540
1 57
2 3024
1 415
1 2614
1 122
1 1010
1 1650
1 3297
1 108
1 2561
2 2029
1 57
1 531
2 2007
2 2996
2 488
2 1675
2 664
1 2626
2 455
1 1737
2 1660
1 2809
1 1774
2 1610
1 2588
2 1055
1 1320
2 2717
2 579
1 712
2 802
2 2276
1 726
1 284
2 601
1 1938
1 2989
1 3245
1 933
2 467
2 1600
2 1251
1 2719
1 2639
2 2990
2 1305
1 41
1 1970
1 703
1 3022
2 2556
2 648
1 2721
2 1689
1 2743
1 631
1 1804
2 1484
1 2013
2 2854
1 1668
1 1169
2 1149
1 2000
2 1737
2 3190
2 2484
1 2819
1 2610
2 2153
1 392
2 336
1 2348
2 813
2 3265
1 535
2 168
2 1903
2 1625
1 2190
2 1726
2 1993
1 2024
1 2814
2 2806
2 488
1 1847
2 466
2 2838
1 1053
1 143
1 2803
2 3298
1 1185
2 631
1 776
2 2926
2 2888
1 162
1 1677
2 31
2 542
1 443
1 3137
2 1888
1 2109
2 3131
2 2664
2 993
2 2075
1 3220
1 1893
2 1891
1 268
1 784
1 169
2 2132
2 1080
2 2122
2 1038
1 2128
2 2493
1 1101
2 2355
2 632
1 213
2 67
1 289
1 1859
2 1016
1 3049
2 1591
2 125
1 1926
2 2811
1 475
2 2239
1 1676
1 3139
1 2068
2 2313
2 2598
1 3152
1 2894
2 2107
1 1329
2 2031
2 3113
1 1987
2 2617
1 768
1 2159
1 2765
2 691
1 63
1 3085
2 14
1 1685
1 513
1 1548
2 3120
1 2742
1 3047
2 2398
1 411
1 154
2 2259
2 1942
2 684
1 1051
2 250
1 2982
1 2421
1 1455
2 2357
1 1952
2 1106
2 2906
1 2373
1 2098
2 818
2 3088
1 866
2 3266
2 2388
2 2750
2 2597
2 556
1 2801
2 623
1 10
2 3103
2 3061
1 2832
1 630
1 1104
1 984
2 3219
2 3180
1 290
2 413
1 1951
2 235
1 472
2 2975
2 3009
1 1244
2 1304
1 2055
1 286
2 2345
2 2226
1 696
2 1929
2 1549
1 900
2 2760
1 178
2 854
1 1692
2 952
1 524
1 1390
1 830
2 2618
1 2459
1 2267
2 2315
1 1662
2 111
1 2251
1 2141
2 850
1 876
2 373
2 1364
2 2052
1 530
2 37
1 716
2 2630
2 26
2 3209
2 1690
2 1617
1 1063
1 1144
1 1259
1 304
2 197
2 555
1 2633
2 2859
2 3073
2 577
2 3161
2 2173
2 550
1 1011
1 2256
2 3186
1 998
1 1714
1 1114
2 2020
2 2318
1 747
2 301
2 769
1 1858
2 928
2 297
2 2354
2 383
1 2237
1 1523
1 1831
1 806
1 1122
2 1525
2 2361
1 177
1 1455
2 418
2 2055
1 295
2 1354
2 3234
2 2913
1 785
2 3293
1 3003
1 1004
1 551
2 1255
2 2995
2 605
1 344
2 2033
1 693
2 2683
1 1684
1 708
2 239
1 3143
2 964
2 1607
1 3210
1 2186
2 754
1 1543
2 2546
1 451
2 648
2 2542
1 1249
2 2969
2 1260
2 1283
2 326
2 579
2 2631
1 2035
1 2056
1 2885
1 2504
1 1428
1 1855
2 76
1 2954
1 1992
2 2417
2 1932
2 2176
2 2039
2 2388
1 1273
1 1544
1 2673
2 2659
1 1394
1 5
1 1681
2 584
2 582
2 378
2 1865
2 2990
2 1640
1 242
2 1967
2 2324
1 1309
1 2356
2 172
1 1443
2 1648
1 599
2 3247
1 2058
1 195
1 2948
2 3021
1 3193
1 2976
2 1624
2 1114
1 2658
2 2286
2 426
2 502
1 820
1 2667
2 47
1 406
1 303
1 2280
2 2908
2 1183
1 52
1 717
2 178
2 3242
1 873
1 2227
2 1280
2 3142
2 744
2 2848
2 2180
2 3198
2 890
2 1986
2 410
1 1141
1 2919
1 759
1 1719
2 2337
1 134
2 3044
2 752
1 445
1 3216
1 1054
2 1997
2 1380
2 521
2 968
2 1219
1 1846
1 519
2 207
2 2705
1 2434
2 670
2 2311
1 2640
2 948
2 3035
2 279
1 309
1 1489
2 2330
1 106
1 1315
1 1044
2 2250
1 2671
1 1388
1 2193
2 2915
2 1667
2 3211
1 2726
1 2352
1 3098
2 760
2 2375
1 1830
1 1533
1 3050
1 444
2 832
1 1187
2 2996
2 724
2 1943
2 1473
1 749
1 3260
2 3207
1 2883
1 1022
2 574
1 40
1 2154
1 2576
2 1155
2 2594
1 3282
1 1849
2 996
2 869
1 1133
1 85
1 2241
1 3231
2 66
2 211
1 2753
1 1960
2 2630
2 3228
1 2582
1 2351
2 1155
2 3251
2 1230
2 2724
1 2017
2 2902
1 871
2 2501
1 1417
1 2088
2 3254
2 458
2 1718
1 2966
2 1957
2 949
2 2468
1 1159
1 2725
1 2396
2 39
1 2731
2 3299
2 482
2 1119
1 1412
1 2897
2 1167
1 292
2 232
2 2287
1 283
2 2414
1 300
1 1917
2 1711
2 1419
1 796
1 2503
1 792
1 2090
2 2727
1 674
2 1044
1 139
1 35
1 287
1 1839
1 2376
1 1428
1 277
2 2395
2 14
2 1459
1 1923
2 2495
2 349
1 1575
2 2692
2 793
1 627
1 1199
1 2046
1 285
1 1372
2 1816
2 2209
2 427
1 2601
2 3158
1 2583
1 1058
2 3148
1 2470
1 2378
2 3217
2 1907
1 1343
1 2698
1 2955
2 3072
2 325
1 1408
2 369
1 2776
2 476
1 336
2 3188
1 3126
2 3130
1 2162
2 97
1 2724
1 506
2 2532
1 879
1 3053
1 546
1 1701
2 568
1 1233
2 2143
1 2440
2 2825
2 902
2 6
2 2248
1 1664
1 2350
2 112
1 937
2 1181
2 3093
1 3121
1 3081
2 954
2 2288
2 2460
2 617
1 454
1 2295
1 528
2 2459
2 3229
1 1585
1 2412
2 2925
2 2564
2 2285
2 2628
1 2597
1 1612
2 2424
1 2352
2 1016
2 3171
1 1572
1 1214
2 1285
1 250
2 1927
1 2708
2 1728
2 296
1 205
1 3133
2 2897
1 2222
1 514
2 1123
1 136
2 361
2 2092
2 3074
1 2881
2 921
2 2784
1 1860
1 1499
2 247
1 2688
2 2488
1 1192
1 1409
1 2807
2 2722
1 1611
1 2951
2 2096
1 1947
1 883
1 838
1 1693
1 2515
1 1578
2 476
1 114
2 474
2 611
2 1797
2 1508
1 3154
1 463
1 1302
2 3286
1 2432
1 1247
1 2043
2 3205
2 2798
2 459
1 3067
2 190
2 414
2 2413
2 1351
1 2519
2 1018
1 3198
1 987
1 645
2 2331
1 2544
1 1995
1 2225
2 1829
1 939
1 2146
2 776
1 3177
1 3140
1 3277
2 2607
2 1538
1 1569
2 2149
2 1570
1 798
2 2320
2 1905
2 100
2 2072
2 464
2 799
1 808
2 2688
1 226
1 1234
1 1751
1 237
1 1760
2 2394
1 1888
2 2438
2 45
1 1089
2 1177
2 1365
1 908
1 1161
2 532
2 2562
2 1218
1 827
1 3111
2 3068
1 553
1 225
2 95
2 2538
1 2573
2 1672
2 721
2 302
1 1712
2 884
1 1909
1 973
1 1555
2 386
2 1983
2 2814
2 2397
2 2573
2 2139
1 468
1 2579
2 2018
2 849
1 518
1 2114
2 2912
2 2036
2 3119
1 967
2 1037
1 1068
1 957
2 1421
1 481
2 222
2 2644
2 472
1 1984
2 1234
1 629
1 1818
1 2179
2 1509
1 2835
2 2588
2 318
1 2274
1 421
1 3142
2 1663
2 2228
1 2929
2 685
1 364
2 751
1 2931
1 3013
2 2196
1 676
1 1214
1 3178
2 91
1 546
1 2197
1 1255
1 3206
2 3169
2 1507
2 2770
1 1313
2 1889
2 947
2 1998
1 718
2 1723
2 557
2 2326
2 626
1 669
1 1627
1 2792
2 2796
1 2365
1 614
2 394
1 3037
2 2345
2 3097
2 1403
1 499
1 2643
1 3147
1 1671
2 2487
2 2297
2 2169
1 2317
2 1959
1 2716
2 2552
1 1511
1 247
1 3254
1 340
1 1560
2 813
1 271
2 789
2 2353
2 1724
2 2853
1 513
1 259
1 104
2 1446
1 2491
1 1041
2 758
1 1143
2 3225
2 2041
1 1915
1 2477
1 352
2 2577
1 1202
2 2653
2 3134
1 1194
1 1060
2 1480
2 2922
1 40
1 1705
2 3239
1 2015
2 2572
2 1324
1 2048
2 1738
2 1391
2 3168
1 1764
1 2157
2 2906
2 818
1 1194
2 313
2 965
2 835
1 3174
1 137
2 1393
2 771
1 3019
2 1593
1 449
1 1619
1 1310
1 1786
1 1201
2 1386
2 2601
1 2347
2 917
2 2962
2 2961
1 2921
2 541
2 2982
2 1315
1 1352
1 763
1 1514
1 2482
2 2629
2 1484
2 1220
2 665
2 2253
1 938
2 2045
1 2735
2 2625
1 607
2 2586
1 624
2 3205
1 2246
1 139
2 2402
2 1110
1 384
1 2518
1 499
2 492
1 352
1 3153
1 2191
2 977
1 1042
1 366
1 3018
1 58
1 88
2 492
1 2286
2 609
1 2575
1 1429
2 1881
2 580
2 299
2 1060
1 525
1 2960
1 940
1 2010
2 847
2 1996
1 2232
2 469
2 693
2 785
2 2410
2 146
1 423
1 983
1 1005
1 1135
2 1369
1 1592
1 1159
1 2205
2 686
2 2434
1 405
1 2233
2 1685
1 1734
1 1524
1 3183
2 883
2 3067
2 1384
2 2536
2 2956
1 1801
2 523
1 487
1 236
2 2878
2 2609
2 189
2 900
2 1917
1 2909
2 1908
2 2362
1 980
1 2222
1 924
1 376
1 1355
1 2036
2 1278
2 471
1 2254
2 2605
1 1855
1 217
1 140
2 85
2 2429
2 1043
2 2677
2 505
1 850
2 1183
2 2771
