600 4500
1 173
2 300
2 117
2 123
2 16
1 8
2 132
1 107
1 257
1 68
2 274
2 97
1 229
2 119
2 277
2 262
1 46
2 143
1 190
1 80
1 192
1 219
1 281
1 240
1 84
2 99
1 71
2 296
2 65
1 268
2 11
2 227
2 55
1 15
2 222
1 283
1 236
1 253
2 274
1 20
1 210
1 297
1 170
2 295
1 223
2 121
1 125
2 13
2 21
1 132
2 191
2 44
1 41
2 120
2 157
1 224
1 150
1 37
1 123
1 32
2 220
2 216
2 127
2 3
2 134
2 272
1 15
1 102
1 39
2 18
2 67
2 33
1 259
1 202
1 255
2 139
2 82
1 242
1 247
1 83
1 131
1 54
1 94
1 124
2 163
2 285
2 193
2 298
2 130
1 151
2 16
2 23
2 24
1 207
1 137
1 140
2 129
1 79
1 264
2 47
1 86
2 164
2 57
1 69
1 119
2 138
2 206
2 160
2 243
1 11
2 208
2 279
2 144
2 246
2 244
1 54
2 212
1 38
2 158
1 190
1 56
2 113
2 82
2 108
2 245
1 293
2 178
1 153
1 163
2 93
2 90
1 248
2 185
1 68
2 2
2 217
1 108
2 41
1 296
1 204
2 291
2 53
1 214
2 218
2 198
1 196
1 288
1 77
1 134
1 115
1 241
2 88
1 174
1 63
1 48
2 148
1 165
1 205
2 48
1 66
2 4
2 87
1 210
2 289
1 188
1 227
2 157
2 241
1 28
2 288
1 197
2 99
1 260
1 248
2 8
1 162
1 166
2 136
1 74
2 80
2 156
1 276
1 283
2 297
2 161
1 39
1 289
2 149
2 85
2 235
1 74
1 186
1 139
2 293
1 107
1 212
1 266
2 94
2 103
2 164
1 254
2 100
1 213
1 250
1 155
1 276
2 150
1 265
1 216
2 244
1 226
1 172
2 9
1 96
1 267
2 63
1 280
2 201
2 17
1 221
1 45
2 207
1 211
2 128
1 263
2 42
2 290
2 177
2 273
1 73
2 300
1 251
1 105
2 86
2 26
2 194
2 250
2 31
2 236
1 65
1 138
2 142
2 159
2 181
1 126
1 197
1 287
2 34
1 35
2 235
2 170
2 228
2 135
2 36
2 43
2 118
2 129
2 122
2 120
1 228
1 192
2 199
2 238
2 59
2 264
1 62
1 238
2 217
2 242
2 230
2 247
1 116
1 96
2 231
2 143
1 166
1 208
2 122
1 13
1 185
2 278
2 52
2 67
2 7
1 261
2 147
1 271
2 286
1 124
2 22
1 88
2 256
1 27
2 24
1 182
1 59
1 20
2 251
1 70
2 213
2 187
2 100
2 252
1 206
2 262
1 112
1 31
2 152
1 240
2 199
1 155
2 23
1 14
1 285
2 278
1 29
1 1
1 177
2 161
2 203
2 72
2 64
1 272
2 225
1 121
2 42
2 50
1 33
2 19
1 180
1 223
1 198
2 156
1 106
2 37
1 168
1 35
1 36
1 46
1 189
2 118
2 61
2 243
2 60
2 71
2 224
2 291
2 144
1 159
1 254
2 104
2 282
2 56
1 58
2 175
1 115
1 105
2 98
2 152
1 299
1 178
1 225
1 160
1 171
2 214
2 52
1 158
2 73
1 29
1 239
2 81
1 146
2 78
1 299
2 295
1 267
1 183
2 202
1 226
1 268
2 85
2 25
2 5
1 1
2 141
2 61
2 43
1 49
2 19
2 280
2 191
1 215
1 188
1 290
1 106
2 47
1 249
2 259
1 186
1 45
1 277
1 101
2 167
1 44
2 284
1 249
1 179
2 125
1 273
2 93
1 275
2 182
2 176
1 104
2 58
2 145
1 109
2 205
2 117
1 169
1 49
1 167
1 140
1 201
1 77
1 231
2 55
2 57
2 6
2 172
1 40
2 180
1 279
2 269
2 64
2 292
2 252
2 110
1 130
2 111
2 87
1 70
2 219
2 141
1 76
1 6
2 142
1 181
1 89
2 184
2 51
2 91
2 89
1 292
2 22
1 51
2 131
1 258
1 237
2 3
1 7
1 294
1 128
1 133
2 97
1 281
1 258
1 69
1 10
1 98
2 265
1 209
1 271
2 79
2 257
1 270
1 179
2 253
2 136
1 127
1 25
1 171
2 109
1 114
1 149
2 14
2 234
2 263
2 215
1 10
1 200
1 260
1 26
2 28
2 233
2 173
1 184
1 175
1 75
2 255
2 232
2 183
2 27
2 145
1 200
2 12
1 81
2 269
1 12
1 30
2 282
2 196
1 90
1 195
1 4
2 298
1 83
2 203
1 103
2 245
1 237
2 229
1 50
1 232
1 111
1 95
1 102
1 137
2 60
1 18
1 261
2 168
1 270
1 151
2 222
1 32
1 146
2 110
2 113
2 76
1 176
2 165
1 62
2 2
2 84
1 135
2 114
1 30
1 286
1 246
1 154
2 209
2 38
2 147
1 21
2 234
1 220
2 148
1 91
1 275
2 112
2 116
1 193
2 9
1 194
1 221
1 284
2 5
2 218
1 34
1 174
2 95
2 266
2 153
1 287
1 40
2 53
2 230
2 162
2 78
2 66
1 72
1 133
2 239
1 101
2 294
1 17
1 126
2 189
2 92
2 187
2 204
2 195
2 256
2 233
1 92
2 169
1 154
1 75
1 211
