600 1500
2 210
1 228
1 125
2 153
1 98
2 27
2 124
2 113
1 82
1 132
1 164
2 207
1 102
1 1
1 167
2 122
2 91
2 146
1 28
1 9
2 272
1 155
2 89
2 219
2 41
1 194
1 122
2 211
1 187
2 269
1 295
1 175
1 48
2 265
2 126
1 96
1 2
1 140
2 143
2 107
1 181
2 4
1 52
1 237
1 196
2 204
2 134
2 17
1 212
1 47
2 57
1 282
2 254
2 221
1 280
1 74
2 188
2 106
1 195
2 114
1 161
1 270
1 251
1 285
2 128
1 165
2 168
1 52
1 37
1 47
1 103
2 213
2 266
1 87
2 9
1 228
2 183
1 64
1 123
2 180
2 160
2 289
1 141
1 211
1 164
1 137
1 90
1 5
2 166
1 36
2 162
2 147
1 148
2 138
2 261
2 33
1 178
1 31
1 156
2 148
2 283
1 93
1 99
1 45
2 217
1 158
1 275
2 199
1 56
1 222
1 276
2 236
2 42
1 297
2 300
1 205
2 245
2 56
1 292
2 50
2 109
1 123
1 230
1 216
2 78
2 173
2 57
1 88
1 191
1 239
2 299
1 5
1 184
2 85
1 138
1 203
1 64
1 217
1 147
1 166
1 288
2 277
2 115
2 259
1 279
1 21
2 172
2 24
2 206
2 129
1 26
1 293
2 4
1 165
2 30
1 250
1 63
2 249
1 189
2 187
2 204
2 231
2 92
2 59
2 35
1 176
2 73
1 70
2 260
1 108
1 299
2 97
2 94
1 263
2 42
1 234
2 223
1 264
1 118
2 86
1 30
1 49
1 226
2 146
2 48
1 111
1 180
1 177
1 44
1 92
1 106
1 71
2 69
1 292
1 40
1 208
2 88
2 149
1 193
2 127
2 260
2 44
1 281
1 105
1 61
2 240
2 223
1 125
1 121
2 220
1 227
2 110
2 112
2 46
2 84
1 300
1 131
1 50
1 33
2 22
1 197
2 62
1 257
1 115
2 182
1 144
1 193
1 221
2 207
1 224
1 253
2 107
1 11
1 202
2 189
1 34
1 232
2 24
1 89
2 264
2 172
2 154
2 10
1 75
2 287
2 51
2 279
1 87
2 116
2 76
2 6
2 110
1 31
1 68
1 171
1 276
1 100
1 284
2 130
2 23
2 133
1 183
2 15
1 247
1 287
1 79
2 126
2 53
2 55
1 284
2 45
2 182
1 272
2 151
2 233
1 104
1 119
2 201
2 93
2 296
2 128
2 199
1 77
2 252
1 76
1 290
2 159
2 58
2 32
1 157
2 72
1 201
1 265
2 262
2 111
1 119
2 173
1 286
1 70
1 83
1 59
1 209
1 255
2 7
2 28
2 135
1 69
2 288
2 208
2 248
2 268
2 66
2 190
2 137
2 174
1 248
1 262
2 294
1 246
2 194
2 179
1 236
2 27
2 113
1 257
1 197
2 80
2 175
2 116
2 215
1 152
1 39
2 152
1 55
2 161
2 226
2 234
2 186
2 192
1 243
2 98
1 230
2 18
1 280
1 67
1 258
1 239
1 252
2 215
2 169
1 10
2 103
2 250
1 77
2 65
2 16
1 130
1 43
1 286
2 214
2 174
1 60
2 13
1 90
1 258
1 34
2 169
2 3
2 19
2 273
2 19
2 295
1 289
2 133
1 120
1 231
1 139
1 177
1 214
1 25
2 73
1 298
2 266
2 270
1 218
2 219
1 253
2 58
1 241
1 242
1 80
2 51
1 269
1 241
2 200
2 256
2 198
2 22
1 100
1 158
2 46
2 112
1 213
2 135
1 150
2 41
1 293
2 274
1 232
2 15
2 71
1 13
1 273
2 275
2 190
2 282
1 37
2 114
1 65
2 75
1 294
2 124
2 203
2 283
2 84
1 23
2 79
1 184
1 246
2 267
2 291
2 2
2 63
1 43
2 196
2 3
1 235
2 259
1 205
1 274
2 291
1 151
1 222
2 185
2 12
2 170
2 101
2 188
2 134
1 94
2 143
1 101
2 145
1 186
1 74
2 153
1 129
2 290
1 96
1 268
2 81
1 271
2 195
2 139
1 25
2 142
2 7
1 66
1 38
1 277
1 225
1 108
2 127
2 176
2 117
2 20
1 142
2 198
2 240
1 278
1 39
1 32
2 145
2 237
2 218
1 244
1 29
2 160
2 36
1 118
2 156
1 171
1 243
2 29
1 162
1 181
1 254
2 227
2 168
2 149
2 35
2 140
2 245
2 83
2 251
1 117
2 202
2 229
2 285
2 85
1 159
2 238
2 54
2 244
2 104
2 271
2 200
2 97
1 1
2 144
1 192
2 170
2 67
1 8
2 68
1 212
1 206
2 14
2 40
2 242
2 131
1 298
1 249
2 6
2 296
1 136
2 216
2 141
1 78
2 155
2 178
1 167
2 109
1 12
1 229
2 49
1 95
2 163
2 99
2 209
1 297
2 81
2 132
2 121
2 136
2 8
1 72
2 102
2 17
2 255
1 14
1 82
2 267
1 263
2 154
1 21
2 120
1 157
1 185
1 105
2 62
2 278
2 233
2 210
1 238
1 60
1 91
1 26
1 191
1 150
1 256
2 16
2 235
1 224
2 11
2 18
1 179
2 163
2 61
1 225
2 53
1 220
1 281
2 20
2 261
1 95
2 38
1 247
1 54
2 86
