7600 7000
1 693
1 343
1 2122
2 3428
2 1907
1 3371
1 3629
1 3398
2 1871
2 980
1 1877
1 958
2 1518
1 3721
1 2644
1 553
2 847
1 1489
1 635
2 2263
2 1102
1 2230
1 865
2 1392
1 166
1 3627
1 387
2 2296
1 3357
2 2071
2 3010
2 2670
1 607
1 2004
2 26
1 2187
1 2396
2 458
2 3694
2 519
2 1935
2 3082
2 27
1 3514
1 3356
2 2788
1 2798
2 2539
1 2232
1 601
1 989
1 2029
1 605
2 1191
2 1705
2 2153
2 321
2 2258
2 671
1 2895
2 459
1 157
2 2836
2 3260
1 3298
1 2677
1 405
2 3440
1 1146
1 912
1 953
1 2290
1 1524
2 902
1 1241
2 3779
1 3432
1 3655
1 1398
2 2838
2 697
1 656
2 3382
1 361
2 3482
1 991
2 1364
2 3785
2 1167
2 2887
2 369
1 841
2 1993
1 2369
2 504
1 659
1 3744
2 2136
2 2816
1 1451
2 1265
2 2784
1 2358
1 330
1 2746
1 966
1 3350
1 1106
2 273
1 105
1 1711
2 2889
1 891
2 3670
2 3469
1 3485
2 3644
1 3591
2 1197
1 3600
2 653
1 2091
1 1799
1 1827
1 1834
1 2269
1 3266
1 101
1 3708
1 926
2 2167
1 3151
1 2869
2 3609
2 739
1 3023
1 2635
1 2972
2 1238
2 3729
2 3539
2 3291
2 3315
2 1451
2 785
1 68
1 3472
2 1408
1 460
2 3168
2 3225
2 3410
1 1259
2 2285
1 544
1 1504
1 1892
1 3198
1 2283
1 3369
1 515
1 143
2 315
1 1193
1 2868
2 2101
1 2760
1 3380
2 767
2 1437
1 2228
1 884
2 2682
1 2329
2 2446
1 21
2 3248
2 1312
2 3618
1 1436
1 3495
1 3598
1 1399
1 2180
2 1186
1 3142
2 1874
2 83
1 992
2 623
1 1977
1 1387
2 408
1 72
2 704
2 1975
2 1076
1 1175
2 1614
2 750
1 1109
1 241
1 2162
1 3178
1 714
1 1283
1 3402
1 3433
2 320
2 3513
1 2289
1 2307
2 1007
1 2355
2 684
1 3494
1 2416
2 3471
2 3323
2 2005
1 158
1 796
2 3485
2 1453
2 3425
2 3523
2 1271
1 738
2 700
2 681
2 781
1 2451
2 592
2 332
2 421
2 3543
2 647
2 264
2 308
1 3637
2 2733
2 2080
1 1461
1 676
2 961
1 2722
1 2215
1 3118
2 3
1 977
2 2265
2 2725
1 985
2 2350
1 1911
2 638
1 849
1 2309
1 785
2 2052
1 2980
1 324
1 1093
2 2755
1 2202
2 2843
1 1194
2 3430
1 1947
1 3250
2 2058
2 3170
1 1816
2 565
2 3686
1 2752
1 1661
1 2594
2 571
1 2075
1 535
1 3145
2 3056
1 485
2 2024
2 2155
1 2796
2 3671
1 2705
1 3737
1 2915
1 1980
1 1520
1 2679
2 2246
2 2680
1 3256
1 3239
1 698
1 1027
1 1667
1 2017
2 864
1 2698
2 3437
1 3554
2 2343
1 1931
1 3129
1 3232
1 3728
2 80
2 352
2 2977
1 1777
2 2668
2 2878
1 3661
1 216
2 2542
2 3470
1 425
2 1584
2 3653
1 1565
2 3004
1 1561
1 753
2 465
1 3078
2 353
2 214
1 1210
2 3486
2 3107
1 2391
2 2107
1 1630
2 1567
2 2848
1 3543
2 1032
2 1306
2 403
2 1870
1 2984
1 1080
2 596
1 276
1 1185
2 1403
1 484
2 1371
2 1888
2 312
2 2948
1 1322
2 2377
1 1130
2 483
2 1675
2 1351
2 2828
2 256
2 1927
2 3687
2 3594
1 3689
1 731
2 813
1 2521
1 2810
2 2889
1 3767
1 2112
1 802
2 3087
2 2087
2 1639
2 3690
2 2316
1 9
2 77
1 359
1 1588
2 1491
2 3639
2 46
2 2933
1 3065
2 2383
2 2359
1 2852
2 2018
2 2719
2 3657
1 3724
1 2015
2 3247
2 2031
2 3383
1 249
2 3403
1 3175
2 1006
2 1565
2 3072
1 587
2 2011
1 1561
1 2200
1 3160
1 148
1 2817
1 670
2 3492
1 1153
1 877
1 1803
2 1441
1 2597
1 3735
2 934
2 2760
2 1078
1 2430
1 923
2 3310
1 3014
2 2686
1 2709
2 610
1 852
2 242
1 262
2 1676
1 2636
2 3654
2 1758
2 2574
1 944
2 658
1 1216
1 1991
1 486
2 3522
2 1336
1 1267
2 327
1 2664
2 370
1 1602
2 3414
2 280
1 360
1 2558
1 310
1 400
2 3483
2 1559
1 123
2 1812
1 69
2 3579
2 2191
1 2135
2 1755
1 11
1 34
1 1331
1 1246
2 3676
1 40
2 3259
1 686
1 2971
1 1971
2 1830
1 254
2 1040
1 3571
2 1713
2 1514
2 1568
1 900
1 3611
1 2842
2 1579
1 2912
1 1229
2 1032
1 2931
1 2235
1 3408
1 1738
2 3704
1 2658
1 2177
1 492
1 1611
1 1059
2 736
1 1579
1 447
2 685
1 426
2 3166
1 1882
2 2667
2 2873
1 1656
1 1417
1 3026
1 1657
1 2794
1 207
1 1681
2 305
1 3642
2 2333
1 3047
2 2496
1 1846
1 2205
1 1890
2 1011
1 613
2 2835
2 3033
2 1056
2 1554
2 969
2 1377
1 3610
1 3649
2 1240
2 2876
2 2389
1 1963
1 507
1 2138
1 2569
2 1542
1 1076
2 2896
1 881
1 3755
2 1862
1 1205
2 194
1 2619
1 506
2 1261
2 2137
2 289
1 687
2 832
2 910
1 2554
2 1658
1 114
1 2307
1 2586
1 1939
1 806
1 2228
2 1938
2 3301
1 1830
1 649
1 193
1 893
2 3500
2 1792
1 2602
1 1752
1 1566
2 2182
1 2192
1 1858
2 909
1 2649
2 2924
2 315
1 721
2 754
1 2853
1 2617
2 2433
1 172
2 1133
1 3169
2 2526
2 3267
2 2061
1 2627
2 741
1 3188
2 731
2 3593
2 822
2 647
2 2222
1 301
1 2650
2 2806
1 2318
1 1379
1 2213
1 675
1 2508
1 1258
2 1060
2 3792
1 2766
2 3037
2 167
2 577
1 2492
1 1838
1 1762
2 1952
1 1961
2 11
1 2511
2 2110
2 3702
1 3584
2 1144
2 2133
1 1075
2 2721
2 1525
2 1103
1 843
1 1016
2 2781
2 2119
1 2528
2 3270
1 312
1 1977
2 1979
1 2909
1 94
2 1421
1 2793
1 173
2 464
1 474
1 2157
2 3509
1 1115
2 3185
1 540
2 1548
2 751
1 1116
1 1213
1 229
1 2979
2 2099
2 2541
2 2194
2 1092
2 962
1 1884
1 3663
1 2943
2 2226
2 887
2 1272
2 954
1 1073
2 3222
2 311
1 3788
1 3419
2 1074
2 2294
2 679
2 293
1 2262
2 1628
2 2873
1 3321
1 357
2 1327
1 1070
1 1017
1 339
2 1845
1 1219
2 1631
1 2171
1 3117
1 2962
1 2432
1 3693
2 169
2 3082
1 3568
2 184
1 3546
1 2626
1 3761
2 2295
1 2938
1 3308
1 1730
1 2600
2 385
1 1664
2 1052
1 3772
2 2788
1 2626
1 974
2 1921
2 3171
2 1576
2 3560
2 2955
2 2124
2 1968
1 3059
2 2648
2 3698
1 3553
2 3327
1 3575
2 3401
1 1363
2 553
1 2401
2 3636
1 1402
2 1609
2 2525
1 1449
2 97
2 2833
2 2673
1 901
2 762
1 1385
2 2934
2 1893
1 2827
1 990
2 1140
2 1583
1 1444
1 2346
2 367
2 1635
2 3077
2 1188
1 1583
1 2780
2 911
1 2974
2 2234
1 2537
1 2379
2 1634
2 2463
1 1976
1 3681
2 1348
2 1828
2 1122
2 12
2 1244
2 2724
2 2147
1 335
2 2467
2 3691
2 100
2 853
1 2044
2 376
1 2102
1 1655
1 3407
1 1455
1 2812
1 1002
1 2937
2 3619
2 3254
2 180
2 1775
2 3777
1 1954
2 3567
1 445
2 2545
2 2326
1 2276
2 3207
2 59
1 2718
2 313
2 1951
2 1810
2 3710
1 175
1 838
2 2434
1 2797
1 480
2 2845
1 1753
2 765
1 2213
1 3480
1 3269
2 95
1 963
2 2872
2 1715
2 2614
1 1553
2 1167
1 3006
1 448
1 1249
1 1414
2 249
2 2648
1 735
1 19
2 3460
1 1999
2 1836
2 1931
2 455
1 1444
2 203
1 3333
1 811
2 1104
2 1849
2 3613
1 1809
1 1058
2 3126
1 635
2 892
1 3275
1 2456
1 3472
2 2568
2 1359
1 1511
2 696
1 640
1 795
1 3264
2 1150
2 366
2 1066
2 42
1 1788
1 648
2 303
2 2488
1 1370
1 3559
2 205
2 1195
1 3125
2 2447
2 3109
1 1131
1 2929
2 1221
1 2531
2 3031
2 2117
2 933
1 2206
2 1672
2 3738
2 999
2 80
1 830
2 989
2 1754
2 3287
2 800
2 3155
2 3100
1 2417
2 2019
2 1709
2 49
2 3246
1 1953
2 623
1 655
2 3667
1 2900
2 2689
2 2197
2 3628
2 3697
1 770
2 1361
2 292
2 3629
1 1396
2 1300
1 3086
2 389
1 2387
1 947
2 699
2 1501
1 1602
2 491
1 2995
2 2663
2 1814
1 2583
2 2480
2 1215
2 960
2 3349
1 2150
2 2953
2 495
1 1604
1 50
1 1901
1 1696
2 788
1 314
1 1124
2 1017
1 2849
1 3139
1 1288
1 56
1 1376
1 1721
1 1610
1 3095
2 2533
1 2315
2 3796
2 2693
1 551
1 983
2 2083
2 2597
2 1810
1 2449
2 536
1 1642
1 326
2 913
2 266
2 3029
1 2491
1 747
2 1356
2 2674
1 3307
2 2942
1 2617
1 98
2 832
1 369
2 2225
2 1824
1 3196
1 192
1 3050
1 33
2 1357
1 3791
2 1783
2 1377
2 1104
1 1836
2 615
1 602
2 3489
2 79
1 2383
2 656
2 3389
2 984
1 2504
1 3217
2 2517
1 1542
1 155
2 150
1 3601
1 3708
2 1986
1 684
1 2842
1 2350
1 3193
2 122
2 496
1 842
1 1045
2 3220
1 3417
2 2270
2 3762
2 3608
1 1826
2 2708
1 1761
2 2403
2 3409
2 2219
1 2117
1 1713
1 3500
2 2455
2 396
2 2453
1 357
2 1394
1 645
2 3283
1 2697
1 1306
1 649
1 2699
1 3214
2 1233
2 2436
2 777
1 3445
2 3337
1 3284
1 646
1 2014
1 2772
1 419
1 2734
2 1993
1 2479
1 1359
2 2050
1 2075
2 783
2 1406
2 591
2 2156
2 3406
2 1848
2 2156
1 1346
2 1243
1 1384
2 2593
1 2329
2 2044
2 3189
2 275
1 2306
1 408
1 2327
1 1944
2 957
1 2806
2 1138
2 3291
2 88
1 1593
2 1571
1 2417
1 2133
1 223
2 2875
1 2336
2 2671
1 3757
2 3396
1 1091
1 3493
1 1121
2 3036
1 3299
1 2426
2 1824
1 2482
1 3558
1 1593
2 1538
2 948
1 1859
2 1171
2 2274
2 2361
2 2257
2 1876
1 1252
1 2607
1 472
1 2530
2 3046
2 2759
2 2726
1 69
1 2656
1 702
2 269
2 2647
2 1574
1 3691
1 328
1 857
1 476
1 1082
1 1318
2 372
2 2367
1 2768
1 3359
1 1176
1 1622
2 35
1 626
1 1527
2 1412
1 370
1 1274
1 2880
2 3794
1 807
2 2573
1 258
2 782
1 3514
2 2498
2 3368
2 2013
2 2674
1 2675
1 3504
1 2458
1 2260
1 221
2 3715
2 2874
2 1313
2 2006
1 1373
2 2901
1 1389
2 681
1 1077
2 2313
2 2232
2 256
2 1922
1 2843
2 440
2 260
2 1785
2 3085
1 1474
1 2628
1 1767
1 3676
2 2827
2 3601
2 741
1 1707
1 3707
2 1964
2 588
2 388
2 2662
2 3415
2 3788
2 2553
2 3733
2 915
1 2505
2 568
2 729
2 3736
1 3790
1 1679
1 3773
2 2710
2 1283
2 3426
2 822
1 3135
2 3104
1 2066
2 3573
1 403
2 2768
1 3564
2 1478
1 994
1 868
1 2659
2 1970
2 1137
1 1666
1 539
1 2034
2 1008
1 535
1 3461
2 3661
2 2821
1 631
2 2412
2 3501
2 1368
1 1425
1 1783
1 456
1 2209
1 2742
1 1996
2 3457
2 2651
2 3209
2 1927
1 1756
2 1128
1 487
2 2339
2 2388
2 818
2 1889
2 1633
1 658
2 244
2 542
2 3699
1 3243
2 3547
1 2750
2 945
1 1606
2 206
1 692
2 2134
2 2503
2 1972
2 1832
1 3431
2 2460
2 3011
2 3320
2 3044
2 1743
2 2175
2 2078
1 688
1 2864
2 3111
2 1487
2 2534
2 630
1 904
1 1735
2 792
2 1222
1 1734
1 3346
1 676
1 1225
2 1202
2 2254
1 1956
1 2477
1 3388
1 620
2 1113
2 3192
2 1423
1 3714
2 3399
1 335
2 2661
2 1894
2 660
2 2703
1 540
2 1112
1 1170
2 100
1 1782
1 1107
2 1397
1 2997
2 2170
1 2651
2 1429
1 2875
2 419
2 2227
2 2701
2 548
2 3096
2 3738
1 1591
2 245
1 65
2 3583
2 682
1 1285
2 3110
2 945
2 2094
1 1700
2 1989
1 3580
1 2173
1 2090
1 1349
2 3682
2 2188
1 764
1 3779
1 3211
1 2608
1 2089
2 1754
1 2400
1 1970
1 3578
1 149
2 2424
1 1416
1 1884
1 1557
2 166
2 2438
1 2282
1 2100
2 791
2 2449
1 3324
2 1690
1 1617
1 3311
1 1932
1 3678
2 2382
2 769
2 309
1 444
1 2220
2 430
1 3487
2 3285
1 2649
1 1923
2 2372
2 2782
2 163
1 3294
2 1734
2 1863
2 1371
2 2696
2 1724
1 788
1 3448
2 2159
2 162
1 573
2 1834
1 3232
1 3533
2 2630
2 569
2 3342
1 1646
1 156
1 997
1 375
1 1913
1 2004
2 1506
1 1018
2 3438
2 532
1 2886
2 3161
2 2361
2 3727
1 135
1 1153
2 3062
1 2373
2 1493
1 1698
1 3239
1 72
1 3170
2 2411
2 2745
2 844
2 867
1 3476
2 1405
1 185
1 2761
1 1443
1 3227
2 1399
2 316
1 3556
2 1251
1 436
2 3493
2 3528
2 3422
2 3378
2 3075
1 3154
2 3279
2 6
2 3685
2 2146
2 718
1 808
1 812
1 2963
2 1471
2 1093
2 3398
1 567
1 319
1 587
1 1776
1 1588
1 713
1 513
2 1615
2 3370
2 3226
2 1861
1 3149
2 1622
1 1226
2 2135
2 2006
1 449
2 488
1 2093
2 1526
1 784
2 1426
1 1456
2 3760
1 1636
1 2229
2 1412
1 3192
2 2217
2 2918
2 2678
2 3764
1 382
2 1741
1 200
1 3265
1 2169
2 3093
2 1137
1 1390
1 706
1 2305
1 806
2 3148
1 1950
1 3732
1 15
1 309
2 2660
2 1035
1 1428
1 724
2 1291
2 1260
1 3071
1 1627
2 2415
2 3354
2 2748
2 2147
2 1703
1 3741
2 2514
1 1953
2 1756
1 3458
2 847
1 3371
2 3011
2 1893
2 2854
2 3134
2 2925
1 1847
1 3103
1 946
1 2914
1 519
1 1954
1 2118
1 2010
1 497
1 3582
1 2803
2 2422
1 1174
1 1466
1 1929
2 2922
2 354
2 2646
2 245
1 3720
2 1068
2 673
2 2012
1 1064
1 2852
2 3177
2 3004
1 3236
1 973
1 2867
1 450
2 3453
1 3066
1 2685
1 364
2 1793
1 3563
2 1341
1 518
1 2003
2 3675
2 3128
1 3765
2 2655
1 1621
1 3143
1 530
2 1409
1 1887
2 3734
2 639
2 3749
1 2180
2 2281
2 1649
1 2317
2 3538
1 3353
2 876
2 3420
1 114
2 3381
1 1591
1 3712
1 2904
1 983
2 3749
2 2991
1 399
1 1099
1 811
2 379
2 906
1 487
2 3263
2 3208
2 2655
1 3646
1 2346
2 3424
1 1887
1 2863
1 579
2 112
1 3184
2 3079
2 2767
2 1434
1 190
1 1732
2 32
2 3570
1 732
1 1719
1 344
1 1266
1 1862
1 3137
1 3607
2 2592
2 2802
2 1671
1 3258
2 3093
1 593
2 2318
2 2577
1 65
2 1438
2 2019
2 3022
1 1598
2 1246
2 2711
1 3147
1 3284
1 217
2 116
1 360
1 3215
1 1625
1 3162
1 3151
2 19
1 2445
1 3636
1 2627
1 3066
2 2342
1 1640
2 2983
2 783
1 484
1 1715
1 3269
2 157
1 501
2 2058
2 3351
1 1240
1 1629
2 821
2 1459
1 1681
2 146
1 437
1 394
2 2534
2 179
1 58
2 1299
2 1049
2 2927
2 2365
1 3354
1 3199
2 3318
1 2302
2 1020
2 1047
2 3361
2 947
2 1258
1 1735
1 2201
2 1486
2 346
1 2613
1 622
1 3244
2 391
1 473
1 457
1 2300
1 2935
2 3787
2 1851
2 3163
1 246
1 136
2 764
2 2775
2 845
1 826
1 3722
1 3096
2 1141
2 296
2 3158
1 435
1 40
2 2573
2 1786
2 58
2 2387
1 685
2 462
2 3656
2 2640
2 2443
2 1341
1 3597
2 2727
1 516
2 3479
1 262
1 431
2 3464
1 850
1 2706
2 2145
1 3662
2 3587
2 279
1 1257
2 2082
1 2439
2 1000
1 1417
2 2699
1 2356
2 2726
2 1689
1 1839
2 902
2 1595
1 3617
2 1794
1 2807
1 3772
1 3387
1 2696
1 260
1 698
1 2324
2 3490
1 490
2 1233
2 2070
1 3706
2 900
1 252
1 119
1 2395
2 1475
1 1508
1 1559
2 2639
2 670
1 3169
2 2174
1 409
2 1250
2 2440
2 2462
1 899
2 1522
2 1967
1 2070
1 3540
2 2985
2 2024
2 1806
1 79
2 1036
2 2901
2 2769
2 937
1 246
2 2881
2 3124
1 1693
1 637
1 1532
2 935
2 1850
1 2409
1 1327
1 1203
2 1633
2 2898
1 3641
1 3704
2 1790
2 585
2 1267
2 2628
1 3114
1 3644
2 2042
2 3462
1 669
2 1840
2 1717
1 2954
1 3037
2 1760
1 1642
1 2381
2 2836
2 2908
2 253
2 286
2 594
1 3585
1 2106
1 1238
2 2238
2 2077
2 213
1 1883
2 2260
2 2656
2 948
1 725
1 3764
1 2290
2 1516
2 46
2 3309
2 522
1 1960
1 392
2 2190
2 3502
1 547
1 318
2 665
2 2394
2 1224
1 145
2 2153
2 386
1 714
2 876
1 1254
1 1144
1 510
2 1031
2 2411
1 3735
2 26
2 409
1 2782
1 628
2 1074
1 1337
1 3744
1 766
2 1600
2 1434
2 2502
2 797
2 952
2 2421
1 2490
2 3781
1 2150
2 109
1 1509
1 3252
2 2603
2 3000
2 903
2 168
1 3385
1 3574
1 2979
1 752
1 1269
2 2407
2 556
1 1761
2 3505
2 3297
1 633
2 580
1 233
2 1115
1 1535
1 213
1 323
2 1429
1 3426
1 2883
1 3689
1 3182
1 2533
2 2737
1 62
1 936
1 2303
1 957
1 48
1 3131
1 2645
2 2898
2 1299
2 271
2 1694
2 3453
1 1710
2 398
2 3574
2 748
2 394
1 254
1 839
2 889
1 1132
1 1370
2 2864
1 2
1 1813
1 1481
1 3758
1 744
1 3593
1 711
2 2129
1 3776
2 2390
1 2368
2 3205
2 272
1 1900
2 831
2 3201
1 3775
1 1107
2 1990
1 607
2 3051
2 8
2 3008
2 3219
2 2432
1 946
1 2981
1 1470
2 1498
2 1925
2 1324
2 1012
1 2175
2 2871
1 1048
2 3027
1 3231
1 385
2 2820
1 1208
2 1703
2 3748
1 1724
2 655
1 2761
1 836
1 959
1 2581
1 268
2 1112
2 2450
2 3205
2 634
2 2950
2 1645
1 190
1 1618
1 84
2 1342
1 2063
1 3560
1 3163
1 2308
1 2832
1 2543
1 1832
2 3668
2 2833
1 688
1 626
2 3770
2 1624
1 3551
1 45
1 3118
2 1028
2 520
2 809
1 595
1 2947
1 2623
2 3468
2 1135
1 1771
2 1829
1 3241
1 206
1 3695
1 395
2 1127
2 2883
2 1134
2 297
2 1747
2 2903
2 1597
1 716
1 1677
2 424
2 130
2 3566
1 1333
2 1731
2 3253
2 3247
2 234
1 1888
2 2787
1 235
2 1531
1 561
2 2348
1 3489
2 2723
2 3052
1 90
2 1323
1 3746
1 2074
2 1662
2 2907
1 3280
1 164
1 333
1 799
1 452
2 3703
1 1024
1 1652
1 803
2 3640
1 2690
2 3358
1 921
2 3141
2 1372
2 583
2 2001
2 2969
1 3290
2 2293
1 3449
2 3286
2 2462
2 2490
2 2950
2 1068
2 368
1 3529
2 2569
1 145
1 3304
1 3353
2 1641
2 1769
1 2488
2 713
2 3509
1 2598
2 717
2 3152
2 1459
2 2193
2 1298
2 909
2 2370
2 294
2 3481
1 2340
1 1079
2 413
2 2204
1 1496
2 1974
1 3144
1 3506
1 1721
1 665
2 1881
1 2839
1 3312
2 596
1 2114
1 1042
2 1097
1 1936
1 1797
2 2312
2 555
2 3300
2 828
1 1497
2 1837
2 3396
2 3483
1 3089
2 354
2 3774
2 2692
2 1301
2 42
2 2122
1 521
1 3669
2 227
2 3254
1 3068
2 2977
2 2555
1 1919
2 2195
2 1963
1 2481
2 3606
1 1223
1 3616
1 2657
2 898
1 401
1 3387
2 2212
1 1920
2 1603
2 3049
1 2811
2 3457
2 396
2 3439
1 2942
2 122
1 24
1 3413
2 751
2 750
2 2360
1 475
1 2060
1 3012
2 2743
2 2222
1 1031
2 3674
1 3630
1 1942
1 3719
2 3418
1 371
2 2992
2 2041
1 1424
2 1589
1 10
2 3556
2 885
1 3795
1 2886
2 2537
1 243
2 2561
1 1450
2 1697
1 134
2 3578
2 3325
2 987
1 2224
2 2403
1 1797
1 614
1 1601
1 896
1 2730
2 2088
2 2855
1 1183
2 1562
2 2425
1 3338
2 2378
1 1616
1 3484
1 87
2 1940
2 3484
1 59
1 691
2 453
2 3345
2 89
2 3626
2 3136
1 1869
1 1316
2 1319
1 27
2 1215
2 634
1 1207
1 1462
2 2902
1 2475
1 96
2 927
1 2433
1 2261
2 1503
1 365
2 2319
2 574
2 2700
2 1286
2 993
1 3434
1 2999
1 55
2 2616
2 2035
1 2544
1 2609
2 3249
2 1996
2 135
2 2096
1 962
2 2284
1 1843
2 1094
2 3792
1 1256
1 1292
1 913
1 3270
1 2894
2 1644
1 667
2 546
1 941
1 1347
1 2685
1 2007
2 399
2 1962
1 201
1 154
1 2484
2 2923
1 1479
1 285
2 582
1 377
2 2924
2 2010
2 931
1 637
1 2485
1 2641
1 1232
2 2516
1 197
2 1817
1 2740
1 2729
1 3173
1 3610
1 2957
1 2834
1 1831
1 1453
1 3245
1 1998
1 2790
1 3474
1 3317
2 3330
2 2969
2 1857
2 1350
2 2769
1 93
2 1733
1 745
1 2810
1 3795
2 3713
2 2168
1 2993
1 1297
1 2844
1 1578
2 1697
1 1014
1 220
1 3161
1 1997
2 1071
2 1634
1 3716
2 3603
2 533
2 868
2 512
1 1871
2 2113
1 2591
2 552
2 2284
1 686
1 299
2 434
2 1676
1 2741
1 338
1 2160
1 3416
2 368
1 356
2 2637
1 910
2 1275
1 3465
2 1239
1 2695
2 3692
1 970
2 2866
1 3666
2 506
1 1473
2 2176
2 895
2 2236
1 3769
1 3464
2 2624
1 1825
2 3117
2 1752
1 378
1 2294
1 1903
2 238
2 1026
1 2098
2 1334
1 1496
2 2738
2 2225
2 2824
1 2198
2 761
1 3288
2 2766
2 2454
1 1231
1 236
2 2753
2 2596
1 61
2 2021
1 1280
1 154
1 674
1 1811
2 1019
2 1867
1 3534
2 1552
2 524
1 2020
1 954
2 3557
2 1928
2 1826
1 1594
2 2086
2 1729
1 3423
1 2296
2 3739
1 1992
1 2444
1 3550
1 1262
1 906
2 2448
1 2183
1 44
2 576
1 1305
2 1447
2 240
2 2774
1 2203
2 615
1 2905
1 1335
1 3246
1 1116
1 911
2 3530
1 3332
2 3089
1 1581
2 2285
2 1373
1 1524
2 939
1 1365
2 3157
2 2837
1 1694
2 2145
1 121
1 2057
2 2427
2 1574
2 3532
1 819
2 3727
2 2300
2 1544
2 1213
1 3407
2 1973
1 2940
1 1843
2 3609
1 15
1 459
1 3681
1 1005
2 882
2 1452
2 2840
2 1178
1 1855
2 185
1 3634
2 2351
1 2148
1 2125
1 3240
1 3135
1 3268
1 1704
2 3112
2 1163
1 284
1 3626
2 2069
2 374
2 2183
1 1763
1 579
2 2109
2 2961
2 3031
2 3541
1 2654
1 3007
2 3045
2 1269
1 2821
1 1547
2 2231
1 1793
2 3216
1 2461
1 2023
1 2311
1 228
2 2792
1 3266
2 3019
2 290
2 3752
2 1582
2 2315
2 628
2 172
2 2271
2 781
1 3191
1 251
1 3273
2 2758
1 3351
1 1157
2 2926
1 730
1 933
2 1191
1 2562
1 2393
2 624
1 3179
1 2845
2 1702
1 2261
2 3110
1 7
1 2357
2 1537
1 1983
1 3125
2 2743
1 1177
2 1067
1 1060
2 67
1 7
1 1021
2 2862
2 3393
1 2332
1 1414
2 2172
1 2831
1 1118
1 1904
1 3725
1 1057
1 10
1 2547
2 2364
1 1225
2 1139
2 1411
1 204
1 798
2 604
1 2793
1 2713
2 3411
1 414
1 1096
1 1637
2 644
1 2681
1 1742
1 3421
1 748
2 3420
2 1449
2 3424
1 2063
1 177
2 2922
1 466
2 2062
2 1917
1 3210
1 1277
1 3782
2 291
2 1606
2 2680
1 3372
1 3352
2 917
2 1175
2 2372
2 3109
1 976
1 2064
2 661
2 3638
1 1507
2 1211
1 1469
2 18
1 2209
2 1502
1 2282
2 1386
1 2463
1 2976
1 1049
1 1805
1 1014
1 956
1 298
1 211
2 1514
2 2088
1 2085
2 3491
1 3789
2 872
1 1548
2 3180
1 88
2 3665
2 3042
2 1027
1 21
2 1520
1 1352
1 3070
2 2394
2 795
2 773
1 3180
1 2691
1 229
1 1555
1 1782
2 1603
2 2678
1 421
1 779
1 3078
2 2041
2 2965
1 1847
2 2386
2 2765
2 1083
2 1189
2 270
2 1704
2 2154
2 810
2 85
2 3597
1 1303
2 2799
2 2283
1 2824
2 1279
1 721
2 3228
1 857
2 43
1 2038
1 2972
1 3088
2 3361
2 595
2 2572
2 458
2 3144
1 130
2 14
1 1873
2 541
2 284
2 978
2 397
2 2174
1 2050
1 2591
1 192
2 3275
2 4
1 2142
2 982
2 3206
2 2026
1 1670
2 2340
2 703
2 718
2 3406
2 1354
2 2167
1 1338
1 1896
1 1781
1 1534
1 170
1 3024
1 3296
1 2186
2 2606
1 2029
2 1780
2 1926
1 1767
2 664
1 3544
2 346
1 3709
1 2575
1 3606
2 543
1 1395
1 2642
2 2946
2 300
2 3033
2 1315
2 3549
2 352
1 3189
1 1647
2 2665
2 2646
2 3224
1 3202
1 136
2 1071
1 1860
2 1382
1 253
1 2736
1 3137
1 1678
1 2975
2 3115
2 113
2 3030
1 2120
1 28
1 1443
1 3130
1 2634
2 1189
1 1433
1 1397
1 1052
2 1936
2 3533
2 979
1 2785
2 1484
1 2366
1 1322
2 2043
1 1098
1 3519
1 2126
2 3659
1 233
1 384
1 1685
2 1353
1 861
1 2249
1 2588
1 724
2 3796
1 1611
1 133
2 936
2 2747
1 829
1 2208
2 1214
1 1855
2 1780
1 96
1 1719
2 2179
1 1159
1 705
2 2570
2 1315
2 2104
2 339
1 2087
2 3586
2 3508
1 2077
1 2097
1 1776
1 3098
2 803
1 3365
1 1648
2 1294
2 3088
1 187
1 1787
1 2538
1 355
2 2419
1 1966
2 3375
2 1557
2 319
1 2196
1 2107
1 2913
1 2439
2 1948
2 418
1 3753
2 3503
2 1419
2 183
2 828
1 3001
1 2576
1 569
1 1148
2 3145
1 2166
2 2906
2 825
2 1507
1 2132
1 2551
2 2580
1 182
2 2437
1 2108
2 2109
1 2584
1 358
2 1442
2 156
2 160
2 598
1 63
1 2465
1 1528
2 3155
2 826
1 2595
2 3362
1 944
1 972
1 853
1 317
2 3654
1 3214
1 2272
1 139
1 3224
1 1819
2 3591
2 815
2 127
2 1154
2 3498
2 1701
2 2976
2 2895
1 775
2 453
1 1930
2 1744
1 1808
1 3003
2 2425
2 2440
2 2184
2 1523
2 2170
2 3087
2 648
1 2880
1 603
2 3136
1 1228
1 2540
1 31
2 887
1 1010
1 3290
1 1868
1 3187
2 732
1 2719
2 3348
2 708
1 1234
1 2201
2 1798
1 1879
1 3218
2 322
1 2612
1 707
1 3370
1 1490
1 3017
2 1545
1 2744
2 2877
1 3071
1 2410
1 2936
2 2523
2 1986
1 170
2 163
2 2747
2 2345
2 432
1 2730
2 392
1 367
1 3282
2 3172
1 2897
1 2053
1 1127
2 2241
1 1092
2 1102
1 1198
1 2066
2 2767
1 3669
1 538
1 3594
2 1916
2 493
1 74
1 916
2 3599
2 1883
1 2877
1 302
1 3786
1 17
1 1447
2 212
1 1458
2 1446
1 2059
2 265
1 3793
1 3276
2 3478
1 1815
2 1495
2 549
2 2498
2 2657
2 2751
2 1130
1 2344
1 2849
1 920
2 1503
1 2639
1 1696
2 664
1 1775
1 3602
1 1184
1 1314
1 116
2 3430
2 755
1 1789
2 2377
2 1915
2 3527
1 3668
2 3768
1 1571
2 244
1 307
2 2956
1 849
1 329
2 3389
1 2910
2 1930
1 3532
2 1344
1 2564
2 2891
2 1722
1 1100
1 2902
1 3715
1 835
2 1987
1 2861
1 2643
1 657
2 1479
2 2212
2 2701
1 1151
1 3461
2 2441
2 215
2 823
1 862
2 2771
1 2949
1 3344
2 1872
2 1786
1 160
2 208
2 1331
1 3791
2 2049
2 1743
2 2277
1 2776
1 3213
1 2762
2 441
2 3448
2 2155
1 1381
2 197
1 2084
2 2263
2 282
2 527
1 1334
2 2
1 2550
2 393
2 1337
1 974
2 3300
1 3261
2 3043
1 2804
2 3679
2 353
2 2616
2 393
2 2951
2 251
2 916
1 462
1 2543
1 2700
2 3611
2 975
1 1381
2 1690
1 1906
2 2604
1 848
2 1050
2 2830
1 2370
2 272
1 1314
1 2407
2 3781
2 930
1 1061
2 2858
2 481
1 3043
1 2809
1 3193
1 668
1 1070
2 2704
1 424
2 1905
2 1858
2 2959
2 2139
2 2279
2 2115
1 2792
2 1920
1 1982
2 2239
2 837
2 3394
1 1228
1 1653
2 128
2 70
2 2783
1 2784
2 473
1 2181
1 3422
2 2561
2 1981
2 33
2 3017
1 2958
2 2269
2 2697
2 2038
2 2032
2 2000
2 1699
1 124
1 3015
1 2783
1 2405
2 1788
1 3195
2 1727
2 1736
2 1088
2 1173
2 1822
1 118
1 1660
1 3140
1 1172
2 29
1 2634
2 581
1 2633
1 1774
1 905
2 3187
1 3097
2 3754
2 3249
2 3278
2 2669
1 3741
1 3524
2 2571
1 228
2 2037
2 283
2 1597
2 3600
2 1922
2 90
2 815
1 1877
2 161
1 3346
2 3454
1 1728
2 2348
1 2623
1 3787
1 373
2 1891
1 3587
2 631
2 1270
1 191
1 66
1 324
1 84
2 3618
2 1338
2 99
2 2408
2 926
1 1816
2 3567
2 2049
2 2995
1 2235
1 1177
1 322
1 2662
1 1261
2 2567
1 1383
1 1959
1 1675
1 1211
2 234
2 1609
1 3432
1 2501
2 2528
1 201
2 3009
2 1159
2 3255
1 3
2 1273
1 2582
2 2288
1 2382
2 3583
1 3783
1 2480
2 2500
1 3546
2 2325
2 3116
2 646
2 1419
1 1339
1 3652
1 2672
1 2321
1 992
1 1518
1 3007
1 894
1 3455
1 388
1 268
2 3456
2 702
2 563
2 1911
2 1549
2 2481
1 2631
1 1380
2 1722
1 859
1 1393
1 1099
2 690
1 2970
1 1546
1 2393
2 1302
1 2818
2 2292
1 2986
2 1837
2 3156
2 3713
2 2308
1 1662
2 522
1 25
2 2599
2 3403
1 2198
1 1200
2 2954
1 1749
1 3253
1 1854
1 1890
2 61
1 511
2 2420
2 1387
2 1682
2 2419
1 1889
2 2424
2 825
2 3545
1 1054
2 3688
2 2423
1 2808
1 2459
1 2337
2 2859
1 1043
1 657
2 3721
1 1691
1 1505
1 2948
2 2689
1 662
2 3057
1 2071
1 2773
2 3230
1 504
2 103
2 2887
1 3126
1 3319
2 3525
2 3347
1 1981
1 2165
2 3280
1 3602
1 210
1 1090
1 2478
2 1516
2 1380
1 2583
2 1063
1 2464
1 1773
1 278
1 1684
2 3264
1 494
1 334
1 1943
2 1067
2 2334
2 3761
2 505
2 439
2 719
2 1047
2 1860
2 777
1 2795
1 759
2 445
2 124
1 3063
2 2204
1 167
1 3379
2 1432
2 1708
2 2525
1 1343
1 3616
1 2496
2 1897
2 20
2 695
1 678
2 2510
1 2111
1 1340
1 3576
2 2557
1 2168
2 2255
2 3765
2 3605
2 668
1 3446
1 3555
2 2681
2 709
1 789
2 1273
2 3335
2 1965
2 2414
1 3024
1 1466
2 117
1 3237
2 2932
1 1264
2 1747
1 880
2 3414
2 3488
2 2770
2 2028
1 520
1 3191
2 2410
2 1227
2 2027
2 2472
1 2926
2 3204
2 1626
2 351
2 1043
1 2483
1 896
1 1669
2 2299
2 1401
1 2963
2 3679
2 1482
1 133
1 3499
2 2884
1 1955
2 1400
2 1620
1 2400
1 9
2 1737
2 3336
2 2224
1 2640
2 2679
1 239
2 3402
2 848
2 517
1 1094
2 769
1 1764
2 267
2 1485
2 2727
2 2802
2 1188
1 723
2 1050
1 514
1 3070
1 1379
2 422
1 1749
2 949
2 1940
2 3311
1 1036
2 1865
2 985
1 1647
1 2929
1 488
2 1222
1 1274
1 3168
1 2814
1 2828
1 3515
2 1472
2 708
1 1425
2 1820
2 601
2 1995
2 3404
2 363
2 2968
2 3348
2 3447
2 97
2 1849
1 529
1 356
1 907
2 1481
1 715
1 1407
2 2304
1 1126
1 754
2 1307
2 2904
2 2515
1 1291
2 1090
2 2996
1 3694
1 3040
2 888
2 3363
1 30
2 52
1 3612
1 1408
1 1193
2 366
2 3009
2 2757
2 3697
2 327
2 128
1 1080
1 2764
2 3362
2 1688
2 2086
2 331
1 1488
1 1245
1 1995
1 110
2 452
1 2672
1 3475
2 73
1 3341
2 797
1 3200
2 144
2 3777
1 2731
2 248
2 1198
1 288
2 2712
1 1038
2 443
2 2054
2 1796
2 738
1 1410
1 1336
2 3385
1 3185
2 1358
1 307
2 1121
1 2096
2 508
2 2242
1 3344
2 51
1 568
1 1751
1 2687
1 2850
2 1192
1 1406
1 782
2 3452
1 1685
1 2216
2 3122
2 2341
2 2030
1 2076
2 3563
1 207
1 3184
1 3038
1 3021
1 927
2 3238
2 3590
1 1978
1 2704
2 2796
2 3106
1 2822
1 1798
1 1712
1 865
1 2527
2 2967
1 1560
2 2999
2 1781
2 1720
1 1873
2 222
1 1088
2 666
1 359
1 1293
2 2546
1 3108
1 1343
2 1420
2 3526
2 3105
1 3495
1 423
2 1856
2 3258
1 2512
2 3552
1 651
2 2749
2 2785
2 1178
2 92
1 2779
2 1673
2 2320
1 2523
1 3677
2 2899
2 1369
1 3580
1 709
1 1022
1 2988
1 2818
2 3001
1 612
2 1932
1 3638
2 2943
2 2067
2 2664
2 2427
2 3153
1 3417
2 3775
1 3535
2 3350
1 2364
2 3183
2 1454
2 883
2 3641
1 2337
2 2008
1 2601
2 930
2 3312
1 2045
1 2093
1 3437
2 1420
1 199
1 3756
2 3499
2 1477
2 3522
2 1566
1 3352
2 2210
1 2738
1 3737
1 3020
1 791
2 801
1 3081
1 2051
1 3516
2 1668
1 2069
2 446
1 728
2 1745
2 2390
2 611
2 3526
2 349
2 3190
2 846
2 934
1 2499
2 2763
1 2161
1 2314
1 1486
2 1109
1 402
1 350
1 1223
1 2178
2 2060
1 2163
1 2780
2 3167
1 784
2 1778
1 2022
1 1983
2 3199
1 2519
1 2234
1 3212
2 3019
2 1695
2 348
2 570
1 869
1 54
1 3309
2 701
1 1607
1 1098
1 2021
2 740
2 2916
1 941
2 1015
1 1212
1 2199
2 541
1 2770
1 3345
1 1300
2 1482
1 1069
2 3584
2 2986
1 3770
1 618
1 538
1 643
1 1498
1 3281
1 437
1 897
2 3743
1 3478
2 2716
2 1148
2 2524
2 922
1 1305
1 2452
1 38
1 1531
2 1556
1 2653
1 232
1 3268
1 3778
1 586
2 2221
1 1740
1 3304
2 3006
2 2002
2 544
1 2936
2 864
1 759
1 1457
2 3579
1 2216
2 866
2 1077
2 2734
1 1268
1 3328
2 3554
2 1409
2 905
1 401
1 667
1 1967
2 2559
2 1985
1 2330
2 3227
1 2494
1 1421
1 3138
1 2731
2 1544
1 17
2 2152
1 2000
2 1440
2 3367
1 575
1 3667
1 1458
1 1345
1 2848
1 455
1 3450
1 1935
2 13
1 1957
2 2703
1 1013
2 345
2 2772
1 3152
1 2146
1 267
1 3491
1 3462
2 3524
2 336
1 819
1 726
2 99
2 3650
1 2960
1 148
2 1562
1 2666
2 2622
2 878
2 1892
1 45
2 225
2 2670
1 290
1 3221
2 2870
1 2353
1 121
1 3053
2 3233
2 2061
1 621
1 565
2 3219
2 3146
2 699
1 448
2 1323
1 1502
2 3696
2 3229
2 2944
1 3035
1 209
2 1462
1 3617
2 1500
2 1668
1 611
2 441
2 1671
2 729
2 1506
1 1347
2 3595
1 1117
1 2085
2 1758
1 739
2 1672
1 479
1 2565
2 1438
2 528
2 2018
2 1848
2 2938
1 3202
1 3577
1 3645
1 3503
2 1759
2 3211
1 1142
2 2799
2 625
2 1808
1 1909
1 2501
1 1785
2 873
1 3210
2 2781
1 3316
1 2380
2 3127
1 2072
2 3129
1 3786
2 682
2 1391
1 2428
1 2469
1 183
1 2891
1 2925
1 787
2 1351
2 2956
1 730
1 1053
2 3077
1 3116
2 2978
1 3535
1 2241
1 1430
1 2683
2 235
1 1605
2 1470
1 3367
1 2116
2 523
1 1385
1 3203
1 3660
1 1374
2 2752
2 1053
2 1885
2 3374
1 556
1 2207
2 1174
2 2822
1 1160
2 1556
1 2025
1 2119
2 3720
1 2366
1 1903
1 2589
2 1558
2 31
1 590
2 1729
1 3551
1 937
2 2939
2 1388
2 231
1 280
1 3079
1 733
1 1236
1 2801
2 1564
2 1925
1 336
2 3671
2 833
1 2178
1 2113
1 1011
2 1901
1 171
1 2733
2 1287
2 1673
1 1982
1 2080
2 796
2 2644
1 2231
1 468
1 863
1 3105
1 1619
1 3476
1 2171
2 3706
1 1089
2 2911
2 2613
1 3624
1 2045
1 1302
2 1086
2 530
2 2396
1 2687
1 959
1 1307
1 3443
1 760
1 609
2 860
2 3194
2 861
2 2067
2 2275
2 2952
1 2622
1 414
1 461
1 855
2 1978
1 1825
2 515
2 1870
2 2502
2 2825
2 371
2 1065
1 2276
1 2611
1 2076
1 2952
2 2773
2 2709
1 232
2 3026
2 704
2 78
2 505
2 3257
1 3699
2 1398
1 2115
1 103
1 1350
2 2933
1 2609
1 273
2 3545
1 2221
1 247
2 3774
1 1400
2 1270
1 2589
1 2054
2 2906
1 463
2 1618
1 2526
2 1632
1 2416
1 3670
2 1288
2 2244
1 2580
1 3539
1 2205
2 2298
1 3710
2 1637
1 1632
1 521
2 1529
1 1714
1 1113
2 588
1 3632
1 461
2 1072
2 1469
1 1164
1 1480
2 3700
1 870
1 2030
1 3460
2 2721
1 1207
2 2455
2 863
1 1686
1 1009
1 2566
1 1262
2 889
2 2513
1 2287
1 742
1 477
2 3138
2 1964
2 1851
2 624
2 2566
1 2413
2 195
1 2777
1 2510
1 3435
2 3099
1 2519
2 2815
1 969
2 3222
2 2452
1 2555
2 1471
1 2245
1 330
1 1309
1 3754
1 1335
2 3497
1 3608
2 2973
2 1961
1 2324
1 771
1 951
1 2736
1 1567
2 3326
2 3172
1 2442
2 794
1 3751
1 1494
2 2642
2 321
2 3310
1 1958
1 2373
2 5
1 2558
2 2288
2 2811
1 3182
2 1196
2 1592
1 1247
2 2951
1 1739
1 402
1 835
2 639
2 836
2 3651
2 1664
2 3150
2 1525
1 2937
1 580
1 548
1 3080
2 1946
1 3307
2 3479
2 3480
1 165
2 1124
1 763
2 526
1 1286
1 1192
1 1391
1 720
1 1145
1 1455
1 1575
2 2203
2 3029
2 550
2 3003
2 1001
1 2355
1 1445
1 2694
2 1150
2 737
2 2549
2 3459
2 2800
2 1859
2 2998
1 860
1 3159
2 2402
2 2690
2 650
1 2247
2 1791
1 2585
2 2014
1 285
2 2825
1 3732
1 218
1 129
2 3368
2 3267
2 564
1 2794
1 1029
2 998
2 2144
2 1736
2 2064
2 3259
2 2084
1 305
1 1424
1 1918
2 1404
2 1101
2 2717
1 1230
1 3359
1 176
1 1994
2 2586
1 113
1 3400
1 2985
1 2939
2 3776
2 1646
2 259
1 2398
2 2746
2 1541
1 3296
1 2017
2 2744
2 2450
2 3723
2 134
2 3577
2 1691
1 2048
2 3113
2 2499
2 51
1 1828
1 407
2 2289
1 482
1 953
1 1271
1 2692
1 2813
1 1384
2 2418
1 1641
2 767
2 2447
2 147
1 3042
2 2787
1 2073
2 2124
1 3527
2 1454
2 3104
1 1054
2 2567
1 2857
1 1430
1 965
2 1909
2 3588
1 3757
1 83
2 43
2 1581
2 3341
2 3562
2 2484
1 1242
1 1939
1 2374
2 3570
1 3758
1 181
1 20
1 3664
1 3536
2 131
1 1244
2 2404
1 3631
2 1298
1 998
1 1969
1 3278
2 3634
1 1349
2 2267
2 480
1 16
2 2725
2 493
1 98
2 1106
2 2829
1 1201
2 790
1 2603
2 1631
1 2369
1 257
2 490
1 2378
2 3056
1 1589
1 2457
1 2688
2 3323
1 2541
1 824
1 1725
1 2306
2 13
1 1702
2 196
2 2551
2 216
2 2414
2 547
2 776
1 3132
2 1197
2 337
1 3162
1 1585
2 81
1 3045
2 3154
2 1795
2 614
1 3419
2 679
2 1499
1 3281
2 2099
1 1441
2 435
2 3531
1 2272
1 3695
1 586
1 691
2 1689
2 152
2 1530
1 567
1 873
1 3763
1 1147
1 2960
2 1517
1 1097
2 862
1 1263
1 126
1 219
2 1376
1 2507
1 325
2 2620
1 2059
1 3265
2 1526
1 182
1 2890
2 2047
2 2105
1 1353
1 3433
1 800
2 2663
1 1488
2 3421
1 2694
1 1256
1 1275
2 1395
2 3684
2 30
1 3295
2 1010
2 2335
2 3215
2 1418
2 650
2 851
1 3018
2 1110
2 1550
1 2717
2 2065
2 3540
1 375
2 1156
2 3736
2 2267
2 3718
1 2039
2 2074
1 120
2 2693
1 2805
1 2078
2 820
1 1311
2 2332
1 1616
2 3558
2 1872
1 2068
2 3091
2 372
1 1332
2 2706
2 3305
1 282
2 2128
2 2741
1 2342
1 964
1 412
1 3520
1 1372
2 195
1 104
1 2264
2 411
2 3466
1 174
1 509
2 727
2 3132
1 899
1 1864
1 939
2 91
1 2091
1 338
1 2790
1 1577
2 313
1 3146
1 1048
1 1004
2 2068
1 3569
1 481
2 3635
2 3083
1 1605
1 3639
1 3798
1 829
2 801
1 1627
2 1800
1 3102
2 2192
1 343
1 3235
1 2614
1 1004
2 774
2 2121
1 2365
1 971
1 3220
1 2264
2 2103
2 1716
2 1140
2 1823
2 3380
2 625
1 3486
1 358
1 164
2 995
2 572
1 1951
1 818
1 418
2 2356
2 3069
2 60
2 3725
1 1108
1 1082
1 1083
2 593
1 2144
1 2039
1 2707
2 604
1 230
2 2771
2 793
1 64
1 2164
1 2196
1 1553
2 1757
2 768
1 8
2 883
1 1949
2 1044
2 348
1 2325
2 555
1 2763
2 1991
2 1880
1 599
1 2223
2 3114
2 1040
1 1945
2 1500
1 3731
2 2278
1 1152
1 3658
2 1759
1 2094
2 1536
2 683
1 1015
2 2934
2 1209
1 1155
1 2079
1 3660
2 2003
1 92
1 632
1 1899
2 662
2 3288
1 571
1 3238
2 12
2 1051
1 3366
2 3261
1 1638
1 1769
2 501
2 3513
1 3755
1 3722
2 3122
2 2621
1 1252
1 1612
2 1125
2 2539
1 837
2 727
1 3379
2 960
2 898
2 1333
2 215
2 1057
2 1055
2 3053
2 2908
1 2320
1 869
1 2101
1 813
2 3260
2 1491
2 2652
1 1846
1 2512
2 3604
1 1143
2 1710
1 1268
1 287
2 1463
1 1141
2 2705
1 3511
1 6
1 328
2 1321
2 3299
1 2055
2 2363
2 1728
2 1545
1 443
1 3747
1 2485
1 1389
1 3028
1 762
1 3091
1 1957
1 62
2 1665
2 3538
2 633
1 1442
2 2268
2 1329
2 1680
2 34
1 2478
1 1185
1 1999
2 1003
1 2809
2 1161
2 3445
2 2389
2 1519
2 938
1 2574
1 3612
2 1360
1 1120
2 2233
1 1108
1 347
2 266
2 1166
2 2258
1 3055
1 2392
1 901
1 1730
2 1199
2 661
2 2964
1 2116
1 2494
2 276
2 2605
1 2974
2 3195
1 3742
2 671
2 1250
1 2571
1 3656
1 132
1 1666
2 1166
1 1445
1 143
2 1317
1 3471
2 1818
2 2854
2 2606
1 1841
1 1543
2 3315
1 1821
2 210
2 347
1 3451
1 2103
2 2202
1 2994
1 3041
2 1839
1 102
2 106
2 1002
1 3072
2 890
2 3293
2 2923
1 2250
2 384
2 3303
1 1332
2 3649
1 1651
1 877
2 1651
1 2847
1 3306
2 3366
1 2468
1 841
2 1587
1 1549
1 446
1 3678
2 2563
2 1439
2 178
2 1180
1 2470
1 2879
1 1725
1 2560
1 3620
2 1111
2 1230
1 2819
2 2865
2 2585
2 867
2 3592
2 2635
2 1692
2 3022
1 2487
1 1366
1 1
2 2142
2 2944
2 1844
1 2945
1 1149
1 2182
2 95
2 3377
1 146
2 1025
1 1304
2 3734
2 619
2 1204
2 2884
1 3568
2 2527
1 3186
1 1738
2 1206
2 3428
1 820
1 3663
2 1206
2 3767
1 735
2 3378
2 2823
1 3726
1 2252
2 50
2 2243
1 422
1 1310
2 2079
1 1422
1 950
1 1512
2 1660
2 2399
1 1114
2 3793
1 3052
1 1899
1 1317
1 600
2 365
2 1868
2 2513
1 1569
2 3198
2 2989
1 2860
1 1753
1 107
2 3683
1 3541
1 3740
1 1111
2 1081
1 2518
2 968
2 817
1 987
2 3555
2 2878
1 1750
1 1863
1 3672
1 3465
1 2601
1 247
2 1677
1 1842
1 306
1 2344
1 1652
1 3516
2 3625
1 2240
1 2759
2 1235
2 3297
2 749
1 1204
2 1854
2 2335
2 925
1 2368
1 693
1 3094
1 2466
1 880
1 2735
2 592
1 382
1 2108
2 2712
2 1171
2 406
1 2243
1 1535
1 2970
2 3277
1 745
2 3058
1 1822
1 552
1 1876
1 1921
1 966
1 2739
1 1495
2 1755
2 2353
1 3625
1 2909
2 528
1 1904
1 261
2 468
2 2229
1 629
1 255
1 2625
2 3763
1 76
2 1639
2 3418
2 1656
1 2984
2 675
2 1598
2 882
1 1103
2 875
2 689
1 2339
2 2503
1 1924
1 1572
1 3111
2 3314
2 237
1 3466
2 350
2 2911
2 2535
2 227
2 1898
2 1358
1 1028
1 955
2 3112
1 344
2 1339
1 2106
2 2522
2 438
2 2140
1 2013
1 1296
1 740
2 1282
2 2105
2 858
2 3334
2 1794
2 1465
2 3633
1 2120
1 2349
2 2817
2 3498
2 2352
2 2125
2 1045
2 2347
2 3120
1 404
1 3399
2 3046
1 1907
1 563
1 2005
2 3438
1 3444
1 1382
1 241
2 302
1 3675
1 44
2 86
2 3507
1 2497
1 236
2 2750
2 3631
1 3336
1 3186
1 3153
2 1683
1 293
2 2579
2 1134
1 1405
2 37
1 3525
1 303
2 2128
2 3682
2 1972
2 3292
1 3086
2 1320
1 2931
1 1638
1 3651
2 53
2 3800
1 3441
1 2807
1 2940
1 1411
2 1024
1 894
1 629
1 1744
1 984
1 1030
2 180
1 1906
1 1326
1 3255
2 1123
1 1494
2 3059
1 1355
2 1772
1 3212
1 590
2 3386
1 202
2 2246
2 2495
2 2858
1 529
2 1717
1 1885
2 3496
2 879
1 2530
2 2392
1 476
2 3364
2 2708
2 1149
2 3329
2 3662
1 2001
1 1475
1 3655
2 175
1 1012
2 1821
2 1402
2 1661
1 919
1 920
1 578
2 1196
1 176
2 3305
2 2732
1 524
1 1539
2 2959
1 194
1 3272
1 3101
1 198
2 951
2 772
2 2148
1 737
2 2385
1 499
1 2958
2 1219
2 3263
2 640
1 3647
1 218
2 1949
2 3060
2 1540
1 331
1 1959
2 763
2 3394
1 2165
1 3016
2 3318
1 341
1 2065
1 1051
2 2803
1 2928
2 2152
1 3784
1 1607
2 1324
1 2686
2 1766
1 1279
2 1378
2 2431
1 1842
2 3512
2 2092
1 2868
1 3696
2 55
2 277
1 1522
1 3064
2 3061
2 560
2 3431
1 3520
2 3607
2 1325
2 1416
2 24
2 1897
2 746
1 3240
1 798
2 2804
2 2271
1 2643
2 1937
1 2248
1 2095
2 54
2 1894
1 1916
1 3030
2 1948
2 622
2 3020
1 2081
2 1975
1 1357
2 3439
1 390
1 574
2 230
1 2621
1 223
1 1195
1 144
2 383
1 2275
1 23
1 2460
1 471
1 1254
1 380
2 3488
2 736
1 2072
2 1018
2 429
1 1852
2 391
2 1179
2 1243
1 2837
1 2012
1 2026
1 673
1 1615
1 361
2 1135
1 513
2 429
2 975
1 1237
2 3688
1 3055
2 3010
1 2553
1 3013
2 710
1 1845
1 1580
1 2568
2 3518
1 440
2 442
2 1790
2 159
2 3501
1 3103
2 872
1 2965
1 1896
1 717
1 275
2 457
1 3740
2 3133
2 3508
2 1805
1 1365
1 560
1 3142
2 239
1 1709
2 3032
2 1902
1 2301
1 1534
1 3487
1 3076
2 958
2 3025
1 1818
2 3325
2 2814
2 1881
1 3197
1 551
1 967
1 3467
1 3778
2 1654
2 2994
2 3569
2 3733
1 1835
2 3673
2 196
1 3595
2 3083
1 2471
2 2715
2 3139
2 2993
2 3756
1 2618
2 291
1 2920
1 3292
2 2398
2 1928
1 3343
2 3080
1 994
1 1943
2 627
1 2982
2 1368
1 432
1 733
1 320
2 2638
1 1802
1 2549
1 3376
1 2723
2 1886
2 2859
2 3653
1 1259
1 1886
1 2095
2 3334
1 454
2 805
1 1439
1 1807
1 1857
2 3664
1 1087
2 771
2 2964
2 153
2 3064
2 2467
2 3797
1 875
2 2311
2 1707
1 125
2 82
1 3390
2 3785
2 1069
1 171
2 5
1 2702
1 2451
2 2309
1 1118
2 269
2 2684
2 1242
1 1168
2 2584
2 608
1 3069
2 2966
1 2123
2 854
1 140
2 2239
1 123
1 2851
2 3057
1 3519
2 827
2 1929
2 2754
1 2893
1 2016
2 1751
2 3321
2 3204
2 3536
2 1042
2 3435
1 2262
2 406
2 2529
1 3392
2 2632
2 115
1 60
2 2987
2 2548
2 464
1 109
2 3063
2 977
2 3712
2 2158
1 747
1 3119
2 2323
2 689
1 2441
2 612
2 1310
2 3412
2 2172
2 3542
2 928
1 1329
2 1914
2 2474
1 270
2 3685
1 1321
1 3496
2 323
1 3771
2 852
2 1966
1 3481
2 36
1 922
1 1284
2 1944
2 1541
2 3073
1 1342
1 3470
1 225
1 3203
2 278
2 1840
1 582
1 2532
1 415
1 400
2 1923
2 722
1 3771
1 1078
2 377
1 294
1 2360
1 498
2 2665
1 1435
1 1584
1 271
2 816
2 73
2 2777
2 2357
2 2987
1 1509
1 2397
2 3750
1 3680
2 2233
1 1456
2 1992
2 1034
1 3343
2 2812
2 2953
1 2629
2 152
1 2408
1 2517
1 495
2 479
1 1316
1 289
2 3620
2 3729
1 3658
1 1041
1 2740
1 2338
1 940
1 112
1 3245
2 115
1 3377
2 1650
2 3643
1 981
1 2921
2 482
2 165
2 3635
1 3302
1 2371
2 1020
2 1841
2 618
1 770
1 456
2 2486
1 1249
1 141
2 3550
2 1831
2 1667
1 888
1 1415
1 2888
1 2575
1 2998
1 3401
1 3235
1 3230
1 562
1 2885
2 1264
1 423
2 1084
2 3271
2 3780
1 3102
2 821
1 3256
1 1063
2 3614
2 1580
2 823
1 923
1 817
2 3517
1 3752
1 381
2 1796
1 546
1 3798
2 687
1 1318
2 3355
2 3328
1 703
1 3409
1 3724
2 470
2 2138
1 1686
1 467
1 1311
1 3693
2 2751
1 3382
2 259
1 209
1 773
1 908
1 2778
2 106
2 3598
2 1009
2 3596
2 1774
1 3181
2 1998
2 1346
1 517
2 3375
2 2590
2 2605
1 3206
2 3650
2 2302
1 2397
2 2722
2 1538
1 427
2 2667
1 2801
1 1504
2 407
1 447
1 1617
1 3391
2 1039
2 1422
2 1586
2 2371
1 2632
1 1596
2 584
1 2316
2 161
2 1994
2 2476
2 1154
1 57
1 2482
1 1803
1 281
1 3121
1 990
2 3128
2 1231
2 1990
2 463
2 558
2 2576
2 2774
1 1308
1 2331
1 3605
2 1726
1 617
2 600
1 1955
1 3164
1 1946
1 1340
2 2531
2 2429
1 2562
2 1091
1 475
1 3747
2 1348
1 3427
1 1089
1 1640
1 2033
2 2897
1 2757
2 2111
2 2509
2 1236
2 3166
1 1006
1 1484
1 2557
1 52
2 1577
2 3614
1 3790
1 431
2 250
2 1202
2 1748
1 2865
2 2314
2 2151
2 2169
2 2238
1 599
2 756
1 2739
1 3521
1 893
2 2844
1 1908
2 1515
2 405
2 3051
1 3647
1 411
2 1594
1 1276
2 716
2 1655
1 1125
2 2983
2 610
1 3468
1 2612
1 789
2 1801
1 472
1 2089
1 226
2 1123
2 3473
2 2707
1 139
1 3633
1 1895
1 1924
1 2404
1 22
2 2237
1 3719
2 2032
2 3646
1 988
2 3340
2 2676
2 1934
2 2711
1 2464
1 1733
2 3789
1 1558
1 919
1 1519
2 3589
1 931
2 1164
2 3223
1 2141
2 2786
1 683
2 151
2 3058
1 799
1 3782
2 3474
1 971
1 1394
2 1039
1 224
2 779
1 3415
1 3171
1 1490
2 2596
2 397
1 1276
2 1084
1 3711
2 1879
1 1281
2 2409
1 2991
2 1623
2 874
2 850
2 2406
1 834
1 3067
2 2102
2 66
2 1304
1 1301
2 202
2 477
1 2840
2 2997
1 1692
2 2682
2 2669
1 2016
1 1224
1 2636
2 3174
2 1000
2 1366
2 1974
1 2123
2 577
2 2151
1 1100
1 2442
1 842
2 2947
1 619
2 3542
1 1590
1 471
1 2598
2 2251
1 918
1 884
1 25
2 1636
2 630
1 1119
2 2493
2 3237
1 3576
1 878
1 1344
1 1687
2 3381
1 886
2 1648
1 511
1 964
1 2333
1 1290
2 416
1 274
1 1289
1 866
2 3784
2 749
1 3015
1 1895
1 2056
1 1764
2 3143
1 1827
2 1016
2 1784
1 3100
1 2471
1 1587
1 1356
2 1563
1 1700
1 2273
1 141
2 1095
2 1290
1 3640
2 1624
1 1596
1 2473
2 3127
1 2082
1 1476
2 2312
2 1533
2 1467
1 2762
2 274
2 1866
1 1176
2 1817
2 2287
1 2776
1 3442
2 1600
2 1210
1 3622
1 1450
2 3523
1 226
2 678
1 602
2 2661
2 3505
2 3529
1 3429
2 523
2 3449
1 3613
2 3084
2 3768
2 1326
1 2491
2 1573
1 1136
1 337
2 1046
1 2256
2 3120
1 1021
2 3592
2 774
2 3302
1 885
1 2386
2 478
1 3337
2 886
1 2210
1 3242
1 1570
1 39
1 597
2 1874
1 3690
2 186
1 1956
1 1898
1 2338
1 1777
2 1440
1 465
1 3561
2 279
1 700
1 988
2 3477
1 220
1 932
1 415
1 641
1 3642
1 652
2 638
1 3094
2 562
2 2362
2 2477
2 2472
2 3173
1 2053
1 2604
2 125
2 1621
2 2729
1 2570
2 1062
1 3326
1 288
2 3585
1 304
1 2218
1 1487
1 917
1 2789
1 2968
1 3742
1 1073
2 830
2 1866
2 292
1 3074
1 3769
1 1740
2 1766
1 1770
2 1005
1 159
2 3531
1 3130
2 2702
1 3068
1 1564
2 1362
2 1572
1 295
1 3392
2 1613
1 660
2 2354
2 2291
1 3273
2 2323
1 558
1 2493
1 1512
1 1653
2 2313
2 554
1 1037
2 2208
1 2023
1 2675
2 3106
2 1551
2 39
2 2876
2 3596
1 677
1 3443
1 1055
1 620
1 1650
2 1674
2 3048
1 715
2 812
2 2429
2 3349
1 2461
2 3002
2 1674
2 1811
1 1208
1 2388
1 486
2 2395
2 1869
1 2982
2 2789
1 1714
2 2164
2 608
2 3745
2 296
1 697
2 3376
1 594
1 2184
2 2912
2 2559
2 2025
2 168
2 1035
2 2716
2 840
2 75
1 2602
2 584
2 2253
2 2015
1 2962
2 2126
2 1980
1 2027
2 1464
1 3511
1 956
2 1492
1 3034
2 2330
2 3099
1 1864
1 3013
2 924
2 91
2 2521
2 3621
2 1163
2 1313
1 1763
2 2445
2 78
2 1180
2 3748
1 2292
1 200
2 581
2 1941
2 564
2 2850
1 2996
1 3331
1 824
2 3452
1 2199
1 1218
1 2882
2 1184
2 1682
1 2497
1 342
1 840
1 2724
1 810
1 1768
1 3308
1 1241
2 428
1 1142
2 514
2 2112
2 110
2 1511
2 512
1 2470
1 2668
1 1218
1 3492
1 277
1 1815
1 1056
1 308
2 3133
2 2629
1 2683
1 617
1 2645
2 311
1 2458
1 2412
2 1493
2 743
1 3339
1 972
1 2610
2 2279
1 1360
1 566
2 3397
2 2359
1 778
1 3497
2 2847
1 3285
2 3075
2 1853
1 1699
2 188
1 2992
1 383
2 3619
1 1295
1 2728
1 672
1 895
2 814
1 67
1 1278
1 2136
2 2582
1 2892
1 3512
1 2161
1 2506
1 23
1 127
1 2322
1 3050
2 2910
2 373
2 1152
1 2415
1 2486
2 3357
1 3571
1 3176
1 1585
1 1460
1 1900
2 2505
1 500
1 2435
2 2860
2 606
1 1248
1 2298
1 300
1 2130
1 120
2 2281
2 1065
1 2599
1 3490
2 2610
1 3759
2 814
2 1629
1 3150
1 1612
2 766
2 3510
1 1214
1 2578
1 3225
2 3005
2 1492
2 1550
2 3272
1 1446
1 2475
1 340
2 3014
1 3167
2 1718
1 1802
1 3147
2 3504
2 2297
2 1623
2 3510
2 3355
2 1917
1 780
2 57
2 3628
2 982
2 616
1 725
2 1158
1 105
1 2190
2 221
1 2303
1 1501
1 2200
1 41
1 980
2 1003
1 3383
1 3032
1 710
2 2710
1 680
1 3221
2 295
2 961
2 2384
1 1712
2 2830
2 2176
2 940
1 545
2 3783
1 1723
2 856
2 3123
1 1186
2 1912
1 2046
1 3565
1 3553
2 466
1 2456
2 1695
2 2430
1 1361
1 1684
2 2791
1 434
1 198
2 325
1 1510
2 3360
2 3588
1 3005
2 2813
2 1773
2 3034
2 1008
1 3090
2 526
2 1555
1 510
2 1772
2 1139
2 591
1 2900
2 2607
2 642
2 3316
1 3559
2 2536
2 3441
2 1226
2 2479
1 1220
2 1023
2 3581
2 2226
1 2749
2 1814
2 831
1 1095
1 3209
1 2756
2 1913
2 3391
1 3363
2 191
1 1253
1 3425
1 792
2 2280
1 1742
2 82
2 420
2 2444
2 1284
2 1023
2 1472
2 3393
1 1464
2 2504
1 1910
1 1007
1 3115
2 929
1 606
2 2195
1 137
1 3277
2 64
2 1413
2 1513
2 2882
1 3179
2 2230
1 316
2 169
2 3794
1 2856
2 2550
1 854
1 3000
1 2592
1 525
2 1282
1 2917
1 3384
2 1199
1 485
2 1530
2 1309
2 2121
2 760
2 2754
1 351
2 1829
2 2552
2 14
2 756
2 299
1 2838
2 1680
1 3333
2 2384
2 2520
2 1770
2 2189
2 2179
2 3279
2 1145
2 3645
2 1293
2 242
2 1295
1 126
1 2140
1 2149
2 2869
1 3630
1 1308
1 2255
2 1505
2 502
2 2862
1 1352
1 963
2 3548
2 996
1 1364
1 491
2 1388
1 3373
2 3141
2 1044
2 1257
2 2855
2 2181
1 566
1 559
2 3549
2 1644
2 2328
2 2443
1 2428
2 1570
1 2254
2 3332
2 2046
1 1613
2 3295
1 1383
2 1867
1 1247
1 1328
1 3241
2 1698
1 978
1 1979
2 16
1 879
2 1952
1 3773
1 652
1 3410
1 404
2 1126
2 3365
1 2520
1 436
1 3404
1 2413
2 3322
2 2223
2 2465
2 2753
1 3160
1 3469
1 2358
1 142
2 768
1 150
2 1536
1 261
1 3615
1 3459
2 3140
2 1151
1 3181
1 248
1 3372
2 755
2 3698
1 2826
1 2832
2 2194
2 1910
2 2245
1 1079
2 1190
1 641
1 2536
2 2310
1 2587
2 3039
2 3229
2 1962
1 871
2 1413
2 1723
1 2676
1 753
2 2554
2 1905
2 1687
2 856
1 2578
1 2673
1 2406
2 1022
1 2742
1 1720
2 1064
1 3123
2 3434
2 104
2 1278
2 3515
1 1217
2 47
2 871
2 2163
2 3157
2 1706
2 3097
1 2495
1 1947
2 3319
1 794
1 70
1 1643
1 363
2 77
1 449
1 1235
2 809
2 3726
2 1918
2 3411
1 2653
2 1165
2 483
2 3165
2 1521
2 1958
2 1693
1 2650
2 1448
2 265
1 1362
1 1865
1 349
2 1554
1 696
1 1046
2 921
2 2240
1 438
1 107
1 1220
1 2363
1 925
2 1569
1 2448
2 897
2 3048
1 3416
2 469
1 314
2 2177
2 1203
2 398
1 1513
2 1378
2 3762
2 1183
1 3016
2 3201
1 2545
1 775
1 3148
1 3386
2 3244
2 2841
2 1630
1 3632
2 3303
2 3356
2 3684
2 2141
1 711
1 3575
2 833
1 3208
2 1194
2 2250
1 1820
1 129
2 3374
2 2748
1 2268
2 1375
2 537
2 1575
2 2688
1 1476
1 211
2 1374
1 2625
1 2957
1 3621
1 1649
2 1019
2 2518
2 636
2 1287
1 3076
1 1969
2 1547
1 666
2 2305
2 1330
2 1393
2 1229
2 1173
2 1392
2 527
2 1086
1 654
2 1033
1 2185
1 653
2 2007
2 2961
1 3615
1 3562
1 1804
1 3572
2 2630
2 3207
2 1367
2 3455
1 3405
1 2914
1 111
1 573
1 537
2 362
1 2615
1 450
1 1209
1 2764
1 3714
1 2237
2 845
1 1026
1 3766
2 2966
2 3589
2 534
2 3338
2 669
2 914
1 217
1 932
1 2186
2 2489
2 973
2 2990
1 4
2 2718
2 645
1 2057
2 543
2 1415
1 2367
2 451
1 1265
2 188
2 2131
1 1658
2 503
1 2405
2 1396
2 1345
1 1085
1 1727
2 158
2 3711
1 2114
2 3521
2 1716
1 575
1 2391
2 808
1 2457
1 1355
2 2945
1 539
2 301
1 3339
2 3331
1 1367
1 1061
1 2863
1 238
2 2345
1 1853
1 2423
1 1718
1 1778
2 1711
1 3092
1 2052
2 3095
1 263
2 786
1 3673
2 2249
2 3027
2 2036
1 3023
2 2380
1 1875
1 1473
1 3176
1 2795
2 2035
1 1081
1 2295
2 2737
1 802
1 997
1 3320
2 3395
1 1878
2 1856
2 1483
2 329
2 1460
2 2033
2 1179
1 2556
2 1515
1 3686
2 804
2 208
1 3674
2 2437
1 3340
1 3797
1 364
2 3400
2 2941
1 2975
2 1105
1 1984
1 3458
1 1643
1 1976
2 3306
2 3286
2 1427
2 3124
1 3369
1 3164
2 1041
2 2476
2 2420
1 474
1 2587
1 999
2 2301
2 2273
2 2189
2 3590
1 757
1 3061
1 2588
1 2755
1 1659
2 816
2 1529
2 1882
1 1765
2 63
1 790
2 1523
2 1059
2 1657
1 1296
2 807
2 723
1 712
1 677
1 1423
1 2253
1 3561
2 674
2 2511
1 1303
2 907
1 1463
2 1551
1 500
2 1480
1 2885
2 995
2 3327
1 2903
1 3703
2 2188
1 317
1 2538
1 1835
2 2435
1 426
2 2506
1 3599
1 1328
2 326
2 3243
2 3040
1 2265
2 3092
1 1232
1 341
2 1468
1 2786
2 772
1 2892
1 3750
2 2608
2 3666
2 2611
2 2819
1 2532
2 1096
1 374
1 3506
1 2191
2 1787
1 2816
1 2565
2 1432
1 3467
1 2967
2 1129
2 37
2 87
1 3494
2 583
1 1510
1 3197
2 2062
2 1914
1 3159
1 286
1 2647
2 2594
2 3025
2 3405
1 846
2 2666
1 967
1 1989
2 3705
1 2011
1 2918
2 3322
1 694
2 986
1 93
1 71
1 1875
1 2890
1 3317
1 3637
2 3294
2 3301
1 1679
1 1878
2 416
1 924
1 839
2 2446
2 119
2 561
1 2841
2 117
1 2600
2 1741
2 3065
1 3518
2 2040
1 255
1 189
2 949
2 503
2 1608
2 938
1 3702
2 3717
1 2671
2 149
1 469
1 2376
1 410
2 935
2 1128
2 3739
2 1187
1 390
1 2374
2 155
1 1795
1 1354
1 470
1 3262
2 22
2 3440
2 2581
1 3044
2 3705
2 1891
1 3233
2 3444
1 2317
1 1586
2 2157
1 1133
1 943
2 2286
2 2256
1 74
2 1182
1 2028
1 3257
1 467
1 3446
1 2453
2 81
1 2399
1 965
2 3581
1 2941
1 1253
2 1201
2 2143
2 342
1 2870
2 1965
2 1407
2 2660
1 1985
2 38
2 1601
1 2331
1 2805
2 1973
1 1563
2 3604
1 3226
2 1942
1 1255
2 181
2 1147
1 3242
2 2401
1 1599
2 2695
1 1732
2 2797
1 2546
2 3586
1 3039
1 1013
2 2008
2 1277
1 199
2 2207
1 2139
2 2434
2 533
1 757
2 1800
1 2104
1 3718
2 2266
1 1161
1 1474
1 2375
1 1404
1 1576
2 137
2 3723
2 1410
2 3038
1 1266
2 1919
1 3423
1 2048
2 3018
2 2206
1 1285
2 744
2 2002
1 1760
2 18
1 442
2 417
2 1987
2 2579
2 3002
2 2514
1 2735
1 1971
1 2218
2 224
1 2894
1 1369
2 1619
2 497
2 205
2 1
1 3544
1 1823
1 1058
2 2881
2 2905
2 542
2 2379
2 108
1 2691
1 387
2 742
2 2631
1 451
2 663
2 642
2 71
2 752
2 1483
2 1852
1 1595
2 2154
2 3799
1 531
2 728
2 2487
2 1162
2 2861
2 3388
1 2732
2 3060
1 508
2 1750
2 1119
1 187
2 3178
1 1245
1 2236
2 184
1 132
1 2327
2 3622
1 3213
1 1325
1 1138
1 2928
2 1363
2 2149
2 758
2 2919
2 2418
2 193
2 1034
1 2022
1 2775
1 433
1 3623
1 1437
1 1221
1 3329
1 2127
1 3196
2 2853
2 3276
2 3427
2 605
2 3121
2 1582
1 1665
1 345
1 3760
1 2791
2 1833
2 881
1 3217
2 2516
1 3271
2 1025
1 2593
2 3537
1 2619
2 1499
1 2349
2 3463
1 3730
1 1182
1 1038
2 780
1 1902
1 2839
1 1791
1 425
1 834
2 1312
1 712
1 1988
2 1085
1 557
1 2564
2 2659
1 890
2 507
1 1626
1 1933
2 2037
1 2343
2 1477
2 2242
2 2548
2 3252
2 2293
2 433
1 212
1 3250
2 281
1 3456
2 3347
2 2047
1 3228
1 1789
1 56
2 1705
1 1625
1 2758
2 844
2 3047
2 914
1 3659
1 2422
2 3119
1 680
1 986
2 2988
2 692
2 1431
1 2590
1 991
2 412
1 502
1 1762
1 2720
2 3156
2 243
2 1227
2 1117
1 1926
2 3041
1 2266
1 250
2 102
2 1737
1 2698
2 1768
2 2137
1 1833
1 439
1 1701
1 2185
1 2577
1 2193
2 3067
1 2872
1 3314
2 1319
1 3390
1 1251
2 1234
2 2980
2 2321
1 918
2 3008
2 1187
2 3447
2 3429
1 1457
1 2971
1 3603
1 1216
2 1169
1 2834
2 2552
1 1812
1 3573
2 2469
2 2524
1 929
2 3384
1 663
1 1610
2 1072
1 386
1 2160
2 598
1 3528
2 2820
2 2402
2 1467
1 297
2 793
2 2624
1 489
2 3358
2 1543
2 2857
2 1170
2 1608
1 758
2 381
2 492
2 2919
1 1260
2 2641
2 3021
1 2973
1 2376
1 1280
2 3730
1 3412
2 534
1 287
1 2715
1 2297
1 3413
1 111
1 1528
2 3408
2 389
1 651
2 701
1 976
2 2633
2 138
1 2083
1 1461
2 3475
1 186
1 1320
2 340
2 1403
1 891
1 2173
2 2946
1 719
1 1156
1 627
1 2277
2 632
1 2620
1 2949
1 805
1 726
1 1205
1 1465
1 3534
1 310
1 3627
2 3436
1 3360
1 2483
2 2248
1 509
2 231
2 892
1 1143
2 68
2 1375
2 2227
2 3274
1 380
2 2319
2 1934
2 1033
1 550
1 786
1 1517
1 1850
1 333
2 2618
1 2930
2 2888
1 2916
2 943
1 2328
1 2092
1 1604
1 1746
1 908
1 2354
2 690
1 1645
1 1765
1 2326
2 2529
1 3313
2 3672
2 859
2 955
1 257
2 1390
2 2322
2 1435
1 518
1 2431
1 1933
2 2036
2 2728
2 3552
1 1578
2 318
2 2658
1 3101
1 3643
1 3134
1 118
1 1029
1 2466
2 395
1 1552
1 204
2 219
1 101
1 2162
2 576
1 2542
2 3665
2 2677
2 1532
1 3743
1 1468
2 2930
2 460
2 1533
1 283
1 636
1 2219
1 996
2 1937
1 2835
2 3530
2 3012
2 3287
1 3450
1 332
2 3073
1 3313
2 2899
1 35
2 1669
1 3624
1 2846
1 2090
1 3745
1 2500
2 1654
2 173
2 3218
2 2907
1 1614
1 1075
2 2336
2 2714
1 2310
1 2220
1 2515
1 3248
1 2921
2 2896
2 2778
1 3746
1 2522
1 86
2 2915
2 1452
1 2381
2 765
2 2211
1 2468
2 942
1 1294
2 3716
1 2981
1 2040
1 1431
2 47
1 1706
2 189
1 1162
2 1212
1 3565
2 1418
2 3183
2 1132
1 3035
1 1105
1 3177
2 1110
2 2166
1 536
2 131
1 94
1 706
2 843
1 851
2 3482
1 1599
2 162
2 1592
2 1620
1 153
2 3728
1 3680
1 1573
1 1731
2 306
2 3049
2 2020
2 3477
2 2362
2 3174
1 3397
2 252
1 3107
1 589
1 554
2 2920
1 950
2 597
1 979
2 1635
2 912
1 743
1 2765
2 48
1 410
1 3582
2 3158
2 3234
1 1255
1 1938
2 659
1 1945
1 2800
1 3262
2 3175
1 1168
2 981
1 489
1 2299
1 2043
1 3293
1 2130
1 1708
1 672
1 1807
2 362
2 2851
2 1478
1 3799
1 532
2 2489
1 609
2 1799
1 2031
1 237
1 1663
2 3701
2 1628
2 903
2 3436
1 585
2 2214
2 3098
1 2334
1 1527
2 1508
2 222
2 2129
2 2244
1 2056
2 654
2 1101
1 32
1 1062
2 3473
2 1200
2 2257
2 494
2 1181
1 2508
2 855
2 2779
2 2798
2 177
2 3289
2 3454
2 2474
1 2143
2 2081
2 1792
1 3648
2 203
2 3564
2 1436
1 3547
1 1292
2 1745
1 36
1 2867
2 2421
1 3081
2 3537
1 2197
2 643
2 838
2 378
2 1248
1 3657
2 2684
2 2978
1 2917
1 2454
1 1157
1 2815
1 1165
2 2638
1 870
2 2385
1 2132
1 1281
1 1968
1 1155
2 3236
2 559
2 2874
1 76
1 603
2 694
1 53
1 240
1 2913
2 1941
1 2866
1 3759
1 2572
2 140
1 589
2 2375
2 3395
1 1428
2 2131
2 1960
1 2127
2 1838
2 2935
2 2134
1 3572
1 2270
1 3194
1 3766
1 2540
1 2034
1 2927
1 1663
2 1540
2 1726
1 644
2 942
1 525
2 2509
2 1237
1 1066
2 298
2 304
2 1169
1 545
1 993
2 3335
1 3062
1 1190
2 1427
2 1172
1 2831
1 3709
1 89
2 379
2 417
1 1908
1 496
2 2745
2 2846
2 3251
2 3623
2 621
2 2990
2 3090
2 1122
1 804
1 705
1 1683
2 2459
1 2247
2 29
2 1659
1 3330
2 1158
1 1739
1 3289
2 179
1 2535
1 3188
1 1037
1 3652
1 915
1 3800
1 1297
1 970
2 85
2 2100
1 858
2 3165
2 2871
1 3131
2 2932
2 557
1 3751
1 1489
1 2073
1 2110
2 2051
2 1485
1 3342
2 478
2 1997
1 147
1 263
2 3108
1 3190
2 2893
2 1784
1 1806
1 174
2 1746
1 616
2 3687
1 1779
1 531
2 3683
2 572
2 413
2 3054
1 613
1 3324
1 2274
2 1448
1 334
1 2563
2 3707
1 258
2 3442
1 3648
2 2259
2 2097
2 968
1 428
2 778
1 2714
1 1568
1 3223
2 3274
2 2879
2 720
1 2507
1 2989
1 2286
2 1809
1 3701
2 2473
1 695
2 2217
1 3036
2 570
1 3463
1 1129
1 3517
1 952
2 1433
1 2595
1 3028
1 108
2 734
2 2808
2 1160
1 3502
1 1590
1 151
1 3085
1 2615
1 3084
2 2098
2 3507
2 3234
2 2826
2 2720
1 1136
2 2159
2 2304
1 2009
2 178
2 1146
2 1950
2 1539
2 3054
1 3677
2 2009
2 874
2 3231
2 41
2 2426
1 1880
2 142
2 1131
1 444
2 787
1 214
2 2347
2 3753
2 1217
1 2756
2 2251
1 1779
1 1401
1 420
2 1426
1 2856
1 1912
1 1560
1 3216
2 1844
2 75
2 2259
1 2278
2 2436
2 355
1 928
1 2713
2 1670
2 2351
2 746
1 49
1 427
2 3731
2 3251
1 3717
2 1030
2 2215
1 1386
1 3451
1 2652
2 264
2 3566
1 2955
1 1272
1 2291
1 3074
1 2492
1 1915
2 1861
1 1771
1 2829
1 734
2 1289
1 2341
2 1497
2 1757
2 1001
1 3149
1 904
1 3692
2 2544
2 2654
2 2547
2 3298
1 3548
1 3557
1 430
1 3780
2 1988
1 3364
1 2438
2 2214
2 2158
1 776
1 516
1 2187
2 1813
2 2560
2 3113
1 498
2 1263
1 454
2 761
2 1688
1 1521
1 1087
1 1114
2 499
2 1819
2 2280
2 1801
1 2252
1 3700
1 707
1 3200
1 549
1 1537
2 376
1 2118
2 1330
2 28
2 1546
2 2042
1 1181
1 3283
2 578
1 1239
2 2352
1 2055
1 3373
2 2823
1 1748
2 2637
1 1984
2 827
1 1678
1 1120
2 722
2 3282
1 2211
2 2556
1 1804
2 138
