7600 1500
2 3106
2 1968
1 488
2 2352
1 1826
2 2351
1 2367
2 583
2 1748
1 1786
1 1314
2 3233
2 2279
2 1064
1 2933
2 3090
1 2556
1 1890
1 1414
1 2475
1 3204
2 960
2 2174
2 2032
1 870
1 507
1 2799
1 827
2 3534
1 2171
1 133
2 1197
1 3392
1 874
2 3268
2 2062
2 456
2 723
2 2869
1 2662
2 288
1 910
2 2095
1 598
2 3471
1 602
2 1611
2 2842
1 3405
2 2469
1 257
2 2068
1 1445
2 589
1 1505
1 3612
2 1372
2 1217
2 696
1 2019
2 3211
2 470
2 1111
1 1249
2 3106
1 3538
1 3652
2 1059
2 2083
1 3754
2 2709
2 3738
1 2219
1 2441
1 2361
1 1988
1 83
2 3696
2 733
2 1233
1 3312
1 3111
1 632
2 2203
1 36
2 3523
2 1873
1 2023
1 1810
1 3335
1 1779
2 632
2 495
1 1345
1 3600
2 1386
2 1124
1 2376
2 2708
2 3382
2 357
2 229
2 1913
2 3024
2 1633
2 1507
2 1361
1 192
2 1945
1 2673
1 2452
2 3664
2 1845
2 1295
1 1381
2 590
1 1955
2 2453
1 2598
1 1588
1 1844
1 958
2 1028
1 627
2 200
1 3216
1 1835
2 356
2 2542
2 1896
1 2863
1 3798
1 3171
2 3679
2 858
2 3280
2 1218
1 2136
1 2117
1 1379
2 2025
1 1862
1 1962
1 3514
2 368
2 2597
2 2832
2 2723
1 2593
2 1757
1 2472
1 1186
2 2108
1 3519
2 2676
2 743
2 443
1 3373
2 1884
1 3633
1 846
2 610
2 3483
1 3026
2 1397
2 7
1 3489
2 1335
1 713
2 1617
1 1427
1 2934
2 2901
2 1295
1 2105
1 2531
2 3333
1 861
2 2310
2 2035
1 1612
2 2021
2 1608
2 2702
2 1533
1 1621
1 3502
2 1639
2 3168
1 1792
1 2011
2 734
1 867
2 3125
1 950
1 642
2 2642
1 3593
1 355
1 137
1 701
1 1948
1 1682
1 539
2 284
1 955
2 302
2 597
2 3396
2 116
2 786
2 2218
2 1349
2 2061
2 1176
2 2916
1 892
2 2028
1 1494
2 3498
2 2305
2 999
2 842
1 3763
1 1764
1 2418
2 808
2 2966
2 2887
2 2847
2 281
2 1795
2 390
1 3771
2 959
1 3581
1 481
1 2603
2 3495
1 1919
1 2949
2 3435
2 3298
1 2084
2 337
1 2636
1 3079
1 3783
1 600
2 1221
1 2301
1 1409
1 1688
2 3246
1 3174
1 217
2 2780
1 2030
1 1718
1 2579
1 3056
2 1978
2 3403
1 1525
1 461
2 107
1 2061
2 2116
2 3236
1 2076
1 2696
1 2516
1 79
2 2125
1 538
2 2978
2 391
2 1728
2 1335
2 665
1 2595
1 1801
2 3044
1 3680
2 1333
1 3559
1 66
2 26
2 3087
1 487
2 1283
1 1875
2 1567
2 761
1 1388
1 1469
1 343
2 92
2 91
1 2703
2 1860
1 489
2 3292
2 2116
2 3261
1 3560
1 2778
1 1900
2 1536
2 1324
2 1667
1 2149
1 27
1 3273
2 1813
1 1195
2 1525
2 1915
1 2087
2 425
2 1511
2 722
1 1426
1 293
2 1755
2 1052
1 3239
2 3085
2 985
2 143
1 2622
1 2047
1 1648
1 2438
1 2722
2 2807
2 3533
2 3225
2 2836
2 1750
1 231
2 495
2 1993
1 380
1 3232
2 550
1 3250
1 1021
1 3518
2 1816
2 2510
1 552
1 2391
2 1507
1 3730
1 1687
2 1827
2 1545
1 2878
2 3214
2 2905
2 2569
2 310
2 357
1 2495
1 273
1 1443
1 1090
1 172
2 2629
1 676
2 1882
2 2505
2 202
2 2444
2 477
1 2796
1 3629
1 1415
2 2833
2 1227
1 1724
1 2371
2 1103
2 3003
2 2160
1 91
2 2170
2 3535
2 1265
1 1030
1 186
1 1918
2 2745
1 1141
1 541
1 1289
2 3605
1 3653
2 3764
2 1806
2 2155
1 912
1 508
1 3271
1 1424
2 451
1 459
2 3354
2 2614
2 2070
1 2046
2 3500
2 2456
2 3658
2 329
2 988
1 620
2 2449
1 3358
1 2369
1 17
1 2981
2 2327
1 2294
1 1036
1 3452
2 695
2 1122
1 3642
2 353
1 3273
1 2075
1 3310
1 1637
2 2447
1 1947
2 3703
2 2897
1 2389
2 2857
2 3290
1 3174
1 2710
1 3243
1 825
1 2363
1 245
2 3012
1 1310
2 491
2 1906
2 3301
1 1484
2 681
1 1274
2 3149
2 2213
1 3229
1 2091
1 1244
2 221
1 2168
2 1990
2 3630
1 2674
1 3755
2 1855
2 2945
1 418
2 1135
2 3129
1 2413
1 3162
1 1891
1 325
2 2853
1 2421
1 3695
1 3043
2 3694
1 875
2 2786
1 3757
1 741
1 2490
1 3510
1 1708
2 2750
1 1269
1 1382
1 1491
1 1784
2 2908
2 2937
2 714
2 268
1 3201
2 3689
1 1847
1 2580
1 1063
1 506
1 2016
2 2315
2 238
1 3059
1 2986
2 262
2 1851
1 324
2 589
1 1060
1 1190
1 3389
2 2906
2 3067
2 428
1 952
2 1268
1 3045
2 1139
2 1465
2 2214
1 2171
1 2468
1 1647
2 899
2 333
2 902
1 45
1 62
2 2739
1 1235
1 1899
2 1499
1 104
1 3540
1 3163
2 2430
2 1270
2 645
1 3196
2 194
2 102
2 1840
1 1766
1 3491
1 3413
1 2038
2 300
1 656
1 318
1 1264
2 2643
1 3481
1 1216
2 3632
2 609
1 1544
1 3334
1 2689
1 979
2 3268
2 428
2 2555
1 2720
2 755
2 386
1 3036
2 2633
1 254
2 3796
1 3723
2 3508
2 3668
2 3643
2 2499
1 20
2 690
2 3438
2 2320
2 2533
1 596
1 3590
1 2735
1 197
1 1980
2 2922
1 2543
2 1298
2 502
1 779
1 1909
1 452
2 3294
1 2247
1 1932
1 2134
2 1574
1 1302
2 18
1 2583
1 1359
1 1716
2 2002
1 688
2 3065
1 937
2 1075
2 1710
2 2215
1 37
2 426
2 1560
1 2509
1 895
2 1872
1 267
1 10
2 683
2 3080
2 2387
2 448
1 1831
2 2450
2 658
1 3642
2 369
1 2480
1 2436
1 1639
2 1767
2 2573
1 1076
2 3367
1 370
2 1146
2 2094
2 1699
1 2980
2 322
1 1453
2 3431
1 1874
2 897
1 2908
1 1054
1 900
1 2687
2 1680
2 535
2 1092
2 1219
1 1946
2 2074
2 2118
1 3014
1 1213
2 3072
1 2913
1 2855
2 1838
1 1887
2 2099
2 2779
1 2158
1 640
2 778
2 3219
2 786
1 1015
1 2484
1 986
1 1448
1 3774
1 1874
2 1707
1 3558
1 1731
1 928
1 611
2 3490
1 3321
1 920
2 1818
1 3505
1 1508
1 2856
1 2162
2 3782
2 3680
1 2904
1 3443
1 189
1 2771
1 2706
2 1713
1 2803
2 3390
2 2186
2 2467
2 3724
2 1745
1 2854
1 682
1 162
1 3207
1 739
2 153
1 3711
2 112
1 3461
2 2431
2 1719
1 790
2 1359
1 1016
2 3214
2 1522
1 1673
1 1787
2 847
1 2129
2 2352
2 3770
2 2190
2 2350
2 989
1 840
1 599
2 251
2 2952
1 117
1 3342
1 1865
2 2830
1 1929
2 1828
2 1664
1 2402
1 3784
2 1471
1 3737
2 966
2 2544
2 1703
1 3681
1 554
2 3313
1 3036
2 747
2 1653
2 1006
1 30
1 3576
2 2636
1 1583
1 3578
2 2910
2 2023
2 3330
1 198
1 2212
1 3198
1 2122
2 3564
1 288
2 76
2 2872
1 272
1 3282
1 853
1 2733
1 3132
1 154
2 1055
2 1921
1 3570
1 714
2 2681
2 3562
2 377
2 1241
2 1550
1 135
1 1044
2 2546
1 3138
1 1532
2 3644
1 277
1 1222
2 1468
1 1747
1 721
2 2693
2 3209
2 2339
2 967
2 1034
2 179
1 3660
2 342
1 2569
1 2228
2 2183
2 1306
1 3554
2 1813
1 1520
2 25
1 3787
2 2645
1 1374
2 2014
2 2408
2 2374
2 969
1 281
1 2880
1 3748
2 1833
2 1444
2 409
1 1593
1 2287
1 957
1 1261
1 636
2 729
2 2506
2 2167
2 2384
2 313
1 3573
2 24
2 1205
2 2935
2 1430
1 202
1 759
1 3565
2 562
2 2848
1 2212
1 606
2 205
1 631
1 849
1 3053
2 1881
1 2319
2 3377
1 1940
2 1944
1 2446
1 868
2 1253
2 3415
1 2612
2 1097
1 2839
2 1569
1 3128
1 3069
1 330
1 1557
1 248
2 1255
1 2397
1 641
2 1462
1 346
1 2648
1 101
2 551
1 730
1 3682
2 1167
2 318
2 3693
1 643
2 1615
2 1174
2 2902
2 977
1 2443
1 1528
2 3113
2 3401
1 1817
2 3367
1 3309
2 2432
2 912
2 415
2 3193
2 2699
1 1527
1 3080
2 2891
2 1629
2 689
1 3189
1 1811
1 2603
1 2191
2 524
1 1260
1 1670
2 3337
2 1519
1 3353
1 3084
2 2027
2 3549
2 2195
2 3409
2 876
2 244
1 1841
2 706
2 3259
2 2008
1 2316
1 3551
1 3670
2 745
1 33
2 2301
1 1854
2 3349
1 1202
1 2009
2 3177
2 2694
1 2395
1 3572
1 43
1 1154
2 2015
2 1328
2 67
1 904
1 2547
1 1610
1 3175
1 2909
1 936
1 55
2 3343
2 2460
1 2971
2 1791
1 3665
2 1028
1 3055
1 3195
2 1898
1 2281
1 3773
1 1602
1 1275
2 452
2 3008
1 2402
2 2358
1 1429
1 1557
2 2764
1 2449
2 286
1 2741
2 974
1 2956
1 971
1 2571
1 965
1 1737
1 2649
2 2914
2 848
1 919
2 2594
1 570
1 3383
2 1358
2 2921
2 1924
2 42
2 3304
2 119
1 3041
2 700
2 911
1 1481
2 2947
1 932
1 367
1 3104
1 1492
2 387
2 337
1 1341
1 1259
2 3361
2 2677
2 3199
1 2904
2 520
1 1943
1 3238
2 3561
2 1106
2 2520
1 1823
1 222
2 1613
2 3110
1 518
1 2077
1 523
1 3458
1 3646
2 1095
2 1920
1 3461
1 2242
2 1862
1 2837
1 259
1 2256
2 3250
1 1451
1 3051
2 2510
1 2238
1 2731
2 525
1 2601
2 837
2 1775
2 364
2 1397
1 3000
2 2531
2 1910
1 2754
1 3308
2 1387
2 3740
1 1966
1 1358
2 2276
1 1076
1 2888
1 258
1 363
2 402
2 3639
1 2335
1 2154
1 617
2 1586
2 320
2 818
2 1857
1 54
2 2040
1 2992
2 672
2 2564
2 2057
1 2318
2 1911
2 2085
1 504
1 3322
1 2341
2 2327
1 621
2 2178
2 1999
2 3699
2 3586
1 2759
2 2279
2 3615
2 1960
1 2322
2 1803
1 1193
1 1702
2 2079
2 2748
1 1087
2 3579
1 3390
1 2170
2 3659
2 2892
2 554
2 3116
1 573
1 537
2 963
2 485
1 2906
2 3611
2 3088
2 1952
2 2489
2 1243
2 704
2 2591
2 907
1 1502
1 2517
1 930
2 2414
2 2948
1 223
1 1495
1 824
1 2540
1 3109
2 2763
1 3692
1 204
2 2496
2 887
1 3418
1 2789
1 2244
2 2584
1 1914
1 1981
1 3774
1 1666
2 3528
2 435
1 1108
1 1797
2 1999
2 1901
2 558
1 482
2 1767
2 3710
2 108
2 125
1 1582
1 2877
1 611
2 592
1 1029
1 2774
1 3005
2 2570
2 3176
2 436
1 2876
2 189
1 3759
1 2354
2 382
2 2808
2 1724
2 2957
2 3167
2 1248
2 252
1 866
1 528
2 1805
2 15
2 2515
2 235
2 3096
1 2504
1 2983
1 239
1 3706
1 126
2 69
2 2550
1 205
1 2104
1 697
1 1538
2 1504
2 2099
1 3248
1 2619
2 1132
1 3221
1 1831
1 179
1 538
2 2891
2 1463
2 577
2 2330
1 3648
1 3267
2 1351
2 2936
1 2236
1 383
2 1025
2 1266
2 2714
1 3645
1 416
2 2231
1 2673
1 2858
2 2328
2 105
1 752
2 1974
1 1658
2 3477
2 3200
2 2667
2 1650
2 1390
1 1793
2 3745
2 709
1 1989
1 3789
1 1626
2 747
2 2204
1 2410
1 264
1 3191
2 3032
2 1600
1 1145
1 1610
2 1568
1 2051
1 726
2 1554
2 1666
2 2359
1 959
2 1546
2 917
2 2259
1 2135
2 979
2 1876
2 1596
2 3071
1 2754
2 3468
1 184
2 1336
1 565
1 3607
1 845
1 933
2 2656
1 3114
1 1905
2 2406
2 2037
2 508
2 769
1 3197
2 2509
2 1154
2 1148
2 3075
1 1671
2 2963
2 241
2 735
1 1752
1 2086
1 3341
1 3689
1 2631
2 3596
1 3613
1 413
1 3738
1 581
1 1576
2 1872
2 2000
2 982
1 2946
2 1045
1 1990
1 1997
1 2071
1 334
2 2128
1 775
1 3615
1 2139
2 3123
1 709
1 3173
1 3786
2 2296
1 946
1 2271
1 4
2 1374
2 177
2 819
2 3537
2 1727
1 2063
2 199
1 3463
1 2889
1 2354
2 379
1 455
1 191
1 2675
2 3299
1 1402
1 578
1 605
1 3258
2 720
1 3728
1 2235
2 2049
2 835
2 3340
2 3519
2 458
1 946
1 415
2 3228
1 1151
2 261
1 641
2 3384
2 568
1 2270
1 2205
1 516
2 3122
1 2309
1 403
2 1100
2 17
1 3048
2 2827
2 1871
2 3096
2 2801
1 431
2 3560
2 3235
1 2306
2 1944
2 3648
2 2654
2 2616
2 3674
2 2499
1 3500
1 1802
2 631
1 1004
2 125
2 557
2 666
1 541
1 2313
2 1393
1 1007
2 1640
2 2809
2 308
2 2292
1 1018
2 1699
1 1505
1 2290
1 420
1 630
2 561
2 2494
1 1337
2 2966
2 2283
1 377
1 2948
2 209
1 3203
1 1072
2 670
1 3593
2 2965
2 2018
2 2178
2 1965
2 88
2 2892
1 3514
1 1679
1 1532
2 2089
2 3124
1 460
1 3426
1 834
2 1736
1 3501
1 2320
1 147
1 201
1 315
2 1261
1 3305
2 33
2 306
2 1859
1 166
2 503
2 2426
2 2226
2 95
2 3156
1 2761
1 3541
2 2664
2 543
1 2894
1 2972
2 884
2 2210
2 1360
2 2997
2 3586
2 814
1 1772
1 1203
1 2221
2 2691
1 411
2 1809
2 375
1 2840
2 1300
1 3492
1 1542
1 1067
1 3149
2 1247
1 763
2 1062
1 3178
1 368
1 3046
1 995
2 551
2 2995
1 3170
1 1460
2 2518
2 933
1 519
1 920
1 626
2 1823
2 3626
1 292
1 1866
1 804
2 477
1 280
2 1717
1 77
2 2856
1 1641
1 3358
1 678
1 2400
2 1553
2 484
2 1309
2 1413
2 1331
1 2496
2 1832
1 2943
1 1515
1 3705
2 3004
2 2104
2 2602
2 2477
1 2702
2 297
1 2106
1 1857
1 2459
2 3053
2 3201
1 2555
2 3504
1 2207
2 3727
2 1165
1 753
2 1313
2 2382
2 2277
2 627
1 1928
1 1364
1 391
2 3348
2 2188
1 3685
2 2841
2 2277
2 350
1 145
2 2065
2 2792
1 2872
2 2919
2 3246
1 2338
2 282
2 338
2 2532
2 3631
2 2482
1 830
2 2884
1 2065
2 2767
2 3353
1 790
1 927
1 243
2 2607
2 424
2 395
2 3251
2 19
2 2670
2 657
2 896
1 1048
2 874
1 1951
2 813
2 817
2 2870
2 3061
2 2115
2 938
2 2027
1 1769
1 188
2 19
1 1129
1 2556
2 1410
1 1474
2 1793
2 270
1 1758
2 718
2 3419
1 3445
2 1716
2 3314
1 1398
1 642
2 3627
2 289
2 213
1 2340
2 574
1 225
1 134
1 3706
2 2788
2 3401
1 1939
1 3734
2 2526
1 1041
1 812
1 1104
2 984
1 327
2 1634
1 3375
1 2682
2 617
2 3384
2 2969
1 3697
1 3637
1 3744
1 784
1 932
1 3088
1 2275
1 3370
1 1956
2 3545
1 349
1 1109
2 1797
1 1960
1 193
2 169
2 2016
2 3453
2 3494
2 2529
2 2507
1 3319
1 210
2 2953
2 2642
2 2526
1 3501
2 2651
2 410
2 834
2 3508
1 966
1 1715
2 3608
2 3056
1 1274
1 1371
1 3694
1 2994
1 2443
2 1555
1 49
1 2717
1 3200
1 1471
2 450
2 3700
2 2881
1 441
1 3557
2 940
2 1889
2 1014
1 2679
2 3639
1 2813
2 2984
1 691
2 1191
2 1311
1 1622
2 1514
2 2324
2 2475
1 2111
2 3442
2 295
2 634
2 2711
1 3521
2 1561
1 2691
1 203
1 426
1 2127
1 1529
2 2514
2 3503
2 2955
1 864
2 309
1 1672
1 2233
1 2568
2 2280
1 3281
2 3584
2 3090
2 430
1 1207
2 3155
1 2954
1 3370
1 1224
1 3272
1 1685
1 147
1 2341
2 2727
1 371
2 3536
1 1473
1 706
1 1311
1 868
1 3213
2 1757
1 3582
2 384
2 1198
2 1353
2 375
1 624
1 2954
1 871
2 3331
1 3579
2 3408
1 298
2 914
2 3182
2 3005
2 1069
1 822
2 269
1 1830
2 2396
1 846
2 2500
2 3066
2 990
1 95
1 2798
1 906
2 2000
1 2414
1 1493
2 1423
2 191
1 152
1 3223
2 2795
1 3433
1 780
2 1668
2 3539
2 2031
2 3542
1 2265
2 1246
2 3038
2 2615
1 1334
1 1788
2 13
1 517
1 3530
1 1704
2 1904
2 1765
2 816
1 2875
2 223
1 3347
1 2782
2 947
2 1203
2 499
1 155
1 900
1 397
1 436
1 1407
1 3655
1 809
1 123
2 556
2 859
1 671
1 1462
1 42
1 2202
1 1621
1 326
1 3628
1 593
2 2031
2 2059
2 44
2 2263
2 3502
2 1209
1 1143
1 906
2 2422
2 718
2 1822
2 139
2 3227
1 311
2 474
2 2990
1 2804
2 3300
2 972
2 1866
1 514
1 3255
1 1534
2 2859
2 2771
2 2057
2 1531
1 3590
2 2009
1 51
1 1165
2 3546
2 3154
1 492
2 1586
1 10
2 389
1 1565
2 1070
2 1645
1 609
2 2182
2 3016
2 364
1 1933
1 3255
1 1661
1 2469
2 1035
2 1155
2 2481
2 3487
2 2335
2 425
1 2045
1 75
2 1973
1 175
1 1964
1 2498
1 1211
1 2744
2 3235
1 1345
1 2650
2 2294
1 1376
2 1537
1 3326
2 1987
2 3674
2 1539
1 1401
2 3709
2 2394
2 622
2 2400
2 2979
1 1408
1 1230
2 2999
2 3040
1 2584
1 1438
2 1849
1 2455
1 2614
2 1701
2 2620
1 3574
1 2252
2 2185
2 184
1 2766
1 2850
2 2419
1 3084
1 2648
1 1681
2 2102
1 3102
2 587
2 744
2 3162
2 771
2 3796
1 1826
1 880
2 3550
2 758
1 1908
2 630
2 3001
1 3442
1 388
1 1403
2 3531
2 869
1 1860
1 986
2 2781
2 1207
1 2128
2 1585
1 991
2 28
1 459
2 183
2 1475
1 3792
1 1078
2 633
2 3100
2 2854
1 1411
1 2523
1 3188
2 3288
1 2165
1 953
2 2455
1 498
2 608
1 719
2 3650
2 3462
2 1562
1 1280
1 2960
2 1172
2 3
2 2463
2 1399
1 2654
2 3085
1 3569
1 2982
1 2608
1 228
1 3293
2 1489
2 2825
2 159
1 1468
2 2635
2 924
1 59
1 1608
1 1635
2 1379
1 49
2 1095
2 3283
2 2974
2 159
2 616
2 336
1 1688
1 548
2 1377
1 969
2 2936
1 2109
1 263
2 293
2 2380
2 312
2 3184
2 1597
2 1923
1 2607
2 446
2 2541
1 3717
2 2172
2 3037
2 1778
2 2925
1 3167
1 3187
2 2624
2 2741
2 1506
2 1098
1 3194
2 2852
1 789
2 1175
2 3095
1 1910
2 1475
2 3762
2 948
2 1236
1 139
1 1437
1 2674
1 2297
1 543
1 2561
1 672
2 1134
1 1327
2 1120
1 3122
2 1885
1 3420
1 257
2 549
2 3563
1 234
2 2907
1 2811
2 529
1 2156
2 1442
2 99
1 2034
1 760
1 1130
1 171
1 1239
2 1510
2 2142
2 2676
2 1779
2 1984
1 1357
1 1905
1 383
2 583
2 566
1 1279
1 1171
2 2240
1 2913
2 3105
2 3402
1 725
2 2273
1 3158
1 1464
2 45
2 2089
2 1156
2 2757
2 1114
1 2004
1 2798
1 1655
1 2336
2 1146
1 2150
2 2147
1 925
1 2013
1 297
1 3129
1 2192
2 2208
1 738
1 1094
2 2428
1 887
1 1679
1 2613
2 521
2 406
2 1130
2 2746
2 3780
1 1957
2 3208
1 3323
1 1926
2 2665
1 3763
1 178
1 532
2 1447
1 1305
1 2456
2 2846
2 2420
1 50
1 218
2 2255
2 1500
2 1733
2 3537
1 2176
2 3135
2 1485
2 1026
1 2256
1 3143
2 1450
2 2847
2 803
1 198
1 85
1 3790
2 3703
2 1257
2 373
2 1223
2 1023
1 3577
1 2192
1 211
2 3669
1 514
1 1618
2 423
1 651
1 3077
1 2017
1 1880
1 1303
1 1134
2 691
1 44
1 3671
2 1720
1 1126
1 2460
2 2314
2 2828
2 3031
2 1187
2 2058
1 3164
2 1057
2 601
1 1738
2 2043
2 435
1 854
1 321
2 3468
1 3048
1 265
1 3297
2 3785
1 303
2 243
1 263
2 2156
1 2254
1 2343
2 400
2 1619
1 1869
2 2567
2 2865
2 1072
2 2645
2 2015
1 201
1 787
2 677
2 3444
2 2627
2 3359
1 1620
1 1631
2 3598
2 2038
1 2535
1 3459
2 1771
1 2437
2 54
2 748
2 106
2 3017
1 2551
1 1039
2 2154
2 3676
2 3013
2 1341
1 124
2 2528
2 3253
1 1285
1 3553
2 1804
1 2964
2 476
1 557
1 3599
1 3687
2 2756
1 1762
2 1651
1 1761
2 769
2 3363
2 353
2 985
1 2478
1 382
1 1686
2 2580
1 669
2 1003
2 389
1 3499
2 1949
2 726
1 3251
1 2347
1 2752
2 2968
2 2558
2 429
2 2100
2 3079
1 1983
1 2502
1 1947
1 31
2 2941
1 1967
1 3160
2 2505
1 3662
1 1730
1 1972
2 897
2 2961
2 2918
1 1978
2 2076
1 1662
2 3483
2 1215
2 765
2 2793
2 692
2 1012
1 3618
2 462
1 210
1 113
1 3027
1 3472
1 1346
1 1331
1 3614
2 352
1 837
2 561
1 148
1 1486
1 1925
1 881
2 3340
1 2461
2 34
2 629
2 2861
2 2671
1 3041
2 79
1 1429
2 3306
1 137
2 3588
1 2596
1 3509
2 620
1 3393
1 2767
1 1540
2 3093
2 934
2 233
2 2529
2 806
1 451
1 23
1 2364
2 703
1 1093
2 41
1 2451
1 217
1 3423
1 344
2 1824
2 207
1 2881
1 2264
2 1969
1 591
1 1242
2 291
1 1500
1 2388
2 1020
2 2601
1 3395
1 3004
1 3527
2 253
2 3298
2 3485
2 2328
1 3683
2 1338
2 2916
1 150
2 2339
1 3577
1 106
2 2244
2 2980
1 851
1 872
2 3534
2 2762
1 2516
2 2069
1 757
1 1470
1 493
1 3236
1 2616
1 1459
1 376
2 3365
2 3350
2 947
2 2431
1 1293
2 2325
1 2920
2 2261
1 3139
2 3484
1 1157
2 2189
1 3743
1 2454
2 192
2 1770
2 3007
1 2153
2 2848
2 3636
2 417
2 2700
2 3043
2 1200
2 2299
1 399
2 61
1 3182
1 3108
1 1286
2 2039
1 1388
1 2587
2 2809
1 3742
2 3062
2 2859
2 2304
2 3092
1 2126
2 3516
2 748
2 1151
2 3634
2 445
2 1592
2 3015
2 1453
1 2398
2 1995
1 1863
1 2379
2 2184
2 1701
2 1925
2 154
2 1236
2 696
2 2861
2 2344
1 3156
2 1649
2 3427
1 1143
1 1606
2 1446
1 1456
2 1370
1 1234
2 2287
1 2817
2 783
1 1689
1 3556
2 1882
1 640
2 212
2 157
1 766
1 3708
2 3380
1 2123
1 1152
1 1041
2 84
1 3131
2 941
2 3721
2 3664
1 346
2 3787
2 214
1 3344
2 2066
2 2840
1 3654
2 944
2 1454
1 2753
2 1348
1 654
2 2740
2 2566
1 2276
2 1986
1 2646
2 3033
2 1368
2 2755
1 1668
1 2909
1 3278
1 559
2 3416
2 50
1 533
1 1476
1 461
1 2737
1 1454
2 664
1 2896
1 2238
2 1969
1 1164
2 3245
2 3307
2 3686
1 3378
2 291
2 2177
2 2159
1 901
1 497
2 2039
1 3075
2 3524
2 1090
2 2250
1 2821
2 3274
2 891
1 3521
1 826
1 975
1 97
1 3407
2 1490
1 1655
1 2196
2 249
1 3542
1 3735
1 1623
1 3210
1 822
2 1509
1 784
2 1732
2 1873
2 3076
1 2882
1 2562
2 260
1 3073
2 2970
2 1206
1 1967
1 3380
2 1760
1 3773
2 2736
2 990
1 2024
2 1671
1 478
1 2029
1 548
2 2823
1 2802
1 1218
1 299
1 2578
1 1421
1 387
1 1575
1 3665
2 2833
2 750
1 68
2 2222
2 480
2 2052
2 1935
1 276
1 2051
1 521
2 2322
1 1289
1 1361
1 2748
2 876
1 2483
2 412
1 2127
2 1375
2 1951
1 3140
1 3720
2 1799
1 404
1 1926
1 1181
1 1187
2 127
2 2816
1 530
2 496
2 1812
2 2701
1 616
2 2493
2 2692
1 2151
2 761
1 3347
2 1558
2 972
2 1861
1 2258
1 82
1 207
1 1805
1 2940
1 976
1 2265
1 3602
1 3180
2 2145
1 2250
2 3046
2 442
2 3239
2 1152
1 61
1 879
2 2742
1 1581
2 676
1 971
2 3290
2 661
2 3745
1 200
2 1199
1 2385
1 2512
1 1467
1 3695
2 753
2 2773
2 773
2 831
1 2582
2 90
2 2837
2 3414
2 1963
2 1064
2 2126
2 926
1 737
2 1996
1 1478
2 3170
2 16
1 1556
1 1587
2 891
2 2738
2 2261
1 2085
1 2660
2 2635
1 1551
2 1054
2 810
2 195
1 816
2 3533
1 3506
1 1117
2 774
2 2474
2 2471
1 3089
2 3651
2 3425
1 275
2 3547
2 3110
1 1070
2 893
1 3011
2 2959
2 2145
2 2067
1 2721
1 3641
1 3187
2 1085
2 1737
2 3169
1 3404
1 1803
2 1546
1 3653
1 3063
1 3424
2 1067
1 2530
2 3476
2 3777
2 3439
1 1162
2 1062
1 3095
1 3158
1 2141
2 2686
1 1642
1 2359
1 3319
2 3315
1 3269
1 1513
1 2155
2 3545
2 3558
2 663
2 3068
1 3398
2 2229
2 3683
2 1080
2 3688
1 856
1 2064
2 3094
2 3159
2 2073
2 3339
1 244
2 2668
1 1498
2 46
1 1572
1 1009
1 3195
1 3146
1 1135
1 3128
1 1060
1 3229
1 309
1 907
1 3181
1 942
1 2435
2 2921
2 1879
1 2020
1 3338
1 612
2 2026
1 422
1 2899
2 773
1 3230
1 513
1 3670
2 1051
1 705
2 447
1 416
2 2247
1 1678
1 1463
2 1022
1 1738
2 3634
2 1444
2 3082
1 2293
2 3013
1 2572
2 3120
2 830
1 360
2 767
1 2295
1 2700
2 3052
1 432
1 829
1 246
2 1066
1 3718
1 2611
1 1725
2 2542
1 1739
2 1360
2 2953
2 3482
1 1351
2 3406
1 60
2 167
2 3077
2 2899
1 277
1 20
2 21
2 1185
2 680
1 1957
1 3551
2 3487
2 1415
1 113
1 4
2 1216
2 570
1 3723
1 2260
2 2055
2 3086
2 1238
2 2649
1 721
1 867
2 3751
2 1980
1 2191
2 319
1 344
1 962
2 2592
2 2835
2 167
2 2604
1 1227
2 2646
2 686
2 2436
1 505
1 612
2 1588
2 3302
1 3403
2 1423
1 2366
2 3286
2 1403
1 2749
1 3540
1 1792
1 3800
1 1753
2 1714
2 362
1 1256
1 1759
1 3245
2 1436
1 2589
2 6
1 2521
1 3471
2 196
1 3362
2 233
1 2181
2 105
1 859
2 2841
1 2415
1 1437
1 2990
2 433
2 1669
1 1861
1 2701
1 2850
2 842
1 3635
1 3087
1 2669
1 2119
2 46
2 1875
2 3293
2 261
2 1271
2 1273
2 1103
2 3060
2 797
1 3549
2 1584
1 84
1 414
2 3749
2 654
1 2530
2 3677
1 772
2 3436
1 973
1 2474
1 2209
2 1789
1 3619
1 693
1 860
1 2411
1 3469
2 970
2 724
2 1353
1 3177
2 2692
1 2184
1 219
2 2851
2 3349
2 2968
1 2293
1 1169
2 1123
2 163
2 211
1 2973
1 3464
2 3259
1 2006
1 2462
2 518
1 3329
1 1007
1 1654
2 1922
1 2321
2 2478
2 2110
2 1787
2 1157
2 1636
1 2967
1 1014
2 3324
2 2693
1 14
1 35
1 274
2 1170
1 1983
1 2951
2 1991
2 916
1 1796
1 3240
2 1436
1 2781
2 1158
2 2586
1 1709
1 722
2 856
1 2201
2 1989
2 845
2 3465
2 366
2 3354
1 2805
1 742
1 1940
2 1495
2 2733
2 2386
1 453
2 1705
1 884
1 1005
1 503
1 2974
1 2427
2 2652
2 2096
1 3451
2 3124
2 3205
2 3756
1 527
2 220
2 3144
1 1651
1 2868
1 1194
1 218
2 1802
1 1042
1 1280
2 1776
2 3345
1 188
1 1021
1 883
1 1001
1 2752
1 2732
2 2621
2 3432
2 673
2 697
2 1404
2 3318
1 1352
1 502
1 1061
2 476
2 348
1 2289
2 2611
1 1142
2 618
2 479
2 1299
1 1116
1 2588
1 1692
2 5
2 3460
1 3739
1 3775
2 2236
1 2796
1 546
1 2722
1 2785
1 983
1 1053
2 3736
2 2878
1 1719
1 2326
1 1684
1 3215
1 1156
2 2302
2 3392
2 1301
1 2922
2 2248
1 8
2 2249
1 711
2 2760
2 1754
2 637
2 2712
1 1392
1 2682
1 3287
2 754
1 3640
2 1240
2 2945
2 3282
1 1807
2 1356
2 581
2 638
1 785
2 2158
1 3437
1 1952
1 3287
1 208
1 2511
1 3530
1 1119
1 2084
2 526
1 3130
1 1109
2 2309
1 3038
2 1591
1 3194
2 3752
1 3503
1 1942
2 226
2 3497
2 2996
1 2631
1 3267
1 3576
2 2751
2 1709
2 507
2 2794
2 3278
1 3317
1 841
2 3758
2 434
1 2429
2 1420
1 2551
2 2488
1 2269
1 3049
1 2885
2 2392
1 653
2 3599
1 285
2 2698
1 241
1 940
2 242
1 2514
1 1616
2 681
2 1535
1 2150
2 2557
2 1294
1 13
1 2316
1 129
2 3179
1 2304
2 2955
2 560
1 2537
2 999
2 2274
1 3792
2 38
2 3705
1 1327
2 1836
2 2660
1 1855
1 197
1 2010
2 240
2 1706
1 3399
1 132
2 772
2 2493
1 1357
2 3782
2 3369
2 2746
2 369
2 2252
1 889
1 2926
2 1189
2 927
1 1290
2 3422
1 2497
1 3326
2 2242
2 2439
1 462
1 899
2 1459
2 1698
2 817
1 3320
2 2457
1 248
2 1215
1 2497
2 3740
1 2747
1 1785
1 345
1 2448
1 1917
1 3617
2 2650
1 1249
2 523
2 3039
2 1727
1 1279
2 1652
2 2241
1 2133
1 3400
1 1196
2 2827
1 1428
2 3220
2 778
1 2209
2 2626
1 203
2 683
1 1316
1 1696
1 3788
1 1199
1 2310
2 1179
1 236
2 3064
2 1918
2 983
2 2217
1 585
2 745
1 3173
2 1301
1 1188
2 2263
2 2802
2 2444
1 565
2 92
1 2445
1 2404
1 2204
2 3724
1 57
2 3
1 1298
2 864
2 1229
2 299
1 354
2 675
2 1266
2 60
1 3414
1 3735
2 3249
1 276
2 1038
1 2868
2 873
1 284
2 2637
1 3312
2 3749
2 2883
1 482
1 1153
1 2808
1 600
2 2122
2 12
2 2358
2 1366
1 1756
1 1649
1 1380
1 2448
2 2761
1 3470
1 1842
1 997
1 3434
1 628
2 3701
1 2617
1 943
1 2520
1 1467
1 3387
2 898
1 2576
2 1950
1 3226
2 1570
2 2196
2 2486
1 2777
2 3034
1 114
1 3649
2 333
2 1354
1 2993
2 97
2 1074
1 3296
1 942
1 1825
2 666
2 2428
2 3592
2 1282
2 1938
1 3295
2 2121
2 3463
2 3040
2 2534
2 3263
2 1795
1 2283
2 279
1 3039
1 1746
1 1128
1 1414
2 766
2 2860
2 1694
1 2081
2 1624
1 3445
1 2195
1 793
1 2944
2 1389
1 3014
2 3289
2 1057
1 1559
1 2639
1 2659
1 2073
1 3387
1 1632
1 2669
2 980
2 3143
2 1682
2 782
2 1518
2 3224
2 1529
2 739
1 2461
2 3218
2 2197
2 2494
2 668
2 2670
1 2939
1 3101
1 3788
1 3460
1 2826
2 3127
1 2215
2 1326
2 911
2 759
2 3693
1 3446
2 1995
2 3625
1 227
2 1292
2 499
1 2470
1 2440
2 3486
2 160
2 1549
1 3532
2 1678
2 2735
1 2370
2 2623
2 2149
1 3029
2 1310
2 905
1 8
1 2538
1 2030
2 438
2 2107
1 1750
1 2381
1 1339
2 2666
1 399
2 2110
2 1346
2 1979
1 131
1 2535
1 1517
1 3729
1 3249
1 2988
1 601
2 1210
2 1713
1 1105
2 1180
1 3066
2 300
1 2902
1 3034
1 2303
2 3145
1 1443
2 3614
2 237
2 595
2 1622
1 434
2 204
2 1124
2 81
1 1347
2 3450
2 2988
2 848
1 865
1 2200
1 3300
1 225
1 111
2 1283
1 542
1 2324
1 1884
1 1704
2 494
2 439
2 1363
1 175
2 2663
1 3654
2 489
1 3171
2 564
2 2718
2 1441
2 687
1 2097
1 1377
1 3629
1 1814
1 777
2 3591
1 1121
2 2919
2 866
1 1024
2 1433
1 2541
2 584
1 351
2 553
2 2557
2 1419
1 1451
2 174
1 2743
2 1091
1 3561
1 3449
2 2800
1 1422
1 1695
2 3572
1 3646
2 658
2 527
2 2812
2 3381
1 190
1 1055
2 2713
1 1296
2 3031
2 2464
2 2647
1 2698
1 1503
2 602
2 213
1 103
1 491
2 550
2 1118
2 2830
2 3266
1 2575
1 1903
2 2959
1 1954
2 2782
1 944
2 25
1 2382
1 3492
1 2523
1 1628
2 419
2 177
2 1208
1 1584
1 1804
2 128
1 1329
1 102
1 400
2 1370
2 1674
2 3766
1 694
2 1022
2 1916
2 924
2 2300
1 2137
1 3459
2 1754
1 3301
2 2114
2 1552
2 232
1 2480
1 439
2 362
1 2985
2 2597
1 2473
1 1251
1 2291
1 3779
1 3425
2 1937
1 2248
2 815
1 474
1 441
2 224
2 1286
2 3420
2 1440
2 1228
2 3258
1 1452
2 1833
2 510
1 3078
2 3097
1 1669
2 2685
2 3440
1 2643
1 2683
1 2625
1 2683
2 169
1 2329
1 335
2 3716
1 888
2 118
1 2135
1 1509
1 1046
2 1617
2 1211
2 625
2 776
2 126
1 1987
2 2574
2 2476
1 2224
2 2246
2 3481
2 1627
1 2070
1 1179
2 1394
2 3529
1 727
1 3125
2 3386
1 1815
1 5
1 2630
2 3418
2 3657
2 118
2 2216
2 3180
1 14
1 396
1 648
1 3183
2 1356
1 3568
1 3515
2 2337
2 2594
1 886
2 3734
1 2684
2 3327
2 2787
2 3222
2 1147
1 1013
2 109
2 2360
1 3597
1 732
1 1897
2 2962
1 512
2 3081
2 3108
2 2663
2 1315
1 3630
1 430
2 1047
1 1603
2 3385
2 1288
2 3309
1 142
2 2246
1 1598
2 740
1 220
1 1071
2 3208
1 3141
1 1029
2 3001
1 659
1 3207
1 1332
1 988
1 2372
2 2253
1 3751
1 3775
2 481
1 3800
1 158
2 380
1 547
1 2302
1 1513
1 3526
2 1461
2 902
2 542
2 2938
2 1352
2 637
2 2303
2 3762
2 3795
1 3480
1 1844
1 3257
1 3172
2 1696
1 898
2 3571
1 3020
2 3292
2 829
1 3397
1 1000
1 657
2 3652
2 3277
2 1959
2 682
1 3543
1 1909
2 516
1 1883
2 302
1 3209
2 915
2 3725
2 1512
2 3767
1 2851
2 2356
2 2751
1 3139
2 2888
2 2174
1 2186
2 2828
2 2447
1 2471
2 3018
2 2022
1 161
2 919
1 798
2 329
1 1645
1 1924
1 2393
1 836
1 216
2 901
1 791
2 2078
2 2507
2 1435
1 2618
2 1322
1 2037
2 1972
2 294
1 716
2 2579
1 1744
1 2357
2 3443
1 2123
1 2333
2 2314
2 2519
1 1783
1 3431
2 2911
2 1735
1 1442
2 2153
1 2177
1 303
1 2351
2 1522
1 1168
2 925
1 267
2 407
2 1194
2 151
1 55
1 1886
1 1241
2 2094
2 3115
2 3772
2 286
2 3154
2 254
2 818
1 1270
1 2885
2 814
1 107
1 918
1 1277
1 1603
2 3636
1 2257
2 1516
1 2501
1 3454
2 3764
1 3458
1 3601
2 2965
2 1846
2 2823
2 275
2 1889
1 2312
2 1027
1 1483
2 2364
1 2417
2 615
1 1572
1 1401
1 1395
1 1318
2 3295
1 2383
1 429
2 1317
2 2818
2 3602
1 2978
1 1848
2 1749
2 475
1 3042
1 2844
1 2020
2 3212
2 2969
1 2175
2 1232
2 1114
1 2715
2 2055
1 1020
2 2298
1 2442
1 1078
2 3133
2 1740
2 3412
2 144
2 1434
1 3432
1 3334
1 1753
2 2024
1 3082
2 3283
2 3477
1 687
1 1225
1 3638
1 644
1 2412
2 540
1 1625
1 1385
1 909
2 413
1 1396
1 1077
1 1589
1 2423
1 2962
2 2567
1 1184
1 1439
2 1285
1 1646
2 347
2 3163
1 342
2 3002
1 1711
2 2071
2 1591
2 1567
2 1996
1 2088
1 3230
2 37
2 713
1 232
2 1099
1 23
1 931
1 3721
1 781
2 1409
1 2501
1 492
2 2657
2 1265
1 2983
2 2503
1 2165
2 954
1 3012
2 255
2 1894
2 265
1 1011
2 2432
1 3528
1 3556
1 1630
2 28
2 1320
1 2029
2 2744
2 295
2 2193
2 370
1 1587
1 1190
2 1856
1 2167
1 2726
2 2970
1 3371
1 2223
1 3151
1 2513
1 509
2 756
2 2072
1 301
2 669
2 153
1 1328
2 1488
2 1369
1 1771
2 2699
1 395
2 1384
1 62
2 941
1 3161
1 2711
2 3397
1 2251
2 1986
2 2572
1 1530
2 2874
2 3567
1 35
2 187
1 2605
1 2403
1 3793
2 1491
2 725
2 991
2 1670
1 3606
1 3003
2 1766
1 3069
1 3178
1 1120
2 2470
1 2041
1 2395
2 2996
2 2779
2 862
1 2442
1 1330
1 2547
2 1998
1 73
2 2488
2 2138
1 1044
2 3265
2 3272
1 3491
2 123
2 1426
2 365
2 1919
1 2152
2 643
2 433
2 2433
1 1790
1 2492
2 2568
2 1672
1 2644
2 2750
1 1180
1 1897
2 129
1 3645
1 3609
2 913
1 695
1 1912
2 3554
1 3524
1 623
1 363
1 2477
1 2957
2 148
2 2350
1 569
1 2588
1 1540
2 2299
2 1928
2 2370
1 2880
1 3117
1 710
2 3325
2 2266
2 2406
2 2522
2 1599
1 312
2 240
1 3624
1 801
2 553
1 2472
1 815
2 30
1 3768
1 2264
2 1863
1 1319
1 883
2 2211
1 440
1 2134
2 1518
2 338
1 1488
2 1686
2 1284
2 1065
2 3337
2 183
1 838
2 3030
1 1098
1 2725
2 2930
1 2766
1 962
1 2707
1 3520
2 3789
2 1971
1 41
1 2521
2 824
1 522
2 646
1 572
1 2396
2 2870
2 2180
1 2537
2 2845
2 1385
2 1520
1 2199
2 968
1 699
2 3303
1 2259
1 3675
2 2874
2 2575
1 3346
2 1267
1 1412
2 579
1 1563
1 1541
1 1449
2 3722
2 3729
2 2976
2 1158
1 3277
1 398
2 1450
1 3798
2 1923
2 937
1 1515
2 194
1 2889
1 1641
2 2056
2 2311
1 1314
1 1056
2 3709
1 650
2 3094
2 3427
1 1394
2 463
2 1614
2 1931
2 3064
2 3256
2 2495
1 94
1 1578
2 3099
2 1912
1 1553
2 2612
1 2492
2 3732
1 2539
1 2783
1 3493
2 2671
2 2705
1 2349
1 1756
2 3446
1 1100
1 1214
2 2044
1 1382
2 1691
2 467
2 2632
1 1048
2 3144
1 3291
1 3776
1 2288
1 1175
1 3555
2 1609
2 311
1 385
1 121
2 2768
1 3028
1 1425
2 2622
2 3711
2 3357
1 1085
2 3679
2 1042
2 2108
2 1002
2 3678
2 3342
1 1417
1 702
2 2804
2 1850
1 525
1 1037
1 465
2 2608
1 2365
1 3617
1 3479
2 469
2 1780
2 1837
1 1281
2 3447
1 110
2 1263
2 2882
2 1083
1 547
2 2348
2 2729
2 2757
2 948
2 1965
2 1230
2 1876
2 1830
1 1896
2 1883
2 987
1 3206
2 3219
2 215
2 2272
1 3317
1 1870
2 336
2 2120
2 921
2 72
2 350
2 2331
1 2454
2 3651
1 1162
2 3217
1 2226
2 575
2 2298
1 603
1 75
1 1915
1 2260
2 70
2 1739
1 807
1 1590
2 1942
2 3507
1 3152
2 939
2 2675
1 1606
2 2378
2 2769
1 2241
1 1717
1 2504
2 1534
1 2390
1 3493
2 1647
2 2112
2 2221
2 1677
1 3406
1 889
2 1322
1 799
2 3364
2 3057
2 1472
2 100
1 2730
1 2438
2 3761
2 2012
2 3118
2 992
2 1579
2 1281
1 1501
1 534
2 1183
1 858
2 1136
2 394
2 2602
2 3603
1 1263
2 2390
1 885
2 1354
1 945
1 1149
2 735
2 3318
2 80
2 324
1 1195
1 1193
1 40
2 71
2 3547
1 892
1 1173
1 2194
2 2319
2 1618
1 3388
1 2690
2 320
1 3112
1 2007
1 3682
1 1214
1 1799
1 1859
1 1296
2 3512
2 1595
1 1735
1 1631
2 1448
2 2120
2 3750
1 3263
1 3474
1 1040
1 3275
2 1189
2 3644
1 644
1 1921
2 1258
1 3616
1 1253
2 1428
1 3244
1 2465
2 3373
1 2641
1 656
1 530
2 1191
1 1658
2 3118
1 2559
1 21
2 671
2 3336
1 1660
1 916
1 2915
2 2875
1 3759
2 2239
1 247
2 3294
2 3242
1 1460
1 3658
1 571
1 228
2 2490
1 206
2 313
1 3649
2 2549
1 96
2 2871
2 2124
2 3494
1 607
2 1726
2 3136
2 3394
2 3476
2 1455
2 2846
2 1611
2 853
1 31
2 1913
2 2628
1 3260
1 783
1 1001
2 2932
1 1458
2 3411
1 1514
2 2799
1 915
1 3121
2 1585
2 648
2 793
2 2220
2 3314
1 3024
1 3422
2 473
2 622
2 1834
2 160
2 2416
2 2384
1 3070
1 501
2 3023
2 173
1 3781
1 2548
2 1916
2 1049
2 1260
1 1323
2 2866
1 239
2 836
1 2052
2 3396
2 3329
1 168
1 3605
1 3360
2 3659
2 3055
2 93
1 2430
2 1247
1 1333
1 1597
2 3359
1 1775
1 3566
1 2577
2 1350
1 597
1 675
1 323
1 1948
1 2946
1 1660
2 673
2 3541
2 544
2 2446
2 1099
2 885
2 3666
2 3760
1 515
2 1930
1 308
1 3618
1 1113
1 524
2 2960
1 1632
2 229
2 2022
2 3000
1 2763
2 1936
2 3357
1 411
2 2577
2 1050
1 1791
1 890
2 650
2 1312
1 2786
2 1961
2 1075
2 3221
1 3042
1 3564
2 1815
1 2285
1 511
2 3555
2 2181
1 1431
1 1801
2 3700
1 1225
1 1206
1 2927
1 1300
2 2473
2 724
1 2853
1 3643
1 3025
2 1961
1 349
2 961
2 1517
1 1482
2 2347
2 1937
1 98
1 719
2 1992
1 133
1 1148
1 408
1 221
2 685
2 701
1 2667
2 2818
1 219
1 2844
1 3573
2 3668
1 1271
1 3656
2 9
2 1734
2 266
1 2737
1 1387
2 1240
1 1040
1 1941
2 2566
2 3673
1 1543
2 1008
1 660
1 2613
2 1231
2 768
1 3415
1 1159
1 78
2 138
2 2576
2 1479
1 1074
1 802
1 3165
1 2898
2 2769
1 381
2 2032
2 1800
1 2343
2 1446
2 47
1 812
1 396
1 3672
2 1350
1 2849
2 2138
2 208
1 3007
2 1837
1 3057
2 2814
2 3297
2 2405
1 3383
1 2162
1 878
1 1291
1 3736
2 3516
1 978
2 3444
2 121
2 3702
1 1681
2 872
1 2989
2 2758
1 1878
2 3548
2 3320
1 588
1 1010
2 1383
2 2342
1 3778
1 1773
1 2163
1 744
1 1998
1 1911
2 3398
1 1988
1 2727
2 704
2 176
2 2002
1 1293
1 3410
2 1269
1 835
2 810
1 857
1 1927
2 3677
1 2067
1 3181
2 3750
1 2772
1 2633
1 2142
1 2640
2 2143
2 2896
2 2703
1 3002
1 3562
2 917
1 1851
2 1422
2 305
2 2658
1 1711
2 43
1 2734
1 1528
1 115
1 393
2 2111
1 3600
2 2140
1 2234
2 3310
2 151
1 339
2 2634
1 1372
2 1824
1 2951
2 2561
1 1332
1 255
2 3186
2 882
2 449
1 2426
2 2756
1 1489
1 2697
2 1609
2 3285
2 3757
1 460
1 1244
1 2445
2 3023
1 1894
2 3101
1 1
2 3769
2 114
1 504
2 2831
1 1367
1 3667
1 1718
2 3571
2 2950
2 419
2 3233
2 667
1 1615
2 555
1 850
2 2237
1 472
2 3772
1 2712
1 2188
1 2107
2 1816
2 468
2 3184
2 2562
1 1519
1 537
2 2407
1 2005
1 1272
1 3091
1 934
1 3389
1 2661
1 1749
2 1094
1 582
2 2545
2 1304
2 2502
1 1037
2 1434
2 660
1 1702
2 3595
2 963
1 596
1 1366
2 588
2 2144
2 1102
2 712
1 559
1 1268
1 2987
2 2655
1 1895
1 464
2 2362
2 1892
1 2599
1 2487
2 3188
2 252
1 1441
2 2378
2 250
2 2641
2 438
1 2103
1 1197
1 1574
2 3595
2 1012
1 765
1 298
2 2131
1 1485
1 3372
1 1258
2 3306
1 141
1 3192
1 1843
2 376
2 1808
1 667
2 2018
1 272
2 3327
2 2895
1 770
1 2380
1 185
2 1384
1 2810
1 909
2 1607
2 567
1 1278
1 3346
2 2121
2 2820
2 1362
1 903
1 3604
1 903
1 938
2 3134
2 2721
1 2632
2 1856
2 423
1 2553
1 1010
2 1400
2 3369
1 2098
1 1166
1 2565
1 3151
2 2346
2 2230
2 989
2 1208
2 449
2 388
2 1226
2 2229
1 3766
1 951
1 736
1 57
2 2091
2 1166
1 490
1 158
2 1466
2 88
1 3622
2 1888
1 929
1 728
1 301
1 2033
2 3058
1 1677
2 87
2 2388
1 3613
1 1783
1 1383
2 3351
1 165
1 2540
2 2485
2 1496
1 3732
1 1657
2 398
1 3623
2 3107
1 378
1 1665
1 799
2 1294
1 1994
1 1734
2 2373
2 928
2 1927
2 3352
2 1147
2 2072
2 136
1 2088
1 1973
1 38
1 2146
1 3366
1 2117
2 1963
2 2592
1 3227
2 2886
2 3640
1 2595
1 2397
2 1201
1 2080
2 1740
2 584
1 794
2 3386
1 246
2 80
1 2340
1 688
1 2278
2 1732
2 71
2 3436
1 3374
1 2458
2 3742
2 2539
1 3065
2 3761
2 3667
2 3339
1 3093
2 245
2 1202
1 34
2 3073
2 861
2 2053
1 1843
1 2552
2 3271
2 3624
1 2873
1 2976
1 1839
1 3186
1 3261
1 3768
1 1363
2 820
2 1506
2 3081
2 2004
1 1416
2 1501
1 684
2 1659
2 3243
2 1063
2 128
2 11
2 11
2 2214
2 2617
1 1841
1 70
2 2268
1 2330
1 3504
1 230
2 1825
1 2312
2 264
2 1619
2 2977
1 3284
2 2716
2 1121
1 2709
2 981
1 703
1 1427
2 1412
1 1393
2 3470
2 2972
1 3126
2 2169
1 1059
2 2652
2 359
1 3429
1 3133
1 1538
1 260
2 2816
1 2795
2 1138
2 374
2 2161
1 1108
1 1378
2 2408
1 2805
1 2053
1 2435
1 2033
2 3717
1 3550
2 743
1 327
1 1497
1 2159
1 99
1 2411
1 1425
1 2206
2 73
2 3324
2 466
2 3097
1 1746
1 3091
2 2862
1 1982
1 1503
2 164
2 1539
2 1142
2 1245
2 366
1 403
1 3661
1 3741
2 2573
2 253
2 3060
1 2681
2 929
1 1196
1 1710
1 1079
2 1287
1 3575
1 1110
1 1680
1 690
2 2273
1 1551
1 1312
1 3049
1 2017
2 494
1 2982
2 1819
1 2208
2 314
1 2679
2 1526
1 2820
1 1496
2 2873
2 1254
2 1025
2 448
2 1751
2 2066
1 923
1 2929
1 178
1 1395
2 1891
2 2931
1 2897
1 86
2 1073
2 594
2 1371
2 2368
1 1665
2 1118
1 74
1 457
2 574
2 487
1 2810
2 181
1 2179
2 1818
2 2410
1 2398
2 2376
1 180
2 720
1 3799
2 2600
1 974
1 3526
2 1220
2 1712
2 2864
1 3450
1 1537
2 968
2 3585
2 1405
2 2807
2 2536
1 2762
1 3391
2 304
2 1521
2 2503
1 134
2 359
2 3497
1 2338
2 1675
2 2677
1 797
2 1708
2 58
2 206
1 3355
2 2879
1 3725
1 3515
2 2418
1 1376
1 372
1 3704
1 2034
2 512
1 3123
2 2148
1 262
2 689
2 591
2 2012
1 798
1 3147
2 3748
2 27
2 3083
2 1839
2 2930
1 1396
2 3252
2 802
2 1893
1 304
2 1634
1 2307
1 1966
1 1828
1 397
1 593
1 633
1 1267
1 3006
1 931
1 1364
2 3781
2 1931
2 645
1 1411
1 2433
1 3102
2 2
2 3581
2 2832
1 1908
2 1858
1 1566
2 386
1 1939
2 3011
2 1864
1 566
2 2742
1 3333
2 598
1 1449
2 3467
2 1903
1 2050
2 2377
2 3448
1 83
1 3240
2 2508
2 2479
1 2877
1 2783
1 1228
1 2451
1 3552
2 1676
2 2284
2 3438
1 980
1 68
2 2257
2 2069
2 64
1 1232
1 539
1 1920
2 914
1 1536
2 63
2 1705
1 3338
2 2450
1 1
1 905
2 2791
2 954
1 341
1 2047
1 1086
1 1976
1 2227
1 3242
2 1464
1 59
2 406
2 875
2 515
2 2124
2 3465
1 3672
2 3746
2 2900
2 1461
1 1110
2 2609
1 3223
1 3296
1 1159
2 2914
2 2849
2 2600
2 1027
1 2337
1 226
2 1650
2 3546
2 839
1 2907
1 1812
2 803
1 716
1 967
2 1600
1 2141
2 3498
2 511
2 3697
1 3009
1 2211
1 2527
1 1018
1 586
2 788
1 1297
1 2095
1 1082
1 81
2 26
2 3059
1 680
1 3067
1 3408
1 1628
2 3165
2 1758
2 2812
1 1250
2 1083
1 2901
1 1796
1 1223
2 3786
2 2917
1 29
1 1689
1 652
2 1902
1 3120
2 486
2 2664
2 51
1 289
1 3015
2 1440
2 3058
1 2732
2 3099
2 1131
2 2157
1 1760
2 119
2 1721
1 1112
1 1477
1 2797
1 142
1 1642
1 2005
2 3029
1 3485
1 1231
2 2749
1 1391
2 2944
1 534
1 2517
1 437
1 2101
2 2173
1 795
2 85
2 575
1 2058
1 3308
2 2213
2 1499
2 12
2 2026
2 2498
2 2220
1 2843
2 717
2 782
2 3520
1 2355
2 2937
1 535
2 2345
2 1993
1 2115
1 2686
1 2736
1 1788
2 2704
2 3130
1 939
1 339
1 1722
1 949
2 471
1 3559
2 764
1 1160
2 2788
1 3771
1 1858
2 3142
2 3244
2 993
2 2952
2 3656
1 1789
2 3592
2 1478
1 190
1 1006
1 1307
1 3538
2 2286
2 1273
2 2932
1 1638
1 1879
1 3104
1 1015
1 923
1 2777
2 1765
1 392
1 2869
1 549
1 1523
1 936
2 509
1 290
2 1784
1 1545
1 486
2 340
1 1613
2 2262
1 1073
1 2716
2 2028
1 2105
1 708
1 3008
2 2731
2 3769
1 2389
2 1807
1 3770
1 2282
1 1836
1 2245
2 2644
2 258
1 2255
1 2201
2 2207
1 1287
1 2893
2 1530
2 3399
1 2512
1 3583
2 1102
1 1776
1 475
1 1773
1 170
2 668
1 307
1 2931
2 440
2 256
2 2565
1 2042
2 634
2 2672
1 443
2 2106
2 2793
2 1829
1 698
2 2420
2 992
2 3473
1 3279
2 2713
2 3368
1 3632
1 2130
2 3611
1 2933
2 354
2 3050
1 2157
1 2086
1 558
1 3169
1 1533
1 1559
2 3527
2 283
2 3190
2 2353
1 2720
1 2964
1 1654
2 3666
1 1173
1 2357
1 2719
2 3132
1 458
1 2678
2 2329
2 1381
2 1636
2 3765
1 2459
1 2661
2 615
2 2318
2 3478
1 2821
1 166
1 2958
1 1497
2 3183
1 193
2 3363
1 2129
1 251
2 465
1 1413
1 1890
1 1013
2 3678
2 1822
1 1991
2 1643
1 1840
2 1433
1 2101
1 3453
2 3647
2 3262
2 996
2 1595
2 3117
1 2730
1 3597
1 1452
2 3779
1 3688
2 2890
1 2879
2 804
1 445
2 2815
1 655
2 2653
1 1000
2 2773
2 893
2 2003
1 2297
2 585
2 1439
1 3440
2 457
2 3582
1 788
1 1598
2 832
1 577
1 1087
1 2835
2 1576
1 1068
1 1762
1 131
1 2060
2 1140
1 3304
1 3727
2 894
2 529
2 996
1 2113
2 141
1 2789
1 2079
2 2942
1 2860
1 3480
2 715
2 162
2 2533
2 1703
2 1139
2 3509
1 3452
1 3456
1 1107
2 1252
2 649
2 2366
1 1604
1 2334
1 2791
2 392
1 1476
2 2695
1 2623
1 2375
2 1235
2 2563
1 3254
2 3606
2 1900
2 2883
1 1798
2 2981
1 894
2 472
2 1962
2 56
1 3190
2 2160
2 1339
1 2234
2 821
1 2392
1 2927
2 3698
2 2696
1 1629
2 393
1 1329
2 319
1 216
2 2152
2 2345
2 464
1 355
1 3176
1 2348
1 870
2 1721
2 1580
2 826
2 1693
2 2308
2 1827
1 2306
1 1772
2 421
1 693
1 2538
2 2986
1 3433
1 699
1 170
1 3393
2 3112
2 2728
2 2003
2 1019
1 910
2 117
1 3052
2 3754
2 2360
1 1420
2 365
1 2790
1 1435
1 3428
1 1392
1 2753
2 1035
2 3237
1 1854
1 3612
2 2353
2 3482
2 1742
2 2042
2 1853
1 1663
1 777
2 2112
2 2553
1 1977
2 2268
1 3793
2 3212
2 2546
2 2628
2 2560
1 569
1 3417
2 840
2 685
2 3553
1 1367
2 1150
2 138
2 29
1 628
2 839
1 3262
2 1829
1 3511
2 124
2 3330
2 1774
2 1171
2 1033
1 356
1 2784
1 3192
1 1763
2 1480
1 3266
1 2074
1 331
1 1975
1 586
1 2307
2 2508
2 1116
2 1929
1 1821
1 3747
1 1578
1 238
2 314
2 821
1 3466
1 2374
1 736
1 1849
2 1568
2 3345
1 3213
1 1560
1 1524
2 3627
1 1982
1 2465
1 1899
1 978
2 2355
2 3616
2 3175
1 103
2 694
2 1473
2 2424
2 36
2 1581
2 855
2 164
2 149
1 811
1 455
1 454
2 3416
1 310
2 1321
1 1324
2 2425
2 1483
1 3421
2 1479
2 576
1 231
2 3507
2 1959
1 1365
2 2629
1 3726
1 1011
2 3567
2 3730
2 2724
1 1941
1 869
2 1930
2 1176
1 2665
2 2491
2 982
1 1068
1 973
2 3743
2 1712
1 3362
1 1906
1 3621
2 1406
2 2421
2 2453
2 2929
1 2146
2 2994
1 775
1 2114
1 3328
2 833
2 1554
1 2627
1 3455
1 1901
2 3412
2 3022
2 1088
2 1032
1 1697
1 1761
2 456
1 427
1 1178
1 1380
1 330
1 2063
2 1034
1 2803
2 1902
2 3794
1 3189
1 3016
1 3620
2 2278
2 1405
1 1326
1 2511
2 1081
2 3107
1 3404
1 522
1 3374
1 1786
2 1487
1 3457
2 2552
2 2060
1 513
1 573
2 3454
1 3322
2 2489
1 163
1 1524
1 2266
1 2187
2 2013
1 756
1 1707
1 1954
2 3489
2 2190
1 136
2 3288
1 1470
1 3027
1 1675
1 2210
1 2598
2 3316
2 1416
1 2232
2 2800
2 1589
2 2780
1 599
1 880
1 1170
1 47
1 712
2 1644
1 1834
2 1080
2 1104
1 1706
2 3760
2 224
1 3685
2 1259
2 1178
1 3098
2 3211
2 3220
2 3609
1 2688
1 1081
2 1755
1 751
1 3265
2 1023
1 2185
1 1205
1 2998
2 3360
1 2515
2 1720
2 2590
2 3566
2 1700
1 3289
1 2759
1 1819
2 3794
2 3588
2 2482
2 3152
1 2
2 2787
1 1736
2 237
1 3185
1 3411
1 116
1 2332
1 639
2 1570
2 1663
2 2313
2 1638
1 3276
2 3466
2 1498
2 87
1 544
2 1726
1 1698
1 235
2 1323
1 3785
2 3434
1 3610
1 1210
1 1985
2 2036
2 1250
2 2096
2 3351
2 2550
2 3071
1 1555
2 2452
2 1625
1 1892
2 2918
1 2198
1 2491
2 1751
1 1047
1 180
2 646
1 2834
2 2563
1 186
2 3111
2 1125
2 3252
2 3603
1 1079
1 1487
1 1673
1 3451
1 776
2 6
2 2704
2 2778
1 1093
1 498
2 2267
1 2824
2 1869
2 2361
1 401
1 605
2 2941
2 2738
2 3037
1 1088
2 1277
2 2637
2 3198
1 1842
1 3127
1 2373
2 1964
1 1457
2 1780
2 3157
2 2007
2 1213
1 608
2 3225
1 1977
1 3543
1 89
1 3216
2 2466
2 3513
2 886
2 2694
2 1832
2 2202
1 271
1 2405
1 259
2 3413
1 86
2 317
1 2822
1 526
1 3435
2 341
2 1163
2 3604
1 3280
2 328
2 2581
2 2381
2 3047
2 3776
1 385
2 2582
2 3210
1 2280
1 860
1 2315
2 1743
1 2288
2 1043
1 1163
2 2605
1 471
1 800
2 3376
1 785
2 1953
1 1733
1 2570
2 519
2 2082
1 3145
2 1320
2 2587
2 140
1 3051
1 698
2 2200
1 3710
1 1115
1 728
1 3417
1 1994
2 787
1 2437
2 2620
1 3676
2 1810
2 1129
1 572
1 1953
1 2684
1 77
2 2077
1 1032
2 2527
2 956
2 3712
1 3638
1 493
2 2413
1 1979
2 2219
2 292
2 1089
1 3473
1 150
1 3767
2 1778
1 3690
1 1308
1 1579
1 1071
2 3325
2 1313
2 993
2 3135
2 2755
1 2560
1 1188
1 2852
2 3231
2 3714
2 2725
1 1447
1 1061
1 2935
2 1302
2 1886
2 3681
1 1729
1 3086
2 851
1 2590
2 2080
1 3407
2 1605
2 3569
2 3464
1 2638
2 2770
2 926
1 2412
2 2814
2 1550
2 1290
2 811
1 3021
2 820
1 2958
1 1664
1 1182
2 2369
2 2680
2 1182
2 3279
1 1084
1 3121
1 767
1 32
2 2651
2 16
1 1325
1 1097
2 2193
1 1137
1 2321
2 3379
2 250
1 792
2 3206
2 1362
2 1472
1 2332
1 3026
2 1338
1 3456
2 1101
1 2194
2 2168
2 371
2 394
1 2764
2 1251
1 2624
1 53
1 1177
2 3715
2 3105
1 2770
1 2685
2 619
1 3713
1 273
1 1144
1 2439
1 1782
1 1008
2 2231
2 181
1 3673
1 2217
2 3563
1 3264
2 2728
1 3303
2 1917
1 2609
1 1009
2 410
2 306
2 1714
2 2163
2 2092
2 3366
1 1343
2 1368
1 1593
1 1264
2 828
1 1768
2 1763
1 467
2 1571
1 3650
1 3018
2 2824
2 3193
1 3083
1 755
2 1334
1 2407
2 322
2 3628
2 2806
2 69
2 1305
2 1418
1 2977
1 2093
2 290
2 2772
2 796
2 2323
1 1569
1 3047
1 1220
2 3199
2 316
2 1168
2 3019
2 2903
1 2688
2 949
1 279
2 2715
2 24
1 3777
1 1198
2 1186
2 1050
1 2975
2 943
1 3731
2 843
2 3352
1 2819
1 945
1 563
1 975
2 2092
1 3234
2 649
1 505
2 2093
1 3475
2 1731
1 2274
2 2019
2 3441
2 576
2 762
1 1743
2 2858
2 2305
2 2995
2 230
2 2543
2 1127
1 2100
1 500
1 2834
1 2425
1 65
1 2251
2 446
2 3379
2 3137
1 1402
1 2166
1 3010
2 3241
1 3511
2 3488
1 1571
2 3598
1 3061
1 809
1 1056
1 3692
2 2401
1 1853
1 1288
2 1573
2 3596
1 2249
2 2971
1 1344
1 2440
1 1224
1 1521
2 1421
1 873
2 1347
2 1850
2 1161
2 1887
1 2289
2 1790
1 3364
2 78
2 3575
1 3780
2 3203
2 1881
2 1820
2 378
1 1164
1 1066
1 1777
2 1282
2 1809
1 296
1 2387
1 1276
2 3746
2 1652
1 619
2 3594
2 278
1 335
2 1676
2 3385
2 2545
2 3660
2 1407
1 242
1 94
1 805
2 3409
1 56
2 155
1 635
1 2765
1 950
2 2281
2 2417
1 2180
2 921
1 2363
1 1340
2 3109
2 7
2 2653
2 2125
1 1256
1 3253
2 2036
2 994
2 749
2 686
2 48
1 1045
2 2368
1 3376
1 3365
2 373
1 3437
2 1123
1 1144
2 1566
1 390
2 442
2 1640
2 1275
1 3078
2 754
1 2040
2 1785
1 3719
2 2625
2 2765
1 3790
1 732
1 1938
2 473
1 717
1 2768
1 1562
1 2254
2 2797
2 1106
1 3137
2 2045
2 1852
1 552
1 528
2 3532
2 3136
1 32
1 1614
2 3512
1 3166
2 1997
2 53
1 3783
1 1683
2 1325
2 384
1 296
1 3441
2 1633
1 3791
2 707
2 2311
1 222
1 614
1 3722
2 3720
1 2866
1 2331
2 3657
1 274
2 2113
2 1946
2 1781
1 3074
2 2571
2 764
2 1764
1 3536
2 1185
2 1292
1 2591
1 1950
1 1480
2 187
2 3535
2 2506
1 746
2 3276
1 1933
2 2290
2 2564
2 567
2 3009
1 849
1 1508
2 2524
2 3797
2 3098
2 144
1 1564
2 3578
1 3472
1 2148
1 1002
2 3328
2 2243
2 111
1 3302
1 1885
2 930
2 2864
2 2240
1 2718
2 877
2 2606
2 2618
1 3142
1 1177
1 1432
1 2292
1 679
2 3372
2 3405
1 1192
2 1058
1 727
2 2838
1 409
2 2187
2 1888
2 3753
1 1542
1 2829
2 1747
2 1183
1 2223
2 3224
1 1607
1 1469
2 604
1 536
1 2604
2 294
1 1594
1 2267
2 2912
2 1036
1 2118
2 664
1 1729
1 3153
2 2784
2 3448
1 93
1 182
2 3726
1 3179
2 156
2 629
1 1003
2 1153
1 1390
1 1096
1 2593
2 351
1 3739
1 733
2 1936
1 1656
2 1543
1 1777
2 1691
1 1723
2 3663
2 3589
2 332
2 2886
1 1865
1 2132
1 994
1 2325
1 2658
1 2404
1 781
1 1234
2 174
1 52
2 2668
2 1406
1 1934
2 789
1 1852
2 1548
1 1835
2 67
2 1644
1 1115
1 2825
1 3690
1 3756
2 1424
1 1112
1 1133
2 2863
1 96
1 2375
1 3343
2 1419
2 48
1 678
2 488
1 2928
1 606
2 417
2 2745
1 1017
2 935
2 3531
1 855
1 3030
1 918
1 1577
2 3350
1 422
1 360
2 1418
1 794
2 1596
2 2695
1 1838
1 3419
2 176
1 2544
2 414
2 2956
1 832
2 2189
1 655
2 2910
2 2001
1 1715
2 1141
2 2666
2 3155
1 3620
1 2708
1 236
2 3496
1 1174
1 536
2 3114
2 1674
1 3402
1 1848
2 568
2 661
2 1319
1 997
2 957
1 2233
1 1033
1 3623
1 3568
1 877
1 3076
1 1577
2 3430
1 1968
1 2524
1 1893
1 1337
2 2831
2 2227
1 1561
2 545
1 2876
2 358
2 3585
2 3607
2 2717
2 3747
1 2599
2 1128
1 3202
2 1970
2 3635
1 1111
2 3583
2 2043
1 580
1 2630
1 374
2 2536
1 677
2 450
1 2655
1 1774
2 1653
2 1184
1 1580
2 2662
1 1752
1 3103
1 2399
2 287
1 626
2 2760
2 2979
1 964
2 3713
1 1623
1 1922
1 2923
1 2656
2 2939
1 149
2 3054
2 2046
1 2724
1 662
2 287
2 1257
2 984
1 2336
2 1958
1 1038
2 737
1 604
1 2963
2 1690
1 3469
2 2427
1 3299
2 2884
2 2898
1 2585
1 715
1 1082
1 1389
1 2464
2 1238
1 3045
1 2284
2 404
2 1200
2 1667
1 590
1 3429
1 402
2 1974
2 1336
2 1318
1 3237
1 1004
2 3518
1 1484
1 881
1 882
1 484
1 156
1 2434
2 1868
1 3270
2 3113
2 540
1 792
1 741
1 3517
1 3377
2 635
2 2794
2 2934
2 1307
1 168
2 1504
2 3103
2 227
1 2176
2 1605
1 2130
2 468
2 2010
2 3580
2 352
2 3661
1 1945
2 2911
1 65
2 1201
1 2068
2 3153
1 2845
2 965
2 3662
1 1867
1 1907
1 2513
2 2468
2 3269
2 3702
2 3795
1 2064
2 580
1 1138
2 763
2 1457
1 3641
1 1245
2 334
2 22
2 2855
2 1659
2 1133
1 3115
2 1976
1 2739
1 1284
2 3381
2 101
2 800
1 1955
1 895
1 361
1 595
2 1662
2 453
2 594
2 2776
2 3517
1 2687
2 734
1 1981
1 3426
2 3486
1 109
1 1527
1 587
1 2639
1 196
1 3063
2 2729
2 1125
1 2867
1 1592
1 2485
2 1233
2 813
2 2893
2 1113
1 563
2 3715
1 1877
2 3608
2 663
2 2801
1 2785
1 3394
1 1956
2 857
2 2610
1 2386
2 2938
1 1575
1 610
2 3247
1 2462
2 1626
1 1870
1 234
1 2218
1 2235
2 3799
2 2323
1 2903
2 1122
1 3701
2 1169
2 2090
2 1904
1 1039
1 2222
1 3070
1 2371
1 2183
2 282
2 3256
2 1582
1 140
2 2317
2 2132
1 3753
1 2050
2 3375
2 270
2 1255
2 2775
1 2044
1 636
1 3022
1 2466
1 2424
1 871
1 483
1 1304
1 98
1 1656
2 603
1 2133
2 3119
2 1031
2 18
1 3594
1 3552
1 3391
1 120
2 2081
2 122
1 3335
1 1794
2 2940
1 3315
1 2518
2 3589
2 1248
2 3332
2 1549
1 3291
2 172
2 3474
2 1092
2 1046
1 323
1 531
2 1814
2 1306
2 3714
1 1160
2 3574
1 1031
2 214
1 2743
2 2726
1 3395
1 1386
1 2423
1 1985
1 2822
2 1493
1 3539
1 1309
2 199
1 64
1 1242
1 3150
1 2467
1 3687
1 1217
2 3355
1 3204
2 1016
2 2271
2 3382
1 2409
2 3010
2 3488
1 1181
2 2705
1 890
2 1410
2 1692
1 418
2 2285
1 2581
2 1481
1 328
2 2894
2 1005
2 2997
1 407
2 182
1 3168
1 3160
2 3784
1 3307
2 1820
1 2710
1 750
2 325
1 3675
2 3033
2 779
1 2905
2 3344
2 1565
2 1342
2 1342
1 1914
1 2286
1 2383
2 454
1 1136
2 3035
2 3455
2 2308
2 1065
1 1693
1 3044
1 3356
2 751
2 1690
1 562
1 517
1 823
1 2585
2 823
2 2680
2 2758
2 533
2 2175
2 1620
1 847
1 1492
2 3232
1 670
2 2102
1 607
1 922
2 2379
2 827
2 3205
2 1871
2 1624
1 2232
2 2230
1 2282
2 496
1 3637
1 161
1 3548
2 2429
2 1237
2 3100
1 1867
1 3228
1 1161
2 841
2 3371
1 1808
1 1502
1 3092
2 2137
1 3744
1 3625
2 1262
2 1477
1 977
1 361
1 1511
2 3778
2 3281
1 1229
1 3447
2 2924
2 2747
1 3215
1 145
1 1694
2 3490
1 3587
1 2999
1 981
2 506
2 2365
2 2689
2 1051
1 2920
2 2947
2 2245
1 2087
1 2926
1 740
1 3068
1 447
2 1140
2 659
2 165
2 2216
2 995
2 2346
2 3421
2 2103
1 908
2 774
1 3311
2 3275
2 1150
2 1635
2 1877
2 863
1 624
2 3499
2 1373
2 3765
1 1458
1 3164
2 2719
2 1643
1 3138
2 1975
2 1821
2 1949
2 805
1 1096
1 908
1 74
1 2333
1 1239
1 796
1 771
2 3704
1 2815
2 3525
2 1800
2 1630
2 108
1 146
1 1254
1 427
2 2558
2 2867
1 1880
2 674
2 2048
2 1246
1 1278
1 2991
1 1934
1 3699
2 1408
2 2792
2 2532
1 1744
1 122
1 3321
1 1563
1 2479
1 1748
1 1846
1 2225
1 1612
1 2619
1 2843
1 1445
1 2172
2 2457
2 340
1 1907
2 1209
1 951
1 2775
1 2014
1 2001
1 2342
2 3196
1 3159
2 2697
1 2295
2 2586
2 3254
2 1526
2 3286
2 1252
2 1172
2 795
2 1375
2 3529
2 831
1 3495
1 501
2 3669
1 1221
1 1684
2 2500
1 828
1 1399
2 2548
1 2203
2 2401
2 1535
1 3172
1 437
2 2300
2 2578
2 157
2 2377
1 888
2 2817
1 2151
2 614
2 2054
1 2356
2 1262
2 1466
1 343
2 3141
1 2206
1 307
2 3449
1 305
1 3270
2 2317
2 39
2 1564
2 1291
2 1149
1 2992
2 3019
1 1053
1 3439
2 1131
2 1212
2 2890
2 3728
1 2559
2 1308
2 3226
1 1105
1 1627
2 321
1 1303
2 2484
1 2839
1 2258
1 3691
1 3140
2 2528
2 2690
2 3696
2 556
2 2707
1 1935
2 2403
2 2275
2 571
2 3423
2 679
1 3116
1 2723
1 1700
1 852
2 3633
1 3496
2 1226
1 3797
2 39
1 285
2 1043
2 185
1 3712
2 2416
1 662
1 647
1 838
2 432
1 171
1 1547
2 1992
2 2917
2 3032
2 3522
2 2415
2 431
2 469
1 2269
2 1512
2 1685
2 623
1 1316
2 674
1 844
1 2486
1 3025
1 405
1 2243
1 1723
2 960
2 2078
1 1349
2 770
1 2985
2 345
2 3684
2 1970
1 2147
1 730
1 2326
1 3361
1 808
1 3523
2 266
1 212
1 3731
2 444
2 1455
2 2463
1 315
1 2391
2 1984
2 843
2 3655
2 1430
2 401
2 3691
2 1069
2 2291
1 1167
2 850
2 1770
1 3257
1 2049
1 3147
1 1817
1 2774
1 1378
1 3231
2 692
1 2865
1 1494
1 1958
2 1782
2 3146
2 89
2 3671
2 2131
1 976
1 2640
2 1237
1 2399
2 2871
2 2344
1 2678
1 2041
1 801
1 2228
2 256
2 3241
1 2119
2 1769
1 143
1 3218
2 1695
1 3017
1 613
1 2441
1 705
2 768
2 952
1 863
1 731
1 913
1 3185
1 760
1 2657
2 3234
1 1052
1 112
1 1745
2 819
2 1465
2 1741
2 618
1 652
2 2776
2 1297
2 1547
2 2943
2 90
1 9
1 3570
1 3054
2 742
1 3457
2 1438
1 2253
2 757
1 3336
1 665
1 1355
1 3544
1 3647
1 2362
2 15
1 1590
2 3131
1 1431
1 1474
2 478
2 1107
1 1321
2 564
1 3074
1 3663
1 2349
2 2857
2 1971
1 2554
1 2011
1 326
1 2296
2 3544
1 2083
1 1243
1 638
1 1432
2 120
1 1573
2 3580
2 2634
2 3202
1 3323
1 2270
2 2140
1 358
2 1637
2 348
1 195
2 1794
2 3119
2 639
1 1482
1 3264
2 1084
1 2993
2 2199
2 2734
2 381
2 3332
2 1646
1 1648
1 2166
2 1404
1 2090
1 2912
2 3368
2 1742
1 621
2 2169
2 3089
2 479
2 1768
2 651
1 1137
1 347
2 578
1 3505
1 1127
1 1594
2 215
2 613
2 2367
2 466
2 2164
1 132
2 317
1 1400
1 367
2 2054
2 2961
1 2025
1 66
2 2144
2 862
1 2583
1 483
1 647
1 316
1 3601
1 3238
1 807
2 2811
1 579
1 110
2 546
1 987
1 1878
1 1847
2 2967
1 3356
2 531
2 3313
1 2225
2 280
2 2385
2 2048
2 1089
2 3424
1 2790
2 2900
1 723
1 998
1 749
1 731
2 408
1 3150
1 3467
1 3035
1 2554
2 173
2 2394
1 1895
1 3698
2 3148
2 3134
2 3510
1 1348
2 490
1 424
2 3716
1 1024
2 708
1 1845
2 1657
1 780
1 1344
2 2915
2 497
2 269
1 2659
2 2534
2 1616
1 1299
1 2706
2 1798
1 3021
2 2098
2 953
2 653
2 2519
2 729
1 791
1 3248
1 3621
1 2714
2 532
1 1523
1 2173
2 3166
1 2606
1 707
1 3478
1 2483
1 2925
2 3610
1 3217
2 1548
2 2262
1 1091
2 2826
1 1049
2 3157
2 3631
2 3622
2 135
1 463
2 3707
1 209
2 379
2 1330
1 2062
1 3260
1 1687
1 1222
2 2862
2 970
2 2819
1 1101
2 3400
1 1343
2 372
1 2924
1 2973
1 1212
2 710
2 700
2 2615
2 3733
1 1391
1 2164
1 2334
2 1531
2 3462
2 1490
2 1781
1 2198
1 844
1 1417
1 2161
2 3475
2 758
2 1898
1 896
1 1355
1 1456
2 3050
2 2143
1 2998
2 2610
1 2549
1 2139
1 2422
2 2056
1 2949
2 2522
1 2838
1 2272
2 1204
2 2806
1 955
1 3791
1 3388
1 852
2 2984
2 1558
2 3591
2 1086
2 2626
1 2589
2 738
1 3506
2 545
1 3686
2 825
2 964
2 1556
1 2109
2 2574
1 2021
1 1019
2 1722
2 1604
1 752
1 2476
1 100
1 2224
2 1017
1 904
2 1272
1 1126
2 1369
2 58
1 3247
1 3148
1 865
2 2409
1 746
1 1541
1 1204
1 1030
1 2989
2 2487
2 1077
2 3741
2 63
2 1868
2 249
2 1340
1 2008
1 480
2 72
1 2638
1 146
2 3378
2 1486
1 1192
1 2035
1 3316
2 625
2 1602
1 3484
1 1683
1 3274
2 3072
2 711
2 3006
1 2481
1 1398
2 592
2 2075
2 22
1 762
1 2950
1 1601
1 2097
1 1317
1 555
1 702
2 878
2 82
2 582
1 833
2 1811
1 1552
2 278
2 3513
2 2525
2 1315
2 1583
2 3752
1 3020
2 2136
2 3028
1 2179
1 1058
1 1276
2 485
1 3755
1 2596
1 130
1 935
1 2672
2 331
2 3719
2 3410
2 2813
2 52
1 3619
1 40
1 854
2 510
2 3191
1 1730
2 1806
2 3584
1 2991
2 684
1 2987
1 2059
1 3733
1 1601
2 3525
1 2393
1 961
2 3285
1 247
1 1864
2 3684
1 3737
2 2621
2 127
2 130
1 268
1 1516
1 1932
1 1119
2 1599
1 1697
1 2975
2 2923
1 2942
2 2928
1 470
1 3718
1 3126
2 3522
1 3197
2 2647
2 2458
2 998
2 2419
1 560
2 1117
1 1026
1 3284
2 1145
2 2434
1 1759
1 2842
2 2829
1 2237
2 3565
1 922
1 2205
1 152
1 115
2 2006
2 3341
1 879
2 2525
1 76
2 3707
1 2239
1 1373
2 3331
2 2182
1 1219
1 283
1 3161
1 3626
1 104
1 2197
1 3430
2 1132
1 444
1 3587
2 421
2 2895
2 405
2 2082
2 2836
2 1365
2 2887
2 2740
1 956
2 3428
1 806
2 1741
2 3311
2 1510
2 271
2 3479
2 332
1 1661
2 1725
1 420
2 3062
2 2372
2 1544
2 500
1 3222
1 1155
2 958
1 412
1 520
2 1943
1 3758
2 3557
2 3708
1 3305
1 1728
2 3348
