7100 3000
2 1087
2 1650
1 167
1 3435
1 2295
1 3406
1 131
2 1409
2 1459
2 107
2 107
1 1624
1 3239
2 2622
1 434
2 3090
1 3301
2 3150
1 565
2 1993
1 545
2 2632
1 2100
2 2942
1 1838
1 1367
2 1316
2 250
1 3137
1 829
1 3090
1 3303
2 3170
2 3518
2 561
2 2903
2 690
1 3501
2 2072
1 1230
2 2187
2 2401
1 912
2 2333
2 646
1 204
2 1655
2 1606
2 2747
1 949
2 912
1 1456
1 2253
1 2961
1 2190
2 2395
1 1611
2 3005
2 1810
2 3466
1 2053
1 2391
1 1728
2 1703
1 2665
1 65
1 680
1 2629
1 2097
1 746
2 2205
2 1222
1 487
1 3207
1 1276
1 125
1 3291
2 3395
2 2441
2 2748
2 1847
1 1731
1 1687
2 810
1 1553
1 2360
1 1571
1 2269
1 3200
1 2762
2 1203
2 1712
2 90
1 2526
2 3159
1 684
2 1708
2 2573
2 116
2 1233
2 925
1 2802
1 2071
2 1888
2 3192
2 1122
1 530
2 2857
1 3276
2 1046
1 53
2 3355
2 3038
1 2988
2 49
1 2007
1 247
2 1743
1 601
1 1517
2 3189
1 2411
2 1780
1 1600
2 2506
1 3346
1 1035
2 3152
2 2809
2 651
2 2494
1 150
2 1922
2 1347
1 514
2 3058
1 1239
1 1877
1 184
2 2012
1 2570
1 854
1 1013
2 1410
1 886
1 2741
2 1692
1 386
2 1811
2 163
1 1739
1 1357
2 2524
2 2862
2 3132
2 2605
1 1233
2 2500
2 987
1 1207
2 1028
1 1104
2 497
1 1124
1 2183
2 1803
1 191
1 202
1 3317
2 69
1 2616
2 1672
1 269
1 3049
2 2981
2 1100
1 1916
1 1829
1 2425
1 936
1 199
2 840
1 1018
1 3372
1 2666
2 324
1 938
2 1259
2 2259
1 655
1 2154
1 3533
2 2121
2 1682
2 2261
2 1248
1 1156
1 2439
1 1481
1 1112
2 925
2 2135
2 3042
2 1255
2 1549
2 3040
2 2610
2 1310
1 545
2 2545
2 3338
2 1722
2 904
2 131
1 3046
1 1735
1 2763
2 2192
2 1195
2 2761
2 2012
2 1857
2 3348
2 608
2 2267
2 2980
2 817
2 1911
2 1785
2 3465
1 966
2 2711
2 2247
1 1357
1 1991
1 2472
2 916
1 2760
2 2075
2 2001
2 234
1 3187
1 1579
1 3520
2 3351
1 1943
2 993
2 176
2 2236
2 2698
2 259
2 134
1 1565
1 757
2 2432
1 3318
2 1870
2 874
2 3301
2 3377
2 2377
1 712
2 3452
2 2016
1 3243
2 649
2 48
1 1295
1 1974
1 3504
1 138
2 1841
1 2488
2 1818
2 134
1 3504
2 343
2 155
2 502
2 3113
1 1431
2 2776
1 2814
2 2915
2 119
1 560
2 3448
1 3278
1 3051
2 68
2 1541
1 1773
1 431
2 381
2 3027
1 535
1 458
2 1075
1 351
2 1566
2 3461
2 1692
2 970
2 2646
1 3236
2 483
2 1985
1 2546
2 1772
1 1971
1 2673
1 1408
1 471
2 2166
2 2306
2 154
1 3083
1 863
1 2055
1 2303
1 665
1 361
2 444
1 2268
1 522
1 2946
2 3311
2 346
2 612
1 36
1 1522
1 677
2 2204
2 1180
1 3521
2 3063
2 3290
1 765
1 2257
2 2489
2 3247
1 1292
2 1664
2 793
2 649
1 1121
2 1986
2 1321
2 872
2 1705
2 2492
2 2513
2 521
2 2797
2 1850
2 524
1 3054
1 2299
1 3460
2 944
2 3422
2 2863
2 1725
1 2893
1 2045
2 3539
1 2002
2 1766
1 1987
1 381
2 1219
1 1775
1 918
1 2273
2 3495
1 2116
1 2857
2 1317
1 2262
1 3433
1 1226
2 817
2 3410
1 2322
2 3148
2 2457
2 2090
2 3017
2 2331
2 2465
2 2310
2 658
1 1452
2 2453
1 659
2 2475
2 1976
2 463
2 1256
1 1393
2 1330
1 3118
1 3145
1 802
1 1418
1 2034
1 323
1 218
2 3071
1 2006
1 1478
1 1437
1 2697
1 2574
1 653
2 3314
2 1538
1 1872
1 1123
1 3
2 2564
1 2582
2 3407
2 1900
1 534
2 807
2 3524
1 3469
2 848
1 3323
1 2835
1 1365
2 3025
1 3309
1 2871
1 1965
1 2798
1 446
1 1328
2 3342
2 1590
1 45
1 1896
1 1423
2 499
2 2453
2 1753
2 783
1 1907
1 2085
2 3145
1 1455
1 3126
1 1770
2 1649
2 3286
2 2499
1 691
1 1462
2 1656
2 333
1 1892
2 2602
2 2181
2 1165
1 1383
1 980
2 2619
1 83
1 1444
1 804
2 2926
2 1052
2 866
1 115
1 938
2 3378
1 1025
1 2970
2 378
2 1908
2 2199
2 394
2 3469
1 615
1 3511
1 2351
1 631
2 2705
1 1782
1 2239
1 72
1 226
2 1609
1 3096
2 63
2 1004
2 878
2 1097
1 1477
2 1127
1 2572
2 2200
1 2116
2 596
1 754
2 1391
1 534
1 2150
1 2013
2 3355
1 3255
2 2122
2 970
2 1347
1 7
2 2882
2 1999
2 1560
1 113
1 1202
2 3445
2 321
2 2375
2 621
1 2590
1 3088
2 140
1 2515
1 662
1 2284
2 1610
1 1612
1 1011
1 510
2 1724
1 1726
1 1969
2 2975
1 435
1 1800
1 358
2 21
2 920
2 660
1 1374
1 2348
1 1621
2 3154
1 241
2 794
2 3095
1 667
2 2123
1 1618
1 2779
1 1184
2 2525
1 1946
2 1216
2 701
1 1429
2 1472
1 371
1 41
2 202
2 694
2 247
1 346
1 2017
2 2115
2 2405
2 3410
1 2285
1 1641
2 1966
1 3003
2 911
2 33
1 668
1 1336
1 1868
2 2579
2 1722
2 2550
1 2126
2 1172
1 1129
1 567
1 71
2 2026
2 1783
1 3413
1 2960
1 1208
2 2510
1 658
1 2215
1 2531
2 572
2 2960
2 3302
2 3454
1 2447
1 2249
1 1871
1 2287
1 860
2 2080
2 1666
2 85
2 2249
1 3424
1 630
1 3230
2 699
1 2989
2 2548
2 395
1 3216
2 2866
1 984
1 118
2 490
1 1328
1 2776
1 2773
2 676
1 3124
2 2241
1 1082
2 725
2 2148
1 2053
1 29
2 2843
2 1555
1 1973
2 2609
2 1799
2 233
2 3525
1 21
1 2920
1 2818
2 2883
1 628
1 1072
1 2730
1 3441
2 2714
2 3436
2 2213
2 1089
1 857
1 2088
2 1536
1 1625
1 313
1 837
1 1704
1 3390
2 2417
1 2721
1 1480
2 3329
2 2785
1 478
1 2954
2 1361
1 3299
2 1955
2 2447
1 2386
2 2955
1 1334
2 2308
2 2493
2 636
1 1462
2 2037
1 871
1 657
2 825
1 750
1 2642
2 2433
2 1952
2 1881
2 2128
1 1935
1 94
1 1929
2 1250
2 3056
1 2336
2 1645
2 1577
2 28
2 1503
1 57
2 1335
2 3449
1 316
1 3492
1 1117
2 133
2 391
1 713
2 1475
1 302
2 3148
1 598
2 3407
1 893
2 657
2 2666
1 1309
1 2063
1 1196
1 1269
1 3308
2 2118
1 1312
1 352
2 1476
1 1613
2 1076
1 2456
1 2018
2 3169
1 468
1 1159
2 3075
2 1581
2 2506
2 277
1 475
1 1324
1 1051
2 1486
1 2101
2 2650
1 3287
2 284
1 1430
2 2445
1 2052
1 448
1 223
2 31
2 265
2 482
2 1508
2 933
1 1206
2 2070
2 1464
1 2861
1 682
1 2831
2 272
1 3404
2 2193
2 2326
1 425
2 2149
1 2949
2 1655
2 1391
1 432
1 366
2 1341
1 2925
1 1729
1 1010
1 2318
1 83
2 1808
1 1045
1 3515
2 2727
1 3319
2 409
1 3462
2 2346
2 1632
1 643
2 2822
1 1573
1 1808
1 1497
1 1817
1 3455
1 1008
2 2784
1 101
1 892
2 1716
1 3224
2 2649
2 2618
1 3020
1 2176
2 1957
2 3119
2 2595
2 1251
1 2271
1 1348
2 2250
2 1816
1 1475
1 2606
2 2958
1 2623
1 1076
1 2372
1 2772
2 2950
1 1264
1 1530
2 748
1 440
2 634
2 2026
1 2098
2 298
2 440
2 3298
2 177
1 3249
2 3062
1 220
1 536
1 1414
1 2624
1 31
2 871
2 3199
2 1814
1 1461
2 1450
2 3544
2 1584
2 3212
2 3282
2 491
2 656
2 2822
2 82
2 1547
1 805
1 427
1 2089
2 1681
2 1802
1 2631
2 2216
1 1721
2 3177
1 1964
1 2124
1 254
1 2883
2 2004
2 2539
1 1978
2 1546
1 2071
1 3147
2 1044
2 1967
1 3462
2 1822
2 2420
2 1500
2 766
2 559
1 2953
1 3025
1 2448
1 2761
2 1986
1 2762
2 3409
1 1015
1 2622
2 1279
1 9
1 2820
2 2769
2 2152
1 368
2 1600
1 988
2 3178
2 2559
2 2033
1 3172
1 2099
1 2381
2 160
1 3495
2 1285
1 1412
2 2272
2 2154
2 1849
2 2355
2 2909
2 3041
2 1805
2 2553
1 2292
2 1164
1 1768
1 2941
2 932
1 2760
1 2166
1 2479
2 2021
1 610
2 1084
2 894
2 3278
1 1464
2 1527
1 1315
2 1192
2 2898
1 143
2 1263
1 764
1 3008
1 1353
2 1856
2 113
1 132
1 3491
2 2758
1 2860
2 380
2 686
2 1168
2 2631
2 1729
1 2592
1 3106
2 321
1 2599
1 2368
1 809
1 2676
1 375
2 2598
1 351
2 3280
1 1591
1 2314
1 1834
1 697
1 1957
1 1960
2 2628
1 3092
2 1316
1 1388
2 2977
1 1099
1 2742
2 3516
1 1576
1 2641
1 3438
2 2211
1 2848
2 1177
1 2939
2 812
2 3231
2 935
1 1515
2 1707
2 2268
2 2868
1 364
2 609
2 2231
2 928
2 2420
2 3354
2 3227
1 2424
1 1572
1 1680
1 2251
2 520
1 222
1 835
2 2555
2 3374
1 1893
2 80
1 2569
2 2694
2 225
1 3204
1 768
1 1069
1 1554
1 3179
2 2188
1 3347
1 3317
1 2859
1 1793
1 218
2 219
2 1420
2 1657
1 1895
2 3293
1 683
2 2336
1 924
2 2975
1 2887
2 3324
2 436
2 2380
2 1033
2 1130
2 1211
2 2829
1 125
1 965
2 2054
2 1652
2 1467
1 3373
2 1037
1 853
1 1241
1 3027
1 3230
1 2132
2 3135
2 2036
2 611
1 2077
2 3371
1 751
2 3168
1 350
1 427
1 2340
2 147
2 3086
1 504
1 1922
1 1929
2 1911
2 44
2 2514
1 2393
2 748
2 1513
2 836
1 1005
1 50
2 2302
1 3081
1 826
2 1205
1 3174
2 1583
1 949
2 941
1 3523
1 3166
2 2529
2 2440
1 2142
2 543
1 3321
1 2404
2 1727
2 1561
2 3034
2 2064
2 3239
1 3229
2 332
1 1067
2 205
2 3190
2 2327
2 240
2 2986
1 2740
2 2276
2 3294
2 3171
2 9
2 370
1 634
1 1987
1 1101
2 2940
1 239
2 3056
1 616
1 2542
2 2352
1 2364
2 2765
2 2978
2 599
1 570
1 1420
2 816
1 141
2 3074
1 2019
1 494
2 127
2 1844
1 702
1 1108
1 632
1 1324
2 347
2 3398
2 1683
1 1873
1 1748
2 2408
1 81
2 1781
2 533
1 1323
1 1403
2 318
2 2767
1 2529
1 1108
1 146
2 1814
1 1041
1 2077
1 246
2 456
1 3241
2 2636
2 436
2 411
1 2605
1 231
2 730
1 669
1 1312
2 3508
2 2734
1 2922
1 2705
2 3073
1 453
2 711
2 224
1 2668
2 17
2 345
1 1293
2 3445
2 3197
1 2481
2 1855
2 19
1 3181
2 1131
1 2068
2 1659
1 1073
2 3129
1 3114
1 953
1 2973
2 2541
1 3497
2 2032
1 2008
2 1961
2 846
1 3307
1 2848
2 399
1 3157
1 1776
2 1272
2 1703
2 2591
1 2578
2 2091
2 1562
2 2000
2 3006
1 3474
1 2347
2 2247
2 1170
2 333
2 235
1 2331
2 139
1 1605
1 110
2 1664
2 1816
2 1909
2 1909
2 3539
1 451
2 2637
2 2609
1 3527
2 1869
1 546
1 3494
2 2926
1 2683
2 1972
1 1837
1 1200
1 1532
2 132
2 1405
2 2370
2 2808
1 752
1 2805
2 100
2 611
1 378
2 2503
2 3353
2 2476
2 2173
1 2894
1 2780
1 2057
2 1269
1 3167
2 1594
1 2356
2 1622
1 2990
2 452
1 2152
2 1547
2 1345
2 2720
2 620
1 1455
2 52
2 2879
1 227
2 2617
2 692
1 3273
1 517
2 3361
2 721
2 1141
2 483
1 1758
2 1927
2 2995
2 3083
1 1397
2 2557
2 103
1 2220
2 1084
2 2643
2 700
2 1646
2 2704
1 1951
1 236
1 895
2 3323
1 401
1 2440
1 1789
1 1916
1 1675
1 2638
2 1674
1 1053
1 3058
1 2095
2 1803
1 1539
2 2025
2 3022
1 1640
1 2400
1 174
1 1062
1 3506
1 2992
1 2930
1 2212
1 1432
2 355
1 1209
1 462
2 1730
1 413
2 3315
2 1373
2 388
2 206
2 2468
1 1732
2 526
2 3365
2 1419
1 761
1 2524
1 1162
2 1754
1 874
2 55
2 325
1 1784
1 2789
2 772
2 1271
1 963
1 1933
2 3029
1 903
1 2027
2 1950
1 503
1 2098
2 3406
2 1353
1 229
2 3085
1 1151
1 3
2 3312
2 3288
2 2283
2 2454
2 1781
2 594
2 2381
1 275
2 400
1 1190
2 1969
1 1284
2 1033
2 1818
2 601
2 2771
2 840
1 3219
1 2191
1 1897
1 2320
2 2119
1 803
2 1457
1 2167
1 1720
1 1819
1 472
2 2695
1 237
2 3535
1 2535
1 1126
2 3197
1 2685
2 3337
1 2677
1 10
2 3261
1 2522
2 2169
1 1989
2 384
2 2196
2 2393
2 1670
2 248
1 89
2 3055
1 1213
2 3208
2 3004
1 3137
2 592
2 3174
2 1326
1 361
1 2235
2 3094
1 368
2 688
2 3513
1 1339
2 2056
1 13
2 633
1 3543
2 1874
2 26
2 1665
1 369
2 182
2 1840
1 1498
1 3205
1 1868
1 1792
2 374
1 1364
2 329
2 557
1 717
2 2328
1 564
1 3212
1 2316
1 1091
1 268
2 1574
1 3256
1 2617
2 1695
1 2503
2 1681
2 527
1 1418
2 786
1 1300
1 1185
1 415
1 1828
2 2184
2 542
2 1490
2 2874
2 1179
1 796
1 2715
2 1806
1 203
2 289
2 3467
2 1917
1 1956
1 605
1 2339
1 461
1 2430
1 3509
1 2792
2 1494
1 1004
2 2496
1 3068
2 2286
1 2130
2 3160
2 3320
2 974
2 1149
1 635
1 1288
1 2384
1 3028
1 437
2 2296
1 776
2 1389
2 3367
1 1259
1 163
1 301
2 2436
1 988
2 1378
2 60
2 1181
1 1487
1 2272
2 3525
1 1137
1 1713
1 977
2 666
2 2870
1 3045
1 1458
2 609
1 2671
1 1702
1 2241
2 1302
2 969
2 2229
2 1620
2 2131
2 789
2 3180
1 151
2 3390
1 3370
2 2410
1 2450
2 2171
1 613
2 1058
2 2793
2 897
2 2108
2 515
2 1147
2 319
1 1825
2 296
2 2240
1 2903
2 3356
1 344
1 1089
2 1252
2 962
1 961
1 636
1 1290
1 3139
2 1829
2 749
2 1055
2 1403
1 145
1 3120
2 1738
2 1157
1 2654
2 3499
1 2557
1 1525
2 2841
1 2559
2 2156
2 2129
2 3240
2 2376
2 280
1 614
1 1498
2 689
1 1299
1 1643
2 3018
1 1570
1 2690
2 2957
1 2079
2 523
1 1596
2 718
1 3342
2 2871
2 1175
1 642
2 1256
2 234
1 2162
2 2497
1 2963
1 2035
2 1438
1 342
1 2329
1 727
1 2295
2 1661
1 1828
1 3135
2 1468
1 1670
2 1401
2 1030
1 2011
2 149
1 2579
1 2128
1 1436
2 3511
2 2545
1 2532
2 1254
1 1568
2 2773
1 3387
2 569
2 2113
2 2155
1 2749
2 2157
2 2699
1 2603
2 2670
2 1125
2 1266
2 2318
2 2922
2 3104
2 3162
2 330
2 3269
1 1639
1 2583
1 1039
2 1968
2 3253
2 390
2 1289
2 1540
1 2248
2 553
1 2692
1 2164
1 2693
1 66
2 919
1 3220
1 726
1 3171
1 779
2 686
1 549
2 1435
2 2535
2 3333
2 823
1 1204
1 1980
1 400
2 1116
2 2214
2 3297
1 846
1 1943
2 1133
1 1450
1 1545
2 3359
1 2531
2 2549
1 3326
2 2037
1 1397
1 443
1 3397
1 2938
2 3144
1 1175
1 2736
1 1271
2 2189
2 3077
1 2472
1 769
1 1644
2 3044
2 1840
1 3264
1 1573
2 16
1 35
1 2735
1 2378
2 2656
2 2552
1 161
1 3528
1 654
1 2612
2 1899
1 2023
1 2146
2 3195
1 2287
2 986
2 1136
1 704
2 3478
2 1249
1 3408
2 2938
1 303
1 3089
1 579
2 1155
2 714
2 1055
2 1559
2 12
2 2460
2 2645
1 2251
2 2707
2 3023
1 2178
1 220
1 839
2 985
1 1717
1 666
1 2097
1 3243
1 1020
1 1752
2 97
2 166
2 2935
2 3399
1 1718
1 2480
1 1138
2 3032
2 3005
1 2753
1 2507
1 2905
2 3451
2 1749
2 825
2 442
1 1283
2 2768
1 1467
1 1974
2 1308
2 407
2 2223
2 2735
1 2487
1 2129
2 2427
1 1614
1 3362
1 2849
2 869
2 3358
1 737
1 2224
2 801
2 532
2 971
1 2721
1 88
2 2967
2 753
1 652
1 1113
2 2825
1 2338
2 2455
2 177
2 92
1 3065
2 2446
2 1973
1 2038
1 102
2 1676
1 314
1 1116
1 2664
1 343
1 2493
2 2774
1 2046
2 3028
1 1356
1 2248
2 1577
2 2443
2 1011
1 3370
1 1741
1 1433
2 326
2 3192
2 3537
2 2015
2 3266
1 3247
2 409
1 1114
2 3185
1 1907
2 1953
1 1984
1 2567
2 232
2 964
1 2594
2 569
2 1730
1 1440
2 934
1 3084
2 2957
2 1963
1 47
2 3213
2 3431
2 3000
2 2838
2 3349
2 1444
1 2509
1 2565
2 3153
2 2042
1 2663
2 511
1 959
2 2392
2 2256
1 1800
2 908
1 22
1 3070
2 2231
1 2607
1 178
1 2815
2 3547
1 2441
2 18
2 2893
1 956
1 1160
1 3520
2 2034
2 477
2 3354
1 711
2 907
1 2640
1 1728
2 2100
1 281
1 1361
2 1576
1 2275
2 3111
2 2004
1 815
1 2745
2 2543
2 2191
2 3477
2 953
2 2593
1 1270
2 2413
1 1174
2 2143
2 1523
1 3425
2 3089
1 1006
1 2181
2 3449
1 2653
2 3393
2 1563
1 416
1 2105
2 2580
2 2764
1 1734
1 2435
2 2840
2 199
1 2575
1 538
2 2989
2 1097
1 3398
1 989
2 943
1 1847
2 1939
1 661
2 513
2 681
1 1201
1 223
1 3270
2 2554
2 316
2 1176
1 2709
1 3427
1 1904
1 3434
2 119
2 1725
1 1153
1 2815
1 822
2 3391
2 3425
1 2226
1 1
2 2431
1 3095
1 2718
1 1333
2 935
1 1791
2 256
2 3548
2 2588
1 2488
1 3489
1 2942
2 207
2 1046
2 581
1 1021
2 1545
1 2211
2 1784
1 1346
1 2030
1 2449
2 1181
2 1980
1 788
1 1218
2 924
2 429
1 2801
2 442
2 1208
1 1404
1 1917
1 999
1 2832
1 307
1 1297
1 438
2 417
2 1265
1 118
1 3121
1 2363
2 1886
1 1321
2 661
1 2886
1 2657
1 2886
2 3134
1 1514
2 2243
2 2148
2 3144
2 1504
1 913
1 2650
1 328
1 1159
2 2243
2 1850
1 1238
1 2648
2 3529
2 2132
1 1174
1 2635
1 1597
2 1406
2 339
1 877
2 3210
2 2156
1 2444
1 1958
1 990
2 1281
2 1993
2 2373
2 3485
1 3213
2 2795
2 2521
1 2293
2 724
1 2985
1 2867
2 952
1 73
2 563
2 153
1 62
1 1320
1 552
2 954
1 1169
1 1247
1 2731
2 3418
2 696
1 1913
1 622
2 2838
1 782
1 293
2 967
2 811
2 2003
1 1740
2 3311
2 891
2 1423
2 55
1 2518
1 2931
2 2274
1 2980
1 365
2 179
1 1914
1 2671
1 1078
2 111
1 2906
2 2252
2 1927
1 2830
1 1797
1 2537
2 2913
2 181
1 2525
1 180
1 1775
2 3177
2 1865
1 1755
1 1612
2 1037
1 869
2 982
2 986
2 1496
2 3126
1 1081
2 2888
2 3140
1 3414
1 1154
2 630
2 1726
2 3473
2 1088
2 1483
2 2335
2 1458
2 1653
2 121
1 1096
1 1658
1 5
2 3550
1 961
1 211
2 1185
1 2786
2 1628
1 3378
2 2686
2 638
2 607
2 211
1 660
2 2313
1 3099
2 3242
2 586
2 1535
2 784
2 1908
1 1688
1 3269
1 2198
1 882
1 2492
1 40
2 2746
2 3393
1 3131
1 235
1 1905
2 1393
2 957
2 2150
2 1738
2 2800
1 2712
1 1267
1 3534
1 2057
2 2784
1 2714
1 1431
1 865
2 2182
2 729
1 3155
1 3061
1 2849
1 444
2 993
2 3307
1 1920
2 1401
1 2845
2 1648
2 1832
1 473
1 3053
2 77
1 3178
1 917
1 30
1 983
1 994
2 469
1 701
2 828
2 2357
2 2611
1 403
1 2842
2 1265
1 3209
2 899
2 3310
2 356
1 1923
1 15
2 3357
1 2475
1 1622
1 159
2 2540
2 2009
1 3392
1 150
2 2014
2 1443
2 2220
2 2979
1 1501
2 687
1 492
1 741
2 2303
1 3105
1 2084
1 1975
1 2024
2 594
2 844
2 1898
2 265
1 14
1 2106
2 133
2 1951
1 488
2 2800
1 1695
1 995
1 1699
2 1714
1 2311
1 266
1 705
1 2423
2 2865
1 350
1 193
1 112
1 843
2 2289
2 536
1 2836
2 722
2 1036
1 1156
1 1507
2 2126
1 1822
1 1309
2 2327
2 1236
1 27
1 1077
1 1386
1 3465
1 2340
2 756
2 2569
2 322
2 1103
1 24
1 1592
1 1346
2 1988
2 1930
2 742
2 2482
1 3268
2 3085
2 2625
1 1094
2 1032
2 2153
1 214
1 2315
1 966
1 1366
1 2117
2 1282
2 1936
1 585
2 2470
1 1810
2 339
2 1092
2 2045
2 900
1 260
2 1925
1 2455
2 300
1 2016
2 314
1 1152
1 2342
2 3477
1 3176
1 2432
1 2825
1 3284
1 1443
2 1102
2 2296
1 2982
2 2861
1 2697
2 1135
1 2216
2 1732
1 1746
2 746
2 713
1 2512
1 3327
2 790
1 1424
2 1915
2 62
1 2961
2 770
1 1304
2 1417
2 814
1 1772
2 2291
2 3496
2 3194
2 2361
2 3181
1 2419
1 1446
2 1786
2 2634
1 626
2 1768
2 3491
2 449
1 546
2 3035
1 3456
1 2374
1 737
2 565
1 1294
2 1767
1 804
1 1381
1 766
1 3018
1 3221
1 3371
1 3444
1 622
1 654
1 1425
2 1651
1 2659
2 2343
2 727
1 1469
2 1493
1 1057
2 3397
2 1291
2 1433
1 759
1 2178
1 2201
2 3498
1 87
2 517
2 2101
2 3385
1 3045
2 99
2 1876
1 1440
2 367
1 1009
1 2316
2 1514
2 1799
1 286
2 513
2 520
1 1477
2 153
2 858
1 1503
1 47
1 2806
1 354
1 2660
2 42
2 3438
1 1007
2 1421
2 1085
1 1126
1 1761
2 3182
1 3267
2 242
1 2309
1 2817
1 3457
1 1274
1 1428
2 1105
1 2790
1 3202
1 2422
2 2462
2 827
2 349
2 588
2 1949
1 1395
2 1706
1 3484
2 1264
1 2280
2 1795
1 1516
1 1303
1 2082
2 2139
1 518
1 2565
2 1700
2 3123
2 116
1 683
2 690
1 1842
2 183
1 1301
1 1531
1 1852
1 590
2 1823
2 1902
1 1525
2 2319
1 1412
2 3050
2 2484
2 2844
1 1764
1 1710
2 3517
1 1888
1 1225
1 3066
2 1112
2 1853
2 1241
1 1042
1 3417
2 1913
2 2151
1 945
2 3250
2 1945
2 909
2 3004
2 3237
1 405
2 1396
2 1148
1 1833
2 1012
1 1176
1 1937
2 632
2 230
1 3421
2 126
2 3084
1 1902
2 1575
1 2415
1 196
1 3016
1 2092
1 1439
2 3523
1 2909
2 3060
1 720
2 1610
1 716
2 472
2 3408
2 2974
1 2227
2 1171
2 1489
1 2724
1 1631
1 2590
1 3531
2 1480
1 3114
1 389
2 196
1 3175
2 3306
1 2114
2 3272
2 1575
2 464
2 1627
2 1226
2 114
1 2881
1 1968
1 2719
1 2288
1 3545
1 2964
2 3136
2 1294
2 456
2 3014
2 3094
2 850
2 1337
2 2238
2 2641
1 431
1 873
2 1073
2 309
2 1774
1 1497
1 2282
1 939
2 2397
2 1366
2 1022
1 1796
1 433
2 194
1 1824
1 3453
1 2265
2 3334
1 217
1 1982
2 3396
1 2501
1 884
2 49
2 2256
2 504
1 734
2 1134
2 3122
2 168
2 2085
2 187
1 2465
2 1621
2 3182
1 3069
2 2477
2 791
1 2140
2 2020
2 25
2 887
1 1225
2 410
2 2752
2 1082
2 1375
2 426
2 2005
2 904
1 3352
2 906
1 445
1 3259
1 3489
2 1394
2 1152
1 3157
1 530
2 1519
1 2489
2 1845
2 2337
1 2301
1 2952
2 845
1 105
1 1906
2 2483
2 787
1 418
2 1310
1 578
2 1326
2 3339
2 2880
2 1753
2 763
2 2225
1 893
2 2547
1 1586
1 46
1 1065
1 2585
2 1049
1 362
2 2379
1 3252
2 1834
2 2921
2 1172
2 2244
2 3232
2 1518
2 1040
1 1543
1 2769
2 3225
2 2834
1 1227
2 2976
1 1466
2 710
1 3141
1 157
1 624
1 2972
1 383
2 2561
2 2255
1 2288
2 3215
1 3296
1 648
1 958
1 3403
2 2095
1 3457
2 3078
1 2047
2 685
2 516
1 1066
1 602
2 1147
2 3020
1 1215
1 250
2 719
2 1122
1 3497
2 100
2 2106
2 2933
1 2406
1 2515
2 2275
2 1201
1 1685
2 2073
2 3253
1 1352
2 3262
2 2145
2 1354
1 422
1 1426
2 1145
2 1529
1 3361
1 736
2 2679
1 3216
1 3506
1 1863
1 3332
2 3531
1 3257
2 2929
2 2966
2 2170
2 2684
1 1669
1 1762
2 3538
2 187
2 597
2 859
2 109
2 1511
1 1882
1 1275
2 2577
2 1697
1 555
1 755
1 87
1 603
2 619
1 880
1 3033
1 936
2 2404
2 1199
1 2458
2 1677
2 1693
2 98
1 1954
1 1322
1 3414
2 997
1 299
1 1589
1 263
1 1382
1 2155
2 1339
1 1649
2 902
2 2361
1 1378
2 2291
1 450
2 3013
2 3158
2 1113
1 1863
1 1163
1 521
1 589
2 2804
1 3141
1 744
1 449
1 1012
2 3112
2 1990
2 2597
2 716
2 340
2 390
1 1912
2 2345
1 2072
2 1212
2 1708
2 2680
2 1848
1 1331
2 3252
1 2505
2 3422
1 115
1 1392
1 1127
1 1512
1 3265
2 3512
2 273
2 2550
1 3433
1 2827
1 3000
2 1846
2 2015
1 3382
2 3184
1 3013
2 604
2 2877
1 1227
2 2839
1 120
1 1223
2 399
2 2484
1 1325
1 524
1 17
2 1435
1 86
1 71
1 1478
1 2933
1 1569
2 412
2 2471
2 3125
2 681
2 34
1 718
2 770
2 1611
1 754
1 2312
2 189
2 2988
1 915
1 38
1 655
2 2454
2 2497
1 142
2 1329
1 3450
2 937
2 3030
2 1637
1 281
1 2474
2 1592
1 139
2 3423
1 1040
2 3227
2 2422
2 2625
2 774
1 826
2 3540
1 1427
2 886
2 2349
2 1862
2 393
1 878
2 1921
1 2998
2 919
2 2995
2 2372
2 2400
2 3468
1 379
2 44
2 1995
2 78
2 759
1 732
2 2199
2 2863
2 2261
2 280
2 3199
1 503
2 81
1 484
1 3105
1 154
1 2846
2 3183
2 502
2 2796
1 1787
2 500
1 2031
2 2538
1 2202
1 1362
2 392
1 850
2 2895
1 1063
1 121
2 644
2 1189
2 2613
1 2394
1 2687
2 2355
2 198
2 2469
1 617
1 2750
2 4
2 3353
2 541
2 1050
2 2850
2 2237
1 2305
2 1934
1 2161
2 1892
1 1766
1 465
2 2523
1 2177
2 310
2 3549
1 3226
2 1509
2 3259
1 1002
2 591
1 2930
1 446
1 2576
1 1567
1 3223
1 3206
1 1615
1 1100
1 1360
2 1989
1 3024
2 896
1 34
2 3217
1 3365
2 3399
1 198
2 477
1 2934
1 3046
2 1345
1 2819
1 2136
1 1254
2 2646
1 3149
1 996
1 2141
2 2919
1 1380
2 2396
1 2733
1 2133
1 618
1 2080
1 1384
1 382
1 2138
1 1311
2 2041
2 1400
1 3389
2 1051
2 3233
1 1402
1 910
1 2633
1 419
2 2908
2 3042
2 2788
2 3295
2 1743
1 1086
1 3532
1 257
1 1821
1 175
2 3031
2 706
1 720
2 245
1 758
2 421
2 2921
2 987
1 3281
1 2566
1 2174
1 360
1 3345
1 1662
2 551
1 3321
1 2459
2 279
2 1311
2 373
2 3451
1 923
1 616
2 2777
1 1327
1 102
1 1790
1 742
1 3161
1 1959
1 1731
2 2586
1 2193
1 1030
2 2804
2 957
1 892
1 1736
2 377
1 1560
1 1805
2 1067
2 2407
1 2371
1 968
1 550
1 740
2 423
2 2756
2 2405
2 10
1 2536
1 3079
1 1948
1 451
2 2285
2 2451
2 1070
2 532
1 322
1 547
2 1667
2 2136
2 862
2 1307
1 1794
1 522
1 1956
2 1186
1 3415
1 213
2 110
1 2913
1 2731
1 1742
2 217
2 1733
2 807
1 1472
1 1940
2 54
1 1449
2 2591
1 99
2 1638
2 2389
1 1889
2 3319
2 1893
2 3548
2 2655
2 877
2 933
2 1231
2 2158
2 3316
1 2729
1 312
2 1594
2 922
2 1939
1 2416
1 3015
2 673
2 832
1 972
1 3268
2 951
1 2681
2 2719
2 2783
1 2976
1 2707
2 2662
1 3401
2 3248
2 439
2 537
2 1496
1 624
1 1848
2 233
2 76
2 2083
1 1215
1 1257
1 880
1 1807
2 3421
1 3405
2 582
1 2672
2 209
2 1167
1 1146
2 2519
2 320
1 2431
2 2637
1 3103
2 2102
2 1946
1 1399
1 488
1 3447
2 1394
2 2168
2 2473
1 1459
1 1518
2 306
2 3364
1 1537
1 2594
2 1144
1 3087
2 2481
2 1639
1 2421
2 20
2 845
1 428
1 3127
1 2283
1 64
2 1739
2 2203
2 890
2 221
1 1305
2 588
2 2436
1 2803
2 2342
2 3322
1 3024
2 1693
1 1329
2 348
1 1862
2 3400
1 164
1 3508
1 1289
1 2025
1 2999
2 210
1 2867
2 2398
1 709
2 755
1 531
2 3057
1 193
2 59
1 959
1 445
2 1387
1 3347
2 2290
2 2107
2 1706
2 749
2 1801
1 3384
1 2748
2 3086
2 3429
2 3283
1 2690
1 200
1 2500
2 2728
2 3481
1 1872
2 3048
2 2890
2 2078
1 2119
1 3305
2 1537
2 1633
1 1838
1 2423
1 1792
2 2223
2 3109
2 1306
1 2079
2 2382
2 259
2 1048
2 1642
1 130
1 971
2 1719
1 927
2 769
2 2914
2 408
2 3444
1 3019
2 3337
2 391
1 1199
1 3282
1 1641
2 1363
2 323
1 2945
1 1351
1 531
1 1039
2 559
2 2323
1 2904
1 3336
1 2937
1 192
1 958
1 1486
2 650
2 1853
1 1411
2 96
2 592
2 2874
2 3245
1 2821
2 3163
1 864
2 540
1 2189
2 2720
2 2962
1 519
2 3193
1 2696
1 2799
2 1068
1 3256
1 25
2 3102
1 2924
2 738
2 631
1 652
1 28
1 1748
1 1277
2 37
2 3437
1 723
1 2852
1 1261
1 1614
2 1942
2 172
2 1165
1 311
2 2604
1 3219
2 694
2 2354
2 669
1 1398
2 2746
1 943
1 2939
2 2059
2 831
2 76
1 509
1 1451
1 450
1 2061
1 859
2 3507
1 1447
2 2091
1 85
1 1652
1 1290
2 2087
1 288
1 1698
1 977
2 1075
1 898
2 2041
2 1204
2 3191
1 3111
2 951
2 920
1 2865
2 2963
1 2161
2 1117
1 2463
1 52
2 1018
1 2104
2 2504
2 1392
2 1674
1 2979
2 2563
2 2073
2 2573
1 2588
2 1400
1 2252
2 1463
2 841
2 2264
2 1146
2 3110
1 2785
2 2502
2 2263
2 2371
1 2726
2 222
2 285
2 1056
1 2165
1 1602
1 913
2 3093
1 1247
1 1538
2 277
1 1531
1 3229
2 1285
2 429
1 3458
1 1634
2 2653
1 359
1 2510
2 2232
2 93
1 492
1 2732
2 1250
2 623
1 2517
1 2789
1 2273
2 2541
1 3077
1 3160
2 89
2 1506
1 1409
1 3173
2 2225
2 2164
2 2743
2 2651
2 3115
2 547
2 2533
2 2005
2 2219
2 486
1 2334
2 337
1 245
2 2717
2 288
1 3527
1 908
1 905
2 1296
1 876
1 1550
2 870
1 653
1 3369
1 3292
1 3412
1 2246
1 2661
2 1136
1 1634
1 1068
2 1479
2 2434
2 1887
1 3501
1 695
1 318
1 364
1 3541
1 1169
2 1340
1 2816
1 796
2 1757
1 402
2 1035
1 3375
2 3368
2 3331
2 887
1 481
1 3098
1 618
2 2294
1 1110
2 1194
2 1183
1 138
2 2263
1 2819
2 1319
2 1419
1 1751
2 1707
2 1582
2 620
1 2023
2 2035
2 1484
1 3510
2 3037
1 1252
1 362
1 1795
1 1490
1 709
2 3429
1 2125
1 2250
2 3067
2 1063
2 558
1 3381
2 3073
2 1585
2 358
2 862
1 1536
1 972
2 1777
2 2467
1 1741
2 1025
2 1975
1 802
2 2196
1 822
1 1451
2 3139
1 3167
1 576
2 3258
2 3110
1 2965
2 457
1 1629
2 395
2 2383
2 2585
1 2270
2 443
2 282
1 3183
1 2620
2 2948
2 830
1 3075
1 1668
2 838
1 605
1 3443
1 1562
2 643
1 1534
2 3460
2 2621
1 2586
2 2043
2 3479
2 861
2 3040
2 2542
2 66
1 92
1 1820
1 1371
1 1096
2 1798
1 1650
2 262
2 2051
1 396
1 1482
1 689
1 480
2 1043
2 1132
2 2881
2 3545
1 1962
1 2743
2 1331
1 672
2 645
1 2669
1 2682
2 706
1 2212
1 1861
1 3519
2 1308
1 2367
1 1823
1 2233
1 650
2 2217
2 2360
2 2847
2 2673
1 393
2 3218
2 1143
2 157
1 3402
1 1830
2 979
1 1144
2 1997
1 847
1 1021
2 341
2 226
1 58
1 2851
2 1245
2 3234
2 2485
2 2426
2 2029
1 1079
2 424
1 2742
2 1469
2 1047
2 1747
2 3328
2 1742
1 2197
2 2896
1 1756
2 2062
1 2777
1 2699
1 2943
1 273
1 2452
2 3228
2 2794
2 2050
1 2374
2 3123
2 1017
2 3369
1 212
2 1897
2 3432
1 2546
1 3258
2 3486
1 369
1 3310
2 3538
1 2520
2 1783
2 1276
1 1769
1 1615
2 3270
2 2170
2 1243
1 51
1 269
2 2859
1 3266
1 398
1 309
1 2875
2 1906
1 2067
2 863
2 1752
1 1244
2 2144
1 209
1 583
1 326
2 1679
2 2516
2 2649
2 225
2 1286
2 1740
1 315
2 3415
1 842
1 1476
2 1608
2 3339
1 1072
2 279
1 2258
1 805
1 962
2 2583
1 2814
1 725
1 1000
2 3294
2 955
1 1623
1 2956
1 2281
1 2018
2 2326
1 1550
1 404
2 402
2 194
1 1491
2 1148
2 942
1 1773
1 2434
2 574
2 174
1 1953
1 2620
1 499
2 3367
1 2708
1 2000
2 2210
1 2442
2 406
1 342
2 1381
2 3076
1 3217
2 2812
2 3300
2 819
1 1231
2 965
2 2826
1 1399
1 2797
2 2063
1 2498
2 834
2 1342
1 197
2 1871
1 2416
1 575
2 2279
1 2668
2 2571
1 1680
1 1268
2 2237
2 3513
2 3244
2 398
2 3267
2 3470
2 641
2 394
1 570
2 3039
1 426
2 2674
1 2127
2 147
2 1193
2 2630
2 1780
2 1866
1 313
2 3474
1 500
2 3117
2 3550
2 1457
2 2388
2 2703
2 2868
2 1220
1 2418
2 2186
1 1125
2 2159
2 3389
2 1608
1 3272
1 78
1 2983
2 1048
2 1970
2 1691
1 2044
2 2302
1 2259
2 1022
2 960
1 2508
2 2837
1 42
2 3170
2 3379
2 1124
2 696
2 1267
1 1860
2 1865
2 1044
2 2314
2 752
1 1198
2 3060
1 2811
2 590
1 814
2 1379
1 1511
2 2884
1 510
1 2151
2 16
1 3047
2 1785
2 3405
2 728
1 1523
1 2050
2 14
2 2775
2 128
1 740
1 1342
1 1542
1 1027
2 1277
1 1115
2 37
2 1719
2 1830
2 2062
1 1745
2 1234
2 612
1 1141
2 2639
1 2723
1 200
1 600
2 2981
1 1041
1 144
1 2362
2 3349
2 249
2 881
2 562
2 3315
2 3426
2 1945
2 1407
1 2628
2 2496
2 2345
2 241
2 2616
2 1552
2 2847
1 1771
1 175
2 3112
2 849
2 2487
1 2696
2 2678
2 1875
2 1678
2 568
2 813
1 117
2 2713
1 1769
1 2853
1 2856
1 2048
2 2118
1 1898
1 942
2 347
2 2281
1 285
2 929
2 1549
2 1686
2 3128
2 266
2 2530
1 3188
2 441
1 1544
1 1516
2 1161
2 2805
2 3082
2 2051
1 2115
1 2993
2 2415
2 3362
1 2418
1 1099
1 2206
2 2022
1 2599
2 2781
1 1237
1 454
2 2464
1 2540
2 158
2 1474
1 1224
2 2257
1 2691
1 509
1 413
2 69
2 1263
1 788
1 1836
1 3392
2 2689
2 3099
2 2258
1 2078
2 2642
2 1071
1 3133
2 824
1 2470
2 918
1 870
2 1115
1 2235
2 2744
1 70
2 628
1 835
2 3463
1 1521
1 1071
2 430
1 2038
1 2350
1 800
2 2112
1 2973
1 2518
2 700
2 2908
2 1019
1 3038
2 3033
1 3487
1 1568
2 3158
2 1454
1 621
2 2521
1 1495
1 2206
2 3496
2 3002
1 3011
2 2495
1 2728
1 907
1 293
2 3151
1 482
1 1689
1 2601
1 2240
2 2107
2 1947
1 1031
1 156
1 3235
1 3400
1 3022
2 3072
2 774
2 1900
1 1992
2 797
2 3143
2 763
2 2869
1 2333
1 486
2 3201
1 1505
1 1789
1 2667
2 1446
2 1856
1 2473
2 528
2 2476
1 989
2 2086
2 3490
2 931
2 2567
1 2651
1 1221
2 1660
1 489
1 3251
1 2039
2 2210
1 587
1 2899
1 2896
1 388
2 208
2 2081
1 589
1 2770
1 3519
2 3011
2 764
2 145
1 3541
1 1372
2 2348
2 884
2 2179
1 1806
1 2457
1 2036
2 3088
1 2798
1 302
2 2990
1 2006
1 2147
2 2255
2 1648
1 3461
1 1053
1 3447
1 2437
1 169
1 2526
1 699
2 2429
1 1171
2 2217
1 847
2 3284
1 1460
2 1404
2 1889
2 3456
1 1060
2 1770
2 2997
2 2803
1 2480
2 1532
1 1341
2 674
1 1583
2 1094
1 2478
1 801
1 1192
1 3376
2 1212
2 2994
1 2812
2 1505
2 518
1 1744
1 2907
1 255
2 2230
1 1318
1 3116
2 215
1 2197
1 3287
2 11
2 3275
2 1851
1 278
1 2851
1 1210
1 3194
2 3343
2 498
2 1586
1 1887
2 1452
2 948
2 926
2 1813
2 254
1 785
1 548
2 1855
1 465
2 363
2 337
2 109
2 1812
1 828
1 246
1 2389
2 104
2 23
1 2562
1 2074
1 2904
2 1229
1 3118
2 2678
1 1815
1 112
2 2403
2 1461
2 3442
2 1976
2 3100
1 2790
1 2948
2 3276
2 2200
1 2426
1 2632
1 894
2 2123
2 2512
2 480
1 74
1 1334
2 983
1 495
2 3514
2 3204
1 2494
1 3494
1 3419
2 2782
1 2824
1 2359
2 496
1 1709
2 305
1 171
1 3368
2 1793
1 2093
1 1529
1 1016
1 8
2 120
2 252
2 779
1 2010
2 1521
2 529
1 2192
2 2352
2 3290
1 1184
1 1662
2 2809
1 1613
1 3175
2 1258
2 1216
1 460
2 3363
1 3396
1 1280
2 1672
2 1442
2 1928
1 2936
1 1492
1 1016
2 1982
2 2267
2 2895
1 1314
2 1930
2 1
2 2644
2 2218
2 2910
1 1580
1 18
1 781
1 2965
2 137
1 2233
2 401
1 1630
1 2254
1 2184
1 691
1 3484
1 2626
1 2954
2 3051
2 2702
2 3030
1 1884
2 744
1 2984
2 3304
2 3459
1 160
2 778
2 1240
1 1798
2 243
1 3237
1 575
1 708
2 1705
2 2428
1 295
2 1618
2 1260
1 2075
1 3263
1 3490
2 1003
2 2556
1 467
1 2323
1 3169
1 3388
2 2902
1 885
2 3001
2 2486
2 1083
2 298
1 561
1 1827
1 229
2 1857
2 7
2 823
2 1434
1 2042
1 1359
2 773
2 1362
2 3499
1 1050
1 3486
2 2878
2 1413
1 1109
1 307
2 2945
2 424
1 403
1 2208
1 1224
2 1070
1 3331
2 819
1 95
2 2912
1 2704
1 761
1 2613
2 3186
1 2130
1 3080
1 1901
2 1158
1 3151
1 1325
2 2003
2 1338
2 164
1 3108
2 950
1 1242
2 1591
1 3537
1 627
2 238
1 1355
2 1363
1 1630
2 2076
2 743
2 383
2 2099
2 2944
1 1501
1 2388
2 948
2 3313
2 275
2 572
2 563
2 1660
2 2551
1 603
1 724
2 2146
1 1619
1 1376
2 917
2 3534
2 1407
2 593
1 1134
2 412
2 695
2 1249
1 1778
1 2171
1 98
1 1921
1 453
1 2899
2 1590
2 2791
2 282
1 2944
2 447
2 3265
2 2636
2 1870
2 1688
1 3341
1 529
2 3031
1 2680
1 2277
1 3067
1 3509
2 668
2 3035
2 1415
1 1859
2 331
1 1696
1 1427
2 2624
2 305
1 2901
2 470
1 540
1 2968
2 3127
2 914
2 2435
1 2068
2 1118
2 2630
2 613
1 708
1 270
1 1093
1 1704
1 967
1 2858
2 1454
2 1236
2 267
2 142
1 3322
1 2978
2 1923
1 2640
1 844
1 3016
1 2298
2 1962
1 2014
1 997
1 1899
2 2808
2 1373
1 679
1 360
1 2195
1 3473
2 580
2 267
2 2688
2 2209
1 2665
1 2589
1 210
1 568
1 1694
1 136
2 3065
1 1835
1 3026
2 1694
2 875
1 3505
2 623
1 385
2 3001
2 2891
1 2010
1 2056
1 3475
1 533
1 2912
1 3168
2 1377
2 1859
1 408
1 606
2 2365
2 2157
1 2561
2 3138
1 2660
2 627
2 1262
2 1436
2 2889
1 108
1 392
2 3055
1 469
2 2832
2 1421
2 1104
1 3002
2 182
1 3047
2 468
2 1691
2 3535
2 1565
2 2175
2 2451
1 856
1 2113
1 2461
1 2854
2 945
2 276
2 3450
1 221
2 2401
1 639
2 2114
1 3518
1 566
1 3163
2 2941
1 2204
1 2755
2 1663
2 2959
1 929
1 2568
1 2508
2 2810
2 319
1 1880
1 1949
2 3064
1 2991
1 491
2 432
1 879
1 170
2 2627
1 414
2 999
2 289
1 675
1 2560
1 741
2 1163
2 3228
2 3299
1 1977
2 3516
1 1370
2 2835
2 359
1 168
2 1932
2 2019
2 2213
1 2527
2 2934
2 3242
2 927
2 3190
1 2169
1 38
1 2093
1 1036
1 330
2 1483
1 3008
2 1839
2 74
2 833
2 1106
2 3188
2 1760
2 3179
1 2188
1 2823
2 1034
2 183
2 1460
1 2338
1 2403
2 2971
2 1395
2 2750
2 1595
2 3186
2 1437
2 3072
1 3482
2 1557
1 3391
1 1038
1 3314
1 179
1 1095
2 3156
2 2744
1 3249
1 2445
2 2244
1 335
1 3303
2 2576
1 476
1 1178
2 1711
2 839
1 438
2 1398
1 2675
1 1024
2 1644
1 2854
2 600
1 2022
2 2111
1 82
2 1235
2 995
2 2277
1 1787
2 608
1 2929
2 3308
2 320
2 1876
2 2888
2 3458
2 46
2 809
1 2021
1 2652
2 1129
1 2924
2 2359
1 3222
1 1445
2 67
1 2013
2 2795
2 1603
2 70
1 2754
1 3200
2 3124
2 1689
1 1756
1 1304
1 2385
1 1355
2 1298
2 2320
1 224
2 1578
2 1776
2 2096
2 396
1 2239
1 1931
1 659
2 1120
2 467
1 963
2 3238
1 3452
1 2324
2 1624
2 2572
2 2046
2 1845
2 896
2 954
2 2246
1 2124
1 406
1 290
2 2987
2 2214
2 3156
1 3273
2 2490
2 373
2 790
2 3522
1 29
1 2753
2 3262
2 60
2 508
2 127
1 783
1 3338
1 497
1 1424
2 3091
1 201
2 2775
1 2297
2 2028
1 84
2 2829
1 2408
2 1191
2 1671
2 1607
1 3374
1 286
2 3411
2 1396
1 2597
2 3297
1 3296
2 201
1 1413
1 507
2 1914
1 389
1 1786
1 909
2 615
2 1279
2 2716
2 1578
2 729
2 2344
1 2756
2 3544
1 976
1 278
1 775
1 3003
1 1690
1 950
1 670
2 376
1 3277
1 2659
1 577
1 2234
1 1528
2 1315
2 626
2 1473
2 1809
2 3359
1 1764
2 2433
2 111
1 284
1 506
1 1032
1 721
2 1257
1 455
2 2428
1 3348
1 586
1 2377
2 1198
1 1385
1 1891
1 3386
2 1832
2 1940
1 1616
1 2402
1 1284
2 2880
2 1064
2 1858
2 991
2 2683
1 57
2 2661
1 1890
1 710
1 3394
2 1869
2 2869
1 397
2 2872
2 1109
2 2194
1 3360
2 2943
1 2633
2 484
2 2458
2 2358
2 3109
1 238
1 3225
1 447
1 1202
2 2219
1 1187
2 2278
2 1760
2 2533
1 2552
2 852
2 3476
2 810
1 856
2 2086
1 214
2 1661
2 2011
1 3530
2 2610
1 2562
1 849
2 3116
1 730
2 1183
1 77
1 753
2 777
2 940
1 1942
1 1926
1 476
1 2907
2 2507
2 2807
1 1237
2 1465
1 2362
2 2039
2 3547
2 261
1 3122
1 715
1 1411
2 815
1 420
1 2951
1 2413
2 2141
2 2615
2 2329
2 2767
2 3015
1 2462
2 1352
2 2478
1 169
1 2923
1 1885
2 939
2 2279
1 1771
1 3336
2 2055
1 1824
1 3292
2 441
1 1751
1 3189
1 2332
1 1214
1 3196
2 2992
2 864
1 2600
2 2571
1 1158
1 2884
2 2467
2 981
1 32
1 792
1 2936
1 1510
1 992
1 3478
1 1059
2 1223
2 454
2 2786
1 2307
1 617
2 671
1 1074
2 26
1 1074
2 2312
1 583
2 3488
1 190
2 2483
2 104
1 474
2 675
1 1836
1 385
1 2399
1 2466
1 515
1 3305
1 1200
1 556
2 1211
1 1561
2 172
1 2727
2 2373
2 1502
1 1543
1 2172
2 512
2 1506
1 2002
2 2513
2 1640
1 1307
1 1779
1 1453
1 379
2 372
2 3029
2 43
1 544
2 1487
1 2959
2 2593
1 2754
1 1260
2 3211
1 2520
2 1601
1 2724
1 785
1 1955
1 459
1 799
1 1633
2 1790
1 61
1 1579
1 1733
2 2209
2 2916
2 1979
1 2997
1 1701
1 2322
2 3166
2 2993
1 1056
1 1111
1 464
2 610
1 2570
2 1978
1 1062
2 3280
1 19
1 386
1 712
2 1350
1 3312
2 2985
2 2052
1 1441
2 2928
1 1995
2 978
1 1513
1 2040
2 2843
2 353
2 813
1 1699
1 2836
2 1540
1 3203
2 3133
2 1065
2 2300
1 185
1 3281
1 3081
2 2693
2 2584
1 1005
1 2757
2 964
2 946
2 3220
1 12
1 3140
2 682
1 1296
2 2347
1 180
2 255
2 35
2 3218
1 1338
2 851
2 1190
1 3214
1 703
1 90
2 1145
1 1240
2 1286
1 355
1 422
2 512
2 3176
1 2392
1 1519
1 1919
2 3413
1 1137
2 2399
2 3106
2 380
2 1938
1 2608
1 3129
2 3039
1 146
2 2474
2 397
2 505
2 2194
2 1209
1 2618
2 2629
2 3164
2 67
1 1714
1 1102
1 2873
2 791
1 2928
1 1700
2 2536
2 1086
1 3279
2 905
1 3076
2 2274
1 79
1 1841
2 2751
2 854
2 739
2 831
1 2538
1 1682
2 2919
1 3446
1 420
1 1667
2 292
2 1558
2 3012
2 1217
2 1994
1 2813
2 3542
1 101
1 1896
2 3363
2 750
1 189
2 2289
2 2596
2 2060
1 1210
2 3546
1 1287
1 1894
2 1155
2 1160
2 1303
1 1534
2 2643
1 460
1 2367
1 3154
1 1774
2 1713
1 2802
2 3285
2 584
2 836
1 1273
2 124
2 3117
2 1813
2 2626
1 91
2 3097
2 3418
2 2845
2 251
2 2937
2 3475
1 1602
1 1302
1 1802
2 2306
1 3526
1 3454
1 937
2 2203
1 287
1 1535
1 1268
1 1801
1 2703
1 1178
2 3453
2 1439
2 1059
2 2966
1 780
2 2717
1 2344
1 2584
1 240
2 3360
1 3493
2 679
2 158
1 1193
1 888
2 3201
1 2539
2 30
2 2766
2 462
2 3316
2 1313
1 898
2 3187
2 1149
1 2491
2 2606
2 3066
2 2677
2 1500
2 2094
2 1964
2 2138
1 3162
1 528
2 926
2 2469
2 685
2 2611
2 1214
1 923
1 205
2 2601
1 2885
1 1349
2 3021
2 1197
2 1556
2 1587
1 1880
1 2450
2 2716
1 549
1 1988
1 858
1 63
2 1606
2 2378
2 2047
1 2607
1 2700
1 3340
2 2726
1 1779
1 2387
2 3159
1 3096
2 1374
1 2173
1 1332
2 1737
2 1750
2 80
1 1526
1 3529
2 435
2 1627
2 2032
2 539
1 1173
1 2695
1 2587
2 2528
1 2689
1 1559
1 901
1 3048
1 1278
2 1107
2 3274
1 2040
2 1162
2 1003
2 2486
1 1796
1 2464
1 852
2 579
1 1867
1 1383
1 340
1 1826
1 270
1 256
2 1372
1 1934
2 2228
2 3012
1 762
1 2234
1 2608
2 3009
2 3522
2 1944
1 6
2 1504
1 2514
1 2915
2 577
2 3059
1 3500
1 3517
2 84
2 3195
1 1998
2 2058
1 1368
2 2382
1 1008
1 2964
1 2702
1 2817
1 723
2 186
2 2
2 1886
1 2175
1 629
2 3098
2 2335
1 2466
1 771
1 1635
1 2398
2 557
1 1574
1 1343
1 3074
1 2958
2 3104
2 1698
1 3464
1 816
1 167
1 3007
2 97
1 3479
2 2765
2 96
1 747
2 2439
2 1106
1 574
1 2069
1 334
2 921
1 2121
2 800
2 459
1 227
2 3482
1 2968
2 2956
2 3248
1 2999
1 2149
2 59
1 3340
1 523
1 45
2 647
2 1809
2 1488
2 1702
2 365
2 2794
2 411
2 3049
2 2516
2 1588
1 2109
2 2807
2 501
2 1410
2 3329
2 2764
1 1584
2 772
2 2111
2 1883
1 2864
2 1153
1 3343
1 2614
2 1604
2 1589
1 304
1 345
1 3512
1 635
1 1111
2 2527
2 1474
2 1167
1 1356
1 311
1 2328
2 731
1 991
1 2733
2 798
1 808
2 698
2 2140
2 2448
2 1133
2 3057
2 425
1 1007
1 1632
1 508
1 1337
2 2799
2 1317
2 140
1 2449
1 1281
2 2278
1 1981
2 1744
2 2639
2 3191
2 1539
1 678
1 881
1 2330
1 2461
1 2544
1 2595
1 3409
1 1320
1 1038
1 2889
1 1958
1 94
1 2906
1 3143
2 2390
1 1150
2 2755
2 3471
2 1881
1 2574
2 1524
2 2568
2 317
2 1894
1 2911
2 903
2 781
1 3009
1 1093
1 1636
1 2060
2 1788
1 1746
1 1335
2 2614
1 3503
1 1389
1 2048
1 208
2 2421
2 3345
1 3401
1 2102
2 1061
2 327
1 2816
2 1849
2 883
2 2207
1 2669
1 3375
2 2736
1 308
1 2144
2 743
1 495
1 1414
2 3207
2 1723
2 2505
1 1343
1 252
2 990
2 1967
1 244
1 3300
1 3476
1 2792
2 143
2 3459
2 1449
2 2692
1 1749
1 842
1 3102
1 1069
2 230
2 1950
1 803
1 576
1 3376
1 3540
1 1656
1 1229
1 980
1 735
2 294
1 3107
1 2711
1 2589
2 2083
2 2424
1 2898
2 1522
2 1121
2 2030
1 428
1 1765
2 1817
2 3092
2 363
1 1961
2 1918
1 2375
1 3080
2 3420
2 3263
1 911
2 1280
2 39
2 2242
2 747
2 671
1 1635
2 833
1 493
1 1825
1 1173
2 2953
2 3288
2 494
2 11
2 602
1 3530
1 2581
2 1291
2 581
1 2236
1 901
2 2662
1 2105
1 2153
1 489
2 1903
1 1387
2 152
1 760
2 3130
1 1128
2 51
2 452
1 3412
1 315
1 3131
2 3026
2 3372
2 1668
1 1837
2 1319
1 1709
2 2734
2 1481
1 228
1 1919
1 506
2 114
1 2143
2 873
2 672
2 475
1 2875
2 417
2 2842
2 1616
1 956
2 3101
1 332
1 3142
2 3333
2 848
1 1520
1 1484
1 2242
2 573
2 2672
1 3327
2 792
1 733
1 2604
2 888
2 166
1 1553
1 2623
1 1354
2 437
1 837
2 1508
1 897
1 1248
1 2732
1 808
1 2575
1 868
2 249
1 1098
1 1150
1 3254
2 821
1 2737
2 352
1 2994
1 2339
2 1754
1 1238
2 6
2 693
2 1119
1 1663
2 2134
2 633
2 1298
2 1376
1 1453
2 648
2 3542
2 123
2 3383
2 1026
2 1687
2 2284
2 248
2 2551
1 1767
2 137
1 932
2 3428
2 264
1 526
2 1348
2 890
1 2429
2 1972
2 625
2 3346
2 2369
2 3251
1 2145
2 955
1 2759
1 3441
2 2652
1 1358
2 1140
2 1491
1 1385
2 1471
2 1408
2 336
1 1596
2 2414
1 2772
1 3233
1 2195
1 1154
1 2946
2 2783
1 181
2 2509
1 2067
1 776
1 2687
2 487
2 1114
2 644
2 1677
1 3091
2 384
2 2840
2 3291
1 1057
1 1571
2 2855
1 3113
1 996
2 3402
2 1090
1 1883
2 1846
2 707
2 461
1 3466
2 2635
2 571
2 1861
1 1747
1 2066
1 2679
2 2084
1 719
1 1673
1 1959
1 1665
2 1657
1 1941
2 1140
1 2310
2 2363
2 1948
1 1642
1 2932
1 1903
1 542
2 2700
1 1416
2 543
1 170
1 580
2 2064
1 2008
1 2738
1 2987
2 1517
2 2844
1 3335
2 3079
2 15
1 2172
1 2412
1 2675
1 1157
1 1470
2 3309
2 300
2 765
2 1142
2 2725
2 2947
1 3431
1 498
1 1763
1 79
2 960
2 3357
2 1717
2 354
2 1645
2 1206
1 176
1 1382
1 756
2 188
2 1230
1 1697
1 1217
1 619
2 1456
2 128
1 1877
1 838
1 105
2 676
2 1064
1 2341
2 1983
1 1275
1 376
2 647
2 662
2 1468
2 3380
2 2301
1 1081
1 1638
1 3244
2 283
2 3471
1 2882
1 3146
1 1563
1 2369
2 3271
2 471
2 1473
2 2916
2 2066
1 3440
1 793
2 3472
1 2459
1 1447
1 982
2 2134
2 2555
2 1463
2 3193
1 2353
1 1533
1 458
2 1737
1 2897
2 1322
1 3211
2 914
2 228
1 1605
1 1878
1 404
2 2873
1 3492
2 1013
1 1971
2 2522
2 717
2 1860
1 3318
2 1895
2 1992
1 287
2 2935
2 1232
2 2498
2 562
1 2841
2 1023
2 767
2 1954
1 2353
1 3136
2 2127
1 882
1 144
2 664
2 1228
1 2534
2 2139
1 2386
1 1678
1 1166
2 1390
2 1107
1 1405
1 1369
1 135
2 2024
2 1628
2 1551
1 1524
2 1552
1 1812
2 2245
1 1482
1 952
1 271
1 1604
1 3198
2 3021
1 3161
1 1234
1 470
2 1990
2 673
2 1188
1 2722
1 2738
1 276
2 375
2 975
2 2290
2 1078
2 2202
2 2715
2 3164
1 3279
2 419
2 2820
1 1782
2 496
1 2821
1 1938
1 1966
2 3521
2 2304
2 818
2 2103
1 348
1 560
2 1262
1 1970
1 2676
1 3257
1 3302
1 734
2 2621
2 1548
2 3426
1 95
1 3463
1 2581
2 3061
2 1049
2 1716
2 728
2 688
1 1297
1 2564
1 3101
2 2751
1 2442
2 232
2 3483
2 2658
1 1947
1 3472
1 2414
1 1715
1 677
1 2001
1 978
2 3185
2 733
2 242
1 2615
1 3173
1 1620
1 2221
2 3510
1 1797
1 155
2 1977
2 387
1 2245
1 851
1 1647
1 64
1 751
2 2137
2 2332
1 1548
2 1042
2 3082
2 2180
1 1625
2 811
2 3238
2 2519
1 2663
2 1852
2 3068
1 3411
2 1673
2 726
1 2309
2 1915
1 1679
1 1984
2 274
2 1587
2 1736
1 687
2 1533
1 2949
2 3246
2 2548
2 1010
1 2430
1 705
1 2271
1 665
1 1143
2 867
2 2163
2 1530
1 1333
2 3153
1 1546
1 2321
1 3014
1 1541
1 855
2 1090
1 2299
1 555
1 3358
2 625
1 584
2 841
2 637
1 75
1 258
2 1364
2 2043
1 2226
1 356
1 2864
2 1028
1 2828
1 2638
1 2437
1 2619
2 1564
2 108
1 3255
1 2801
1 2319
2 3285
1 2385
2 2918
2 2168
2 3103
2 1735
2 3385
1 1047
2 1763
1 253
2 4
2 3264
2 3546
2 550
1 1253
2 1526
1 875
1 642
2 1365
1 2648
2 1734
1 3533
2 2970
2 511
1 3366
2 191
2 448
2 2311
1 2549
1 2419
2 773
2 1139
1 1430
2 2313
1 2563
1 1261
1 2185
2 1996
2 1014
2 1675
1 1629
2 767
1 1054
1 930
1 2558
2 3052
1 2452
2 197
2 1179
2 1996
2 1653
2 1994
1 2587
1 832
2 3344
1 1544
1 1926
1 2159
2 2479
1 493
1 2940
1 274
2 1757
1 2427
1 1228
2 3394
2 2870
1 1188
2 595
1 638
2 1931
1 2425
1 2918
2 3063
1 272
2 2931
2 3326
1 820
1 2074
1 2110
1 2511
2 2839
1 857
2 3261
1 2446
2 3019
2 2517
2 3423
2 3439
1 928
1 61
1 2852
1 457
2 2
1 2892
2 3498
1 3304
1 1079
2 2837
2 1006
2 2554
1 2971
1 2108
2 1131
1 2511
2 556
2 433
1 3536
2 1718
2 1515
1 1422
1 2298
1 2722
1 2390
2 2125
1 2887
1 124
1 931
1 2902
1 2366
1 2033
1 129
1 1879
2 538
1 2706
2 2142
1 3221
1 1981
2 1029
2 2827
1 33
2 2282
1 1831
2 2674
1 1597
1 3352
1 2308
1 2826
2 1842
1 2553
1 1658
1 1336
1 1243
2 1598
2 3470
2 3507
2 2292
1 663
2 1654
1 1983
2 692
1 1306
2 2528
1 2977
1 2787
1 3107
1 1569
1 1910
2 1375
2 1979
1 1058
2 1750
1 3549
1 2667
1 236
2 722
1 1330
2 2853
1 829
1 130
2 1186
1 1080
2 1251
1 2855
1 1683
2 3234
2 3379
2 2694
2 1273
2 3298
2 3034
2 290
1 3420
1 1415
1 1388
1 327
2 3041
2 830
2 1255
2 2657
1 2417
2 1924
1 2495
1 629
2 2305
2 2701
2 797
2 2088
2 159
2 1001
1 1936
1 867
1 207
2 1960
1 1598
1 735
1 2396
2 1502
2 216
1 1001
1 2779
1 1441
1 2685
2 902
1 2664
1 3052
2 1745
2 535
2 2341
1 2811
2 2110
2 2757
2 585
1 2710
1 1851
2 152
1 3271
1 946
1 1935
1 2947
2 1601
2 2658
1 2656
2 2600
2 299
1 1379
2 3435
2 2356
1 1098
2 2828
1 795
2 178
1 646
2 2167
1 213
1 2109
1 2771
2 2866
2 1874
2 186
1 195
1 3306
1 1492
2 239
1 1485
2 3430
2 434
2 1207
1 1425
2 3223
1 1402
2 2409
2 1557
1 2346
2 3536
1 136
1 117
1 1685
1 2297
2 2300
1 1299
1 129
1 296
2 1445
1 2862
2 1758
1 2927
2 680
1 2444
2 2774
1 1029
2 3324
2 416
2 2684
1 165
1 1581
2 479
2 2411
1 1182
1 1555
1 374
1 1246
1 1282
2 3395
1 2215
2 3293
1 173
2 56
2 3240
2 3487
2 1205
2 2370
2 324
1 2270
2 2162
2 149
2 757
2 1493
2 3289
2 1815
2 895
1 2850
2 2745
2 1925
2 3165
2 1873
1 891
2 1676
1 56
2 645
1 974
1 3332
2 68
1 3231
2 372
2 3468
1 291
1 338
2 2566
1 3054
2 1965
2 1180
1 1701
1 3344
2 1528
2 2334
2 3330
2 564
2 1623
2 173
2 2218
2 410
2 597
1 2163
2 3172
1 539
1 3442
1 1087
2 3209
1 2160
1 1843
1 1034
2 1377
2 981
1 2096
1 984
1 2532
2 637
2 2490
2 2897
1 1564
1 640
1 1998
1 2337
2 2254
2 2612
1 2485
2 1017
1 3142
1 2598
2 1778
2 1244
2 1567
1 3150
1 944
1 2207
2 1130
1 799
1 2092
1 1077
2 2793
2 1246
2 2366
1 1761
1 3062
1 2537
2 1292
1 1092
2 304
1 1844
1 1189
2 1386
2 1020
1 3206
2 2160
1 656
2 1952
1 122
1 1759
2 2984
1 2778
1 1724
1 22
2 1807
1 2180
1 2523
1 1520
2 1599
2 2412
1 3134
1 27
2 156
1 1438
2 1595
1 1826
2 3006
1 1197
1 1643
2 1170
2 2739
2 2596
2 3455
2 2317
2 2885
2 366
1 2730
1 3032
2 2304
2 855
2 1161
2 2266
1 3448
1 334
2 2307
2 1166
1 2103
1 2394
1 1507
2 1123
1 1788
1 2395
1 2712
1 2260
1 1000
2 2007
2 141
2 704
1 23
1 2384
2 3505
2 106
1 2174
2 1245
2 2380
2 771
2 1344
1 921
2 1566
1 1727
2 2920
1 1495
1 2061
2 2177
1 1219
2 2876
1 714
1 501
1 2991
1 2749
1 3017
2 295
1 916
1 2830
1 1875
2 1434
2 3485
2 3382
1 1684
1 1448
2 2198
2 2740
2 53
2 3241
1 2176
2 1164
2 992
2 1177
1 2578
2 2280
2 1827
1 2905
1 663
2 1686
1 2603
2 1941
2 261
1 1609
1 328
1 2747
1 86
2 2221
1 1191
1 541
2 883
2 1344
1 3235
1 3350
2 2758
2 593
1 3404
1 3100
2 2443
1 678
1 317
2 1203
2 2670
1 1313
2 2686
2 1278
2 1924
1 778
2 3115
2 899
1 2027
2 567
1 485
1 353
2 2879
2 525
2 2530
1 582
1 2438
2 2544
1 8
2 3214
1 2468
2 439
2 1360
2 1128
1 123
1 1083
1 3467
1 2017
1 344
1 3386
1 3138
2 941
2 3208
1 795
2 5
1 2324
2 3210
2 3226
1 1187
2 2580
2 215
2 910
1 1811
1 3198
1 2502
2 3044
1 3023
1 3351
2 2070
2 2397
1 1384
2 1636
2 171
2 3430
2 2049
2 93
2 554
1 1944
1 595
2 1794
2 806
1 1831
1 165
1 1091
1 702
1 310
2 3010
1 32
1 430
1 2788
2 349
1 1118
2 1879
2 1558
1 3502
2 2383
1 1819
1 548
1 789
2 787
1 2560
2 1132
1 1218
1 2996
2 466
2 2104
2 698
2 3416
2 2133
2 2831
1 715
2 2158
1 3260
2 216
2 3119
2 2076
2 2969
2 947
1 2627
2 1095
1 578
2 1196
1 1222
1 1835
1 2890
2 1471
1 3350
2 1367
2 1647
2 1258
1 1235
1 1572
1 519
2 1019
2 1182
1 3480
1 552
2 2729
2 1043
2 3526
1 2406
2 405
1 325
1 607
2 2778
1 2065
1 1305
2 3007
1 527
2 2872
2 1920
1 1985
2 1654
2 303
2 297
1 148
2 2264
2 2582
2 2986
2 2186
1 2688
1 387
1 1843
1 2131
1 3335
2 2914
2 2892
2 1080
1 3503
2 122
2 331
1 2770
2 1755
2 1287
2 2982
1 868
2 973
2 1272
1 3416
2 3121
2 1283
1 865
1 1854
1 3165
1 1288
1 3493
1 2330
1 525
2 1991
2 3364
2 3341
1 244
1 1669
2 2577
1 1213
1 3043
2 2409
1 2723
2 1839
1 3446
1 3254
2 551
2 2813
1 1696
2 1715
1 1350
1 2081
1 674
2 2147
1 1054
1 1221
2 2276
1 2634
1 889
2 2376
2 2983
2 3093
1 3528
2 2818
2 876
2 2354
2 357
1 126
1 2713
2 2763
2 2962
1 1066
1 684
1 1318
2 3053
2 1349
2 106
1 998
2 184
2 3036
1 736
1 1270
2 3236
2 2534
1 3037
2 3419
2 3147
2 885
2 231
2 758
2 2900
2 639
1 1710
1 1821
2 2349
2 2031
1 1242
1 2187
2 1666
2 2387
1 667
2 3069
2 2286
2 1820
2 2725
2 3524
1 1580
1 39
2 641
1 1721
2 2058
2 940
1 3543
2 780
1 872
2 1759
1 294
1 414
2 2969
1 2810
1 148
1 732
1 1432
1 3427
2 73
1 1712
2 2824
2 2009
1 947
2 853
1 2901
1 3224
2 3245
2 418
1 1101
1 162
2 212
1 204
1 1588
2 3087
1 1151
1 2262
1 3289
1 2592
2 731
2 3059
2 1905
2 1232
2 3295
2 985
2 3434
1 3130
1 2438
2 54
1 2120
1 1429
1 3380
1 2365
1 2456
1 2834
1 455
2 762
2 2796
1 930
2 1631
1 2265
2 2228
2 1253
1 2491
1 1448
1 1593
1 1884
1 1488
2 3483
1 1416
1 821
1 1933
1 1777
1 2477
2 264
2 1368
2 2501
1 2020
2 554
2 2227
1 474
2 2952
2 3010
1 41
2 599
1 2269
1 1103
1 1690
2 2482
2 1554
1 1791
1 1220
1 2833
2 2558
1 1542
2 2737
1 2357
2 2781
2 707
2 415
2 1910
2 3097
1 598
1 2205
2 505
2 745
2 693
1 2910
1 3277
1 2858
2 306
1 1422
1 72
1 1603
1 2165
1 2315
1 2543
2 998
1 2082
2 1485
2 1527
1 421
2 3366
1 481
2 1617
1 976
2 2368
2 2232
2 271
2 2602
2 3043
1 1864
2 1014
1 2190
2 58
2 1804
1 596
2 3036
1 1762
2 3381
2 739
2 2950
1 2054
1 206
1 291
2 1351
2 2049
2 2343
2 784
2 1711
1 2856
1 1659
1 1027
1 257
1 3428
1 3128
1 103
2 1499
1 604
1 1999
1 1854
2 2927
2 3532
1 1061
1 3250
1 1928
1 2185
2 2504
2 1024
2 3330
1 2183
1 2645
1 1470
2 1804
1 1651
2 861
2 2208
1 308
1 1864
2 2974
1 3334
2 2682
1 1858
1 2201
1 1015
2 775
2 2120
2 1370
2 3373
2 2787
2 2644
1 1023
2 2460
2 3388
1 2917
2 370
2 1963
1 3437
1 329
2 3387
1 2876
1 1332
2 1135
2 697
1 1195
1 3480
2 1570
2 3203
2 1932
1 1417
2 1637
2 2823
1 782
2 237
2 1009
2 88
2 367
2 3464
1 3383
1 2069
2 1765
1 1327
1 2028
1 2321
1 2972
2 2029
1 3071
1 185
1 3443
2 1060
1 1937
2 1607
2 889
2 1912
2 50
2 2556
1 463
1 1646
2 382
2 1390
2 806
1 3132
2 1031
2 915
1 3202
2 2782
2 3313
1 3260
2 2222
1 587
1 2293
1 297
2 1300
2 1593
1 1890
2 1918
2 1556
2 262
2 1194
2 3325
1 3274
2 1138
1 571
2 1494
2 243
2 2325
1 2759
2 2294
1 3440
2 2780
1 1442
2 43
1 2094
2 2894
1 1045
1 2710
2 2350
1 341
2 1833
1 1239
1 1274
2 3320
1 2547
2 161
1 3078
2 2059
1 253
2 335
2 195
2 1626
2 703
2 1466
1 2044
2 466
2 2955
1 283
1 377
2 558
2 312
2 777
2 866
2 2351
2 670
1 91
1 2996
2 2806
1 1867
2 371
2 1479
1 1359
2 3481
1 2923
2 151
1 268
2 2112
1 1301
1 1120
1 2402
1 190
1 48
2 3050
2 2967
1 1684
1 1510
2 969
1 2260
1 1168
1 3184
2 2499
2 2471
1 3215
2 301
2 357
1 2951
1 251
2 2791
2 507
1 900
1 843
2 922
1 1139
2 2833
2 3125
2 786
1 2179
1 1465
2 516
2 2065
1 3232
2 606
2 2463
2 407
2 824
1 614
1 36
2 1002
2 2708
2 260
2 827
1 1499
1 3377
1 3152
2 20
1 760
1 2701
2 1723
1 2089
2 2137
2 2706
2 2410
2 1323
1 3180
1 192
2 1358
1 338
2 2379
2 2117
2 1904
1 566
2 812
1 798
2 423
1 3432
2 1599
2 879
2 1105
1 2647
2 1369
2 2391
2 906
1 2998
2 1489
1 1891
1 3108
2 1428
2 591
2 1619
1 2229
2 3149
1 2317
2 24
1 2253
2 2900
1 3488
1 1026
1 2647
1 3120
2 2741
1 1110
2 2846
1 2877
1 162
1 3222
1 651
1 2238
2 2698
1 975
2 2766
1 1551
2 1052
2 745
2 3286
2 2655
1 2224
1 1295
1 2911
2 738
1 65
2 2768
1 1720
1 3064
1 2739
2 1426
1 2752
1 2878
1 1878
1 664
1 860
1 1582
1 1406
1 3417
2 292
2 3246
2 2891
2 537
1 553
1 2325
1 3384
1 640
1 2932
2 1142
2 1340
2 1119
2 3424
1 1866
2 2266
1 13
2 2182
2 2681
1 1626
1 3070
1 768
2 2407
2 1509
2 2709
2 1314
1 3196
2 2135
1 1088
2 478
1 3283
1 573
2 2654
1 2230
2 135
2 3403
2 490
2 2691
1 1293
2 3515
2 1371
1 1997
2 1882
1 1617
1 2122
1 514
1 2222
1 1585
1 1885
1 3146
2 263
1 3356
1 485
2 820
1 2358
1 2925
2 3514
1 3436
2 3325
1 3500
2 979
1 258
1 3275
2 968
2 336
1 1512
2 794
2 3439
1 544
1 1901
2 2860
1 834
1 1380
1 203
2 1266
1 188
1 219
1 973
1 934
1 2364
2 473
1 3155
2 479
2 1085
2 2718
1 2917
1 40
1 2087
1 75
1 3502
2 2090
2 818
2 3328
2 994
1 1671
1 3205
