7100 2000
1 953
2 686
2 977
1 224
1 2522
2 3195
1 1198
2 1402
2 1817
1 1361
1 2706
2 256
2 870
1 366
1 549
1 370
2 2398
2 1941
2 1608
1 1603
1 2888
1 294
1 2719
2 42
1 3491
2 901
1 2748
2 3276
1 855
1 1630
2 635
2 2332
2 484
2 1022
2 848
1 1647
1 2863
1 1368
1 2312
2 2761
2 606
1 411
1 1458
2 2177
1 998
1 2250
2 274
1 2422
1 164
1 2780
2 2201
2 3131
2 3354
1 1742
2 2625
2 3544
1 1317
1 1012
2 2886
2 1791
1 2228
1 2338
1 1161
1 1689
2 1889
1 2451
1 848
1 1563
2 1332
2 717
1 1793
1 2064
1 2456
1 902
2 2613
2 2932
2 901
1 796
1 830
2 1996
1 2884
2 1865
2 3445
2 3386
2 2475
2 2985
1 2619
2 299
1 3238
2 2099
2 101
2 2345
1 672
2 1171
2 2682
2 2889
2 2592
2 1435
1 1825
1 1172
1 3120
1 1468
2 157
2 3157
1 2501
1 2846
1 2486
1 2604
2 2481
1 1355
1 292
1 1434
1 11
2 2685
2 353
1 838
1 2641
1 903
1 3417
2 1778
2 2189
2 2933
2 2959
1 1122
2 904
2 1044
2 263
1 141
1 195
1 1056
1 3238
1 1488
1 1509
2 1668
2 1483
2 2786
2 2633
1 1512
2 594
2 3469
2 3068
2 2299
2 2751
1 122
1 2463
2 2190
2 1237
1 1426
2 997
2 3162
2 1646
2 2283
1 948
2 2771
2 1936
2 592
1 898
2 2717
1 1807
1 2672
1 285
2 1144
1 2505
2 703
1 3087
1 2926
2 445
1 469
2 307
2 2928
2 3383
2 1637
2 3231
2 723
2 1947
1 479
2 2001
1 52
2 40
1 1158
1 2406
2 84
2 2282
1 1737
2 3137
2 2195
1 3393
2 3492
1 199
2 2210
2 2005
1 704
2 1473
2 329
2 3041
1 334
1 788
1 1410
2 1508
2 41
1 1380
1 2504
1 2925
2 1306
1 1837
1 2497
2 2449
1 192
1 2337
2 1677
1 2230
2 1019
2 2047
2 2601
1 2565
2 963
1 871
2 3056
1 2009
1 1869
2 1290
1 632
2 803
1 1088
1 2268
2 2365
2 987
2 187
2 1556
2 2438
2 679
2 61
2 819
2 2462
1 2424
2 2189
1 2134
2 1662
1 993
2 3309
1 593
1 2436
2 556
2 1224
2 966
2 2405
2 1825
2 879
1 206
1 2869
1 3225
2 2301
1 3102
2 2049
1 905
1 1836
1 258
1 378
2 3232
1 1924
1 3015
1 1534
1 3315
1 3210
1 1035
2 62
1 3216
2 1574
2 2114
2 2138
1 1696
1 385
1 1886
2 1994
2 2180
2 1341
2 623
2 3405
1 2825
1 246
1 1226
1 2592
2 996
1 3218
1 2897
1 2243
1 990
1 1805
1 1224
2 2014
2 2104
2 3410
1 3291
1 868
2 2596
2 1293
1 631
2 2430
2 853
2 3316
1 1210
2 2400
1 2541
2 767
2 1682
1 1650
2 1263
1 415
1 116
1 1474
1 1782
2 1832
2 2167
1 3183
2 2945
1 2044
2 1080
2 671
1 575
1 613
1 2166
2 735
1 3332
2 2499
1 399
2 699
1 3126
2 162
1 194
2 1638
2 1490
1 1966
2 1296
1 2191
1 1572
2 3432
2 265
1 2946
1 1019
1 2735
2 921
1 3056
2 3201
2 3086
1 372
2 1366
2 2414
2 116
2 880
2 895
1 139
2 820
2 849
1 2984
1 449
2 2657
2 3521
2 1671
1 1821
1 873
1 1288
1 706
1 2435
2 3188
2 2651
1 1984
2 1406
1 3089
1 1886
2 1626
2 373
1 435
2 439
2 1094
1 3485
2 1085
2 2278
1 6
2 208
1 2197
2 1199
2 1920
2 1759
2 1679
2 2716
1 1117
2 2364
2 2677
2 245
1 2985
2 182
1 2001
1 3178
1 133
1 236
1 137
1 134
2 473
1 2098
1 2908
1 1769
1 2260
1 275
2 1717
1 2731
2 845
2 1578
1 623
2 2188
2 883
1 2418
2 1536
2 2118
2 201
1 400
2 32
2 220
2 120
2 3510
1 205
1 1960
2 1638
2 2073
2 3018
1 2087
2 2877
2 385
2 2736
2 1486
2 1141
2 2690
2 1469
1 3503
1 1584
2 1624
2 1467
2 1664
1 2404
2 910
1 973
1 191
2 509
2 1228
1 2099
1 3054
1 239
1 2763
1 1148
2 586
2 1599
2 176
2 2743
1 2339
1 1262
1 3343
1 3352
2 2170
1 1397
2 2838
1 1640
2 3240
1 2153
1 3380
1 2813
1 2526
2 1490
1 593
1 1991
1 1810
1 1455
1 1231
2 364
1 890
2 212
2 744
1 1
2 153
2 579
2 525
2 3513
2 3529
2 1304
1 3329
2 2558
2 3425
1 2094
2 969
2 694
2 778
2 3092
1 2114
2 2084
2 3142
2 1680
2 3415
1 2886
2 2411
2 2945
2 1856
1 3256
1 839
1 3016
2 3320
1 466
2 2106
2 3319
1 897
1 1127
1 3335
2 3148
2 742
1 3308
2 2789
2 2148
1 3283
2 1385
1 3240
2 2573
1 3126
1 2028
2 588
1 510
2 1387
2 1043
1 2407
1 3165
2 595
2 2879
1 1827
1 2790
2 337
2 2775
2 2837
2 2427
1 825
2 23
1 2361
1 260
2 3251
2 1136
1 2936
1 1060
1 759
2 1703
1 1318
1 2659
2 1234
1 2952
1 30
2 3517
1 496
1 227
2 2253
1 159
1 469
1 542
2 1554
1 3230
1 1967
2 835
1 3026
2 2177
2 2682
1 3430
1 2238
2 1431
1 1277
1 1291
2 3464
1 2250
2 202
2 2570
2 2235
1 1458
1 2130
2 1311
1 2123
2 3147
2 636
1 1148
2 1128
2 812
2 1694
2 1643
1 1625
2 2981
1 1518
1 1446
2 1503
2 3149
2 168
2 809
1 2793
2 3379
1 3388
1 1849
1 2004
2 1621
1 3099
2 981
1 2205
1 391
1 408
2 2581
2 3366
1 2416
2 3550
1 3451
1 2890
2 3420
1 1951
2 1935
1 394
1 153
1 1130
2 600
1 2605
2 1008
1 699
1 134
1 1596
2 3378
2 2535
2 1375
1 253
2 2383
2 2742
2 2637
1 1906
2 2396
2 2963
1 2474
1 3085
2 682
1 430
2 939
2 2817
1 2147
1 228
1 3501
1 3112
2 2989
2 326
1 1926
2 2284
2 3058
2 1659
1 1452
1 1798
2 304
2 1014
1 782
2 3284
2 545
1 2417
2 341
2 2953
1 643
1 1008
2 3005
2 2402
1 115
1 1243
1 1076
1 3100
1 3473
2 1289
1 2541
2 864
1 436
2 45
1 1690
1 377
1 2196
1 1322
1 2723
1 2972
2 2279
1 852
1 2376
1 1542
1 95
1 2576
2 3476
2 2510
1 101
2 2002
1 2517
2 1439
1 20
1 2455
1 2704
1 2961
2 1111
2 1051
2 3136
1 3035
1 2863
2 823
1 3487
2 686
2 3498
2 3176
2 821
1 2401
1 713
1 770
1 1040
1 2115
1 694
2 132
1 3453
1 434
2 1188
2 1758
1 2525
1 794
2 921
1 2589
2 1460
2 1925
1 1943
1 288
1 718
1 318
2 1110
2 2957
1 2162
1 1516
2 2824
1 3398
2 1985
1 448
1 2784
2 119
1 2834
1 3122
1 641
2 2324
2 1653
1 1282
2 1647
1 836
2 423
1 2383
2 1663
2 3540
2 188
1 875
1 1544
1 746
2 3040
2 145
1 871
1 2700
1 87
2 926
2 3402
1 3442
1 3181
2 44
1 2103
1 3339
2 3319
1 120
2 1355
1 1672
2 919
1 2587
2 128
1 1969
1 2896
2 1965
2 2881
2 2334
1 3199
2 3067
2 1081
2 1989
2 131
2 625
2 928
1 3349
1 1926
1 2830
1 701
1 3129
2 2789
2 2956
1 3139
1 837
1 2084
1 577
1 3202
2 2743
1 1160
1 181
2 1649
2 633
1 2597
1 2290
2 2401
2 1874
2 2409
1 2562
2 177
1 1568
1 52
2 2832
2 149
2 1169
1 3233
2 937
1 2578
2 343
1 2913
2 670
2 1265
1 1166
2 2326
1 2395
2 3281
1 658
2 3351
1 2120
1 3169
1 3287
1 2636
1 2847
1 2916
2 2365
1 1177
2 3436
1 1459
1 2501
1 3140
2 747
1 3523
2 1639
1 3546
2 259
2 1112
1 3412
2 2068
1 2612
2 2338
1 2643
1 1320
2 2542
2 2604
1 220
1 1905
1 2553
2 2091
2 997
2 2823
2 3349
2 3292
2 1816
1 661
2 833
1 2462
1 1786
1 230
2 2609
2 3060
1 105
1 1410
1 2126
2 2265
2 373
1 1370
2 1967
1 2158
1 3432
1 146
2 512
1 2289
1 8
1 1470
2 2559
2 276
1 1597
1 2303
2 960
1 3449
1 2836
1 3050
2 768
2 800
1 325
2 2872
2 1002
2 1908
2 2169
1 2447
1 2625
1 1980
1 2983
2 2440
2 2111
2 3483
1 808
2 2245
2 2891
2 2054
2 2713
1 1245
2 396
2 1252
1 3272
1 2988
2 1876
1 3202
1 1674
1 2854
2 557
2 741
2 216
1 1304
1 3100
1 2932
2 166
1 2830
2 628
1 2570
2 1809
1 1086
1 1813
2 1440
1 1628
1 221
1 3219
2 3384
2 355
2 659
1 1247
2 712
2 527
1 3043
2 785
2 180
1 2140
2 2779
2 3423
2 2502
2 1915
1 629
1 2330
1 131
1 916
2 1532
2 3150
1 1329
2 2026
1 1225
1 2033
1 900
2 311
2 1651
1 303
2 2629
2 525
2 289
1 1693
2 1850
2 1987
1 1526
2 1399
2 2270
1 139
2 3013
2 3403
1 915
1 2213
1 371
1 2711
2 1648
2 3196
1 1834
1 1716
2 3409
1 2924
2 42
1 1608
1 2724
1 1311
1 3347
2 2524
2 2568
2 417
1 2102
2 3362
2 670
1 1733
1 1590
2 2381
1 646
2 1868
2 1390
2 3433
2 1545
2 533
1 865
1 598
1 1914
1 428
1 2007
2 2431
1 1132
2 933
2 791
1 2373
2 2586
1 616
2 1777
2 2214
1 653
1 659
1 333
1 621
1 2015
2 1298
1 2412
2 2454
1 3242
1 2554
2 2809
2 2016
2 650
2 1872
1 1742
1 866
1 2711
2 352
1 1796
2 1221
2 3372
1 301
2 3022
1 2027
2 2781
1 617
1 1109
2 21
2 2656
1 2610
2 552
2 805
1 2674
1 360
1 2378
2 918
2 1980
2 1732
1 2891
1 1089
2 2356
2 1013
2 1388
1 551
1 2335
1 268
1 499
1 710
1 2522
2 2175
2 1781
2 1010
2 891
1 3495
2 2255
2 3102
1 2235
2 175
1 3288
2 1914
2 3277
1 1499
1 78
1 3467
1 53
1 363
1 727
2 287
1 3254
2 204
2 887
2 3350
2 1007
2 2160
1 792
1 2218
2 2269
1 1300
1 640
2 67
2 3368
2 2498
2 1223
2 1535
1 1978
1 1520
1 1186
1 1686
1 634
1 1117
1 185
1 2582
2 773
2 274
1 2710
2 126
2 1326
2 1929
2 1219
2 3397
1 480
1 3041
1 737
1 2215
1 2220
2 3450
1 1146
1 1698
1 2510
2 1114
2 2143
1 74
2 1284
1 1323
2 3034
1 465
2 2639
1 1068
1 3466
2 72
1 2791
1 966
2 2948
2 138
1 1948
1 1447
1 1040
1 227
1 1636
1 1227
2 2539
2 2599
2 1497
2 598
1 2232
2 3530
1 2587
2 999
1 2076
2 3042
2 3166
1 668
1 1384
2 2460
2 1308
1 2391
1 1950
2 2499
2 1870
1 1622
2 1601
1 2849
2 1679
1 1352
2 2143
1 67
2 1084
2 375
2 627
1 568
2 1232
1 1118
2 725
1 680
2 1890
1 1427
1 3155
2 2990
2 1478
2 875
2 717
1 3404
1 610
2 1372
2 2671
2 655
1 3305
2 1896
2 481
2 3391
2 2635
2 1195
2 502
1 1832
2 517
2 2371
2 728
2 2387
2 2559
2 1412
2 1722
2 3458
1 3070
2 1185
2 494
2 2953
1 1374
2 1126
2 1122
2 1379
1 132
1 2979
2 3459
2 2766
1 2819
1 3248
1 2968
2 1230
1 3519
2 2342
2 210
2 3521
2 76
1 1305
1 1731
1 401
2 2871
1 1017
2 983
2 2074
1 2517
2 1151
2 988
1 1585
2 1095
1 1617
2 1192
1 3346
1 1739
1 2188
1 703
2 3488
1 2413
1 2731
1 2010
1 2608
2 26
2 3299
1 7
1 1993
1 3078
2 567
1 14
1 109
2 229
1 1250
1 3152
1 2449
2 122
2 538
1 3060
2 3542
2 1889
1 2696
1 2450
1 448
1 495
1 2220
2 2963
1 2611
1 786
1 1806
1 1346
2 1755
2 1096
1 350
2 1451
1 3034
2 1348
2 2044
2 3372
1 1139
2 2746
1 2554
2 3266
1 2465
1 1154
1 240
2 3530
1 1004
2 951
2 8
1 1525
1 629
1 939
1 683
1 984
1 2773
2 3378
1 75
2 1641
1 56
1 150
1 1207
2 2727
1 678
2 3081
2 3351
1 2851
1 3486
1 2179
1 1553
2 684
1 1
2 677
1 24
2 1527
2 406
1 3519
2 3303
1 2557
1 1878
2 1091
2 2864
1 3134
2 2920
2 140
1 2312
1 2239
2 2562
1 163
1 1423
2 3353
1 2616
2 2025
2 2180
2 3482
2 2257
2 1714
1 2665
2 3038
1 1735
1 2509
1 3085
2 173
2 359
2 2921
2 2426
2 2962
1 2063
2 2722
1 610
2 2292
1 2259
1 2425
2 2732
2 558
1 2728
2 2747
2 495
1 3224
2 1041
1 2097
2 314
2 917
2 2493
2 2922
2 547
1 1276
2 1485
2 3259
1 2477
1 1596
1 2734
1 798
1 1644
2 1823
1 2190
1 3144
2 382
2 666
2 5
1 3
1 1476
1 143
1 3523
1 733
2 2860
1 450
1 1029
1 798
1 1051
1 2859
1 2293
1 968
1 292
1 397
1 1030
2 762
1 2138
1 3073
1 604
2 2893
2 33
1 31
1 1979
2 2151
1 2620
2 3470
1 155
1 657
1 1866
2 2146
2 2614
2 2108
2 2819
2 2158
1 1344
1 333
1 2410
1 1445
2 2199
2 2386
2 765
2 996
2 1091
1 2476
2 718
2 451
2 1393
2 1875
2 1381
1 3158
1 1760
2 298
1 1744
2 889
2 2187
2 1513
1 766
2 1919
1 48
1 1780
2 1183
2 822
1 1705
1 3481
2 1899
1 2571
2 2903
2 1467
2 2226
2 1580
2 2196
2 2139
1 2133
1 2337
2 2941
1 612
2 3392
1 2804
2 3201
2 3273
1 3283
1 2277
1 2038
2 801
1 2194
2 738
1 3246
2 372
2 1492
1 695
1 2466
1 187
1 1102
2 1509
2 1976
2 1069
1 3173
1 21
2 1885
2 397
2 2838
2 1587
2 1965
1 2712
1 868
2 3364
2 2797
1 2739
1 942
2 1549
2 2958
1 785
2 963
1 3071
1 713
2 2219
2 1984
2 63
2 1020
1 2216
2 1295
2 1519
1 376
1 213
2 1176
2 420
1 2666
2 2035
2 308
2 162
1 2264
1 2680
1 2142
2 2621
2 1763
1 2573
1 2230
2 3318
1 50
2 1772
2 2179
2 972
2 1038
2 2652
2 174
2 1290
2 2428
2 3133
2 2182
2 454
1 2335
2 3015
1 171
1 1482
2 1340
2 2977
1 3438
1 2477
2 1565
1 2027
2 2088
1 197
1 193
1 189
1 136
2 2096
1 1317
1 828
2 3386
1 672
1 2440
1 449
2 3310
2 1107
1 2390
1 381
1 2627
2 1092
1 1779
2 441
1 3083
2 3168
1 2669
2 1071
1 3382
2 3525
2 2995
2 1200
1 1798
1 3549
2 238
2 2420
1 463
1 3107
1 702
1 813
2 2564
1 2144
2 2844
2 2626
1 3014
2 2198
1 72
1 2967
2 3019
2 1595
2 2918
2 1229
1 1844
1 712
2 2636
1 3471
2 2103
2 3379
1 1774
2 3007
1 57
2 1888
1 2655
1 1521
1 1078
2 2367
2 1280
2 502
1 3437
2 2446
2 633
1 3247
2 1485
2 2460
1 566
1 106
2 3080
1 2722
1 760
2 347
2 3401
1 2857
2 2425
1 75
2 3172
1 651
2 71
1 2513
2 663
1 1576
1 750
2 2133
2 124
1 2753
2 3001
1 765
2 802
1 3435
1 555
2 674
1 1101
2 1239
1 135
2 160
1 2677
1 1376
1 1420
2 3193
1 2826
2 136
1 3180
2 1676
2 3387
1 707
2 34
2 3369
1 3350
1 447
2 1228
2 3206
2 1882
2 2496
1 1744
1 3257
2 2585
1 1534
1 3520
2 1104
2 392
1 1657
1 1723
2 1934
1 1740
1 2065
2 708
2 3546
2 485
1 1818
1 1495
2 1215
2 1362
2 751
2 531
2 1658
2 560
2 3010
1 1633
2 3229
2 492
2 1961
1 3181
2 1895
1 803
2 1392
1 1766
2 1845
1 320
2 2841
1 815
2 223
1 1654
2 3184
2 2730
1 209
2 2308
1 2605
1 1579
2 2032
2 2540
1 864
2 736
2 2676
1 2797
2 291
1 1115
1 1104
1 2650
1 706
2 842
1 1829
1 2602
1 106
2 630
1 2694
1 2271
1 254
1 2366
1 3267
1 1771
1 142
2 3330
1 1087
1 461
1 1615
2 1123
2 944
1 3185
1 1746
2 1756
1 2432
1 224
2 1537
2 2598
2 2947
1 644
2 1073
1 7
1 2593
1 3216
2 846
2 2882
1 148
2 843
2 190
1 587
2 2267
2 516
2 882
1 1075
2 37
2 3088
1 2898
1 3088
2 3539
2 614
1 3280
2 2254
1 49
1 2071
1 1208
1 1893
2 2000
1 1862
2 1569
1 2553
1 2655
1 1611
2 3527
1 2323
1 10
2 3340
2 3239
1 383
2 374
1 2556
2 1901
1 1511
1 1206
1 2821
2 2822
2 1257
2 2575
1 114
1 740
1 45
1 2975
1 2767
2 2634
1 3512
2 2041
2 3250
1 3030
2 2883
2 1113
2 762
1 1807
1 41
2 1396
2 3076
2 698
2 3153
1 3310
1 1353
2 321
1 222
2 2579
2 158
2 2157
2 416
1 2658
1 2687
1 336
1 435
1 1728
1 3205
2 2989
1 180
2 2669
1 2667
1 282
2 2368
1 809
2 3274
2 1688
1 2089
2 2533
2 2088
1 1725
1 2171
1 1681
1 2845
1 1540
1 1417
2 1575
1 595
1 1483
1 2523
1 1092
1 2698
2 2622
1 3383
2 3381
1 617
1 3354
2 1184
1 1401
1 3493
1 323
2 3148
2 688
1 1114
1 2353
2 1859
1 1373
1 1689
2 2689
1 1089
1 1576
1 1034
1 1236
2 169
2 1773
2 2610
2 2491
2 196
2 1598
1 1948
1 1627
2 1125
1 2047
1 968
2 500
1 675
1 3243
1 3361
2 3079
1 2029
1 1124
2 1049
2 2478
1 1707
1 2508
2 2702
2 3445
2 2414
1 2973
1 919
2 2315
1 2941
2 3155
1 2572
1 3065
1 2169
2 100
2 1573
1 3222
1 1194
2 2135
2 2352
2 369
2 1977
2 262
1 1705
1 2375
2 576
1 1745
1 364
2 791
1 2154
2 1852
1 3285
1 426
1 2010
1 3524
2 530
2 836
2 1519
2 2591
1 271
1 1294
1 1201
2 3371
2 285
1 715
2 389
2 1212
1 1319
2 3334
2 2397
2 2808
1 492
1 457
2 1517
1 1168
2 1623
2 1384
2 3444
1 2730
2 1209
1 799
2 946
1 2804
1 599
1 1350
2 3228
2 121
1 2519
1 2287
2 112
2 2684
1 2847
2 1018
1 3046
2 1910
1 1494
2 310
1 1632
2 2866
1 2980
2 80
1 2777
1 3162
2 1045
1 2530
1 923
2 1338
2 991
2 2940
1 2650
2 1093
1 1512
1 1189
2 1721
1 207
2 3422
2 2349
2 3211
1 3260
2 2519
1 3038
2 2619
2 2101
2 714
2 719
1 168
1 3020
1 1609
1 532
1 1925
2 3536
1 612
2 797
2 2929
1 393
2 1672
2 790
2 3402
2 3003
1 428
2 12
1 1173
2 3423
2 857
1 2950
2 2252
1 2512
1 772
1 3224
2 2805
1 1902
1 1429
2 181
2 894
2 2930
2 167
2 512
1 1956
2 281
1 2013
1 2438
1 1755
1 1190
1 450
1 1708
2 2263
1 679
2 851
2 664
1 147
1 2799
1 1415
1 1917
2 954
1 209
2 235
2 1928
1 2597
1 788
2 3066
1 583
1 3114
2 585
1 3033
1 1251
1 1752
2 3115
1 1109
2 1665
1 3407
2 2507
1 1360
2 262
2 3140
1 2687
1 214
2 3424
2 2979
2 2852
2 2185
1 2748
1 2122
2 615
1 1938
2 3185
1 2902
1 1240
1 2962
2 123
2 1400
2 3040
2 3297
1 1858
2 1487
1 3090
1 2362
2 827
1 3507
1 3093
1 1021
2 1358
1 1945
2 1548
2 1593
2 1341
2 2556
1 2195
2 1551
1 1728
2 3095
2 2077
1 309
2 1887
1 1530
1 3014
1 1449
1 402
2 1748
2 1074
1 2504
2 1695
1 1711
2 815
1 2393
2 2024
2 3024
1 279
2 79
1 1943
1 3357
1 2023
2 1944
2 678
1 2003
1 2917
2 3177
2 1524
2 3428
2 2444
2 936
2 2053
2 2900
1 2336
1 3187
1 2896
2 2317
1 3477
1 950
2 2526
1 78
2 239
2 597
1 3347
1 3312
2 3118
1 3271
2 2286
1 727
2 1116
1 2514
2 1443
2 1531
2 3416
1 1282
2 2949
2 1605
1 3104
2 2708
2 2388
1 2738
2 2050
2 2693
1 1953
2 908
2 11
2 458
2 1675
1 46
2 2670
1 2336
2 398
2 1147
1 376
2 572
1 863
2 442
1 2243
1 1653
2 1283
1 3535
2 866
2 1955
1 3267
1 3441
1 3062
2 3111
2 109
2 283
1 599
1 2487
1 3537
1 1134
2 3457
2 2232
2 1478
1 754
1 1950
2 884
2 611
2 2239
1 2428
1 2974
2 2339
2 3535
1 3514
2 2944
1 2617
1 2967
1 183
2 2908
2 1562
2 500
2 1747
2 2113
2 421
1 1719
2 602
1 1957
1 579
2 328
1 1940
1 1431
2 1368
2 2459
1 2031
1 1418
1 2714
2 1698
1 482
2 1734
1 1085
2 964
2 98
1 775
2 444
1 1293
2 1997
2 1268
2 3160
1 948
1 2257
1 2238
1 3146
1 2021
1 1064
1 363
2 1132
2 1884
2 1655
2 3255
1 2678
2 1575
1 1648
2 822
1 2910
1 1484
2 914
1 1865
1 3395
1 783
1 600
1 1308
2 3331
1 2368
2 1758
2 2497
2 2417
2 2659
1 2624
2 1626
2 1810
1 1476
2 690
2 3511
1 264
1 704
1 237
1 1195
2 863
2 3236
1 1853
1 2914
1 2532
2 2923
2 2631
2 955
1 1023
2 3055
1 1546
2 1849
1 2081
1 306
2 2109
1 2491
2 2202
1 264
2 3079
1 3227
2 2172
1 1510
2 3497
1 1547
1 2916
1 1475
2 2550
2 814
2 2209
2 2008
1 119
1 1110
1 460
2 3317
1 1037
2 1193
2 3251
2 2525
1 1678
2 2829
2 2221
1 2997
1 2067
2 1097
2 3367
1 1661
2 2878
2 151
1 1297
1 1775
2 2533
2 2987
2 1918
1 3429
2 2240
1 2096
2 817
1 1030
1 437
2 475
2 1738
1 2595
1 2965
2 1152
2 638
2 2062
1 1453
1 2889
2 406
2 681
2 1860
2 2944
2 3363
2 2484
1 197
1 1346
2 731
2 794
2 2022
1 3160
2 829
2 2873
1 471
1 2469
1 3317
1 1376
1 3502
2 3188
1 2840
2 2083
1 3103
2 773
1 3411
1 2882
1 3470
2 1632
1 2646
2 64
1 967
1 2836
2 3528
1 339
2 389
1 3081
1 1981
1 1594
2 1166
1 2688
1 1559
2 2059
2 1782
1 1633
1 1529
2 3526
1 467
1 1726
2 330
1 1974
1 66
2 414
1 3395
1 2887
2 993
2 1942
1 787
2 3186
1 3532
1 2318
1 1223
2 3076
1 1952
2 1684
2 243
2 2176
2 1802
1 2326
1 1726
1 721
2 235
1 140
2 2850
1 100
1 660
1 3513
1 3407
1 1323
1 2372
1 926
1 1203
2 1191
2 3042
1 233
1 1558
1 523
1 2564
2 1269
1 2270
1 2931
2 2662
1 215
1 2289
2 1445
2 1558
2 1284
2 1637
2 1437
1 2280
1 2774
1 1309
2 1551
1 2134
1 1654
1 2085
1 1521
1 3265
2 455
2 1086
1 2351
1 2935
1 620
1 3130
1 1336
2 2160
2 1618
1 2192
2 2348
2 2415
1 457
1 3309
1 1187
2 3448
2 459
2 1108
1 1753
1 1159
2 3541
1 1751
1 3097
2 2468
1 3254
1 784
2 2661
1 1090
2 2521
2 2489
1 2354
2 2040
1 3017
1 152
2 1433
2 1161
2 1162
1 909
1 2109
2 412
2 2581
2 2782
2 2734
1 452
1 2399
2 400
1 243
1 1610
2 2370
2 3167
1 268
2 2766
2 2500
2 1852
1 2860
2 3338
1 2904
1 1623
1 1918
2 1182
2 1930
2 3164
2 1046
1 724
1 3368
2 1871
2 2715
1 2421
1 464
1 2350
1 442
1 957
1 2305
2 1170
2 962
2 108
1 2071
2 3174
2 2831
1 3241
1 2208
1 3000
1 2120
1 1839
2 3365
1 1815
1 493
2 1303
1 2374
1 2607
1 916
1 3274
2 554
1 3499
2 331
1 1763
1 1741
1 2783
2 2608
2 2591
1 1939
2 86
1 1218
1 2070
1 2874
1 1248
2 2749
1 1177
2 2503
2 3067
1 2256
2 217
1 1242
2 1516
2 1137
1 2617
1 1404
2 1959
1 2304
2 3286
1 789
2 402
2 1811
1 680
2 149
2 1892
2 1194
2 3146
2 1556
2 2536
2 477
2 358
2 238
2 1630
2 1129
1 1937
2 222
1 3110
2 255
2 2051
2 58
2 444
1 1065
2 1191
1 974
1 518
1 3253
2 2615
1 1669
2 1343
1 3121
1 616
2 1784
2 862
1 1354
1 1969
2 2653
2 2574
2 2892
1 1937
1 608
1 3069
2 470
1 1526
1 203
2 2104
2 2995
1 3426
2 1942
2 3325
1 3356
1 359
1 771
1 295
2 983
1 2854
2 282
2 1960
1 2609
2 1324
1 1226
1 3455
1 1898
2 1128
2 3119
2 19
1 709
1 2223
1 240
2 1656
2 2883
1 2724
2 3461
1 178
1 1480
2 601
1 3159
2 3280
1 1135
1 1369
2 316
2 3410
2 2302
2 3252
1 2706
2 998
2 1571
2 3331
1 2388
1 345
1 342
2 1634
2 1897
1 1975
2 1343
1 51
2 68
2 1968
2 3053
1 2542
2 1217
1 589
1 2173
2 1501
1 3242
2 553
1 2488
1 3019
2 894
2 2628
1 2906
2 3328
1 609
1 924
2 2121
2 2744
1 176
2 3265
1 1559
2 2751
1 1154
2 2842
1 284
1 3344
1 3454
2 1587
1 1448
2 308
1 774
1 3321
1 2500
1 2173
1 3248
2 3197
2 1442
2 3490
1 107
2 425
2 145
1 1421
1 2178
2 3221
1 2217
2 3119
1 1255
2 2875
1 2950
1 665
1 1200
2 1612
1 2580
2 511
2 1590
2 2812
1 226
2 3186
2 2996
2 631
1 1528
1 2495
1 2507
1 2949
1 3127
1 2437
1 2277
1 488
1 781
1 1833
1 573
2 535
2 564
1 250
1 1301
1 2408
1 2703
2 2452
1 1253
2 354
1 1233
2 2685
1 2112
1 1958
2 1466
2 1332
2 1814
1 2691
2 3446
1 18
2 315
2 1571
1 2651
1 1619
2 1635
1 2306
1 648
2 2227
2 820
2 2153
1 2085
1 3422
1 2770
1 1367
1 1544
1 1448
1 3243
1 2750
1 1541
1 18
1 588
2 671
1 2806
1 66
1 1001
1 532
1 523
2 3419
1 1241
1 3268
2 581
2 3506
2 1126
1 1197
2 1848
2 1153
2 3124
1 1259
1 1629
2 757
1 1719
2 880
1 3533
1 425
2 2278
2 987
2 1457
1 3069
2 1378
1 287
2 3413
1 1356
2 519
1 2623
1 3200
1 2102
1 1310
1 2589
1 594
2 3078
1 2115
1 85
2 1257
1 649
1 458
1 481
2 2382
1 641
2 2329
2 2704
2 975
1 2560
1 1093
2 3220
1 3307
1 2034
2 2723
1 35
2 620
2 887
1 1156
1 746
2 700
1 565
2 518
2 1263
2 2061
2 1877
2 3171
2 2468
2 1320
2 2772
2 861
2 2181
1 2566
2 378
1 2487
2 2785
1 1776
1 1031
2 351
2 961
1 1461
2 2269
1 2529
1 666
2 356
2 2437
2 1383
2 1816
2 3323
1 1001
2 1027
2 322
1 2060
2 1063
2 2471
2 1425
2 2999
1 498
1 563
1 1032
2 2603
1 838
2 2759
2 1096
2 913
1 2815
2 2644
1 1527
2 1890
1 1123
2 2140
2 99
2 127
2 3037
1 1564
2 2664
2 1377
1 3479
1 3029
2 1280
2 1027
2 1100
2 2702
2 877
1 1412
1 1439
2 205
2 1333
1 1687
1 3361
1 786
2 3335
1 2862
2 3493
2 470
2 860
1 3534
2 3496
2 1428
1 733
1 1903
2 1858
1 934
1 265
1 3006
1 2588
2 1801
2 2640
2 974
1 46
2 381
1 3343
1 414
2 3400
2 898
2 2565
1 2675
1 1894
2 2399
1 1237
2 3064
2 1933
2 667
2 2125
2 1088
1 1989
2 1210
1 244
1 1819
1 2048
2 3094
2 1759
1 3063
2 991
2 349
1 1062
2 1348
1 1496
1 2858
2 198
2 2380
1 49
1 3261
2 772
2 1335
1 2686
2 2679
2 1504
2 639
1 85
1 1498
2 940
1 1685
1 1561
2 2976
1 2467
2 2816
2 1324
2 1583
1 552
2 1479
1 3011
1 147
2 2713
2 1406
1 1456
2 2398
1 2885
1 869
2 3273
1 127
1 3468
1 2747
2 1891
1 97
1 1405
2 1982
1 427
2 2248
2 636
2 471
2 1970
1 3166
1 624
1 3235
1 3049
1 757
2 1013
2 3245
2 2048
2 510
2 1261
2 1333
1 1328
1 1804
2 2287
2 1803
1 1275
2 1261
1 416
1 826
2 978
1 201
2 1507
1 565
2 1749
2 2122
1 667
1 1055
1 1582
2 490
2 938
1 2760
1 3247
1 2925
1 1009
1 2699
2 361
1 1119
2 1970
2 431
2 2310
2 489
2 2842
2 3108
1 3479
2 2579
2 1377
2 2141
1 1202
1 1589
2 24
1 1508
2 3463
2 3263
2 1850
2 2248
1 331
2 795
1 2132
1 56
1 852
1 1610
2 1514
1 2356
2 1817
2 534
1 2712
2 246
2 2550
1 3147
1 2774
2 1351
2 234
2 335
2 1416
1 618
1 824
2 259
2 1330
1 2551
1 1911
2 2139
2 561
2 3026
1 897
2 3045
1 1524
1 2105
1 1058
1 226
2 1155
1 2934
2 857
2 2866
2 1208
1 3025
2 3237
1 922
1 2254
1 294
1 1954
1 3447
2 790
2 398
1 1499
2 1164
1 511
2 1187
2 443
2 3365
2 1881
2 3412
2 3059
1 1532
2 1364
1 178
2 2798
2 3396
1 2426
1 103
2 1663
1 2937
1 2473
2 2444
2 352
2 2622
2 1076
1 3051
1 1278
2 811
2 1326
1 2168
1 1729
1 1034
1 2890
1 2692
1 3258
1 2360
1 3139
1 3366
2 1552
2 3328
2 2649
2 2063
2 2154
2 2545
2 2879
2 2927
2 1315
1 604
1 1986
2 2166
2 1170
1 1746
2 1174
1 1036
1 2917
1 2187
2 2899
1 1120
1 1737
2 1100
2 2902
1 1764
1 2563
1 503
1 2699
2 2083
2 2512
2 2664
1 2118
2 908
1 1306
2 3129
1 419
2 3097
1 2705
1 2216
2 2394
1 2492
2 882
1 533
1 339
1 36
2 305
1 2833
1 1569
1 2031
1 2397
1 2825
2 1463
1 3012
1 3084
1 1378
2 2824
2 2966
2 3425
2 2927
2 951
1 3113
2 972
2 690
2 365
2 1165
1 1631
1 405
2 14
2 2314
2 2841
1 3406
1 2119
1 793
2 2373
1 1812
2 3191
1 2185
2 2128
1 3266
2 561
2 4
1 2758
2 1482
1 1097
2 797
2 3021
2 2767
2 2544
2 1268
1 732
1 2725
2 1206
2 3440
2 2286
1 1743
1 1283
1 2316
1 393
1 807
1 952
2 183
1 3196
1 2214
2 432
2 1254
1 1790
1 1405
2 2666
1 3150
1 2340
1 2464
1 2895
2 3538
2 524
2 1794
1 1234
2 1988
1 965
2 3323
1 3337
2 2535
1 946
2 700
1 2413
2 2479
2 3355
1 1528
2 3476
2 1615
1 37
2 2035
2 501
2 2567
2 874
1 2628
2 417
1 3438
2 607
2 2577
1 2795
2 2132
2 1604
1 873
2 362
2 650
2 3286
1 3526
2 1481
1 357
2 2423
2 1450
1 2652
2 407
2 3500
2 242
2 1338
1 845
2 891
1 2330
1 879
2 1691
2 3262
1 2453
2 2150
1 310
2 2070
1 1101
2 3223
2 584
2 2493
2 2599
2 1693
1 1065
2 1496
2 2251
1 28
2 652
1 3030
1 1015
1 2709
2 2792
1 2485
2 2662
2 2583
2 3191
2 2060
1 1017
1 2703
1 3072
1 2820
1 2090
2 508
1 2783
1 463
1 3225
1 1696
2 959
2 2325
1 1695
2 1331
2 129
1 1066
1 3537
2 3455
2 248
1 156
2 941
2 1140
1 2800
1 451
1 2458
2 2539
1 1321
2 1712
1 390
1 1232
1 1078
1 1012
1 799
1 1337
1 2273
1 3256
1 1805
1 3516
1 170
1 2951
1 1808
1 1313
1 156
1 1394
2 3117
1 3488
1 1436
1 1731
1 1147
1 555
1 2808
2 2123
1 589
1 1259
1 2369
1 1419
1 1909
2 3336
1 2686
2 2159
2 2258
1 585
1 2707
2 2577
1 236
2 582
1 2996
2 3322
1 954
2 624
1 3077
1 2004
2 1142
2 3534
1 329
2 2043
1 1270
1 2641
2 688
1 1098
2 2205
2 2568
2 3538
1 3442
2 550
1 2212
1 3414
2 2439
1 13
2 2481
1 584
1 1254
1 3024
2 3179
1 3106
2 2406
2 2910
2 841
2 1506
1 858
1 2483
1 3441
2 806
2 531
2 720
1 721
2 1204
1 1829
2 3011
1 740
2 522
2 748
1 3151
2 1947
2 3045
2 1870
1 1821
2 3389
2 832
2 3289
1 1525
2 2079
2 302
1 692
1 3504
1 23
1 2660
1 1227
2 337
2 1740
1 2474
1 1601
2 1998
1 2852
2 386
2 1991
1 3070
2 1211
2 2853
2 1222
1 1244
1 1256
2 596
1 2764
1 1006
1 2657
1 1599
1 3151
2 2759
1 384
2 2933
2 3086
2 317
2 1613
1 3294
2 1972
2 124
2 1983
2 2658
1 1005
1 2259
1 1660
2 1931
2 1678
2 33
1 2970
2 2494
1 3031
2 522
1 2249
1 2142
1 2955
1 507
1 1082
1 3207
1 1709
1 474
1 3496
2 1907
1 914
1 171
1 1922
1 3047
2 2174
1 2780
2 3456
1 2082
2 1820
1 260
1 2754
2 1883
2 1434
2 2809
2 2017
1 1281
1 923
1 1876
2 521
2 596
1 1048
1 2036
1 1328
2 1554
1 1356
1 1565
1 2560
1 3010
2 1484
1 3108
2 1375
1 605
1 3450
1 2093
2 1285
2 2242
2 1683
2 1543
1 17
1 1800
2 2505
1 2680
1 2832
1 2113
1 2384
1 1757
2 2745
1 2026
2 1837
2 3204
1 2905
2 1628
1 2549
1 1580
2 2794
2 3039
2 1762
2 2282
1 1494
1 3418
1 3394
1 1197
1 3143
1 3427
2 1964
2 468
2 1059
1 418
2 2583
2 9
1 3330
1 2787
1 1214
1 3433
2 2454
1 421
1 834
2 3210
2 26
1 2901
1 643
2 1178
2 2380
1 2206
2 1074
1 3228
1 2532
1 1314
2 1795
2 3257
1 476
1 940
2 2020
2 2395
1 1838
2 1131
2 1674
2 1423
2 1929
1 1178
2 3301
1 2046
2 3360
2 2379
1 1715
2 3527
2 1880
2 348
1 1917
2 753
2 184
1 2240
1 1383
2 1978
2 3032
1 1704
1 2569
1 1291
1 3278
1 2551
1 2898
1 2372
1 34
1 81
2 391
2 1018
1 1612
2 1808
2 2204
2 1382
2 1480
2 915
2 2172
1 273
1 1715
2 1538
2 1868
2 2606
2 980
1 69
2 2538
1 1771
1 514
2 3113
1 913
2 3409
2 856
2 2993
2 1014
1 2439
2 10
2 3028
2 714
2 1506
2 3353
1 1016
2 549
1 19
2 2951
2 2762
1 1667
2 2627
2 69
1 1233
2 3261
1 2831
2 752
2 379
2 269
1 2318
1 2547
1 1704
1 3394
2 567
2 2042
2 3099
1 766
1 1591
1 1665
1 1772
1 2673
1 586
1 1539
1 3023
1 2301
1 780
2 967
2 2960
1 2698
2 60
2 1023
2 564
1 1319
1 1420
2 2865
1 1225
1 1567
1 3288
2 3411
2 87
1 301
2 724
2 1165
1 1411
2 1300
2 4
2 2157
2 2181
1 1242
2 1867
1 15
2 1301
1 1414
1 2884
1 3
1 164
2 1050
2 2904
2 2
1 528
1 816
1 3198
2 2632
2 869
1 3004
1 776
1 2561
2 1884
1 709
1 1853
1 1683
2 2802
2 2714
1 792
1 1582
1 311
2 1983
1 1835
1 3138
2 1253
1 1501
1 985
1 775
1 1673
1 3080
1 1327
1 3122
1 1116
1 1475
2 2028
1 1585
1 3405
1 2601
2 2228
2 2020
2 20
2 2718
1 1770
2 319
1 2776
2 1472
1 2347
1 1140
1 2992
2 949
1 1822
1 1000
2 2938
1 418
2 3065
1 1700
2 1932
2 2378
2 3061
1 1409
1 2969
2 1164
1 2127
1 1875
2 1854
2 368
2 2663
2 2008
2 1175
2 2128
1 732
1 1553
2 2168
1 486
2 782
2 1702
1 810
1 1639
2 2745
1 1083
2 1274
1 1851
1 438
1 654
2 13
1 291
2 2862
1 1872
1 1028
2 1900
2 2303
2 3195
2 2211
1 2126
2 2558
1 2433
1 126
1 2403
1 802
2 1398
1 1235
1 833
1 3302
1 2382
1 2386
2 1855
1 924
2 528
2 2275
2 191
1 2482
1 2343
2 3456
1 3215
1 2111
2 664
1 1645
2 3044
2 1163
2 3125
2 904
2 3220
2 2631
2 980
1 1345
1 1768
2 1896
2 545
2 325
2 2811
1 429
1 2827
1 2615
1 309
1 276
1 410
2 1631
1 218
2 3006
2 669
2 1120
1 1550
2 1531
1 3001
1 2584
2 2778
1 3505
1 3072
2 1435
2 2868
1 1199
2 2348
2 3154
1 2761
1 872
1 1640
2 2155
1 91
1 424
1 2843
1 445
2 959
1 3163
2 3154
2 1667
1 3532
1 1022
2 3167
1 2461
2 2878
1 3241
1 1465
2 601
1 668
2 1625
1 1708
1 886
2 228
2 1557
1 3096
2 1276
2 2855
1 1843
2 223
1 2409
1 3279
1 3174
1 1855
2 2721
2 154
1 1904
1 422
2 439
2 755
2 3124
2 1130
2 2165
1 297
2 3059
2 1927
1 1286
2 9
2 2709
2 2594
2 1053
1 2546
2 2644
1 2548
1 1841
1 3314
1 896
1 2642
2 1845
1 1149
2 735
1 166
2 344
1 1769
2 2868
1 541
1 472
2 189
2 2990
2 2379
1 673
1 560
1 172
1 976
1 3278
1 1106
1 2293
2 2726
1 2054
2 361
1 1245
2 3134
1 2097
1 115
1 1921
1 808
2 27
2 1216
1 2184
2 658
2 182
2 188
2 3007
1 1995
1 2412
1 3091
1 2129
1 1462
1 424
1 233
2 1923
2 958
2 493
1 2802
1 2258
1 1880
1 3303
2 3049
1 761
1 2252
1 3208
1 3259
1 3292
1 2871
1 272
2 152
2 2750
1 2019
2 2523
1 1189
2 2458
2 2484
1 2594
1 1162
1 2864
1 2325
2 1415
1 1964
2 3149
1 3132
2 1710
1 2736
1 1713
2 266
1 1168
2 80
1 2268
1 2612
1 1156
1 1498
2 2903
1 2224
2 608
1 1387
1 3263
2 1547
1 3327
1 698
2 723
1 2737
2 1238
2 911
2 1437
2 743
2 3547
2 2867
1 2839
2 2815
1 1205
1 1909
1 3458
1 569
2 1842
1 1503
2 540
2 886
1 1949
1 2374
2 2233
1 3207
2 3136
2 1997
1 460
2 755
1 1593
2 1349
1 2859
1 1146
2 648
2 2665
2 2229
1 1594
1 297
2 2720
1 2701
1 231
2 2635
1 3511
1 2416
2 1720
1 2148
2 1395
1 2359
2 986
1 1718
1 1818
1 2345
1 1416
2 526
1 1717
1 1248
2 955
1 1444
1 776
2 1787
2 1491
1 161
2 288
2 3478
2 1780
1 582
1 1473
1 1973
2 1736
2 1256
1 3116
2 1135
1 1330
1 2408
2 2294
2 1072
2 53
2 1028
2 2387
2 2486
1 3454
1 1993
1 684
2 2073
2 2567
2 3271
1 2918
2 2146
2 2960
1 3171
1 895
1 2058
1 2359
1 3333
2 1292
1 249
2 447
2 2757
2 674
1 1724
2 1635
1 51
2 1354
2 2835
1 2012
1 810
2 1533
1 1312
2 3290
2 2528
1 575
1 491
2 1495
1 3333
2 304
2 2256
1 2782
2 453
1 1044
2 3381
1 2812
2 1386
1 2241
1 2191
1 3408
2 932
1 3434
1 3390
2 367
2 1906
1 2813
2 705
1 3318
2 1218
1 2261
1 1060
1 270
2 2457
1 63
2 3487
1 369
2 1966
2 3118
1 3539
2 344
2 403
1 2
2 1557
2 1239
2 1676
2 3229
2 332
2 3543
2 931
2 3205
1 2971
1 2676
1 3187
1 2472
1 2915
2 2939
2 867
1 1266
2 1592
1 1912
2 2647
1 2171
2 747
2 1201
2 2755
1 2150
1 2288
2 1020
2 899
1 1011
2 2231
1 437
1 3322
1 2476
2 1315
1 1767
2 3212
1 973
1 2716
1 2555
2 1716
2 1136
1 526
2 1743
2 3127
1 943
2 3332
1 1913
2 1302
2 3058
1 622
1 44
2 251
2 2396
1 2807
2 2466
1 3285
2 386
1 208
2 3348
2 3313
1 1024
1 2222
1 2684
2 1799
2 2327
2 1057
1 1106
1 1690
2 2092
2 2843
1 3345
2 2787
2 2136
2 2654
1 102
1 2385
2 3300
2 1770
2 2418
1 360
2 1150
1 3052
2 2791
2 2321
1 2940
1 2544
2 488
1 682
2 2981
1 1662
2 497
2 1015
1 2236
1 508
1 1214
1 3363
1 1597
1 3128
2 859
1 1099
1 2441
1 1216
1 2237
2 88
2 711
2 2991
2 3461
1 2451
2 1393
1 2265
2 1955
1 2897
2 1833
1 2893
2 2970
2 958
1 854
2 1691
2 1438
2 3175
1 2107
2 1129
2 2203
2 2358
1 382
1 2363
2 25
2 1238
1 257
1 1451
2 1730
2 570
2 1466
1 818
1 2566
1 55
1 2324
2 1831
1 3180
2 2785
1 3068
1 1741
1 505
2 2506
1 2057
2 232
2 2192
1 831
1 1830
2 3189
2 1629
2 726
1 2206
2 971
2 2496
1 2186
1 1522
2 2718
1 862
1 3341
1 1859
2 303
2 2956
1 2341
1 2291
2 3397
2 1757
2 2043
2 3512
2 3297
1 2092
1 77
1 2298
2 1157
2 1609
2 1047
2 2410
2 1973
2 1706
2 1560
2 1932
2 1518
1 982
2 544
1 2776
2 2741
1 2086
1 426
1 969
2 3264
1 3132
1 2816
1 1258
1 2620
2 3439
2 1464
1 2461
1 3279
1 1035
2 520
2 1515
2 1777
2 2629
2 907
2 764
1 1220
2 2633
1 167
1 1033
2 2346
1 1840
2 3050
2 637
2 108
2 2479
2 3227
2 298
1 305
2 2756
2 3522
1 2442
1 645
2 1894
1 2520
1 2227
2 847
2 2007
2 2367
2 367
1 3515
2 2618
1 1430
1 856
1 1511
1 17
1 290
1 1538
2 3270
2 2032
2 1403
1 2366
1 2801
1 2870
2 3406
1 542
1 1398
1 70
1 1220
2 576
2 319
1 547
2 1103
2 2788
1 1842
2 2817
2 2327
1 2959
1 2801
2 2357
2 1081
2 2611
1 441
2 2632
2 89
2 1522
1 455
2 1408
1 3369
2 2768
1 1846
1 2381
2 1055
2 896
2 3404
2 1981
2 286
1 1455
1 1541
1 3066
2 1213
1 2681
1 1307
2 1566
2 3298
2 3465
1 82
2 2208
1 1070
2 1441
2 81
2 2116
1 1176
2 280
2 935
2 2590
1 340
1 841
2 818
2 1958
1 1502
1 318
2 2296
2 689
2 3095
2 3413
1 1591
2 3282
1 2424
2 2518
2 1463
2 2100
1 3403
1 3294
2 1887
1 884
1 3463
2 461
2 2993
1 384
2 2534
1 3484
1 2673
1 1196
2 409
1 1874
2 1192
1 1204
2 2531
2 94
1 2708
1 3314
1 2738
2 2760
1 3112
2 434
2 645
1 2873
2 3047
1 602
2 3545
2 619
1 753
2 1815
2 2108
2 175
2 707
2 3131
1 2315
1 1971
2 1145
2 2204
1 3474
1 2630
2 1701
1 780
2 2800
2 2078
1 1646
2 2514
1 1260
2 930
2 1694
1 2472
2 756
1 1542
2 3222
1 1143
2 2936
1 1789
1 1287
1 1851
2 697
2 1421
2 1962
1 1523
2 2452
2 750
1 2872
2 1058
2 2742
1 1710
2 578
1 1108
1 1279
1 3305
2 1761
1 76
2 2826
1 256
1 1151
1 2311
1 1307
1 825
1 3231
1 3426
1 1374
2 2422
2 1061
1 2982
2 1493
2 1901
1 2547
2 2779
1 3399
1 3169
2 2421
2 2170
2 1102
1 662
1 2572
1 745
1 3401
2 715
2 3449
1 1700
1 1235
2 30
1 2343
2 1866
1 1572
2 2952
2 763
2 2163
1 3083
2 1751
1 111
1 1699
2 2537
1 805
1 970
1 1007
2 801
2 736
1 1664
2 2069
2 2639
2 2796
1 61
2 1219
1 474
2 3255
1 404
2 548
1 837
2 3094
1 3089
1 767
1 695
2 3212
2 2197
1 1936
2 1971
1 2915
2 3364
1 2470
2 3507
1 1373
2 1652
2 3027
1 3304
2 3175
1 2245
1 3002
2 2333
2 249
2 28
2 889
1 48
2 3173
1 1921
1 1916
2 118
2 739
1 2156
1 2549
2 1959
1 3374
2 1241
2 2762
2 1976
1 200
1 3117
1 3198
2 465
1 3424
2 3101
1 2638
2 83
1 2778
1 1613
2 1713
2 207
1 806
2 1025
2 266
2 1563
1 2246
1 1390
2 3430
2 2621
2 211
2 1748
2 3475
1 548
1 2515
1 371
1 2471
2 605
2 1500
2 2009
2 186
2 2263
1 1574
1 769
2 3133
2 912
2 3036
1 1118
2 3342
1 2729
2 2744
2 1453
2 2294
2 3138
2 1766
2 2281
1 779
2 2182
2 860
2 2167
2 3252
2 2563
1 2717
1 2105
1 2980
2 43
1 3035
2 2131
2 995
1 550
1 2045
1 3194
1 1500
1 1491
1 1834
2 819
2 242
2 2988
2 1919
1 2645
1 692
2 867
1 3524
1 1352
1 1643
1 2899
1 1413
1 2434
1 1215
1 2720
2 774
2 2482
1 903
2 2874
2 1954
1 2810
2 2034
2 1477
2 756
1 3548
2 2814
2 3003
2 1797
1 514
1 1433
2 3420
1 2661
2 2080
1 1583
1 3549
2 2320
2 1163
1 3419
2 1345
2 847
2 3296
2 199
1 313
2 2459
1 482
1 2488
1 29
2 2062
2 1916
1 316
1 2758
1 2675
2 754
1 3123
2 1529
1 3235
2 1584
2 3396
1 2457
2 1422
1 513
2 88
2 2272
2 1039
2 3230
2 1863
1 3249
1 2483
1 1946
1 196
1 2443
1 2803
1 697
2 1115
2 330
2 2881
1 221
2 2998
1 1299
2 3269
1 965
2 271
1 638
2 1649
2 1956
2 1246
1 2598
2 2618
2 3499
2 1813
1 2295
1 804
2 676
1 930
1 768
1 2389
1 1322
2 2302
2 3389
2 3156
2 143
1 3444
1 2358
1 375
1 2297
2 57
1 2415
1 2087
1 642
1 1429
1 758
2 1310
2 1396
1 2017
2 2411
1 1461
2 110
2 2274
2 2319
1 1931
1 1402
2 3055
1 2494
1 2082
2 2193
2 380
1 1079
1 1087
1 1171
1 655
1 2298
1 253
2 2513
1 3135
1 3032
1 1962
2 2309
2 2349
1 1677
2 2934
2 3096
1 651
2 2697
2 1923
1 1848
1 2470
2 3482
2 929
2 102
2 3329
2 854
2 3509
1 541
2 943
2 2840
2 2600
1 1620
1 647
2 2531
2 2749
1 529
2 823
2 2075
2 941
2 2137
1 3516
2 2101
2 2788
1 3114
2 2319
2 3009
1 850
1 3023
2 1277
1 2052
1 591
2 591
2 3074
1 614
1 1578
1 2485
1 2291
2 340
2 1900
2 3434
2 97
1 2313
2 3287
2 3324
2 59
1 2186
2 3464
2 2360
1 2320
2 3502
2 1513
1 3214
2 3031
1 1990
1 3203
2 2972
1 557
2 254
1 485
2 165
2 3092
2 899
1 2534
1 2448
1 1090
1 3417
2 2508
1 1835
2 1046
2 2229
2 2117
2 16
2 1394
2 1844
1 569
2 141
2 2198
1 1272
2 2602
2 388
2 1025
2 3051
2 3269
1 960
2 3199
1 1363
1 1006
2 2005
2 3192
2 853
1 2772
2 1382
1 2110
1 796
2 925
2 840
2 2392
2 443
1 2814
1 2799
1 1517
2 1221
2 932
1 2014
2 947
1 1340
2 1408
2 1692
1 1391
1 2423
2 1203
1 1299
2 2511
2 1131
1 537
2 247
2 2446
2 1288
1 3327
1 1077
1 1776
2 1281
2 1721
2 2931
1 114
2 2555
1 2130
1 281
1 1071
2 1447
1 2255
2 1426
2 530
1 204
2 3262
2 3237
2 513
1 3306
2 1727
2 104
1 2694
2 1457
1 834
1 3460
2 3533
2 2280
1 3338
1 2858
2 1409
1 3431
1 2616
2 1205
2 3107
1 58
1 431
2 2683
1 2506
2 2710
2 2900
1 1814
1 2965
1 1350
2 3272
2 3359
2 1267
1 1369
1 2299
2 47
1 2292
1 2822
2 1502
2 94
1 1533
2 1709
2 2393
2 1990
2 942
1 2030
2 722
2 1788
1 50
1 771
2 1720
1 355
2 3296
2 3075
2 192
2 133
2 336
2 1400
1 1296
1 676
2 1828
2 2226
1 615
1 2968
2 3177
1 3249
1 3103
1 858
1 571
2 1987
2 302
2 1655
2 1783
2 1395
2 1586
2 2344
1 1775
1 3373
1 2735
2 74
1 3211
2 2923
2 2887
2 2106
2 725
1 483
2 716
2 3013
2 2552
2 92
2 1386
1 2837
2 1182
2 2833
1 380
1 744
2 432
2 2721
1 1339
1 270
1 1938
2 2389
2 2648
1 2600
2 3548
1 2942
2 275
2 2215
1 3135
2 1231
1 3477
2 1604
2 3460
1 1570
1 1249
1 515
2 186
2 1160
1 562
2 1982
2 2756
2 578
2 2210
1 3385
1 2394
1 535
2 3498
1 3239
2 793
1 1767
2 1417
1 1797
2 1052
1 2876
2 2340
2 467
2 2331
2 396
1 1133
2 1779
1 1446
2 1792
1 387
1 252
1 3472
1 159
2 2638
1 2516
1 1351
2 1999
2 2693
2 613
2 2064
1 563
2 817
2 2285
2 2909
1 3506
2 1606
1 1661
2 2200
1 142
2 3246
1 2420
1 3391
2 1579
1 64
1 2733
1 1992
1 2363
2 912
2 3009
2 2642
1 36
1 1428
1 3326
2 1407
2 1789
2 1037
2 2429
2 2314
1 2921
1 2947
1 2584
1 395
2 826
1 835
2 163
1 945
2 1422
2 2098
1 1592
2 5
2 219
1 781
1 1549
1 1828
2 1507
2 1659
2 38
1 1627
1 859
2 1515
1 953
1 2193
1 2546
2 1897
2 893
1 1883
2 1863
1 3217
2 878
1 844
2 2606
2 2978
2 520
2 1366
2 1286
2 1504
2 506
2 91
2 59
1 407
2 696
1 2201
2 1839
1 662
2 2640
1 3190
1 2475
1 1957
2 2829
2 2697
2 1024
1 203
1 3462
1 326
2 2818
1 2129
2 1269
1 2300
1 1669
1 3022
1 1699
2 1841
1 129
1 1010
1 328
1 3540
2 2029
1 2755
1 509
1 1389
2 1838
2 146
2 3179
1 784
2 832
2 1054
2 1784
2 1977
2 677
1 3073
1 3443
1 918
2 2296
2 2982
2 1552
1 1836
2 656
2 1505
2 3183
2 496
1 956
2 2012
2 2404
1 783
1 3408
2 656
2 2763
1 3209
2 2002
2 1600
1 583
2 2527
2 2773
1 543
2 1036
2 1155
2 321
2 800
2 665
1 1275
2 1670
2 1636
1 1546
1 1941
2 1573
1 1184
1 212
2 95
1 3334
1 587
2 1314
1 3497
1 1621
1 995
2 1337
2 98
2 3170
1 1723
2 2266
2 2786
1 1462
1 1159
1 2991
2 296
1 1095
1 2844
2 1927
2 795
2 1768
1 1137
2 927
2 1272
2 840
2 327
1 3490
2 3357
1 1750
1 2375
2 3244
2 2593
2 982
1 876
2 2851
1 1712
1 3508
2 314
2 440
1 313
1 2217
2 2678
1 405
1 1465
1 2835
1 1711
2 1756
1 3004
1 1258
2 230
2 174
1 1764
2 1701
2 277
2 2674
2 1684
2 1264
2 1152
2 517
1 2434
1 1702
2 1454
2 559
2 3359
1 597
2 2524
2 2266
1 1644
1 3321
2 538
2 618
1 210
2 2176
2 1562
2 2222
2 728
1 2465
2 368
1 2346
2 1617
2 1687
1 2431
1 3204
1 2244
1 506
1 3312
2 2857
2 1812
2 362
2 1365
1 759
1 1555
1 2355
1 2681
1 2055
2 2935
2 3315
2 1539
1 504
2 981
2 2875
2 3284
2 1005
1 2527
2 3325
1 3054
2 536
2 1262
1 812
2 1706
1 3156
2 3468
2 2225
2 3483
2 2164
1 2347
1 2093
1 1895
2 764
1 2705
1 2464
1 2242
2 3360
1 831
1 2649
2 3153
1 3529
1 1099
2 1903
2 1432
2 1217
1 1229
2 3501
1 1972
1 1050
2 572
1 816
2 2110
2 933
1 2574
1 1391
1 556
1 2272
2 654
1 626
2 22
1 3145
2 365
1 2081
1 2141
2 293
2 3544
1 1747
2 1809
1 2237
1 1550
2 1657
1 2861
1 2149
1 2495
2 580
2 3197
2 657
1 3480
1 317
1 241
2 3277
2 1255
1 705
2 2695
1 3371
1 2006
1 2856
1 2058
2 2954
1 1048
1 2119
1 3077
1 3304
2 763
2 1607
1 1379
2 1864
1 947
2 1264
1 3178
2 3431
2 979
1 2848
2 830
2 3037
1 2796
1 1986
2 1819
1 3245
2 2018
2 1452
1 3275
2 211
2 503
2 353
2 2885
2 2279
1 2740
2 499
2 1002
2 619
2 1697
1 1765
1 278
1 184
1 3044
2 245
2 2165
2 1645
2 1652
1 1915
2 936
1 172
2 334
2 1038
1 3473
2 2794
2 1052
2 1424
2 3137
2 1560
1 2646
2 2827
2 1697
2 478
2 395
1 219
1 1788
1 1049
1 1920
1 885
1 2163
2 929
1 3159
1 1143
1 1331
1 2701
2 3120
2 1651
1 3472
2 2275
1 2888
1 1240
2 2045
2 3281
2 964
1 217
1 1650
2 388
1 1188
1 652
2 2793
1 992
1 1029
1 1011
2 179
1 2274
1 422
2 1212
1 2603
1 3515
2 2385
1 1606
1 3062
1 2202
2 2777
1 3128
1 729
1 1142
2 2124
1 673
1 2983
2 250
2 2350
2 653
2 689
2 2309
2 3340
1 3484
1 2117
1 855
2 1668
2 632
2 3439
2 130
1 255
1 3358
1 3385
1 2764
1 3536
2 341
2 73
2 1867
2 3093
1 2656
2 1952
2 2151
1 125
2 3002
1 2200
2 975
1 3017
1 2688
1 354
1 2922
1 3260
1 3164
2 3203
2 881
2 2329
2 2061
1 2961
2 2135
1 3125
2 2928
1 16
2 681
2 32
2 3415
1 2538
2 839
1 3311
1 1786
2 459
2 521
1 2806
1 1530
1 2828
2 2924
1 1183
2 160
1 3000
2 293
2 462
2 2225
1 507
2 3084
2 3170
1 2455
2 1380
2 2183
1 2585
1 2741
2 3517
2 215
2 1595
1 3545
1 346
1 1555
1 1362
1 1318
1 1443
1 2848
1 170
2 399
2 811
1 3144
1 2094
2 345
1 693
2 2377
1 3481
2 2018
1 2095
2 2194
2 323
1 745
1 1063
2 429
1 1804
2 1854
2 2997
2 950
1 79
1 1826
2 892
2 257
2 1407
2 1270
2 413
1 691
1 2155
1 3307
1 466
2 905
1 1913
2 1811
2 1911
1 1703
2 779
1 2876
2 1985
1 2075
1 1718
1 1589
2 877
2 1510
1 2311
2 2355
1 3518
2 1949
1 691
2 2033
1 749
1 2463
1 3033
1 3025
1 446
2 1998
2 3508
1 3489
2 696
2 1003
2 2218
1 1124
2 3172
2 165
2 1364
2 2078
2 1209
1 2305
1 1968
2 1213
2 2306
2 3494
2 1820
1 1603
2 348
1 1733
1 2973
2 2019
1 2867
2 2849
1 3130
2 1444
1 1996
1 408
1 3264
1 410
1 1581
2 478
1 2390
1 198
1 65
2 3377
2 2765
2 71
2 1072
2 104
1 1425
1 1039
1 752
2 415
1 1033
1 1795
1 3505
2 2954
2 1783
1 77
1 2069
2 2515
2 2131
1 2978
1 1680
2 1561
2 1761
1 2300
1 2818
1 3348
1 2518
2 890
1 2715
1 1738
1 3370
2 2419
2 430
1 3209
1 544
1 1878
1 1335
2 3215
2 590
2 1823
1 1727
2 3440
1 2307
2 1174
1 3018
1 3115
1 1153
1 539
1 1975
2 1167
2 43
1 2430
1 1933
2 3382
2 2645
1 2732
1 1042
1 1898
2 876
1 893
1 2407
1 1207
2 73
2 957
1 312
2 911
2 1602
1 2036
2 1908
1 2377
1 1799
1 3116
2 2429
1 1287
2 1930
2 2690
1 3074
2 3141
1 910
1 2100
1 2304
2 1793
2 1138
1 956
2 870
1 2795
1 909
2 554
2 829
1 2877
1 2571
2 2920
2 2733
1 1424
1 777
2 1334
1 716
1 2689
1 3290
2 907
1 1992
1 2834
1 225
1 1605
1 111
2 2290
1 2234
1 1070
2 487
2 1843
2 789
2 1620
1 151
2 2039
1 536
1 113
1 2445
1 1891
2 2977
2 3036
2 1449
1 2400
2 1940
1 2145
2 2453
1 1581
1 3370
2 3142
1 562
1 3104
1 984
2 2729
2 1252
2 1357
2 2127
2 1198
1 1172
1 105
2 1577
1 350
1 1634
1 2065
1 241
1 3145
1 3232
1 62
2 3387
1 357
1 1316
1 2207
1 1588
1 1707
1 3547
1 3342
1 611
2 2958
2 2894
2 1774
1 2775
2 3489
2 263
1 1481
2 1068
1 558
2 1493
1 3531
2 3377
1 2244
2 2427
1 278
2 2107
1 574
2 2938
2 3421
1 843
1 892
2 3462
2 3355
1 1141
1 1144
1 2467
2 1881
2 3301
1 1454
1 978
1 938
1 1922
2 486
2 2152
1 35
1 2246
2 1043
2 1505
2 497
1 299
2 2907
2 708
1 251
1 3500
1 135
2 1175
1 1138
1 3356
1 1107
1 1150
1 758
1 1840
1 2828
2 3465
1 1479
2 6
1 2590
2 737
2 986
2 1329
1 320
2 3087
2 1514
2 1899
1 2391
2 2369
1 1725
1 3291
1 349
1 2344
1 413
2 647
1 748
1 252
1 394
1 2000
2 1180
1 675
2 2184
1 2737
2 3437
2 3012
1 2770
2 1803
2 3029
2 1082
1 2283
1 3486
1 390
2 3469
1 2870
2 1042
2 1278
2 1658
2 1614
2 2405
1 157
1 3098
1 456
1 99
1 3217
1 1864
1 1885
1 3109
1 2994
2 1413
2 639
1 2942
1 985
2 1056
2 1438
1 1419
1 2987
2 524
1 3213
1 2754
1 1157
1 2262
2 2161
2 3028
1 2576
2 1564
1 121
1 194
1 2262
1 1121
2 872
1 2520
1 888
1 1857
1 1179
1 937
2 1244
2 1016
1 3341
2 68
1 113
1 387
2 2441
1 861
1 3452
2 84
1 590
1 1414
2 332
1 1994
2 1566
1 3418
1 2880
1 603
1 216
2 2530
2 2322
2 1436
2 3214
1 3474
1 1999
1 685
1 2911
2 1686
1 2480
1 581
2 3200
2 2376
1 592
2 370
1 971
2 3495
2 2578
2 2357
1 2810
1 1000
2 3550
2 1169
1 137
1 2095
2 3522
1 3182
1 3046
2 324
2 3443
2 2986
1 570
2 472
1 2308
1 1614
2 2003
2 2974
1 3090
1 1988
2 2663
1 669
2 685
2 1642
2 286
2 1075
2 3027
2 3446
1 1602
1 433
1 2037
1 234
2 687
1 1945
2 3509
1 3459
1 1292
2 3400
1 206
1 2013
1 2986
2 338
2 2670
1 2353
2 475
2 1856
1 2912
1 247
2 1871
1 2333
1 2419
1 3491
2 2707
2 934
1 1824
1 2647
1 992
1 1271
2 625
2 411
2 761
1 38
2 342
2 3306
1 290
2 577
2 130
1 3416
2 70
2 3345
2 649
2 3182
2 468
1 2149
1 1754
1 2595
2 2912
2 200
1 237
1 537
1 1995
2 2016
2 3475
2 55
1 2667
1 1760
1 3293
1 96
1 1009
2 741
1 3101
1 2125
1 3039
2 2683
1 1145
2 374
2 2895
1 2233
1 1934
1 2726
1 701
1 179
1 258
2 3541
2 128
1 3190
2 2362
2 900
2 1388
2 519
2 1359
2 3176
2 1127
1 1334
1 2074
1 2845
2 3282
2 874
2 2079
2 742
2 2234
1 734
1 1806
1 1734
2 3376
2 2331
1 1616
1 1472
1 1598
1 505
1 2011
2 3192
2 3528
2 25
1 1753
1 1456
2 2024
2 2975
2 39
1 2351
2 3111
1 1149
1 2540
2 3293
1 267
1 770
2 1297
2 2066
2 1084
1 1067
1 1611
2 663
1 3478
2 2221
1 1054
2 476
1 2056
2 2537
2 2660
2 730
1 479
2 2147
2 1167
2 729
2 327
1 2055
2 3392
1 1381
1 1111
2 2671
1 307
2 454
2 2251
1 1267
1 1173
2 627
2 158
2 2456
2 1800
2 1794
2 2511
2 2490
1 2025
1 2392
1 2053
1 2112
2 40
1 423
2 225
1 2328
1 1067
2 2769
1 2994
1 1586
2 2752
2 2582
1 379
2 3143
1 1675
2 988
2 229
2 1363
1 1222
1 3268
2 1427
1 3316
1 3436
1 3375
2 527
1 2183
2 719
2 1523
1 2516
1 2321
2 29
1 501
2 813
1 2998
2 1745
2 2964
1 295
1 922
2 404
1 1418
2 2450
1 2288
2 273
1 962
2 1061
1 1365
1 1349
1 103
2 1520
1 2295
2 392
2 2086
2 3358
2 2307
1 2436
1 1298
1 2807
2 436
1 1105
1 3447
1 994
1 1826
1 3336
1 1460
1 3048
1 622
2 928
1 1540
2 821
1 92
2 1004
2 39
1 683
1 3008
2 2072
2 3161
2 3275
2 383
1 195
1 734
2 446
2 1979
2 2984
2 642
2 324
1 3057
2 504
2 2846
1 438
1 2209
1 3250
1 272
2 1339
2 2124
2 2403
1 1246
1 515
2 1879
1 487
1 3157
2 3226
1 2630
2 2052
2 89
1 2543
1 1792
2 93
1 2999
2 1464
1 3367
1 169
1 906
1 628
2 464
1 2178
2 743
2 118
1 3071
2 312
1 630
1 1824
2 1488
1 2909
2 2175
2 3206
1 3352
1 2492
2 2223
1 553
1 1570
2 1831
2 3429
1 1045
1 2939
2 300
2 1032
2 1250
2 2948
1 1202
2 1360
1 3141
1 1053
2 3053
1 412
1 1537
2 3043
1 2498
2 2869
1 2691
2 3503
2 534
1 2144
1 2068
2 65
2 3320
1 2271
1 844
2 3276
2 2811
2 494
1 54
1 2435
1 2613
2 3221
2 3525
2 1196
2 3208
2 1430
1 749
2 693
2 2543
1 3008
2 878
1 2316
2 2370
2 3168
2 1358
1 2634
2 1847
1 2011
2 1185
2 27
1 2443
1 1736
1 1294
2 296
2 2354
1 2839
1 1372
1 2971
2 1260
2 824
2 2502
1 1497
2 2853
1 710
2 1265
2 2930
1 1271
1 1577
2 12
1 3244
2 1302
2 3057
1 1404
1 3226
2 1487
2 1295
2 1752
2 1873
1 2626
1 2739
2 1441
1 573
1 3414
1 3105
1 3223
2 3542
2 3518
1 483
1 1847
1 453
2 1888
2 218
2 213
2 155
1 3510
2 2203
2 1432
1 1673
1 1860
2 1902
2 3234
2 2219
2 1666
2 2015
1 1862
2 3344
2 2575
2 31
2 2926
2 769
1 1094
2 2039
2 1066
2 3189
1 2906
2 86
2 1181
2 3393
2 1724
1 3337
1 1778
1 277
2 3452
1 2943
1 1062
1 1342
2 999
2 2037
2 477
1 551
1 3388
1 232
1 1543
1 3471
1 1279
2 1729
2 2643
1 1802
2 2503
1 3005
1 1861
2 2473
2 433
1 3373
2 3233
1 2213
1 1861
2 490
2 1474
1 117
1 1459
2 2260
1 2049
1 1801
1 730
2 498
2 1401
1 2038
1 606
2 1041
1 1791
2 2145
1 2046
1 1946
1 2696
2 687
2 2692
2 244
2 540
2 300
2 1489
2 2769
2 906
2 2624
2 1325
1 2805
1 849
1 1622
1 2914
2 1450
2 2911
2 1359
1 2653
1 148
1 231
1 1682
2 979
1 2728
2 269
1 3016
1 2241
2 2322
1 2919
2 989
1 1781
1 2905
2 970
2 3531
2 2080
1 1785
2 1083
1 2614
2 1535
2 2823
2 3494
1 949
2 1357
2 634
2 637
2 1924
1 315
2 2695
2 1830
1 1077
1 202
1 173
2 566
2 814
1 1492
1 571
2 3289
2 338
1 2668
2 3152
1 3311
2 2050
1 15
1 2445
1 888
1 2480
2 828
1 738
1 885
1 90
1 2072
2 3109
1 546
1 2648
1 2880
1 2152
2 1656
1 2236
1 54
2 2976
2 1905
2 3161
2 2821
2 261
1 931
2 2174
1 3302
1 2937
2 343
1 2654
2 3020
2 2489
2 2548
2 22
2 609
1 603
2 2310
2 1342
1 1385
1 1059
1 2528
1 1471
1 902
1 2285
2 1486
2 1211
1 2668
2 2334
2 2856
2 2159
2 1660
1 1103
2 335
1 3466
2 2557
1 403
1 1321
1 2913
1 2966
2 2850
2 1722
1 1305
2 3435
1 1754
2 3123
1 3163
1 90
1 2765
2 2077
1 279
2 1471
2 1607
1 2247
1 2328
1 976
1 2273
2 3234
1 401
1 356
2 1873
1 2342
1 660
2 3399
1 3048
1 1371
1 2753
1 1193
2 2116
2 1273
2 47
1 702
1 2267
2 3339
1 3313
2 1869
1 1787
2 1069
1 351
2 1910
2 739
2 2865
1 2352
1 2057
1 112
2 1681
1 1974
2 1133
1 3492
2 2253
1 2569
1 185
1 1411
1 3480
2 1073
2 2042
2 3098
2 726
1 1266
1 1098
2 1440
1 580
2 2894
2 3253
2 644
1 2059
1 1064
2 2964
1 2820
2 440
2 539
2 559
2 543
1 1730
1 2040
2 3453
2 2164
2 2623
2 2247
2 2719
1 462
1 3457
2 358
2 977
2 1953
1 1336
2 3184
2 1688
2 60
1 2586
1 107
1 2199
1 1489
2 3194
2 409
2 961
1 2637
2 1963
1 2861
1 2136
1 3308
1 2006
1 125
2 1857
1 2901
1 1961
1 711
1 1057
1 2855
1 2361
1 1468
1 1243
1 989
1 3270
2 529
1 2781
2 3106
2 804
2 2946
1 3374
1 1685
1 3384
2 110
1 2317
1 3075
1 778
2 1796
1 377
1 925
1 1047
2 3514
1 214
2 2212
1 1477
2 1003
1 2529
2 289
2 944
1 1545
2 2402
1 1112
1 2588
1 144
2 516
1 2490
1 920
2 2432
2 2596
2 952
2 1666
1 489
1 83
1 865
1 2022
2 3213
2 917
2 480
1 990
1 1249
1 1671
2 2023
1 284
1 1877
1 1371
2 2276
1 640
1 346
1 96
1 1749
1 1750
1 1588
2 2021
2 2969
1 1773
2 2768
2 1642
1 2207
2 1026
1 261
2 1344
1 1121
2 2056
2 3295
1 3052
2 267
2 2281
2 3300
2 150
1 574
1 1274
2 2051
1 2276
2 1021
2 1470
2 2552
2 190
2 2261
2 3299
2 1313
1 1670
2 3324
2 927
1 2249
1 2803
1 1309
1 2992
2 1785
1 3380
1 2066
2 2580
1 1944
2 1732
2 2672
2 427
2 3362
2 3428
2 2957
1 1935
2 1618
1 1568
2 2433
2 280
1 1285
2 2790
1 3326
1 3346
1 3064
1 484
2 248
2 2746
2 1735
2 1536
1 607
2 2771
1 851
2 2121
1 1158
2 2090
1 1316
1 1247
2 3091
2 2929
1 1181
1 347
2 646
2 3376
2 2757
2 3218
2 3520
2 2341
1 306
1 2091
2 1397
2 1180
2 1325
2 3193
2 2892
1 3427
1 1827
1 1125
2 2162
1 2792
1 1616
1 2943
1 3467
1 1289
2 2076
2 2919
2 117
1 3375
2 3543
1 3236
2 452
2 621
1 3390
2 3082
1 2067
1 2561
2 1353
2 1765
1 720
1 2955
2 1963
1 1251
1 2725
2 731
1 138
2 2679
1 994
2 1928
2 827
1 1080
2 1139
2 1399
1 881
1 935
2 2041
1 473
2 1469
1 1347
2 3219
2 1105
1 1692
2 3121
1 2030
2 2752
2 1230
2 93
2 3165
1 626
2 2478
1 2371
2 2224
2 3110
1 1327
2 1403
2 568
1 3158
2 546
1 1273
2 1361
1 3105
1 3398
1 1370
1 1186
2 3421
2 920
1 177
2 3298
1 787
1 1347
1 1893
2 491
1 1548
2 3504
2 3451
2 1119
1 2442
1 846
2 2521
1 2545
1 1882
1 635
1 2161
2 2727
2 1236
1 1619
1 722
2 1739
2 322
1 1846
2 3063
1 3485
2 777
1 2447
2 3082
2 1367
1 144
1 1312
2 2740
1 945
2 2700
2 283
2 2798
2 1179
1 1079
2 1026
1 1442
2 1762
2 2509
1 1879
2 2211
1 842
1 1951
1 2297
1 2313
2 1892
2 2137
1 1907
2 1641
2 1600
2 2384
2 123
1 1822
2 2364
1 82
1 807
2 850
1 3448
2 1392
1 1303
1 2536
2 2156
1 3295
2 1714
1 456
2 1389
1 1904
2 1912
1 760
1 1790
1 883
1 2607
1 2231
2 161
2 1134
1 2907
2 1624
1 1113
2 3258
2 3061
1 193
1 661
1 1567
2 1939
1 420
1 419
1 366
1 1031
2 154
1 2469
2 2323
2 2264
1 1190
2 2332
1 2089
1 751
2 3021
1 2448
2 2784
1 2284
