7100 3500
1 1826
1 2434
1 881
2 2741
1 1762
1 469
1 1724
2 3521
1 2294
1 2315
1 1063
1 2328
1 3091
2 456
2 2171
2 2144
1 697
1 2230
2 1979
1 2873
2 1718
2 1125
2 2793
2 1952
2 1160
2 3351
2 1442
2 2416
1 837
1 2538
1 2712
1 1373
2 847
1 1462
2 1875
1 71
1 3355
1 1111
2 3249
1 2982
1 167
2 1782
2 702
1 3103
2 2463
2 3370
2 1660
2 1827
1 3404
2 2463
2 2896
2 1680
1 2312
1 968
2 8
2 1668
2 46
1 1210
1 2950
1 1970
2 1168
1 1126
2 1065
1 603
1 2930
2 1480
1 3056
1 127
2 54
1 591
1 2876
1 1892
2 579
1 744
1 1459
2 2617
1 480
2 2596
2 1841
2 2690
1 2625
1 949
2 2618
2 1168
2 77
2 1476
2 1479
1 83
1 2912
2 3525
1 2296
1 978
1 372
2 301
2 1467
2 270
2 1501
2 2503
1 2039
2 1439
1 3247
2 1793
2 1878
2 3042
1 1364
2 3159
2 2246
2 2488
1 1336
2 2359
1 1049
1 1455
2 3310
2 3518
2 1600
2 1258
2 673
1 130
1 2250
2 2354
2 2228
1 2656
2 3072
1 485
1 1418
1 1117
2 2571
1 716
1 2865
1 2657
2 121
1 2784
2 1209
1 1716
1 2773
2 612
2 2527
1 932
2 359
1 646
1 1542
1 1897
1 2459
1 3312
1 2478
1 1624
2 2935
2 6
1 194
1 1003
1 142
1 3548
1 764
2 534
1 2343
1 84
2 1720
2 3390
2 742
1 497
2 1804
1 2852
1 2673
2 3389
2 1601
1 1759
2 2908
2 2402
1 2821
1 423
1 612
1 2290
1 22
2 2517
2 626
1 2052
2 660
1 3352
1 2499
2 904
1 1937
2 3020
1 863
2 2686
1 3393
1 2065
2 2590
1 2507
1 2943
2 2646
2 2208
2 1289
1 1597
2 2699
2 451
2 2781
1 249
1 2799
1 1626
2 1603
2 2511
1 483
2 3336
1 2875
2 2950
1 712
2 3301
1 1629
2 2220
1 3141
1 338
1 900
2 1725
2 682
1 1642
2 3373
2 1047
1 2457
1 295
1 2899
1 1214
1 3342
2 2562
1 1971
2 1076
2 762
2 3474
1 1280
2 995
1 2362
1 2661
1 3542
1 3285
2 677
1 685
1 1914
2 1448
1 789
2 580
1 335
1 365
2 20
1 1208
2 1280
1 1260
1 1044
1 2390
1 2286
1 1784
2 1288
2 1903
1 3225
2 3181
2 2525
2 3019
2 2083
2 2244
2 1592
2 2434
1 695
2 670
2 2994
1 644
2 2798
2 2704
1 2831
1 800
2 637
2 3
2 1686
1 2202
2 1137
2 2717
2 1325
1 1133
2 2415
2 2252
1 2834
2 2911
2 3335
1 1576
1 1601
1 3198
1 3527
2 604
2 201
2 1009
2 1229
1 2140
1 1411
2 2796
1 2529
2 65
2 1333
1 1453
2 1072
2 821
2 599
2 112
1 2108
2 156
1 836
2 988
1 135
1 794
1 3330
2 3096
1 197
2 2784
1 3488
2 2388
2 895
2 181
2 1781
1 3158
1 3184
1 2132
1 2918
1 3486
1 2094
2 828
2 1239
2 1828
1 3119
2 278
2 3424
1 2969
1 1604
2 2551
2 1836
2 1012
1 3386
1 687
1 2777
1 1835
1 3170
1 1058
2 3203
1 2997
2 1086
2 417
2 2662
2 2539
2 3376
1 3293
1 2943
1 3300
2 3348
2 2427
1 3070
1 3000
1 1077
1 2407
2 3324
1 751
2 1410
2 1238
2 2265
2 1199
1 2413
2 2978
1 2357
2 124
1 1940
2 3547
1 594
1 2231
1 2534
2 799
1 3533
2 1106
1 1888
1 1502
2 1490
2 972
1 302
2 1561
2 3034
1 1135
2 823
2 1201
2 2549
2 1221
1 205
2 2331
2 231
2 2585
1 2766
2 41
2 51
2 2096
1 3073
2 2393
2 2688
2 1735
2 2305
1 1760
2 2016
2 1834
2 334
2 643
1 580
1 931
1 990
2 1315
2 1541
2 3423
2 374
2 2309
2 2489
2 3026
1 3051
1 2748
1 2880
2 2155
1 968
1 715
2 2397
1 3452
2 3254
1 1954
1 2714
1 2680
1 326
2 1918
1 1906
2 1880
1 636
1 30
1 2520
2 156
1 532
1 3161
1 594
1 1607
2 3333
1 448
1 1101
1 3179
1 1915
1 2384
2 2844
2 2498
2 3357
1 406
2 1138
1 2941
1 450
1 1908
1 137
1 3137
1 1852
2 3474
2 3362
1 3412
1 923
1 336
2 1947
2 375
1 538
2 1760
2 3506
1 5
1 2526
2 654
2 1993
2 1270
1 1369
1 221
2 1782
1 3314
1 1629
1 414
1 2733
1 160
1 2822
1 1456
2 3054
1 3425
2 3004
1 174
1 1897
2 1681
2 2081
2 2318
1 2123
2 770
2 2533
1 2513
2 1055
1 2473
1 1976
1 3243
1 1165
1 1643
1 3445
1 361
1 3080
1 2758
1 3152
1 1755
1 144
2 1850
2 1137
1 271
2 1843
2 2798
2 132
2 658
1 907
1 1203
2 1347
1 2887
2 3220
2 1505
1 2422
2 1968
1 2597
1 2232
2 2150
1 3337
2 2127
1 2554
2 2999
1 2457
1 2077
2 274
2 3331
2 3262
1 3438
2 1948
1 1326
2 3292
2 3182
2 2855
1 865
2 890
1 771
2 3483
2 2851
2 113
2 2673
1 2088
2 1749
2 306
2 303
2 2282
1 2739
1 50
1 2686
1 2011
1 666
2 2189
1 2193
1 519
1 425
1 3088
1 1248
2 678
1 521
2 2334
1 615
2 1974
1 2351
1 413
2 1786
1 912
2 1193
2 1923
2 1365
2 598
1 1224
1 676
2 3380
1 2608
1 1241
2 177
1 3296
1 158
2 17
2 3095
1 1048
1 1513
1 810
2 1110
2 1730
2 3470
1 2513
1 3325
2 1965
2 920
1 2460
2 3435
2 525
2 3469
2 820
2 2955
1 2967
1 1526
1 2291
2 1751
2 3378
1 436
1 2494
1 2647
2 2356
2 452
2 3532
1 852
1 380
2 3076
2 143
1 3341
1 333
1 1831
1 1643
2 30
2 2761
1 2511
1 1705
2 954
2 3499
2 3107
2 1794
1 1279
2 1674
1 2139
2 2288
2 1291
2 2162
1 1988
2 1766
2 897
1 581
1 1252
2 3386
2 2403
2 3081
1 1346
2 2474
1 2365
2 3329
2 1228
1 2423
1 3028
2 1087
2 3447
1 1903
2 1965
2 1557
1 9
1 2629
2 3235
1 2254
1 2241
1 778
2 1295
2 1620
2 26
2 2212
2 3519
1 69
2 1326
2 1523
1 419
1 961
1 3404
1 2151
1 2832
1 1617
1 2519
1 1872
1 1940
2 2179
1 3387
2 1527
2 2882
1 715
1 866
1 1095
2 3138
1 1742
2 1363
1 1929
1 1775
1 634
1 1454
2 1064
2 2101
2 2881
2 3160
1 2357
2 2967
1 824
2 499
1 2818
1 2651
1 512
2 2602
1 344
2 2185
2 538
1 149
2 37
2 3379
1 1995
1 3204
1 2984
2 1639
2 245
2 2939
1 1306
2 914
2 297
1 2746
2 717
1 2443
2 1915
1 1641
2 100
1 2683
1 87
2 2146
2 3101
2 2006
1 3187
2 1363
1 953
1 2629
1 1699
1 1484
2 2265
1 1250
1 1781
2 3134
2 2500
2 1393
2 1441
2 775
1 1384
1 1704
1 3473
1 1399
1 997
2 2528
1 678
2 67
1 378
2 165
2 2571
1 2876
1 510
2 648
1 567
2 699
1 2448
2 3223
2 2804
1 1838
2 1013
2 587
2 1389
1 781
2 1255
1 2520
1 2310
2 2779
2 301
1 923
2 270
1 2588
2 2613
1 2119
2 1595
1 409
2 1866
1 3349
1 449
2 1386
2 1705
1 478
2 1028
2 951
2 2531
2 2580
1 1689
1 2216
2 927
2 2909
1 3310
2 1539
2 2384
1 467
2 318
1 1612
1 2269
2 1007
1 1608
2 1117
1 3153
1 1886
2 1001
1 1400
2 1292
2 2883
2 819
2 1219
2 3317
2 2922
1 2790
1 1089
2 90
2 1248
1 3069
2 1930
1 1886
2 246
2 3281
1 2404
2 3439
2 799
2 474
1 1511
1 466
2 369
1 802
1 2999
2 2728
1 2051
2 484
2 3346
2 1839
2 3505
2 1729
2 768
2 3265
2 380
1 350
2 1040
2 1056
2 650
1 808
1 2462
1 2874
2 2323
2 3311
1 3027
2 1665
1 1994
2 2667
1 2273
2 575
2 3186
2 1952
2 2042
1 771
2 2594
2 1807
2 3228
2 1791
1 2564
2 2035
1 1050
2 2240
2 2236
1 669
1 813
2 1745
2 1147
1 1213
2 2974
2 453
1 3266
2 496
2 529
2 3313
1 568
1 1141
2 3199
1 2644
1 2372
2 2103
2 1752
2 1009
2 2355
2 3383
2 29
1 2334
2 3368
2 1400
2 2200
1 1321
1 883
2 2988
2 3047
1 1830
2 2458
2 1281
1 3295
1 2339
2 1639
1 2640
2 1439
1 3084
1 3345
2 1768
2 3347
1 3423
2 559
1 1272
1 1426
1 2005
1 2514
2 1278
1 504
1 2685
1 2647
2 2350
2 1698
1 2279
2 2518
2 1087
2 1934
1 1877
1 839
2 944
2 1157
1 1385
2 38
2 1078
2 3537
2 3308
2 1939
2 268
1 2842
2 2142
1 842
2 2602
2 1648
1 1287
1 407
2 2806
1 3500
2 3098
1 2471
2 3039
2 2860
1 2786
1 3278
1 991
2 1260
1 1830
2 2833
2 415
2 2412
2 1532
2 408
1 172
1 1577
1 2194
2 2505
2 2942
2 1670
1 2181
1 1494
2 3230
2 1956
1 2172
1 255
1 2477
2 3091
2 3538
2 1700
2 2693
1 2075
2 1034
1 3264
2 494
2 2005
1 1608
2 944
1 1352
2 1876
2 3163
2 186
1 2809
1 2946
1 1324
2 874
2 3108
2 1869
1 1412
1 1882
1 1544
1 1277
2 851
2 2594
2 2868
1 2130
2 3464
1 562
2 3269
1 3238
1 180
2 2082
2 1299
2 1832
1 3528
2 189
1 3466
2 521
2 982
1 574
2 3095
1 238
2 2991
2 1347
2 2281
2 2318
2 1657
1 81
2 170
1 300
1 684
2 2644
2 3456
1 1
2 840
2 3548
1 1302
1 2867
2 3218
1 330
2 2973
1 703
1 398
2 3547
2 3162
1 674
2 2732
1 1497
2 18
2 839
2 3017
2 2508
1 929
2 1942
1 545
2 2453
1 1720
1 2038
1 134
2 1301
2 1520
2 3436
1 3460
1 220
1 3013
1 3410
1 1774
2 25
2 1398
2 2693
1 2953
1 812
2 2207
2 1622
1 2813
2 2389
1 3140
2 596
1 766
2 993
1 3279
1 2141
1 2548
1 2503
2 1904
1 3043
2 1949
2 2800
1 1124
1 3117
2 1107
1 981
1 1907
1 1871
1 2257
2 935
1 3411
2 1195
2 1101
1 631
2 421
1 422
2 2475
1 2002
1 2070
2 1528
2 2866
1 696
1 2426
1 915
1 2126
2 241
2 584
1 2506
2 2281
2 1554
1 1800
2 3042
1 947
2 2064
2 982
2 1368
1 1844
2 2771
2 785
1 293
1 1509
1 3340
1 288
2 1582
2 671
2 373
1 3388
2 2226
1 1318
2 2229
1 2588
2 1081
1 1525
1 3309
2 3333
2 3267
1 651
2 3065
2 847
2 3008
2 2264
2 261
1 13
1 3231
1 1289
1 1827
1 1939
2 2022
2 1052
1 2293
1 3531
1 922
1 609
1 283
2 3402
1 2356
1 3073
2 827
2 1150
1 3064
1 265
2 2674
2 818
2 2199
2 1637
2 2177
1 1719
2 3122
1 445
2 2857
2 1466
2 2704
1 1787
1 914
1 1383
1 3057
2 2720
2 1114
1 1407
1 3534
1 1702
1 434
2 2976
2 2497
2 663
1 3063
1 784
2 590
2 3493
1 2056
2 1401
2 459
2 178
2 3340
2 2577
1 1967
2 2716
2 629
2 2074
1 2712
2 2981
1 1477
2 236
1 2015
1 2424
2 354
1 1332
1 2057
1 1234
2 3403
1 3149
1 1676
1 308
1 1475
1 1196
2 981
2 566
1 1858
2 3529
2 627
1 816
1 1906
2 3214
2 1202
1 294
1 126
1 2353
1 2840
2 3381
1 2593
2 1925
2 92
1 2869
2 3307
1 785
1 2258
2 1233
1 1412
1 1212
1 1675
2 3398
1 1030
2 1856
1 1064
2 1165
1 3296
1 3100
1 466
2 298
2 730
2 429
1 423
2 1314
2 3045
1 929
1 370
1 772
2 3096
1 1020
1 3487
1 2966
2 788
2 3316
1 2611
2 101
2 2345
2 868
2 2405
1 1550
1 1018
2 1450
1 2668
1 2047
1 1387
1 1083
1 932
1 2063
1 2418
1 1253
2 1683
2 2178
1 1282
1 3508
2 2540
1 555
2 3038
1 2156
2 3537
1 3021
1 674
2 1132
2 3453
2 2466
2 2144
1 2829
2 1293
1 1682
1 3543
1 2776
2 948
2 2436
1 999
2 191
1 3218
1 2781
1 2254
2 3207
2 3422
2 2612
2 623
1 1852
1 2535
1 425
2 2250
1 2148
2 1092
2 3270
2 3114
1 918
2 1416
2 3396
1 10
1 758
1 3453
1 592
1 3132
1 2219
2 2021
1 1523
2 1060
2 190
2 1362
1 3079
2 1415
1 1816
2 801
1 3139
1 3318
1 2370
1 745
1 377
1 1226
2 2270
2 2747
1 2468
2 71
2 1223
1 2528
2 2701
2 959
2 2515
2 26
2 838
1 1933
1 743
2 342
1 1959
2 1198
1 3
2 44
1 699
1 3491
1 3411
1 1970
2 2679
2 3358
2 2469
2 2166
1 2475
2 2805
2 2249
1 1647
2 2863
1 2796
2 145
1 3086
1 1765
2 1208
2 2657
2 1869
2 212
2 2870
1 2103
2 3093
2 3522
2 2242
2 1812
2 115
1 2682
1 6
2 1171
2 1784
1 1619
2 1081
1 169
1 1057
1 708
1 1862
1 2896
1 1820
1 288
1 1502
1 2489
2 3240
2 1747
2 2402
2 39
2 98
1 2232
1 1569
1 3283
2 1931
1 2878
1 2558
1 119
1 3233
2 3104
1 3297
2 287
1 169
1 575
1 240
2 463
1 1833
1 1684
2 3545
2 3303
1 1180
2 3289
1 1367
1 444
2 750
2 1200
2 1188
2 1216
1 468
1 1414
2 459
1 3394
1 3455
2 2266
2 1560
2 1430
1 916
1 1372
2 2919
2 3417
2 1770
2 3374
1 3123
1 958
1 1095
1 1974
1 1926
1 884
1 3262
2 2027
2 2364
2 1059
2 275
1 2023
1 908
2 157
2 1962
1 2223
1 381
1 1805
1 887
2 1461
2 1312
1 3077
1 403
1 220
1 2840
2 2926
2 1740
2 2397
1 1924
2 1744
2 1201
2 1330
1 2890
1 139
2 278
1 2138
1 1908
2 2123
1 1448
2 3168
2 1127
1 895
1 60
1 1636
1 2449
2 1983
2 1528
2 1589
2 2262
2 2698
1 1408
2 2983
2 3526
1 1007
2 2561
1 3213
1 3307
1 1196
1 3445
2 2432
2 3452
2 2258
1 1550
1 1464
1 2248
2 1522
2 426
2 3432
2 1061
1 242
1 1284
1 468
2 2469
1 2752
1 1972
2 2086
2 1711
2 1689
2 2959
2 2020
1 1001
2 3061
1 570
1 2961
2 2523
2 1275
1 3039
1 2603
1 2510
1 2678
2 1586
2 2385
1 1251
1 2992
2 917
1 395
1 2358
2 1427
1 2787
2 1175
2 573
1 3546
1 2655
2 2676
2 3024
1 878
2 2883
1 3085
1 2133
1 757
1 725
1 1005
1 880
2 833
1 2116
1 2109
2 1473
2 1456
2 3256
1 160
1 1891
2 779
1 99
1 2983
1 3543
2 1642
2 590
1 1259
2 111
1 920
1 2253
1 207
1 2010
1 938
2 1913
1 2733
1 107
1 2002
1 328
1 2500
1 403
1 2440
2 203
1 2007
1 1225
1 222
2 3234
2 2927
1 3354
2 2795
1 2851
1 1573
2 1772
1 2296
2 1161
1 726
2 1285
1 3121
2 1202
2 1885
1 2648
2 2985
1 1996
2 1543
1 2447
1 2642
2 262
2 2542
2 2458
2 2209
2 2680
1 1961
2 1317
1 2193
1 2048
1 795
2 1582
2 202
2 892
2 2628
1 640
1 722
1 1158
2 3290
1 2762
1 1756
1 2406
2 572
2 2565
1 2806
2 3371
1 680
2 2997
2 2001
2 2098
2 1424
1 3283
2 44
2 792
2 986
2 3025
1 199
2 1310
1 1855
1 3444
1 2948
2 1371
1 1501
2 2329
1 2097
1 1909
2 70
1 2322
1 1276
2 2578
2 2226
2 1380
1 1987
1 1451
2 597
1 117
2 1584
2 1900
2 3248
2 1669
1 2246
1 1553
2 3334
2 2048
2 3327
2 2401
2 2980
1 3253
2 3058
1 1105
1 1767
2 3032
2 845
2 327
2 174
2 35
2 2621
1 867
1 1914
1 2408
2 203
2 1829
2 865
1 1573
1 569
2 3526
2 578
2 1854
2 974
1 83
1 382
2 1108
2 2044
1 2892
1 1746
1 926
1 3209
2 3325
2 2709
1 1348
1 1565
1 1206
1 3268
1 490
1 1504
2 2294
2 2035
2 500
1 3442
2 312
2 1189
1 2986
2 34
1 2459
2 2620
1 2323
2 1175
1 3454
1 260
2 3127
1 3523
1 843
2 529
1 3233
2 161
2 2605
2 2682
2 2729
2 115
1 2536
2 381
2 3437
1 2143
1 1274
2 450
1 1025
1 1614
2 1051
1 317
2 2241
2 2496
2 272
1 1508
1 1622
1 236
2 696
2 2231
2 2641
1 802
2 996
1 282
1 2491
1 2428
2 324
1 1149
2 2358
1 3442
1 2634
2 290
1 3351
1 1981
1 3497
2 2411
2 966
2 193
1 1271
1 2948
2 1075
2 1802
1 3500
2 1353
2 3012
1 2441
2 2614
2 2168
2 2146
1 2490
1 1552
2 2803
2 2156
1 2041
1 1924
2 1654
1 1898
1 1460
2 319
1 183
1 1187
2 1690
2 3217
2 1486
1 2039
2 1863
1 444
2 638
1 2954
1 1680
1 3105
1 665
1 755
1 1337
1 382
2 553
2 2649
1 3301
1 3277
1 1231
2 2481
2 2914
2 1549
1 943
2 1082
1 2764
1 1590
2 2626
1 3205
1 2285
2 2521
1 309
1 226
2 1316
2 1673
1 1035
1 106
2 1227
1 1465
2 807
1 1553
1 3443
2 1097
2 2768
2 2858
2 1438
1 730
2 2326
2 464
2 2638
2 2137
2 1916
2 3429
2 1751
1 933
1 842
2 2755
1 2740
1 1188
2 2100
1 2919
2 2483
1 2022
1 1578
1 1303
2 1065
1 2769
2 518
2 1304
2 1016
1 2279
1 928
1 2068
1 1428
1 1402
1 3178
2 1192
2 2717
2 2766
1 1142
2 1984
2 1605
2 3371
2 291
1 3192
1 1479
1 1795
1 276
1 2017
2 2755
2 2360
2 1415
1 2587
2 952
2 2478
1 565
1 2420
1 1922
1 2113
1 1270
1 1722
2 1873
1 1664
1 1269
2 1520
2 2663
1 3338
1 368
1 3212
1 3215
1 659
1 2121
1 1671
2 622
1 1774
1 64
2 2970
1 1966
1 798
1 2359
2 2838
2 1093
2 672
1 1303
1 1560
1 3488
2 3187
1 3458
2 1533
1 1919
2 3514
2 3006
2 666
1 232
1 811
1 3009
2 2447
1 1688
2 829
1 1779
1 2111
1 385
1 259
2 1337
2 2726
2 3041
1 744
2 2922
1 462
2 2525
2 831
1 3407
2 3544
2 1158
2 1267
1 3315
1 176
2 2059
2 352
2 2311
2 178
1 1758
2 1136
2 628
2 3303
1 2081
1 2548
2 2407
1 1742
1 3360
1 2409
1 910
2 1467
2 2915
1 712
2 337
1 2130
1 2455
1 1045
1 1457
2 548
1 1435
1 2009
1 1538
1 1588
2 728
1 3449
1 1098
1 704
1 686
2 285
1 805
2 2848
1 2643
1 410
2 3088
1 1192
2 1231
1 2437
1 1112
1 3055
1 96
2 1243
2 1242
2 139
2 3364
1 58
2 1152
2 1632
2 1579
2 2104
1 2335
1 3018
2 553
2 345
1 2985
2 1846
2 1920
1 2825
2 3212
1 2164
1 855
1 386
2 1086
2 2416
2 3129
2 3061
2 1859
2 2071
1 2541
2 1848
1 110
2 2161
1 845
2 1127
2 1237
2 995
2 3477
1 902
2 769
2 2912
1 3298
1 3145
1 2095
1 2315
2 1048
2 1381
2 2848
2 91
2 680
1 3435
2 2037
2 2624
2 1510
2 164
2 1846
2 3362
1 739
1 2502
1 154
2 979
2 1647
1 2011
2 2276
1 628
2 961
1 3273
1 2603
1 2959
1 1153
1 101
2 13
2 3230
2 740
2 977
2 2066
2 1874
2 239
2 3183
2 2856
1 3001
1 470
2 1665
2 3254
2 1937
2 1763
2 826
2 2763
2 541
2 3412
2 1679
1 1359
2 3549
1 3219
2 2596
1 393
2 457
2 2854
1 973
2 1297
2 763
1 2418
1 3037
2 1245
2 2153
1 1004
2 1343
1 398
2 1485
1 63
2 638
1 3208
2 2924
1 1338
1 2043
2 276
2 1707
1 1406
2 2823
1 1831
1 697
1 2797
1 792
2 894
1 794
1 2724
2 1950
2 1351
2 2743
1 2563
2 2382
2 524
1 925
1 1543
1 418
2 1078
1 1010
2 1706
1 2245
2 3203
2 355
2 3455
1 2429
2 1950
1 1512
2 613
1 1230
2 2209
2 2133
2 2012
1 3405
2 1108
2 3479
2 1325
1 1955
2 646
1 951
2 2817
1 888
2 2392
2 3367
1 3434
1 2009
2 2430
1 819
2 129
2 3378
1 2271
1 3115
1 185
2 989
2 170
2 3402
2 2391
2 1944
1 516
1 501
2 2308
1 1470
2 1538
2 2961
2 2752
2 648
1 1268
1 691
2 2448
1 2138
2 72
2 606
2 617
2 1535
2 2414
1 2635
1 3475
2 334
2 1832
2 1080
1 2660
1 868
1 3494
2 509
2 773
1 179
2 709
1 1737
2 3252
2 2375
1 1474
1 313
2 2304
1 2738
1 1172
1 3133
1 2748
1 2336
2 1736
2 2056
1 3295
1 1404
2 1750
2 661
1 1283
2 1799
1 1514
1 3363
2 1900
1 1389
1 2833
2 1602
1 96
1 2495
1 3221
1 244
1 3145
2 1493
2 2370
1 2398
1 52
2 481
1 880
2 1977
2 2346
1 2252
1 2677
2 2476
1 2368
2 24
2 999
1 1646
1 1661
1 2372
1 2824
2 1803
2 371
1 2055
1 2914
2 2353
2 858
1 2765
1 2965
1 1559
1 200
2 3495
1 1253
1 2845
1 1364
2 2497
2 2249
2 595
2 89
2 2179
2 447
1 1723
2 362
2 859
1 3029
2 693
1 440
2 151
1 2607
2 3417
2 2152
1 3497
1 2483
2 261
2 3462
1 337
1 2221
2 787
2 1851
2 2485
2 59
2 1243
1 2261
1 3305
1 2633
1 211
1 356
1 66
2 1938
1 2507
1 1544
2 1990
1 2470
2 394
2 3172
2 766
1 515
2 2366
2 2740
1 2827
1 3323
2 3031
2 2992
1 1089
2 59
2 3225
2 2442
1 2034
2 3320
2 878
1 2057
1 2819
2 2454
2 401
1 1947
2 1090
2 3383
1 593
1 1761
2 2431
2 1736
2 3023
1 1712
1 1286
2 1317
2 3066
1 3297
1 2027
1 511
1 2069
2 2119
1 1227
2 3390
2 1982
2 3282
2 832
1 159
2 2584
2 2700
1 3059
2 1262
2 2312
2 2168
2 577
2 1508
2 2771
2 2375
1 1548
1 1518
2 1584
2 400
2 1524
1 3048
2 1667
1 830
2 713
2 2524
2 3416
2 422
2 2928
2 694
2 2424
2 3522
1 2877
1 1546
2 2659
1 1145
2 2790
1 56
1 629
2 2077
2 2812
2 119
2 547
1 1945
1 1109
1 345
1 619
1 2472
2 1671
2 3255
1 2000
2 945
1 1215
2 681
1 243
2 1164
2 3331
1 1813
1 1824
2 1694
1 2684
1 1430
1 716
1 749
2 51
1 1580
2 2276
2 2888
1 554
2 50
1 3150
1 2994
1 3005
2 2968
2 689
1 1362
2 3186
1 2219
2 2381
2 954
2 1026
2 3370
2 1672
2 1235
2 2126
2 934
2 1079
1 1949
1 2443
2 1738
2 1323
2 341
2 1159
1 2345
1 2342
2 2523
1 1499
1 3518
2 1992
2 3278
2 1011
2 705
2 1775
2 3430
1 1506
2 2559
2 1251
2 2188
2 1173
2 248
1 2102
2 1588
1 86
1 3111
1 1266
2 2529
1 2317
1 445
1 3286
2 3057
1 1536
2 390
2 2865
1 3069
1 714
2 1807
2 2205
2 1257
2 390
1 1118
2 1790
1 3332
2 1605
2 3540
2 3206
2 2386
1 1699
2 1421
1 3332
1 2885
2 3391
1 3473
2 1336
2 3546
2 3482
1 3161
1 296
2 1739
1 980
1 2697
2 1302
2 162
2 2115
1 3067
2 1803
1 539
2 1309
2 2904
2 584
1 1842
2 2860
2 544
2 2101
1 791
1 2129
1 599
1 2093
2 314
1 159
1 589
1 975
1 2062
1 1904
2 1211
1 3321
1 227
2 908
2 25
2 775
1 1925
2 470
1 3359
1 1030
1 424
2 795
2 2760
1 3468
2 2637
2 2877
1 906
1 2346
2 3142
1 1190
1 2421
2 283
1 2203
1 2455
2 2751
1 1038
2 2719
1 3083
1 1728
2 2555
2 2901
2 152
1 720
2 1361
2 1640
2 2691
2 1405
2 3356
2 2991
1 1894
2 769
2 3330
2 879
1 1610
2 2610
2 1013
2 304
2 298
2 86
1 2173
1 2149
2 3170
1 2949
2 2314
2 1928
1 1662
2 3492
1 2380
1 2343
1 300
2 88
1 1194
1 2556
2 3328
2 3101
2 825
1 1847
2 97
2 3298
2 1237
1 1797
1 1323
2 2913
2 3231
1 43
1 413
1 2727
1 2182
1 1883
1 75
1 1275
2 788
1 105
1 654
1 853
1 389
2 3467
2 2939
1 1563
2 2391
1 706
1 624
1 503
2 2952
2 3324
2 2238
2 1301
1 3514
2 2066
2 2025
1 1638
1 2940
2 1477
2 3123
2 2742
2 1516
1 505
1 1494
1 690
2 2204
1 3257
1 1696
2 818
2 1123
2 2325
1 1954
1 2319
1 494
2 198
1 1360
1 3239
1 1616
2 33
2 136
2 885
1 2233
1 1806
2 2675
2 603
1 127
2 3155
2 1000
2 1516
1 437
2 660
2 3529
2 2471
2 2958
2 74
2 368
2 2145
2 495
2 582
2 3173
2 2589
1 1500
1 2344
2 797
2 1959
1 1887
2 2576
2 2139
2 1390
2 691
2 2660
2 708
1 1594
2 1695
2 1422
1 2186
1 671
2 2111
1 417
2 37
2 1936
1 1513
1 793
2 1870
2 2163
1 1433
2 824
1 830
1 1103
1 741
1 2088
2 2268
1 3151
2 1506
1 3162
1 657
1 2094
2 3420
2 2029
1 3044
2 2481
1 2242
2 2200
1 2558
2 1740
2 2135
2 1476
1 2264
1 3190
2 640
2 2518
1 490
1 2661
2 2574
1 1214
1 3365
2 3180
2 811
2 209
2 526
1 1710
2 2918
2 959
2 2600
2 3143
1 1455
1 7
2 3181
1 1023
2 2926
2 622
2 2630
2 2827
1 873
2 1733
2 1029
2 955
1 3164
2 2715
1 652
1 2106
2 1422
2 621
1 16
1 2650
1 14
2 297
2 2120
1 857
2 650
2 120
2 498
1 154
1 3271
1 2438
1 1082
2 2589
2 2136
1 2163
1 561
1 280
2 2725
1 731
2 3269
1 913
1 1511
1 1757
2 814
1 927
1 3040
1 2412
2 1666
2 3485
2 61
2 74
2 503
2 1498
2 142
2 1119
2 1953
1 2158
1 1756
2 789
2 2470
2 588
2 2269
2 2699
1 2514
1 1163
2 2404
1 1228
1 505
1 2636
1 2063
2 2951
1 1879
2 307
1 2148
1 3220
2 2953
1 2067
1 36
1 2891
2 3109
2 2929
2 3237
2 3264
2 1633
1 1710
1 1348
2 2817
2 73
2 280
1 3406
1 1157
1 2202
2 443
2 3149
2 1080
1 508
1 1331
1 1631
2 1025
1 1931
2 48
2 435
2 1293
1 418
1 721
2 2203
1 1170
1 3138
2 530
2 2616
1 1261
1 555
2 3422
2 263
1 2764
2 1115
1 377
2 1217
1 1731
1 3519
2 738
2 326
2 1945
1 1440
2 2653
1 146
1 1205
1 1438
2 2615
2 2236
2 1215
1 150
2 1762
1 1141
1 210
2 565
1 223
2 2082
1 2277
1 1031
2 2380
2 966
1 751
2 239
1 2850
1 2393
2 2432
2 7
2 602
1 664
2 1558
1 667
1 128
2 3050
2 1575
2 321
2 698
2 2581
2 2718
2 2196
1 3395
2 1956
1 2212
2 1917
2 322
1 1688
1 350
1 2723
1 315
1 2768
1 523
1 1640
1 2328
1 2934
1 3510
1 601
1 2414
2 1763
2 2767
2 1808
2 1991
1 3035
2 293
1 1469
2 2031
1 645
1 1531
2 698
2 2268
2 1166
1 1625
1 1976
1 945
1 1394
1 43
1 1727
1 3237
1 388
1 1986
2 1128
1 2745
1 2605
2 2161
2 1489
1 2560
2 24
1 1587
2 1134
1 2534
2 2366
1 3461
2 1211
2 877
1 1729
1 1944
1 3018
1 2663
1 1780
1 2893
1 3241
1 2933
2 2530
1 1698
2 1349
1 264
1 3349
2 3084
1 3098
2 956
1 3461
2 2195
2 576
1 964
2 896
1 2445
2 1856
1 1285
2 754
1 1799
1 3092
1 2309
2 604
2 705
1 2546
1 130
1 3280
1 1610
2 1641
1 249
1 1464
2 3414
1 2887
2 668
1 1551
2 905
2 673
1 2635
2 860
1 602
1 2354
1 1966
2 1618
1 2243
1 1442
1 1911
1 90
1 2178
1 2371
1 3190
2 2627
1 299
2 85
1 47
2 1024
1 1071
2 2749
1 2386
1 3427
2 2570
1 1802
1 1946
1 3433
2 1249
1 2275
1 756
2 94
1 426
2 1388
1 1457
1 3194
2 2910
2 3027
1 2879
2 3223
2 2227
2 106
2 2087
2 1478
1 3309
2 2222
2 882
1 53
1 1488
2 1928
2 1111
2 571
1 512
1 1006
2 1823
1 765
2 1867
2 3321
1 3189
1 180
1 2487
1 224
2 1507
2 3290
1 970
2 250
1 2014
2 700
2 567
1 1331
1 125
1 292
2 2135
2 614
1 3071
1 1616
1 3277
2 3405
1 1463
2 2164
1 2677
2 3044
2 3167
1 910
2 1353
2 3245
2 753
1 3234
2 2052
2 2949
1 1238
2 2665
2 2627
2 1567
2 1410
2 1902
1 49
2 3512
1 3313
1 759
1 78
1 2308
2 1043
1 1436
2 1153
1 2344
1 887
1 1483
1 761
1 1186
2 1943
2 1077
1 1017
1 1563
2 78
1 526
2 668
2 1691
1 626
1 358
2 2134
2 2377
1 2137
1 1797
2 3531
2 1517
1 3499
2 2554
2 3459
1 2770
1 3343
2 877
1 3353
1 2788
2 3440
2 2243
2 2450
2 566
1 1980
1 2211
1 615
2 2977
1 2395
1 2981
1 2947
2 2003
1 147
1 3306
2 3246
1 3051
1 1008
1 1785
2 2043
1 452
1 411
2 1512
2 2290
2 1754
2 2923
2 1084
1 2727
1 2327
1 1193
2 2091
2 2738
1 1290
2 746
1 1356
1 281
1 952
2 2875
1 477
2 1809
1 1881
2 1495
2 2975
1 1517
2 1922
2 3131
1 773
1 3355
1 581
1 729
1 947
1 2228
1 3327
1 1118
2 2909
2 165
2 3013
2 2544
1 984
1 2639
1 2040
1 801
1 536
1 2377
2 2783
1 116
2 3372
1 3261
1 1825
2 2870
2 1941
2 3342
2 844
1 2114
1 3150
2 1156
2 1445
1 2654
1 2388
1 2841
1 140
1 710
1 1534
2 509
1 987
1 1022
1 322
2 2154
1 2270
1 2038
1 1076
2 3291
1 1585
2 3489
2 2033
2 583
1 97
1 3216
2 3538
2 1129
1 3032
2 2619
1 2606
1 1073
1 3432
1 2872
1 2079
2 2332
1 973
1 958
1 2311
2 3376
2 2109
1 141
2 2074
1 1998
2 1000
1 3387
2 1382
2 158
1 3244
2 2782
2 1604
2 864
2 727
1 2758
1 3242
2 3052
2 2175
2 2586
1 3022
2 1112
2 2872
1 1432
1 740
1 2582
1 550
2 1651
1 1981
2 1167
1 2648
2 40
2 2118
1 2835
2 688
2 1305
1 1591
1 416
2 1615
2 361
1 2405
1 2174
1 2299
1 2972
1 539
1 2322
1 1813
2 2722
2 806
1 1982
2 1449
1 996
2 2435
1 3067
1 2421
2 1727
2 88
1 1500
1 438
2 2398
1 1798
1 2201
1 2601
2 507
2 2278
1 1532
1 36
1 2609
1 1198
1 856
2 777
2 2735
1 1630
2 1343
2 936
1 3375
2 2512
1 281
2 1218
1 2920
1 2287
2 2031
1 2417
1 956
2 2672
2 780
1 488
2 391
2 1537
1 3038
1 2931
1 3176
2 2849
1 943
2 3272
2 157
1 229
1 1801
1 3528
1 1391
1 73
1 2807
2 2197
1 2966
2 1377
2 724
2 1161
2 1408
2 2256
2 592
1 1475
1 1896
1 3335
2 1428
2 1252
2 2829
1 1525
2 2975
1 2706
1 3494
2 3052
1 3209
1 253
1 1309
2 1033
1 2856
1 2373
2 2964
1 387
1 2744
2 967
2 2802
1 2632
1 2567
2 484
1 2176
1 1749
2 682
1 1437
2 1812
2 1808
2 1418
1 1010
2 2389
2 3053
1 1806
1 1216
2 1793
2 2850
2 1734
2 299
1 2376
2 2969
1 2905
2 469
1 498
2 679
2 385
2 1113
1 2301
2 1365
2 471
1 1067
2 2608
2 335
1 1085
1 1975
1 1627
1 3539
2 2419
2 3175
1 568
2 3087
2 396
2 1425
1 2868
2 3250
2 393
1 2719
2 3485
1 267
2 29
1 185
2 2789
1 3011
1 2671
1 2867
2 2560
2 3263
2 1199
2 639
2 289
1 1771
1 1792
2 882
2 2899
2 3517
1 1628
2 1105
2 807
2 2340
1 3055
1 1062
1 2811
1 123
1 504
1 502
1 3345
1 2732
2 1499
2 3014
1 1305
1 1898
1 969
1 632
1 1510
1 2898
2 2300
2 1094
1 746
1 2331
2 3451
1 2037
1 250
2 2625
1 2568
2 723
1 2862
2 3216
1 3106
2 3382
2 285
1 2925
1 1828
2 2498
2 3510
1 2227
1 402
2 1182
1 3222
1 80
2 487
1 2374
1 2394
1 2284
1 1062
1 3457
2 3544
1 822
2 1377
1 540
1 3082
2 2913
1 2012
1 3184
2 108
2 1399
1 3099
1 2034
1 2911
2 3076
2 2753
2 1497
1 1874
1 817
2 892
2 2284
1 2847
1 834
1 1941
2 1626
1 523
2 1246
1 1590
2 176
1 214
1 323
2 2167
1 265
2 230
2 1283
2 1788
2 1748
2 2490
1 1037
1 478
1 2783
1 3271
1 2839
1 258
2 796
2 1985
1 3089
2 675
1 65
1 2190
1 2090
2 2670
1 1722
2 1910
2 2453
1 747
2 3451
2 225
1 58
1 85
1 1743
1 2879
2 1133
2 1178
2 3232
1 2313
1 3142
1 1569
1 2479
2 493
1 2934
2 439
2 1203
1 1411
2 3389
2 528
1 2895
2 2192
1 1529
2 3056
1 1557
2 916
1 2610
2 1021
2 3128
1 1100
2 122
1 810
1 110
1 477
2 3374
2 2611
1 1757
2 3336
2 1810
2 836
2 1804
1 233
2 1714
1 2084
2 1366
1 258
2 3401
2 1092
2 2903
1 2501
2 3408
1 483
1 1943
1 3305
1 2306
2 1792
2 1258
2 542
1 2446
2 957
2 2255
1 3260
2 745
2 2979
2 1877
2 1692
1 2150
1 2339
1 3540
2 2333
2 257
2 1043
1 974
2 2374
2 2631
1 1261
1 2974
2 1585
2 2171
1 2061
2 2726
1 1136
2 1978
2 1773
1 35
1 2944
2 867
2 2132
1 243
2 331
2 336
2 676
1 3148
2 3462
1 2211
2 3129
2 465
1 1313
2 3226
2 620
2 3302
1 2047
1 2350
1 2674
2 1102
2 2770
1 1743
1 1017
1 2987
1 3293
1 1183
1 171
2 2801
2 552
2 1267
2 3421
2 578
2 753
1 798
1 3248
2 2215
1 2371
1 33
2 835
1 1628
2 1726
2 3078
1 1446
2 2568
2 2283
1 1265
2 1892
1 2809
2 2871
1 3414
1 2072
1 2244
2 2046
2 950
1 1658
1 497
2 1785
2 2694
1 62
1 2361
2 224
1 687
2 3353
2 2861
2 150
2 1926
1 1932
1 3263
2 976
2 1259
1 2881
2 3391
2 39
1 3419
2 2006
2 2360
2 1354
2 1268
2 1839
1 53
2 776
2 2341
2 2651
2 2825
1 1371
2 3441
2 2613
1 1405
2 609
2 2830
1 2864
1 1725
1 2996
2 3188
1 2622
2 1107
1 800
1 1222
2 3358
2 2303
1 1894
1 1666
1 2587
2 1458
1 3081
1 2803
2 2456
2 2837
1 3361
2 803
2 3070
2 1881
2 1427
1 3536
2 856
1 2607
1 2451
1 511
2 2110
2 191
2 395
2 3255
2 1247
2 1777
1 151
2 2431
2 2533
1 340
1 1731
1 848
2 1370
2 1279
2 82
2 747
2 1758
1 1407
2 1294
1 3502
2 3504
2 1867
1 248
1 3350
2 3486
2 57
1 364
1 256
2 2479
2 3513
2 2508
2 1116
2 1358
2 2709
2 2746
1 1185
1 1358
2 2957
1 3028
1 129
1 3456
2 1294
2 2502
2 791
2 405
2 2843
2 1983
2 221
1 3381
1 1929
1 3416
1 2115
1 1726
2 2364
1 1677
2 1615
1 373
1 1996
1 859
2 2197
1 656
1 1143
1 886
2 2201
1 2697
2 1396
1 1684
1 3535
2 586
1 2759
1 2222
1 2183
2 172
1 3167
1 549
1 200
1 701
1 362
2 975
2 3415
2 1194
1 476
1 1556
2 2892
2 510
2 2340
2 2293
2 1713
1 2762
2 3436
2 2396
2 99
1 1863
1 2213
2 2486
2 1591
1 2467
2 1963
2 332
1 117
1 23
1 216
1 2971
1 2965
1 1435
1 2363
1 486
1 1800
2 400
1 1717
1 2165
2 1480
2 2612
1 1288
2 1916
1 3100
2 2569
2 2620
1 627
2 1221
1 102
1 144
1 3491
2 3014
1 1146
1 2880
2 886
1 3541
1 1518
1 3476
1 3373
1 2689
1 1930
2 1706
1 3460
2 2105
2 346
2 779
2 237
2 1761
1 1360
2 2553
1 2701
2 1798
2 3107
2 182
1 189
1 934
2 1310
2 2751
1 1376
1 2713
2 3425
2 392
1 522
1 2225
1 1403
2 338
2 1187
1 1378
1 1888
2 4
2 1768
2 2988
2 3008
1 814
2 2289
1 2157
1 757
1 1603
1 3126
1 3421
2 1383
2 2367
1 852
1 681
1 1327
2 2546
1 1329
1 2968
2 3281
1 3093
1 1046
2 2225
1 2705
1 1296
2 2794
1 606
2 2905
1 1484
2 3511
2 2428
2 2761
1 204
1 72
2 1656
2 2327
1 3280
1 1155
1 1419
2 2775
1 2527
1 1509
1 2143
2 3530
1 2141
1 938
2 2003
1 2923
2 3284
2 1524
2 2874
2 3151
1 3509
1 2977
2 38
2 1491
2 890
2 2170
1 3364
1 1041
2 1041
2 861
2 1255
2 655
2 2237
1 1737
2 3140
2 1244
1 349
2 2400
1 193
1 3523
1 2866
1 205
2 1652
2 3489
1 1382
1 1999
2 1239
1 1836
2 854
1 2338
1 3046
2 3524
1 2832
2 1205
2 675
1 3068
2 1987
1 2989
2 343
2 2598
1 3020
2 729
1 1884
1 2464
2 850
2 1576
2 2510
1 3506
2 2578
1 1028
2 3010
2 1035
1 3545
2 2183
1 679
2 2805
2 829
1 1531
2 2512
2 1447
2 2399
1 188
2 520
1 2466
1 1633
2 1395
2 1093
2 1649
2 3323
1 463
2 2079
2 3119
1 3429
1 2787
1 1611
1 546
1 1281
1 1913
1 2267
1 2274
1 3480
2 212
2 1396
2 3448
2 388
1 2671
2 1864
2 2025
1 1143
2 2167
1 1006
2 1134
2 446
1 2778
2 2449
1 1493
2 89
2 231
2 187
2 1344
2 1598
1 633
1 228
1 2099
2 1342
2 284
2 783
2 2672
2 1840
2 1468
2 2818
2 3260
2 1284
1 1300
2 2555
1 787
2 1942
1 323
1 901
2 3444
1 2595
2 554
1 726
2 1341
1 1395
1 1973
1 3426
1 2352
1 2786
2 985
1 2541
2 3113
2 741
1 2446
2 15
1 1579
2 3245
1 1
2 1121
2 1342
1 2730
1 2940
2 1204
2 2757
1 2417
1 3549
1 734
2 1911
2 1905
1 2307
1 870
2 500
1 1967
1 279
2 639
1 778
2 2516
2 569
1 1709
1 3468
2 1771
2 2092
1 844
2 709
1 899
2 2907
2 2313
2 3267
1 1054
2 1450
1 1359
2 3338
2 192
2 3116
2 1318
1 2990
2 2936
2 1005
1 1623
1 1598
1 2655
1 3062
1 1515
1 1440
2 2683
2 2637
2 2040
1 2361
2 2816
1 3103
2 3507
1 2553
1 1547
1 762
1 1624
1 1121
2 898
2 177
2 1236
1 480
1 616
1 1696
1 3174
2 922
1 175
2 3003
1 2703
1 2889
1 3356
2 3377
2 2750
2 1993
1 481
2 2207
2 1176
1 1879
1 2050
1 2259
2 2429
1 2157
2 556
2 517
2 2898
1 903
2 1820
2 1295
1 148
2 2142
2 207
1 133
2 3270
1 1417
1 340
1 2716
2 1889
2 2857
1 2430
2 2971
2 2191
2 1572
2 665
2 251
1 1717
2 3210
1 2945
2 455
1 1098
1 733
1 32
1 1837
1 3326
2 3064
2 3398
1 356
2 692
1 661
2 1242
2 2780
1 2897
1 563
1 2032
1 2394
1 227
1 387
1 737
1 2903
1 2696
2 1617
2 637
1 1918
2 2893
2 432
2 3157
1 168
1 1739
2 837
2 3156
2 918
2 2958
1 2773
2 755
1 2593
2 2188
2 3304
2 3446
1 230
1 2058
1 904
2 2741
1 2721
2 217
1 3197
1 1069
2 2902
1 2255
2 2441
2 2024
2 2836
1 3482
2 2769
2 3172
1 2569
1 2493
1 3074
2 2845
2 816
2 1895
2 1533
1 1935
2 2187
2 1329
2 2158
2 2653
1 408
1 2181
1 1328
2 563
2 1473
1 2044
2 2307
1 138
1 2198
2 1085
2 3120
2 1207
1 1183
1 415
1 3276
1 3003
1 884
2 2842
1 2598
1 3065
2 893
2 2729
1 1819
1 3115
2 2706
2 1170
2 1778
2 2
2 2075
2 3346
2 782
1 2963
2 1313
1 634
2 317
2 1995
2 1335
2 2274
1 1414
2 2960
2 2696
1 147
2 1568
2 613
1 1384
1 1088
1 1481
2 316
2 889
2 3392
2 2515
2 3496
2 2531
2 3541
2 616
2 2278
1 772
1 3447
2 2433
1 1848
1 1156
1 1747
1 3046
1 2694
2 1375
2 875
1 2349
2 3048
1 1574
1 1932
1 3410
1 2151
2 3431
2 145
2 617
2 2378
2 255
2 2408
1 190
2 229
2 1401
1 2465
2 3109
2 1872
1 2118
2 879
2 3007
1 2210
2 1124
1 122
2 1036
1 1352
1 3507
1 1391
2 2008
1 2791
2 3201
1 2304
2 3199
2 1786
2 1292
2 2792
1 3440
2 386
2 3369
2 3326
2 347
1 2192
2 1853
2 1857
1 12
2 902
2 2277
1 614
1 3395
1 433
2 1091
2 1855
2 1815
1 2695
2 1587
2 2900
2 269
1 1586
1 1840
1 1369
1 2944
1 1780
1 1963
1 2687
1 457
2 2129
1 1018
1 2563
2 3457
2 1173
1 2581
1 518
2 2736
2 3419
1 1600
2 2204
1 767
2 305
1 3214
2 1042
2 3141
1 1200
1 1394
2 1519
2 1113
2 1167
1 3517
2 831
1 2187
2 19
2 2399
2 3072
2 3118
2 454
2 2565
2 296
1 328
2 833
2 1787
1 2302
1 2960
2 2535
2 2100
1 1298
2 3102
1 1783
1 625
2 881
2 2544
1 3291
1 2763
1 2409
1 3094
2 2487
1 1611
1 471
1 2369
1 2451
1 672
2 1822
1 82
1 1748
2 965
1 3268
2 2700
1 1424
2 1669
2 2208
1 2536
2 1779
2 2124
1 1738
2 3536
1 2649
2 564
1 1821
2 3104
2 2450
2 3193
2 2282
2 574
1 2176
1 537
2 635
2 2600
1 1811
1 118
1 262
2 1020
1 2720
2 1070
2 1614
1 838
2 61
2 991
1 353
2 3092
1 3285
2 3146
2 11
1 2465
1 2452
2 933
1 1465
1 2789
2 1453
2 1487
2 3122
2 2224
2 1250
2 1444
1 3252
2 765
2 2929
1 737
2 16
2 1724
1 1558
1 1003
2 3273
2 2888
2 87
1 695
2 3322
1 269
1 3312
1 2472
1 3169
2 1645
2 2624
2 808
1 1645
2 1232
2 392
1 793
1 1486
1 855
2 1220
1 166
1 577
2 2890
2 304
2 2078
1 399
2 1273
1 3033
2 559
1 507
1 1355
1 2378
2 1307
2 3308
2 2379
1 2545
2 3450
1 1022
2 2280
1 1651
2 164
2 1177
1 2678
2 3407
2 3352
1 2234
2 1668
1 2297
1 1263
2 2383
2 155
2 2071
1 472
2 1707
2 3320
1 202
1 3314
1 3236
1 371
2 2482
1 183
2 1346
2 2963
1 1311
2 1272
2 3050
2 1160
2 1631
2 3036
2 3458
1 2390
2 2021
2 857
2 3182
1 2859
2 1960
1 2524
2 2632
2 550
1 2930
2 3516
1 3306
2 2734
2 80
2 1539
2 2550
1 1907
2 1986
1 3121
2 2956
2 1627
1 2162
2 146
2 2105
2 748
2 3354
2 1004
1 1370
2 3256
2 2957
1 760
1 3229
2 42
1 2427
2 2078
1 1490
2 1920
1 1566
1 1402
2 1957
1 2102
2 2251
1 1969
2 2464
2 2190
2 770
1 1207
1 3382
1 1102
2 1577
1 3533
1 2847
1 3357
2 1801
2 2894
1 2008
1 2636
2 3299
1 2072
2 2931
1 2645
2 3099
2 2152
1 2711
1 2233
1 364
1 427
1 876
2 95
1 2579
1 1505
2 3515
2 397
2 537
1 360
1 3527
1 76
1 2376
2 790
2 3222
1 1634
2 823
2 1708
2 1451
1 1507
1 3282
2 2936
2 140
2 1921
2 1333
1 710
1 225
1 2756
1 3375
1 3112
1 1492
1 2411
2 2517
1 3409
2 1273
1 2938
1 133
2 1882
2 1244
2 103
2 3135
1 2689
2 1889
2 1185
2 149
2 1373
2 2461
2 3347
1 1535
2 2262
2 3117
2 911
1 990
2 2131
2 942
2 1314
1 3111
1 3242
2 2169
2 2413
1 997
2 3022
2 1096
2 2575
2 2634
2 3168
2 1367
1 3063
2 707
1 2423
1 2658
1 1575
2 607
2 1530
1 1858
2 2884
1 1315
2 706
1 1225
2 1172
1 219
1 992
1 3125
1 1349
2 1673
1 804
2 3294
2 2980
2 962
2 1515
2 1572
2 3075
1 3131
2 683
1 2702
2 506
2 251
2 1958
2 835
2 3450
2 909
2 2127
2 3363
1 3361
2 1454
2 206
1 704
2 1099
2 2615
1 3090
2 1818
1 347
2 222
1 346
2 1304
2 1701
1 2302
2 3311
1 2951
1 1568
1 3040
2 1176
1 2838
1 3251
1 2073
2 461
2 1683
1 1291
1 1469
2 941
2 2018
1 2540
2 3469
2 1014
2 1230
2 1795
1 3153
2 872
1 446
1 1555
2 3191
1 2862
1 1992
2 2403
1 734
2 2112
1 324
2 2573
1 3160
2 2681
2 2630
1 3112
2 1979
1 1421
2 3041
1 2597
2 860
1 2217
1 863
2 560
1 2664
1 1011
1 1890
1 2795
1 2906
1 1425
1 815
2 1732
1 1521
1 1031
2 642
1 1574
1 155
1 2584
2 331
2 2590
1 3329
2 1429
2 3202
1 2855
2 352
1 464
2 2964
1 1547
1 2547
1 311
2 1693
1 28
1 3501
2 2054
1 2576
1 342
1 3286
1 1478
2 2557
1 2810
1 2831
2 2799
1 1308
1 1036
2 3498
1 3019
2 1233
2 1910
2 1330
2 2797
2 508
1 1580
1 2073
1 853
2 611
2 113
1 192
1 815
2 40
2 1481
1 1847
1 1656
2 2739
1 111
2 841
1 277
2 1562
2 2986
2 527
1 1837
1 2024
2 3287
2 2886
2 1447
2 2757
2 2289
1 2995
1 593
1 3015
1 1375
2 3299
1 1548
1 1209
1 610
1 3369
1 2065
2 1306
2 2216
2 182
2 2882
2 2947
2 374
1 1116
2 1912
2 2297
1 332
2 1609
2 3360
2 2811
2 573
2 1817
2 3292
2 1115
2 1936
1 946
1 2180
1 234
1 2864
2 2623
1 2998
1 1015
2 1390
1 1545
1 3251
1 290
1 1741
1 3503
1 3001
1 591
1 2480
2 1678
1 1789
2 2906
2 774
1 1147
2 1596
1 2908
1 2365
1 2337
1 2854
2 2122
2 1135
1 314
1 349
1 1274
2 2348
1 2765
2 2495
2 898
1 310
2 2488
1 3157
1 2263
2 389
2 1753
2 1103
1 3047
1 2091
2 2609
1 2159
1 2666
2 2640
2 1197
2 738
1 3476
2 2804
1 2785
1 3501
2 1912
1 2462
2 2715
1 2703
1 3006
1 2098
2 3105
1 1621
2 3343
2 560
1 2822
1 1764
1 3166
1 2108
2 1635
2 3191
1 1796
1 1536
2 2846
2 3426
2 3413
1 2177
2 547
2 1483
2 2106
1 2539
2 502
1 1687
1 246
2 458
1 522
2 989
1 1593
2 719
1 630
2 1213
2 3016
2 2897
2 1658
2 384
1 461
2 888
2 357
1 2097
1 3400
1 266
1 2552
1 2753
1 2556
2 1471
1 3137
2 2692
2 3201
2 1988
1 219
1 2714
2 2089
2 104
1 1149
2 1140
2 1612
1 1609
1 2618
2 2675
1 1340
1 3097
2 1191
2 3089
2 1186
2 3118
1 1503
2 1702
1 1226
2 2592
2 3049
2 962
1 2941
1 98
2 63
2 137
1 412
1 1106
1 1703
2 2550
2 1144
2 2767
1 1039
2 213
2 2549
2 925
2 1256
2 1794
1 984
1 456
1 2871
1 1345
2 1190
1 2542
2 2707
1 2917
1 3017
1 473
1 232
1 2415
2 2085
1 3133
1 1581
1 3144
1 3200
2 2946
2 3415
1 3388
2 3431
2 1052
1 3484
2 1224
1 1861
1 1711
2 2420
1 292
2 126
1 1354
2 1865
1 1957
2 557
1 1262
2 2532
1 1971
1 3481
2 315
1 1700
2 743
2 3401
1 1891
1 2349
1 1571
1 3258
1 656
1 595
2 1750
2 245
2 1266
1 987
2 3097
2 1565
1 1361
2 688
1 447
2 1381
2 47
2 3034
2 2506
2 2736
1 750
2 998
1 752
2 1148
1 1646
2 1719
2 1589
1 2287
1 3031
1 114
1 3163
2 589
2 242
2 1327
1 3247
1 1623
2 992
2 2387
1 1051
2 1741
1 2224
1 3535
2 2467
1 57
1 3253
2 896
1 1519
1 1973
2 545
1 702
2 1145
2 1791
2 2298
2 2819
2 94
2 3146
2 3205
2 77
2 2574
2 1602
2 2019
1 3060
1 409
2 3428
2 23
2 2707
1 2213
2 2484
2 2131
1 3207
2 1896
2 1977
1 1195
2 2337
1 3393
1 492
2 955
1 1899
1 1652
1 3275
1 957
1 131
2 849
2 2942
1 1732
1 1721
1 1755
2 2240
1 454
2 571
1 703
2 2099
1 1745
2 2422
2 685
1 2499
2 175
1 1764
1 2419
1 2679
2 2652
2 45
1 998
1 2810
2 195
2 1946
2 2198
1 1815
2 11
2 1860
2 2601
1 2792
1 3037
2 711
1 3193
1 760
2 1392
1 1406
1 1409
2 2067
1 2545
2 3183
1 2493
1 514
2 2326
2 2159
2 2669
1 1104
1 1955
2 1746
1 3175
1 937
1 428
2 1345
1 18
2 302
1 2551
1 1308
1 1126
1 1050
2 1444
2 1131
2 930
1 187
2 597
1 2125
1 796
1 533
2 2013
2 1962
2 1335
1 2114
1 1039
1 2543
2 2820
2 2445
1 2060
1 2782
2 274
2 1989
1 489
1 493
2 1060
2 17
1 657
2 977
2 2120
2 449
1 482
2 1902
1 1843
2 2260
2 936
2 2708
1 3443
1 1287
2 2295
1 3294
1 2069
2 3224
1 1338
1 2760
1 3409
1 513
1 515
2 2917
2 2059
1 2538
1 279
1 3399
2 109
2 3524
2 1744
1 79
1 718
1 131
2 3025
1 2666
1 2852
2 394
2 2283
1 921
1 2735
2 1522
2 2698
2 1564
2 171
1 3472
1 1482
2 3534
1 725
1 3400
2 1296
1 1716
2 1460
1 1871
1 2196
2 919
2 939
2 2777
1 2288
1 3062
2 1621
1 3169
2 1733
2 572
2 204
2 1997
1 3124
2 1472
2 3420
1 1374
1 2658
1 2295
2 181
2 3315
2 926
1 2348
2 1229
2 3176
1 1678
2 487
1 460
1 1339
2 1240
2 1368
2 2907
1 333
2 208
2 2486
2 1854
1 588
1 764
1 1816
1 2042
2 2900
2 2606
1 854
2 215
1 1514
1 3334
1 1350
2 3188
2 453
2 1972
2 3143
2 3495
2 2030
1 635
1 2125
1 1697
1 2801
1 2800
2 100
1 1235
2 909
1 2182
2 1551
1 3102
2 519
2 965
2 2656
1 2086
1 1452
1 330
1 1901
2 3083
1 549
2 3011
1 781
1 427
1 2665
1 2045
2 985
1 3532
1 3520
2 1002
2 1984
1 1212
1 1599
1 2642
1 2743
1 782
2 3446
2 2256
2 964
2 3394
1 805
1 2160
2 1527
2 1074
1 1814
1 873
2 2816
2 804
1 366
2 263
1 2363
1 3178
2 118
2 1458
1 3043
2 514
1 596
1 2710
1 491
2 257
1 911
2 1055
2 228
1 3159
2 2367
2 915
1 3077
2 1909
1 1844
2 986
2 983
1 264
2 533
1 136
1 3030
1 217
2 2659
2 1264
2 272
2 1290
2 1385
1 827
1 2772
1 874
1 1890
2 1701
2 1838
1 513
2 1880
1 2582
2 2621
2 428
2 1805
1 397
1 866
2 1540
2 198
1 2145
2 1654
2 1129
1 3165
1 1713
2 2614
2 1675
2 587
1 2260
1 1104
1 931
2 166
1 2583
2 1814
1 1423
1 1419
2 3288
1 3366
2 3144
2 1181
1 1461
2 260
2 963
1 3341
2 862
1 2972
2 1445
2 821
2 2440
2 475
2 3413
2 163
2 608
2 644
2 1630
2 2425
2 1824
1 3194
1 1498
2 10
2 2904
1 162
1 3520
2 473
1 238
1 367
2 625
1 1169
1 3155
1 570
2 828
2 3158
1 1056
1 1437
2 883
1 1380
1 3195
1 54
1 75
1 196
2 1583
2 813
1 1075
1 862
2 1397
2 2314
1 2189
1 3521
1 620
2 1822
1 439
2 2935
2 434
1 116
2 366
1 3504
2 2853
2 689
1 2759
2 3244
1 759
1 2076
1 31
1 442
2 2858
2 1685
2 2185
2 2745
2 1443
2 963
1 197
2 1754
2 809
2 1474
1 92
1 2505
2 2032
1 20
2 1583
1 1878
1 3441
1 1069
1 1870
2 21
2 1257
1 2841
2 3078
2 1662
1 784
2 184
2 2873
2 1417
2 3033
2 2962
2 153
1 2561
1 2247
1 1663
1 2583
2 1162
2 919
2 3339
1 319
1 124
1 940
1 3350
2 1991
1 208
2 286
1 2793
2 1644
2 458
1 1038
1 2199
1 3154
1 530
2 3200
1 3274
1 969
1 2267
2 2238
2 1316
1 720
2 1366
2 1504
1 1037
1 876
1 3211
2 8
2 1321
2 786
2 2543
2 1859
2 351
1 1842
1 2772
2 2711
2 1387
2 3454
2 941
2 2886
2 1730
2 132
1 2617
2 1864
1 3513
1 3502
1 598
2 2962
1 3165
2 479
2 1119
2 2577
1 2494
2 3316
2 128
2 2319
1 376
2 329
1 3224
1 1334
2 2730
1 2220
1 1884
1 1341
1 266
2 1403
2 618
1 3344
1 891
1 3449
1 3344
2 3226
2 1042
1 1312
1 2324
2 2147
1 2210
2 2808
1 516
2 2292
2 3154
1 354
1 700
1 1431
1 3192
2 2060
2 2522
1 3448
2 1122
2 820
1 2476
1 9
2 2993
1 254
1 2051
1 3136
1 407
1 1649
2 1861
1 241
1 1927
1 252
2 2987
1 1893
2 108
1 2592
2 489
2 1091
1 2149
2 924
2 2117
1 1488
2 1404
1 31
2 870
2 2808
2 5
2 1070
2 1561
1 767
1 552
2 1989
2 3525
1 1857
2 2400
2 1496
2 3024
2 1826
2 1686
2 2229
1 3406
1 404
1 645
2 2690
2 1174
1 1132
1 3171
2 235
2 624
2 2382
2 1825
2 2128
2 2826
2 3208
1 1247
1 1865
1 1472
1 3029
2 161
1 1049
1 2954
1 1555
2 112
1 1423
2 752
1 2863
1 2501
2 268
1 391
2 1606
1 416
1 2728
1 3215
1 2321
2 1496
1 2910
1 2567
2 2324
2 435
1 2826
1 601
2 3272
2 2379
2 659
2 900
2 630
1 376
2 2018
1 735
2 2089
2 28
2 2853
1 1079
1 3550
2 1778
1 1032
1 436
2 1769
2 649
2 631
2 1534
2 2257
1 1594
2 431
2 1468
2 1139
2 3465
1 3397
1 3148
2 1975
2 1964
1 1372
1 311
1 218
1 2154
2 3498
1 2708
2 623
1 3463
1 383
2 168
1 3300
1 544
1 1286
2 430
1 2670
2 3036
2 849
2 1206
1 2901
2 1901
2 3198
2 2788
2 1150
2 506
1 441
1 49
1 1433
2 252
1 496
2 3180
1 921
1 768
2 2301
2 825
1 2437
2 1240
2 912
2 476
1 1094
2 3509
2 303
1 2096
2 1171
2 2849
2 3128
2 286
2 1073
2 4
1 608
1 2442
2 2774
2 2722
1 2599
1 2516
1 1691
1 2885
1 2932
1 3317
2 967
2 240
1 341
1 289
1 2444
2 472
1 363
2 761
2 3241
1 401
2 1204
2 658
1 1311
1 2300
2 1319
1 2945
2 3012
1 1054
2 670
2 2573
2 107
1 647
1 1948
2 1935
2 2812
1 441
2 1659
2 3134
1 2828
2 3479
2 42
2 256
1 3210
2 3221
1 3139
2 120
1 1770
2 2033
1 1728
1 2153
1 2564
2 889
2 1789
2 731
2 2221
2 1182
1 3197
1 1163
2 2687
1 1032
2 3116
2 1413
1 551
2 1529
1 871
1 2435
1 67
2 2921
1 2633
2 1883
1 3466
1 1821
2 2016
1 3459
1 1849
2 3279
2 1179
2 495
1 806
2 3094
1 2214
2 736
1 3259
1 3337
2 2335
1 2754
2 2113
1 2010
2 1850
2 1923
2 1063
2 2026
2 2299
2 633
2 777
2 1783
1 3328
1 2347
2 1254
2 2291
1 826
2 586
2 3433
1 1066
2 1319
1 2710
2 363
1 2622
1 2001
2 294
2 2004
2 2317
1 677
1 1122
1 348
1 1355
1 2807
1 1530
2 1823
1 2041
1 3049
2 562
1 1644
2 901
2 2937
2 1681
2 937
2 1650
2 939
1 2731
2 2785
1 3434
1 1866
2 1845
2 2519
1 2915
2 1636
2 1951
2 1179
2 1670
1 3318
1 237
2 960
1 3439
2 535
2 1685
2 1139
2 2579
1 1271
1 318
2 123
1 2235
1 3542
2 2186
1 722
2 2000
2 3130
1 2092
2 186
2 2996
1 1723
1 3147
2 2271
2 432
1 3274
2 1690
1 420
2 3480
1 196
1 3465
2 287
2 379
1 846
2 2316
2 2454
1 3058
1 1876
1 1449
2 2165
1 1735
2 1708
1 1905
1 104
2 93
2 1083
1 2237
2 1592
2 2170
1 1015
2 843
2 188
2 1155
1 3010
2 3288
2 1650
1 68
1 2285
1 1810
1 2362
1 1420
2 1184
2 1599
1 2036
2 1692
2 1549
1 2175
1 1388
1 809
2 2122
1 2749
1 2070
1 2547
1 3261
2 282
1 329
2 1148
2 134
1 2425
2 2180
1 1151
2 642
1 763
1 1715
1 949
1 3152
2 1752
1 534
1 1068
1 871
1 3179
2 1893
1 2245
2 780
1 259
1 3275
1 1026
2 419
2 3235
1 1217
2 756
1 55
1 972
1 2955
2 2572
1 3348
1 1958
2 1885
1 1495
2 585
1 214
1 2756
2 2778
1 492
2 1796
2 233
2 2093
2 60
2 946
2 3428
2 316
2 2585
2 3007
2 2566
1 2952
2 2433
2 2368
1 485
1 3379
2 1234
1 3430
1 2013
1 2815
1 2
2 62
1 2261
2 1564
1 462
2 3319
1 2813
1 438
2 2552
1 2381
1 3196
1 2172
1 3213
2 1128
1 653
1 1340
1 3124
1 2978
2 662
1 1120
1 3385
1 2280
2 2639
1 576
2 2341
2 980
2 1068
1 384
1 2019
2 930
1 2305
1 148
1 2834
1 3227
2 2843
2 2744
2 56
1 3478
2 64
1 2410
1 34
2 1715
2 2774
2 1236
1 1545
1 2194
1 3068
2 1096
1 488
2 199
1 732
1 971
2 2521
2 1014
2 2979
2 3079
2 2820
1 978
2 440
2 2330
2 2205
1 3059
2 2973
1 3396
1 429
2 2884
2 3080
1 1868
2 3490
2 690
1 1489
1 1130
2 1154
1 367
1 2439
1 776
1 309
1 1694
1 2426
2 2342
2 1125
1 3392
1 1144
2 517
1 1638
1 2737
2 732
2 694
2 27
2 2321
1 1220
2 379
1 1817
2 3229
2 610
1 1951
1 1034
1 3075
1 501
1 141
1 2439
2 1027
2 1766
2 102
2 1537
1 254
2 3496
1 2369
1 1567
2 1562
2 460
1 3515
2 3463
1 1452
1 2776
2 1197
1 1059
1 3384
2 561
2 2247
2 2444
1 1695
2 1131
2 1151
1 1392
2 1653
1 2218
1 2383
1 2385
2 1350
1 275
2 68
1 1061
1 2080
2 430
1 585
2 424
1 2688
2 235
1 2830
2 2643
2 1753
1 411
2 953
1 138
2 1066
2 327
2 114
1 1655
2 3053
2 1788
2 343
1 3322
1 46
1 2895
1 215
2 1320
2 3110
1 1613
1 3232
1 1491
1 928
1 1546
1 822
2 683
2 846
1 1174
2 344
1 2509
2 2645
2 1492
1 1985
1 1606
2 1709
1 739
1 2306
2 3483
2 2604
2 2638
2 69
1 2976
1 543
1 2835
1 195
2 721
2 234
2 1860
2 2286
1 1934
2 1482
1 2695
1 1570
1 1409
1 3002
2 2492
1 2017
2 244
1 2814
2 1138
2 1849
1 1485
2 558
1 1263
2 1674
2 1328
2 2504
2 1655
1 1841
1 1487
2 3087
1 872
1 209
2 339
1 1466
2 3250
2 3319
1 913
2 3085
2 531
2 2537
2 2184
2 1875
2 1434
1 3185
2 109
1 1277
2 1734
1 3125
1 3156
1 412
2 1159
2 2669
1 3259
2 1653
2 1552
1 906
1 2723
2 607
2 2891
2 2802
2 2650
1 1964
2 2731
1 2087
1 2921
1 2496
2 1146
2 994
2 3550
1 3472
1 1994
1 1618
2 2387
2 891
2 1769
2 153
1 2053
2 1376
2 2230
1 3120
2 267
1 2664
1 1254
2 1067
2 206
1 173
1 2068
1 3304
2 618
2 1114
2 3512
2 2392
2 1663
1 2373
1 1045
1 70
2 405
2 3384
2 2214
1 306
1 727
2 2401
2 971
2 2085
2 663
2 935
2 1998
2 707
2 2844
1 3464
2 223
2 3366
2 2112
1 3114
1 2631
1 2253
1 3002
1 1776
2 1667
2 1019
1 2537
2 1130
1 2559
2 253
1 520
2 1232
2 641
2 410
1 2557
2 1581
2 1811
2 1298
2 2482
2 3467
1 1047
1 284
1 2725
1 1776
1 1968
2 2406
1 543
2 1351
2 718
2 2160
1 641
1 869
1 2352
1 369
1 1664
2 2916
1 2095
2 2090
2 667
2 1184
1 1990
1 548
2 351
1 960
2 1697
2 1443
2 3438
2 3108
2 758
2 2064
1 1657
1 655
1 2263
1 3492
2 2491
1 1938
1 320
2 3106
1 2333
2 448
1 2128
2 2721
2 194
2 3021
2 320
1 2460
2 1895
1 582
1 723
1 724
1 2169
1 3211
1 2485
1 1436
1 1002
2 1672
1 2054
1 2570
2 3113
1 1927
2 247
1 2646
2 2702
2 1269
2 1829
2 1123
1 2272
2 2438
1 3054
1 546
1 22
1 2124
2 1693
2 1759
2 308
1 564
1 790
2 1120
1 1661
1 2461
2 542
1 2184
2 1008
1 1620
1 1432
1 437
2 858
2 2685
1 1245
2 2320
1 2173
1 1721
1 1053
1 3243
1 841
1 1191
1 528
1 924
1 2292
2 1152
1 1704
2 339
2 1322
1 3086
1 885
2 817
1 2641
1 2839
2 579
2 754
2 3503
1 91
2 3016
2 643
2 2837
2 3164
2 3066
2 2591
1 2036
2 3127
2 3481
2 1189
2 1097
1 2814
2 3424
2 3110
1 2628
1 1140
2 76
2 2275
1 3302
1 742
1 1873
2 103
2 399
2 684
2 2993
2 2395
2 1033
1 443
1 2058
1 2575
1 1324
1 2990
1 993
2 1278
1 1767
1 701
1 2468
1 2828
2 3471
2 3071
2 3147
2 3004
1 850
1 636
1 3397
2 652
2 2599
1 2473
2 2956
2 1357
2 3437
1 3493
1 2937
1 983
2 404
1 152
1 899
1 2924
2 2117
1 1426
1 735
1 2004
1 2938
2 1997
2 651
1 1249
2 402
1 1379
2 2504
2 2684
2 531
2 803
1 2859
1 1088
1 3258
1 2023
1 632
1 2916
1 1969
2 2754
1 3196
1 2742
1 3372
2 375
1 125
2 1218
2 3289
1 1961
1 3030
2 2191
1 2136
1 2619
2 2239
1 14
1 3126
1 1299
1 1332
1 2692
1 486
2 95
2 3239
1 2007
2 1921
2 1379
1 1613
1 875
2 903
2 2195
1 2083
1 3418
2 3202
1 2121
1 2030
2 2116
1 1416
1 1071
2 1593
1 1559
2 2061
2 2332
1 1632
2 719
2 321
2 2894
1 3487
2 1084
1 2815
2 605
2 1682
1 2480
2 797
2 359
2 2235
2 976
2 2049
1 2878
1 2110
1 2737
2 583
2 1540
1 2667
1 2530
1 2681
1 662
2 360
1 2989
1 2298
2 2595
1 1462
1 1110
2 2223
1 1044
1 2076
2 970
1 213
2 556
2 3060
1 396
2 2998
1 2623
1 475
2 3399
1 2046
1 2586
1 864
1 2029
2 2206
1 1181
1 2134
2 2492
2 179
1 1180
2 1833
2 2604
1 105
1 19
2 649
2 2452
2 348
2 1344
1 1677
1 2713
2 1917
1 905
2 3516
1 2927
1 201
1 1276
2 2140
2 2932
1 2259
1 2747
2 1307
1 2049
2 365
2 3185
1 66
1 3015
1 1542
1 1099
2 1154
1 3539
1 1999
2 1819
2 3005
1 1625
1 370
1 1397
1 2107
1 1887
1 1434
1 2477
2 420
2 211
1 1256
1 1241
2 1459
1 3484
1 1058
2 2902
2 2705
2 3035
2 1072
1 1933
2 1851
2 1660
1 1339
2 48
2 3173
2 917
2 3505
1 291
2 1264
2 711
1 358
2 2336
1 653
1 1057
1 1980
1 383
2 325
1 557
2 15
1 2662
1 3365
2 1177
2 3359
2 894
1 355
1 2791
1 3217
1 421
2 2933
2 611
2 1648
2 1597
1 378
1 948
2 2775
2 647
2 1164
2 605
1 1835
1 3477
1 3177
2 1526
2 1718
2 372
1 2861
2 84
2 907
1 3508
1 3238
1 2062
2 532
2 3130
2 1554
2 869
2 1463
1 3287
1 832
1 1953
2 226
2 3009
1 2562
1 988
1 2272
2 3367
1 2591
1 1687
2 1503
1 2338
1 728
1 2970
2 312
1 2925
1 1027
2 3171
1 1765
1 3511
1 21
1 2836
2 692
2 942
2 748
1 950
2 2028
1 1297
2 1978
1 52
1 1210
1 1595
1 3385
2 1393
1 3475
2 1960
2 783
1 3074
1 3045
1 736
1 2107
1 2780
1 2734
2 1809
1 277
1 2351
1 143
2 1773
2 2474
1 3189
1 2015
1 3249
1 979
1 1834
2 619
1 2676
1 1619
1 749
1 2084
1 93
1 3000
2 216
2 167
1 2928
2 1024
1 1090
2 2668
2 600
2 465
1 442
2 1899
2 1471
1 307
2 541
2 2166
2 474
1 2330
2 621
1 1818
1 3236
2 1023
2 247
2 1637
2 2566
1 994
2 499
2 3418
1 1053
1 1919
2 1853
2 2239
1 3478
1 12
2 2920
2 851
2 81
2 1429
2 2215
1 313
1 3530
1 2273
1 3228
1 2045
2 1659
1 273
1 2234
1 2616
1 2750
2 1219
1 812
1 295
2 1178
2 121
1 1386
2 455
2 1470
1 482
1 669
1 1109
1 357
1 2436
2 2026
2 2724
1 1634
2 2869
2 3206
2 2055
1 41
1 1441
1 774
2 3227
1 325
1 271
2 431
1 3174
1 2347
1 1607
1 1322
1 1029
2 2654
1 2053
2 1320
2 1334
1 558
1 686
1 2206
1 1357
2 2821
1 1420
2 2310
1 55
1 414
1 1378
2 433
2 2794
2 2691
1 1019
2 2718
2 1862
1 1772
2 32
2 713
1 897
1 2982
2 1635
2 786
1 273
2 3266
1 3276
2 2456
2 406
2 861
2 1100
2 135
1 2580
2 2316
1 834
1 1521
2 3204
1 1570
2 2028
1 733
2 1356
1 1046
1 3490
2 2325
1 1703
1 2080
2 1714
2 1016
2 1012
1 1676
1 1431
2 45
1 3166
2 3257
1 2984
2 1790
2 2652
2 27
1 1040
1 184
2 1868
1 893
1 535
1 2329
2 2147
1 1596
2 540
2 3380
1 525
1 2248
1 536
2 3246
2 2396
1 3195
1 2050
1 1223
1 524
2 1162
1 714
1 1142
1 1845
2 2020
1 3023
1 1074
2 3135
1 1166
2 2410
2 940
2 3265
2 1541
1 717
2 2251
2 527
1 210
2 1566
2 551
1 3377
2 2355
1 3471
1 3408
1 3427
1 2217
2 2320
2 3368
1 2303
2 3132
1 2846
2 2509
2 1679
2 218
1 3177
2 3082
2 1446
2 1282
1 3026
2 2823
1 840
2 1169
2 2484
1 2522
1 491
1 1021
2 1246
1 2218
2 310
1 2266
2 3470
1 2779
1 1556
2 600
2 1222
2 1578
1 305
2 693
2 2995
2 3219
2 163
1 848
1 1265
1 451
2 353
1 3090
1 2104
2 2824
1 2532
2 1777
1 2155
1 479
1 3339
1 1413
1 3136
1 664
2 3240
2 3403
1 2174
1 1712
2 1398
2 2889
1 2014
2 467
2 2526
1 79
1 1374
1 1571
1 2572
2 173
2 3284
1 2626
1 1300
