7600 2000
1 2074
1 544
2 3372
2 2946
2 15
1 1842
1 2352
1 1150
1 1867
1 1692
1 2910
1 2231
2 701
1 560
1 3511
1 1367
2 2794
1 2465
1 851
1 2412
2 1512
1 2652
1 232
1 2826
2 624
1 776
1 2890
1 2964
1 1728
2 581
1 1865
2 280
2 1126
1 1912
2 1438
2 2617
2 3636
1 3677
2 719
2 3122
1 3200
1 1549
1 3506
2 3020
1 3561
2 34
2 2174
2 464
2 974
1 646
1 945
2 2820
1 2414
2 3325
2 3476
1 3072
2 1647
2 3617
2 1808
2 3230
2 618
2 335
2 3107
1 3583
1 266
1 1343
1 926
1 1807
1 286
2 2616
1 2150
1 1670
1 1694
2 1805
2 3063
2 934
2 260
1 3201
2 2725
2 2065
2 1271
2 2112
1 3002
2 3209
2 1218
1 1560
2 1919
2 1277
2 707
1 989
2 2488
2 1075
2 1195
1 3252
2 332
1 2855
1 653
2 1319
2 2630
1 229
1 1564
2 3335
2 3282
2 2965
1 2177
2 576
1 551
1 705
1 2379
1 3224
2 3238
1 1492
1 2799
1 158
1 2788
1 2247
2 415
2 156
2 1909
1 2161
1 273
2 637
1 1323
1 2732
1 893
2 1781
1 1085
1 445
1 200
2 978
1 2418
1 2117
1 2219
1 3117
1 3374
1 774
2 1109
2 131
1 2568
1 3119
1 2064
2 2532
2 2661
1 385
1 3176
2 1346
1 1219
2 256
2 3201
1 476
1 3394
1 1384
1 3646
2 208
1 716
1 2772
2 654
2 765
2 2372
1 2782
1 1768
1 2816
1 3529
1 2419
2 2519
2 1482
2 583
1 3113
2 1311
2 3065
2 931
2 2457
1 643
2 1106
2 1578
2 2324
2 837
2 1181
2 1539
2 512
1 2082
2 258
1 767
1 3334
2 1433
2 1047
1 3458
1 3391
1 750
2 79
2 1948
2 3708
2 467
2 3320
1 1504
1 322
1 2312
2 691
2 1338
1 2934
1 87
1 3274
2 3237
2 3347
2 3285
1 328
2 2491
1 1503
2 1843
1 1166
1 2584
2 2958
1 1828
2 470
1 2683
1 1325
2 1703
2 3715
1 3745
1 3665
1 935
1 2486
2 1059
1 3239
2 1984
2 3360
2 207
2 1852
1 2838
2 2946
1 2066
2 1629
1 3501
2 2546
1 1897
2 1076
1 1564
1 36
2 2712
2 2073
2 615
2 485
1 3536
2 2140
1 3712
1 780
2 1865
2 1190
1 3253
1 1166
1 24
1 1559
1 1803
2 1942
1 3642
2 3757
2 2103
2 591
1 1236
2 2418
1 162
1 1554
1 3645
2 1381
1 2812
2 1897
1 1321
2 1350
1 3430
1 1322
2 304
1 3586
2 2877
2 953
1 1449
1 1105
2 516
1 205
2 370
1 964
1 3344
1 39
1 190
2 3413
2 770
2 283
1 388
1 2898
1 3695
1 670
2 3422
1 3729
1 1116
1 911
2 871
1 1948
1 2277
2 3755
2 2197
1 2335
1 690
1 791
2 1024
2 378
2 2632
1 1168
1 2058
2 1650
1 17
2 2117
1 3031
1 2657
2 745
2 734
1 1712
1 271
2 203
1 2974
2 850
2 635
2 2773
1 1661
2 2614
1 1046
2 1245
2 3307
1 2612
2 167
2 2560
2 1651
2 279
2 2769
2 1881
2 3175
2 49
2 1770
1 2868
1 2575
1 2531
1 2711
1 802
1 3692
1 170
2 2787
1 2496
2 2866
2 1365
1 2079
1 503
2 93
1 141
2 188
1 3068
1 1533
2 796
2 343
1 993
1 1881
1 2498
2 520
1 2264
1 2293
1 3086
1 2815
2 3092
2 1951
2 3326
1 2148
1 3034
2 808
1 1772
2 2870
1 1038
2 3292
2 2646
1 2428
1 3080
2 1347
2 1962
2 3216
2 946
1 1816
1 1403
2 1713
1 1335
2 867
2 1470
2 2339
1 1566
1 2650
1 1049
2 2408
1 1693
2 71
2 2409
1 2609
1 3281
1 845
1 3332
1 2814
1 3166
2 2742
2 3320
2 673
2 733
1 1344
1 2092
1 1866
1 1539
2 1002
1 2284
1 2004
2 89
1 1508
1 2922
2 1201
1 611
1 1378
2 2308
1 2377
2 1574
2 1905
1 1246
1 2558
1 1528
2 2710
1 2912
1 909
2 948
2 96
2 605
1 1520
2 545
2 1931
1 1773
1 3012
1 3271
2 3093
2 691
2 1328
1 2372
1 659
1 2422
1 2885
1 3570
1 3450
1 1996
1 3266
2 1793
2 1366
1 416
2 3542
2 387
1 2847
2 1700
1 1372
1 1872
1 525
1 3714
2 3346
2 3520
1 3024
1 3248
1 668
2 3667
1 1091
1 1093
2 3478
1 3498
1 1877
1 902
1 1695
2 1818
2 1846
1 105
1 1354
1 2907
2 2757
1 3078
2 1229
1 2521
1 2611
2 2633
1 2929
2 2654
2 1005
2 278
1 1071
2 1284
1 2074
1 3279
1 3269
1 3162
2 1752
2 3582
1 3588
1 371
2 3307
1 731
1 2673
2 2508
2 1179
1 667
2 1070
2 2279
2 1103
2 3634
2 1474
1 3244
2 1792
1 320
2 2667
2 3132
2 3552
2 1414
2 3294
2 356
1 1378
1 2471
2 3245
1 2276
2 1476
2 2289
1 2285
2 963
2 3130
2 2905
1 1526
2 3369
2 2178
2 2510
2 3258
2 524
2 269
2 208
2 617
2 2449
1 2506
2 3420
2 1065
2 1043
2 2994
1 2603
2 1482
2 3600
1 2693
1 3640
1 3697
2 1642
2 248
1 3379
1 1692
1 2248
2 972
1 3329
2 3670
2 1671
1 787
2 2141
1 3380
1 1496
2 924
1 706
1 1573
2 3630
2 4
2 534
2 983
1 1349
1 411
1 594
1 1162
2 1115
2 3729
1 1717
2 1457
2 2797
2 1285
2 2230
2 3123
2 3734
1 2533
2 93
1 1839
1 3416
2 2902
1 384
1 1324
1 1654
1 996
1 2126
1 505
2 3015
2 2825
2 2128
2 1000
1 2789
1 3716
1 2990
1 3350
1 3047
1 205
1 651
1 1148
2 1164
1 2637
2 1748
1 2218
1 830
2 2644
2 45
2 1516
1 2683
2 1901
1 1033
1 2818
2 1511
1 184
1 2245
1 2736
2 1310
2 2266
1 1483
2 3583
1 1286
2 839
2 1428
1 1848
1 1537
1 1898
1 2473
1 377
1 2822
1 2733
1 3657
2 1755
1 1264
2 3397
2 258
1 3232
1 1357
2 3426
2 2926
1 3328
1 3283
1 257
2 3276
2 1870
2 3409
1 596
2 2692
1 71
1 289
1 2904
1 1974
1 3769
1 786
2 366
2 1196
1 779
1 3118
1 3431
2 1605
1 2129
2 827
2 2045
1 569
1 3547
1 1252
1 2538
1 578
2 2673
2 3104
2 2473
2 1677
2 2786
1 1804
1 363
1 2573
2 2675
2 1616
1 168
1 2929
2 2859
1 2743
1 967
1 1519
1 1455
2 1231
2 437
2 996
2 3682
1 3535
1 1229
1 2365
1 2528
1 3771
1 2876
2 2419
1 3041
2 3608
2 3443
2 2318
1 3204
2 2742
2 1390
1 1013
2 2373
2 3233
2 3524
1 855
2 2287
1 3398
1 1816
2 1446
1 3775
2 1056
1 2844
2 733
2 3531
1 1627
1 675
2 291
1 2416
1 2129
2 1312
2 1567
1 2903
2 270
2 3453
1 1660
1 872
2 2587
2 3477
1 3197
2 3501
1 1936
2 1140
2 1330
1 2037
1 159
1 1211
2 886
2 1875
2 108
1 566
1 1569
1 1281
1 1975
1 1218
1 1375
1 3167
2 612
2 1156
2 415
2 427
2 1625
1 1500
2 2090
2 312
2 3668
1 2830
1 2687
2 2062
2 1296
1 2253
2 1516
1 2842
2 1604
1 2599
1 1323
2 2037
2 1974
1 395
2 2452
1 2796
1 1874
1 2744
1 1811
2 834
1 2330
2 1213
2 480
2 1270
2 2520
2 2998
1 3672
2 3758
1 1503
2 2825
2 2885
1 2364
2 819
2 2821
1 2155
1 3058
1 3276
1 1014
1 255
2 2106
2 1958
1 104
2 2779
2 3519
2 1687
1 1576
2 60
1 1727
1 2442
1 2560
2 932
1 602
1 132
2 2779
1 1144
1 2993
2 1180
2 2343
2 3719
1 307
2 3246
1 3479
2 2706
2 403
2 2950
2 403
1 1540
2 994
2 1980
1 259
2 2327
1 1110
2 46
1 3275
2 2896
1 2477
1 698
2 923
1 2930
1 1744
2 2873
2 3133
1 2823
2 1333
1 2033
1 832
1 1396
2 1021
1 3503
2 2484
1 2199
2 2768
1 742
1 2055
1 3795
2 581
2 116
2 318
2 85
1 1632
2 3366
2 1672
2 2376
2 1057
1 2270
2 3796
1 1618
2 1915
2 3513
2 2002
1 1780
1 1776
2 1096
1 678
1 2046
2 83
2 2817
1 1359
2 2284
1 2020
1 2381
2 609
1 2317
2 2099
2 3267
2 2325
2 2710
1 3779
1 2324
2 2907
1 2985
2 3238
2 694
1 2410
2 466
2 326
2 3662
1 421
2 2629
1 2605
2 1198
1 2978
1 1906
2 2333
2 1708
1 2003
1 9
2 2811
1 2659
1 2975
2 3742
2 3012
1 3054
1 989
1 3581
2 457
1 2665
2 2888
2 2072
1 727
1 1894
1 3417
1 1067
1 862
1 1756
1 3283
1 3377
2 1862
1 2463
1 3573
1 1763
1 1957
1 2198
1 2585
1 1804
2 340
1 1223
1 5
2 1387
2 1010
1 544
1 198
1 396
2 930
1 2090
1 3318
2 1972
1 3476
1 768
2 727
2 1388
1 2879
2 3167
2 1425
2 2865
2 1995
2 1575
2 1468
2 2265
1 3621
1 1747
1 2976
2 3613
2 1086
1 3487
2 3105
1 966
1 1434
2 2912
1 2792
2 448
1 3340
1 1170
2 3620
1 1613
1 3064
2 3785
1 617
2 3345
2 2695
2 427
1 736
1 2902
1 975
2 3574
2 1807
1 120
1 2119
1 2205
1 1408
2 3225
2 739
2 1549
1 1889
1 3764
1 3156
2 1006
2 441
2 3617
2 537
1 1907
2 663
1 2359
2 1871
1 3438
2 529
2 2534
2 712
1 195
2 1992
2 2251
2 973
2 1654
1 295
2 56
1 527
1 894
1 1961
1 2635
2 3502
2 1834
2 73
1 2749
1 1845
2 1060
1 2522
2 2823
2 3181
2 1208
2 310
2 541
2 2782
2 1851
2 3455
2 2562
1 274
1 1815
2 2
1 2890
2 61
1 1601
1 693
2 1590
2 3260
1 1907
2 2657
2 1900
1 661
1 1739
2 3401
2 1587
1 2182
1 1702
1 2976
2 2606
2 2778
2 1501
1 12
1 2764
1 1553
1 792
2 402
1 2237
2 3328
1 3130
1 2143
1 68
2 3193
2 3158
2 171
1 3717
1 2320
2 2880
1 577
2 3686
1 2677
2 2442
1 2368
2 3358
2 2087
2 1392
1 2774
2 1594
2 962
2 2647
2 482
2 118
1 488
1 242
2 1980
1 1391
2 2591
1 1481
2 3212
2 1199
1 2204
1 625
2 853
1 3250
2 922
2 3389
1 3575
1 1581
1 139
1 3557
1 1087
1 2136
1 860
1 1825
2 2910
2 3168
1 3192
1 1072
2 2871
1 360
2 1035
1 2621
2 1129
2 3633
2 3234
1 908
1 1085
2 1586
2 3794
1 172
2 1837
1 97
2 3762
2 1276
2 3748
1 2394
2 2936
1 1947
1 2148
2 1133
2 3537
2 1677
2 1494
2 2721
2 3587
2 950
2 2316
1 1289
2 3033
2 1205
1 1734
1 921
1 262
2 753
2 114
2 2081
2 2385
1 652
1 1904
2 2955
1 3308
2 1982
1 3671
1 3356
1 3699
1 3426
2 65
1 1351
1 3121
1 1713
2 241
1 1150
2 2197
1 1637
2 2834
2 2417
2 2494
1 1451
2 3255
1 2271
1 1973
2 3707
2 1317
2 2240
1 995
2 1664
2 1819
1 3738
1 2139
2 2680
1 253
1 3667
1 1185
1 825
1 2995
1 2868
2 187
1 2884
2 2874
2 2953
1 2606
2 267
1 3450
1 1749
1 3034
1 2321
2 703
2 352
1 3265
1 2491
2 493
2 3197
1 124
2 2609
2 3405
1 1935
1 2342
1 2740
2 2356
2 3159
1 2662
1 685
2 3461
2 766
1 2503
2 43
2 3184
2 1157
1 3471
2 654
1 2669
2 2011
2 2367
2 583
1 98
1 2892
2 914
2 240
1 1632
1 2400
2 2296
1 653
2 140
2 2343
1 1438
1 2643
1 1758
2 2911
1 193
2 2707
2 3430
1 2596
1 485
2 2627
1 3027
1 1656
2 1244
1 3251
1 1404
1 3219
1 943
2 2876
2 924
2 806
2 1313
1 1988
2 3270
1 3364
1 698
1 471
2 3498
2 1060
1 3737
1 1046
2 1385
2 1095
1 52
1 3362
1 2641
2 2440
1 1659
1 40
2 1258
2 2463
1 1510
2 451
1 3540
2 132
2 1214
2 1204
1 2080
2 1279
2 578
2 2563
1 7
2 361
1 2519
1 680
2 2556
1 2987
2 243
2 2314
2 2594
2 311
2 905
1 26
1 2140
1 2875
2 1315
2 3286
2 55
1 433
1 285
1 1580
2 105
2 2906
1 1016
2 2399
2 478
1 1988
2 1029
2 1360
2 2759
1 1545
1 3168
1 2235
1 1981
1 2100
2 841
1 3698
1 431
2 1972
1 3438
1 2577
2 3579
1 3145
2 3449
1 2382
1 658
1 142
1 890
1 1273
2 1448
2 535
2 37
2 1234
2 3562
2 2465
1 3572
2 3394
1 1699
2 3626
1 2083
2 3737
1 2035
1 366
1 2167
2 276
2 1117
1 1683
2 1609
1 814
1 3389
2 32
1 3590
1 2777
2 2523
1 3459
1 3662
2 3377
2 1798
2 1813
1 221
1 20
1 1431
1 1477
2 1373
2 3174
2 1558
2 3318
2 633
2 2315
2 2956
1 2495
2 96
1 11
2 2430
1 883
2 3607
1 526
2 1720
1 857
2 1630
2 2791
2 2114
1 3180
2 2679
1 231
2 2390
1 3659
2 2949
1 636
2 3014
1 2705
2 330
2 2497
2 3727
1 2101
1 2311
2 2450
2 2741
1 3038
2 2723
2 2878
2 2366
2 3061
2 539
2 80
2 1221
2 3513
2 739
2 2044
1 3384
2 3262
2 1868
2 1305
2 3077
2 671
1 923
2 2840
1 2531
2 1492
1 816
1 1638
2 1971
2 616
2 1411
2 1639
2 3435
1 1643
1 506
1 3631
2 1227
2 3690
1 1544
2 3622
2 2489
1 3686
2 1206
2 1094
2 161
2 2095
2 489
1 3458
1 3699
2 1869
1 3327
2 2239
1 2631
1 587
1 194
2 2840
1 2792
1 1045
2 632
1 3731
1 2804
2 1063
1 392
2 3188
2 2172
2 3512
2 2958
1 3124
1 1020
1 3601
1 973
2 3198
1 3610
1 2024
2 1730
2 1326
2 1292
1 3412
2 2421
1 2697
1 2448
1 968
1 1535
2 1493
2 823
1 861
2 76
2 2283
1 854
1 1941
1 1704
1 1802
2 1509
1 1356
1 3400
1 2243
1 3291
2 212
2 2871
2 1868
1 1790
1 3600
1 3589
2 3575
2 3678
2 1716
2 905
1 140
2 2111
1 2671
2 828
1 731
1 307
2 1590
2 2913
2 318
1 1225
2 2416
2 2348
1 3651
1 167
1 801
1 573
2 3448
1 1092
2 2686
1 1955
1 2435
1 290
1 2931
1 1175
2 418
2 1910
2 2821
2 1764
2 1237
1 190
2 3315
2 920
2 354
1 2128
1 1273
1 1934
1 2272
2 618
2 417
2 2122
1 2132
1 2481
1 2264
2 2382
1 1559
2 29
1 3468
1 1860
2 2892
2 1500
2 3707
2 1548
2 247
1 434
1 947
2 2515
2 926
2 2014
1 2322
2 3422
2 3055
2 1591
2 2628
1 2549
1 346
2 1163
1 3444
1 1786
2 3691
2 2734
2 601
1 138
2 1844
2 1728
1 1360
1 1876
1 572
1 1736
1 1815
1 433
1 420
1 2361
2 1444
1 741
2 2000
2 1753
1 3035
2 3052
1 2238
1 263
2 490
2 2286
2 744
1 3310
1 2459
1 2555
2 1727
1 3799
1 2638
1 3720
1 2757
2 927
2 3718
2 3187
2 2706
2 1892
2 3357
2 2023
2 1153
2 3534
1 376
2 2774
2 2991
1 555
2 1800
2 3268
1 336
2 536
1 1597
1 209
1 3179
1 2223
1 378
1 325
1 461
2 1177
2 3623
2 3503
2 1202
1 1231
2 546
2 3137
1 770
2 1113
2 2176
2 1238
2 3612
1 2530
1 1707
1 2173
1 2649
1 3408
2 3234
1 1665
2 11
1 2952
2 3475
1 1787
2 3728
1 3529
2 3527
2 2461
2 1022
1 3445
1 2735
1 869
1 1232
1 1361
1 1785
2 2983
1 2312
1 3623
1 1760
1 2228
2 1716
2 244
2 887
1 3008
1 444
1 2300
1 1736
2 1426
1 2831
2 952
2 3082
2 2758
2 2218
1 1182
1 1964
2 3609
2 977
1 1246
2 1250
2 992
1 542
2 92
2 1386
1 2930
1 780
1 123
1 101
1 1991
2 2147
1 2685
1 224
1 3489
1 639
2 3282
1 3319
2 2563
1 3436
2 964
1 1028
1 603
2 202
2 2047
2 3247
2 2104
1 647
2 1827
2 1167
1 90
1 2064
2 2557
2 1262
1 1956
1 2597
1 1684
1 3374
1 3048
2 559
1 2173
1 3160
2 2532
2 1725
1 1393
1 2943
1 609
1 2582
2 492
2 2827
1 3325
2 1238
2 3612
2 556
2 1160
2 798
1 2713
2 632
1 2411
1 741
2 793
2 2607
1 1842
1 3113
1 1230
2 3702
1 3123
2 911
1 1789
1 3360
2 2887
2 588
1 719
2 2157
2 3418
2 1102
1 1135
2 407
2 1243
2 3124
2 772
2 974
1 1460
2 3485
2 1904
2 3676
2 3728
1 774
1 3333
1 3368
1 2089
1 3770
2 100
2 334
2 897
2 236
1 2517
1 3075
2 1388
2 122
1 308
2 3349
2 2159
1 2370
1 2261
2 3251
2 602
1 1577
2 1986
1 1435
2 967
1 2384
2 1622
1 23
1 1389
1 462
2 1356
1 1173
1 3566
2 955
2 2425
1 2254
1 1112
2 1174
1 3239
1 2433
1 3680
2 215
1 1189
2 2451
1 1850
2 1015
2 2274
2 2604
2 1051
2 3576
2 303
1 201
2 2421
1 2093
1 3177
2 252
2 498
2 641
2 220
2 3650
1 2225
1 1011
2 227
1 246
2 1447
1 2352
1 2848
2 299
2 409
2 2569
1 1307
1 2267
2 730
1 367
2 3544
1 784
1 168
2 3244
2 2970
2 2903
2 121
2 1817
2 1542
1 3713
1 3293
1 1005
2 175
1 3523
1 1373
1 3106
2 876
2 2864
2 3349
1 3753
1 3698
2 561
2 3266
1 3369
1 419
1 1000
1 1458
1 2815
2 2928
1 3236
2 3163
1 1423
1 763
2 3354
2 3688
1 700
2 1401
1 2799
1 3106
2 494
2 1645
1 2551
1 1130
1 3305
2 3141
1 3051
2 1099
2 1779
2 1545
2 3702
1 3721
1 3013
1 121
2 175
1 439
1 1932
1 3800
1 514
1 2146
2 1684
2 915
1 1242
2 228
2 2030
1 1184
2 2793
1 2022
2 2189
2 2619
2 3057
2 1544
2 1949
2 2462
1 2004
1 1197
2 146
1 491
2 1618
1 2375
2 677
2 2526
2 3047
1 406
2 2192
1 984
1 959
2 1791
2 1850
1 2787
2 128
2 3109
2 597
1 1591
2 6
1 2881
2 37
2 1097
1 383
1 2682
2 3683
2 2960
1 1513
1 2561
1 2098
1 1787
2 2406
1 1354
1 971
2 2377
2 2420
1 2957
1 3242
1 2111
1 1596
1 3606
1 2120
1 3110
1 384
2 1931
1 3273
1 1488
1 1578
2 3181
1 1473
2 2034
2 1220
1 1288
1 1668
1 682
2 3721
2 1042
1 3467
1 3568
2 1199
2 1031
1 831
1 1940
2 144
2 2478
2 3177
2 42
1 621
1 1240
2 2403
1 429
2 813
2 3352
1 2432
1 2917
2 3376
2 129
2 1899
2 1967
2 3442
1 1689
2 1030
2 769
2 1930
1 361
2 401
1 3148
2 2959
1 2839
2 1321
2 178
2 397
2 2426
1 3156
2 2329
2 3109
2 3221
2 1695
1 1522
2 3687
2 2675
1 503
1 1680
2 1782
1 3347
1 1260
1 1538
1 2537
1 2634
2 2081
2 2822
2 595
1 2241
1 126
1 3428
2 1475
1 978
1 2219
1 1104
1 1343
1 3775
2 1943
1 368
2 3361
2 2357
1 3065
1 2437
2 3599
1 1179
1 3783
2 1240
2 1044
1 2994
1 3357
1 1157
1 610
2 1892
1 1933
1 2899
2 1495
1 2116
2 2846
1 136
1 1754
2 393
1 1243
1 418
1 58
1 265
2 3303
1 2982
1 3366
1 1382
2 1128
1 3143
2 1467
2 3180
1 2380
2 2482
1 2711
2 52
1 2727
2 3615
1 419
1 2256
2 3527
2 2867
1 2828
2 1533
2 2638
2 382
2 853
2 821
1 2255
2 2883
2 328
2 3016
1 790
2 2776
2 2315
1 3138
2 638
2 1592
2 800
1 2478
1 339
2 3082
1 1188
2 813
1 3243
1 3359
2 1287
2 3726
1 2069
2 62
1 2180
2 1342
2 957
2 286
2 1712
1 2837
1 1543
2 3700
1 3223
1 1820
2 3165
2 1470
1 1044
1 1930
1 3560
2 3735
2 3021
2 1826
2 469
2 881
2 2130
1 980
2 3131
2 3144
2 3796
2 3241
2 2126
1 1519
1 1770
1 906
2 1604
1 1916
2 2922
1 3790
1 305
2 455
1 3071
2 2041
2 2568
2 1801
2 2172
1 3601
2 1153
1 254
1 3616
1 621
2 2328
1 2926
2 2011
1 1418
2 1856
2 2439
2 568
2 2979
2 3114
2 2109
1 3675
2 593
2 3586
1 134
2 913
1 2577
2 2485
2 2141
2 2260
1 3685
2 2184
1 1833
1 1391
2 2781
1 333
1 410
2 3142
2 2059
2 2391
1 1611
1 2530
1 1235
2 1076
1 1718
1 1226
2 3260
1 181
1 3188
2 536
2 3663
1 3314
1 3323
2 755
1 3509
2 1291
2 656
1 1737
1 2153
2 97
2 1081
2 2717
1 1206
1 1631
1 1191
2 684
1 2108
2 3696
1 1095
2 2139
1 432
2 1936
1 689
2 1034
2 3454
2 3405
1 2783
1 1731
2 18
1 3090
2 2157
2 3223
1 895
2 1956
2 3693
1 150
1 1299
2 1436
2 2306
1 3614
1 314
2 1478
2 759
2 1872
2 118
2 381
2 1376
1 2574
1 629
1 2726
2 226
2 1561
1 2872
1 954
1 711
2 3093
2 3161
1 49
1 1615
1 1824
2 1903
2 173
2 2914
2 630
2 1636
1 213
1 483
2 385
1 271
1 1213
2 2030
1 1896
2 1435
2 2925
2 635
2 637
2 2829
1 376
1 1989
2 3714
2 1546
1 329
2 3776
2 180
2 2156
2 270
2 1418
1 402
1 183
1 2510
1 2155
2 107
2 2018
1 3050
2 2323
2 3056
2 2784
1 1326
1 2006
2 3581
2 3532
1 1136
2 3194
2 2175
2 2351
1 2775
2 2780
1 3595
1 1190
1 2341
1 1647
2 3045
1 3092
1 1837
2 417
2 2566
2 977
2 1612
1 2009
2 772
1 1439
1 3492
1 3269
2 1422
1 2454
1 3519
2 41
1 3313
1 1002
1 1427
1 2196
2 2698
2 2447
2 214
1 2583
1 2874
1 1342
2 3229
2 2185
2 782
2 951
1 2349
2 364
2 2319
2 3666
1 3298
2 2971
1 2943
1 154
1 230
2 251
1 2010
1 2306
1 2269
2 1291
1 2099
1 1397
1 3602
1 3189
1 2535
1 2942
1 3464
1 155
2 3316
2 2127
2 2753
1 1502
2 3577
1 1371
2 2110
1 1841
1 1889
1 2497
1 1226
2 228
1 1366
1 490
1 3367
1 3080
1 1795
2 809
2 3295
2 2458
2 800
2 2231
2 3027
2 2093
1 2652
1 3390
1 1263
2 3449
2 834
2 1380
1 2725
2 2515
1 3485
2 2357
2 3484
1 3773
1 341
2 1009
1 1775
1 1254
1 2681
1 783
1 892
1 134
1 2040
1 1929
1 1952
1 1663
2 210
2 1464
1 152
1 1840
2 3191
1 2063
2 658
1 2646
2 3279
2 1926
2 2824
2 889
2 115
2 2808
1 788
1 2735
1 1332
2 783
1 194
2 29
1 3697
1 2487
2 1439
2 2103
2 3183
2 3554
2 1124
2 3797
1 1040
2 249
2 1305
2 2927
2 568
1 694
1 1824
1 874
1 1088
2 3231
1 3386
1 158
2 102
2 899
1 833
1 2887
1 1223
2 4
1 3706
1 3319
2 3780
2 3446
1 807
2 1163
2 2244
2 722
1 1194
1 969
2 3727
1 3537
1 148
1 1110
1 47
2 1143
2 2642
1 645
1 2354
1 2453
2 1094
2 3097
1 687
2 3174
1 986
1 1122
2 575
1 2761
2 2494
1 3218
1 1368
1 3205
1 1859
2 289
1 1883
2 3608
1 2760
1 2147
1 2189
2 1363
2 3125
2 898
2 615
2 1572
2 2778
2 1655
1 2801
2 101
2 2107
1 1090
1 457
2 1722
2 459
1 891
2 3462
2 2948
1 696
2 2849
2 1292
1 993
2 2253
1 1927
1 743
1 2700
1 165
1 3521
1 1694
1 358
1 730
1 3040
1 1667
1 33
1 447
2 1732
2 659
1 174
2 3748
2 3532
1 2426
2 2663
1 571
2 3650
2 2653
2 1538
2 579
1 848
1 3511
1 347
1 3036
1 25
1 2175
1 624
1 2995
2 517
2 3289
1 1659
2 883
1 1047
1 2565
2 2022
1 78
1 3510
2 2384
1 3274
2 3672
1 1939
1 2200
2 1655
2 796
2 2762
2 2579
1 1588
2 3126
1 186
2 221
1 1429
1 3207
1 794
1 3517
1 2970
2 2940
1 1641
2 1330
1 1182
1 3011
1 1530
1 817
2 824
2 2164
2 563
2 398
1 3786
1 3474
1 2626
1 130
2 2338
1 1249
2 203
1 502
2 3676
2 2882
1 2309
1 3561
2 1311
2 3495
2 1001
2 3419
2 337
1 67
2 1415
2 1986
1 1652
2 1456
2 432
2 3186
1 2475
1 133
2 3195
1 143
2 206
2 250
2 541
2 3172
2 1685
2 2786
2 1593
2 197
2 1624
1 2643
1 840
1 835
1 2220
1 2559
2 725
1 1340
1 2984
2 548
2 3661
1 2355
1 3765
1 2188
1 2142
2 1111
2 2034
2 1887
2 2035
2 1121
1 912
2 2961
2 2221
2 744
2 170
1 2236
2 961
1 75
2 791
2 3264
1 1882
1 695
2 805
1 2630
1 1141
2 1949
1 3378
2 2386
2 873
2 1280
2 3245
2 3700
1 1025
1 884
1 1165
2 3205
1 1723
2 2023
1 2516
1 164
1 1785
1 2765
2 2206
1 1058
2 204
2 1635
1 846
2 2966
2 357
2 3159
2 1271
1 2927
2 207
1 806
1 442
1 3431
2 2396
1 3757
2 2179
1 3447
1 3585
2 2123
2 1969
1 3726
1 2806
1 237
2 3530
1 1155
1 2049
2 1656
1 2075
1 3414
1 369
1 1259
2 849
2 551
1 3304
1 2365
2 2119
1 1788
1 903
1 3136
2 2653
2 2399
1 878
1 3275
1 3314
2 2584
2 1185
2 1393
2 1108
1 3639
2 2211
1 868
2 1532
2 32
1 3145
2 2964
1 3289
1 2133
1 1987
2 1944
1 1335
1 2803
1 704
1 3108
1 2538
1 1610
2 3153
2 3060
2 1821
2 1417
2 3212
2 590
1 2834
2 3643
2 3259
2 88
1 3596
2 280
1 574
2 1353
2 805
2 2895
1 2622
1 1300
2 2765
2 2546
2 3494
2 538
1 1019
2 2552
1 3310
2 3361
1 1971
2 965
1 625
2 1329
1 3067
2 3555
1 1611
1 1320
2 2374
2 413
2 1505
2 1463
2 3372
1 768
2 3466
1 400
1 734
1 2077
1 3547
2 773
1 3311
2 1562
2 1392
2 3747
2 23
1 1918
2 586
1 2310
2 2791
1 2042
2 2249
1 238
2 716
2 1774
1 2807
1 3649
2 425
1 1266
1 3395
2 1504
1 2298
2 74
2 3788
2 1614
2 3469
1 2738
2 2269
1 3674
1 1506
1 1579
1 1786
1 3071
1 797
2 975
2 3504
2 1269
1 939
1 447
2 709
1 3522
2 855
2 1812
2 1580
2 2637
2 351
2 623
2 614
2 2060
1 704
2 446
1 990
1 1691
2 2997
2 1310
1 3327
2 2851
2 2246
1 1030
1 1600
1 695
1 2329
2 82
1 3354
1 50
1 3013
2 3392
2 591
1 1237
2 1102
1 1920
2 2696
1 1576
1 1741
2 1039
2 1491
1 2351
1 1821
1 2891
1 2459
1 3206
1 1351
2 1739
2 1943
1 2837
1 2752
2 2409
1 201
2 1384
2 3469
1 1966
1 1474
1 211
2 187
1 1515
1 3792
1 3228
1 1152
1 3719
1 313
1 856
1 68
1 3578
2 673
1 238
1 1355
1 2268
2 3257
1 2045
2 3095
2 1178
2 2487
2 411
2 1524
1 3595
2 3059
1 1574
1 1894
1 2873
1 3515
2 2947
2 80
1 1253
2 1279
1 1690
1 2450
1 2708
1 801
2 2483
2 2898
1 3395
2 982
1 1215
1 3041
2 1186
2 269
2 249
1 1437
1 852
2 912
1 2021
1 666
1 344
1 3549
1 2060
2 3390
1 3546
2 1960
1 1722
1 3463
1 144
1 1999
1 3615
2 1937
1 3538
2 1696
2 928
1 1365
1 3257
1 3182
2 3569
1 219
1 2024
1 218
2 1982
2 349
1 2135
2 793
1 3567
2 1284
1 3603
2 1400
1 3508
1 1994
2 442
1 2997
2 2713
1 1314
1 1900
1 1001
1 2527
1 830
2 3607
1 2968
2 1409
1 266
2 2186
1 904
1 884
1 2961
1 895
1 1657
1 2858
2 3653
1 113
1 2017
1 1484
1 3718
1 3220
1 949
1 103
1 837
1 386
1 721
2 3169
2 358
1 2137
2 18
2 3764
2 2972
1 1297
1 1132
2 2265
1 3435
2 634
2 3480
2 2758
1 1985
2 2194
2 2836
2 2518
2 3628
1 1996
2 3171
2 820
2 1612
1 777
2 2109
2 3370
2 3139
2 1683
1 458
1 2455
1 259
1 3030
1 2959
1 950
2 2187
2 1705
2 2429
2 938
1 530
2 1660
2 3687
2 353
2 424
1 1775
1 692
1 3754
1 1743
1 198
1 3766
1 849
1 2214
2 1705
1 2882
2 2475
1 3439
1 43
1 3171
1 225
2 125
2 2518
2 1978
2 3486
2 2209
2 3367
1 3562
1 2242
1 440
1 3300
1 1301
2 3782
2 1210
2 1663
1 3633
1 539
2 2215
2 31
2 391
2 2848
1 319
2 2179
2 1445
2 110
2 2425
2 160
2 499
2 3496
2 2296
1 1995
1 901
2 2303
2 1799
2 2850
1 2144
2 3024
1 210
1 454
1 3415
2 3277
2 3730
2 2869
1 3207
2 2108
2 535
1 3514
2 281
2 1120
1 1135
1 669
2 1082
1 2281
2 2438
1 1796
1 3619
2 2177
2 1149
2 1791
2 3112
1 2986
2 3340
1 2423
1 1556
2 108
2 3050
2 1831
1 2816
2 3256
2 789
2 1880
1 2588
1 2084
1 1610
1 662
2 3635
2 877
1 430
1 2810
2 483
2 1869
1 124
2 620
1 547
2 2763
1 888
2 1272
2 3641
2 3638
1 3428
1 1369
1 562
2 2616
2 252
1 2705
2 477
1 3625
2 1802
1 239
2 2256
1 2015
2 1570
1 2386
1 1577
1 2746
1 2600
2 931
2 999
2 3682
1 2429
1 89
2 1479
2 703
1 1810
1 3464
1 469
2 605
2 807
2 3755
2 250
1 3701
2 1568
1 3121
1 1395
2 1665
2 2055
1 299
2 3446
1 314
1 2762
2 3132
2 3750
2 2068
1 2854
2 2294
1 1239
1 1661
1 2761
2 522
1 2411
1 497
2 1497
1 1040
1 1825
1 185
2 1703
1 2015
2 827
1 179
1 2608
2 2731
1 1527
2 2955
2 1823
2 714
1 529
2 649
2 2716
2 2648
1 2853
1 752
1 2908
2 2077
1 3507
1 526
1 2800
2 2371
2 3311
2 2894
2 873
1 1706
2 1729
1 76
2 151
2 2070
2 186
2 2252
2 3657
1 3152
2 356
1 472
1 952
1 881
2 3440
1 1806
1 564
2 1070
1 2043
1 176
2 3091
1 3252
1 1186
1 757
1 1093
2 2536
1 829
2 2437
1 3756
2 2427
1 2954
2 2043
2 1923
2 815
1 2137
1 2809
2 296
2 1396
1 3746
2 2275
1 3342
2 3037
2 2480
1 44
1 585
1 2750
2 3312
1 798
1 123
1 3477
1 811
2 3334
2 1747
2 1430
1 2121
1 3365
1 283
1 486
2 3723
1 262
1 1457
2 1098
2 2576
1 2479
2 466
2 2143
1 3309
2 414
1 1609
2 169
2 3136
1 1700
1 631
1 1992
2 1344
2 423
2 1063
1 1413
2 2592
2 728
2 1138
1 2879
2 579
1 2553
1 1242
2 2229
2 3
1 1745
1 1615
2 3754
1 1947
2 2061
2 3302
2 196
1 2407
1 749
2 1379
1 2196
2 2953
2 114
1 1216
1 3272
1 1707
2 450
2 3049
1 1235
2 1744
2 500
1 3663
2 1113
2 1648
2 1887
1 1219
1 91
1 2583
1 1645
1 3193
1 2895
1 2396
2 3654
1 2449
2 217
1 988
1 2113
1 3751
1 2319
1 2948
2 2392
1 2054
1 3140
2 2051
2 1402
1 1969
1 3497
1 1448
1 1023
1 3009
2 633
2 1189
2 757
2 3515
1 2714
2 1871
1 2308
1 2453
2 1998
2 1893
2 2549
1 2078
2 2116
2 523
2 2393
2 2615
2 985
1 758
2 1345
1 3154
1 3441
2 613
2 3460
1 1608
2 3752
1 1041
1 1968
2 2556
1 2593
2 3792
1 1798
1 627
1 1053
2 3258
1 2655
2 2013
2 557
2 2345
1 192
2 2016
2 1758
2 2203
1 524
2 2941
1 833
1 2754
1 455
2 1738
1 2048
1 2699
2 2731
1 2292
2 2808
1 84
2 3456
2 1780
1 3030
1 3543
2 3466
1 737
2 2729
2 3074
2 1049
1 1890
1 843
1 3255
2 1233
1 690
1 1752
1 1746
1 2798
1 1502
2 162
2 2125
2 2359
1 3590
1 2601
2 1361
2 1248
2 775
1 2
2 1847
2 3016
2 494
2 1875
1 153
1 1543
1 3404
1 820
1 521
1 177
2 3085
1 3789
1 1362
2 638
2 506
2 242
1 429
2 2493
1 712
2 1512
1 1260
2 1278
1 145
2 683
1 1442
2 253
1 680
1 3211
1 2500
2 408
2 473
2 1127
1 465
2 2501
1 957
1 225
1 275
1 2200
2 2633
2 2917
1 3341
1 3218
1 2250
1 3461
2 1295
2 1171
2 3355
2 2008
2 571
1 3151
1 2565
2 804
2 594
2 2658
2 3096
1 1983
2 1524
1 91
1 3219
1 244
2 2941
2 3630
1 329
2 109
1 2340
2 172
2 58
2 2611
1 2553
2 35
1 3783
1 2843
1 3409
1 2505
1 857
1 665
1 821
1 1065
1 2021
2 3155
2 3162
1 3141
1 2500
1 398
1 1975
2 648
1 452
1 1797
1 831
2 1089
2 316
1 2802
1 3210
2 3158
1 919
2 3120
1 896
2 2390
1 326
2 2951
2 2800
1 83
1 3032
2 2600
2 2125
2 2366
2 3364
1 2897
2 2954
1 1377
1 1849
1 2785
2 61
1 1819
1 543
2 434
2 1624
2 1866
2 305
1 2239
1 2847
2 781
2 595
1 82
2 545
2 1507
1 2509
1 2835
1 3003
2 866
2 1672
1 3772
2 2781
1 874
1 1337
2 882
1 3747
2 2737
2 3580
2 3554
2 2729
2 3553
1 1118
1 2709
1 3760
1 245
2 3472
1 3649
1 920
2 1879
1 697
2 1809
1 2056
2 3129
1 1594
1 2208
2 2444
2 1069
1 3478
1 3688
1 3638
2 590
1 3254
2 1597
1 381
2 1748
2 3370
1 2447
1 2423
1 2617
2 2327
1 3134
1 393
1 1884
1 3670
1 1919
1 3038
2 2358
2 1429
1 1708
1 2300
2 729
2 1446
1 1598
2 319
1 204
1 375
2 3381
1 1138
1 3270
2 3033
2 3496
2 3421
2 1633
1 1338
2 1146
1 1434
2 2166
1 2741
1 1857
2 2501
1 3076
2 3185
2 267
2 2805
2 3525
2 1709
1 243
2 3784
2 906
2 3324
1 1563
2 513
1 193
2 3382
1 2813
1 3228
2 3247
2 1450
2 2988
1 810
1 26
2 762
2 1911
1 1116
2 1298
2 1420
2 3420
1 2894
1 3774
1 408
1 2861
1 771
1 145
2 3560
1 2094
1 699
1 940
1 1173
2 342
2 2233
2 2738
1 2794
2 1007
1 2539
1 2557
1 2704
1 202
1 840
2 2299
1 1425
2 1846
1 1774
1 711
2 1259
2 3100
2 3010
1 292
1 3403
2 8
1 1217
1 220
2 3539
1 3800
2 337
2 364
1 1410
1 3705
1 3284
1 1203
1 1562
1 2069
1 1274
1 2132
2 2685
1 1768
2 3411
1 2722
2 2213
1 2789
2 1490
1 2310
1 3039
2 3263
2 1
1 1757
1 2436
1 1643
2 317
1 81
1 2932
1 3191
1 3713
1 1818
2 302
2 1983
1 2718
1 3798
1 1606
1 1283
1 2542
2 2919
1 1315
1 1363
2 724
2 569
1 1507
2 2641
2 1294
1 2668
2 980
1 1104
2 3497
2 508
2 2802
2 613
2 2188
1 3432
1 475
1 1230
2 2443
1 3619
2 2737
2 1964
1 1973
2 382
2 3339
2 859
1 1142
2 137
1 3683
2 1210
2 50
2 2570
2 2058
2 1009
2 1726
2 2567
2 692
2 2963
2 870
2 1899
2 636
1 3103
2 1553
1 3733
1 2564
1 2597
2 1297
2 304
1 1531
2 1234
2 1762
2 3620
1 2602
2 3664
1 2169
2 2686
1 274
2 2115
2 1554
1 1083
1 3679
2 2973
1 298
1 664
1 956
1 1867
1 1876
2 1397
1 1239
2 74
1 3605
2 596
1 3290
2 1294
1 1746
2 1940
1 2900
1 2205
1 519
2 2901
1 2347
2 766
2 3516
2 3017
1 282
2 137
2 3303
1 331
1 842
1 2880
1 532
2 3704
1 3632
2 1027
1 1911
2 215
1 1107
2 3043
1 868
1 1316
2 373
2 3680
2 2170
2 2558
2 391
2 2121
1 3480
2 3758
1 672
1 661
2 3557
1 2548
1 1436
2 886
2 746
2 310
2 1792
2 3062
1 1385
2 892
1 2165
2 1685
2 3263
1 2220
1 2938
2 838
1 3107
2 1961
1 2190
1 275
1 1024
2 2336
1 623
2 3673
2 3003
1 2079
2 372
1 2687
2 949
2 1536
1 3296
1 344
1 321
2 841
1 2832
2 3097
2 2338
2 629
1 1350
2 3066
2 3678
1 2251
1 1202
2 3611
2 1317
2 1327
1 686
1 1293
1 3287
2 1377
2 560
2 3051
2 2718
2 1710
2 2127
2 1586
2 644
2 1349
1 548
2 1836
1 2383
2 2376
1 650
1 3487
1 501
2 3777
1 1406
2 1145
2 2276
1 2389
2 2227
2 513
1 1809
2 3042
1 2944
1 2715
2 1064
2 2481
1 870
1 1125
1 1405
1 164
2 3102
1 976
1 1266
2 69
1 1706
2 3150
1 3254
1 3043
2 2739
2 3280
2 499
1 1174
2 2075
2 2937
2 2591
2 79
2 1955
1 2661
1 969
1 1156
2 2322
2 875
2 1913
1 3081
2 1814
1 2754
2 2993
1 3556
2 2176
2 352
1 428
1 799
1 2772
1 3005
2 1371
2 1898
1 44
2 2262
2 3644
1 563
1 2278
2 958
1 885
2 1443
2 558
2 1128
1 2279
2 2001
1 3618
1 864
1 2495
1 2104
1 3203
1 1035
1 1168
2 3465
2 533
2 3598
2 3787
2 272
2 2883
2 888
1 1117
1 1333
1 2229
1 495
1 3387
2 961
1 3216
1 1268
2 1829
2 1008
1 1275
1 1050
1 2647
2 2401
1 2204
2 3297
2 3571
1 832
1 1997
2 553
2 2689
2 3226
2 2689
2 2660
1 959
2 3644
2 1620
1 717
1 788
2 2748
1 486
1 1778
2 3217
1 3115
1 3708
1 1678
2 1558
1 2379
1 2061
1 1165
2 2174
2 2728
1 3388
2 1565
2 3116
1 38
2 1211
1 2513
2 519
1 102
2 2392
2 296
1 729
2 2102
2 3479
1 3273
2 1968
2 456
2 1646
2 3525
2 2717
1 2671
1 2813
1 771
2 3573
1 3679
1 1127
2 2056
2 3128
2 1522
2 1602
2 728
1 1087
1 1776
2 28
1 72
2 709
2 743
2 2924
2 3025
2 732
2 1546
1 1068
1 3416
1 2921
2 1858
2 3396
2 3645
2 1247
2 312
2 1967
1 1414
2 1194
2 2830
1 2640
2 1454
1 2841
2 1952
1 1725
1 199
2 2743
2 2764
1 1205
2 955
1 1718
1 2038
1 217
1 1778
2 136
2 2844
1 812
2 474
1 235
1 2213
1 751
1 1630
1 795
2 1721
1 1312
2 2153
1 1886
2 2861
2 1603
1 1773
2 2668
2 875
2 3710
1 53
1 900
1 373
1 2981
2 3418
1 2113
1 1686
2 1158
2 2027
2 2283
1 479
1 872
2 3572
2 2749
1 597
2 3321
1 1250
1 1212
1 3333
2 1432
1 2863
1 3061
2 371
2 2448
1 3599
1 863
2 1253
2 592
1 1382
2 932
2 1794
1 1891
1 2395
1 584
2 2490
2 3735
1 3558
2 2751
1 409
2 3214
2 1267
2 1673
2 2656
2 2986
1 1675
1 2008
2 1402
1 2820
2 443
1 1472
2 2506
1 1530
2 2554
2 1547
2 2523
1 3507
2 804
1 2016
1 3292
1 1125
2 836
1 826
2 2790
1 785
2 3681
1 2866
2 1020
2 1265
1 3566
2 2003
1 2195
2 2919
1 1013
1 2810
1 509
1 2489
1 3691
1 3119
2 3056
2 1145
1 1525
1 1416
2 3767
1 713
2 523
1 1352
1 1914
2 515
1 1151
1 2688
1 1252
2 1277
2 708
2 715
1 3741
2 20
2 981
1 2028
2 3362
2 1003
2 676
2 622
2 1201
1 301
2 261
1 390
2 362
1 161
2 3330
2 1993
2 657
2 782
2 3770
2 582
1 3695
2 2575
2 1099
1 3288
2 979
2 1857
1 2572
1 2543
2 3120
1 3526
2 3036
2 1874
1 2040
2 2424
2 1495
2 1314
2 2806
1 1050
1 1646
1 1224
1 2154
2 3236
1 2901
1 182
2 2180
1 1048
2 1123
1 3049
2 1454
2 3632
1 165
1 2288
2 1490
1 2672
1 30
2 2747
1 1459
1 3725
1 2760
2 861
1 2431
2 1668
1 1052
1 2547
1 1422
2 320
1 3028
1 95
2 1810
2 1191
1 1451
2 2185
1 2160
1 3204
2 3795
2 3046
2 971
2 2681
2 3648
2 2360
1 2499
2 15
2 1169
1 1631
2 1256
1 3028
2 1496
1 3312
2 1101
1 1959
1 934
2 1023
1 2562
1 3392
2 3128
2 2918
1 3242
1 1257
1 2576
2 2939
2 983
2 984
2 1290
2 3522
2 2206
1 3297
2 3616
2 380
2 1742
1 2645
2 2875
1 2517
2 218
2 2107
2 444
2 470
1 2581
2 953
1 3213
2 1666
1 3114
2 2410
2 348
2 2552
1 1826
1 1251
1 3135
2 2301
1 3199
1 1767
1 1750
1 3337
1 1272
2 550
2 818
1 1452
1 413
1 3069
1 3622
2 2085
1 3101
2 2590
1 2651
2 671
1 2098
2 533
2 2202
2 111
2 803
1 396
2 2503
1 1403
1 77
2 3348
1 3434
2 664
2 3424
1 1200
2 379
2 196
1 357
2 3597
2 1517
1 3762
2 997
2 1263
2 2695
1 1485
1 1750
2 1621
2 3363
2 1111
2 3098
2 2544
2 2393
1 1639
2 222
2 2989
2 2730
2 2660
1 2843
2 829
2 992
2 3133
1 761
2 2688
2 554
2 789
1 777
2 2747
2 3696
1 3781
1 2852
2 3021
2 1856
1 2542
1 163
1 2564
2 3684
2 3743
2 2614
2 48
1 1848
2 1861
2 865
2 3786
2 1244
1 301
1 756
2 1704
1 2135
1 64
1 3286
2 836
2 1287
2 2690
2 1634
2 3406
1 3351
1 2278
2 182
2 907
2 3192
2 1187
1 1088
2 241
1 1767
2 2590
2 1938
1 1380
2 284
2 839
1 1158
1 518
1 1691
1 2171
2 859
2 3584
2 2642
1 3339
2 2920
1 1441
1 2334
1 702
2 1134
2 1367
2 3549
1 1066
2 970
2 2124
2 1937
1 1506
1 272
1 1761
1 3627
1 1978
2 185
2 2145
1 2540
2 2182
1 3423
2 1910
1 2123
1 810
2 1735
2 2112
1 1079
2 1012
2 448
2 3317
1 3490
1 2096
2 3648
1 2991
2 3689
2 1295
2 1925
1 3116
1 787
1 2472
2 2305
1 3380
2 424
2 1751
1 917
2 1794
2 1302
1 2938
1 152
1 2304
2 3227
1 1248
2 1037
2 2313
1 1572
1 3035
2 851
1 1833
2 2942
2 1062
1 1640
1 965
1 3087
2 2933
2 1698
1 3720
1 2746
1 2829
1 66
2 3551
2 405
2 281
1 1636
2 3471
2 3559
1 2012
1 2622
1 2507
2 17
1 1873
2 755
2 3693
1 1779
2 1498
2 735
1 2855
1 2413
1 3199
2 2166
1 504
2 443
2 1726
1 46
2 1325
2 2667
1 1080
1 2216
1 2214
2 1598
1 1105
1 2440
1 303
1 2460
1 537
1 1556
1 2850
1 701
1 148
1 87
2 1697
2 3763
1 3445
2 2470
1 2267
1 648
2 1399
1 1724
1 2302
2 2086
1 1080
2 877
1 38
1 1830
1 2849
1 1520
1 3088
1 2803
2 51
2 1241
2 3408
1 666
1 985
2 497
1 688
1 1084
1 987
1 3241
1 1769
1 860
1 147
1 1118
1 3410
1 1605
2 2226
1 705
2 3470
2 2254
2 3636
2 3548
1 2748
2 532
1 1159
1 493
2 287
1 2467
1 431
2 925
2 1671
2 2476
2 1793
1 1838
2 1394
1 1823
2 1057
2 2770
1 72
1 2053
2 2845
1 2065
2 2862
2 300
2 3306
2 1799
2 1784
1 2383
2 811
2 3291
1 282
1 3149
2 57
1 1353
1 2078
1 2900
2 1003
1 1771
2 1518
2 64
1 3235
1 2676
1 505
1 921
2 1529
1 960
2 1542
2 880
2 2445
2 1567
1 557
2 3346
1 1072
1 1515
2 473
2 1339
2 174
1 1555
2 2512
1 3488
1 2543
2 3544
2 3709
2 1160
1 1896
2 2032
2 2331
2 2479
1 2613
1 1255
2 3611
2 601
2 3565
1 2144
1 3338
1 2527
2 2272
1 69
1 715
1 1151
2 2385
1 3722
2 1840
1 166
2 1583
1 2623
2 1928
2 2923
2 1461
2 3569
2 2274
2 2194
1 2649
1 1715
1 1318
2 699
2 1077
2 2777
1 764
2 1258
1 682
2 3548
2 1954
1 1800
2 3437
2 1820
2 78
1 374
1 826
2 933
1 2375
1 2142
1 879
2 3173
2 2470
2 263
1 1877
1 3227
1 843
2 1989
2 2818
1 2932
2 2222
2 2977
1 2684
1 3009
2 3626
2 3399
2 2414
2 492
2 2672
2 3642
1 2114
1 3301
1 92
2 1517
1 169
1 3337
2 1912
1 106
2 2156
2 3073
1 3589
1 528
1 3237
1 70
2 3232
2 1570
2 3711
2 3335
2 1922
1 2610
2 2280
2 477
2 3509
1 112
1 2832
1 3007
2 2191
1 2999
1 1922
2 3083
1 3592
2 2666
1 1368
2 2018
1 2508
1 2628
2 1169
1 2896
2 1082
2 2339
2 2682
2 294
1 3425
2 1131
1 1399
2 1489
2 676
2 1602
2 2511
1 1376
2 2841
2 1568
2 3085
2 2586
1 2623
1 3482
1 2025
1 2639
1 2567
1 3330
2 3129
1 919
2 2299
2 309
2 687
1 1762
1 1452
1 3772
1 2846
2 917
1 277
2 3338
2 2326
2 3208
1 1340
1 487
1 3185
2 1852
2 1585
2 2370
2 379
1 1756
2 2785
1 1777
1 760
1 606
2 882
1 2516
2 1806
1 966
2 2221
1 3624
1 111
1 94
2 1096
1 852
1 160
1 606
2 2526
2 3743
1 555
1 2309
2 1623
1 2247
1 990
2 3551
1 3393
2 264
1 3138
1 1593
1 660
2 2831
1 2640
2 565
1 2783
2 2598
1 1765
2 3433
1 649
2 1888
1 2493
2 2886
1 19
1 3037
2 1732
2 291
2 109
2 3791
2 2826
2 683
1 454
2 2663
2 2992
1 2207
2 2033
1 3178
1 844
1 2639
2 2052
1 1440
2 1552
1 916
2 2051
2 689
1 1407
2 663
2 1994
1 306
2 1331
2 1584
1 754
1 189
2 59
2 2451
1 3412
2 3018
2 1440
1 2291
2 2601
2 1090
2 338
1 2302
1 3542
2 1066
1 103
2 3475
1 3001
2 3723
1 1416
2 1934
1 3075
2 2819
1 1187
1 3308
1 1447
1 725
1 516
2 3096
2 3210
2 3115
2 3233
2 599
1 3577
1 2019
1 474
1 3070
1 3161
2 487
1 2057
2 2432
2 838
2 2693
1 3073
1 2615
2 1595
2 151
1 1959
1 549
2 27
2 3753
2 476
1 2793
1 1697
2 2387
2 462
1 3157
2 3593
2 2257
1 3656
2 2168
1 265
2 2535
2 2655
2 2285
2 1890
2 2007
2 2586
2 1222
1 163
1 1019
1 3491
2 441
1 3055
1 1304
1 3398
1 1606
2 426
2 3403
1 1997
2 119
2 910
1 3265
2 2858
1 2100
1 1443
2 2368
2 2620
2 2851
2 3381
1 451
2 3541
1 2282
2 22
2 354
1 36
1 1893
1 2208
2 293
2 3673
2 1582
2 2404
1 1359
2 1551
1 209
1 2828
1 184
2 3256
2 3322
2 941
1 1813
2 1864
2 197
1 2533
2 2559
1 3074
2 2334
1 2551
1 268
2 86
1 135
1 941
2 2259
2 2870
2 1147
2 3184
1 3099
1 166
2 2169
1 1801
1 1161
2 567
1 435
2 3077
2 3102
2 1675
1 2321
1 2162
2 3681
1 232
2 3023
1 3026
1 8
2 62
1 3502
2 2939
1 1200
1 3222
1 577
1 2150
1 1514
2 1640
1 784
1 1137
1 3076
1 3639
2 3731
2 2978
1 907
2 762
1 309
2 724
1 2389
2 1164
1 1835
1 2295
1 421
2 3504
1 779
1 2328
1 1224
2 1831
2 2935
1 3004
1 13
1 1561
1 1803
2 1977
2 2620
2 346
2 277
1 3407
1 3396
1 2371
2 1424
1 3495
2 2313
2 2578
2 3008
1 2607
2 3534
2 619
2 3457
2 1537
1 1011
1 2007
1 2968
2 285
1 460
1 1216
1 1858
2 3556
2 1018
2 2916
1 2678
2 2439
1 3220
1 2460
1 998
2 3322
1 2032
2 1207
2 1847
2 2424
2 1855
1 1589
2 2358
2 254
1 449
1 3671
2 1362
1 1130
1 1274
2 1245
2 3190
1 3089
2 3383
1 1859
1 1579
2 1766
2 389
2 1004
2 3094
2 1873
1 2201
1 273
2 898
2 3393
1 2367
2 3558
1 2589
1 70
1 2092
1 681
1 714
2 1721
1 268
2 963
2 3641
2 3777
2 348
1 3315
1 22
1 1331
2 2259
1 2017
1 3407
2 2945
2 1251
2 918
1 3336
2 1621
2 3559
1 2335
2 3656
2 155
2 3602
2 1464
2 2915
2 697
1 2422
2 1658
2 3655
1 2036
1 1550
2 1480
2 3468
1 1678
2 818
1 2949
1 2216
2 684
2 1318
2 1022
1 1175
1 2234
1 3442
1 3463
2 2721
1 2658
1 1731
1 3353
1 1469
1 3142
1 3078
1 2804
2 1303
1 1830
2 538
2 2063
2 3677
2 2944
1 822
1 1563
1 1268
2 3066
1 489
2 120
1 2042
2 2680
2 1171
1 2962
1 2796
2 2445
1 2755
2 334
2 511
2 3214
1 1417
1 2281
2 2086
1 293
2 825
1 1534
2 306
2 3669
2 1032
2 3298
1 3745
1 1016
1 153
1 2013
1 3112
2 395
2 3081
1 1208
2 2152
2 2471
1 3574
1 2950
2 3280
1 2275
1 2441
2 1755
1 2504
1 2062
1 2102
2 1212
2 3020
1 726
1 117
1 3157
1 644
2 3500
1 468
1 2474
1 1925
1 3473
2 866
1 1521
1 968
1 2019
2 2317
1 871
1 3385
2 511
1 3083
2 452
1 867
1 39
2 1513
2 3375
1 2014
1 3440
1 738
1 1488
1 3397
1 1740
1 3006
1 1845
1 1154
2 3488
1 2252
1 3518
1 2987
1 2391
1 2691
1 2271
1 1920
2 47
2 2632
2 2972
1 823
1 1471
1 414
2 619
1 1946
1 2005
2 1265
2 3425
2 2091
2 2413
2 3790
2 1662
1 745
1 604
2 338
2 749
2 1698
2 3669
1 603
1 642
2 781
1 1644
1 1523
1 1501
1 2181
1 149
1 3178
1 3752
2 2293
2 2084
2 3306
1 3492
1 3417
1 2165
2 2980
2 27
1 1908
1 370
1 2183
1 643
1 75
2 3341
2 2571
2 183
2 3350
1 2232
1 1197
2 1334
1 1917
1 1322
2 1400
1 2353
2 655
1 1176
1 987
1 1757
2 2286
2 1985
2 9
1 1822
1 2050
2 3399
1 2002
1 1926
1 3457
2 2824
2 2835
2 2207
2 1589
1 2486
1 3690
1 3571
2 77
1 792
1 3154
1 1763
1 2773
1 325
1 515
2 3226
1 2507
1 1178
1 3467
2 3725
2 2072
2 608
2 972
1 508
2 2644
2 1924
1 824
2 2163
1 3465
1 341
1 42
2 3658
2 1463
1 1146
1 1332
2 14
1 3664
2 3655
1 3533
2 3365
2 1669
2 2928
2 2916
1 608
1 3756
1 678
1 2415
1 2373
1 2933
2 1398
1 1642
2 1207
2 2561
2 3400
2 562
2 2245
2 399
1 467
1 3313
1 3103
1 1651
1 3163
1 885
2 471
2 3331
2 2545
1 28
1 1855
2 404
1 1079
1 3646
2 1444
1 482
1 1469
2 2457
1 2136
2 189
2 2975
1 3165
2 88
2 1473
1 363
2 3217
2 1805
1 1950
1 374
1 899
1 3196
2 842
1 2909
2 2266
1 3637
1 1412
2 2115
2 922
2 1551
1 1720
2 251
2 481
2 756
2 1270
1 422
2 1950
1 2893
2 2158
2 2525
1 2678
2 3624
1 2534
2 2198
2 864
2 1109
2 2554
1 3022
1 2727
1 33
1 1421
2 565
1 3087
2 2332
2 1193
1 1375
2 1953
2 1462
2 786
2 1012
1 900
1 1790
2 1280
2 327
1 1357
2 2184
1 2767
2 446
1 3342
2 3155
1 688
2 35
1 2924
1 3576
2 628
1 3761
1 3578
2 2210
2 236
1 2807
1 2626
2 1853
1 3523
2 933
1 2288
1 2230
1 3044
1 1693
1 321
1 2537
1 2819
1 3634
2 1281
2 1861
2 2246
1 2374
2 2996
2 589
1 1217
2 1136
2 3568
2 1812
2 1525
2 2684
2 1051
1 2719
1 2865
1 1119
2 1679
2 3585
2 279
1 480
1 1124
2 901
2 1415
2 1313
2 1895
2 2236
2 3482
1 2398
2 3685
2 1107
2 472
1 1878
1 1557
2 438
2 2745
1 459
1 41
2 1426
2 564
2 2920
1 94
2 1617
1 126
2 2888
1 3794
1 3454
2 994
2 3643
1 1091
2 2771
2 1262
2 2605
1 1669
1 2261
1 799
1 2548
1 2461
1 909
2 95
1 2714
1 2340
2 1144
2 2853
2 3491
1 1048
2 2059
1 2337
1 1074
2 2984
2 3173
2 188
2 2046
2 3371
1 3665
1 3668
1 463
1 3203
2 1309
1 2498
2 1198
2 3546
2 1290
2 2935
2 1614
2 2724
2 2817
2 498
1 1953
1 2258
2 2001
1 3007
2 3353
1 2000
1 3411
1 2842
1 1688
2 2222
1 1347
1 2260
2 390
2 769
1 3453
1 3516
2 248
1 2814
1 355
2 2550
2 1114
2 2378
2 453
2 3456
1 2232
1 1497
1 999
1 1071
2 224
1 2707
2 2728
1 12
2 2433
2 55
2 2395
2 1405
2 812
1 339
1 2472
1 1383
2 940
1 3742
1 400
2 2674
2 2967
1 2536
2 226
1 1581
1 2249
2 2083
1 343
2 6
1 2290
2 2881
2 1963
2 1838
2 122
1 1915
2 255
2 2625
2 1662
2 1487
1 2857
2 3240
1 3550
2 891
2 2347
2 3533
2 133
1 2492
1 1841
2 2759
2 1339
1 1460
2 3444
1 3152
1 1159
2 3182
1 2350
2 2485
1 910
1 276
1 2349
2 65
2 1862
1 797
2 1701
2 2580
2 1958
2 2164
2 988
2 3060
1 3769
2 3490
1 3059
1 893
1 496
2 2452
1 607
2 1633
2 2662
1 1337
2 3042
1 2719
1 1086
2 3744
1 1487
2 324
1 1766
2 180
1 1984
1 1681
2 3054
2 57
2 2985
2 330
1 2161
1 3149
2 3744
2 3765
2 30
1 247
1 2904
1 1965
2 794
1 3249
2 3194
2 2398
1 1783
1 3481
1 3711
2 1608
1 2400
1 3591
2 2581
1 2599
1 2361
1 3402
2 1743
1 3164
1 2886
2 1575
2 1494
2 1946
1 3190
2 3423
2 2028
2 2618
1 1141
1 2872
1 1241
1 3345
2 2973
1 3510
1 588
1 350
2 3052
1 3295
2 1480
2 2659
1 573
2 540
2 1628
2 2192
2 3705
2 1620
2 1061
1 2455
1 2203
1 1261
1 54
2 3006
1 156
2 139
1 723
2 2884
1 3373
1 512
1 1453
1 2318
2 3063
2 2211
2 1450
1 125
1 3122
1 1180
2 2010
1 2809
1 159
1 1569
2 3002
2 1682
2 117
2 404
1 915
2 2138
2 1064
2 846
2 2541
2 592
1 2580
2 3200
1 2201
1 3160
1 1147
2 3437
1 2899
1 1401
2 2228
2 1772
2 2476
2 2151
1 1461
2 1139
1 1026
1 3552
2 742
1 2514
1 3521
2 1282
2 336
1 514
2 2763
1 1510
2 2867
1 2466
2 2209
1 2387
1 1278
1 2405
1 1328
2 1532
2 2724
2 2215
2 1068
1 1701
1 1161
1 1293
2 576
1 300
2 2588
2 2388
1 1771
1 647
1 1730
2 3413
2 1737
1 2860
1 298
2 3751
1 2054
1 3267
1 195
2 2969
1 737
1 1764
1 2163
1 3629
2 347
2 1181
1 3785
2 599
2 2469
2 99
2 897
1 3439
1 2242
1 2362
1 362
2 1477
1 863
1 2859
1 3248
1 2593
2 425
1 763
1 1814
1 1389
2 1299
2 1039
2 1309
2 2598
2 620
2 2094
1 3230
2 1626
1 51
2 1348
2 1941
1 1055
2 231
2 2420
1 2464
1 3499
2 3117
1 2381
1 3202
2 63
2 707
1 488
2 308
1 1976
2 2344
1 3596
2 1613
2 2592
2 2585
2 598
2 1089
2 3146
1 2191
2 3111
1 1498
2 130
2 2290
2 3135
1 679
2 2797
1 3147
2 1042
2 1676
2 3541
1 3739
1 1535
1 1942
1 1015
1 2539
2 660
1 2212
2 1069
1 2766
2 765
1 3401
2 445
2 1184
1 2570
2 2694
1 2812
1 1878
1 2981
1 2444
1 3384
2 1759
2 2443
1 1903
1 2224
1 3441
2 2012
2 803
2 24
1 3375
2 3508
2 1839
2 394
2 2088
1 1688
2 759
1 1634
2 1932
1 1686
2 1296
2 59
1 3089
2 3424
1 3524
1 3722
2 2540
2 1209
2 227
2 600
2 1945
2 546
2 1170
1 3448
2 1459
1 3535
1 157
2 1162
1 3736
1 1979
2 1364
2 672
1 13
1 732
1 3593
1 3371
2 958
2 439
2 3434
1 3391
2 2273
1 1885
2 1143
2 3637
2 2401
1 2235
1 3443
1 1298
1 1962
1 657
1 3404
1 747
1 858
2 1236
1 1531
2 1883
2 918
1 2983
1 1617
1 2255
1 2863
2 2619
1 3172
2 2610
1 894
2 2263
1 1358
1 2767
1 2624
1 324
1 1944
1 995
2 2297
2 2827
2 3505
1 2031
1 3079
2 1203
2 1923
2 423
2 1935
1 1607
2 2350
1 453
2 2625
1 1192
1 3100
1 1348
1 2337
2 1629
1 2240
2 1835
1 587
2 1667
2 460
1 3018
1 708
1 2482
1 412
1 2755
1 3780
2 2469
1 2701
2 960
2 383
1 245
2 1390
2 1616
2 795
2 2604
2 1465
1 2025
1 3070
1 3763
2 3000
1 1006
2 3628
2 2624
2 3202
1 778
2 2149
2 2490
2 2839
1 3240
2 1565
2 3483
1 1951
1 1468
2 1336
2 3570
2 2427
1 2697
1 420
2 2122
1 1188
2 1122
1 626
2 1486
2 640
2 2704
2 1585
1 847
2 1215
2 1976
1 327
2 2089
2 2268
2 81
1 3452
1 3580
2 2547
1 1738
1 440
2 612
2 2082
1 449
1 3329
1 99
2 2101
2 3621
2 600
2 3010
2 2186
1 1055
2 721
1 2512
2 2193
2 1587
2 3470
2 1690
1 2889
2 736
1 1228
1 112
2 847
2 3186
1 3017
1 2963
2 1352
1 1458
2 2057
1 2608
1 630
1 1905
1 192
1 1320
2 48
2 1232
2 3530
1 1411
1 717
2 2945
2 2039
2 219
2 1308
2 2612
2 2645
2 1430
1 517
1 858
2 531
2 3759
2 2052
2 1303
2 2118
2 1511
1 1627
2 2466
2 2446
2 589
1 1465
2 2417
1 315
2 1664
2 2076
2 927
1 233
1 982
1 2665
1 246
1 1341
2 902
2 345
2 944
2 3781
1 2726
2 1220
1 561
1 3797
2 580
2 2311
1 1485
1 1306
2 3127
2 1097
2 2504
1 146
1 2305
2 1547
1 1043
1 3749
2 2405
2 1177
1 2458
2 3472
1 722
2 3427
2 740
1 3658
2 223
1 2041
1 3798
2 438
1 1960
1 3331
1 3462
2 3011
2 355
2 3733
1 929
1 3376
2 2344
2 2345
1 1550
2 936
1 2120
1 710
1 2097
2 2709
1 1386
1 2190
1 3771
1 3414
1 3692
2 2940
1 1103
1 1965
1 456
1 2225
1 3111
1 3195
2 1913
1 135
1 1431
1 1101
2 1077
1 2962
2 3736
2 3302
2 764
1 1670
2 1653
2 1004
1 3555
2 3023
1 1374
2 2694
1 3352
2 3652
1 2159
2 1155
2 3730
1 1714
2 351
2 2768
2 437
1 1137
1 2280
1 641
1 1421
2 1641
2 1036
2 1302
2 3064
2 3799
1 3029
1 2753
2 401
1 2541
1 3760
1 100
2 913
1 3316
1 1289
2 1595
1 3277
2 2594
2 814
2 3151
2 1696
1 3591
1 2158
1 808
1 3249
1 1834
2 1761
1 2160
2 1427
1 2250
2 3094
2 2857
1 646
1 880
1 1885
2 2908
1 1914
2 997
1 1222
2 1921
2 1073
1 2325
1 176
2 1142
2 674
1 1916
2 1528
1 586
2 1346
1 3587
1 287
2 1481
2 1038
1 2073
2 956
1 2067
2 685
1 850
1 3110
1 2270
1 3604
1 3175
1 3594
2 2087
2 332
1 2529
2 1167
2 1483
1 1918
1 2732
2 908
2 1895
2 284
1 1383
2 2795
1 2701
2 365
2 639
1 2039
1 316
1 1906
1 2734
2 2438
2 397
2 2483
1 2407
1 484
1 3520
2 509
2 1844
1 2989
1 2145
2 542
1 1221
1 790
2 295
1 67
1 706
2 2297
1 2397
1 575
2 2307
1 2301
2 3169
2 458
2 63
1 2277
1 3140
1 700
2 1074
2 2700
2 2571
2 1938
1 1829
2 1358
2 2990
1 1753
1 914
1 1724
1 1428
1 2502
1 2751
1 3429
1 1702
1 735
1 1214
1 3304
2 3732
1 3706
1 3455
2 2750
1 2238
1 150
2 2776
1 2965
1 2151
2 3631
1 1991
1 2307
1 2756
1 2733
1 3499
1 3309
2 3486
1 2326
2 1583
2 1719
1 1196
2 652
1 2897
2 929
1 484
1 416
1 191
2 73
2 2925
2 7
2 2578
2 1031
2 2692
1 3326
1 3231
1 1623
2 367
1 3778
2 2071
1 2736
2 1423
2 1037
2 2971
2 1870
2 1689
1 1493
1 2047
2 1148
2 2856
2 510
2 942
1 3704
2 3746
1 141
2 3224
2 3528
1 1891
2 1582
1 3271
2 127
2 522
2 2918
1 865
1 2049
2 2582
2 2167
1 674
2 3761
2 113
1 558
2 2845
2 2217
2 2936
1 552
2 1827
1 1552
1 3406
1 2790
2 2323
2 1471
2 1592
2 1355
1 802
1 1880
1 2595
1 1795
2 3567
1 3694
1 951
2 3598
1 294
1 1285
2 3776
2 3782
2 2456
2 2909
1 527
1 1797
1 2720
1 2550
2 2181
1 2446
1 2468
2 3105
2 2636
1 2336
1 3067
2 1644
1 521
2 181
1 1622
2 747
1 3661
1 1370
2 3125
2 2708
2 937
1 3032
2 2360
1 1653
1 475
1 261
1 234
1 3148
2 1078
1 206
1 3343
1 3793
1 407
2 1917
2 2906
1 2775
1 2243
2 2263
2 2183
1 534
1 665
2 670
1 773
1 230
1 2913
2 748
1 3506
1 976
2 2020
1 315
1 2346
1 1681
1 2805
1 388
1 2499
2 3084
2 2587
2 2703
1 2053
2 2838
1 746
1 669
2 1108
1 3363
2 2488
2 3072
2 2650
1 2691
2 2029
2 819
1 1607
1 656
1 3653
1 2105
2 1484
1 2811
1 3126
1 2346
1 570
1 3674
2 3778
2 1319
1 60
1 2603
1 970
1 928
2 1329
1 1036
1 1832
2 1505
2 3031
1 2408
1 2572
1 604
1 2233
2 3793
2 1499
1 3768
1 3088
2 3058
1 56
1 1467
2 3517
1 2960
2 1945
1 1058
1 1455
2 1828
1 2905
2 726
2 3170
2 510
2 1067
1 776
2 3565
2 1733
1 1140
2 640
1 2795
2 1527
2 752
2 3324
2 2070
1 2068
1 3221
1 3144
2 2524
2 1601
2 3290
1 702
1 2702
2 3001
2 668
1 3321
2 2026
1 3046
2 2193
2 3447
1 1409
2 2118
2 3253
2 1970
2 3015
2 1929
1 1408
2 566
1 504
1 986
1 2354
2 2292
2 1424
1 3493
1 3386
2 3613
1 3293
2 3268
2 1341
1 2430
1 3170
2 154
1 3272
1 394
2 3666
2 740
1 3432
1 543
1 1966
2 2529
2 1442
2 479
2 3689
1 3215
1 426
2 753
1 335
1 2573
2 191
2 2923
1 2097
2 2076
1 3741
1 2044
1 3213
2 1939
2 1126
1 1509
1 1062
1 128
2 1626
1 1599
2 1584
2 3131
2 1204
2 1282
1 45
1 1034
1 2320
2 2096
1 235
1 507
2 3332
1 1306
1 387
2 1765
2 1316
2 2333
1 2234
2 297
2 177
2 1860
1 1129
1 16
1 2669
2 1209
2 10
1 2769
1 2480
1 1131
1 1098
1 1123
1 422
1 1679
1 1676
2 3784
2 2441
1 1788
1 2744
1 3701
1 2524
1 2187
1 3044
2 3429
1 257
1 3296
1 1172
2 1735
1 3625
2 2998
2 713
1 1081
1 947
2 1908
1 1822
1 1759
2 1041
2 1029
2 540
1 1673
1 693
2 3703
2 1419
2 3053
2 85
2 3206
1 3715
1 3540
2 3134
1 1466
1 628
2 1717
1 3069
1 2178
2 288
1 1777
2 353
1 359
2 1233
1 528
1 1432
2 1014
2 3355
2 1456
2 1372
2 1596
1 1462
2 938
1 2038
2 98
2 1010
1 1324
1 365
2 1529
1 2241
2 2258
1 2106
1 1999
2 1052
1 90
1 3281
2 2656
2 2996
2 359
1 1084
2 2589
2 3717
2 2856
1 2456
1 1139
1 2362
2 2914
2 622
1 3166
2 389
1 593
2 651
2 3147
1 2999
2 1479
1 679
2 1056
1 1734
2 1053
1 2195
1 835
1 3694
1 2492
2 1334
1 2666
2 3484
1 1336
1 1387
1 1370
1 436
2 944
1 686
2 256
2 904
1 1882
1 1666
1 817
1 1404
2 2988
1 3603
1 278
2 2977
1 856
1 1745
2 2402
2 1921
1 3373
1 211
1 3514
2 19
1 1789
1 131
1 2636
1 946
2 2134
1 890
1 2690
2 2992
2 1017
2 2036
2 3299
2 2006
1 2085
1 3740
1 3675
2 507
2 106
1 2670
1 1183
2 3538
1 939
1 2621
1 1603
1 3387
2 2752
2 3225
2 345
2 2435
2 1957
1 1625
2 1781
2 1687
1 2635
1 518
1 2833
2 3433
1 311
1 3264
1 3287
2 2634
1 501
2 1963
1 1657
1 1018
2 2862
2 3146
2 3153
1 171
2 2915
1 2715
2 723
2 377
2 1832
1 297
1 465
2 3388
1 1176
2 903
2 550
1 1719
2 760
1 2088
2 3025
1 2298
2 436
2 1499
1 1257
2 2168
1 2982
2 1924
2 1901
1 2330
1 3739
2 1027
1 1267
1 3305
2 1637
1 2798
1 1729
1 1674
1 2891
1 3789
1 981
2 2770
2 3004
1 1854
2 1269
2 1954
2 1733
2 3724
1 2931
2 2095
1 1723
2 3629
1 1998
1 1514
1 1120
1 3079
1 53
2 3518
2 2316
2 2027
1 3344
2 3026
2 3261
2 2388
1 3415
1 1100
1 530
2 2303
1 3108
1 302
2 399
2 3
2 935
2 937
1 1114
1 2050
2 616
1 2740
1 2363
1 627
2 1588
2 1195
1 2331
1 3179
1 1379
1 2484
1 3767
2 3724
2 2957
1 954
1 214
1 1119
2 3500
1 1970
1 2295
1 2934
1 2730
1 2595
1 1033
2 2674
1 143
2 2712
2 2520
2 3539
2 945
1 655
1 2332
2 3057
1 2679
1 212
2 962
2 1769
1 2134
2 1836
1 3348
1 2676
1 1648
1 386
1 1927
1 3068
2 642
1 392
2 1
1 1884
2 2212
1 240
1 549
1 317
1 547
2 115
2 862
1 1059
2 2146
2 3139
2 2670
1 2956
2 2784
1 2980
1 1760
2 1420
2 751
2 3299
2 3460
2 1413
1 614
1 3610
1 3710
2 1740
1 3627
2 775
1 2454
1 2716
1 3278
1 2080
1 1327
2 3104
1 3651
2 816
1 2369
2 3402
1 3564
1 3597
1 1225
2 1381
1 1466
2 2394
1 878
2 1152
2 428
2 1709
2 3351
2 552
2 2921
2 2911
1 1526
1 2893
2 758
1 3029
2 1301
2 2664
2 464
1 1536
2 21
1 2397
2 2048
1 2428
2 1508
1 34
1 2780
2 3436
1 3545
2 1902
2 998
2 119
1 3605
2 675
1 380
1 1025
2 1433
2 3451
2 234
1 1928
2 3278
1 3229
1 1395
2 696
2 3749
1 2477
2 1853
1 520
2 3164
2 889
2 1751
2 580
2 1742
2 1521
1 1619
2 525
2 2380
2 2071
1 662
2 3196
2 1987
2 223
2 3183
1 1600
1 3553
2 502
2 233
2 3039
1 1032
2 1149
1 5
2 2356
1 3005
2 2171
2 129
2 322
2 2467
1 2513
1 3660
1 1854
2 1275
1 3189
2 2648
1 1979
1 1573
1 1106
1 1407
2 1783
2 3288
1 809
2 2602
1 1449
1 1369
1 2969
1 2406
1 3176
2 3410
1 1649
2 1754
1 2031
2 3483
1 2224
1 127
1 1491
2 2124
2 574
1 2403
2 1192
2 2833
2 2217
2 1075
2 468
1 1083
2 1851
1 3606
2 3788
2 292
1 2131
1 3531
1 179
1 570
2 450
2 1394
2 237
2 585
2 2771
2 1017
1 2618
2 1990
1 3323
1 3564
2 3768
1 1007
1 2521
2 1849
2 2227
1 3740
2 720
1 2342
1 1540
2 2162
1 598
2 2514
1 1308
2 2545
1 1699
2 1518
1 3379
1 1472
2 3300
2 1288
2 3019
2 879
2 2237
1 1817
2 3452
2 1486
2 1710
2 3494
2 1993
1 3378
2 1227
2 556
2 3604
1 1228
2 2496
2 3359
2 2974
1 2836
2 435
1 264
1 1796
1 1115
1 3584
1 342
1 1782
1 3250
1 1134
2 1523
2 3703
1 3243
1 948
2 430
2 1674
2 2091
1 2223
2 3294
1 142
1 104
1 3150
2 848
1 10
1 1276
2 634
1 942
1 1112
2 3635
1 2355
1 3261
2 2852
2 2703
1 2627
2 767
1 2788
2 2566
2 3609
1 375
2 178
1 1541
1 3137
2 1711
1 86
1 3014
1 3684
2 3336
2 3222
1 1909
2 2434
2 500
2 1560
2 138
1 1652
2 66
1 611
1 2967
2 785
1 2152
1 1784
1 481
1 2294
2 349
2 2745
2 607
1 1888
1 2801
2 3368
1 943
1 2029
1 3048
1 463
2 1453
1 3588
1 3211
2 887
1 406
1 1715
2 828
2 2877
2 1638
2 2464
2 1548
1 2509
1 1172
1 2404
2 1045
2 2966
1 1364
1 3738
1 2412
1 3118
2 2026
2 333
2 3086
2 1078
2 495
2 991
2 2287
1 718
1 368
1 2066
1 222
1 496
2 3791
2 610
1 2170
2 677
1 323
1 1121
1 54
1 3614
1 3654
2 3563
1 2579
1 3652
2 116
2 2654
1 2138
2 3709
2 531
2 1571
1 754
2 2289
1 2149
1 25
2 1261
1 340
2 720
1 2154
1 3528
2 2436
1 2722
2 1635
2 3045
2 2105
2 2348
2 645
1 3582
2 3090
1 1193
2 1154
1 1811
1 1183
2 3053
1 2282
2 3127
2 2462
2 14
2 3459
2 916
2 1256
2 2951
1 1649
2 2468
2 2199
2 3091
2 3382
1 3647
2 1307
1 2511
1 3383
1 3712
1 2273
1 3259
1 750
1 3285
1 925
1 3732
1 478
2 1247
2 1254
1 1628
1 3385
2 1557
1 147
1 3536
2 2528
1 1808
2 2889
1 1441
1 16
1 323
1 1445
1 1658
2 1475
1 2210
1 2226
2 1437
2 1304
1 3594
1 2434
1 2869
2 3451
1 822
2 3773
2 3343
2 2555
2 2756
2 1478
2 845
1 260
2 2341
1 369
1 149
2 2005
2 3101
2 2133
1 1555
1 2353
1 1902
1 21
2 1021
2 3579
2 360
2 854
2 84
1 290
1 2130
1 1864
2 1406
1 2766
1 1566
2 1619
2 1300
2 3358
2 2262
1 930
1 2522
2 3660
2 3284
1 157
1 3019
2 3099
2 2402
2 1711
1 1100
2 3301
1 2864
1 3766
2 3481
2 2613
1 2202
1 2739
1 667
2 2937
1 1054
1 3526
2 553
2 2651
2 2314
1 3095
1 3640
2 1886
1 3659
2 40
1 1534
2 313
1 3647
1 1541
2 3750
2 650
1 3215
2 1133
2 869
1 559
1 1863
2 572
2 2629
1 815
2 3062
1 2702
2 631
1 3198
1 31
1 199
1 3187
1 1283
2 991
1 3356
1 1682
1 1749
1 3734
1 1061
2 216
2 3209
2 1489
2 936
2 216
1 3474
2 2431
2 2569
2 681
1 2952
2 2525
2 3493
1 2696
1 110
2 778
2 718
2 2291
2 1073
1 1255
1 710
2 2664
1 491
1 1345
1 554
1 1990
2 1054
1 2947
2 2979
2 107
2 1680
1 1410
1 3505
2 1374
1 3000
2 1008
2 2363
2 979
2 2474
2 1286
2 461
2 1599
2 2257
2 2502
1 2304
2 2574
1 200
2 2369
2 1132
2 2720
1 3716
2 1714
2 2699
1 567
2 3098
2 239
1 1249
2 3787
1 2244
1 405
1 3550
1 2860
1 1741
1 1092
1 896
2 2723
2 2067
1 3563
1 3512
1 1879
1 350
2 1843
1 2854
1 3419
1 1981
1 3235
2 3084
1 1863
2 3774
2 2878
2 582
2 1026
1 410
2 173
1 372
2 748
2 3317
2 3246
1 1571
2 3143
2 3022
2 2631
2 2248
2 3618
1 1398
2 3208
2 2364
1 3427
1 2110
1 3759
1 584
1 2544
2 3543
2 1977
2 3545
2 412
1 288
1 1419
1 229
1 844
1 2677
2 626
2 1933
2 1412
1 1264
2 2505
2 2009
1 876
1 3473
1 1650
1 3489
1 331
2 2596
2 213
1 2378
1 2415
1 2131
2 1476
1 2698
2 3262
2 3421
1 3779
2 761
2 1028
1 3592
2 3040
1 738
