7600 6500
2 3022
1 2260
1 2586
1 2732
1 1231
2 2154
1 2109
2 1432
2 1063
2 999
2 2565
1 2513
2 612
1 3434
2 3252
2 1310
2 1289
2 2067
2 3290
1 3215
2 1930
2 589
1 2560
2 3591
2 1307
2 2402
2 1350
1 1514
2 667
1 2711
2 1271
2 1725
1 2576
1 1999
2 2367
2 246
1 81
2 1485
2 2037
1 2215
2 2317
2 114
1 3693
1 2266
2 3614
2 1136
2 492
2 380
1 2552
2 337
2 1565
2 765
1 1795
2 681
2 1469
2 2986
1 592
2 1678
2 1040
2 47
1 2427
2 2816
2 1901
1 2918
2 3556
1 3721
2 3515
2 954
1 1036
1 3116
1 2912
1 29
1 2238
1 1944
2 922
2 2051
2 1208
1 184
2 1585
2 1473
2 1357
1 1357
1 1982
1 1048
2 2968
1 2108
1 208
1 3167
1 2311
2 2545
1 2219
1 256
1 1089
1 111
1 2544
1 179
2 3740
1 1608
1 650
1 3758
1 1863
1 2210
1 2903
1 3098
1 191
2 946
1 2482
2 1230
1 17
2 1779
1 1865
1 1364
1 3643
2 3755
1 3255
2 573
2 523
1 2532
1 724
1 3130
2 3603
1 1640
1 1418
1 2232
2 3448
1 2757
2 301
1 857
1 3532
2 3201
2 3418
1 103
2 1068
2 2896
1 1148
1 1840
2 204
1 1441
1 3758
2 2813
2 2135
1 3754
1 3544
2 1747
1 2540
2 2547
2 829
2 1718
1 2931
2 213
2 867
2 2447
2 3083
1 929
2 2460
2 3572
1 1522
2 850
2 2044
1 133
2 3620
2 3760
2 3435
1 647
1 19
1 1320
1 3049
2 2374
2 2293
1 1003
1 617
1 3069
1 71
2 209
1 831
1 1378
2 3538
2 3394
1 510
2 2744
1 2664
1 2062
2 591
2 1667
2 1415
1 1700
2 513
1 62
1 3113
2 3075
2 187
2 1364
1 2046
1 1948
2 3403
2 1307
1 3179
2 642
2 354
1 2426
1 1733
2 3663
1 983
2 3629
1 3156
1 2445
1 2823
1 2990
2 2943
2 3352
1 1972
1 1854
2 2447
1 2497
2 2812
1 297
2 2067
1 1227
1 884
2 1028
2 2454
2 1204
1 2889
1 977
2 743
2 1353
1 2081
1 1946
2 369
2 3548
1 2732
1 1443
1 649
2 1327
1 969
1 659
2 2181
1 958
2 2842
2 3414
2 607
2 1295
2 2022
1 115
2 3667
1 2341
1 2266
2 270
2 2641
1 1861
2 1325
2 308
2 292
2 3710
2 2072
2 1924
2 1529
2 2778
2 3082
1 1243
1 2639
1 1600
2 1013
1 2115
1 3477
2 366
2 1098
1 121
1 2282
2 3029
1 3028
2 3369
1 2048
2 3091
1 172
2 2214
2 1939
2 999
2 346
1 1745
2 3706
2 1413
1 2111
2 3211
1 396
1 292
1 3488
2 1045
1 1055
2 1124
1 2265
1 1528
2 2498
1 275
2 2101
1 1575
1 2202
1 3665
1 1282
1 665
1 1388
1 616
2 2890
2 308
1 339
2 102
2 4
1 2489
1 2944
1 1154
1 2960
1 2629
1 1740
1 3751
1 294
2 3487
1 436
1 653
1 2665
1 1793
2 186
2 2499
1 1253
1 2364
2 3782
1 2678
1 1115
1 216
2 424
2 862
2 1789
2 2260
2 937
1 3539
1 2442
2 2257
2 1537
1 3096
1 2957
1 3178
2 3004
2 3042
2 1068
1 2224
2 1557
1 1401
1 3456
2 3058
1 635
2 3235
2 20
1 2164
1 1197
2 1843
1 1435
2 1743
1 1690
1 1605
2 3248
1 827
1 2897
1 467
2 1411
1 1720
1 1487
2 145
2 3495
2 3158
2 1474
1 1966
1 2427
2 2449
1 242
2 2529
1 2330
1 2004
2 733
1 2387
2 3534
1 542
2 888
2 2359
2 70
2 1263
2 2843
2 1249
2 1250
1 2561
2 2408
2 2707
2 3131
1 2028
1 2928
2 3672
1 3172
2 1197
2 1625
1 2573
2 2146
1 2268
2 1644
1 1065
2 1696
1 2665
2 3645
1 570
1 1807
2 2830
1 2253
2 1380
1 3798
1 2394
1 3068
1 3636
1 3589
2 1672
1 2238
1 1047
2 2278
2 2363
2 2965
2 2362
2 3700
1 197
2 907
1 3410
2 324
1 2233
2 347
2 72
1 1551
1 841
1 3779
2 906
2 3561
2 818
1 755
1 3276
1 1185
1 1026
1 739
1 2039
2 2745
1 1462
1 3715
1 356
1 2131
2 173
1 3795
2 3734
1 3411
2 636
1 1656
1 3373
2 1738
1 225
2 3747
1 885
2 3398
2 3384
1 3768
1 403
2 2702
1 1172
2 1283
1 1606
1 3437
2 2504
1 1384
2 3773
1 1273
2 725
1 1157
2 1960
1 189
1 1502
2 3722
2 1915
2 3677
2 3102
1 570
1 33
1 325
2 1454
1 3014
2 2890
1 1398
1 474
2 53
2 114
1 3009
1 2357
1 3225
2 3344
2 2786
1 200
2 3042
1 3711
2 1198
2 721
1 719
2 3727
2 1008
1 2567
1 1734
2 2570
1 2374
2 3076
2 2805
2 2526
2 2606
2 2353
1 554
2 1122
2 1713
2 2283
1 1693
1 2404
1 2400
2 1275
1 2991
2 128
2 1662
1 2074
1 2272
2 944
1 1406
2 912
2 36
2 481
2 637
2 170
2 1267
2 2706
2 1384
1 47
2 1345
2 1976
1 1549
2 1053
1 2743
2 1659
1 2910
2 2301
2 3452
2 2439
2 2500
1 1035
2 964
2 234
1 955
1 362
1 1606
2 310
2 934
2 2206
2 776
2 3612
1 240
1 933
2 1324
1 2172
1 2810
2 1221
2 3269
2 3749
1 2792
1 3799
1 3150
1 73
2 3701
2 2076
1 3045
2 1182
2 3657
1 820
1 2597
1 202
2 1941
1 3753
1 3274
1 800
1 3011
2 3232
1 2685
2 1267
1 2875
2 3721
2 2959
2 3505
1 2533
2 1031
1 2713
2 1455
1 1911
1 1367
1 3766
1 433
1 2053
1 2242
2 3014
1 774
1 2110
1 435
2 2633
2 2522
2 345
2 2929
1 428
2 1754
1 795
1 1458
2 2089
1 1534
2 280
2 3653
2 139
1 3267
1 703
2 1825
2 2515
2 973
1 54
1 2574
2 347
1 822
2 3300
1 756
1 2286
2 3660
1 557
1 1136
2 341
2 3145
1 2883
2 1227
1 3246
2 1323
1 118
1 1300
2 2066
2 3752
2 309
1 2925
1 1773
1 303
1 2042
1 2959
1 531
1 417
1 3604
1 2982
2 3035
1 3630
1 3311
1 2753
1 1759
1 1961
1 2469
1 445
2 2774
2 884
1 515
1 1592
2 3541
1 583
2 3340
2 1308
1 487
1 1605
2 1235
1 1427
1 975
2 3727
2 3208
2 868
2 2180
2 1229
1 3362
1 3417
2 3146
1 2304
2 331
1 3695
1 2898
2 1552
1 3781
2 1030
2 943
2 2586
2 2123
1 2584
1 2110
1 614
2 1804
1 3771
2 2018
1 1340
2 1816
2 694
1 1163
2 2789
2 3703
2 2894
2 2917
2 477
2 14
1 1343
2 3125
1 1027
1 3383
1 511
2 2090
1 3739
2 645
2 1498
2 1706
1 3254
2 1425
1 2221
1 871
1 1481
2 2859
1 2348
1 3031
1 334
1 2708
1 2904
1 1094
1 1005
2 2744
2 729
1 427
2 1134
2 3495
1 3575
1 3080
1 668
2 3742
2 208
2 1793
1 1139
2 3528
2 1077
2 802
1 2853
2 762
2 2033
2 1145
1 639
2 2631
2 175
1 2726
2 661
1 1317
2 3152
1 2974
2 3491
2 2449
2 3194
1 2013
1 2844
2 1995
2 1952
2 3348
1 935
1 936
1 792
1 1303
2 3031
1 3300
1 672
2 3652
2 1812
1 1614
1 3346
1 2045
2 930
2 1448
1 3333
1 1785
2 2230
2 2954
1 1317
2 2476
1 1574
1 152
2 275
2 1536
2 1555
1 3280
2 2753
2 2868
1 759
2 1472
2 3436
1 468
2 2279
2 3271
1 2704
1 2068
1 1259
2 520
2 2486
1 97
1 998
2 2591
2 877
1 1211
2 2999
1 621
2 2488
2 2654
1 1092
1 3746
2 377
1 1251
1 1233
2 397
1 250
2 1286
2 315
2 2756
1 1043
1 3472
1 849
2 245
1 3643
1 1441
2 2217
2 1697
1 2537
1 2996
2 1402
1 2683
1 449
2 372
1 2103
1 288
1 994
2 842
2 703
1 2750
1 2511
2 99
1 2877
2 117
1 3035
2 560
1 3059
2 2605
2 298
2 3038
1 2088
2 2433
1 987
2 1914
2 1728
2 3396
2 160
2 771
2 2421
2 3112
1 1373
2 3385
1 279
1 3028
2 2736
2 1886
1 3150
2 3281
1 995
2 509
2 2042
2 3155
1 3004
1 3578
2 398
1 1326
1 737
2 949
2 1716
1 3608
1 2338
1 915
1 734
2 1204
2 1754
1 925
1 669
1 3149
1 973
1 1864
2 1757
1 3745
2 304
1 754
2 376
2 2561
1 1980
1 1844
2 1203
2 504
2 1033
2 2166
2 924
2 3096
1 1862
1 1270
2 3428
1 3401
2 3699
1 2667
2 1635
1 38
2 2946
1 224
2 145
1 3141
1 2245
1 2546
2 1767
1 1057
1 1884
1 2285
1 1371
1 847
1 1956
2 1657
2 177
2 3713
1 3321
2 1083
2 2297
2 1013
1 3345
1 3363
2 920
1 682
1 2170
1 3656
1 2714
2 3095
1 896
2 2614
1 2463
2 2955
2 2465
1 1878
2 3231
2 1075
1 1591
2 968
2 2866
1 423
2 1624
1 3558
2 3128
2 1780
1 870
2 1949
2 1133
2 1360
2 3606
1 2818
1 3523
2 1526
2 3488
1 407
2 2407
1 1035
2 769
2 1073
1 3018
2 645
1 2165
2 323
1 318
1 2976
2 3608
1 3655
2 2745
2 3268
1 3499
1 2886
1 3044
1 2931
1 3187
1 621
2 3377
1 132
1 3615
2 2337
2 271
1 2174
1 887
2 2024
1 1452
2 3706
2 2557
1 2601
1 3086
2 1757
1 116
2 1161
2 3648
2 3414
1 2455
2 3423
1 2760
1 3789
2 1770
2 994
2 985
1 1128
1 408
1 296
2 3776
1 1439
2 352
2 465
1 1043
2 2591
1 2505
2 1450
1 3209
1 2755
2 2813
1 550
1 1276
1 2496
2 2060
1 207
1 1971
2 2949
2 3237
1 3197
1 1274
1 1867
2 2326
2 2234
1 1271
1 716
2 1281
2 3025
2 3659
1 2142
1 2973
2 1264
1 1981
1 1483
2 3573
2 957
1 380
2 942
2 1581
2 104
1 2381
1 149
1 1181
1 2191
2 3572
2 55
2 2124
2 2312
1 641
1 2473
1 2624
2 1574
1 1774
2 2936
2 416
2 521
1 955
2 3733
2 3605
2 1306
1 3180
1 781
2 2666
1 1728
2 3144
1 1429
2 1164
2 2884
2 3680
2 1707
1 2910
1 1438
2 3183
1 688
1 230
2 174
1 1818
1 1680
1 2571
1 670
1 2951
2 3192
1 1637
1 1634
2 674
1 3658
1 2397
1 2846
2 333
1 19
2 2575
2 2036
1 2861
1 1601
1 1853
2 2657
1 448
1 2456
1 313
2 1264
1 2063
1 1896
2 1415
2 249
2 1037
2 2708
2 3121
2 301
1 857
1 3799
2 3439
1 2149
1 755
2 2415
1 1662
2 2915
2 222
2 3205
1 3444
1 119
2 1169
2 196
1 1613
1 3705
1 1602
2 287
1 3697
1 3580
1 1354
2 1469
1 539
2 1322
2 2336
1 3225
1 2755
2 3012
1 45
2 3242
1 1956
2 1616
1 2316
2 952
2 41
1 1832
1 312
2 3060
2 1116
1 3747
2 996
2 3689
1 558
2 1408
2 775
1 3673
2 697
2 3729
2 267
2 2963
2 1702
2 770
2 424
1 2163
1 2669
2 1095
2 1045
2 1161
2 3534
2 1658
1 3223
2 2567
1 325
1 305
2 109
2 212
1 1880
1 3020
2 2085
2 2152
2 89
1 290
2 1312
1 3751
2 718
1 193
1 2372
1 1324
2 1375
2 3289
2 147
2 757
2 3658
1 2365
1 1937
1 2369
2 3193
2 2967
1 2361
2 864
2 389
1 1663
1 2698
1 3581
1 2557
1 599
2 1190
1 1396
1 3688
1 1984
1 1772
1 1489
2 3420
2 2632
2 1015
1 1891
2 1209
2 67
2 210
2 2155
1 1719
1 393
2 1318
1 2286
2 2113
1 2056
2 2842
2 715
2 792
1 2546
1 538
2 1048
1 958
2 2163
1 1436
2 1181
2 742
2 600
2 3665
2 2741
1 3112
1 2972
2 236
1 1523
1 283
2 2407
2 1438
1 2577
2 1386
2 439
1 911
2 1988
1 238
1 951
1 2261
1 3091
1 917
1 1460
1 463
1 1774
2 1417
1 2188
1 2164
2 375
2 1460
2 1894
2 2117
1 2211
1 913
1 1304
2 2109
1 1827
1 697
2 3219
1 2204
2 2508
1 1600
2 517
1 1350
1 1025
1 2035
1 3228
1 3382
1 3778
1 3677
2 2169
2 3675
2 680
2 2387
1 281
2 2865
1 1377
2 3268
2 2782
2 586
2 3638
2 1050
2 38
2 3328
1 784
1 338
1 2506
2 2998
1 747
2 2781
2 3739
1 3389
1 2332
2 39
2 3575
2 2280
1 339
2 1060
2 2662
2 388
1 2224
2 2461
2 3656
1 3473
1 109
2 3336
1 569
2 67
2 2150
1 2601
2 2311
1 3672
1 363
2 1953
2 3763
2 3587
1 3274
2 1031
2 2602
1 2522
1 3782
1 1160
2 1007
2 881
2 2079
1 1392
2 2554
2 96
1 843
2 2991
2 1717
2 2969
2 3784
1 519
1 1169
1 2134
2 262
1 3005
2 1243
2 567
1 3249
1 1807
2 108
1 2298
1 1135
1 2874
1 3640
1 215
1 1321
2 2060
2 2543
2 1133
1 627
2 811
2 303
1 1931
2 2428
2 3089
1 2582
1 224
1 2763
2 252
1 712
1 353
2 3009
2 3248
2 2197
1 993
2 1463
1 2928
1 1448
1 2777
2 572
2 3281
1 2612
1 3700
1 1952
2 2741
2 2733
2 141
1 2490
2 2956
1 1106
1 1858
2 382
2 1351
1 3560
1 1653
2 3483
1 343
2 1126
1 3617
2 230
1 2742
2 3265
1 3002
1 959
1 3064
1 3690
1 991
2 3230
1 2299
1 1753
2 268
1 1346
1 3741
2 3489
2 3625
1 584
1 462
1 3551
2 1266
2 1832
1 1084
1 2795
1 498
1 3728
1 615
2 1457
2 1913
1 2495
2 2275
2 2926
1 829
1 3655
1 1040
2 2719
1 1394
1 1904
1 959
2 744
2 899
2 2104
1 3264
2 2884
2 3062
1 236
1 3084
1 242
1 3206
1 3549
2 972
2 3771
1 1920
2 1195
1 3422
2 2121
1 974
2 273
1 46
1 2518
1 316
1 3339
2 2834
1 3068
1 2401
1 675
2 1256
1 2477
1 1829
1 577
1 3350
2 2927
2 1239
1 1389
2 1391
2 1749
2 48
2 698
2 1138
2 1417
2 1485
1 2948
2 2244
2 1905
1 1883
2 1495
1 2582
1 1646
2 926
2 1193
1 375
2 3198
1 2312
2 1210
1 48
2 1729
2 3547
2 3058
2 1908
2 3667
2 3135
2 2906
1 1803
1 2168
2 750
1 2801
1 1487
2 3085
2 373
2 3245
2 1497
2 2263
1 178
1 251
2 401
1 176
1 3047
1 2982
2 1230
1 1666
1 1676
2 1524
1 1434
1 940
2 2540
2 1107
2 3709
1 2186
1 543
1 3003
1 1924
1 76
2 291
1 2697
2 619
2 2804
2 1872
2 2399
2 2845
1 835
1 609
2 1314
1 2493
2 660
1 1617
2 2015
2 1407
1 2123
2 3660
1 72
2 2199
2 469
1 3713
1 1709
2 1206
1 1553
1 2872
2 2860
2 2793
1 1236
1 1143
2 1437
1 68
2 1736
2 1725
2 2184
1 627
2 1805
2 2408
1 3375
2 2323
1 671
2 1547
1 206
1 1288
2 2477
1 1123
1 1963
1 1540
1 2656
1 1799
1 1767
2 3329
1 1416
2 1629
2 929
1 1715
2 3256
1 1918
2 1839
2 2179
2 300
2 2048
2 1089
1 3529
2 3631
2 565
1 952
1 2542
2 3371
2 2507
1 1166
1 2997
2 426
2 1822
2 2979
1 3490
1 2759
2 1142
2 51
2 3331
1 921
1 3521
2 1948
2 2079
2 2909
1 1809
1 3514
2 2735
2 951
1 1836
1 1820
2 1899
1 722
1 2689
2 3696
1 1426
2 3531
1 3322
2 1283
2 2724
1 2705
2 1947
2 1785
1 601
2 3166
2 1706
1 2362
1 2607
2 2644
1 1912
2 752
1 466
1 3120
2 2111
2 1129
1 2859
2 355
2 3160
2 1827
1 418
2 3214
2 501
1 1234
2 3509
2 2799
2 2035
1 3041
1 2817
1 412
1 2424
2 429
2 1236
2 1199
2 748
1 1995
2 3336
2 3425
2 3702
2 1802
2 57
1 256
2 1101
1 338
1 698
1 2826
1 2893
2 360
2 390
2 1970
2 168
1 1859
1 1967
1 3396
1 3033
2 1429
1 3712
2 1
2 1657
2 2776
2 3241
2 975
1 3694
1 74
2 1150
2 1856
2 2970
1 678
1 713
1 2144
1 3604
2 3733
2 1352
1 3139
1 1661
2 1535
2 3607
1 1128
1 1088
2 2157
2 1934
1 780
2 632
2 3587
2 2847
2 2595
1 2241
1 3491
2 3071
2 3295
1 3521
1 3372
1 2559
2 1893
2 349
2 2801
2 2418
1 3524
1 719
1 1571
2 520
1 3159
1 3735
2 2731
1 337
1 1177
1 1641
1 3443
1 1769
2 825
2 2423
2 1099
2 365
1 1376
1 3437
1 3767
1 880
2 2502
1 2673
1 2622
1 3122
2 3159
2 1405
1 642
2 324
2 2907
1 1748
2 3331
1 192
1 1994
2 2063
2 368
2 2908
1 1737
1 172
2 457
2 2185
1 624
1 1974
1 2545
2 540
1 3137
1 3109
2 2878
2 2905
2 1095
1 3472
1 2296
2 1374
2 2638
1 1901
2 3394
1 1092
2 3625
2 3574
1 3126
2 3520
1 1588
1 2833
2 817
2 1090
2 1819
2 912
2 1797
2 180
2 2776
1 359
2 3788
2 2670
1 2687
1 3264
1 3537
1 1876
2 2712
1 2771
1 2882
1 367
1 2653
1 850
1 2568
2 2651
1 1562
2 3482
2 3471
1 908
1 2314
2 2030
1 3349
2 127
1 1942
2 1664
1 1449
2 1835
1 3561
2 785
1 2939
1 1296
1 1486
1 1023
1 1989
1 1792
2 581
2 86
1 3334
2 199
2 1906
1 2850
2 673
2 3271
1 1468
1 1001
1 3330
2 1146
2 3752
2 962
2 2912
2 724
1 638
1 2371
1 49
2 2710
1 3164
2 2446
2 608
2 24
1 3064
1 539
2 1587
2 1023
1 2501
2 717
1 3671
2 73
1 2347
1 675
1 1746
1 2466
1 556
2 3040
1 1913
2 1933
2 2718
1 907
1 2966
2 746
2 405
1 2014
2 3774
1 260
1 3364
1 683
2 3293
1 2307
1 1365
2 586
2 2616
1 2864
1 1075
2 2088
1 3773
2 1332
1 2815
1 3062
1 2386
1 2943
1 1694
2 2485
1 361
2 406
2 2771
2 767
1 3708
1 173
2 1823
2 3443
2 65
1 1338
2 3173
1 3129
1 23
2 919
1 1217
2 317
2 2838
2 768
1 241
2 485
1 3190
2 138
1 18
1 2739
1 22
2 1611
2 161
1 1258
1 367
1 874
1 2345
2 3408
1 143
2 2333
2 3654
1 2888
1 3420
1 327
2 446
1 2964
1 2028
2 3602
1 416
2 3552
1 3296
1 1884
2 3266
1 2609
2 1480
2 2353
1 1704
1 712
2 1118
2 3634
2 2565
2 2415
1 3740
2 384
1 345
2 35
1 3545
2 1171
1 1969
1 965
2 1916
1 1761
2 2661
1 194
2 2923
2 3090
1 77
2 409
1 530
2 2411
2 3043
2 1252
2 3609
1 1479
2 3291
1 2098
1 101
2 265
2 2352
1 1981
2 3037
2 285
2 2564
2 2255
2 948
1 1195
1 1691
2 190
1 3486
1 2475
1 2082
2 1302
2 2491
2 2513
2 1633
2 2809
1 3277
2 3341
2 3296
1 2155
2 1414
1 3630
2 2563
2 826
1 1355
1 3088
1 494
2 1272
2 2799
1 3734
1 409
2 3000
2 364
1 3027
2 3181
1 773
2 3477
1 373
1 3085
1 528
1 2713
1 142
2 226
2 33
2 2075
2 917
1 37
1 1558
1 3001
2 79
1 1703
1 3247
2 2681
2 2749
1 2171
2 2077
1 1525
2 1400
2 59
2 1550
2 251
1 2130
1 176
2 2808
1 3133
2 690
2 2516
1 250
1 892
1 1917
2 1052
2 3462
1 1309
1 1391
2 3288
1 2255
2 3291
1 2779
1 1654
2 2016
2 2159
2 3123
2 2212
2 3793
2 3169
1 2298
1 402
1 266
2 1693
1 291
1 3588
1 2301
1 2710
1 1103
2 2197
1 63
1 853
1 2250
1 3187
1 2617
1 496
2 495
1 13
1 1328
1 155
2 2683
1 1590
1 609
2 3780
1 860
1 358
2 3684
2 2421
1 433
2 2087
1 815
2 1505
1 3760
2 2285
2 1052
2 2112
2 984
2 2473
1 1479
1 1000
1 1692
1 2886
2 3699
2 2844
1 1900
2 729
1 3698
2 321
2 708
1 2422
1 2810
1 1299
2 3611
2 3189
1 3399
2 1196
2 1611
1 1362
1 207
1 2410
2 2921
2 8
2 1921
1 3501
2 2555
2 1039
2 3312
1 536
2 2543
1 296
2 3510
1 2214
1 2851
2 3473
2 846
1 1735
1 3270
2 1856
1 2504
2 2770
1 1216
2 2989
2 2523
2 1694
1 379
2 865
1 2430
1 549
1 3220
2 772
1 2116
1 2588
1 2538
2 643
1 3117
1 1746
2 2396
1 2319
2 2992
2 1153
2 3451
1 1596
1 2303
1 3092
1 297
1 2176
1 5
2 873
1 1936
1 2206
2 494
1 414
1 750
2 623
2 1848
1 565
2 1298
2 2667
1 42
2 1851
2 537
2 2377
2 596
2 615
1 2161
2 1459
1 2627
2 1927
2 3270
1 581
1 700
1 1414
1 2978
1 1741
2 1530
1 1191
1 3709
1 3435
2 2875
1 2827
2 616
1 2128
1 1121
2 2694
2 2854
2 2059
2 169
2 261
2 872
1 1594
2 212
2 2660
2 2061
1 2390
1 3220
2 493
1 1265
2 2814
1 1017
1 1595
1 1114
1 1714
1 3712
2 118
2 2781
1 2899
1 3564
1 357
2 1871
2 3761
1 2553
2 1786
2 710
2 2320
2 2698
1 3108
2 1117
1 669
2 126
2 960
1 756
2 1650
1 3634
1 1844
1 3362
2 58
1 101
1 3395
1 3087
1 1028
1 3385
1 1679
2 810
2 1368
2 2584
2 3267
1 1104
1 1597
1 214
1 2700
1 3086
2 1977
2 2467
2 2256
1 1631
2 2091
2 2202
1 901
1 439
2 223
2 676
2 2471
2 1632
1 209
2 3547
2 3671
1 2364
2 1602
2 2531
1 578
1 515
1 1291
1 790
1 3640
2 3030
2 3308
2 1175
2 1584
2 856
2 388
2 816
2 1925
2 470
2 3601
2 2871
2 566
2 3338
1 2104
1 3445
2 1514
1 115
2 2793
2 392
1 2733
1 2524
2 465
1 1675
2 182
1 3230
2 1843
2 3770
1 1019
1 1768
1 1609
1 408
1 1255
2 1392
2 3088
1 335
2 374
2 637
1 289
1 2187
1 3794
2 2292
1 2863
1 2589
2 171
1 1900
2 555
2 562
2 2220
1 3178
1 2240
2 2243
2 617
1 399
2 1108
1 3343
1 2841
1 1954
1 2246
1 1997
1 898
1 1082
1 1442
2 3577
1 1739
2 2080
2 3411
2 131
2 455
1 477
2 3370
2 922
2 3154
1 2530
1 1260
2 1930
2 2218
2 2389
1 3481
2 2891
2 3022
1 466
1 203
2 1175
2 2715
1 2300
1 1582
2 863
1 1461
1 1424
1 1
1 1750
1 997
2 2621
1 1655
1 2038
2 107
2 3255
1 1509
1 1135
1 1176
2 480
1 3568
1 3148
1 2472
2 241
2 310
1 3279
2 3442
2 2738
1 514
2 453
2 2924
2 1471
2 255
1 666
2 3358
2 978
2 2347
1 500
2 1896
2 3097
1 390
1 631
1 2980
2 2058
1 582
1 693
1 673
2 2459
2 983
2 2412
2 3078
2 717
2 3069
2 1333
2 2178
2 2038
1 1057
1 2313
2 3405
1 3363
2 3531
1 3673
2 217
2 2994
2 3358
2 1224
1 3045
1 1792
2 2493
1 181
1 104
2 800
1 2613
1 3499
1 2691
1 2342
2 2950
1 151
2 2630
1 1113
1 253
2 1716
1 3384
1 1945
1 213
1 2446
2 1398
2 2603
1 2896
1 2240
2 1950
1 3048
1 2434
2 998
2 487
2 1118
2 937
1 2789
1 1527
1 1652
1 3020
2 124
1 897
2 1445
1 2542
2 625
2 3456
2 1383
1 1842
1 1254
1 1963
1 2622
1 634
1 454
1 668
2 2383
1 791
2 1516
2 1910
2 452
2 306
1 2450
2 727
2 965
1 490
2 2385
1 3543
2 662
2 840
2 3599
2 1621
1 2099
2 1470
2 1798
1 1576
2 3789
1 531
1 1503
2 2295
2 3580
1 2855
1 2808
1 3718
2 2772
1 1748
1 3377
1 3017
2 3582
2 3306
1 611
2 1629
2 2850
1 2393
1 2556
2 620
1 238
2 1957
2 336
2 1379
2 341
2 2615
1 3551
2 3328
2 2355
2 80
2 1729
2 1610
1 820
1 1164
1 3369
2 532
1 1762
1 3691
2 1433
1 2001
2 2257
2 2031
2 1042
2 876
1 190
1 1319
1 323
1 3190
1 646
2 2481
1 908
2 1339
1 1895
2 789
2 430
1 686
2 3102
1 901
1 806
1 2251
1 854
2 1072
1 2962
2 2306
1 2429
2 1723
2 1246
2 3128
2 3348
2 3600
1 2401
2 2608
2 456
2 3318
2 3515
2 1731
1 1493
1 2535
1 1311
2 2556
1 3593
2 75
2 2822
2 2648
1 3203
1 1046
2 204
1 549
2 2436
2 2572
2 3071
1 2130
2 3349
1 3204
1 1758
2 2784
1 3327
1 65
1 507
1 1473
1 2195
2 2479
2 610
1 1837
1 3355
1 228
2 1677
1 1811
2 3602
1 3202
1 2066
1 2021
2 2933
2 180
1 2153
1 3744
2 3135
2 1141
1 3674
1 481
1 95
1 2246
1 1771
1 1202
1 3172
1 2337
2 2678
2 1142
1 1614
2 2766
2 2921
1 1150
2 3697
1 2450
1 354
1 2525
2 3206
2 2052
2 3221
2 1934
1 2065
2 1831
1 3030
2 976
1 2938
1 1178
1 2391
1 3316
2 1841
1 3001
1 1914
1 3455
2 1563
2 2070
1 1560
2 868
2 2375
1 2517
1 1668
1 227
2 1244
1 12
1 3595
2 2045
1 611
1 2887
1 751
2 715
2 2865
2 3380
2 1788
2 460
1 322
2 3324
1 2044
1 127
1 2843
1 1025
1 1801
1 1144
2 1583
1 852
2 2693
1 2831
2 740
2 1741
1 3762
1 3707
2 3292
1 386
1 1899
1 2981
2 2432
2 455
2 2760
1 1689
2 79
1 3034
1 3174
1 1037
1 2737
2 195
2 1313
2 881
2 1308
2 2825
2 2590
1 2492
1 3063
2 2282
2 1024
1 2953
2 941
1 731
2 788
2 244
1 1036
1 781
2 2506
2 787
1 129
2 843
2 506
1 3444
1 1067
2 1223
1 2862
1 1061
2 472
1 1627
1 1427
2 2207
1 63
2 2315
1 2674
1 420
1 2782
1 2563
1 2579
2 904
2 3781
2 1280
1 3142
1 1727
2 3351
1 1877
2 3407
2 2658
1 1628
1 1351
1 1535
1 2325
1 276
1 2660
1 1062
1 1972
1 1734
1 1044
2 1593
1 3429
1 1961
2 3175
1 496
2 420
2 2056
1 1117
1 948
1 631
2 2451
2 1340
2 2768
2 2909
2 522
2 2596
2 267
1 1465
1 3586
2 2119
2 803
1 1499
1 626
1 2217
1 1520
2 2182
1 2555
1 3209
2 482
2 3490
1 1205
1 3430
2 2905
1 1907
2 3047
1 3470
1 2013
2 293
2 1178
1 285
2 24
1 49
1 1796
2 299
2 1857
1 3050
2 3686
1 2940
2 2633
2 1110
2 2153
2 2482
2 1140
1 3520
1 1885
2 363
2 3376
1 682
2 1401
1 731
2 1971
1 3475
2 3536
2 3549
2 530
2 2190
2 3797
2 705
2 797
1 1756
1 1096
2 2625
2 2505
1 3134
1 1407
1 2095
2 3468
1 661
1 2227
2 2780
1 2092
1 688
1 2975
2 980
1 1860
2 2674
1 2668
1 3498
1 2893
2 2607
1 105
2 1554
1 258
1 3186
2 2208
1 1447
1 3571
1 225
1 1658
2 1987
1 2291
1 359
1 2639
1 2600
2 1094
1 111
1 529
2 2460
1 882
2 939
1 3509
2 3450
1 240
2 2148
2 2971
2 3215
2 568
2 2308
2 1315
2 1808
2 2252
1 1115
2 2264
1 2752
2 2236
2 641
2 1770
2 1501
2 903
2 3693
2 1515
1 2128
1 2483
2 2297
2 618
1 575
1 2011
1 218
1 693
1 2064
1 1675
1 1093
2 1919
2 2536
1 2911
1 1872
1 3609
2 1945
2 2249
1 2196
2 3164
1 2985
2 582
2 2773
1 2621
1 526
1 1131
2 2480
2 943
1 166
2 1702
2 3055
1 83
1 2897
1 3525
1 3375
1 1663
1 1375
1 2647
2 1226
1 927
2 2027
2 3233
2 3552
2 3723
2 3217
2 3692
2 2688
2 1815
1 1689
1 282
2 2404
2 394
2 1823
2 2169
2 1607
1 3663
2 967
2 1186
1 2399
1 2653
2 3681
2 3340
2 2773
2 1782
1 44
1 2937
1 3632
2 1445
2 1939
2 1428
1 403
2 547
2 618
2 2165
2 410
1 1106
2 1010
1 3757
1 649
1 265
2 592
2 3317
2 2278
2 2367
1 633
2 140
1 691
2 371
2 437
1 3053
1 40
1 3524
2 832
2 732
2 827
2 1326
1 676
1 264
1 98
1 2980
1 478
1 3288
2 2373
2 1994
2 3505
2 191
1 590
1 2644
2 1119
1 1113
1 1359
1 1849
2 497
1 3617
1 3466
2 847
2 2716
1 1721
1 934
1 1499
2 3242
2 3785
2 2141
1 3021
1 784
1 7
2 3231
1 1699
1 3610
2 1833
2 1008
2 3171
2 2196
2 1091
2 1313
2 1419
1 1616
2 2729
2 3036
1 1690
1 485
2 62
1 517
1 1659
2 962
1 2960
1 1841
2 1272
2 1126
2 524
2 3670
2 1069
1 2510
2 914
2 2203
2 1168
2 2662
2 3158
1 845
2 1211
2 2451
1 1432
2 1489
2 1993
2 130
1 3725
2 499
2 2103
2 1358
1 1992
1 2144
2 2790
1 1576
1 1715
1 425
2 2314
1 550
1 491
2 3631
1 2858
2 2566
1 1087
2 2309
1 342
2 2396
1 2322
2 3294
1 1520
1 3280
2 419
2 3433
1 3205
2 3376
2 3241
2 3101
1 3546
2 1458
1 1527
1 1277
2 3433
1 1867
2 3432
1 2913
2 3347
2 2023
2 1440
1 2274
1 3184
1 2419
2 374
2 1698
1 2207
2 2062
2 3166
2 3541
1 2464
1 2848
1 464
2 2879
1 1550
1 2524
1 1580
2 93
2 1630
2 2521
2 626
1 1491
2 894
2 1628
1 1147
2 1881
1 1174
1 2384
2 2219
2 2370
1 3566
1 3756
1 3087
2 89
1 2620
2 1973
1 2792
1 3648
1 546
1 2869
1 2796
2 2821
1 2097
2 2719
2 3381
2 3517
1 3615
1 2162
1 873
2 1595
2 2388
2 1422
1 2116
2 2627
2 2675
2 1234
2 3017
2 3527
2 1453
2 1735
2 1999
2 1967
2 2334
1 726
2 2017
1 1241
2 1409
1 274
2 522
2 1300
1 5
1 3352
2 2418
1 2233
2 3502
2 108
1 597
1 457
1 950
2 1205
2 743
1 541
2 1539
2 1588
2 1330
2 1465
1 1468
1 1344
2 1874
1 831
1 1850
1 1102
1 3333
1 594
1 3724
2 2366
2 812
2 2920
1 2239
1 2839
2 3183
1 1152
2 1331
1 939
1 547
1 2198
2 1511
1 1674
2 2571
2 2263
1 1508
2 1620
1 1011
2 361
2 410
2 2191
1 1184
1 979
1 2368
2 1541
1 3481
1 233
1 3161
2 2675
2 1726
1 3195
1 3559
1 290
1 1159
1 3647
1 3207
1 2254
2 2514
2 1876
2 3
1 435
1 822
2 3645
1 3566
1 2400
2 1955
2 3107
1 2682
2 1287
1 3359
2 351
2 3402
2 1705
2 1575
1 2748
1 3284
1 153
1 3459
1 3044
1 100
2 243
2 475
1 664
2 25
2 144
2 2185
2 461
2 1286
2 1334
2 553
2 1131
2 2988
2 2199
1 2245
2 2420
2 2288
2 652
1 1413
1 639
1 491
1 555
1 483
2 3018
1 997
1 551
1 1078
2 2358
2 2598
1 3461
1 2900
1 1537
1 2624
2 1732
1 389
1 1765
1 1617
2 1328
1 2613
2 283
2 1246
1 1207
1 3493
2 902
1 3177
1 987
1 3067
2 2440
2 1980
1 3678
2 1962
2 218
1 2309
1 837
1 1396
2 3661
1 2177
1 2516
1 3013
2 276
1 753
2 413
1 2010
2 2376
1 3504
2 2126
1 1405
1 778
2 156
1 1733
1 568
2 1149
2 120
2 36
1 3675
1 383
2 3571
1 229
1 3393
2 1740
2 167
2 3772
2 1492
1 2354
1 2441
2 1847
1 3054
1 82
1 1578
2 3494
2 266
2 3386
1 2717
2 1730
1 1233
1 2930
1 1711
2 3330
1 1290
1 1806
1 2012
2 2393
1 1099
1 1347
1 27
1 2933
2 2086
1 878
2 3507
1 956
1 692
2 3188
2 136
2 928
2 2284
1 446
2 1426
1 3614
1 3680
2 1960
2 3240
1 2609
1 805
1 3347
1 1855
1 3307
1 1257
1 3401
2 3510
1 3095
2 1517
2 152
2 2885
2 3354
1 900
1 2087
2 3057
2 3589
2 3370
1 3041
2 3222
2 1155
1 3233
2 44
2 3113
2 2869
1 45
1 1604
2 2898
1 2721
2 2807
1 1638
1 1379
2 3286
1 2503
2 3621
1 1066
2 2537
2 1543
1 2132
2 891
1 1582
1 571
1 3558
1 1861
2 2573
2 988
2 1707
1 3168
2 1039
2 1054
1 513
1 3305
1 3460
2 2292
1 1846
2 355
1 1612
2 1034
2 2307
1 3117
1 2426
1 3294
1 1820
1 1569
2 1810
1 3465
1 3327
2 192
2 1988
1 206
2 3057
1 1787
2 2026
2 1316
2 3570
2 1845
1 889
2 196
1 2213
1 687
1 2398
1 535
2 3518
2 1877
2 3080
1 3245
2 2747
2 293
2 26
2 2154
2 2204
2 3641
2 1348
2 3780
1 1041
1 2216
1 1932
2 2717
2 3519
2 1110
1 1834
2 2870
1 3620
2 1129
1 620
2 3413
2 2166
1 986
2 1244
2 2876
1 2754
1 879
1 1730
2 3635
2 257
2 1804
2 3659
1 3353
1 1512
1 2725
2 3618
2 1722
1 3724
1 3251
1 1212
1 1567
2 2235
1 2825
1 598
1 2849
1 2902
1 976
2 600
1 559
2 838
2 3325
2 1366
2 1684
2 1248
2 1803
2 1553
1 985
2 3165
1 2686
1 1673
1 3654
2 1152
1 1344
2 1014
2 1302
1 1471
2 1421
1 723
2 2055
1 714
1 306
2 3719
1 2885
1 2022
2 395
1 1151
2 2268
2 2435
2 541
2 1570
2 166
2 94
1 1000
1 1766
2 3800
2 3624
1 653
2 2107
2 187
1 2881
2 2340
1 566
1 451
1 1464
1 110
1 1478
1 1006
1 391
2 524
2 1029
2 46
1 1353
2 783
2 1726
2 1523
2 2632
1 940
2 2578
2 254
1 2895
1 1503
1 2118
1 3137
1 1627
1 1892
1 1736
1 2963
2 1116
2 3516
2 2803
2 3798
1 431
1 448
2 197
1 3750
1 2787
2 2078
2 3127
1 1219
2 3569
1 3090
2 1566
1 945
1 2648
1 1579
2 3079
2 3434
1 1146
1 2071
1 3542
1 71
2 1782
2 112
2 2548
2 3170
1 2997
2 3320
1 2532
2 2692
1 3718
1 2619
2 3637
1 895
1 2749
1 1242
2 938
1 819
2 370
2 2339
1 744
2 2616
2 2491
2 269
2 1222
2 1781
2 489
2 1671
1 2040
1 1985
2 1349
1 3530
1 1531
2 1979
2 660
1 334
2 1968
2 3717
2 78
2 1983
2 27
2 3622
1 779
1 3118
1 1918
1 2618
2 841
2 879
1 2927
2 2075
1 2183
1 3364
2 422
2 811
2 3297
2 1461
2 2971
2 1200
2 490
1 557
1 559
2 511
1 1586
1 3005
2 1562
2 3516
1 2222
2 752
2 1791
2 3430
1 1074
2 773
2 3368
1 1903
1 1111
2 1622
2 725
1 2558
2 2344
2 762
2 2472
1 984
2 666
1 3729
2 545
2 783
2 461
2 2369
1 2417
2 3519
1 866
1 1897
1 2089
1 3745
2 3568
2 1787
1 1507
1 2211
1 1670
2 2070
1 1215
1 1176
2 3419
1 795
1 146
1 2184
1 3388
1 828
1 2661
2 754
2 1488
1 2990
1 2900
2 2711
2 2651
1 580
2 585
1 1975
2 1708
2 1018
1 2366
1 1395
2 2957
2 113
1 2318
2 1138
1 902
1 3402
2 3073
2 2720
2 1038
2 1101
1 1303
2 3787
2 3315
2 569
1 3726
1 2840
1 3227
1 2023
1 2690
2 3082
2 3619
2 1643
1 415
2 2730
2 383
1 1249
1 930
2 3500
1 636
1 3121
2 941
1 2471
2 1711
2 2759
1 1648
1 163
1 2672
2 3234
2 2096
1 2684
1 346
1 2394
2 1857
1 1640
2 1825
1 1555
2 992
2 1367
1 483
1 1090
2 2158
1 740
1 2459
2 1190
1 3446
2 1780
2 1356
1 2512
1 2831
2 770
2 1457
2 655
1 1235
1 2838
1 3185
2 1755
2 691
2 3407
2 3120
2 2335
1 3484
2 1105
1 2895
2 2007
2 1760
1 728
1 3223
1 683
2 425
1 232
2 3372
1 188
2 287
2 1245
1 1851
2 1572
2 2695
1 362
2 3769
1 2417
2 1336
1 2836
1 508
1 2868
1 1835
2 1798
2 286
1 2763
2 1816
1 640
1 695
2 186
1 814
1 1064
1 2700
1 2036
1 214
2 2968
2 1811
1 2926
1 3765
2 2317
1 556
2 3416
1 2603
2 1620
1 2816
1 3512
1 52
1 3306
2 2995
2 544
2 1173
1 3451
2 3015
2 2470
2 2136
1 1518
1 1018
2 16
1 434
1 1927
2 2205
2 450
1 3564
1 1838
2 1305
1 3143
2 2320
1 1546
2 2495
1 1671
1 1446
2 3457
2 2189
2 1669
1 1070
2 875
1 399
1 918
2 706
2 855
2 227
2 1216
2 1549
2 3
2 34
2 3503
1 1476
1 3397
1 1259
1 450
2 886
1 3756
2 431
2 1014
2 3432
2 1638
1 3448
2 2047
2 289
1 2832
1 2290
2 1482
1 521
1 810
2 716
2 1541
1 1515
2 332
2 3757
1 1294
1 2390
1 1430
2 157
2 2398
2 3482
2 2602
1 1141
2 3366
1 2432
1 2599
1 2201
2 806
2 1125
1 1567
2 3662
1 1269
1 1058
1 938
1 2572
1 925
1 1278
1 2699
2 3100
2 2441
1 2643
1 1753
2 1114
2 3144
2 302
1 2762
2 1403
1 1507
2 2830
1 2767
2 3682
1 3668
2 216
2 1590
2 1382
2 3321
1 2365
1 1148
2 1869
2 326
1 2730
2 3685
2 3633
2 1836
2 635
1 1525
1 2806
2 3467
2 3400
1 1119
1 2490
2 404
2 3687
1 2239
2 788
2 3742
2 3711
2 1212
1 2229
2 200
1 2568
2 1584
1 2637
2 3427
1 2271
2 2534
2 1145
2 2610
2 3696
1 3639
2 3337
1 81
2 2623
1 1526
2 2319
1 2769
1 2083
1 3104
2 1467
1 1015
2 652
2 2015
2 1151
1 622
2 1370
2 1965
2 1361
2 2351
2 2932
1 3695
2 2964
2 2429
1 3533
1 1783
1 2783
2 488
1 3668
1 1559
1 329
2 3694
2 597
2 123
2 2722
1 923
1 3691
1 905
2 3593
1 159
2 2530
2 577
1 3447
1 2770
1 1947
2 1006
1 892
2 1951
2 974
1 1688
1 1450
1 3077
2 544
2 3530
1 2709
2 497
2 239
2 148
2 3124
1 815
2 1761
1 3056
1 3224
2 2935
1 533
1 1916
1 745
2 451
1 2422
1 2706
1 1949
2 714
2 1301
1 1898
1 1749
2 2016
1 3304
2 1192
2 2595
2 1500
2 1697
2 3716
2 2377
2 971
2 3705
1 1027
1 18
2 981
1 2323
2 1996
2 3764
1 1883
2 302
1 1829
1 644
1 2787
1 2147
2 1462
1 1218
1 120
2 704
1 2626
2 386
1 493
1 2666
1 2988
1 3661
1 764
1 2343
1 604
2 614
2 1456
2 1130
1 237
2 3016
2 2147
1 3026
2 3397
1 2283
1 1295
2 3146
1 3409
1 3263
1 1813
2 1315
2 2122
2 1870
2 3540
2 3227
2 2244
1 1982
2 406
2 3390
1 43
1 993
1 516
2 469
1 2646
1 1513
2 1221
1 3774
2 132
2 3652
2 426
1 2512
2 1744
1 749
2 3679
2 1687
2 150
1 1189
2 2276
2 2296
1 956
2 470
1 2723
2 855
1 726
1 587
2 2000
1 3777
2 2235
1 3335
1 2673
2 760
1 1410
1 3776
1 3189
2 1416
1 1419
2 1680
1 793
1 526
1 2920
1 2712
1 2100
2 859
1 3590
2 2836
2 2820
2 1132
2 484
2 2027
1 2562
2 1655
2 3427
2 3453
2 1386
1 3033
2 3736
1 1122
2 2114
1 2791
1 1789
1 1632
2 3184
2 2325
2 3685
1 1922
1 2795
2 2735
2 3528
1 2168
2 342
1 343
2 3008
1 1001
1 1431
2 2937
2 3761
1 2528
2 599
2 1603
2 2131
2 257
2 2385
2 1123
1 2125
1 2092
1 2050
1 869
2 1318
1 1534
2 2213
1 3142
2 2531
2 3093
1 1776
1 1329
1 1400
1 561
2 1200
1 441
2 671
2 1463
1 195
2 3669
1 3305
2 1162
1 2269
1 1183
1 16
1 135
2 117
1 2073
2 60
2 2011
1 1481
2 119
1 2579
2 2829
2 2481
2 1850
1 134
2 1309
1 3458
1 2984
2 888
2 3303
2 3076
1 2095
1 1335
2 3719
1 2122
2 2145
1 2855
1 1618
2 2378
1 92
1 613
2 2837
2 2916
1 893
1 3380
2 2974
1 1185
2 2672
1 1256
2 307
2 2425
1 897
2 3791
2 1411
1 1330
1 2456
2 1437
1 1866
2 960
1 2452
2 971
1 2592
2 3562
1 3526
2 630
2 3744
1 3277
2 2620
2 148
2 775
1 882
1 1546
1 1821
2 1143
2 2099
1 1626
1 3642
2 1879
1 3409
2 1837
1 2727
1 953
2 2541
1 2701
2 2636
2 2478
1 2279
2 548
1 558
1 128
1 3343
2 3361
2 833
2 1926
1 548
1 3238
1 1269
1 2500
2 41
1 21
1 3019
1 1033
2 3116
2 584
2 3007
1 3639
1 1474
1 1372
2 1087
1 947
1 3350
2 3406
2 2604
2 1011
2 933
1 2634
2 3232
1 2026
2 1996
2 1975
1 1354
2 3051
1 1686
2 1656
1 1443
2 1466
1 1189
1 2345
1 736
2 2419
1 348
1 3075
1 1696
1 2817
1 886
1 3590
1 3423
2 3557
1 1665
1 2664
2 2691
1 1713
2 3664
1 2437
2 229
1 3119
2 2604
1 730
2 877
1 2183
1 1875
1 824
1 3210
2 330
1 437
2 3160
1 3081
2 1904
2 1184
2 248
2 281
2 679
2 1906
1 1082
1 2608
2 495
2 3107
1 961
1 85
2 1745
2 1685
2 3732
2 1826
2 2378
2 3239
1 1790
2 1004
1 2985
2 479
2 2819
1 147
2 3083
2 846
2 248
1 3389
1 2520
2 1998
2 3738
1 970
2 654
1 3289
1 1712
1 2434
2 1673
1 3725
2 29
2 1938
2 2351
2 3387
1 2126
1 3446
2 1506
1 415
2 3605
1 2659
1 3387
1 1548
2 3032
2 753
1 2487
1 551
2 1024
1 447
1 3198
1 3529
2 1882
2 1444
2 1991
2 2265
1 2581
1 253
1 298
2 772
1 2424
2 2947
2 2428
1 3454
2 2380
1 3647
1 1222
1 1670
1 2205
1 3525
1 1766
1 1073
1 1399
1 1349
1 840
1 2059
1 137
1 2576
2 3796
1 2923
2 3770
2 2487
1 3514
2 2160
2 2612
1 1910
1 1202
2 3426
2 2269
1 1558
2 1177
2 3115
1 205
1 3151
1 3597
1 3632
2 778
1 665
2 1442
2 1490
1 3012
2 2560
2 1898
2 1626
1 1198
2 533
2 709
2 3494
1 163
2 3301
1 2764
1 3200
1 1705
2 1368
1 1692
2 3050
2 3341
2 2410
1 1452
2 2823
2 2605
1 980
1 542
2 953
1 817
1 2722
1 421
1 1989
1 381
2 2800
2 1112
2 2846
2 1860
2 1334
1 970
1 3313
2 3007
1 1098
1 3244
2 2152
2 3243
2 1645
2 277
1 2879
1 1288
2 3722
2 3581
1 3506
2 3592
1 1105
1 2800
1 701
1 1395
2 2541
1 2498
2 1517
1 2640
1 91
2 880
2 2294
1 1280
2 1950
1 3478
1 3633
1 259
1 3061
2 2094
2 2333
1 1493
1 1406
1 179
1 2112
2 3431
2 2101
1 1979
2 3284
1 3011
2 2083
2 3623
2 3548
1 982
2 2740
1 460
2 1623
2 2786
1 2025
1 160
1 2029
1 629
2 1003
1 505
1 919
1 1021
2 801
2 3157
2 3415
2 3576
1 2129
2 1290
2 478
1 1180
1 2223
1 1964
2 2074
2 1978
1 677
1 1220
2 1921
2 2302
2 2938
1 2862
2 1991
2 1074
2 1483
2 2139
2 2677
1 1524
2 3101
1 3257
1 3365
1 2274
1 129
1 585
1 2171
2 3243
2 1029
1 2
2 226
1 1237
2 3588
2 3313
2 1466
2 2728
1 3403
2 1081
1 3356
2 3063
1 1871
2 782
2 1909
1 2669
1 3753
1 3783
1 1769
1 1703
2 821
1 2765
1 1187
1 3006
2 106
1 1125
1 832
1 764
1 1848
2 2324
1 1494
1 644
2 1990
1 2019
1 2798
2 3229
1 1642
2 311
2 3055
2 2052
2 3175
1 183
2 589
2 540
2 2350
2 2453
2 1776
1 1030
1 3065
2 1070
2 3772
2 838
2 1800
2 2383
2 1242
2 1637
1 3115
2 422
2 3213
2 865
1 1783
1 185
1 1699
1 182
2 702
1 1100
1 1569
2 2901
2 1566
2 249
2 1695
2 2887
2 1065
1 436
2 3024
1 3094
1 1592
2 284
1 730
1 391
2 844
2 1103
2 1020
2 3253
1 607
1 3099
2 3339
2 2457
1 954
1 2284
2 3584
1 1312
1 1112
2 628
2 3503
2 2002
2 3436
1 3285
2 2889
2 1170
1 3118
2 1341
2 1828
2 1076
2 2355
2 3500
1 2461
2 2704
2 2423
2 3066
1 2363
2 1556
2 2995
2 1572
1 696
2 2751
2 1516
1 651
2 1564
1 35
1 518
2 3287
2 1343
1 2005
1 169
2 3731
2 2372
2 663
1 1830
1 3731
1 602
1 189
2 2463
2 2142
2 1170
1 1063
2 1155
2 320
2 316
1 3106
2 3445
2 2764
1 32
2 1372
2 2416
2 2299
2 707
2 1329
1 1352
2 1887
2 3265
1 1297
1 3250
2 313
2 2949
1 3252
1 2315
1 2330
2 1002
2 239
1 2821
2 3555
2 3513
1 1224
2 3036
1 3149
1 2321
1 480
2 1310
2 3613
2 1653
1 2480
1 259
2 529
1 1859
2 482
2 273
1 1710
1 193
1 2106
2 2020
1 329
1 99
2 2381
1 3367
2 3226
1 411
1 2812
2 1826
1 2275
2 184
2 3323
1 3247
2 2047
2 981
1 1639
1 2832
2 1403
2 2645
1 3440
2 2492
2 765
1 3287
1 1508
1 2406
2 58
1 2720
1 904
2 2726
2 605
2 2811
1 2000
1 3679
1 2218
2 3440
1 2645
1 3422
1 2228
1 3391
1 2469
1 235
2 1781
1 643
2 2502
1 1987
1 2356
2 269
2 856
1 3222
2 3793
1 3275
2 243
2 3730
2 656
2 2328
2 1794
2 3216
2 1134
2 3550
2 2619
2 1373
2 2137
2 123
1 1647
1 1120
1 2329
1 15
1 277
2 2267
1 1356
2 3326
1 622
2 2580
1 3486
2 2873
1 2833
2 1870
2 3463
1 2646
2 2935
2 2273
2 862
2 1768
1 3790
2 968
1 1970
1 405
1 3701
2 1077
2 3299
1 2125
2 476
2 895
2 1875
1 2143
1 360
2 31
2 1156
1 2182
2 503
2 2049
2 760
2 1701
2 3216
2 3332
2 2692
1 2212
1 2521
2 1369
1 68
2 3196
2 2758
1 2276
2 685
2 2768
2 3342
2 3763
2 458
1 3707
2 174
1 3192
1 1016
2 1854
2 2029
2 1404
2 2961
2 3748
1 2436
1 1943
2 1321
1 2699
1 2877
2 1708
2 3263
1 3105
1 3577
2 1137
1 1649
2 2794
2 3579
2 1691
1 2634
1 3365
1 3346
2 1019
2 2486
1 1495
2 1336
2 2057
1 2892
2 3469
1 3392
2 1107
1 3769
2 562
1 1345
1 3698
1 2834
1 2748
1 508
2 3508
2 3109
2 312
2 634
2 3049
1 2592
1 220
2 3253
2 1909
1 2242
1 3585
1 3239
1 2300
1 2549
1 3260
2 2003
2 2994
2 237
1 1140
2 2614
2 1954
1 613
1 82
2 3103
1 510
2 3056
2 3684
2 2069
2 2360
1 489
1 3598
2 2232
1 3258
2 2414
2 1285
1 3737
2 1091
1 1327
1 2405
1 1325
2 2829
1 3461
1 3218
1 3613
2 3538
2 219
1 307
2 1923
2 471
1 3478
1 404
2 2248
1 87
2 260
2 1505
2 1701
1 2251
1 3526
1 3735
1 78
2 3638
2 352
2 3480
2 1802
1 3574
1 2929
1 3318
2 3084
1 957
2 2958
2 138
2 2118
2 3404
2 2280
2 1978
2 2670
2 686
2 3573
2 1072
1 3629
1 3736
1 1320
1 1005
1 2861
2 2043
2 2972
2 935
2 69
1 1564
1 1049
2 1806
1 2737
1 3786
1 1032
1 411
2 2412
2 3298
2 1739
2 52
2 741
1 1049
2 3261
1 2339
1 1907
2 1203
2 2784
1 3029
1 2494
2 3489
1 164
1 2993
2 3065
1 791
1 2305
2 3778
2 3259
2 501
2 417
1 1775
2 39
1 1311
2 1938
2 1812
1 1214
1 3301
1 3250
1 3623
2 2329
1 2053
1 1228
2 2226
2 2470
2 2229
2 2139
1 56
1 2525
1 2519
2 2751
1 421
1 1940
2 3471
1 1752
1 2478
2 262
2 2340
1 3179
1 2952
1 1217
2 699
1 3282
2 1687
1 2642
2 3105
1 2882
2 813
2 910
1 3410
2 606
1 328
1 2863
2 1647
2 990
2 3290
1 1762
1 590
2 2484
1 1472
2 402
2 3492
2 2508
1 702
1 672
2 824
2 3438
2 2527
2 2939
1 2993
1 376
2 61
2 3110
2 1346
1 612
1 3450
2 2538
1 3286
2 3262
1 4
1 1533
1 57
2 1796
1 2987
2 1016
2 1554
2 3775
1 1387
1 85
2 1544
2 2177
2 1173
2 2395
2 1902
2 2357
1 3704
1 1477
1 1808
2 3759
2 1819
2 1439
2 1822
1 1551
2 1636
1 1894
2 1228
1 3038
2 3441
1 2707
1 2411
1 3592
1 2100
1 2174
1 3147
1 2343
1 382
2 2097
2 737
1 392
2 545
2 836
1 1010
2 1758
2 1021
1 2671
1 1998
2 2464
1 3361
1 3644
2 854
2 3025
2 3266
1 1042
2 2583
2 336
1 2731
2 2065
2 121
1 1444
1 2384
2 3039
2 2234
2 2198
2 1047
1 2772
1 3039
1 86
1 3138
1 859
2 536
2 1276
2 766
1 2332
2 219
1 2652
1 1179
1 587
1 3599
2 2638
1 1168
1 816
1 319
1 504
2 2847
2 75
1 3596
1 1681
1 1721
2 3466
2 2878
2 3545
2 66
2 3283
2 1881
2 3204
2 738
2 505
2 1378
2 3464
1 512
1 178
2 3311
2 2509
2 3130
2 2694
1 2637
2 1599
1 1763
1 3199
2 3484
2 2453
2 2414
1 654
1 1943
1 3174
1 1618
1 2942
1 503
2 210
2 440
1 692
1 2091
2 1737
1 1137
1 2827
1 3337
1 3140
2 1237
2 2809
1 1022
2 247
1 2173
1 2249
2 1577
1 1254
2 2102
2 2175
2 3037
2 2891
2 146
1 1966
2 2965
1 247
1 105
1 444
2 3635
1 2951
2 809
2 3485
2 1480
1 1589
1 964
2 1156
2 1540
1 1022
1 3474
1 2725
2 738
1 3094
1 2382
2 271
1 2359
2 2649
1 1917
1 3344
1 2098
2 144
2 1447
1 1423
1 3338
2 945
1 722
2 1834
2 1296
2 1763
2 848
1 3292
2 462
1 2135
2 3543
2 2828
1 982
1 442
1 1188
1 1791
1 801
1 3316
1 2766
1 3508
1 211
2 689
1 3285
2 2137
2 1149
1 861
2 1895
2 3197
1 2158
1 3788
2 2617
2 1613
1 2975
2 2324
2 1418
2 1608
1 694
1 1747
2 3594
1 228
1 2881
2 3000
1 254
2 351
2 852
2 364
2 2826
1 2742
2 322
2 1451
1 1270
1 1389
1 1925
2 2064
2 50
1 1009
1 1619
2 1891
2 1929
1 1544
1 2327
2 3127
2 2316
2 1625
1 2
2 1012
1 3262
1 319
2 1451
1 2409
1 3273
1 2841
2 1459
2 3398
2 1646
2 1936
2 350
2 1903
2 670
1 1322
2 2857
2 1824
2 3399
2 1289
1 30
2 2999
2 2693
1 2798
2 1165
2 438
2 2289
1 3353
2 453
1 2425
1 701
2 966
2 2444
2 2223
2 3202
2 563
2 3554
2 2871
2 3269
1 1688
2 821
1 153
2 2025
2 1513
1 3139
2 3416
1 3148
1 3728
2 3360
1 944
2 255
1 1366
2 658
2 1420
1 2822
1 2908
1 3417
2 2127
2 2203
2 2433
2 3332
1 1755
2 576
1 3182
1 2552
1 2820
2 2437
1 1046
2 1085
1 3163
1 1573
2 1579
2 261
1 593
2 3092
2 2391
2 3154
1 1858
1 1127
1 1370
1 1672
2 1958
1 2397
2 2736
1 3153
2 782
2 2086
1 1817
2 3426
1 171
2 2819
1 1397
2 280
2 3657
2 1650
2 3518
1 1157
1 1879
2 2687
2 1404
2 3737
1 2509
1 2680
1 3136
1 1420
2 1944
1 1231
1 3512
1 3310
1 473
1 1784
2 2570
1 3649
2 20
2 1817
1 1385
2 946
2 1509
1 1210
2 151
2 910
2 3716
2 3295
2 2485
1 3741
1 2093
2 258
2 3108
2 2611
1 2264
2 2790
2 1750
1 2402
1 2650
1 1591
1 909
2 927
1 2589
1 1676
2 1455
1 2179
1 165
1 1012
2 2247
1 2438
1 2658
2 2379
2 1668
1 3754
2 10
1 2814
2 3381
1 2049
1 1385
1 3212
2 2783
1 3074
1 720
1 3594
2 385
2 1390
1 3720
2 2945
1 2536
2 221
2 2136
2 1586
2 2641
1 2596
2 9
2 900
2 1959
1 1561
1 1828
1 440
2 2151
1 3441
2 396
1 1337
1 1194
1 1067
2 10
2 1863
2 2655
2 1557
1 428
1 412
2 720
1 40
2 434
1 1623
1 2259
1 2403
2 1852
2 1316
2 1880
2 1951
2 1323
2 55
1 102
1 1660
1 98
2 397
2 916
1 685
2 3723
2 3628
1 573
2 231
2 2554
1 1568
1 1201
1 1238
1 1636
2 3196
2 3298
2 333
1 419
1 768
2 3145
2 2723
2 1946
2 3421
1 2129
2 414
1 3211
1 774
2 598
1 2127
1 1756
2 2777
1 3683
1 1652
2 1208
1 798
1 1277
2 3544
1 1710
2 3152
1 2559
2 3138
2 610
1 1314
1 2302
1 2628
1 2001
2 713
1 876
2 2914
2 575
1 1800
2 3357
1 1279
2 278
2 1717
1 2321
1 368
2 1079
1 793
2 878
1 3378
1 3046
2 1214
2 3176
2 3221
2 1394
2 3650
2 194
1 2740
2 864
2 1831
2 1255
2 2076
1 1779
1 1723
1 1109
2 1456
2 2017
2 2640
1 3786
1 1167
2 199
1 1794
1 56
2 2856
1 1552
2 898
1 751
2 1570
1 2503
2 2189
1 371
2 2318
1 3217
1 819
1 1191
2 2335
2 2804
2 3259
1 2780
1 3562
1 1601
1 444
1 2902
1 1506
1 576
1 1718
1 3226
2 3027
1 2336
2 3180
2 1911
1 2281
2 2326
2 2919
2 525
2 3119
1 3170
1 733
2 966
2 3052
1 344
2 677
2 1158
2 3235
2 1187
2 2936
2 1199
2 97
1 2231
1 794
2 657
2 1071
1 3483
1 2084
1 2803
2 2983
2 2581
2 378
1 3462
2 2685
2 836
2 894
1 270
1 978
1 1912
1 246
2 1362
2 3023
1 2824
1 3642
1 3504
2 552
2 3324
2 1580
1 1050
2 8
2 2094
1 2899
2 2277
1 851
1 2382
1 2373
2 3626
1 2474
1 1409
1 2119
2 1698
1 1977
2 318
2 870
1 651
1 1159
2 3010
1 1573
1 2585
2 2096
2 3379
2 3261
1 2867
1 3624
2 3070
2 1957
2 162
1 807
1 252
2 2917
1 314
2 1304
1 2872
2 1477
1 3373
1 3199
2 499
1 1724
2 2489
1 3559
1 1166
2 2322
1 2901
2 3469
1 2973
2 979
2 2779
2 3212
2 3670
2 2230
1 2987
2 1682
1 1180
2 2788
2 1530
2 2173
1 2392
1 3686
2 3074
1 3496
1 588
1 1412
1 3026
2 848
2 3785
2 3297
1 2765
2 161
1 1915
2 1684
1 1581
1 3583
1 2082
2 2439
1 3282
1 188
2 1009
2 1908
2 3136
1 100
2 2977
2 735
1 2172
2 2008
1 3060
1 400
2 3371
2 2888
2 69
1 1423
1 2549
2 335
2 1484
2 3191
1 2914
2 134
2 2606
1 1218
1 1589
1 842
1 3463
1 594
2 2535
2 808
2 295
2 2797
1 432
1 2346
2 2734
2 3043
1 3070
1 2328
1 1470
1 95
1 1512
2 2331
2 2944
1 130
1 3612
2 1339
2 1247
2 747
1 2010
2 2840
2 704
1 3040
1 3553
2 2039
1 1561
1 3449
1 858
1 1412
1 3412
1 3194
1 1361
2 1742
1 3767
2 1376
1 1332
1 2041
1 502
1 2913
1 532
1 2558
2 2551
1 88
2 2304
2 2953
1 2167
1 3310
2 1139
1 3457
1 449
2 2117
2 2577
1 995
1 1059
2 3475
1 2288
2 2054
2 1919
1 2950
2 3141
1 332
1 1751
2 3522
2 2341
1 606
1 2668
1 263
1 2024
1 3650
1 365
2 1585
1 2496
1 699
2 203
1 3098
1 749
2 794
2 1038
2 707
2 2587
1 1144
2 274
2 1928
1 500
2 678
2 2051
2 442
1 3002
2 1985
1 387
1 2370
2 1475
1 2032
2 1430
1 1174
1 1306
2 3240
1 695
1 158
2 3598
2 1374
1 628
1 3585
1 1732
2 804
2 2534
2 1053
1 122
1 3627
1 2479
1 2141
1 401
1 915
2 662
2 1619
2 830
2 2193
1 88
2 2697
2 918
2 3329
2 689
1 2194
1 2291
2 2649
1 2009
2 3319
1 1301
1 3669
2 2133
2 1797
1 2454
1 3191
1 574
1 385
1 2200
2 3151
2 427
1 1518
1 1813
2 1165
1 3674
1 681
1 3177
1 2262
2 2037
2 1847
1 1371
1 1097
1 2835
2 3458
1 656
1 149
1 3502
2 378
2 3140
2 3455
1 579
1 231
1 3717
1 3315
1 3651
2 394
1 125
1 2081
2 1866
1 23
2 2689
1 3355
2 2636
2 2156
2 646
1 3636
2 350
2 2598
1 1821
1 2352
2 1051
2 3794
1 3046
1 2310
1 1560
2 1333
2 2458
2 122
1 916
2 1986
1 1772
2 2593
2 263
1 395
2 164
2 2775
2 2797
2 3236
2 3257
1 475
2 143
1 1062
1 1130
2 3476
2 1179
1 3421
1 2517
2 3246
2 1363
2 2631
2 463
1 1341
1 2695
2 969
1 1959
1 1545
1 871
1 2858
1 2618
1 3133
2 3359
2 2650
1 2467
1 2818
1 1795
2 3765
2 3342
2 1359
1 1504
2 839
1 300
2 1257
2 1510
1 2754
2 2750
2 215
2 1365
1 2258
2 3710
2 2236
2 3334
2 3132
2 2630
1 3497
2 2663
2 3746
2 80
1 851
2 3792
2 2034
1 602
1 890
2 1390
1 1878
1 2724
1 845
2 2785
1 561
2 3016
2 3565
2 84
2 2701
2 2548
1 623
2 278
1 761
1 961
1 834
2 2241
1 603
1 1599
2 3688
1 3123
2 234
1 1833
1 2774
2 1188
1 474
1 2904
2 1536
2 3527
2 1088
1 3511
2 3237
1 758
2 2977
2 858
2 1299
2 1642
1 358
1 932
1 272
2 552
2 1521
2 2150
1 3429
2 1759
2 1251
1 2791
1 340
2 3367
1 1764
2 2625
1 2220
2 648
1 3517
2 1282
2 2794
2 1633
2 314
1 2539
1 809
2 3244
2 1342
1 2734
2 1547
1 1261
1 710
2 2941
1 502
1 279
2 3692
1 1209
2 3147
1 1491
1 786
2 554
1 2547
2 1163
2 1683
1 923
1 1293
2 1830
1 3308
2 2703
2 1167
1 1213
2 633
1 2281
1 1071
2 2880
1 1622
1 553
2 2611
2 2919
2 3496
2 141
2 3111
1 3405
1 1990
2 2474
1 91
2 608
1 2911
2 472
1 796
2 1712
2 3464
1 1266
1 2346
2 1818
1 3479
1 17
1 2277
1 593
1 2192
1 3317
2 2860
2 3535
2 3424
1 2157
2 3600
2 2149
2 1229
1 2553
2 456
1 1714
2 3132
1 748
2 2194
2 3059
2 3208
2 486
2 1667
1 2883
2 1594
1 1935
1 632
2 1660
2 1358
2 2188
2 3607
1 535
2 136
2 680
1 648
2 3299
1 299
2 3703
1 1225
1 2409
1 1502
1 1498
1 3100
1 2303
1 2551
1 2349
1 2258
1 2955
2 799
1 564
1 2528
2 2696
1 742
2 2228
1 3186
1 525
1 379
1 2295
1 1542
2 736
2 1752
1 1238
1 2071
2 564
1 989
2 1337
2 2430
1 3591
2 135
1 1268
2 328
1 1587
2 1454
2 1615
2 464
2 802
1 1293
2 185
2 1494
1 1955
1 3689
2 459
1 2562
1 777
2 3368
1 2856
2 3644
1 1678
1 2181
1 3616
2 514
1 3188
1 1215
1 963
1 3627
2 1100
1 1522
1 1784
2 430
1 534
1 1926
1 3800
1 921
2 1059
1 3378
2 1054
2 1885
1 221
1 458
1 595
2 3704
2 320
2 664
1 2443
1 928
2 3081
1 1026
1 1886
2 1538
1 2476
2 2222
1 2761
2 1648
1 61
1 2769
1 3567
2 2494
2 3676
2 423
1 3345
2 2186
2 2371
2 2014
2 3213
1 125
2 3474
1 732
2 233
1 718
1 2550
2 796
1 1720
1 630
2 2002
1 2962
2 991
1 3523
2 1598
1 3768
2 2757
1 2671
1 2519
1 2261
2 2853
2 789
1 799
2 2892
2 893
1 1285
1 3582
1 157
2 1902
1 2354
2 1719
1 2932
1 2350
2 2105
1 54
2 2976
1 201
2 3790
2 3354
2 3791
1 26
2 2392
2 2569
1 3726
2 2413
1 3351
2 823
1 814
2 658
2 1864
1 384
1 3569
1 1545
2 2484
1 2998
2 2403
2 3553
1 2569
2 2628
1 3708
2 1568
2 2728
1 2714
1 3560
1 3540
1 59
2 1081
2 140
2 2690
2 3522
1 3309
2 443
1 2159
1 2507
2 1206
2 3388
2 1543
1 519
1 835
1 1760
1 1559
1 1360
1 1232
1 2313
1 2349
1 2940
2 2738
1 3415
1 268
2 1085
2 3533
1 1685
2 3454
2 1245
2 2762
2 2916
1 1051
2 787
2 3314
1 2176
2 93
2 3797
1 3034
1 2811
1 3272
2 1284
1 3106
2 2848
1 2055
2 3167
2 3051
2 2133
1 3485
2 2226
2 2243
1 509
1 1464
2 1888
1 340
2 560
2 3775
2 3393
1 305
1 1096
2 103
1 2440
2 1482
2 1056
2 1511
1 167
2 2918
2 674
2 205
2 1484
1 2061
1 3182
1 3079
1 1965
2 1643
1 1799
1 1814
2 1331
2 3621
1 2930
2 2124
1 1335
2 3176
1 2334
1 807
1 1873
1 3203
1 1521
2 1838
2 2120
2 3053
2 601
1 3578
2 745
1 849
1 687
2 818
2 1695
1 1034
2 139
2 1654
2 3124
1 1887
1 1262
2 1501
2 942
2 567
1 2209
2 1805
1 728
1 1305
2 1232
1 1984
1 1976
1 1381
1 2488
2 2721
1 34
1 137
2 2068
1 931
1 3447
1 2019
2 3418
2 2681
2 76
1 967
1 2057
1 1281
1 2623
1 1263
2 1265
1 3013
1 3021
1 3275
1 3468
1 3616
2 3171
1 1486
1 1873
2 3073
2 1278
1 2942
1 2030
1 3749
1 1369
1 2113
2 2527
1 3003
1 3666
2 2151
2 344
1 3748
2 2679
2 202
1 911
2 3302
1 3557
1 3501
1 2289
1 3536
1 1220
2 1160
2 1504
2 578
1 84
2 3326
2 2802
2 1387
2 2934
1 2849
1 705
1 1488
1 1258
1 3646
1 2225
1 1890
1 690
1 3563
1 890
2 3601
2 498
2 591
2 2331
2 3470
1 2718
2 3023
1 447
1 2874
1 2256
1 1556
1 3304
2 2880
1 2747
2 2945
1 507
1 1645
2 885
2 3360
2 2578
2 3048
1 3067
1 2132
2 2979
2 769
1 723
1 1076
1 1538
1 2922
2 3666
2 1292
2 1111
1 1080
1 3720
1 2267
2 1868
2 2106
1 972
2 133
2 1186
1 1248
1 2102
2 3218
2 3425
1 2187
2 3539
1 3622
2 2216
1 3497
1 538
1 860
2 2148
2 3452
2 492
1 1722
2 3714
2 198
2 2004
1 13
1 3506
2 2358
2 2093
2 1651
1 708
1 3687
1 1571
1 828
2 2984
2 1615
1 3554
2 1061
2 1476
1 479
1 2946
2 3550
2 518
2 3072
1 2077
2 2866
1 512
1 909
1 356
2 2518
1 1093
1 2444
2 3479
2 2594
2 2851
2 3089
1 3586
2 3357
2 655
2 1007
1 579
1 245
2 2138
1 2663
1 3122
2 1612
2 1104
1 3325
2 650
1 1069
1 154
1 1153
1 37
1 1593
1 2054
2 155
1 2647
1 2529
1 3168
2 222
2 3535
1 1790
1 158
2 3229
1 3015
1 1840
2 2368
2 1032
1 2190
1 317
1 2643
2 2686
2 3008
1 2458
1 3019
2 3214
2 1621
1 2539
2 580
2 3207
1 891
2 2852
1 1778
2 3567
2 1665
2 357
1 3165
1 2652
1 3511
2 1765
2 1252
2 2796
1 3618
1 2906
1 1449
2 1603
2 947
1 2247
1 1931
1 2544
2 3279
1 596
2 779
2 2248
2 1704
1 3114
1 3219
1 761
2 3438
2 834
2 706
1 804
1 2978
1 3314
1 3163
2 321
1 3743
1 1935
2 2201
1 2376
1 3784
2 2003
2 2550
2 1425
2 3322
1 3649
2 844
2 154
2 3161
1 3143
2 294
1 1631
2 2583
2 1727
2 3762
2 914
2 2864
2 1294
2 823
2 3628
2 2008
2 872
2 2442
1 2981
1 3681
2 2259
2 315
1 2466
1 913
2 867
1 473
1 2342
1 2948
1 1932
2 1889
2 468
2 527
1 1661
2 2262
1 70
2 3006
1 2743
1 286
1 168
1 1933
2 393
1 2580
2 3228
2 3467
1 696
2 2161
2 3312
1 1428
1 2271
1 484
2 2679
1 96
1 1531
2 1598
2 223
2 709
2 3439
2 3054
1 2635
2 211
1 1056
2 1381
1 1497
1 369
1 1297
2 3134
1 2046
2 51
1 883
1 2533
1 3570
1 3576
2 534
1 9
1 1674
2 1291
2 3374
1 3392
1 3777
2 920
2 1893
2 3236
1 1683
1 3156
1 727
1 3379
2 2626
1 2499
2 3234
1 2837
2 1380
2 2455
2 883
1 3077
1 2788
1 1239
1 3597
2 2954
1 381
1 3278
1 3125
1 2327
2 2594
2 2448
1 1041
2 3732
2 22
2 2876
1 863
1 3750
1 2146
1 1778
1 1171
1 2007
1 181
2 64
1 443
1 2058
1 1888
1 1865
2 563
1 2894
1 3459
2 3155
2 1436
2 2273
2 2805
1 1055
2 889
1 1274
1 2018
2 42
1 60
2 1964
2 1937
2 3258
2 1172
1 3097
1 2379
1 2703
2 165
1 11
2 1284
2 3251
2 1635
1 432
2 1539
1 284
1 1183
2 2597
2 2305
1 2192
1 1226
2 3637
1 1120
2 295
2 1342
1 2294
1 1528
2 2287
1 3595
2 1839
2 2270
1 471
1 619
2 3493
1 2413
2 1431
2 311
1 3293
1 107
2 2085
1 638
2 2050
1 2215
1 684
2 2523
2 3442
2 3476
1 3111
2 2915
2 454
1 476
1 2080
1 2501
2 2986
1 372
2 766
2 1500
2 3795
2 1292
2 2253
2 2462
2 1649
1 2090
2 2272
1 1731
1 2654
1 1422
2 106
1 264
1 746
2 3200
2 441
2 2716
1 790
2 506
1 272
2 757
1 2806
1 887
1 1742
2 996
2 1542
1 1193
1 1004
1 2907
1 3093
2 2006
2 1890
2 3307
1 2515
1 2120
2 400
2 1262
1 2438
1 327
2 2041
2 2967
2 1846
1 1196
1 3428
2 353
2 1453
2 3715
1 2727
1 1435
1 2629
2 866
1 2574
2 1842
1 1064
2 3278
1 1273
2 3395
2 110
1 1958
1 217
2 77
2 3374
2 3556
1 2941
2 1953
2 113
1 2752
1 583
2 1849
2 3453
2 546
2 2021
2 2078
2 2746
1 1577
2 1083
1 2520
1 1639
2 1253
1 2715
2 1986
2 543
1 244
2 1773
1 1268
1 2178
1 2348
2 1610
2 2761
1 6
1 1086
2 1533
1 87
2 28
2 1983
2 1382
1 1433
2 2854
2 112
2 3492
1 3193
1 7
1 2696
2 201
2 1363
2 2966
2 3646
2 1510
2 3641
2 1084
1 1446
1 735
2 2483
1 3676
2 330
2 989
1 3579
1 2237
2 2593
2 3210
2 663
1 2676
1 126
1 43
2 1563
1 2870
2 1124
1 3738
1 1078
2 1596
1 3061
2 785
2 3181
1 992
1 3766
2 2012
2 763
1 1686
1 936
1 1874
2 950
1 445
1 3584
1 2956
1 1682
1 2209
2 2511
2 1240
2 1127
2 1519
1 2435
2 3682
1 3583
1 1388
1 1194
1 1097
1 94
2 1080
2 777
1 1017
1 3413
2 1102
2 2250
1 2468
1 1607
2 2143
2 1973
1 1240
1 2746
2 1845
2 1578
2 1775
1 3412
1 2657
2 1751
2 1922
1 3730
1 949
1 1223
2 3662
2 1298
2 2682
2 1250
1 2134
2 413
2 3390
2 3683
1 988
1 2356
2 1207
1 2344
1 2758
1 2615
1 3610
1 624
2 1247
2 1892
1 2952
2 2497
2 2310
1 3238
2 572
1 170
2 3424
1 1679
2 2032
1 3714
1 1058
1 2676
2 1279
1 183
2 3678
1 83
2 2835
2 3792
2 1192
1 21
2 874
1 2599
1 1968
1 25
2 2170
2 2785
2 1852
2 2867
1 3513
2 2443
1 486
1 2072
2 528
2 1855
1 853
1 50
1 3619
2 2252
2 124
1 2033
1 3099
1 1079
1 366
1 1815
1 162
2 869
2 2210
1 3783
2 574
2 2193
2 1348
2 2200
1 92
1 3309
1 1490
1 1060
2 3487
1 3104
1 1338
2 990
2 2514
1 3400
2 1066
1 2462
2 2566
1 3555
2 1492
1 3759
2 3249
1 931
1 2254
2 3078
1 3153
1 177
1 3323
2 813
2 3408
1 2934
1 3032
1 1905
2 348
1 2739
1 3173
2 3406
1 1410
1 1529
2 2034
2 2778
2 2227
1 2705
2 1565
1 2156
2 1862
1 3302
2 3779
1 711
1 1393
1 2983
1 2031
1 159
2 2360
1 175
1 1402
2 771
1 2084
2 2564
1 1219
2 31
2 3320
2 1897
2 3335
1 1824
1 1801
1 2107
1 1853
2 11
2 2108
1 488
1 3254
1 1764
1 1132
1 12
1 1810
2 53
1 2468
2 2659
1 837
1 387
1 3010
2 1630
2 304
1 758
2 1700
2 3195
2 1788
2 1241
2 3383
2 3272
2 2684
2 2195
1 2526
2 1260
1 1478
1 282
1 90
1 2069
2 156
2 2073
1 2308
2 2989
2 2145
1 2590
2 1724
1 629
2 3542
2 3103
1 370
2 1771
2 3066
1 3276
2 3162
1 1440
2 924
2 1777
2 2969
2 1548
1 1377
1 1624
2 805
2 418
1 2873
2 64
2 2380
2 1786
2 1121
2 2140
2 640
1 3651
1 2587
1 1869
1 1597
1 407
2 1355
2 825
1 3664
2 3449
1 2947
1 1397
2 1609
2 2167
1 2389
2 903
2 3498
2 3431
2 3606
2 1882
1 2709
1 711
1 2395
1 2431
1 1519
1 2290
1 66
2 2903
1 3224
1 803
1 2677
2 3404
2 3563
2 220
2 1664
2 905
1 2729
1 2338
1 604
2 1940
2 3386
2 3273
1 3129
2 605
1 1213
2 74
1 2160
1 763
2 3596
1 700
2 2020
1 1709
1 2922
1 2655
2 2162
1 2221
2 1261
2 759
1 3283
2 1923
2 3690
2 2386
2 2208
1 3319
1 2043
2 1424
1 1928
2 3546
2 377
1 1993
2 1020
1 2767
1 588
2 2225
1 2857
2 2845
1 875
1 2680
1 2775
1 1086
1 798
2 3131
2 90
1 3162
2 826
2 2431
1 986
1 2802
2 2600
1 1275
2 1496
2 3702
2 15
2 3052
2 657
1 2009
1 429
2 3755
2 786
1 2287
1 3366
2 1969
2 1669
2 516
1 2445
2 6
2 1962
2 3460
2 14
1 2996
1 812
2 2961
1 1475
1 2375
1 659
1 3391
2 438
2 2420
1 150
1 235
2 1644
2 309
2 1889
1 833
1 198
1 1634
1 808
1 3185
1 32
1 1974
1 932
2 3356
2 2475
2 537
1 1408
1 1604
2 2465
2 459
2 1677
1 2115
1 2585
1 1002
1 603
1 1319
2 2180
1 2635
1 2575
1 1158
2 2992
1 2457
2 1651
1 3787
1 926
1 2958
1 734
1 3256
2 3303
1 1666
2 3419
2 2452
2 2040
1 896
2 2237
1 30
2 2610
1 1997
1 1496
2 679
2 1929
2 2270
1 2828
2 739
2 1942
2 684
2 3072
2 2924
2 3382
2 3126
1 1920
2 467
1 1108
2 2756
1 1743
1 2588
1 1681
2 1809
2 861
1 767
2 1154
1 3626
1 3565
1 2702
1 3169
1 326
1 2406
1 1347
2 2005
1 3201
2 797
2 977
1 1225
1 2642
2 1992
1 1641
2 1393
1 1182
1 3024
2 3796
1 2231
1 398
1 2138
1 1583
2 232
1 2510
2 906
1 3653
2 2688
1 2140
1 780
2 1287
2 2114
1 3480
2 1109
1 776
2 2852
2 2306
2 28
1 595
1 1201
1 1532
1 3110
2 1814
1 2448
1 2925
2 2388
2 131
2 1147
1 349
2 1738
1 625
2 647
1 2006
1 142
1 1941
1 2416
2 3157
1 1162
1 963
2 741
2 2807
2 1044
1 2121
2 3603
1 1777
1 523
1 2105
2 527
2 2361
1 2405
1 1532
1 1467
1 571
2 3743
2 2175
1 3764
2 3114
1 839
1 2293
1 830
1 1383
2 1744
1 3611
1 3532
1 288
2 1399
1 452
1 1434
2 1421
1 2656
1 3507
2 899
2 3537
2 2815
2 116
2 1868
2 2970
1 3260
2 667
1 2839
2 3465
1 331
1 2824
2 721
