7600 4500
1 2144
1 3601
2 3446
2 3336
1 1030
1 2031
1 3358
1 1317
2 3610
2 352
2 2567
1 1143
2 3053
2 3353
2 2139
1 179
2 1582
1 1733
2 507
1 69
1 1461
2 950
2 1953
1 3269
2 2443
2 1310
2 1657
2 1168
2 1070
1 2210
1 694
2 1751
1 3794
2 2131
2 1290
1 1578
1 3531
2 1998
2 3116
1 2737
2 1463
1 3490
2 609
1 3391
1 3001
1 3023
2 3146
2 3338
1 1520
2 3513
1 1867
2 2740
1 3241
2 2491
2 1288
1 3015
1 518
2 1458
2 3444
2 1886
2 667
1 2885
1 67
1 1741
1 3291
2 1592
1 1219
1 1117
1 230
1 2602
1 3741
2 8
1 410
2 2244
1 494
1 1126
1 1462
2 2275
1 2276
2 272
1 979
2 3085
2 3651
1 2097
1 3051
1 485
1 1585
1 2893
2 1738
1 784
2 1138
1 1724
1 3006
2 1347
2 3176
1 1323
2 3302
2 47
1 753
2 1754
2 1038
1 3149
1 1935
1 3628
1 1713
2 3543
2 2968
1 1832
1 1660
1 1095
1 2920
2 2002
2 594
2 3715
1 1461
2 2171
2 2401
2 291
2 2431
1 3460
2 1912
1 3236
2 803
2 19
1 849
2 2655
1 1263
2 2001
1 1474
1 150
1 2857
1 2734
2 2900
2 3010
1 785
1 1858
2 1297
1 246
1 3389
2 415
2 2273
2 2490
2 2547
1 3501
1 2375
2 1655
1 1329
2 701
2 3268
2 1539
2 3666
1 1315
2 2866
1 1526
2 2447
2 2437
2 801
1 36
1 314
1 3686
2 2467
1 273
1 843
1 2818
2 1780
2 2150
2 3054
1 420
1 1484
1 2717
2 3792
2 871
1 3549
2 3227
2 3745
1 1153
2 3440
2 852
1 4
1 304
2 2433
1 2241
2 1508
1 3780
1 2158
2 1484
2 1987
1 3707
1 2449
2 1184
1 1876
2 320
1 2219
1 2598
2 3377
1 3528
2 1676
1 359
1 77
2 3557
1 3099
2 712
1 858
2 3626
2 3366
2 2875
1 2887
1 3253
1 2403
2 2611
1 882
1 464
1 1093
1 1361
2 1052
1 1874
2 2791
2 2233
2 3186
1 2422
1 1035
2 726
2 2091
2 2156
2 2577
1 3044
2 300
1 1576
2 3078
2 470
2 1277
2 1879
1 3603
2 368
1 2081
1 3025
2 3482
1 1364
1 689
1 2941
1 1421
1 73
1 214
1 2072
2 781
1 900
1 941
1 3090
1 2595
2 644
1 1746
2 3369
2 1735
1 3532
1 1779
1 699
1 2814
1 209
1 47
1 688
2 357
2 3228
1 1714
2 1304
2 2069
2 3460
1 3492
2 104
2 3310
2 2205
1 2521
1 2890
2 2500
2 615
1 1994
1 3729
2 1814
1 1325
1 2503
2 1635
2 106
1 855
2 1794
2 3373
1 3775
2 413
1 278
1 559
1 425
2 2658
2 978
1 2982
1 2298
2 3286
2 1873
2 18
1 1174
2 3763
2 3516
2 32
2 2418
1 3760
2 856
1 2536
1 1100
1 2119
1 985
1 1057
2 2925
1 3031
1 29
2 167
1 1631
1 3159
1 1663
1 1991
1 1885
2 1580
1 1320
2 3333
2 3569
2 2668
2 3585
1 2028
1 2207
2 3251
1 2074
1 2562
2 2186
1 2046
1 993
1 225
1 1495
2 1031
2 3694
1 855
1 2144
2 1183
2 1975
2 2410
2 660
1 774
2 520
1 1160
2 3193
1 3280
2 2292
2 2847
2 2174
1 629
2 1815
2 1280
1 1952
2 1690
1 228
1 2626
1 2409
2 1699
1 2822
2 3625
2 3038
2 1793
2 206
2 3634
2 75
2 2207
1 3128
2 3612
2 544
1 2195
1 1958
1 19
2 2166
2 2391
2 2190
1 280
2 2937
1 3555
2 2004
2 3573
2 3146
1 656
2 3779
1 3401
1 1281
1 3298
2 2659
1 2679
2 684
1 405
2 2428
1 3743
2 1469
1 2540
1 2636
2 2738
1 1384
2 1831
1 2518
1 1708
1 1182
1 3615
2 1648
2 1036
1 3377
1 3225
1 624
1 2218
2 999
1 3157
2 3796
1 442
2 1247
2 918
1 1591
2 219
2 1740
1 2154
2 1813
2 971
2 1705
2 1980
1 573
1 2962
1 28
2 2683
1 490
1 576
1 775
1 3554
1 536
2 3067
1 3654
2 1489
1 659
1 2039
2 2525
2 2620
1 3272
2 577
1 1801
1 816
1 1316
1 1281
1 2900
2 3384
1 2696
2 1125
1 3139
2 1418
2 1339
2 2875
2 2520
1 447
2 2653
1 485
2 2523
1 465
2 3305
2 546
2 3756
2 3319
1 1896
1 3379
2 1229
2 2756
1 2549
1 849
1 2535
2 3234
2 2070
2 3468
1 1422
2 2438
2 1905
2 1132
2 1999
2 2060
2 187
1 1932
1 3387
2 2627
2 769
2 2714
1 630
1 1523
1 347
2 2444
2 3622
1 3275
1 3069
2 913
1 1173
2 2623
1 2502
2 1027
2 1395
1 44
1 3227
2 1084
1 1941
2 2890
2 888
1 569
1 1375
1 2314
2 3373
2 741
2 3636
1 819
2 2366
2 298
2 791
1 2921
2 2188
1 3304
2 1370
1 346
2 1169
2 1733
1 2288
2 3036
2 483
1 1323
2 1839
2 1867
1 2957
1 1108
2 1032
1 1963
2 3766
2 2155
1 1014
1 815
2 1866
1 2051
1 669
2 2212
1 2802
2 2305
2 395
1 2908
2 3451
1 588
2 3330
1 1736
2 2530
1 34
1 2555
2 536
1 1984
2 1901
2 2278
2 972
1 634
1 1721
1 2870
2 2837
2 1586
2 1948
2 3522
2 3678
1 1895
1 1965
2 140
1 3663
1 807
1 904
2 643
2 2671
2 1429
2 2393
2 691
1 1005
2 2993
2 2175
2 1527
2 2533
2 2653
2 3535
2 2374
1 1284
2 2316
2 1060
2 2226
2 1333
2 1176
1 2233
1 1041
1 1816
1 1030
1 3579
2 3162
2 965
2 1092
2 402
2 2389
1 3704
2 1909
1 105
1 1040
1 1599
1 1906
1 903
2 2524
1 1613
2 541
2 383
2 2258
2 839
2 841
1 698
2 3345
1 749
2 2627
2 3510
1 1694
2 399
2 662
2 1110
2 2684
1 2970
2 2908
1 279
2 3242
2 45
2 2236
1 89
2 2451
2 500
1 1819
2 79
2 833
2 990
2 1689
1 2590
1 3590
1 801
1 1305
2 2036
2 215
2 157
1 380
2 1965
2 3343
2 3690
2 254
1 2986
1 2844
2 3306
2 2360
1 3034
1 1172
2 870
2 2180
2 251
2 1036
2 367
1 715
1 255
2 3
1 2819
1 551
1 2025
1 1236
1 3412
1 2515
1 3060
1 1259
1 1553
1 3110
1 584
1 1497
1 1455
2 3744
2 2473
1 574
1 1017
1 772
2 840
2 1513
2 1451
1 1080
2 76
2 3658
2 2061
1 1996
2 2346
1 2676
2 2204
2 1257
1 1672
2 765
1 2147
1 1044
1 2300
2 1807
2 1278
1 1262
2 2112
1 508
2 3171
1 2305
1 1753
1 330
1 3778
2 1585
1 2842
2 952
2 1637
2 3449
1 400
1 2651
2 3065
1 1687
1 1541
2 3016
1 1275
2 2165
1 1613
1 734
1 1342
2 2154
2 3356
1 2174
1 2505
1 670
2 3619
2 2832
1 2331
2 3034
1 1650
1 1983
2 870
2 1089
1 1969
1 3023
2 921
1 2015
1 2107
2 1124
2 3674
2 3414
1 622
2 3284
1 1274
1 1775
2 2250
1 264
2 2436
1 1607
2 2823
1 1155
1 1777
1 595
2 1820
2 1514
2 2471
2 833
2 658
2 3594
2 2018
1 569
1 2030
2 2786
1 889
2 1572
2 173
1 229
2 107
2 1822
2 547
2 2617
1 1145
2 548
2 2046
2 1956
1 1913
1 5
2 481
1 2785
1 1879
2 515
2 1621
2 748
2 608
1 680
1 1273
1 1988
2 2040
2 3193
2 3072
1 2264
1 111
1 2243
2 523
2 3538
2 170
1 2009
1 2043
2 397
1 224
1 1540
2 1913
2 2605
2 2892
1 2333
2 2035
1 1701
2 2616
1 2453
2 1694
2 3322
1 186
2 2751
2 2307
2 478
1 1020
1 975
2 1966
1 334
1 3143
2 1311
1 2148
1 696
2 2239
1 1493
1 3397
1 1426
1 2010
2 35
1 1828
1 371
2 2916
2 1074
2 2411
2 2879
2 1393
1 632
2 2723
1 3108
1 2662
1 980
1 1165
2 2780
1 1651
2 1211
2 2420
2 201
2 2276
2 1048
1 1884
2 3591
2 2497
2 3059
1 3041
1 3426
1 2164
2 3657
1 2475
2 1238
2 651
1 1049
1 715
1 1339
2 308
2 3600
1 2217
2 1557
2 1412
2 3238
1 1662
1 3021
2 1793
2 3384
2 2145
1 1496
2 1233
1 709
1 2139
2 3078
1 3058
1 1899
1 2427
2 1215
1 2374
2 1693
1 596
2 4
1 2451
1 3677
1 1499
1 834
1 533
1 1190
1 3639
2 1972
2 3716
1 522
2 1969
1 2198
2 3437
2 3343
2 3262
2 2275
1 1082
1 422
1 3180
2 2311
1 1977
1 3563
1 1750
2 2326
1 3315
1 2531
1 812
1 1702
1 3086
2 601
1 2738
2 42
2 3411
1 1560
2 3702
1 2078
1 2320
1 777
2 902
2 2197
1 358
2 2755
2 258
1 1564
1 1681
2 1967
2 2059
1 1667
1 153
2 3102
1 1940
1 1700
2 912
1 2737
2 349
1 3240
2 1727
1 508
2 1601
2 265
2 3717
2 674
2 3272
2 1083
2 3435
1 2666
1 273
1 2946
1 585
1 1734
2 2830
2 3426
2 635
2 140
2 1661
1 2223
2 2300
2 435
2 3425
2 898
2 674
2 2445
1 363
2 1011
1 3293
1 1228
2 3438
2 2333
1 2038
2 3341
1 3074
1 1056
2 1111
2 2179
2 3574
2 3723
2 983
1 2302
1 2454
1 1436
2 1380
2 3053
1 90
2 2367
2 1944
1 2384
1 1464
2 3414
1 1586
1 3087
1 3783
1 2213
2 3190
1 2106
2 1707
1 1295
1 1344
2 3077
2 1496
1 712
1 2582
1 3527
1 1721
1 1788
2 524
2 1801
1 1710
1 3740
1 3344
2 3724
1 3736
1 897
1 2149
1 761
2 2017
2 1098
1 2622
1 1909
2 3698
2 2021
2 333
1 2042
2 2548
1 2488
1 1871
1 959
1 632
2 3593
1 1678
1 2600
1 826
2 1144
2 2163
1 1640
2 2182
2 3198
1 650
2 3331
1 172
2 652
2 2903
1 807
2 3420
1 1676
1 2121
1 963
2 1255
1 2976
2 1792
1 2833
2 2395
1 3297
1 3768
2 3540
2 733
1 3325
1 907
2 1629
1 1745
1 3679
2 1428
1 843
1 703
1 2107
2 3344
1 1146
1 3728
1 3798
1 3529
1 3237
2 420
1 512
2 3691
2 128
1 1273
2 1998
2 1725
2 2050
2 2182
1 1456
2 3562
1 896
1 64
1 2776
1 3537
2 548
1 422
1 905
2 1830
1 3030
2 2355
2 3423
2 3734
2 3166
1 2607
1 1686
2 1672
1 2328
1 158
1 3485
1 1949
2 695
2 2269
2 2190
1 2234
1 3577
2 534
2 2848
2 1675
1 908
2 2271
2 721
2 1374
1 1306
2 3001
1 789
1 1113
1 2353
1 391
1 2147
2 2477
2 1075
1 3778
2 1446
1 1885
2 2062
2 23
2 2129
2 83
1 3507
2 3323
1 1027
1 1017
1 138
1 2818
1 1195
1 3359
2 1924
2 866
2 625
2 3777
1 84
1 876
1 2332
2 1371
1 3223
2 2537
1 1119
2 1633
1 2672
1 948
1 1612
1 3705
2 2270
1 3559
1 1877
1 3063
2 2992
2 3495
1 1654
1 3126
1 2765
2 526
1 3525
1 453
1 797
1 3491
2 2462
1 539
1 2359
2 144
1 3583
1 3522
1 3427
1 3141
2 2991
1 3761
2 3620
1 1761
1 2407
2 3370
1 1141
2 2012
2 444
1 2122
1 2032
2 1267
2 2438
1 936
2 85
2 2039
2 1352
2 310
1 3423
2 844
1 1699
1 3277
1 1166
1 3389
2 3032
2 1828
1 109
1 1523
1 2200
1 2862
1 3000
1 2057
1 2733
2 2031
2 3654
2 3088
2 188
1 2641
2 2913
1 398
2 1943
1 701
2 1813
2 2146
1 1447
2 604
1 3360
1 2044
2 2629
1 3693
2 1604
2 2558
2 3670
1 1077
2 2950
1 71
1 3180
2 661
2 690
2 3291
2 137
2 2783
2 2778
1 3311
2 431
1 1431
1 463
1 1049
2 926
2 1603
1 1520
1 1647
1 3789
2 1286
1 515
2 2668
1 2576
1 3188
1 3393
2 1876
2 221
2 1649
2 2888
1 2995
1 1361
2 151
2 3702
1 3004
1 1538
2 864
2 1962
1 2957
1 1979
1 3545
1 2379
1 1453
1 3379
1 2978
1 2612
2 356
1 1593
2 262
2 3297
1 1
1 2022
2 2959
1 2024
1 3769
2 3370
1 653
1 1161
1 730
2 545
2 1134
1 1470
2 1079
1 2080
1 1847
2 162
2 1616
1 802
2 740
2 1186
1 352
1 2838
1 21
2 3287
2 2013
1 2306
2 1005
2 2973
2 2617
1 302
2 3220
2 2462
2 1995
2 3432
2 3003
2 1405
1 2659
1 205
2 1723
1 2549
1 3191
2 3328
1 610
1 1079
1 3739
2 760
2 690
2 3573
1 2012
2 2596
1 693
2 3199
1 451
2 3552
1 467
2 1038
1 1919
2 2133
1 55
1 2679
2 3505
2 618
2 2509
1 713
2 3028
2 2067
1 250
1 525
2 316
2 3630
1 496
2 1051
2 1767
1 2162
1 1968
1 1840
2 240
1 2296
1 428
2 3412
1 3409
2 1557
2 3020
1 2041
2 1335
2 2564
1 2648
2 2709
1 2604
1 1789
2 1130
1 2935
1 1479
2 1476
1 1915
1 1598
2 267
2 200
1 562
2 1545
2 1299
2 3211
1 135
1 2170
1 1061
1 2619
2 337
1 3593
2 2842
1 1388
1 1684
2 3448
2 1857
2 428
1 2719
2 1298
2 3295
2 3704
2 122
2 1842
1 883
1 384
2 2716
1 3234
2 2965
1 3671
1 3018
2 1984
2 2690
1 1892
1 913
1 3263
1 1353
1 3398
2 1507
1 1587
1 3035
2 3511
1 3369
1 2211
1 3649
2 1517
2 3687
2 2728
2 2487
2 2218
1 479
1 3287
1 3551
2 2458
2 2733
2 165
1 226
2 881
1 811
2 592
2 3257
1 1111
2 1253
2 3118
1 611
1 1638
2 281
2 2381
2 1241
1 1268
1 3391
2 92
2 977
2 3713
1 312
1 3742
2 735
1 269
1 1979
2 2008
2 637
1 303
2 3420
2 809
2 2747
1 2558
1 2159
2 1769
2 1659
2 2157
2 2749
1 2261
1 1090
2 940
1 1200
2 3098
1 1105
2 1504
1 1525
2 2032
2 169
2 2575
2 711
1 2904
1 3436
1 1308
2 408
1 3163
1 3105
2 3317
1 1131
1 2341
1 1529
2 646
1 220
2 3066
2 1379
2 2529
2 2940
2 3398
2 1558
2 3617
1 2539
2 2670
2 1488
1 3145
1 1937
2 3071
1 2914
1 1825
1 3282
2 1780
1 973
1 143
1 2588
1 783
1 2934
2 1602
1 1616
2 3401
2 1312
1 3465
2 1193
1 196
2 450
2 1043
2 65
2 1354
2 1358
2 2867
2 3637
1 248
2 87
1 30
1 2308
2 1810
1 3382
2 733
2 1685
1 1180
1 2377
1 663
2 2413
1 1161
2 2485
1 3162
2 3144
1 2153
2 2011
1 3716
2 2138
2 1764
2 1546
2 1317
1 72
2 1343
1 1564
2 308
2 3436
1 1217
1 456
2 705
1 989
1 1600
1 2652
2 1589
1 1771
2 345
1 3222
1 367
1 992
1 2110
1 3091
2 3685
2 3296
1 927
1 2043
1 3292
1 3155
1 3208
1 2348
1 1416
2 1332
1 3644
1 2281
2 319
2 1180
2 3656
1 1782
2 1489
2 3405
2 3266
2 1510
2 73
1 2140
1 3629
1 296
1 2092
2 389
1 2699
2 2593
2 3303
2 1743
1 3058
2 1185
2 3676
2 191
2 2045
1 3465
2 1362
2 2598
1 711
1 3079
2 2771
2 1621
1 2409
2 1330
1 2977
1 2587
2 2574
2 570
2 919
1 2629
1 1835
2 2913
2 2885
1 37
2 1766
1 1131
2 426
2 1175
2 1848
1 30
2 1407
2 1947
1 3578
2 841
2 3296
2 2232
1 99
1 1545
2 1512
1 2663
1 1021
2 3520
2 2522
2 3235
1 738
1 170
1 3668
2 1209
1 3499
2 668
2 1525
2 2997
2 445
2 514
1 176
1 3323
2 3655
2 2287
1 321
1 1784
1 1623
2 529
1 3084
1 40
2 3354
2 3109
1 1415
2 885
2 1939
2 297
1 2213
2 350
1 3421
2 3511
2 2911
1 955
1 1400
1 741
2 2483
1 758
1 2071
2 1690
1 771
2 236
1 3064
1 2727
2 3120
2 1800
2 1766
2 2477
1 2612
1 452
1 2641
1 996
2 1919
1 1590
2 3452
1 2998
2 809
1 3350
1 2417
1 2664
1 3471
2 1624
1 3581
1 988
2 3279
1 2546
2 2055
1 2324
1 145
1 3659
1 1558
2 121
2 1636
2 588
2 1239
2 2604
1 2884
1 1203
1 3746
1 3599
2 3748
2 3007
2 1457
1 1920
2 1849
2 171
1 1640
2 2272
1 1369
2 3537
1 3394
2 2170
2 3239
1 1779
2 3100
2 2352
2 2260
2 2132
1 2554
2 1755
1 1045
1 2378
1 1736
2 1202
1 1390
2 244
2 1189
1 120
2 663
2 2029
1 805
2 2166
1 274
1 916
2 1417
2 144
1 3795
1 3395
2 3239
1 1097
2 3459
1 3352
2 1854
1 293
1 2816
2 2559
2 3133
2 300
2 2663
2 3425
2 3122
2 1476
1 2949
2 217
1 1759
2 1749
1 561
1 1398
2 13
2 3658
2 2262
1 796
2 3485
2 2610
1 2227
2 846
2 665
2 2257
1 2227
1 764
1 184
2 1059
1 3183
1 2125
1 3444
2 50
2 1350
1 2859
1 510
1 2380
1 2730
2 2079
1 1908
2 3170
2 3758
2 3731
2 69
2 1856
1 222
1 2248
2 726
1 1964
2 2871
1 3572
2 1050
2 1632
2 2581
1 680
1 266
1 1773
1 2412
1 3017
2 872
2 3394
1 3422
2 3327
2 1144
1 3477
2 1133
1 673
2 647
2 1634
2 3127
1 2577
2 27
2 1647
2 392
1 1691
2 2816
2 2118
1 3564
1 848
1 1159
1 2179
2 2338
2 112
1 1986
1 1137
1 1451
2 1945
2 3424
1 851
1 3098
2 958
2 1985
2 3097
1 1804
2 765
1 3536
2 2309
2 1534
2 1786
1 2331
1 362
2 1846
1 777
1 2552
2 960
1 505
2 3054
1 3295
2 2677
2 2784
2 1013
2 2840
2 403
1 967
2 172
2 3402
2 1216
2 1904
1 270
2 481
1 1947
2 3529
2 1570
2 3210
1 105
1 6
2 3217
1 3629
2 3365
2 3213
2 619
1 3545
2 854
2 245
2 2781
1 1770
1 2685
2 1581
1 180
1 3443
2 2225
2 2954
2 2058
2 1078
1 89
2 2635
1 527
2 369
1 2539
2 710
1 3733
2 837
1 3672
1 424
2 2502
2 732
1 817
2 2205
2 1190
2 1832
2 2449
2 2542
2 3584
2 3422
2 1722
2 1482
1 1614
1 3735
1 578
2 535
1 2833
2 3278
1 256
1 2849
2 452
2 1034
2 2278
1 1450
2 575
2 2767
1 1107
2 2887
2 589
1 3798
2 3311
2 1619
1 1686
2 2636
1 3375
1 735
2 120
1 1911
1 40
2 2499
1 3152
1 392
2 1568
2 2746
2 3572
2 3463
1 3604
2 1642
2 455
1 3462
2 549
1 2736
2 2297
2 2815
2 2478
2 716
1 504
2 180
2 2389
2 3575
2 1221
1 467
2 3390
2 951
1 1916
1 2191
1 3582
2 1432
2 668
2 842
1 1269
2 3682
1 3042
1 763
2 3392
1 3642
1 385
1 1718
2 1047
2 732
1 3698
1 1402
1 1308
2 2109
2 1877
1 3116
1 1326
2 2859
1 1367
2 1582
1 970
1 270
1 362
1 1629
1 2793
1 3416
2 309
2 3417
2 265
2 2658
1 576
1 289
1 1596
1 1100
2 1259
1 2186
1 2630
2 872
1 3060
1 2335
1 847
1 1526
2 1187
2 1192
1 766
1 3694
2 3662
1 731
1 3615
2 866
1 218
1 2944
2 2504
2 3321
2 386
2 181
1 1408
2 1923
2 1510
2 3357
1 1437
1 1665
1 335
1 1782
1 598
1 2138
2 2532
2 926
1 652
1 3565
1 3620
1 3194
1 697
2 2472
1 338
1 488
1 1737
1 3366
2 1008
1 3285
1 908
2 496
1 319
2 1414
1 1198
2 3014
1 1972
2 1040
2 490
1 3041
2 933
1 1182
1 1911
2 3411
1 1756
1 745
2 1697
1 579
2 1763
2 2656
2 2148
1 591
2 986
1 1062
1 1716
2 829
2 3457
1 2956
2 791
2 853
1 3231
2 216
2 1303
2 3358
1 2664
2 2881
1 2063
2 1643
1 2364
1 3371
2 2796
1 1197
2 1234
2 852
1 2936
1 968
2 2713
2 1153
1 1019
2 964
2 3693
2 1858
2 1645
2 1594
1 953
2 2352
1 570
1 782
2 501
1 3730
1 2006
2 1351
2 3585
1 2763
2 3242
2 147
1 2919
2 3700
1 1837
1 2494
2 3649
1 3147
2 1122
1 610
2 421
2 3472
2 2964
1 799
2 3017
2 88
2 1917
1 2661
1 1089
1 1729
2 3647
2 3799
2 1822
1 3027
1 2702
2 1652
1 669
1 730
1 1421
1 3646
2 797
1 2537
1 779
2 484
2 2922
1 2761
1 1287
2 1883
1 2741
2 2226
2 3360
1 655
1 3151
1 2267
1 785
1 1069
1 112
1 204
2 2204
2 369
1 3220
1 3711
1 973
2 152
2 2082
1 3349
1 749
2 1897
2 1377
1 3788
2 3771
1 2729
1 2294
1 1861
2 3475
1 3130
1 1212
2 2165
1 3713
2 2134
1 742
2 1007
1 847
2 245
2 1511
1 3192
2 561
1 3624
2 2791
1 2809
2 1881
2 3207
1 859
1 1072
2 160
1 311
2 1508
2 3173
1 2406
2 2400
2 506
1 2315
2 2777
1 646
1 3768
1 3688
2 895
2 1233
1 775
1 1970
2 1486
2 480
2 1742
1 1346
1 3751
2 1815
2 1960
2 1191
1 3435
1 2002
2 2221
1 1365
1 1903
1 3197
2 3359
1 2704
2 1937
2 736
2 457
2 2030
2 1794
2 3432
1 899
1 1791
1 681
2 2798
2 2585
2 552
1 2323
1 2023
1 2734
2 3029
1 3386
1 2463
2 2176
1 1344
2 545
2 2412
1 613
2 909
1 1122
2 1990
1 285
2 1955
2 1486
1 1917
2 1610
1 3097
1 246
2 2338
2 1874
1 516
2 851
1 3466
1 2162
1 860
2 1628
1 3645
2 3750
2 32
1 239
2 1930
2 2588
2 608
1 2385
2 2853
2 1337
1 1225
2 1024
2 528
2 1929
2 29
2 2698
1 298
2 1706
2 3200
1 2014
2 2416
2 2263
1 2854
1 623
1 311
2 3609
1 2689
2 1777
2 2024
1 618
1 3660
2 446
1 3339
2 718
1 2805
1 430
2 313
1 3660
1 1618
2 3314
2 725
1 2866
1 1993
2 3002
1 1279
1 28
2 361
1 153
2 1230
2 679
2 136
2 33
2 994
2 3374
1 1787
2 1002
1 2231
1 455
1 2942
1 1296
2 3494
2 2122
2 1374
2 2434
1 3680
2 1340
2 213
2 527
2 3580
1 2384
2 433
2 3065
2 1221
1 3696
2 2931
2 2196
2 1817
1 636
1 2008
2 1560
1 2716
2 3018
2 3523
1 1808
1 1127
2 666
1 440
1 995
2 2459
1 2656
2 2964
2 3498
1 2385
1 3055
1 3548
1 2934
2 761
1 3090
2 1378
2 182
1 2251
2 1389
1 2199
1 1925
1 1595
1 2781
2 2834
2 1997
1 3056
2 2068
2 719
2 62
1 580
1 301
1 1110
2 155
1 1060
1 1254
2 233
2 2609
1 3711
2 2915
2 2200
1 1389
2 427
1 1275
2 3048
1 294
2 1003
2 3302
2 2619
2 1620
2 1094
1 1798
2 3172
2 3577
1 306
2 1167
1 1172
1 555
1 3235
2 1731
1 1412
2 1064
1 1554
2 154
2 1243
1 3212
1 2883
1 3363
1 1765
1 425
1 965
1 495
2 2580
2 1355
2 520
2 3613
1 168
1 2375
2 3400
2 430
1 1790
2 743
2 2946
1 2799
2 1055
2 1055
1 409
1 118
1 2441
2 2069
1 3142
2 235
2 2470
2 2313
2 3380
1 1695
2 3509
1 122
2 1712
1 2337
2 282
2 1449
2 1196
2 2580
2 1277
1 1094
2 284
1 2642
1 2860
2 1081
1 3223
1 2467
1 1835
2 3667
2 54
1 2851
1 1245
1 3489
1 3249
1 1796
1 3312
1 3562
1 3300
2 2962
1 2919
2 2614
1 3458
2 1214
1 2130
2 1499
2 1698
1 2290
2 1724
2 1268
1 556
2 3616
2 3067
1 3200
1 2779
2 3310
2 1845
1 3519
1 2774
1 411
2 1477
2 453
2 642
2 3092
1 1624
1 1272
2 374
1 3515
1 1681
1 3404
1 3733
2 441
2 2161
2 2924
1 3534
2 1058
2 1403
1 2465
2 2943
1 1135
1 2212
2 2337
2 1859
1 3514
1 3252
1 1618
2 718
1 2722
2 2778
2 2229
2 3785
2 3336
1 1755
2 1795
1 3536
1 2672
1 3669
1 2980
1 2516
1 993
2 2578
2 1943
2 1987
2 2184
2 1387
2 939
2 3135
2 2909
1 3464
1 2862
1 3453
1 2795
2 2373
2 351
2 3309
1 825
2 1480
1 2052
2 2782
2 2123
2 53
2 2310
2 719
1 2902
1 1641
2 3757
1 2606
2 584
1 3588
1 3
1 1515
1 1614
2 1673
2 106
2 1774
2 2343
1 3263
2 666
1 318
2 1606
2 3747
1 309
1 263
1 2813
2 1457
1 2795
2 1605
1 2876
2 2762
1 2329
1 1365
2 2168
1 1772
1 1370
1 1009
1 2391
1 2955
1 780
2 3765
1 437
1 3224
1 1324
2 966
2 2607
1 2181
2 2675
2 1548
2 3083
2 401
2 12
2 2372
2 2259
1 1088
1 1529
1 655
1 1533
2 1532
1 2471
2 1475
1 2921
1 535
2 330
2 1889
1 3072
1 1139
1 1827
1 1054
1 1728
2 2867
1 957
1 2985
1 922
2 2914
2 2911
2 2250
1 2935
1 2479
2 1106
1 2510
1 1304
2 3066
1 304
1 1260
1 670
2 3143
2 2003
2 1276
1 343
1 3103
1 1783
1 2231
1 3329
1 473
1 2578
1 2587
2 1157
2 2473
2 2135
2 2472
2 1329
2 1054
1 3502
2 1650
2 1473
2 1444
1 1237
2 995
1 1331
1 1438
2 1959
2 2482
1 2696
2 2700
1 1843
2 260
1 2372
2 2034
1 1521
2 2215
2 2646
1 3044
1 3324
2 2033
1 139
2 1606
2 1430
2 283
2 1562
1 193
2 1218
1 1102
2 984
2 1922
1 1140
2 1617
1 1737
2 1260
1 2680
2 2090
2 2691
2 2528
1 2703
2 135
2 316
2 945
1 469
2 2517
1 156
2 3633
1 90
2 2188
1 1462
2 3741
1 875
1 614
2 3073
2 3142
1 949
1 1530
1 2548
1 1212
1 2342
1 1536
2 1988
1 1373
2 2201
1 2295
2 2602
2 1986
2 1693
1 2976
2 3013
1 1687
2 3560
1 3178
1 2376
2 3730
2 1635
2 1327
1 867
1 462
2 3712
1 742
2 537
2 1208
2 2415
1 531
2 3727
2 1915
2 2950
2 3057
1 914
1 997
2 3184
1 1203
1 3191
2 1025
1 3375
1 1642
2 974
1 1314
1 689
2 1022
1 2501
2 2209
2 1290
1 3571
1 2380
2 983
2 3221
2 3591
1 412
1 1519
1 2797
2 1781
1 1309
2 2894
1 127
2 574
1 450
2 3062
2 1669
1 271
2 365
1 1703
2 2589
2 2317
2 850
2 3496
2 3270
2 1205
2 3413
2 784
1 2494
2 1952
1 2371
1 3155
1 607
2 626
1 1139
2 2830
2 3276
1 3405
2 2423
1 3752
2 2717
1 66
2 2939
2 3197
2 2591
1 163
1 1657
1 2849
1 2769
1 2303
1 1336
2 277
2 458
2 3771
1 1639
2 1103
1 2948
1 3198
2 1372
1 2721
2 555
2 1307
1 3261
2 676
2 2835
2 3341
2 432
2 751
1 862
2 3482
2 800
2 332
1 3194
2 390
1 729
1 2054
2 2037
1 2712
1 3299
1 2831
1 1552
2 842
1 2995
2 2195
1 104
1 2828
2 3484
1 1416
2 3457
1 862
2 1869
2 1760
2 3523
2 223
1 704
2 102
2 954
2 2846
1 189
2 2780
2 1219
2 256
2 2013
2 448
1 2730
1 514
1 2348
2 728
2 2254
1 934
2 49
2 3627
1 149
2 1095
2 3094
1 2544
2 3077
1 3605
1 783
1 3618
2 148
1 2299
2 2187
1 440
1 3574
1 1674
1 3316
2 2071
2 2864
1 996
1 675
2 1335
2 769
1 2387
2 2253
1 466
2 115
1 2715
1 198
1 1920
1 1542
2 1078
2 3774
1 912
1 2601
2 1010
2 415
2 2363
1 2365
1 3767
1 1174
2 3133
1 146
2 1294
2 754
1 3552
1 3313
2 1590
2 2831
2 1589
2 2932
2 1771
1 2257
2 3299
2 2406
1 1668
2 3546
2 1382
1 286
2 3315
1 1452
2 1168
2 2426
2 1723
2 1133
1 1302
1 2219
2 3113
2 297
1 750
2 521
1 441
2 1658
2 1210
1 693
2 1933
2 906
2 3080
1 3190
2 2466
2 3290
2 48
1 1162
2 3086
1 3149
2 2876
1 1250
1 3553
1 1503
2 1502
2 2020
2 3052
1 2229
1 3740
2 2978
1 2644
1 915
1 3031
2 1321
1 1956
2 682
1 558
2 3472
1 1328
1 3167
2 942
2 979
1 2693
2 3724
2 961
2 501
1 1893
1 474
2 1633
1 126
2 2295
2 1135
2 2826
1 1682
2 51
1 517
2 370
1 1101
2 3071
2 1187
2 2620
1 1319
2 476
1 1870
2 3332
2 1978
2 1905
2 1363
2 3578
2 2901
2 2605
1 356
1 1850
2 1706
1 2140
1 883
1 627
1 1288
2 2827
2 167
2 1270
1 2410
2 63
2 2396
1 1818
1 291
1 2307
1 2650
1 2158
2 2077
2 1659
2 3584
2 2085
2 590
2 1404
2 231
1 2897
2 3226
1 1413
2 2133
1 1248
1 861
1 2865
2 898
2 8
1 1466
1 2760
2 3148
1 1116
2 3131
2 890
1 3664
2 2185
1 2771
2 3493
1 2066
1 134
2 637
2 277
1 3301
1 2425
2 3683
1 2633
2 2125
2 1230
2 322
2 289
2 542
1 1848
2 1227
2 389
2 1106
2 46
1 1565
2 1216
2 1226
1 1825
2 2632
2 1611
2 1673
2 3697
1 2228
2 1701
1 255
1 1425
1 1154
2 3738
2 3087
2 3161
2 2926
1 386
2 698
2 1123
1 267
1 283
1 731
1 2538
1 2123
1 3665
1 1191
2 540
1 2905
1 551
2 3229
2 756
1 2346
1 205
2 947
2 3091
2 1541
1 3408
2 272
2 3271
1 1588
2 3342
1 1456
1 1927
1 2009
2 1748
1 3575
2 197
1 193
1 68
2 500
1 1692
1 2177
2 2546
1 2979
1 3473
2 2615
2 3732
1 3474
1 3325
2 1668
2 2519
2 1044
1 3219
1 3346
1 1533
2 194
2 184
1 2527
1 857
1 2895
2 902
1 1378
2 2136
2 3206
1 2508
1 1205
1 1644
2 1923
1 491
2 1509
2 36
1 2829
2 3479
1 3334
1 1011
2 897
2 290
1 3124
2 2444
2 86
2 2952
1 1854
1 766
2 2151
1 234
1 2951
1 3215
2 1497
1 1099
2 1388
1 881
2 874
2 1070
2 2504
2 2168
2 946
1 384
1 3696
2 305
2 3064
1 795
1 1603
2 2126
1 2465
1 3736
1 3640
1 1261
2 1186
2 1218
1 1866
2 1565
1 1946
1 3689
2 819
1 2077
1 3415
2 2869
2 1455
2 3491
1 3549
2 138
2 1810
1 1307
1 534
1 1472
1 1201
1 1608
2 3732
1 1062
1 2210
2 1552
1 2322
1 2457
1 2585
1 2
1 3320
1 166
2 3399
2 1414
2 3636
2 1992
2 2
2 1993
1 585
2 2745
2 1696
1 3258
2 2386
2 904
2 1977
1 321
1 1796
1 493
1 3383
1 1148
1 357
1 317
2 488
1 789
1 2933
1 1494
2 1278
1 3043
2 183
2 2758
1 3790
1 1359
1 1892
1 287
1 251
1 1744
1 2112
1 1823
2 3547
1 3127
2 699
2 664
1 479
2 2416
2 1439
2 315
1 74
1 991
1 18
2 3462
1 2674
2 2349
2 3445
2 1115
1 33
1 1349
1 3784
1 1758
2 2167
1 3010
1 2418
1 1914
1 107
2 3717
1 2044
2 1379
2 2339
2 3179
2 1865
2 23
1 2961
1 2507
1 2283
1 2027
2 2287
2 3592
2 1953
1 2394
2 3260
2 2891
1 2517
1 3561
2 3115
2 1539
1 1433
2 1662
1 3138
2 374
1 653
1 1298
2 3048
1 2243
2 3467
1 923
2 2426
2 1728
1 3278
1 434
1 2727
1 2369
2 952
2 413
2 470
2 1971
1 463
1 1056
2 373
2 451
1 3270
2 707
2 257
2 482
2 747
2 3500
1 635
2 2793
1 1902
2 3533
1 1571
2 2194
2 1665
1 2864
1 1727
2 1397
1 2971
1 187
2 2804
1 772
1 2888
1 1067
2 278
2 3265
1 3678
2 1982
2 3305
1 930
2 1803
1 1244
1 3081
2 2972
2 2252
2 2326
1 2064
1 2344
1 2705
2 219
2 834
2 175
1 381
1 3738
2 1235
2 2113
2 3008
2 1812
2 3371
2 1333
1 2583
1 2600
2 2536
1 1935
2 2958
2 1386
2 1363
1 2400
1 1160
1 424
1 2775
1 2855
1 124
2 1645
1 1894
1 410
1 1215
2 2869
1 2474
2 3508
1 2726
1 2242
2 407
1 1666
1 375
2 3566
1 3766
2 2559
1 3539
1 2953
1 9
1 1258
2 943
2 491
2 1086
2 462
1 3221
2 2018
1 2191
1 2708
2 2648
2 1334
1 2699
1 3430
2 2474
2 724
2 1605
2 287
2 2681
1 417
2 2757
2 395
1 3417
1 2772
1 2432
2 612
1 3050
1 790
2 3189
1 532
2 1354
2 3357
1 3152
1 56
2 2820
1 3505
2 1269
1 1087
2 3333
2 2872
1 691
2 2654
1 1798
1 1445
1 1776
2 288
1 2724
1 94
2 2120
2 2965
2 3608
2 3256
2 1842
2 3631
2 185
1 750
1 3300
1 1234
2 271
1 2360
1 1852
1 1357
1 1535
2 147
1 2124
2 3070
2 2560
1 3346
1 1485
2 1252
2 2817
1 2556
2 853
2 1242
1 2248
2 109
1 1297
1 1898
2 2545
1 1677
2 2129
1 877
2 946
2 1487
2 52
1 361
2 154
2 763
2 3322
1 858
1 3558
1 3663
1 2970
1 1856
2 778
2 2543
2 1857
2 602
2 1291
1 1804
2 3784
2 3606
1 22
1 2220
1 3527
2 2464
2 2907
1 505
2 2005
2 1928
1 2969
2 2929
2 2583
1 1802
1 123
1 2848
2 75
1 615
2 1800
2 3007
1 3288
2 1442
1 758
1 1301
1 45
2 3452
1 3079
2 86
2 2498
2 3721
1 1490
2 2856
1 2415
1 1086
2 3347
2 3274
2 2748
1 1422
2 2414
2 987
2 2790
2 3011
1 1406
2 2523
2 145
2 2320
2 1936
1 915
2 1809
1 1448
1 1600
2 616
1 1001
2 1938
1 2127
2 493
1 3790
2 928
1 2614
1 3466
1 2461
2 3720
1 2049
1 956
2 2322
1 1964
1 3139
1 3430
2 1491
1 398
1 1500
1 97
1 2383
2 3089
2 2865
2 1649
1 166
2 694
1 226
2 1250
2 347
2 962
2 1243
1 1790
2 1127
1 3604
2 1156
1 2490
1 2666
2 808
1 2240
2 117
1 762
1 2088
2 533
1 95
1 1396
2 471
2 599
2 276
2 1829
2 1181
2 2770
1 1208
1 3706
1 3749
1 1490
2 3016
1 2396
1 875
1 3396
2 232
1 1057
1 739
1 3525
2 405
2 747
2 1688
2 2996
2 2433
2 2343
1 1244
1 2618
1 1845
2 3260
1 3621
1 1855
2 3103
2 223
2 1076
1 3393
1 961
2 483
2 1400
2 3791
1 3476
2 868
1 349
1 3762
2 3504
1 1410
2 342
1 190
2 414
2 3625
2 1026
2 174
2 2091
1 2695
1 623
1 3222
2 3026
2 1315
2 2525
1 589
2 554
1 225
1 625
2 3248
2 1150
2 329
1 3403
2 1085
1 460
2 2277
2 2223
2 327
2 2068
1 2688
1 1209
2 2640
2 3712
2 2304
1 206
1 3292
2 1700
2 3192
2 435
2 1811
2 113
2 3353
2 2146
2 1420
2 2603
2 1660
1 327
2 93
1 3521
1 2215
2 2070
2 1119
1 647
2 3095
2 1824
2 1537
1 3334
2 1418
2 2967
1 3365
2 3776
2 3722
2 2425
1 1073
2 1962
2 318
2 3266
1 1504
2 3708
2 2968
2 2944
2 2757
2 2216
2 2208
1 3158
1 3195
1 3057
2 1465
1 3709
1 2402
2 2541
1 1065
2 2713
2 1981
1 1547
2 776
1 2169
1 59
1 3245
2 3076
2 1622
1 1270
2 1292
1 2254
1 1855
1 3489
2 2673
1 1199
2 2825
1 315
2 94
2 587
2 3544
2 606
1 1303
1 3641
2 3361
1 3431
2 2235
2 639
1 616
1 71
1 1071
2 497
2 3196
1 254
2 1868
1 1918
2 621
1 1015
1 2342
2 553
2 1540
2 2917
1 248
2 620
1 2286
1 1007
1 1279
1 657
2 1467
2 2551
2 3307
1 2392
2 3014
1 472
2 1878
2 366
1 2301
1 2351
1 3624
1 2685
2 1274
2 2501
1 3241
2 3117
2 2705
1 568
1 3134
1 2114
1 3722
1 2754
2 1864
1 2841
2 924
1 156
2 921
2 3528
1 564
1 3515
1 1213
1 3361
1 3022
2 3431
2 704
1 1563
2 2613
2 2827
2 192
2 526
1 2800
2 817
1 1046
2 1575
1 1232
2 116
2 3348
1 3105
2 2053
2 2725
1 2510
2 2464
1 3317
2 799
2 1338
2 3111
2 2143
2 2975
2 2500
1 3259
1 2597
1 2083
1 2853
2 1929
2 3596
2 2850
2 97
2 3469
1 2576
2 3581
1 3623
1 3168
2 305
2 885
1 1468
1 2807
1 3446
1 586
2 1046
1 524
2 3714
1 700
1 2532
1 2445
2 2203
1 3692
1 513
1 2514
2 65
2 633
2 1954
1 3495
1 3673
1 499
1 442
1 1105
1 2073
1 1762
2 3611
2 2483
2 3202
1 854
2 39
2 2569
1 802
2 1037
2 64
1 2873
1 612
1 2694
1 2354
2 3332
1 1413
1 1123
1 3461
1 2284
1 3648
2 269
1 3534
2 1752
1 760
2 275
2 1154
1 3587
1 1327
1 2750
1 3246
2 1974
2 2289
2 3061
1 3003
1 3040
2 3650
2 176
2 2104
2 261
1 911
1 3047
1 3643
2 275
2 3416
2 3453
2 2907
1 61
1 3049
1 887
1 20
1 1026
2 3243
2 2575
2 1021
2 529
1 2325
1 1145
2 2893
1 2423
1 2528
1 2990
2 2001
1 3721
1 3335
1 2217
1 2051
2 2928
2 2690
1 2436
2 1580
1 928
2 657
2 1449
2 757
2 1326
2 1114
2 3737
1 2896
2 1679
2 3074
1 459
1 2310
1 1853
1 3729
1 1164
1 954
2 1985
1 1818
2 3497
2 2116
2 350
2 2163
2 1820
1 241
1 1178
2 3699
2 3284
2 2087
2 3659
1 1730
2 1834
2 1069
1 2597
2 2407
2 1746
1 93
2 2398
1 1899
1 2363
2 2448
2 3700
2 977
2 2096
2 2347
2 1566
2 1372
1 861
1 2825
2 1789
1 3558
2 2923
1 2599
2 110
1 3350
2 3135
2 1711
2 2573
2 477
1 2722
1 677
2 2584
1 1663
1 2634
1 2355
1 542
2 1311
2 128
1 2187
1 3557
1 1207
1 60
1 57
1 759
2 3635
1 773
2 16
1 82
1 879
2 517
1 1176
1 3695
2 2721
2 1619
1 723
1 1873
2 3765
1 1169
2 2828
1 2739
2 458
2 2482
1 2073
1 3653
2 3110
1 575
2 221
1 2922
1 3047
1 2228
2 2971
1 2804
2 1763
1 671
1 2505
2 2566
1 2592
1 3129
1 2292
1 948
2 3688
1 958
1 399
1 3780
2 1838
1 2130
1 2650
1 1039
2 2478
2 3183
2 2902
1 2094
2 3755
1 1478
1 1199
1 2010
1 1430
1 3178
2 1431
2 3070
2 2930
2 3757
2 3769
2 1305
2 2134
2 889
1 636
1 3164
1 3684
1 1129
2 55
2 1265
1 2526
2 34
1 168
2 38
2 1869
2 2712
1 3188
2 3378
1 2496
1 3055
2 439
1 1628
2 2599
1 3675
2 2764
2 3753
2 1286
1 2516
1 142
1 3342
2 303
2 3502
2 1664
1 3039
1 1714
1 3447
2 1904
2 1921
2 790
2 31
2 1331
2 2199
1 2591
2 3586
1 1010
2 3246
2 2852
2 503
1 2596
2 234
2 1419
2 3725
2 378
2 1591
1 2089
2 3380
1 1399
2 454
2 133
1 388
1 2924
2 1301
1 1829
1 3349
1 1573
2 10
1 2312
1 2262
2 2080
2 214
2 2017
2 939
2 1330
1 2424
2 2999
2 3364
2 2405
1 2557
2 1371
2 3764
1 1351
2 139
1 3556
2 3756
1 3543
1 3731
2 1512
1 1401
1 2840
1 792
2 3795
2 2882
2 3568
1 3209
1 2774
2 1332
2 446
1 3101
1 2892
2 1249
1 2092
1 2863
1 2085
2 2609
1 2048
2 2484
1 2732
2 1833
2 1098
1 1788
1 3494
1 2368
1 2718
2 2966
2 1459
2 3330
2 1674
2 2007
1 266
1 3267
2 2811
1 3719
2 133
1 1554
2 3671
2 2704
2 3703
1 2544
1 1709
1 1521
1 1705
1 2442
1 1103
2 518
1 905
2 599
2 2551
1 3429
2 2807
1 2634
1 1132
1 3541
1 2562
1 2988
2 2255
1 1821
1 626
1 212
2 683
2 3530
2 58
1 2923
1 2632
2 2152
2 3441
2 539
2 2435
1 475
1 3509
2 582
2 1438
2 3613
2 2183
1 1636
2 1029
2 380
2 2057
1 1033
2 2556
2 3638
2 1434
1 1568
2 213
1 3163
1 406
2 1471
2 1126
1 3517
2 3602
2 556
2 2661
1 1974
1 1922
2 2792
2 941
2 935
2 473
1 474
2 2036
2 1741
2 419
1 117
1 2894
2 1625
1 1916
2 746
2 2691
2 1222
1 70
1 3754
2 74
2 404
2 2736
2 2296
1 2393
2 1805
1 1009
1 2171
2 204
2 2193
2 2566
1 692
1 1283
1 2196
1 2915
2 337
1 824
1 3372
1 3174
2 2364
1 1439
1 2267
1 629
1 836
1 3150
2 2643
2 2239
2 2981
2 1129
2 2189
1 2687
1 2054
2 2756
1 1682
2 2428
2 2686
1 3174
2 375
1 1945
1 3718
2 1878
1 583
2 831
1 2529
1 1563
1 1601
1 2386
2 3565
2 3351
1 3283
2 910
2 886
1 1797
1 261
1 794
1 301
1 859
1 2861
2 2903
1 1149
1 1147
1 3483
2 920
2 2630
1 2821
1 3456
2 2610
1 2927
1 1827
2 656
2 2530
1 5
1 1018
2 2657
2 2801
1 295
1 1831
2 3617
1 2361
1 2365
2 3182
2 1851
2 1356
2 3212
1 423
2 1163
2 3107
1 2904
2 2555
2 259
1 879
2 2493
2 2777
2 1000
2 37
2 1014
1 1655
1 2697
1 3123
1 3739
1 48
1 1099
2 2440
1 1065
2 945
1 992
2 916
2 1452
2 3725
2 2749
1 2173
1 3797
2 1768
1 1802
2 935
2 3476
1 1434
1 3506
1 2837
2 563
1 528
2 429
1 1536
2 418
1 746
1 2177
2 1549
2 3419
1 175
2 2808
2 11
2 2238
1 295
1 2118
1 2431
1 2458
2 3385
1 2047
2 1391
2 1424
1 1957
1 1403
1 2256
2 2028
1 2351
1 722
2 2973
2 3449
1 3773
2 2569
2 3107
1 3113
1 3479
1 2570
1 2829
1 1059
1 3518
1 2805
1 1341
1 2611
2 892
1 1638
2 3433
2 268
1 487
2 2282
1 1709
1 2357
2 3331
1 1384
2 326
2 998
1 1961
2 2398
2 705
1 412
2 2087
1 1921
2 2677
2 3440
2 2149
2 914
2 2253
2 1085
1 3450
1 61
1 236
2 2422
2 3173
2 2993
1 800
1 3167
1 164
1 716
1 2388
2 672
1 1973
1 720
1 2801
2 1448
1 1417
1 2824
1 2651
1 2327
2 3367
2 3147
1 856
1 1519
1 3500
1 786
1 840
2 2495
2 2898
2 2729
2 3648
1 1799
2 1934
1 2513
2 617
1 3586
2 2845
2 3022
1 1722
2 1207
1 1035
1 3666
2 495
2 1177
1 2622
2 444
1 2321
1 1091
2 136
2 748
1 3410
1 2019
1 2552
2 3395
1 925
1 2282
1 880
1 857
1 3650
2 1778
1 151
2 454
1 3701
1 129
1 2439
1 1509
1 2511
1 2381
2 3413
1 3226
2 845
2 1517
1 1862
2 1355
2 215
1 1897
2 3723
2 3160
2 80
2 3514
2 823
2 2259
1 815
2 1680
1 1023
1 2592
2 1023
2 2274
1 15
2 620
2 3061
1 2584
1 1559
1 489
1 95
2 3653
2 3068
2 1246
1 1950
2 1447
2 2977
1 3005
1 108
2 340
2 3480
1 2948
2 3157
1 1193
2 2563
2 2137
1 91
1 2413
2 3614
1 3655
1 628
2 354
1 2100
2 793
2 340
1 3767
1 808
1 767
1 3429
2 563
1 3563
1 3755
1 780
1 3264
1 1081
1 1423
1 1313
2 21
1 2925
2 3503
2 942
2 1836
2 2206
1 2792
1 1562
1 3524
2 3218
1 3290
2 299
2 1217
2 1753
1 2817
1 3542
1 2633
1 3770
2 1670
2 355
2 724
2 1226
2 307
1 2810
1 2456
2 434
2 1906
1 1420
2 3324
2 1022
1 3595
2 3781
2 209
2 932
2 3340
1 3356
2 322
1 3237
2 368
1 3484
1 2378
2 2983
1 17
1 2053
2 329
2 2972
2 358
2 3268
1 3136
1 3607
2 1338
1 2787
1 2740
2 2760
1 249
1 813
1 1658
2 3165
2 1750
1 1318
2 2637
2 3467
2 2581
1 1008
1 2879
1 3493
2 3052
1 1118
2 1200
2 2100
2 1516
2 1152
2 449
1 522
2 456
1 3051
2 544
1 1744
2 3075
1 3005
2 2015
2 1882
2 2127
2 830
1 127
1 339
1 2851
1 279
2 3166
1 2481
2 1114
2 1393
2 1252
1 2476
2 1381
1 708
1 721
2 2430
1 1894
1 3439
1 2232
1 2328
1 3764
1 3708
2 2522
2 578
2 2561
2 1214
2 3776
1 1125
2 2593
1 1359
2 3210
2 1482
1 3347
2 1473
1 2687
1 99
2 3652
2 1786
2 2093
1 80
1 1983
1 962
2 2404
1 3232
2 2878
2 1575
1 1348
2 1358
2 2988
2 3421
1 2350
1 468
2 1716
1 2368
1 1325
1 2678
2 2754
2 416
2 2824
1 2128
2 1025
1 980
1 49
2 197
2 1773
2 2345
2 1729
2 2029
2 2020
1 1931
2 603
2 2759
1 3631
2 2984
2 1088
2 1846
1 100
2 200
2 2697
1 210
2 3137
2 2642
2 1707
1 884
2 3161
2 87
2 1888
1 1483
1 2114
1 2402
1 2572
2 1594
2 951
2 2493
2 2371
1 1748
1 981
1 2952
1 2072
1 810
1 2419
2 2743
1 2563
2 2725
2 3362
1 3682
2 764
1 3480
1 1841
2 3607
1 2245
2 3464
1 1924
1 1047
1 2797
2 2560
2 909
1 2035
1 986
2 448
2 323
1 3569
2 253
2 3680
1 631
1 604
2 1967
2 2783
1 3158
2 1550
1 1991
2 1107
2 328
2 2899
1 1077
1 227
2 821
1 2683
1 2638
1 2086
1 2883
2 930
2 1617
1 2102
2 3059
1 2220
1 3024
1 722
1 2960
1 1367
1 1849
2 437
2 1266
1 3566
1 2967
2 1073
2 2743
1 1900
2 2878
2 2093
1 1579
2 1488
1 1754
1 1803
1 70
2 341
1 2938
1 844
1 893
2 3261
1 1948
1 2106
1 3504
2 607
2 2758
1 2857
1 1255
2 1808
1 3011
1 293
1 230
1 178
2 3042
1 1836
1 3538
2 1623
2 1251
2 2776
1 3033
1 83
2 1004
1 2486
1 2858
2 2974
1 3499
1 1941
1 100
1 2518
2 2336
2 3598
2 3496
2 2404
1 767
2 3304
2 328
2 343
2 3418
1 519
2 985
2 325
2 810
2 755
2 3112
2 3093
2 2382
1 2025
2 1121
2 2927
1 832
2 2639
1 762
1 2016
1 2764
2 591
2 1970
2 1063
1 1282
2 3703
2 370
1 1534
1 567
2 2096
2 1031
2 1257
1 645
2 3075
2 3164
1 3383
1 3081
2 3108
2 2654
1 3390
2 744
2 3524
2 3185
1 940
1 201
2 1500
1 1646
2 477
1 648
1 2453
1 2872
2 2274
2 3316
1 334
1 42
1 253
1 2468
2 3652
1 3396
2 3046
1 2747
1 2358
2 754
2 250
1 198
2 3386
2 259
1 2959
2 2526
1 3015
1 35
1 2606
1 509
1 3488
2 3169
2 2084
2 1454
2 2531
1 2802
1 1646
2 3038
1 2279
2 795
1 2586
2 466
1 895
1 3744
2 3483
2 2141
1 2344
1 1574
2 3570
2 324
1 2916
2 364
2 1087
1 927
2 3095
1 2321
2 1020
2 1543
2 9
1 557
1 241
2 134
2 2933
1 1383
2 1914
2 1752
2 1767
2 2836
1 2108
2 1544
2 3089
2 3254
2 25
2 554
2 2667
1 1939
1 326
2 3793
2 3759
1 76
1 2732
1 2194
2 717
1 1296
2 3463
2 1678
1 2315
2 1409
2 393
1 1368
1 216
2 3128
2 2586
2 825
2 2839
1 863
1 401
2 3273
2 1764
2 382
1 1064
1 922
1 2975
1 3204
1 472
1 714
1 2440
2 2446
1 2646
2 2751
2 2183
1 1989
2 3250
2 2669
2 1
2 3385
2 2994
1 2099
2 1390
2 3121
1 3109
1 2103
1 2926
2 1725
2 2810
2 1630
2 1546
2 2034
1 2027
2 3196
1 227
1 990
2 2678
2 2674
2 108
2 1450
1 806
2 465
1 2332
2 3568
1 3102
1 1749
2 2487
2 2507
2 141
2 2273
2 3589
2 3211
2 2216
1 2719
1 2684
1 195
2 1927
2 3621
2 2049
2 2255
1 1178
2 1171
2 1231
1 1313
1 3774
2 3779
2 3046
1 2235
2 257
2 1478
1 3579
2 478
1 1271
1 3326
2 2768
1 2901
1 552
1 1653
1 460
1 3216
1 2105
1 1710
1 3710
2 3510
2 932
2 2040
2 2026
1 1664
1 1225
1 2395
1 3273
2 1353
1 1651
1 2761
1 2016
2 2293
1 838
2 114
2 2111
1 1549
2 2298
2 751
1 1715
2 2075
2 2638
1 2787
2 2180
1 876
2 1128
2 1343
1 3085
2 3521
2 2762
1 2131
2 509
1 587
2 3037
1 1124
2 363
2 2513
1 1599
2 1253
2 2843
2 1912
2 828
1 953
2 150
1 2910
2 1717
2 3114
2 1283
1 2884
2 102
2 3632
1 3156
1 173
2 3603
2 768
1 2941
2 3618
1 482
1 2665
1 11
1 3679
2 164
1 3635
1 3626
2 3481
1 2104
1 3474
1 2088
1 580
1 3675
1 1865
2 2711
1 1293
1 737
2 1498
2 3251
2 3487
2 1994
2 1075
1 2452
1 2647
1 2079
1 408
2 1550
1 2304
1 3533
1 1066
1 1881
2 2037
2 1893
2 2197
1 3770
1 439
1 1643
1 2928
1 1411
2 3789
1 3750
1 1136
2 543
1 199
2 3124
1 3597
2 1833
1 1957
2 1446
1 1029
1 3039
2 583
1 2744
2 417
1 2004
1 2639
2 3131
2 3387
2 863
2 2236
1 1891
1 484
1 1341
1 2242
1 185
2 2203
1 1048
2 593
2 1946
1 1826
1 186
1 1223
1 1522
2 1863
1 3280
2 2491
2 469
1 2249
1 627
1 1573
1 1702
2 2466
2 443
2 3475
2 88
2 1583
1 1427
2 3539
1 3364
2 3486
1 242
2 1891
1 46
2 3189
1 1157
2 3247
1 3327
1 2813
1 54
2 605
1 658
1 212
2 1235
1 848
1 2481
2 2675
1 313
1 3450
2 203
1 602
1 3201
1 594
2 2886
2 2117
2 2102
1 1477
2 290
1 1961
1 2790
2 2728
2 818
1 3314
1 2427
1 407
1 2121
1 2979
2 3540
2 1712
1 115
2 217
1 2676
1 1366
1 1900
1 2753
1 3372
2 3662
1 1787
1 1463
1 2222
2 3397
1 1152
2 2538
2 1222
1 2645
2 1734
1 770
2 3378
1 687
1 1138
2 2264
1 1458
1 3184
2 3219
1 1436
2 262
1 2434
1 2643
2 1240
1 1610
1 391
2 640
2 787
2 2101
1 869
2 1113
1 3009
2 13
2 2752
2 2608
2 3231
1 121
1 3669
1 975
1 3550
2 2896
1 1853
1 989
1 1399
2 896
2 2330
2 3262
1 891
2 920
2 2949
2 868
2 419
2 1982
2 1711
1 3140
1 1511
1 519
2 661
2 237
2 333
2 1076
1 886
2 3786
1 713
2 511
1 1136
1 734
1 2682
1 409
2 2246
1 2086
1 2388
1 600
1 3404
1 244
2 125
1 771
1 2788
1 1322
2 3456
1 1149
1 649
1 601
1 654
1 877
2 1871
1 3691
1 1445
1 3796
2 1784
2 3424
1 597
2 1112
1 624
1 131
2 3786
1 2608
2 378
2 2625
1 3203
1 260
2 1840
1 2059
2 2327
2 2974
2 1460
1 3498
2 2628
2 3326
2 923
2 672
2 1285
1 2741
2 3434
1 937
1 968
1 1165
2 2143
2 611
1 2435
2 123
2 486
1 2868
2 2450
1 1890
2 158
2 1926
1 390
2 3187
2 3793
2 643
2 2489
1 1747
2 1091
2 1578
1 3308
2 1498
2 826
2 1837
1 2076
1 1247
2 3176
2 2707
2 3207
1 2662
2 137
1 2618
2 2647
2 1465
1 1042
2 3519
1 3068
2 3709
2 2739
1 917
2 3690
1 2318
2 2387
2 581
2 2480
1 864
2 3787
1 296
2 1051
1 1053
1 1868
2 1959
2 3106
1 1981
2 3471
1 3445
2 659
1 2981
2 2870
2 2460
1 57
1 1888
1 3747
2 3096
2 3673
2 899
1 2109
2 1715
2 3009
1 220
2 3596
2 2873
2 43
2 2485
1 2943
2 2765
2 1156
1 649
2 2268
1 400
2 2224
2 3553
2 224
2 2050
1 878
1 2045
1 2958
1 559
2 2460
2 3599
1 2939
2 1409
2 803
1 3294
1 1769
1 2263
1 2541
2 447
1 1015
2 3683
1 26
2 667
1 1704
2 1444
1 2535
2 944
2 937
1 3340
1 3288
2 2994
2 3582
2 3656
2 247
2 2660
1 2688
1 3049
2 3459
2 702
2 336
2 3043
1 3772
1 744
1 1346
1 2291
1 835
2 806
1 68
2 1567
2 3233
1 2823
2 628
2 1704
1 3301
1 3561
2 3715
1 2770
1 972
1 3799
2 2153
2 642
2 2394
1 3185
2 1627
1 593
2 1342
2 3441
2 1742
2 6
1 2280
1 609
1 77
1 1116
1 3544
2 306
1 2625
2 1661
1 703
1 281
2 1830
1 1096
2 944
2 1442
2 911
2 218
1 2665
2 1406
2 3355
1 3289
1 1401
1 1814
2 41
1 2370
2 238
2 1795
1 1128
1 2782
1 798
1 2561
1 2439
1 2065
1 2773
2 2808
1 3451
2 2838
2 3600
1 1041
2 1282
1 739
1 873
1 1502
1 3695
2 2128
1 564
2 3160
2 2936
1 1756
2 2301
1 1202
1 62
1 2293
2 82
2 3587
1 3328
2 2794
2 1772
2 538
1 838
1 2256
2 60
1 1479
1 2476
1 1604
2 2317
1 600
2 2616
2 2682
2 3785
1 2224
1 2910
1 2997
2 717
2 1963
1 264
1 2557
2 1797
1 1960
2 1634
2 377
1 845
1 3062
2 116
1 3073
2 3056
2 3517
1 1622
2 2779
2 3469
1 2850
2 648
2 3406
2 2766
2 1120
2 3169
2 376
1 3125
2 2746
2 1224
1 1019
2 3705
2 2271
1 2420
2 2874
1 566
1 2334
2 502
1 931
2 2492
2 1880
1 1162
1 1262
2 1598
2 2571
2 910
1 1685
1 707
1 565
1 2991
1 1470
2 727
1 2357
1 2000
2 3232
1 1691
2 681
1 2547
2 258
2 1581
1 2895
2 1615
1 2550
1 2019
2 1576
2 2961
2 3298
1 3114
2 835
1 1319
2 2150
1 1121
1 2527
2 1425
2 3279
1 3758
1 3182
2 3306
2 3156
1 2945
1 346
1 723
1 1223
1 3761
2 3634
1 1440
2 966
1 2657
1 3772
1 1863
2 804
2 1382
2 2074
1 1884
2 2000
2 3206
2 124
1 1933
1 3745
2 1102
1 3186
2 2214
1 1377
2 2841
2 383
2 1875
1 2613
1 823
1 2796
1 2669
2 1683
1 3428
2 1847
2 3080
2 2567
2 786
2 1170
2 2992
1 2132
1 696
2 1267
1 3140
2 338
1 3245
2 2324
2 179
1 720
1 984
1 2376
1 1231
2 2947
1 2519
2 1206
1 2336
2 2759
1 2258
2 3763
2 3254
2 191
1 2891
2 1632
1 2834
2 3478
1 3092
2 3407
1 371
1 345
1 929
2 1942
1 1392
2 1559
1 1239
1 907
2 3187
2 3000
2 1683
1 660
2 247
1 24
1 1980
1 3329
2 1692
2 573
2 3542
2 1151
1 3033
2 2281
1 3281
2 2626
1 364
2 3454
1 3122
1 1171
1 1641
1 1386
2 3555
2 1428
1 1432
2 1903
2 2294
2 3271
1 3321
1 1483
2 3170
1 132
1 567
1 38
1 1781
2 3382
2 2812
1 3217
2 2172
2 2595
2 816
1 3218
1 2700
1 125
1 2095
2 549
1 3121
1 379
1 1300
1 79
1 403
1 2553
2 3318
2 683
2 2237
1 72
2 3567
2 2784
1 2568
1 3216
2 2272
2 323
1 2568
2 1120
2 560
1 432
2 998
1 487
1 3367
2 3181
1 728
1 2033
1 1537
1 891
2 3699
2 2469
2 7
2 919
1 3335
1 605
2 1345
2 22
2 3368
1 510
2 1872
2 3264
2 1082
2 2230
1 2277
2 3478
2 1561
1 2055
1 3151
2 2701
2 1684
1 101
2 1607
2 2766
1 3570
1 3687
1 603
1 492
1 208
1 1097
2 974
1 2005
2 650
1 1524
2 2136
2 2906
1 3595
1 3363
2 2137
1 3623
2 773
1 1675
2 351
1 893
2 3177
2 3204
2 3019
2 1294
2 1809
2 39
1 2753
1 44
1 645
2 2640
2 525
2 1609
2 3455
2 1108
2 1506
1 2441
2 2520
1 2554
2 2175
2 231
1 2723
1 353
2 2424
1 3132
1 1090
2 550
1 58
1 2266
2 1034
1 638
2 1864
1 2455
2 324
2 901
1 550
2 1232
2 2644
2 753
2 3415
1 1241
1 2806
1 1648
2 2755
1 41
1 336
2 725
2 2078
2 111
2 2245
2 1992
1 3477
2 3628
1 2081
1 2456
1 3171
1 2564
2 3362
1 2403
1 2565
1 678
2 2714
1 2356
1 1717
2 1394
2 1556
2 3437
1 3205
1 2852
2 233
1 98
1 2767
1 2399
2 969
1 2686
2 1506
2 2999
1 2411
1 1053
2 1318
2 3468
1 2026
1 3101
1 2806
1 27
2 2117
2 1667
1 307
2 50
1 379
2 2514
1 943
1 2266
1 2821
2 3352
1 2985
1 572
1 1626
1 507
2 2280
2 757
1 2681
2 3743
1 56
1 165
2 1194
1 1368
2 1407
2 366
2 2345
2 2470
2 1158
1 344
2 2448
1 3337
2 2312
2 679
1 1468
1 1626
2 1834
1 2022
2 1481
1 1423
2 1652
2 2706
1 1783
1 299
2 1757
1 1204
2 2222
2 3710
2 3559
1 341
1 2366
2 936
2 240
1 887
2 511
1 1743
2 3576
2 2060
1 950
1 1739
1 1109
2 2489
1 1293
2 1698
1 1551
2 822
1 237
1 1785
1 1474
2 3487
1 91
2 1002
2 1615
1 3689
1 2506
2 174
1 1198
1 2313
1 3792
1 414
2 2506
2 1000
1 2707
1 521
2 1839
2 1806
1 3399
1 2963
2 2980
2 1167
2 3665
2 1886
1 3541
1 325
2 743
1 1778
1 976
2 3490
2 3428
2 1435
1 2014
1 3175
2 894
1 1696
2 274
1 830
1 2582
2 1018
2 3120
2 203
2 10
2 1115
2 1548
2 1159
2 195
2 2329
1 1314
2 3737
1 1860
1 3676
2 3002
1 634
2 1166
1 1324
1 925
2 1516
1 3309
2 2571
1 644
1 2710
1 131
2 2408
2 411
2 3667
2 2383
1 1130
2 3506
2 3214
1 3627
2 3589
1 486
1 3753
2 988
2 130
2 1844
2 1567
1 1774
1 1395
2 3179
2 393
2 3535
1 917
2 476
2 163
2 1383
2 865
2 2854
1 1577
2 3213
2 1362
1 1397
2 2067
1 2241
1 1155
1 1369
1 3374
1 1071
1 1066
1 3351
2 3470
1 3282
1 3606
1 770
1 1501
1 183
1 1443
2 1037
2 2347
1 3148
1 84
2 1492
1 2809
2 3256
1 503
2 776
1 1792
2 59
2 464
2 1620
2 2951
1 2082
2 2649
2 1999
1 2694
1 1875
2 2447
1 3244
1 2429
1 3248
2 850
1 101
1 2178
1 702
1 3616
2 3277
1 359
2 1644
1 1392
1 523
1 211
2 1708
2 630
2 1841
2 1475
2 3651
2 685
1 3258
1 590
1 2361
2 2579
1 3672
1 619
2 2362
1 538
2 3285
2 2141
1 1990
2 1695
2 1762
2 1185
2 171
1 1387
1 3608
2 839
2 960
2 92
2 3697
2 2309
2 1811
2 3308
2 3551
1 2111
2 3657
2 1441
2 1381
1 1910
2 249
1 1001
2 1954
2 2724
2 3134
2 2775
1 2359
1 822
2 2512
2 445
1 312
2 2325
2 2350
1 1996
2 268
1 1761
2 1887
1 3726
1 1433
1 814
1 3644
1 2135
2 3442
1 2115
1 2635
1 2021
1 2692
2 239
1 1118
2 66
1 2886
2 1366
2 3040
1 1148
1 598
2 1376
2 376
2 1464
2 160
2 26
2 1765
2 1630
1 2615
1 3781
1 1195
1 3461
2 1918
1 2645
2 178
1 2192
2 1966
2 614
2 1934
2 512
1 1289
2 2397
2 1805
1 2286
2 3677
1 468
1 494
1 1104
2 3032
1 2115
1 2370
2 1627
2 969
2 3554
1 2938
2 2003
2 1806
1 2319
1 738
1 232
2 2860
1 774
1 959
2 3132
2 1309
1 2572
2 418
1 457
1 2206
1 157
1 3123
1 1140
1 2868
1 2469
2 429
2 1776
1 2167
2 2405
2 1211
1 543
2 377
1 1609
2 1210
2 1544
1 2918
1 222
1 3388
1 2202
1 1142
1 1258
1 2052
2 827
1 492
2 2874
1 541
1 381
2 982
2 2889
1 238
2 202
1 1061
1 189
2 3027
1 426
2 745
1 532
2 675
2 933
2 2247
1 2116
2 31
2 2097
2 3337
1 2929
1 3760
2 2492
1 1173
2 2799
2 963
2 1584
1 1440
2 3409
2 335
2 787
1 3136
1 2889
2 202
2 571
2 2800
1 159
2 2475
2 1513
2 2246
1 24
2 1569
1 2573
1 2048
1 2283
1 3112
2 2399
2 78
1 3601
1 1068
2 613
1 3560
2 3580
2 276
2 3661
2 1249
2 2621
1 1151
2 2244
1 3512
2 3257
2 2142
1 1902
2 1926
1 3759
1 2214
1 2397
1 3645
2 1726
1 2392
2 2211
1 1872
1 1654
2 2268
2 1194
2 3253
2 103
2 546
2 2711
1 565
2 1925
1 2836
2 2898
1 3172
1 3247
2 2706
2 286
2 3486
2 2511
1 2768
1 2172
2 1104
1 423
2 3751
2 2066
1 211
2 2193
1 1227
1 1950
2 3443
2 2524
1 1989
1 2316
2 3794
1 2533
1 2855
2 3376
2 1719
1 2863
1 3470
2 1593
2 3762
1 1380
2 1896
1 1320
1 2373
2 436
1 355
1 1083
1 3153
1 3641
1 2176
1 3406
1 3773
2 2773
2 2718
2 2159
2 1588
2 2899
1 1570
1 582
1 282
2 1928
2 865
1 3028
1 1427
1 3294
1 3153
2 2843
1 2861
2 1072
2 3024
2 292
2 900
1 2594
1 1995
1 3548
1 1757
2 3320
2 3177
1 2693
1 1460
1 1898
2 14
1 2940
1 1481
2 2319
1 1949
1 3083
1 2238
2 2113
1 2789
1 2920
1 3754
2 2984
1 2942
2 3605
2 1137
2 3530
1 2011
2 118
1 3642
2 752
2 924
2 3274
2 2673
2 3438
2 2414
1 677
1 1334
2 2108
1 2007
1 756
2 3748
1 1838
2 2252
2 14
2 3481
1 2178
1 2750
2 43
1 3199
1 3508
2 579
2 3503
2 3622
1 1441
1 242
2 1639
2 1819
1 1391
1 1192
2 2742
1 2803
1 3339
2 1485
1 1817
2 146
1 1146
1 1080
2 662
2 3129
2 159
2 2880
1 2450
1 1043
2 1272
1 2156
2 459
1 805
1 2794
2 2655
1 1887
2 3030
1 3674
1 2161
2 3126
1 3094
2 3117
1 1429
1 3093
2 3293
2 1109
1 1466
1 3718
1 2237
1 162
1 1340
1 1656
1 3275
2 2269
1 3630
1 2201
2 934
1 3707
1 1004
1 406
1 2056
1 3526
2 2897
2 631
2 1518
1 947
2 2126
2 2061
1 148
2 2421
2 2198
1 1068
1 686
2 2323
2 3742
1 1958
2 1880
1 1812
2 1177
1 1143
2 1611
1 708
2 778
2 504
1 194
1 2623
2 2358
1 3685
1 894
2 3224
1 1101
1 1164
2 1679
2 497
1 1163
2 190
1 888
1 2912
1 1907
2 2318
1 2545
1 3118
2 2443
1 1823
2 1291
2 3021
1 3442
2 498
1 2574
2 1587
2 695
2 621
1 387
1 1503
2 2998
1 1471
2 1229
1 1738
2 2076
2 2660
1 2101
2 638
1 2249
1 846
2 2047
1 3547
2 2314
1 1408
2 1859
2 3084
1 1799
2 3661
2 1240
1 2390
2 827
1 901
1 2497
2 1242
2 2752
1 1821
1 1385
1 1074
2 1134
1 3388
1 2356
2 1944
2 2209
1 596
1 955
2 2090
1 2247
1 181
2 878
2 402
2 3734
1 2769
1 427
2 997
2 3214
2 1360
2 837
2 1245
2 2417
2 2570
2 3434
2 196
2 869
2 2062
2 2832
1 2221
1 126
1 1518
1 1302
1 2671
2 796
1 2173
1 2858
2 177
1 1531
1 499
1 3013
2 3099
1 811
1 449
2 1050
1 2847
2 404
2 360
1 1530
2 2692
2 671
2 1039
2 1396
2 2670
2 3145
1 3701
2 3664
2 1602
2 1670
1 1213
2 2987
1 3735
2 360
2 684
1 3348
2 1907
2 3138
2 2637
1 558
1 1791
1 1732
2 2905
1 2589
1 1532
2 3004
2 2508
2 1955
2 53
2 2265
1 2534
1 1003
2 1248
2 640
2 2763
1 1183
2 821
2 654
2 832
2 1084
2 1459
1 1775
1 651
1 3392
1 577
2 3208
2 3029
2 1785
1 709
1 547
2 2881
1 1204
1 1006
1 2142
2 2963
1 284
1 2912
1 2786
1 443
1 285
1 700
1 1016
2 687
1 1012
2 3252
2 2152
1 3632
1 3592
2 3782
2 729
1 161
2 2735
2 3137
2 3318
2 2918
2 2906
1 3240
2 142
1 829
1 2484
2 2075
2 1437
1 2715
2 2515
2 3230
1 2803
1 320
1 2846
2 85
1 2098
2 692
1 2499
1 2164
2 3250
2 2341
2 3045
2 3610
1 3168
1 2446
2 2390
2 1493
1 918
1 342
1 354
1 1653
1 339
2 1394
1 2284
1 1350
2 2695
1 2534
2 3602
1 110
1 3775
2 2367
2 3303
1 1595
2 1720
1 2157
2 820
2 1266
2 3588
2 1656
1 1978
2 396
1 2955
2 81
1 1016
2 1882
1 2960
2 348
2 2553
2 3418
1 199
2 1826
1 252
2 1860
1 2340
1 686
2 2667
2 2550
1 2945
2 2917
1 3727
2 1889
1 1033
1 664
1 2479
1 373
1 2303
1 3354
1 1740
1 2542
2 3720
1 2184
1 2306
2 3228
1 706
1 3289
1 1179
2 3104
2 3267
1 3400
1 143
1 906
2 1932
2 3020
1 15
1 1584
1 3130
2 2042
2 1631
1 3154
2 263
1 302
2 2189
2 1719
2 1404
2 438
2 1861
2 1032
2 3407
2 1188
2 394
2 3269
2 3455
2 1024
1 1566
1 2680
1 1357
1 938
2 3706
1 2155
1 1188
1 2240
1 1356
2 235
2 2145
2 2811
2 51
1 382
1 103
1 2455
2 1271
1 436
2 2631
2 3229
2 3243
2 1415
1 2882
1 3567
1 1424
2 1930
2 2038
1 2261
2 2909
2 3590
1 1300
1 3201
2 727
1 3381
1 7
2 3777
2 2731
2 3640
2 3008
1 2419
1 2748
1 1807
1 1322
2 2234
1 3783
2 192
1 3345
1 1491
1 2703
2 3202
1 1336
1 1284
2 2512
2 2432
2 2098
2 1093
2 831
2 132
2 3255
2 208
1 3104
2 1236
2 149
2 2285
1 1507
2 2932
1 1824
2 3096
2 2065
2 2208
2 2339
1 506
2 3082
1 17
2 2459
1 2468
1 387
1 1398
2 1006
2 3319
2 1760
2 1592
2 530
2 3550
2 2982
1 113
2 1569
2 2120
2 2835
2 678
2 553
2 3746
1 1453
2 394
1 633
1 1092
2 3614
1 2089
2 1256
1 1843
2 1042
1 1938
2 1189
2 1312
2 3050
1 1289
1 1175
2 1337
1 3639
2 1179
1 1596
2 2996
2 2354
1 1677
1 2382
2 1454
2 1228
1 119
1 938
1 606
2 688
2 813
1 814
1 2335
2 562
2 1671
2 1345
1 1117
2 81
1 385
2 3195
1 572
2 2709
2 1597
1 2270
2 1637
1 2521
1 3209
1 1142
2 2311
2 824
2 2251
1 2745
1 2094
1 1973
1 1680
1 581
2 3788
2 1385
2 2689
2 1292
1 3447
2 3249
2 513
1 1349
2 1936
1 1028
1 3144
2 586
1 3165
1 1731
1 2956
1 2083
1 1321
1 516
2 2742
2 557
1 1141
1 2289
2 3233
2 2369
1 1096
1 2377
2 96
2 2353
1 2160
1 2429
1 3749
2 1480
2 489
1 592
1 3100
1 1201
1 3368
1 1556
1 641
2 141
2 957
2 3012
2 1197
1 475
1 622
1 188
1 1689
2 2498
2 3714
2 1501
2 1514
2 20
2 3501
2 873
2 3597
1 3564
2 1295
2 931
1 2105
2 2845
1 2265
2 2401
1 685
1 1067
2 314
1 706
2 2735
2 1571
1 1220
1 3531
2 867
2 3410
2 568
2 2731
2 2798
2 595
2 981
2 2594
1 3205
2 3448
1 2103
2 2989
2 929
1 3516
1 3255
2 3312
1 2856
2 1890
2 2486
2 2953
1 2649
2 994
1 820
1 3035
1 2701
2 3225
1 3419
1 416
2 2624
2 1669
2 3119
1 3175
1 294
1 714
1 3532
2 2720
2 3115
2 1373
2 828
1 1328
1 3106
1 3159
1 2826
1 1435
1 3012
1 710
1 3088
2 498
1 331
1 3492
2 2110
1 1816
2 1147
2 3619
1 2349
1 1264
1 2844
2 1063
2 639
2 1316
2 1527
1 1013
2 3646
2 3520
2 1968
2 1206
1 1469
1 1852
1 1551
1 1256
2 1940
2 3638
2 1951
2 3791
1 1261
1 3141
1 788
2 3576
1 1975
2 1411
1 2603
1 365
1 2362
1 3154
1 2877
1 804
2 1524
2 3686
2 759
2 3230
1 2789
1 3787
1 1251
2 1597
2 2726
2 2708
1 892
2 2056
1 67
2 210
2 3782
2 2989
2 1352
2 1405
2 3800
1 3681
1 3643
2 397
1 1196
2 2819
1 2772
1 1759
1 3633
2 207
1 1612
2 3313
1 1184
1 1726
2 3497
1 3507
2 461
1 3181
1 2621
1 3719
2 1732
1 1971
2 1306
1 2628
2 1608
1 1703
2 1862
2 793
1 310
1 3454
2 1467
2 1246
1 471
1 3082
1 229
2 2430
1 3681
1 2041
1 3556
1 1375
2 348
1 2288
2 1364
1 1052
2 1768
2 3063
1 2064
1 421
1 2652
2 3728
1 2225
2 970
2 2488
1 1158
1 98
1 3286
1 1348
1 1528
1 782
2 3355
1 1720
1 1561
1 130
1 2202
2 752
1 1492
2 812
1 665
2 3307
1 2788
1 119
2 1718
2 1688
1 3637
1 2990
1 1739
2 129
1 288
2 169
2 152
1 967
2 1850
1 3069
2 1976
1 2169
2 3026
2 2124
2 1870
1 388
2 1410
2 3125
2 3594
1 1583
2 2230
2 2181
2 641
2 2291
2 2540
2 3439
1 2095
1 1770
1 3526
2 2822
2 25
2 1976
2 1299
2 2839
2 1895
1 540
1 682
2 1555
2 991
2 2290
1 1264
1 3513
2 1265
1 987
1 431
2 1543
1 252
1 3119
2 737
2 871
1 2820
2 956
1 880
2 1671
2 1012
2 2463
1 155
2 2421
2 3402
2 114
2 1531
2 2279
2 1254
1 2119
1 3408
2 2185
2 2408
1 736
1 2299
1 2601
2 3670
1 890
2 2480
2 1238
2 1931
2 1730
1 2509
2 3111
2 537
1 3546
1 2379
2 3215
2 243
2 781
2 1528
2 978
2 1487
1 2930
2 1751
1 3259
1 949
2 3609
1 2702
2 372
1 480
1 2330
1 1443
2 1577
2 2302
1 1058
2 2442
1 3598
1 2565
1 1310
2 3403
2 3684
1 3752
1 3571
2 2308
2 2452
2 228
2 2503
2 3238
1 1150
1 798
2 2969
2 1574
1 2151
2 794
1 1347
2 1505
1 2192
1 3473
1 2543
2 1844
2 2099
2 177
2 2495
1 3583
2 2334
1 1535
1 999
2 1538
1 461
1 1883
1 768
2 755
1 182
2 3236
1 1851
2 1276
2 2814
1 2496
1 1376
1 1181
1 2871
1 2590
2 1745
1 12
1 1360
1 331
1 3612
1 3076
1 3512
1 1494
2 597
2 3376
2 1522
1 1220
2 1666
2 3281
2 2260
2 3045
1 3036
2 1426
1 1713
2 2744
1 2812
2 836
1 161
2 1472
2 344
1 2720
2 1170
1 3800
2 882
1 874
1 2698
2 617
2 3283
2 3797
2 52
2 3203
1 792
2 1735
1 353
1 676
1 971
1 2966
1 1758
2 1625
1 16
1 1045
1 1901
1 433
1 1515
1 2624
2 2931
2 2084
2 3726
2 982
2 3338
1 1951
1 2579
1 2983
1 3488
1 3433
1 1505
1 1910
1 2457
2 3668
2 292
1 1555
1 2454
2 2297
2 2006
2 1419
2 976
1 818
2 3611
1 3518
2 1287
1 2340
2 3381
1 964
1 697
1 1553
2 903
1 2880
2 3265
2 1280
1 438
1 63
2 243
1 2063
2 2023
1 1997
1 1495
1 1908
2 1747
2 571
2 2710
2 560
2 779
1 2285
1 860
1 207
2 3037
2 673
2 372
2 1237
2 2987
2 1402
1 1579
2 332
1 2437
2 1285
2 566
1 3276
1 1572
1 3647
1 280
2 1547
1 531
2 1224
2 1542
2 530
2 788
2 396
2 1112
1 2877
1 1697
1 2461
2 3427
2 1028
1 3006
2 2785
1 3019
1 317
2 1263
2 2058
1 740
1 2986
1 2160
2 2947
1 3150
2 78
1 884
1 3458
1 3244
2 2631
1 1942
1 2937
1 3025
1 502
2 96
2 3692
2 2815
1 2954
