7100 1500
1 2537
2 2577
1 923
2 2705
2 1618
1 2507
2 2381
2 3550
2 932
2 88
1 2809
2 1774
1 2407
2 206
1 3289
1 1871
1 3528
1 1738
1 3121
2 711
2 2301
2 1229
1 2854
2 587
1 2727
1 1585
2 2408
1 1190
1 2374
1 709
1 3462
2 41
1 1058
1 1304
1 2783
1 1081
1 625
2 1541
1 1590
2 561
1 1950
2 773
1 317
1 1651
1 1204
2 168
1 524
2 1069
2 151
2 409
2 660
1 3463
2 2111
1 2687
1 2195
2 713
1 2867
2 2206
1 3349
1 1857
1 444
2 2007
1 3399
1 1386
1 937
1 1216
1 3229
1 2185
1 15
2 1675
1 1447
2 2456
1 2456
2 2879
1 2928
2 2435
1 981
1 3476
2 2039
2 3471
2 2666
1 2754
2 2454
2 2351
2 1191
2 1794
2 522
1 1881
2 3019
1 101
1 2649
1 435
2 2138
1 1994
2 2986
2 1025
2 562
1 911
2 1974
2 1123
2 3312
2 999
1 442
2 2076
1 476
2 2302
1 1217
2 553
1 2523
2 638
1 952
1 112
1 1793
2 443
1 3052
1 408
2 1609
2 3488
2 2663
2 3216
2 2867
1 419
2 3539
2 2918
2 1957
1 1945
2 675
1 650
2 2110
1 3434
2 755
1 3495
1 1113
2 3039
1 2723
1 3421
2 3251
1 5
2 629
2 2738
2 3236
1 1448
1 761
1 3495
2 1634
2 780
1 3203
2 712
1 681
1 700
1 1061
1 814
2 589
2 2069
1 3478
1 2954
2 1592
1 825
2 535
2 403
1 1968
1 3018
2 1415
2 964
1 2312
2 1227
2 1455
1 839
1 3016
1 178
1 1557
1 601
2 2655
1 3126
1 67
1 2334
1 2927
2 59
2 2348
1 315
2 3454
2 27
1 2298
2 2151
1 1167
2 1606
1 288
1 176
1 1006
2 374
2 3295
1 2901
1 3285
2 2485
1 2190
2 2720
1 2011
2 1224
2 3281
1 3531
1 1224
2 1305
1 3538
2 1265
2 2823
1 333
2 1055
1 3068
1 2782
2 3179
1 716
2 2663
2 1371
2 2415
2 3484
2 2037
1 2786
1 1441
2 773
1 146
2 1179
1 832
1 1276
1 584
2 1406
2 1432
2 1526
2 1379
2 1348
1 1149
1 2436
2 34
2 1132
1 184
2 192
1 161
2 61
1 445
1 2819
2 2119
2 2113
1 2769
2 722
2 2333
1 1139
2 1322
1 3523
1 353
2 2480
2 2238
2 640
2 2415
1 2742
2 2287
1 598
2 1160
1 350
1 401
1 2948
2 2704
2 585
2 1161
2 3116
2 2275
2 2734
2 3108
2 3017
2 3071
2 2817
1 3402
1 28
2 2508
1 1399
2 3529
1 3212
1 1966
2 1694
2 265
2 2479
2 818
1 2977
1 1150
2 2355
1 1395
1 3283
1 1853
2 665
2 1213
2 1249
1 2959
2 2995
1 254
2 1638
2 2604
2 3127
1 415
2 533
1 1427
2 3101
2 1270
1 2901
2 764
2 2006
1 2330
1 2641
2 2086
1 43
2 2018
1 2736
2 3114
2 2199
2 453
2 2747
1 1074
1 381
2 3091
1 3256
1 304
1 1144
1 198
2 2213
2 1716
2 2217
1 466
1 48
1 1392
1 324
2 71
2 35
2 2732
2 3211
1 340
2 306
1 52
1 1356
1 1912
1 1001
1 1780
1 889
1 3154
1 555
2 143
1 2432
1 12
1 2037
1 3326
2 83
1 3198
2 693
2 418
1 1947
2 3141
2 1717
2 2672
2 169
1 1847
1 3252
2 2160
2 2777
1 569
1 50
2 2796
1 1097
2 1326
2 1298
1 2146
2 1536
2 3283
2 2526
1 13
1 1905
1 1102
1 2209
2 1885
1 3512
2 2290
1 172
2 2153
2 2385
2 2909
1 3175
2 2365
1 1149
2 1124
1 2959
2 1168
2 1151
1 3441
2 336
2 2540
1 2652
1 2166
2 2262
1 1341
1 2098
1 2834
2 504
1 3017
2 1434
1 103
2 1063
1 580
2 2514
2 1777
1 1080
2 1765
1 2265
1 2781
1 2452
2 2332
2 759
1 2394
2 2324
1 2801
1 1987
1 3048
2 2497
2 1654
1 2671
2 2430
1 1701
2 2802
1 1262
2 3476
1 2339
1 3040
2 732
1 3245
1 944
1 2736
1 427
1 2544
2 3402
1 1528
1 1824
2 3209
2 1938
2 2077
1 3029
2 2338
2 2773
1 2797
2 3420
1 2976
1 1957
2 380
2 3345
2 3156
1 2411
1 402
1 1876
2 2982
2 721
1 1379
1 289
2 3007
1 1196
1 42
2 1682
1 3505
2 637
1 833
2 2626
2 1816
1 1897
1 2132
2 1430
1 2212
2 724
1 3214
1 3076
2 2776
2 646
2 3056
1 206
1 2777
1 1405
2 333
1 2933
1 2256
1 2422
1 619
2 133
2 3231
1 2276
2 1181
2 1245
1 463
1 3171
2 834
1 24
2 3279
1 2768
1 1639
2 2447
1 1924
1 2210
2 3380
2 1381
2 3542
2 2602
2 924
1 2445
2 1977
1 3314
2 2261
1 3057
1 1105
2 3265
1 2482
2 2850
1 3450
2 394
1 2429
2 1458
2 3090
2 3444
1 263
1 2755
2 2796
1 2701
1 107
1 1710
1 3056
2 666
2 1305
1 2398
1 2633
1 863
1 131
1 1786
1 1720
2 40
2 1788
1 3142
2 3373
2 1560
1 2619
1 1769
1 3313
1 2232
1 1158
1 1467
2 1361
2 274
1 2558
1 2287
1 1326
1 1767
2 1795
2 518
2 2138
1 1992
1 157
1 393
1 2716
1 2647
1 2410
1 3292
2 2448
2 1018
1 2923
2 1415
2 2410
1 2813
1 2827
2 137
1 1328
1 1581
2 2946
1 1315
1 802
2 105
1 1758
1 966
1 2513
1 1808
1 2203
2 3269
1 2423
1 1695
2 116
1 1164
1 623
1 1857
1 1845
2 2425
1 211
2 1645
1 1750
1 3187
2 1593
1 90
2 1665
1 90
2 2542
2 496
2 978
1 1109
1 299
1 993
1 3047
1 3090
1 492
2 631
1 1016
1 2869
2 2924
2 1159
2 2524
1 1207
2 707
2 2675
2 1796
1 190
2 32
2 2234
2 1046
1 3244
1 872
1 1648
2 2609
1 1927
2 2087
1 1278
2 1223
2 334
2 1107
1 2199
1 2990
1 3161
2 745
1 1018
2 829
1 1612
1 667
2 778
1 594
1 1070
1 441
2 1751
2 5
2 3390
1 2800
1 355
2 1785
2 1051
2 2787
1 1140
1 460
2 1879
2 2944
2 211
1 2648
1 42
2 913
2 2052
1 2081
2 1743
2 3117
2 1287
2 1193
1 2144
1 551
2 1636
1 3550
1 2549
1 3301
2 3205
1 684
2 817
2 2868
2 3131
1 488
1 1548
2 910
1 312
2 872
2 14
2 2719
2 2040
1 2613
2 699
2 542
1 189
2 7
1 1348
2 970
2 2585
2 1226
1 1087
1 458
1 3042
2 153
1 3519
1 2436
2 406
1 2877
1 450
2 128
2 3123
2 3190
1 938
1 561
1 34
2 698
2 2231
2 2376
2 1444
2 368
1 3371
2 2763
2 3166
1 897
2 3215
1 2389
1 2474
1 633
1 1683
1 2384
2 1826
1 1975
2 703
2 415
1 2528
2 2003
2 1315
1 3315
1 724
2 2155
2 2139
2 2181
2 468
1 1148
2 1163
1 1293
2 1746
1 1928
2 2459
2 748
1 2330
1 579
1 2196
1 3293
2 742
1 2359
1 2854
1 1790
1 1926
1 3306
2 150
2 1866
2 2820
2 3470
1 339
1 1052
1 550
2 3526
1 2347
2 2616
2 1029
1 1996
2 1595
2 270
2 629
1 3155
1 1452
2 2939
2 758
1 2652
1 649
1 3372
1 1247
1 954
1 227
1 3416
2 751
1 2556
2 424
1 1640
1 1344
1 3544
2 3312
1 1
2 2044
1 45
2 2148
2 2669
2 3458
1 530
1 1684
1 2179
1 3392
1 3275
1 1867
1 3031
2 3227
1 1501
1 2855
1 1777
2 2374
2 55
2 325
2 3105
1 634
1 2120
2 2828
1 1231
1 983
1 914
1 804
2 1978
1 1898
1 2983
1 269
2 2080
2 3002
1 2137
1 2713
2 3270
1 532
1 3145
2 31
1 566
1 552
2 1473
2 892
2 3457
1 3036
2 2877
2 180
1 2314
2 2607
1 189
2 1527
1 2844
1 355
1 1735
1 145
2 3456
2 1897
1 3257
1 2419
2 3129
1 161
2 2870
2 1250
2 688
2 606
1 2271
2 499
2 719
1 212
1 1195
2 2140
1 2484
2 1923
2 3299
1 2326
2 27
1 1923
2 307
1 3224
1 642
2 978
1 876
2 41
1 3164
2 2070
1 923
1 502
1 2850
1 2930
2 739
2 3321
1 2385
2 253
1 3332
1 2648
1 717
2 1991
1 3525
1 1724
1 3322
1 1130
1 3073
1 3330
2 1617
1 3351
1 2741
2 1503
2 1772
1 1499
2 1407
1 3024
2 2255
1 676
2 2171
2 2305
2 2864
1 867
1 2342
2 2107
1 122
1 645
2 2319
1 3324
1 955
1 577
2 2442
2 1621
2 1268
1 2510
1 1599
2 290
1 1429
1 1116
1 1246
2 624
1 1919
2 854
2 786
2 3500
2 3543
1 1946
1 3009
1 76
1 3184
2 1021
2 2218
1 1371
2 2667
1 1367
2 1312
2 3186
1 323
1 1577
1 1062
2 1249
2 3438
1 289
1 2869
2 3062
2 284
1 2096
2 1927
2 2620
2 3203
1 599
2 306
2 2524
1 579
2 345
1 2640
1 2466
2 986
1 52
1 1732
1 59
1 302
2 595
1 901
2 1973
2 494
2 3030
1 2665
1 124
1 1723
2 1829
1 2168
2 2762
1 994
2 1066
2 3196
2 3547
1 2715
2 1740
1 763
1 2049
1 2834
1 342
1 1962
1 2472
2 2563
2 607
2 3251
1 2469
2 2158
2 11
2 1210
2 411
2 2100
2 1153
1 1267
2 1628
1 392
1 3529
1 1215
1 1738
1 1387
2 336
1 2906
2 412
1 2435
2 3496
1 3317
2 2984
1 1401
2 1572
2 2670
1 2895
1 2958
2 1742
1 2840
1 1408
2 37
1 135
2 3288
1 1234
1 1576
1 1529
1 3119
2 1182
1 377
2 891
2 3290
2 1922
1 1482
1 1184
1 2219
2 2341
2 2035
1 131
2 1516
2 3539
2 2976
1 3001
1 2929
1 1522
2 525
1 203
2 2529
1 813
2 1491
2 1579
1 233
1 1756
1 2243
1 2260
1 1735
1 2183
1 1441
2 1091
1 80
1 1547
1 3423
1 3524
2 2861
1 2337
1 465
1 2286
2 1886
1 3467
2 2503
2 1064
2 48
1 1183
1 3329
2 2700
1 2472
2 1723
1 1850
1 803
1 1802
1 93
1 1645
1 696
1 3403
2 2059
2 757
1 740
1 2603
2 1469
1 2837
1 1456
1 3183
1 1355
1 1622
1 2476
2 1656
1 843
1 85
2 2461
2 3088
2 1641
1 2390
1 1186
1 1242
1 1320
1 3494
2 3260
2 958
2 2165
2 155
2 3536
2 2627
1 181
2 3126
1 961
1 2101
2 831
1 2426
2 3433
2 2580
1 1449
1 957
1 921
2 394
2 451
2 2317
2 2917
2 908
2 1684
2 3048
2 2972
2 586
2 545
1 3366
2 1331
1 774
1 1544
2 1680
2 1050
2 747
1 3460
2 3342
2 776
1 2431
2 2087
2 1486
2 2677
1 1356
1 1292
2 592
1 1402
2 166
1 521
2 364
1 3470
2 1346
1 1384
1 2793
1 2003
1 2263
1 2390
2 3210
2 318
2 2412
2 3331
1 2590
1 1389
2 1181
2 498
2 3281
1 1345
2 376
2 3548
2 1869
1 2511
2 1628
2 1901
1 2292
2 1771
2 1253
1 948
2 868
1 2519
2 2528
2 2214
2 1008
2 100
1 2367
2 3467
2 251
2 2553
2 604
1 149
2 2554
2 1120
2 3376
2 3408
2 2761
2 1467
1 163
2 1817
2 1459
2 267
2 1754
1 3181
2 1460
1 2246
2 2116
1 2658
1 1855
2 2
2 1525
1 1980
2 2546
2 2437
1 1586
1 2184
2 2862
2 2048
2 939
2 3259
1 683
1 406
1 186
1 2278
2 3050
1 285
2 238
1 218
1 1629
2 1582
2 1125
1 1477
1 1035
1 2799
1 454
2 141
2 2285
2 1615
1 1436
1 985
2 1611
1 1986
1 823
2 2800
2 621
1 2595
2 1924
2 342
1 943
1 2430
1 2665
1 2674
2 2944
1 766
1 2167
1 1936
1 56
1 279
1 2460
2 811
1 483
1 2975
2 2874
1 2441
1 2872
2 3474
1 3241
1 2191
2 1836
1 3378
2 799
1 3335
2 1690
2 1443
2 1007
2 3297
2 1595
1 2898
2 857
1 1956
1 1988
2 244
2 3407
2 2602
2 168
1 2362
1 2730
2 2180
1 2945
2 2490
1 149
1 2539
2 420
2 510
1 1041
2 337
1 1038
1 2943
2 422
1 2392
2 795
1 3485
2 1646
1 110
1 532
2 2391
1 1047
1 681
1 2703
2 1083
2 252
1 438
1 2636
1 107
2 418
1 2068
1 930
2 1759
2 3045
2 2679
2 2193
2 1863
2 3406
2 550
2 403
1 2444
1 182
2 2424
1 487
1 1316
1 1092
1 2200
1 2184
2 2587
2 1891
1 1851
1 2266
1 2849
2 3473
1 2681
1 3514
2 489
1 1485
1 2333
1 1749
1 489
1 1936
2 3465
2 3049
2 3522
1 2046
1 2757
2 2727
2 1068
2 1731
2 2818
1 2799
2 603
2 1755
2 1536
2 2239
1 203
2 326
2 2826
1 360
1 1182
1 937
1 1138
2 869
1 851
2 2924
2 2560
1 1383
2 817
1 236
1 477
2 2012
2 280
1 3086
2 1032
1 1887
2 3192
2 2414
1 881
2 3306
1 1454
1 868
1 520
1 2383
1 2865
2 1247
2 115
1 2178
1 2607
2 2244
2 294
1 2389
1 3297
1 632
1 2186
1 2509
1 1367
1 796
2 717
1 2535
1 237
2 792
1 1072
2 1005
1 2299
2 780
2 475
2 380
1 1475
2 50
1 3356
1 1342
1 3499
2 3003
2 2600
1 1592
1 3043
2 1732
2 691
2 2895
1 2696
1 1294
1 287
2 2638
2 1915
2 1973
2 1150
2 2780
2 993
2 2582
2 2809
1 356
2 96
2 36
1 1635
1 3119
1 1569
1 3400
2 1377
1 255
2 413
1 2591
2 1960
1 2603
1 70
1 2487
1 2751
2 300
1 2149
2 554
2 1589
1 494
2 104
1 2378
1 1494
2 72
1 1023
2 16
1 765
1 2909
2 407
1 1752
1 3411
1 1556
1 1483
2 2627
1 208
2 2172
2 1031
2 3046
2 3143
1 3446
2 1273
1 752
1 1058
2 1768
2 1165
2 3015
2 3387
1 125
2 742
2 801
1 3533
1 3235
1 1064
1 163
2 2698
2 2300
2 1626
2 2280
2 901
2 257
1 1111
1 3084
2 1502
1 64
2 3375
1 1464
2 3328
2 723
1 3455
1 3077
2 935
2 1431
2 2113
2 75
2 3518
2 2866
2 2396
2 2673
1 2990
1 2117
1 1438
1 559
1 316
1 2747
1 3021
2 1764
2 2750
2 3144
2 833
2 603
1 3165
2 101
2 1806
1 2573
1 969
1 2315
1 920
2 2153
2 715
1 369
1 25
1 1263
1 1321
1 1240
1 531
2 505
2 2914
2 2765
1 2404
2 2700
2 1396
2 1915
2 2223
2 3424
2 30
1 2370
1 3168
2 2001
2 421
1 3292
2 670
2 1976
1 3403
2 1516
1 351
2 1263
2 83
2 1964
1 3546
2 3277
1 2164
2 3264
2 3390
1 2156
2 1775
1 1451
1 2089
2 2740
1 218
2 120
2 3459
1 62
1 1778
1 1840
2 1325
2 1858
2 2406
1 108
1 571
2 503
1 3503
2 2714
1 917
2 1232
1 507
2 3484
1 2194
1 2116
1 1240
1 368
2 2198
2 668
1 1892
2 2426
2 1686
2 1612
1 1769
1 386
2 2463
2 718
2 307
2 3025
2 2521
1 3255
1 2284
2 1508
2 3014
1 1626
2 827
2 2100
2 2994
2 293
1 476
2 1728
2 2293
2 12
2 66
2 3333
1 3198
2 536
2 2393
2 2302
1 1353
1 3176
1 875
2 429
1 352
1 1548
1 3272
2 2951
2 2224
2 2748
2 3383
2 671
1 1112
1 2890
1 1527
2 439
2 1505
1 1388
2 420
1 988
2 2319
1 3330
1 463
1 653
2 3000
2 1049
2 1747
1 2769
1 1183
1 2791
1 2174
2 255
2 240
1 2041
2 17
2 2027
2 3162
2 3137
2 1252
1 341
1 3150
1 2608
2 2160
2 134
1 3478
2 2122
2 748
1 2873
1 2859
1 2130
2 3093
1 1556
1 2242
1 1022
1 2133
2 1188
2 357
2 1248
1 854
1 1729
2 1010
2 276
2 3485
2 3412
2 447
2 840
1 1693
2 1837
1 1619
2 2312
1 1884
1 1598
1 1596
1 1154
2 2030
1 2691
2 1431
2 2888
1 3356
1 2907
1 1172
2 1466
2 3189
2 874
2 3207
1 1288
2 75
1 3286
2 1630
1 3173
1 2356
1 2057
1 2673
2 467
2 179
1 2038
1 3005
1 3240
2 3072
1 2647
2 450
2 363
1 1663
1 77
1 1506
1 951
2 1532
2 448
1 1594
1 900
1 1768
1 33
2 506
2 372
2 2075
1 433
2 1676
2 1325
2 2905
2 2720
2 1667
2 215
1 395
2 2327
2 1783
2 2950
2 2499
2 2541
2 1104
2 1251
2 1830
2 3250
1 2504
2 1170
2 1303
2 2708
2 3180
1 2455
1 2150
1 534
2 169
2 972
1 3355
2 2593
2 347
2 538
1 3279
2 704
2 2853
2 237
2 3143
1 1133
2 2402
1 1953
2 2225
1 2272
2 2031
1 156
2 723
2 1489
1 311
1 2281
2 2756
2 294
2 746
1 1416
1 314
2 2956
2 3363
2 2783
1 314
2 108
1 469
1 2695
1 2896
2 321
2 2825
1 1502
1 2284
2 590
1 3157
1 2784
2 954
2 2168
1 673
1 696
2 2950
2 1910
2 239
1 1245
2 1342
1 659
2 3097
1 3093
2 1722
2 1162
2 177
2 3318
2 241
1 1057
2 81
1 1517
2 1760
1 808
2 2871
1 639
1 562
2 2366
2 2704
2 1030
1 2859
1 3113
1 2597
1 909
2 3383
1 3271
1 3343
2 1461
1 1587
1 1719
2 853
2 2141
1 3081
2 2815
2 1902
1 1670
1 3010
2 1227
1 3425
2 56
1 3141
1 1418
1 22
2 3269
1 2197
1 3122
1 1040
1 768
1 241
1 490
1 2940
2 1220
2 2676
1 1233
2 1811
1 551
1 2996
1 2574
2 3183
1 2685
1 732
1 1630
2 1155
2 129
1 3498
2 3189
2 285
1 1099
2 2451
1 313
1 2089
2 1189
1 2399
1 1744
1 2760
2 8
2 140
2 1194
1 1878
2 2191
2 1009
2 2856
1 2372
1 3298
1 379
2 1384
2 556
1 348
2 2899
2 1653
1 295
1 1215
2 1543
1 3142
1 2097
1 2610
1 517
1 2590
1 3304
1 3229
1 1159
2 2009
2 2897
2 3300
2 992
1 233
2 3110
2 902
1 213
2 2350
1 44
2 228
1 2005
2 1868
1 1213
2 2957
2 2274
1 156
2 1656
2 2980
2 2432
2 2093
1 3102
1 1115
2 3054
2 3051
1 2943
2 1244
1 2932
1 1760
1 2269
1 3130
2 111
1 1484
2 452
1 1506
1 3360
1 2315
1 3378
1 139
1 2020
2 729
2 1314
1 2894
1 2635
1 3464
1 3451
1 1793
1 416
2 787
2 615
2 3163
1 2093
2 926
2 1540
1 3540
1 3507
2 3224
2 1803
1 733
2 1800
2 1374
2 2512
2 2638
1 1837
2 1265
2 1737
1 860
2 2143
1 756
2 3397
1 1702
1 839
1 661
2 2276
2 2132
1 193
2 51
1 2520
1 365
1 2107
2 694
2 513
1 3381
1 1014
1 3016
1 3006
2 722
1 2040
2 2401
1 3255
2 1689
1 3408
2 1913
1 2433
2 1604
2 2539
2 3058
2 253
1 385
2 3047
2 564
2 1056
1 174
1 3106
1 2847
2 226
2 2095
1 234
2 940
1 3477
2 3102
2 377
1 53
2 2031
1 1114
2 2970
1 870
1 3510
2 1623
1 1373
1 900
1 690
2 1792
1 3443
2 6
1 136
2 2445
1 2999
2 1773
1 164
2 3531
1 1903
1 1816
2 3040
2 1080
2 1667
1 1931
1 2900
1 1535
2 2660
2 2789
2 2605
1 874
1 2525
2 1823
1 931
1 1131
2 98
2 1116
1 701
2 611
2 687
1 2989
2 1586
1 3036
1 1681
2 973
2 2993
2 2642
2 3230
1 1299
1 2224
1 3452
1 919
1 2810
1 1658
1 1908
1 2711
1 514
2 2935
2 2286
2 2225
1 2372
1 3275
1 2047
2 2289
1 1313
1 2962
1 2619
1 2229
2 665
2 3549
2 2421
1 2279
1 3060
2 627
1 1035
2 2067
2 3430
2 861
1 1228
1 1347
2 726
1 877
1 272
1 2479
1 1643
1 1771
2 988
1 645
2 426
1 709
2 1607
1 2101
2 2017
1 3513
2 1757
1 1553
1 844
2 904
1 309
1 3252
1 1674
1 242
1 1488
1 2570
2 862
1 2728
1 2440
2 2222
2 1647
1 2001
1 2795
2 1452
1 164
2 2121
1 1934
2 1344
1 235
2 728
1 2824
1 2322
2 28
1 1559
2 2570
2 1372
2 1359
1 2628
1 3339
2 1613
1 1125
1 2729
2 3537
1 2223
1 664
1 1850
1 1470
2 2468
1 3544
2 2600
2 2471
2 2507
1 66
1 1158
2 2295
1 160
2 2069
1 747
1 1039
2 1433
2 2843
2 1953
1 2631
1 2290
1 99
1 1778
1 892
2 2887
1 2598
2 1691
2 3369
1 663
1 284
2 484
1 503
2 2536
1 3310
2 2545
2 3067
1 3448
1 1930
2 3021
1 251
1 1721
2 304
2 1092
2 2032
2 2988
2 1178
2 3176
1 1755
2 397
1 2699
2 2498
1 1146
1 2589
2 2758
2 2517
1 2335
1 3115
2 204
1 591
1 1422
1 589
1 927
1 362
1 1856
1 663
2 1465
1 522
2 2401
2 904
2 641
1 965
1 2114
2 1562
2 1267
2 771
1 3185
2 2565
1 2617
2 1136
2 1349
2 250
1 601
2 2753
1 2804
1 2291
2 1056
1 1822
1 2893
2 2328
2 1908
2 3523
1 3045
1 1362
1 2119
2 2279
2 68
2 2806
2 679
1 244
2 1764
1 1563
1 2395
1 1313
2 1463
1 1329
2 3497
1 332
1 3294
1 344
1 2788
1 1784
2 1757
2 1681
1 3370
1 2277
2 282
2 3120
1 3159
1 934
2 2131
1 2155
1 1504
2 2466
2 219
1 1132
1 2923
1 3436
2 459
2 1543
2 861
1 2033
1 1210
1 487
1 1642
1 2609
1 3411
2 84
2 1675
1 2063
1 910
1 2239
2 1146
1 3217
1 3325
1 3414
1 822
2 3364
1 1296
1 1753
1 148
1 1366
1 760
1 1489
2 947
2 2189
2 1725
2 2216
1 1403
1 397
2 1041
2 1979
1 1671
1 3091
1 3313
2 2204
1 2325
1 830
2 308
1 509
1 2637
2 2857
1 1327
2 2066
1 129
2 1585
2 2912
1 1032
2 3280
2 1257
1 2841
1 387
2 341
2 2915
1 3542
1 2722
2 710
1 750
1 2254
1 386
1 2624
1 3537
1 2971
2 3075
2 2868
1 1453
1 2486
2 2166
2 1995
1 1697
1 3528
1 1258
2 2634
1 190
1 2857
1 1495
2 2014
1 3109
1 1382
2 3481
1 986
1 1218
2 1540
2 2891
1 1421
1 697
1 2409
2 3339
1 2863
2 2992
2 3289
2 428
2 3517
2 558
2 2205
2 227
1 2816
1 2876
2 1868
2 2000
2 1403
1 941
1 690
2 1086
2 2470
1 2692
2 1501
1 2650
1 3481
1 296
1 1093
1 698
1 3321
2 3434
2 588
1 1893
1 1578
1 1004
1 2241
2 2247
2 212
1 1434
1 907
2 3149
2 2942
1 1121
2 2997
2 1780
1 400
1 2035
2 2294
1 1374
1 938
1 1766
2 2708
1 29
1 1782
2 903
1 3069
1 1446
1 557
2 3417
2 375
2 2824
2 2725
2 1496
2 3546
2 385
1 516
1 2585
2 976
2 2135
2 1112
2 567
2 2572
2 361
2 1458
1 3089
1 1981
2 1272
2 1480
2 2643
1 622
2 613
1 2893
2 1708
1 744
2 3482
2 36
2 3014
1 3277
2 2951
2 2591
1 3205
1 2133
1 1987
1 786
2 1550
2 1419
1 2587
1 3254
1 207
1 2129
2 1689
2 1300
2 2874
2 2628
2 2331
2 1173
2 3431
2 1671
2 3023
2 3196
1 106
1 1494
1 3347
1 216
1 1216
2 2083
1 3020
1 3362
1 1144
2 2380
1 3096
2 3358
2 2925
2 1880
1 570
1 213
2 2250
1 1081
1 529
2 2657
1 3502
1 727
2 2802
2 1157
2 3440
2 1739
1 1376
1 2289
1 3320
2 1155
1 2772
2 738
2 2702
2 462
1 1436
1 2413
2 1632
1 1644
1 1197
2 1533
1 2213
1 249
2 1385
2 2889
1 774
2 210
2 2081
2 238
1 611
1 138
2 2023
2 3049
1 1394
2 3322
1 440
2 2669
2 3170
1 942
1 2535
1 944
2 2344
2 1241
1 2500
2 2164
2 2450
1 2019
1 1513
2 109
1 2328
1 625
2 300
1 743
2 3034
2 1511
2 2567
2 388
2 448
1 605
2 334
2 1566
2 2131
2 1861
1 3442
1 1975
1 1865
2 2373
2 1999
2 1200
1 1085
1 2778
2 3294
2 3179
1 124
1 702
1 264
1 3549
1 232
2 2086
2 235
2 495
2 1098
2 762
2 1453
1 887
1 2873
1 2664
1 2341
2 2958
1 20
2 1036
2 3011
1 1426
1 1721
1 3395
1 2438
1 1662
1 1669
1 3374
1 1719
2 1065
1 1855
1 185
2 1608
2 78
1 1290
1 2644
2 873
2 1602
2 556
1 13
2 3073
1 1350
1 1482
2 2973
1 1804
2 1966
2 1564
1 3075
2 2361
2 1171
2 2743
1 1428
1 346
2 1317
1 1941
1 878
1 1896
2 1318
2 697
2 1219
2 1231
2 527
2 337
2 2356
1 1166
2 2855
1 615
1 2505
1 2313
1 1357
2 3206
2 2161
2 2482
1 62
1 1873
2 1272
1 856
1 2490
2 1781
2 3030
1 2564
1 3124
1 165
1 548
1 3110
2 1638
1 383
1 478
1 510
1 566
2 1194
2 3265
1 1185
1 1233
1 586
1 2021
1 2201
2 2875
1 3319
2 2321
2 1311
1 2010
1 766
1 1582
2 1795
2 599
2 2477
2 482
2 2711
1 1280
2 2387
1 308
1 2615
1 3503
1 1594
2 3160
2 517
1 1672
1 3438
2 1737
1 3260
1 519
1 730
2 393
1 584
1 1726
2 1925
2 2898
1 759
2 1634
2 2790
1 2088
1 1419
1 1712
2 485
1 480
2 1261
2 906
1 1700
1 508
2 1461
2 946
2 2772
2 398
2 607
2 1819
2 2516
2 2270
1 2682
2 862
2 2071
1 896
2 898
1 1566
2 3035
2 1670
1 3244
1 3426
2 2979
2 424
2 414
2 2477
2 852
1 2654
1 1848
1 3462
1 1135
2 560
1 1225
1 634
1 82
1 968
2 563
1 2908
1 2693
2 2233
2 1906
1 3391
1 3457
1 575
1 2954
2 1123
2 2940
1 3156
2 3459
1 3407
1 654
2 2770
2 1203
1 240
1 63
1 1713
2 994
1 94
1 1827
2 810
1 1937
1 1201
1 2230
2 389
1 93
2 2311
1 2147
1 2513
2 737
1 824
2 2019
1 628
1 656
1 1849
2 2026
2 1643
1 3253
2 2405
1 1992
1 360
1 1717
2 8
2 2122
1 1139
1 2162
1 628
2 1238
1 3100
2 1100
1 3087
1 1994
1 434
2 3519
2 1832
1 1828
2 436
2 2904
1 1658
1 2545
1 74
2 1430
1 475
2 608
1 1338
1 1187
2 2090
2 2902
2 177
1 824
1 689
1 1034
1 2418
2 2011
1 1531
1 3405
1 2792
1 3068
1 2375
1 2790
1 2611
1 1870
2 10
2 3239
2 3280
1 3146
2 1862
2 2735
2 613
1 1297
2 2268
2 2215
2 2413
2 3368
1 2661
2 3389
1 2470
2 2301
1 1949
2 1028
1 1797
1 1363
1 2496
1 502
2 950
1 266
1 1752
2 2240
1 2099
2 1775
2 1110
1 2612
1 2417
2 1803
2 2649
1 1456
2 319
2 3174
1 2734
2 1705
2 2418
2 3359
1 1574
1 1932
1 772
1 2371
1 749
2 457
2 1519
1 242
2 3067
1 1271
2 3423
1 274
1 2722
1 275
1 441
2 1288
2 2709
1 720
2 2566
2 1526
2 1185
1 147
2 1639
2 58
1 3445
2 1703
1 1100
1 132
2 410
1 1965
1 2884
1 2070
1 3004
1 1783
1 929
2 3082
1 1383
1 2744
1 2274
2 1497
1 2365
1 1581
2 3173
1 2804
1 1033
1 268
1 2635
1 1140
1 3360
1 1416
1 262
1 3371
1 69
2 2878
1 2504
1 2026
2 1952
2 1261
2 2599
2 167
1 224
1 2201
2 1633
2 2159
2 23
2 596
2 1672
1 1021
1 2569
2 2588
1 1802
2 1165
2 1208
2 3307
1 1748
1 3054
1 351
1 483
1 1492
2 3463
1 592
2 428
2 3327
1 2541
2 2260
2 2579
1 1073
2 1481
2 1986
1 1079
1 3042
1 1358
2 1321
2 2645
1 682
2 841
1 1840
1 520
1 2759
2 1236
2 2203
2 278
1 1706
2 630
1 1894
1 2853
2 1175
1 1794
2 1500
2 1509
1 820
2 2080
1 3343
2 313
2 1476
2 2326
2 1459
1 2681
2 23
1 704
1 1708
2 1909
1 2099
1 2221
1 1089
2 264
2 767
1 1970
1 345
2 2209
2 200
2 1255
2 3354
1 2506
1 2937
2 3454
2 2894
1 390
2 2369
1 2904
2 432
2 3344
1 3494
2 1512
2 1907
2 3342
2 3452
1 1983
1 486
2 1815
1 3317
1 1343
1 1781
1 3140
1 1404
2 3216
1 2163
2 466
1 1624
2 2865
1 620
1 1668
1 848
2 928
2 2558
1 3243
1 3266
1 760
1 2907
2 2902
1 2375
1 1037
2 370
1 1442
1 1445
2 2084
1 3000
2 3076
2 2785
2 3263
2 1096
1 1888
2 1295
1 3035
2 1530
1 1730
2 391
1 2167
2 1310
2 2788
1 197
1 3165
2 2614
1 1170
2 2292
2 3393
1 3492
1 3012
2 3377
1 2689
1 1959
2 2819
1 1821
2 3465
1 842
1 2914
2 1364
1 2569
2 1704
1 232
2 571
1 2152
1 3357
1 2560
1 2880
2 3213
1 1393
1 144
2 2939
1 245
1 171
2 3352
2 3466
2 680
1 2599
1 1023
2 3379
1 2034
2 1292
2 2306
1 2141
1 791
1 3113
1 3124
1 2883
2 1491
1 809
1 2420
1 2064
1 3022
1 949
1 3410
1 2592
2 1844
1 1332
2 836
1 755
2 575
1 1346
1 1468
1 1709
2 1938
1 894
2 3307
1 2593
2 543
2 3204
1 858
2 2832
1 3194
1 231
2 1703
2 2179
1 1620
2 464
2 2294
1 160
2 305
2 1042
1 1438
2 1189
1 574
2 2556
2 568
1 794
1 2174
1 729
2 1040
2 1439
1 2832
2 1435
1 920
2 374
1 948
2 150
2 60
2 2125
1 3118
2 2723
2 481
1 3128
1 1024
2 2251
1 473
1 3299
2 1641
2 683
1 1479
2 3384
1 1818
1 3034
2 1906
1 2654
1 2230
1 569
2 1564
1 705
2 538
1 2511
2 283
2 2197
2 600
2 2481
2 2596
2 396
2 1815
2 327
1 366
1 3078
1 1804
2 1083
2 419
2 1814
2 2134
2 2728
2 863
2 810
1 1853
2 678
1 1286
2 47
1 228
2 2604
1 2050
2 1275
1 1359
2 2780
1 3151
2 972
1 1054
2 243
2 3234
2 2739
1 3455
2 3055
1 849
2 2460
2 673
2 3508
2 1861
1 1378
2 2169
2 1163
2 2483
2 3504
2 2245
1 381
2 1300
1 2359
1 2152
2 1020
2 2748
1 1198
1 1048
2 256
2 1679
1 1082
2 2090
2 1002
1 3325
1 252
1 3239
2 1981
1 2559
1 288
2 1334
2 1522
2 326
2 1478
2 2518
1 2655
1 1043
2 750
2 3451
1 646
1 578
2 2575
2 2450
1 1411
2 229
1 2127
1 1497
1 1471
1 2352
1 835
2 1031
2 2137
1 3433
1 2884
1 2925
2 572
1 2514
1 1528
1 2562
2 38
2 903
2 3092
2 1038
2 263
1 2680
2 1119
1 918
1 1290
1 2142
1 1726
2 2308
1 716
1 3345
1 943
1 2561
2 2027
2 2933
2 1180
2 3415
2 574
2 2705
2 1368
1 3213
1 2684
1 1674
2 257
1 1900
2 1145
1 1954
1 3138
2 1001
2 1820
1 2135
2 2746
1 2162
2 2706
2 116
2 1341
2 188
1 2916
1 2601
2 915
1 3446
1 3105
1 1373
2 248
1 2573
2 1319
2 549
2 1810
1 1523
2 507
1 111
2 1390
1 767
1 3272
1 3098
2 942
2 404
1 2522
2 1390
1 647
1 1852
2 1118
1 1017
2 1864
2 713
2 1107
2 3364
1 3130
2 2965
2 2594
1 195
1 875
2 1711
1 1375
2 277
2 84
1 2207
2 3238
1 2709
2 205
2 3392
1 3178
1 1499
2 983
2 2320
1 958
2 1208
1 1050
1 1169
2 158
2 2707
2 3353
1 1812
1 2102
1 511
1 1256
2 617
1 1134
2 1308
1 905
1 1948
2 3066
2 2362
1 97
2 3398
1 1454
1 3348
2 1575
1 1196
1 2837
1 2803
2 1899
2 2082
2 158
1 2015
1 260
2 2676
2 853
2 2004
1 19
1 2701
2 1504
1 197
2 2766
1 2266
1 2875
2 3129
1 971
1 1297
2 1066
1 936
1 1101
1 2562
2 2742
2 2417
1 614
2 1673
2 2844
2 2033
1 2934
1 2713
2 3046
1 1095
1 2051
2 3488
2 922
1 585
2 1472
2 2000
2 2565
1 2882
1 1462
1 1209
1 348
1 3194
1 1914
2 1147
1 457
2 3375
1 1354
1 119
1 1917
2 2998
2 2373
1 162
2 941
2 2910
1 736
2 120
1 1728
1 1450
1 2811
2 666
2 1730
2 1176
1 3417
2 1308
2 366
1 788
1 1286
1 2188
1 1126
1 2656
1 1514
2 961
2 583
2 2192
2 3008
1 627
2 707
1 1890
1 2313
1 17
2 3337
1 2955
2 1389
1 2928
2 1033
1 1310
2 501
1 1090
1 897
1 3545
1 1749
1 2248
2 580
1 2154
2 1545
2 2022
2 1294
2 2048
1 594
2 323
1 1347
1 2957
2 2428
2 2811
2 384
2 123
2 775
2 1729
2 3003
1 1223
1 3115
2 3080
2 1243
2 1301
2 3109
1 2386
2 2900
2 2485
1 1414
1 1588
1 1503
1 1886
2 3107
1 319
2 315
1 1911
1 2396
1 3421
2 974
1 199
1 714
2 1230
1 3409
1 1653
2 2061
1 1809
1 1106
1 175
1 2211
2 2165
1 945
1 3118
2 3033
1 3263
1 2576
1 3104
1 3334
2 2492
1 779
1 3245
1 864
1 3242
2 3148
1 1340
1 754
2 3428
2 1510
1 837
1 2316
2 2208
1 820
2 1402
1 3293
2 3301
2 3338
1 480
1 2154
2 2497
2 358
1 1380
1 1798
2 2858
1 2377
1 2357
1 2449
1 2724
1 3532
2 506
2 3480
1 2813
1 1733
1 3489
2 1558
2 2021
2 2552
2 180
1 2237
2 3506
2 365
2 1375
2 1442
2 2578
1 3070
1 1720
2 422
2 2787
2 960
2 1541
2 2232
1 434
1 3081
1 3258
1 1770
1 2288
1 1704
1 3012
2 2921
1 3231
2 1921
1 2629
2 254
2 530
1 436
2 925
2 1179
1 367
2 3522
2 2228
2 3422
1 1365
2 347
2 470
2 4
1 2807
1 3394
2 1716
1 1599
2 3220
2 2549
1 2941
1 316
1 1505
2 2349
2 2180
1 2243
1 421
1 2149
1 2303
2 2331
2 329
2 2353
2 79
1 57
1 2102
1 3033
1 1555
2 258
2 2814
1 2581
1 2157
2 270
1 1625
1 1521
1 1293
2 1042
1 2062
1 2147
2 695
1 3100
1 1988
1 2464
1 2056
2 3416
2 2187
1 2724
2 2995
1 1301
1 1507
2 2960
1 2227
1 739
1 2746
1 1235
2 573
2 1285
1 474
1 2303
1 819
2 2094
2 1218
1 1731
2 2394
2 2691
2 1284
2 388
2 278
2 610
1 1062
1 1264
2 2182
2 262
2 1700
2 1859
1 2896
2 2079
2 1835
2 523
1 1045
1 217
2 3157
2 3389
2 1951
1 1807
1 2949
2 1799
2 3197
1 987
2 3524
1 1248
1 398
2 864
2 1122
2 620
1 98
2 1753
2 2447
2 2821
2 1832
2 91
2 3027
2 145
1 930
1 2967
1 1202
2 2526
1 1842
2 153
1 185
2 740
2 328
2 2186
1 3055
1 1252
2 2316
1 2941
2 3103
1 777
2 1587
2 3278
1 3316
1 976
1 3509
2 2036
1 2906
2 1593
1 2016
2 3246
2 926
1 798
2 259
1 3218
1 261
2 3469
2 1428
1 277
2 2756
2 2388
2 3268
2 2227
1 311
1 2581
1 2897
2 1101
1 935
2 770
2 3236
2 122
2 1285
1 2718
1 3241
1 2567
1 1801
2 1944
2 2452
1 121
2 1834
1 3063
2 2005
2 801
2 2085
1 838
2 2964
2 2840
1 121
1 1335
2 2226
2 1574
2 558
1 1889
1 3284
1 984
2 851
2 3083
1 669
1 236
2 2345
1 1714
1 2458
2 965
2 3082
1 2129
2 272
1 63
1 2334
2 2379
2 3211
1 2858
1 3128
1 2091
2 1750
2 621
2 3262
2 2505
1 1943
1 3258
1 1736
2 2621
2 1495
2 359
2 2323
2 2464
1 3132
1 731
2 809
2 1025
2 2798
1 1963
2 1228
2 1462
2 996
2 468
2 1693
2 1099
1 1909
1 1212
2 1167
2 2202
2 990
1 2969
1 3027
1 1913
2 3192
2 3043
1 640
1 1520
2 3365
1 1063
1 694
2 1846
1 815
2 2503
1 516
1 2
2 1954
2 282
2 1137
2 545
1 73
2 2158
2 437
2 3111
1 1945
1 2350
1 2963
1 1455
2 2051
2 416
2 182
1 2220
2 2945
1 2054
2 2690
1 2075
2 1903
2 3320
2 3180
2 827
1 1848
1 435
1 2066
2 1287
2 2653
1 1745
2 1604
1 3190
2 771
1 1192
2 3248
1 2351
2 3237
2 2862
2 886
2 451
1 2564
1 1424
2 1363
2 3238
2 548
2 2346
1 2771
1 3219
2 1184
2 2730
2 1225
1 1142
1 1199
2 1028
1 744
1 509
1 2758
1 2710
1 2377
2 2358
1 3065
2 2360
1 3002
2 2584
2 932
1 2009
2 2233
2 1888
1 287
1 302
2 1009
2 2251
1 1929
1 2371
1 711
1 46
1 769
1 2175
2 1836
1 2578
2 1761
1 3287
1 1206
2 3096
2 928
1 1414
2 2173
2 649
1 1198
2 2921
2 915
1 2879
2 1234
2 1333
1 331
1 547
2 921
1 2971
1 2484
2 3061
1 3158
1 467
2 1934
1 2008
1 3057
1 3334
2 1264
1 3204
2 1748
2 3065
1 996
2 1697
1 623
2 2568
2 2280
1 847
2 1998
2 2381
2 3131
1 2058
2 734
1 1644
2 1686
1 2818
1 3501
2 2843
1 2870
2 636
1 2360
1 2013
2 3282
2 668
1 2515
1 1048
1 2189
1 1331
2 1576
2 2369
1 303
2 1314
2 795
1 2913
2 1806
2 2856
2 395
1 2348
2 292
1 784
1 2970
1 720
1 1969
2 790
2 2848
1 1610
1 2108
1 2582
1 1156
2 2076
2 3013
2 1002
2 2183
2 1600
2 350
1 2096
2 768
2 281
2 671
1 682
1 2296
2 1579
2 3155
1 541
2 540
2 2610
1 2188
1 2733
1 1339
1 2073
2 3361
2 2621
1 3431
2 1291
2 845
1 1578
1 909
1 2106
1 752
1 2297
2 947
2 57
1 404
1 2574
1 1426
1 1649
2 473
1 1660
2 1244
1 2845
2 1203
2 469
2 2696
1 1993
2 2391
2 1849
2 2382
2 2965
2 202
1 1493
1 2692
2 1392
2 1823
1 2343
2 3483
1 980
1 372
1 49
2 1022
1 229
1 880
1 1937
1 3061
1 882
2 597
2 1283
1 3530
2 1127
2 2237
1 2318
2 1535
2 2229
1 1767
2 1841
2 515
2 1187
2 3386
2 194
1 677
1 1036
1 2253
1 221
1 2259
2 2548
1 2439
2 3506
2 3037
2 2052
1 2860
2 758
1 3193
1 219
1 3365
1 1779
2 1661
2 2992
1 2712
2 1192
2 535
1 54
1 1166
2 1814
2 735
2 573
2 1782
2 1372
1 1984
1 1498
1 1791
2 1003
2 3186
1 175
1 1490
2 2988
2 785
1 343
1 812
1 119
1 618
1 1904
1 1049
2 2835
1 2861
2 609
1 2829
1 1515
1 1965
1 32
1 1982
1 2270
2 2899
2 554
1 352
1 2827
1 1437
1 1809
2 2822
2 1475
2 3492
1 3399
1 1273
2 2768
1 2451
2 572
2 1807
1 738
1 3199
2 3303
2 2686
1 3409
2 2320
2 2304
2 3395
1 2771
1 1257
1 2733
1 2219
1 3080
1 2845
2 763
1 1933
2 718
1 2042
2 1076
1 2989
1 67
1 2261
1 3505
1 700
1 2740
2 3536
2 602
2 1221
2 49
1 3197
1 3487
1 3008
1 3490
2 410
1 963
1 82
2 389
2 3474
2 133
1 3532
1 1633
2 329
2 3218
2 3052
1 1277
1 659
1 731
1 2283
2 807
1 2826
2 2363
2 2776
2 1762
2 1135
2 2501
2 2864
1 1636
2 2453
2 497
2 201
1 2259
2 1055
1 3432
2 1362
1 1126
1 1492
2 2117
2 734
2 1606
1 1133
2 1538
1 3521
1 936
1 1398
1 790
1 387
1 2380
1 249
1 1538
1 1610
1 1998
1 371
2 71
2 1284
2 2955
2 3442
1 2833
1 2891
1 1254
1 493
2 1152
1 1967
1 963
1 2881
1 166
1 2782
2 89
1 2487
2 1188
2 2737
1 459
1 3159
1 3341
2 1088
1 472
2 2919
2 2502
2 423
2 3089
2 3468
2 1103
2 2255
2 1043
1 1369
1 2926
2 1524
1 3257
1 2717
1 793
2 826
2 3139
2 2092
1 3085
2 1282
2 2871
2 109
2 3366
1 2931
2 454
1 3162
1 2249
2 2698
2 2403
2 2275
2 3015
1 1860
1 2883
1 1368
2 604
2 246
1 1027
1 2797
1 2363
1 1826
2 2498
2 492
2 2835
1 2584
2 2029
1 2217
2 2110
1 2409
1 1269
2 2741
1 2474
2 141
1 966
2 2671
1 1763
2 3140
2 2462
1 1448
1 1488
2 1057
2 1256
2 3413
2 2163
1 2910
1 865
1 3444
1 1279
1 1060
1 3507
1 497
2 1115
1 677
2 905
2 934
2 2559
1 705
2 1632
1 3449
1 1846
2 357
2 70
1 456
1 2431
2 2749
2 990
1 1271
1 358
1 2920
1 2670
2 1303
2 2849
2 1084
2 3240
1 539
1 3436
2 1447
1 1688
1 2822
2 2310
1 1860
2 105
2 378
2 2105
2 2936
2 1916
2 893
2 743
1 2675
2 980
2 1156
2 1715
2 1583
2 3233
2 1199
1 3324
2 1530
1 650
2 3074
1 2454
1 3200
2 2642
1 3357
1 1076
1 979
2 139
2 1759
1 1838
1 2473
2 3464
1 3440
2 895
2 1393
2 2661
1 373
2 2144
2 2644
1 1551
2 3526
2 3305
2 1397
2 3237
2 3347
2 1498
2 2311
1 2550
1 3139
2 1070
2 753
2 3256
2 2211
1 2125
1 1537
1 290
2 2046
1 2355
2 2805
2 103
1 3028
1 1918
1 453
1 215
2 220
1 2586
2 87
1 1337
2 2598
1 1260
2 2354
2 3435
1 1476
2 3394
2 981
1 3226
1 1654
1 511
2 924
2 3023
2 888
2 1741
1 423
2 632
2 3063
2 1754
1 1239
2 1304
2 3053
2 2678
2 2716
2 2448
1 3304
2 1546
1 2103
2 802
1 143
1 2662
2 1655
1 3079
1 1736
1 3084
1 2586
2 1931
1 595
1 2605
2 91
2 3095
2 3475
2 945
2 1590
1 171
1 1605
1 1299
2 655
2 2991
2 2489
2 887
2 3385
2 1819
2 725
2 2053
2 1465
1 3053
1 1391
2 442
2 500
1 3437
1 3351
2 1409
1 715
2 3253
2 912
2 1281
2 3285
1 196
1 581
2 2677
2 1854
1 152
2 88
1 2030
1 400
1 2253
1 2886
1 1911
1 3041
1 1568
1 2282
2 3384
2 1534
2 1450
1 648
2 2831
1 2150
1 495
2 804
2 193
2 959
2 2508
2 2443
2 2512
1 2520
2 2449
2 2961
1 1970
2 2214
2 1554
1 39
2 452
2 1457
2 92
1 3219
1 3535
2 565
2 484
1 2566
2 1942
2 3223
1 2364
2 2808
1 2618
2 2516
1 53
1 2916
1 598
2 1148
1 2839
2 885
1 3121
2 3382
1 1376
1 1796
2 1254
2 2074
1 687
1 1352
1 256
2 265
2 597
2 1466
2 7
1 3425
2 92
1 939
1 1838
2 3441
1 369
1 3271
1 259
2 1991
2 997
2 962
1 3005
2 335
2 230
1 479
2 1990
2 3489
1 2437
1 3144
1 3264
2 616
2 2851
2 3172
1 2994
2 2427
1 485
1 1818
1 3525
1 1124
2 1211
1 639
1 2953
1 866
2 2542
2 692
1 2353
2 1302
1 2446
2 431
1 2434
1 159
2 3461
1 3166
2 2425
1 1561
1 884
1 86
2 2949
1 1012
2 3486
2 2530
1 2499
1 3486
2 898
1 2544
1 1663
1 3516
2 2721
1 952
1 3153
1 2335
1 293
1 949
1 1232
2 2622
2 3296
2 1425
1 1642
2 3228
2 1047
1 989
2 2848
1 974
1 2007
1 850
2 1463
2 1219
1 2017
1 2416
1 3296
2 1695
1 130
1 3152
1 2718
1 1008
2 3323
1 95
1 3377
2 1229
1 1130
1 2128
2 884
2 2739
2 1625
2 735
2 2453
1 74
1 3396
2 2241
2 2732
2 3112
2 658
2 2091
1 1958
2 29
2 2478
2 224
1 3028
1 3400
2 3401
1 440
2 1418
1 967
1 271
2 328
1 1899
1 3111
2 2176
1 3419
2 1365
1 3101
1 1361
2 2523
2 1930
1 432
1 208
2 977
1 2974
1 2151
1 456
2 2208
2 610
2 3511
2 477
2 2212
2 2668
2 1129
2 2646
2 76
1 1620
2 2082
2 2130
2 165
1 2483
2 1614
2 2630
1 2022
1 1955
1 220
2 2775
1 641
1 1481
2 2815
2 3391
2 1935
2 2679
1 154
1 1391
2 2444
2 1493
1 1141
2 1519
2 3060
2 2726
1 2767
2 2065
1 2058
2 708
2 2847
1 222
2 1131
2 2946
2 479
1 2462
2 593
1 373
2 2641
1 362
2 2750
1 2159
1 2779
1 3153
1 1561
2 3430
1 2242
1 2494
2 3290
2 1266
2 2743
2 917
1 77
1 10
2 20
1 3222
2 151
1 2024
1 2055
1 273
1 528
2 231
1 3267
1 2304
1 89
2 438
2 1078
1 2932
2 1487
1 81
1 1773
2 816
2 3163
2 3534
1 402
1 539
1 2358
2 3367
2 1311
2 2062
2 173
1 1207
1 31
1 132
1 3501
2 1661
2 927
1 225
1 807
2 1518
1 3332
1 3248
1 3380
2 2177
2 1866
2 3039
2 1396
2 3308
1 104
1 588
2 2258
2 772
2 2755
2 2646
2 1882
2 1692
1 2555
2 310
1 2903
1 600
2 2059
1 194
1 1243
2 578
2 2885
2 3167
2 505
1 1707
1 1570
2 114
1 87
2 1790
1 431
2 1351
2 865
2 384
1 1939
2 2092
2 1685
2 805
1 1306
1 2475
2 1870
1 1451
1 504
2 1051
1 1851
1 2495
2 1896
1 1242
1 2872
2 1808
2 3233
2 2492
2 1154
1 1283
1 779
2 3315
1 2309
2 491
2 2388
2 512
2 1864
2 789
1 1784
1 2667
1 1406
1 3069
1 1241
1 292
2 2761
2 1164
1 409
1 449
1 1269
1 2407
2 353
2 546
2 186
1 776
2 2952
2 652
1 1969
1 2085
2 831
2 140
1 543
2 1833
1 1821
1 447
2 3385
2 2104
2 1964
1 3177
1 3387
1 769
2 701
1 2525
2 1019
1 537
2 908
1 1834
1 2651
2 1854
1 2502
1 1989
2 1734
2 1259
1 2126
2 1340
2 2323
1 1060
2 918
2 1584
2 987
2 559
2 991
1 1162
1 2098
1 1890
2 425
1 1020
2 2463
2 1413
2 642
1 1410
2 557
2 2594
1 3137
1 544
2 2911
2 2491
1 338
2 869
2 871
1 1091
2 878
2 1741
1 1387
2 437
2 3132
2 2620
2 3
2 1324
1 3338
2 443
1 2710
1 1067
2 754
2 1618
2 1948
2 3393
2 2002
2 2458
2 811
1 1003
1 1128
1 3206
2 782
1 2688
2 890
2 1206
2 2625
2 134
2 3427
1 429
2 3024
2 1468
2 2263
2 1405
1 1651
1 618
2 3331
1 1744
2 2337
2 703
1 1309
1 1013
1 576
1 2583
1 2182
1 821
1 617
1 1449
2 1616
1 793
1 2969
1 3278
2 2905
2 1237
1 1435
1 3381
1 399
1 1571
2 929
1 26
1 1239
2 481
1 1785
2 2128
2 3443
1 248
1 3543
2 1825
2 1177
2 1026
1 412
1 647
1 2622
1 243
1 658
1 3538
2 1718
2 3461
2 210
1 1445
1 1811
2 2506
1 3120
2 1751
2 1514
1 1109
2 2256
2 956
2 3300
1 2688
1 3147
2 1193
1 1274
1 1027
1 2625
1 745
1 3013
2 1385
2 871
2 902
2 1683
2 2821
1 2816
1 3337
1 916
1 528
1 1507
1 1201
1 2177
2 1799
1 3182
2 2613
2 1350
1 1676
2 3135
2 1910
1 301
2 332
2 1398
2 2697
2 1558
1 2072
2 1079
2 1236
1 1687
1 596
2 1699
2 2376
2 1007
2 1275
1 2966
2 1400
2 2314
2 496
1 3087
2 1725
2 1175
2 138
2 2109
2 2659
1 2008
1 525
2 3449
2 1666
1 964
1 125
1 330
2 2793
1 3445
1 524
1 1143
2 3172
2 1276
2 1471
2 877
2 3274
2 401
2 305
1 3396
1 2791
2 2028
1 775
1 1985
1 64
1 3134
1 1869
2 1446
2 3228
2 3232
2 686
1 1852
1 2393
1 1882
2 2321
2 547
1 2235
2 214
1 3472
2 1004
1 975
2 2010
2 2171
2 1417
2 2571
1 1010
1 1460
2 2322
1 1111
1 1484
2 1918
2 184
1 1895
1 1214
2 521
1 2554
1 2548
2 2530
1 324
1 1386
2 2753
1 879
2 1005
2 2942
2 97
1 3066
1 2881
1 3475
2 3175
1 1333
2 2703
2 1336
1 200
1 3429
1 2405
2 674
1 2938
1 1963
2 3513
1 899
2 880
2 619
2 2987
1 2441
2 1318
2 654
1 1071
1 2892
1 508
1 2467
2 1205
1 2823
2 1388
2 1550
1 2745
2 2127
2 152
2 2887
1 187
2 1307
1 2324
2 2486
1 2327
1 250
2 1885
2 664
1 1136
1 68
1 1120
1 828
1 24
2 2522
2 2589
2 361
2 1600
1 1567
2 3097
2 695
1 1867
2 112
2 1157
2 886
1 2721
2 2639
2 1323
1 1982
2 1045
2 1409
1 72
1 2367
2 1401
2 1295
1 1959
1 2340
2 3282
2 21
1 3520
2 3466
1 3032
2 2592
1 1077
2 1015
1 1279
2 2097
1 3490
1 845
1 2112
2 276
1 852
1 2041
1 1529
1 1952
2 1921
2 1039
1 95
1 3182
2 3232
2 486
1 2339
2 1087
2 1077
1 1573
1 2668
1 3473
2 2836
2 1423
2 1327
2 891
1 2892
2 1370
1 777
2 3355
2 3247
2 1069
1 181
2 493
1 3088
2 764
1 1322
2 2759
1 1078
2 636
1 2366
1 2215
2 1472
2 455
1 1949
1 1961
1 3453
2 832
1 667
1 2056
1 320
2 3010
2 1534
2 1898
2 1059
2 2032
1 275
1 2064
2 2852
1 446
2 2095
1 2890
1 1699
1 2640
2 3188
1 1955
2 35
1 1879
1 1698
2 2846
1 1650
1 1874
1 3480
1 3262
1 2886
1 1601
2 2281
2 123
2 873
2 349
2 2318
2 2947
1 1429
1 2805
1 2115
2 2343
1 736
2 3302
1 338
2 1127
2 3491
1 3291
2 1094
1 2071
1 2962
2 1763
1 2156
1 1572
2 245
1 1281
1 1053
2 383
1 637
2 3038
1 762
1 2014
2 157
2 209
2 3310
1 1017
2 3469
1 1014
1 1118
1 2521
2 1770
1 2532
1 2349
1 1603
2 2114
2 1422
2 1584
1 3029
2 3169
2 860
1 1812
1 1589
2 1718
2 2252
2 800
2 2495
1 3295
2 115
1 2265
2 2784
2 3533
2 1980
1 30
1 1787
2 426
1 2207
2 1011
2 2039
2 657
2 3212
2 3222
2 2173
1 1714
2 823
2 1000
2 794
1 805
1 3044
2 1382
1 1951
2 1835
2 2533
2 192
1 591
1 933
2 1533
2 2660
1 2975
1 1971
1 2013
2 3031
2 2615
1 3171
1 408
2 3404
2 2307
1 2764
2 2532
1 2726
1 2534
1 808
2 1298
2 3201
1 899
1 2210
1 2830
1 297
1 644
1 3062
2 1880
1 247
1 1791
2 1588
1 2934
1 188
1 555
2 96
2 1113
1 2695
1 730
2 2980
1 2612
1 1637
2 2814
2 3363
1 2846
1 3099
1 800
1 3404
2 2778
1 2308
2 4
1 2830
2 855
2 3095
2 1942
1 1657
2 1919
2 2493
1 676
1 3125
1 2683
2 2775
2 656
1 3471
2 2422
1 726
1 2653
2 2123
2 1710
1 1237
1 956
1 782
1 3041
2 2912
1 1474
2 367
1 1563
2 1640
2 433
1 2084
2 2880
1 2553
1 3291
2 1324
1 2738
1 2169
2 2706
1 785
1 2247
2 1117
2 1085
1 322
1 1147
1 2517
2 1555
1 499
2 567
2 3098
1 1251
1 390
1 3191
1 3448
2 2309
1 2878
1 2764
1 391
1 1875
2 1394
2 531
2 2658
2 2429
1 2629
2 2885
2 2967
2 3435
2 286
1 821
2 1569
2 271
2 2983
1 3370
2 191
2 2685
2 2273
2 1358
1 1369
2 3136
1 399
2 1692
2 1173
1 3202
2 857
2 283
2 2112
2 382
2 2596
1 1776
1 783
1 2729
1 127
1 1217
2 826
2 187
2 1977
1 1479
2 162
1 2666
1 3472
1 2170
2 3242
1 651
1 3106
2 1734
2 3103
1 405
1 3225
1 1029
1 2345
2 3318
2 1174
2 1117
2 614
1 674
1 2536
1 1089
2 1962
2 1668
1 2034
1 3191
2 881
1 2527
2 2694
1 1575
1 1844
1 751
2 2978
2 3270
1 1512
1 1268
2 2767
2 191
1 3479
2 2563
1 2218
2 2571
1 2774
2 1758
1 1065
2 1420
1 2860
1 2715
2 2352
2 2810
2 784
2 3388
2 330
1 2922
2 819
1 1380
1 461
1 890
1 1496
1 911
1 3424
1 587
1 312
1 652
2 3286
1 2851
1 2419
2 3319
2 1470
2 1090
2 2889
1 982
1 1603
1 1601
2 2515
2 846
1 2551
1 678
1 1400
1 1200
1 2656
1 1103
1 3150
2 1420
1 3147
2 3540
1 757
2 3535
2 2650
2 354
2 2111
1 1399
1 2024
1 2402
2 3288
1 2300
1 2919
2 2139
1 1637
1 2077
1 3530
2 2579
1 273
1 848
2 1941
1 1627
2 1013
1 1212
2 3516
1 382
2 405
1 2267
2 3079
2 1282
1 1801
1 2136
1 1724
1 2684
2 1805
1 3432
2 2469
2 712
1 3064
2 1349
1 3541
1 2395
2 1432
2 2985
2 3001
2 2416
1 3267
2 1552
1 1260
1 3085
2 80
1 2773
1 1549
1 2817
2 396
1 2196
2 1258
2 2296
1 2105
2 2221
2 1947
2 1968
2 472
1 706
1 2550
1 3447
1 973
2 1334
1 2471
1 1696
2 217
2 3181
2 1565
2 3108
2 989
1 1926
1 2806
2 417
2 370
1 3422
1 816
1 2254
1 3374
1 2206
2 3254
1 147
2 648
2 2979
1 2930
2 1019
2 885
1 895
1 3482
1 2194
2 3026
2 94
1 261
1 838
2 61
2 2124
1 1440
1 1335
1 230
2 1925
2 3426
2 828
1 1097
1 3072
1 179
1 889
2 14
1 299
2 2228
1 840
2 583
1 3177
2 1517
2 2118
1 1950
1 3020
1 114
2 2744
2 3133
2 1873
1 2977
1 1320
1 992
2 2801
1 2012
2 672
2 167
1 2561
2 310
2 3386
1 2222
1 3382
1 3418
1 2737
2 2408
1 2794
1 1119
2 1266
2 3479
2 2686
1 2829
2 3273
1 1916
2 2015
2 3273
2 1338
1 3358
1 2986
2 1984
1 1828
2 113
2 3450
2 3350
2 3249
1 3077
2 1928
2 15
1 3379
1 2917
2 1664
1 1650
1 482
2 533
1 1900
1 1943
2 339
1 984
2 1474
1 3112
2 662
1 2120
2 1895
1 1614
1 378
2 1330
1 1655
1 3511
2 1649
2 2047
2 2981
2 2268
1 1652
1 1121
2 1940
2 3174
1 2288
1 3349
1 1142
2 991
1 1635
2 770
2 1024
2 2672
1 204
2 1583
1 1407
1 1307
1 2510
1 1355
1 2531
1 407
1 957
2 2025
1 3158
1 1500
2 1997
1 797
2 3104
2 1104
2 1515
1 1577
2 2664
1 2632
1 427
2 2050
1 1457
2 3145
2 444
1 2689
2 2342
1 590
1 2719
1 1722
1 154
2 2344
2 39
2 100
2 940
1 2547
1 1546
1 201
2 529
2 1177
1 3107
1 998
1 3458
1 2421
2 1110
2 1613
2 2067
2 1786
2 3305
1 1597
1 2597
2 216
2 2774
2 622
1 2104
1 1940
1 834
1 411
1 1687
2 855
2 2347
1 3116
1 3439
2 1774
2 2876
2 2765
2 609
2 1662
2 458
2 2953
2 1611
2 392
2 260
2 2936
2 1813
2 1323
2 969
2 1678
2 2198
1 1337
1 3350
2 1830
1 3419
1 1443
2 1253
2 1417
1 3427
2 1756
2 1316
1 1712
2 746
2 1477
2 2148
1 371
1 2465
1 1591
1 3348
1 2216
1 3359
2 2551
2 727
2 1839
1 155
1 3122
2 1302
2 2595
2 2340
1 1291
2 2543
1 2038
1 1831
1 3437
1 1646
1 985
2 2836
1 1209
1 3
2 3491
1 3341
2 279
1 3521
2 43
1 21
1 2123
1 1332
2 1841
1 2961
2 1360
1 787
1 3249
1 2028
1 2766
1 1787
1 170
2 523
1 3406
2 46
1 349
2 2411
1 3500
2 2278
1 1096
2 741
1 526
1 3548
1 1071
1 2770
2 3518
1 1222
1 2807
2 128
2 2997
1 812
2 2442
1 1444
1 280
1 2752
2 3185
2 460
1 3373
1 2175
1 1513
2 1562
1 2424
2 3135
1 2200
1 1922
1 3527
2 3037
1 2731
2 3195
2 2863
1 2725
2 3515
1 3372
1 631
2 2277
1 624
1 1956
2 1747
1 2956
1 2637
1 1277
1 2368
2 1205
2 2020
1 2931
2 1059
1 3078
2 2866
2 2616
2 3188
2 799
2 3335
1 612
1 2126
1 2055
2 1161
1 1366
2 58
2 1878
2 55
2 906
2 783
1 3201
1 1483
2 3094
2 2438
1 439
2 3136
2 3064
2 1547
2 2575
1 1174
1 291
2 540
1 246
1 1204
1 2478
1 2999
2 630
1 2998
2 2996
1 1220
1 2781
1 1605
2 2195
2 1905
2 2238
1 1190
2 2493
2 1075
1 2645
1 714
1 1570
1 3170
1 2457
1 3460
2 560
1 1061
2 1134
2 2295
2 2399
2 1702
1 669
1 1678
2 2838
2 1102
2 1542
1 1412
2 3094
2 850
2 2176
1 888
2 2699
2 1469
2 1862
2 1075
2 2368
1 633
1 1883
1 883
2 2812
1 2329
1 1226
1 2004
1 1797
2 343
2 1480
2 1665
1 689
2 2240
1 1012
2 303
1 608
2 792
1 3439
2 1779
2 2674
1 2427
2 2757
2 1221
2 2272
1 2657
2 710
1 2121
1 814
1 2481
1 2134
2 544
1 298
1 789
1 2842
1 425
1 2063
2 1990
2 2357
1 2273
2 3517
1 146
2 830
1 2572
2 1026
2 3510
2 2968
2 430
1 3388
1 2262
2 3223
2 2397
1 471
2 3405
1 512
1 858
1 51
2 693
1 1831
1 879
2 3369
1 813
1 1631
2 835
2 3070
1 1439
2 2073
1 2929
2 325
2 1971
1 2552
1 3152
1 3527
1 519
2 1197
1 3496
2 3498
1 2054
2 2763
1 1985
1 3520
1 1881
1 753
2 1093
1 25
2 2018
2 3230
2 3333
2 117
1 2264
1 3246
2 1114
2 18
1 379
1 2968
1 815
2 626
1 1360
2 3368
2 2601
1 1920
2 2633
2 1829
1 1762
1 1765
1 2234
1 2378
1 2982
1 2293
1 1701
1 1691
2 2803
2 490
1 2257
1 612
2 1377
2 298
1 3006
1 269
2 2043
1 417
1 1917
1 1411
1 1944
2 3261
1 3266
1 2299
2 1560
2 968
2 3509
2 2509
1 3504
2 1961
2 2694
1 1580
1 1511
1 2467
1 2993
1 565
1 778
1 1958
1 1715
1 643
2 1478
2 3261
2 1153
1 2185
2 2760
2 719
1 2626
2 1856
1 1842
1 491
2 3276
2 102
1 1354
2 1214
2 1044
2 2428
1 1054
1 3487
2 837
2 3178
2 975
1 1874
2 1544
2 3220
2 78
1 2220
2 1813
1 2297
1 2533
1 1727
2 919
1 60
2 3323
1 498
1 1437
1 1739
1 1740
2 3167
2 2078
2 836
1 1143
1 1238
1 222
2 2717
2 226
1 3410
1 2387
1 2812
2 2190
2 2494
1 2546
1 3099
1 3353
2 1016
1 2370
1 1053
2 331
1 1532
1 1623
2 2926
2 2115
2 2981
1 1129
1 3418
1 514
2 317
2 1647
2 1559
1 1707
2 3340
1 686
2 2283
2 209
1 2903
2 1424
2 1408
1 1598
2 2172
1 239
2 478
2 196
1 3311
2 2908
1 2473
2 1312
2 856
1 3221
2 1688
1 2258
2 1433
1 6
2 675
2 1330
1 2583
2 737
1 2457
1 3447
1 2752
1 1914
2 1537
1 2991
1 1381
1 3376
2 563
2 2045
2 3018
1 1520
2 680
1 126
1 2306
1 2624
1 2745
2 1222
1 142
1 2074
1 2468
2 564
1 1549
1 2825
2 2491
2 1792
1 2042
2 1108
2 3420
2 2915
1 3493
2 3414
1 47
1 1877
1 301
1 2518
2 2336
2 761
2 1733
2 1351
1 2043
2 1508
2 267
2 1580
1 1473
1 866
2 1255
2 542
1 2985
1 142
1 3123
2 3534
1 1082
1 1152
1 2828
1 2065
1 471
2 2398
1 3217
2 1887
1 1509
2 1669
1 922
2 1518
1 3208
2 1521
2 791
1 1629
2 684
2 951
2 3199
2 1698
2 953
2 576
2 534
2 2938
1 2383
2 3009
2 340
2 321
2 2785
2 2527
2 446
2 1364
2 1485
2 2611
2 2271
2 2181
2 1464
1 178
1 1128
1 1074
1 1542
1 3336
1 931
2 3250
2 258
2 2588
1 2987
1 205
1 2948
1 1289
2 1657
1 2831
1 1486
2 797
2 54
1 318
2 1746
2 1894
1 376
1 79
1 2531
2 37
2 582
2 1195
1 2630
1 3397
1 38
2 2061
1 1743
2 3340
2 1568
2 327
1 1262
2 2400
1 2888
1 3344
1 1160
2 2662
2 3327
1 130
1 1211
2 2913
2 3022
1 1523
1 1858
2 691
2 1865
2 1877
2 3453
1 3303
2 291
2 18
2 842
1 2329
2 1706
2 859
1 3161
2 106
2 841
1 1086
2 2044
1 1554
1 117
2 1677
1 1370
1 3259
2 2555
1 1711
2 1180
2 2236
1 2406
1 2053
1 1423
2 1682
1 1176
2 2973
2 3200
1 876
2 2614
1 1413
1 513
1 997
1 1659
1 3227
2 536
1 3208
2 159
2 2079
1 2193
1 3352
1 172
1 3225
2 655
2 1108
2 2269
1 2543
1 1278
1 1652
1 2257
1 22
1 796
1 3210
1 2226
1 86
2 1798
1 725
2 1095
1 1289
2 19
2 3508
2 3309
1 1339
2 3415
2 1539
1 1883
1 3302
1 2680
1 2659
2 2519
1 1137
2 2693
1 26
1 1627
1 2697
1 1412
2 1404
2 3207
2 2072
2 925
1 1619
1 2795
1 2762
1 3412
1 2403
2 896
2 1072
2 359
1 1766
2 662
2 3398
2 3226
1 2488
2 44
2 3011
2 500
2 3308
1 1552
1 2016
1 2461
2 2529
2 176
2 344
2 3274
1 3221
2 1827
2 2006
2 2911
1 2060
1 2068
1 354
1 882
2 2136
1 1789
2 2964
1 297
1 1319
1 3154
2 1395
1 1761
1 982
2 2937
1 818
2 3151
1 756
2 2618
2 69
1 2298
2 346
1 2714
1 1250
2 2841
2 1615
2 1169
1 518
1 1596
2 2606
2 1847
2 733
2 2384
2 2500
1 183
2 3346
1 2088
2 1845
1 2608
1 749
2 1270
1 198
2 9
1 3044
1 2305
1 2636
1 1617
2 247
1 3133
1 375
1 1597
1 3127
1 2623
1 2025
1 946
1 2974
2 1
1 950
1 2751
2 2966
1 3326
2 546
1 3074
2 1440
1 685
2 702
2 1727
2 537
1 2439
1 1317
1 1202
1 2580
1 2252
2 2400
1 1843
2 2731
1 1046
2 3545
2 829
2 1094
1 661
1 1621
1 3038
2 803
1 2412
1 3311
2 979
1 99
2 953
2 183
1 644
1 3456
1 3499
2 2779
2 3117
2 692
2 2443
1 1891
1 883
2 2496
1 1602
2 2397
1 626
2 2786
2 2707
1 894
1 2434
2 765
2 605
1 501
1 1833
1 2029
2 1105
2 148
2 568
2 3247
1 806
1 1230
2 2106
2 3164
1 322
1 414
1 1088
1 3284
2 2145
1 1616
1 1235
2 2446
2 1979
2 2108
2 2643
1 225
1 3268
1 998
1 3512
2 2794
1 685
1 3195
2 295
2 195
2 413
2 1659
2 616
1 913
2 2267
1 1904
2 1677
1 788
1 2002
1 995
2 1800
1 3059
1 1622
2 3234
1 2617
2 1694
1 2922
2 2833
1 1296
1 1378
1 3168
1 462
2 2963
1 916
2 2204
2 907
1 843
1 2231
1 1817
1 3215
1 2336
1 445
1 1901
2 1631
1 2690
1 137
1 3125
1 3468
1 1591
2 1015
1 822
1 2192
2 3354
2 1073
2 825
1 867
2 1696
1 1106
2 606
2 781
2 174
2 1996
2 3361
2 1974
1 670
2 1306
2 320
1 1902
1 1709
1 660
2 474
2 798
1 3367
2 781
2 1872
1 2927
1 2537
2 1357
2 2682
2 3193
1 2045
2 3413
1 2440
1 2947
2 1983
2 3051
1 1280
1 2094
2 1044
2 3004
1 2420
2 2249
2 1336
1 1673
1 335
1 2235
1 3050
1 223
2 570
1 2142
1 2632
2 118
1 136
2 173
1 126
2 1810
2 102
1 1607
2 2852
2 582
1 3497
2 1843
2 1000
2 1907
2 1138
1 3329
2 1531
2 2157
1 9
2 2984
2 2577
1 1410
1 1151
1 2631
2 1978
2 1871
1 2838
1 2317
2 1912
1 2382
1 1742
2 135
1 2161
1 1976
1 2023
1 3187
2 3083
2 708
1 1145
1 2423
2 1343
1 577
1 955
2 2354
1 2404
1 1876
1 2124
1 3502
1 2972
2 912
2 2920
2 2882
2 977
2 3336
1 16
1 553
2 2285
2 3346
2 363
2 2960
2 914
1 515
1 2475
2 960
1 1246
1 2250
2 2264
1 1929
2 2651
1 1666
2 1933
1 721
1 1993
1 679
1 672
2 1893
1 170
1 1995
2 455
2 1999
2 526
2 286
2 2842
2 1037
2 1353
1 2978
1 1328
1 2455
2 73
2 3428
1 3148
2 653
1 3146
2 1889
2 1571
1 3362
2 1967
2 999
1 3547
1 234
1 2248
2 593
2 2245
2 2789
2 2036
1 2792
2 1713
1 3514
2 1030
1 1553
2 356
2 2678
2 1745
2 3235
1 85
2 699
1 1960
1 488
1 144
2 2918
1 1172
1 2338
2 2754
2 2246
1 2808
1 214
1 449
2 1660
2 199
2 3429
2 635
1 430
2 2606
1 635
2 706
2 2364
2 541
1 2568
2 2839
2 2433
2 2118
1 3401
2 1935
2 3477
1 3025
2 3160
1 2332
1 1946
2 2798
2 2547
2 1067
2 1565
2 40
2 3007
1 1609
2 2202
2 464
1 1624
2 2325
1 2749
2 2361
1 2465
2 2083
1 2687
1 806
1 1685
1 2501
2 1425
2 2109
2 552
2 1186
1 1352
1 1397
1 1772
1 3328
2 1805
2 1789
2 1421
2 1690
1 728
1 1820
1 3184
2 3032
2 65
1 3114
1 1557
2 3483
1 3298
2 2476
2 2049
2 2143
1 2538
1 2634
1 1859
1 2346
1 1191
2 1972
1 1011
2 3149
1 1839
2 45
2 202
2 1997
2 2307
2 3071
1 3059
1 870
1 1788
1 1329
1 2057
1 3287
2 971
2 1259
1 223
2 3209
2 2178
2 1573
2 1972
1 959
1 461
1 2639
2 1171
2 2952
2 2712
1 309
1 1872
2 3243
1 281
2 1068
2 3086
1 221
2 1168
1 3058
1 1490
1 65
1 1427
1 2557
1 1989
2 465
2 2205
1 2244
2 3134
1 2414
2 2392
1 1863
1 1539
2 688
1 1776
2 268
2 2187
1 3316
2 118
1 127
1 2534
2 3214
1 3541
1 3092
2 1122
1 1524
2 859
2 2480
1 3019
1 1939
1 2488
1 2489
2 2683
2 549
2 1345
1 2145
1 2735
1 1052
1 1892
2 1098
1 1884
2 33
1 1825
2 2576
2 110
1 1510
2 1084
2 847
1 1178
1 2310
2 1932
1 967
2 1551
1 3493
1 3314
2 1274
2 581
1 2291
2 3515
2 2820
2 2140
2 741
2 2702
1 962
2 995
1 2078
2 1525
1 893
1 3309
2 470
1 2459
1 1006
1 1664
1 527
1 207
1 3276
1 113
1 296
2 2623
1 1141
1 1648
1 1679
1 651
1 1567
1 1545
1 2170
1 2103
1 657
1 2538
1 1705
2 2935
2 2236
2 3026
2 1487
2 1309
2 3138
1 1680
1 933
2 2146
2 849
1 2557
1 844
2 2060
2 2282
2 1822
1 1824
2 970
2 3202
1 643
2 266
2 1920
1 1608
2 2379
1 1034
1 2386
2 2540
1 846
2 364
1 638
1 1875
2 3169
2 11
1 602
