7600 3000
2 51
2 1239
2 3505
1 2735
1 1854
2 1744
2 3015
1 2109
1 3147
1 1722
2 3407
1 2142
2 1779
1 1282
2 227
2 1291
2 3765
1 752
1 3150
2 3393
2 423
1 2001
2 616
1 174
2 1415
2 513
2 1385
1 3238
2 1570
2 2251
2 2927
2 321
2 1057
2 2687
1 3504
1 3779
1 3448
1 1664
2 2118
1 1600
1 2404
1 1233
1 2091
1 2036
1 2185
2 622
1 2881
2 239
1 3591
1 800
1 3778
1 3149
2 1340
1 841
2 1132
2 68
1 618
1 666
1 2035
2 2040
2 1652
1 62
2 3131
2 2770
1 2998
1 1874
1 2792
1 1551
2 578
1 2898
2 1156
2 1966
1 14
2 2421
2 538
1 2471
1 3019
1 289
1 2018
1 1924
1 2304
2 845
2 2953
2 1164
2 1526
1 913
2 1633
1 1535
1 1825
1 2166
1 3383
2 1057
2 1764
1 2984
1 624
2 3800
2 2272
2 1027
2 1556
1 2550
2 1937
1 2807
1 323
2 585
2 388
1 1896
2 2189
1 1272
1 2402
2 2786
1 143
1 904
2 3637
2 507
1 2721
1 3769
1 468
2 3700
2 1189
1 2545
1 3028
1 1531
1 2348
2 1168
1 3073
2 1366
2 2312
2 1607
1 1809
1 2986
2 3663
2 2902
1 2783
2 3280
1 2810
2 3434
1 214
2 3386
2 1336
2 2027
2 2741
1 1778
1 1967
2 1478
1 1436
1 1630
2 291
2 1853
2 196
1 2080
2 3725
1 1018
1 145
2 3460
1 1109
2 2649
2 3123
1 1839
1 2841
2 2377
2 2682
2 3628
1 1571
2 1746
1 626
1 3520
2 3527
2 3371
1 3475
1 2142
1 562
2 3384
2 1383
1 1810
1 1194
1 591
2 2903
1 403
2 1633
1 2250
2 1295
2 658
2 1623
1 917
2 2777
2 2401
1 2272
2 3068
1 2347
2 2473
2 858
1 763
1 1969
2 890
2 1096
1 616
1 731
1 2232
2 3537
2 459
1 3328
1 3106
2 3486
2 3241
1 2218
1 3564
2 1581
2 1038
1 991
2 223
2 718
1 1206
1 2641
2 2833
2 31
1 3329
2 2478
2 3320
1 3734
2 790
1 2860
1 2962
1 3252
1 1416
1 314
1 2944
2 2066
1 3647
1 1753
2 296
2 260
2 3745
1 798
2 2520
1 1240
2 104
1 2271
1 878
2 61
1 1486
1 2313
2 3390
1 802
2 623
1 1850
1 2837
1 1282
2 3727
1 2262
1 1152
1 2318
1 401
2 2358
2 3083
2 3540
2 3228
2 832
2 3212
2 2826
2 1039
2 3065
1 3363
1 709
1 958
1 2779
2 2714
1 1226
2 270
2 1445
1 852
2 1073
2 1299
1 3286
2 1415
2 562
1 232
2 2189
1 2568
2 738
2 120
2 3549
1 1206
1 781
1 2782
1 2024
1 129
2 1705
1 3224
1 95
1 77
1 2235
1 1134
2 1186
2 2446
1 3081
1 1265
2 3425
1 1655
1 88
1 2527
2 1021
2 1917
1 2077
1 2271
2 3161
2 169
2 1288
2 3127
1 2294
2 3499
2 1703
1 131
1 2646
1 2558
1 2664
2 1019
2 1255
1 30
1 2515
2 3193
2 2269
1 1303
1 930
2 249
2 3143
2 700
2 746
1 3781
2 3223
2 2363
1 2722
2 1608
2 2355
2 597
2 621
1 3081
2 2148
2 3719
2 818
2 3522
1 786
1 3638
1 1577
2 140
2 3282
2 2431
2 2277
2 2621
2 3723
1 3767
2 3726
2 3274
2 3603
1 1150
1 3350
1 1941
2 1395
1 1426
1 3109
1 123
1 3516
2 59
2 543
2 3697
2 2324
1 1269
2 754
2 3732
2 2493
1 1858
2 1793
2 3621
2 1257
1 3634
1 1681
2 2300
2 1989
2 1238
2 2701
2 2744
1 464
1 2637
2 374
1 1741
1 3796
1 1047
1 400
1 3387
1 2148
1 779
1 3016
1 1720
1 108
2 3716
2 2027
1 450
1 3570
1 1152
2 1297
1 1285
2 1209
2 1685
1 3650
2 3052
2 521
2 544
2 1475
1 1468
2 41
1 1991
1 1776
1 2931
1 1087
1 781
2 2642
2 1923
1 2610
1 65
2 1241
1 2797
1 486
1 1175
1 1400
1 408
1 864
1 3503
1 1678
1 3536
2 3209
2 2938
2 1420
2 2244
2 833
2 3645
2 188
2 3302
1 2317
2 3551
1 3506
2 593
2 2261
2 1553
2 1505
2 2460
2 364
2 1588
2 183
1 751
1 1150
1 1022
2 2925
1 2290
1 536
1 202
1 654
1 1270
2 461
2 3566
1 312
1 1392
1 3750
2 3754
1 3581
1 1615
1 2545
2 3035
2 2530
1 296
1 72
2 2691
1 998
1 2907
1 2436
1 2848
2 62
2 3678
1 2451
2 213
2 1683
1 3631
2 957
2 3264
1 1594
1 1056
1 1965
1 1369
1 2686
2 2445
1 833
1 2230
2 1191
2 436
1 1853
1 1678
1 2663
1 3115
1 2978
2 1601
2 3758
1 2155
2 2229
2 1265
2 162
2 80
2 3125
1 991
2 1026
2 1604
1 2476
1 1081
1 2016
1 530
2 1471
2 680
2 1647
2 3135
2 2752
1 445
1 976
2 582
1 227
2 694
2 1921
1 663
1 3381
1 1519
2 2691
1 3154
2 3443
1 1461
1 3124
2 810
1 2004
1 3069
1 2267
1 987
1 9
1 542
2 3317
2 1925
1 3201
2 125
2 611
1 1048
2 1107
1 740
2 1234
2 2854
1 900
1 2607
1 3046
1 1078
1 715
2 3571
1 48
1 3721
2 1640
1 705
1 2685
2 3200
2 2651
2 2656
2 2010
2 1953
1 2270
2 1938
1 2171
1 3543
1 2150
2 2568
1 1682
1 1768
1 1800
1 1188
1 1866
1 3446
2 510
2 638
1 1412
1 3062
2 3132
2 3459
2 3202
2 244
1 3091
2 742
2 3651
1 3101
2 2791
2 3421
2 3450
2 3020
2 3649
1 3767
1 516
2 1690
2 2798
2 54
1 2538
2 230
1 2785
2 1467
1 10
2 3298
1 1731
1 1205
1 1374
1 2589
1 85
2 2946
2 2839
2 1234
1 75
2 3417
1 937
1 791
2 3613
2 2201
2 1847
2 3029
1 3441
2 1972
2 995
2 25
2 128
2 3091
1 1001
1 1882
2 2940
1 2299
2 1002
2 2629
2 1318
1 1930
2 3582
2 2278
2 1177
2 689
1 915
1 1026
2 533
1 1453
1 218
2 3664
2 1284
2 278
2 3549
2 1732
1 2780
2 3538
1 163
1 2853
1 2836
1 2947
2 1533
1 380
2 56
2 435
2 3701
1 1283
1 3678
2 3134
1 1590
1 319
1 357
1 3797
2 3102
2 1816
2 2115
2 2784
1 1720
2 2061
2 1049
2 2188
1 3356
1 2756
2 2198
1 644
2 1398
1 42
2 1510
2 708
1 2038
1 1501
2 1611
1 2563
2 1664
2 655
1 1758
1 993
1 541
2 733
1 2725
2 1072
1 948
2 1822
2 966
1 1906
2 1451
1 978
1 1377
1 2384
1 3517
2 2827
2 1217
1 161
2 1764
2 502
1 774
1 564
1 1727
2 3054
2 3463
2 291
2 2083
1 941
1 3693
1 2834
1 3587
2 883
1 3540
2 2737
2 1445
1 1927
2 1963
1 943
2 1393
1 2603
2 2370
1 2609
2 3617
2 2523
1 1843
1 2430
1 2149
1 559
1 2147
2 3372
1 979
1 2804
1 1199
1 939
2 3375
1 3234
2 886
1 2632
2 3322
2 3385
1 409
2 2149
1 3136
2 1330
1 1456
1 2314
1 7
1 975
1 3097
1 2482
1 1755
2 1942
1 683
1 2068
2 2032
1 2347
1 2788
1 211
2 3129
2 2003
1 1985
2 1423
2 1546
1 372
1 429
2 1673
1 17
2 233
1 1016
1 1881
1 3285
2 3689
2 807
2 2905
2 558
1 2681
2 1901
2 2283
2 1351
1 3415
1 1708
1 3445
2 2038
1 2686
2 2385
1 2345
1 2497
1 3712
2 2954
2 430
2 1775
1 788
1 2292
2 1749
1 2070
2 1575
1 630
2 1446
2 3427
1 1617
2 3140
2 2880
1 3397
2 3736
2 2086
1 3618
1 909
2 1316
2 2449
1 2648
2 1292
1 3711
2 2093
1 3363
2 2922
1 1132
1 1904
1 2531
2 2327
1 2372
1 3630
2 2928
2 1955
1 3075
2 1231
1 2254
2 3262
2 506
2 2321
2 1594
1 1661
2 2051
2 942
2 3148
1 3489
2 1022
2 3406
2 3020
1 1253
1 2212
2 1995
1 3672
2 892
1 3641
2 1379
1 45
2 3529
1 1997
1 357
2 3596
2 3428
2 3303
1 1645
1 1692
1 1605
2 720
2 650
1 2753
1 934
2 1033
1 2862
2 2170
2 1044
2 2747
1 1638
1 2192
2 1637
2 3417
1 3370
1 1137
2 2248
1 631
1 3393
2 1
1 1518
2 1382
2 3268
2 1868
1 3467
1 272
2 1638
1 2117
2 954
2 2977
2 822
1 1382
2 3158
2 64
2 656
1 3037
2 1127
2 1146
1 388
2 70
1 3561
1 3276
1 898
1 1019
1 608
2 2555
1 2561
1 2350
2 1688
1 1929
2 2286
1 1205
1 1012
2 173
1 2234
2 1856
1 3659
1 2676
1 1450
2 926
1 2692
2 538
1 523
1 2112
2 2232
2 1862
2 3429
2 2455
2 3045
1 2219
2 3579
2 2479
2 267
2 3611
2 1104
1 1870
1 2789
1 3088
2 1685
1 1873
2 1647
2 2008
1 1028
2 190
2 3564
1 2383
1 1058
1 1460
2 1042
2 2160
1 3392
1 1352
2 2443
2 47
1 863
2 1932
2 69
2 697
2 1660
1 596
2 3562
1 2011
1 1185
2 3215
1 3410
1 2779
1 1013
1 71
2 1785
1 2074
2 2059
1 1698
1 589
1 1369
2 2376
1 2088
2 1171
1 1300
2 1473
1 1976
2 481
2 142
1 1875
1 3373
1 3405
1 2107
2 191
2 1460
2 1916
2 3141
2 1650
2 1348
2 309
2 2266
1 1162
1 2386
2 76
1 300
1 2962
2 722
1 979
1 2023
1 24
1 2986
2 2540
2 2557
1 168
1 1055
1 741
2 139
2 3207
2 3191
1 1556
2 2475
1 2926
2 1133
2 2607
1 2246
2 3071
1 1635
1 35
1 953
2 928
2 2828
1 2108
1 66
1 1251
2 1170
2 2076
2 2040
1 3362
2 1478
1 3557
1 972
1 3362
2 2534
2 2297
2 3229
1 1217
2 3258
2 2246
1 3433
2 1023
2 1721
2 2466
1 2390
2 634
2 2028
1 1902
1 3014
2 1894
2 2080
2 2187
2 1584
1 2544
1 911
1 3269
1 2878
1 1815
2 2519
1 1701
2 3614
2 2450
1 522
2 1887
2 1433
1 879
1 224
1 174
1 3418
2 3288
1 2316
2 279
1 620
2 1541
1 2727
2 3619
2 574
1 439
1 248
1 961
1 1812
2 191
1 2101
2 1186
2 2857
1 931
2 2291
2 1043
1 597
2 2754
2 1364
2 1790
2 837
2 2943
1 705
2 2638
1 3064
2 3608
2 353
1 606
2 487
2 170
1 3582
2 1998
1 3379
1 2720
1 1024
1 518
2 1714
1 1059
2 2474
2 549
1 994
1 1743
1 1156
2 183
1 3210
2 553
1 724
1 1068
1 155
1 231
1 3593
2 130
2 2126
1 1312
2 723
2 3368
1 1357
1 2236
1 1407
2 3114
2 3396
1 886
1 669
1 3486
2 3330
2 2465
1 226
2 1288
1 702
1 2330
1 2526
2 1992
1 2886
1 744
1 1176
1 535
1 1528
2 3025
2 3737
1 3629
1 846
2 2799
1 440
1 906
2 1900
2 1086
2 2588
1 1409
2 18
2 2182
2 1359
1 1741
1 2379
1 463
1 2293
1 838
2 726
2 100
1 1084
1 3341
1 1515
1 469
2 2052
2 1532
2 3714
1 3078
2 1341
1 3574
2 1760
2 281
2 3138
2 1114
1 1625
2 419
2 3378
1 609
2 1139
2 920
1 2046
2 2572
1 26
1 1342
1 3277
1 3456
2 3696
1 1852
2 2178
1 2184
2 2023
2 1479
2 578
1 53
1 1428
1 242
2 3441
1 397
1 3450
2 3490
2 3273
2 738
2 3476
1 2001
1 3082
2 2612
1 493
1 2734
1 575
2 630
2 351
1 3670
2 19
1 117
2 1418
1 3512
2 3597
1 1519
2 808
2 1507
2 3293
1 2348
2 1848
2 3422
1 982
2 1416
1 480
2 2405
1 1784
2 3072
1 3014
1 1073
1 2403
1 903
1 541
1 380
1 2369
2 3256
1 1231
2 2409
1 1687
1 1181
2 1855
2 3537
2 2750
1 2397
1 1147
1 1887
1 2872
2 3021
2 367
2 646
2 2408
2 2356
1 1552
2 2831
1 1190
1 1329
1 2309
1 255
2 1846
1 1472
2 1053
1 3108
2 3275
1 2058
2 3377
1 1292
2 2270
2 1861
1 3561
1 347
2 2079
2 551
2 3219
2 3124
2 1900
1 3352
1 3018
2 36
2 1277
1 205
1 3326
2 1855
1 2249
1 363
1 108
1 1030
1 2183
1 1280
2 2617
2 3026
2 272
2 3076
2 1615
2 455
1 3544
2 1712
2 243
1 2513
1 3098
1 3799
1 1293
1 2992
1 275
2 1358
2 1050
2 3509
2 3722
1 3464
2 747
2 444
2 1674
1 236
2 3594
1 2752
2 1112
2 154
1 2197
1 84
2 693
1 1371
2 315
2 2066
2 1316
1 184
1 2569
1 1126
1 1674
1 3576
2 2228
2 1389
2 3613
1 2885
2 2718
2 2153
2 710
1 2082
2 545
2 2281
1 16
2 1450
2 3691
2 3255
2 1194
2 2774
1 3162
1 3796
2 861
2 3724
1 2146
2 412
1 1611
1 3274
1 217
2 1587
1 2006
1 565
2 3270
2 246
2 633
1 3744
2 180
1 277
2 2510
1 322
1 1717
1 1553
1 1657
2 2132
1 1506
2 1042
2 1714
2 3620
1 2891
2 150
2 71
1 101
1 340
2 223
1 606
2 2816
1 267
2 197
2 2567
2 2758
2 3571
2 182
2 2617
1 2848
2 2817
2 1435
2 337
2 259
1 1592
1 89
2 3065
1 1842
1 1024
1 1888
2 502
2 311
2 1783
1 1067
1 1811
1 2047
1 602
2 2976
1 3244
2 1694
2 2184
2 2217
2 3253
1 1180
1 361
1 3757
1 529
2 3579
2 172
2 2453
1 3341
1 3454
1 360
1 2177
2 3203
2 354
2 185
1 3110
1 575
2 2108
1 2533
2 1525
2 2416
2 954
1 3337
1 765
1 1372
1 1444
2 1119
1 2287
2 2680
1 2646
2 58
2 3597
2 3697
1 691
2 206
2 385
2 532
2 3550
2 3059
1 2832
1 684
1 3535
1 1124
1 1032
2 95
1 497
2 2369
1 760
2 2951
1 1204
1 3586
2 2362
1 2733
2 951
1 2499
1 3794
2 3465
1 941
2 1914
2 499
1 102
1 524
1 2653
1 2836
1 147
1 2960
2 2859
2 1859
2 865
2 2343
2 58
2 3000
1 1603
1 3538
1 3576
2 797
1 302
2 324
2 1274
1 3261
1 2830
1 2575
2 2
1 3076
2 2223
1 1525
2 2199
2 280
1 3277
2 3364
1 1079
2 2220
2 594
2 2420
1 685
1 644
2 1410
1 150
1 643
2 2633
2 785
2 1224
1 638
2 1743
2 3498
1 2983
1 1218
1 839
2 1183
2 488
1 1044
2 335
2 2546
2 3598
2 2044
1 3520
1 2342
2 3166
2 2535
2 2325
2 1090
2 3055
1 2442
2 3592
2 3321
1 1958
2 547
1 1337
2 1406
2 2227
1 780
2 3248
1 1298
2 3616
1 2500
1 815
2 2597
1 2882
2 218
1 2732
2 2611
2 414
1 1295
1 3331
1 730
2 3604
1 3151
1 3601
1 1484
1 1906
1 2971
1 3458
2 326
1 268
2 613
1 1770
1 2092
1 411
2 2095
1 946
2 2998
2 3485
1 3207
1 2447
2 3566
2 670
2 1572
1 1725
1 1840
2 2957
1 96
1 955
1 2516
1 1166
2 3297
1 2838
1 318
2 1383
1 500
1 814
1 2690
1 142
2 3186
2 1984
2 2566
2 1952
2 800
1 72
1 3774
1 2057
2 2475
1 3775
1 3433
1 2289
2 1403
1 3459
1 3420
1 3753
1 1324
1 3300
2 1543
1 3791
1 1721
2 1262
1 739
1 810
1 2279
1 1040
2 1085
2 1608
1 148
1 180
1 3036
2 874
2 3764
1 3634
1 194
2 3105
1 2394
2 3547
2 3248
2 3066
1 2514
1 584
2 414
2 3623
1 406
1 2419
1 3577
1 1331
2 1197
1 993
1 992
2 2729
1 1959
2 3194
1 649
1 1739
2 1890
2 3257
1 970
1 2203
2 49
1 2422
2 3180
1 2483
2 2277
2 1196
2 2757
2 2380
2 2324
2 3395
2 2747
1 1622
2 308
1 2496
2 317
2 1513
1 2276
1 1624
2 3179
1 2306
1 2712
1 651
2 946
2 2725
2 615
2 1583
2 878
1 1344
2 955
2 1565
2 1134
1 3646
1 2589
2 3171
2 2829
1 3633
2 3518
2 2784
2 2085
1 2395
1 3158
1 2269
1 2884
2 2894
1 1844
2 3674
2 2280
1 2367
1 2161
2 1494
1 3546
2 2903
2 2259
2 3751
1 1259
2 1185
2 1046
2 394
2 2337
1 1662
2 511
1 369
2 3724
1 3093
2 762
2 279
1 2100
1 2540
1 1722
2 1974
1 771
2 1899
1 377
1 2300
1 2373
1 3307
1 1566
1 1354
1 2668
1 3234
1 8
1 1851
1 66
2 844
1 2276
2 640
2 3606
1 1974
2 1399
2 3749
2 2223
1 3281
1 158
2 204
2 697
2 3358
2 917
2 3075
1 490
1 2767
2 1823
1 2896
1 3412
2 2933
2 837
1 2469
1 1952
1 2909
1 3316
1 3652
2 2651
1 1745
1 2710
1 3112
2 299
2 579
2 2949
2 3272
2 251
1 757
1 297
2 3380
2 181
1 3792
1 2564
2 445
2 869
1 87
1 1077
2 1508
1 1181
2 2908
2 3005
1 2612
2 3348
1 1192
1 2668
1 894
1 2507
1 386
1 2495
2 3763
1 1266
2 2041
1 1946
2 2947
1 990
1 2117
2 1521
1 1131
1 3583
1 1845
2 3350
1 415
2 3749
1 610
1 2970
1 2444
2 1233
2 463
1 3472
1 2750
1 3325
1 1996
2 805
1 3575
2 685
1 2136
2 1625
2 2111
2 2843
2 2477
2 2845
2 3612
2 1068
1 3250
2 262
1 398
2 1008
1 1876
1 2461
2 1232
2 3315
1 427
1 652
1 200
1 2397
2 2085
2 1254
1 2865
1 2606
2 1842
2 1951
1 836
2 698
1 3501
1 2306
1 2614
1 1399
1 1781
1 2037
1 1397
2 23
2 1443
1 1690
1 980
2 423
2 842
2 2208
1 2343
1 953
1 2338
2 655
1 2875
2 2128
1 2308
2 2708
2 2587
2 835
2 845
1 91
1 912
1 355
2 2541
2 1266
2 639
1 2110
2 383
1 2215
2 1909
2 978
2 3490
1 2860
2 3604
1 614
1 3185
1 3153
1 3661
1 3057
1 2367
2 205
1 3039
2 2487
2 662
2 1904
2 2766
2 3497
2 551
1 3415
1 1540
2 3683
2 3487
1 933
1 2887
1 1759
2 853
2 1319
2 1090
2 3260
2 1466
1 2996
1 1772
1 1534
1 1609
2 729
1 918
2 3761
2 1751
2 2603
1 2592
1 3266
2 112
1 2808
2 362
2 1612
1 351
2 952
1 1129
2 775
1 3620
2 2007
2 1245
2 367
2 3148
1 2498
1 3508
1 3677
2 3133
1 3222
1 2349
2 2674
2 546
1 1921
1 2048
1 449
2 2499
1 3071
2 2745
2 2982
2 2930
2 866
2 832
2 110
2 1158
2 2594
1 2392
1 359
1 869
1 3593
2 2713
1 2473
1 1872
2 563
1 704
1 1345
1 3739
1 566
2 2648
1 514
2 2644
1 2929
2 325
1 470
1 1511
2 3511
2 2956
1 3685
1 2034
1 3175
2 2351
2 3664
1 852
1 1867
1 964
2 750
2 2331
2 784
1 3489
1 2933
2 252
1 111
1 2719
2 1151
1 693
1 2467
1 1750
1 23
2 2666
2 3795
1 1848
1 1091
2 3461
2 2716
2 1670
1 3251
1 2548
1 2892
1 3675
2 1170
2 3359
2 1458
2 178
2 652
1 3361
2 2904
2 2298
2 1325
1 2834
1 1357
2 1643
1 3232
1 1984
2 2951
1 1146
1 2264
1 35
2 2677
2 2120
1 3577
1 2563
1 2207
2 619
1 1271
1 93
2 1986
1 3052
1 168
2 2167
1 935
1 2593
2 2521
2 114
2 603
1 2317
1 669
1 289
1 478
2 3257
2 105
1 2706
1 2015
1 1729
2 640
2 1222
1 2978
2 3508
2 3004
2 300
2 2439
2 274
2 2388
2 2531
2 3715
2 872
2 1680
2 3316
1 3061
1 1388
1 2173
1 642
1 847
1 821
1 3662
2 3231
1 1457
2 3300
1 2768
1 151
2 2979
2 3050
2 2760
1 2366
2 118
1 609
1 1648
1 465
2 2877
1 2304
1 3569
2 2961
2 3655
2 2103
2 3273
1 63
2 399
1 1950
2 3671
1 334
2 1476
1 444
2 3414
2 2989
1 1912
1 1933
2 233
1 823
2 2504
1 2022
2 769
2 587
1 1562
2 2525
2 2168
2 332
2 3156
2 2969
1 3309
2 2984
2 1543
1 973
1 2130
2 3253
1 1048
1 1945
2 2402
1 1492
2 739
2 1488
2 1159
2 2057
2 1195
2 3555
2 521
1 1437
2 384
2 3337
2 1293
2 653
1 1782
2 3745
2 849
1 1453
1 1397
2 3704
2 3060
1 2600
1 3554
2 3103
1 3525
2 3122
2 2409
1 514
2 2732
2 2331
2 1649
2 3474
2 1149
2 2524
1 966
1 1380
2 1698
1 1447
2 1913
1 1286
2 2053
1 1455
2 208
2 2964
1 2532
1 2262
1 956
2 1198
2 44
2 178
2 897
2 313
2 3250
2 1436
2 865
2 1578
1 3111
2 745
1 1762
1 747
2 602
2 2357
2 3497
2 3047
2 1373
1 1695
2 3062
1 222
2 1103
2 913
2 1644
1 1267
1 422
2 1031
1 3405
1 729
1 588
1 2785
1 3034
2 2578
1 26
2 2210
1 1545
2 820
1 560
2 3642
2 773
1 1100
1 3757
1 2043
1 2911
2 2662
2 3426
1 203
1 398
1 1344
2 3241
1 340
1 2669
1 1121
2 2302
2 2393
1 1624
1 1422
1 215
1 572
1 2092
2 1697
1 512
1 711
2 3431
1 455
1 3717
2 2049
2 238
2 261
2 3359
2 3787
2 2783
2 1105
1 2647
2 2626
1 1891
2 2723
2 999
2 3680
1 3301
1 1365
1 2528
1 1
1 696
2 1495
2 1968
1 1991
1 1210
1 2640
1 133
1 3747
2 1062
2 1060
2 1117
1 1905
1 389
1 1987
2 201
2 3217
2 2033
1 2233
1 2484
2 595
2 2899
1 699
2 1367
1 1089
1 2177
2 923
2 311
2 1378
1 3710
2 3323
1 2547
1 1361
2 97
1 1771
1 116
1 799
1 3422
1 459
1 2706
2 2041
1 1954
2 2661
2 1408
2 2615
2 648
1 2098
1 3706
1 1064
1 598
1 2625
2 599
1 1124
2 3776
1 3673
1 500
1 344
2 1159
2 2422
1 653
2 2288
2 1141
1 2158
2 1946
2 3220
1 1335
2 2228
2 2776
1 3105
1 1051
1 2135
1 558
1 1085
2 331
1 1036
1 1451
2 2623
1 2642
1 3600
2 3673
1 2224
1 1836
1 1417
1 3431
1 1686
2 2241
2 2328
2 2289
2 303
2 1360
1 2943
2 2237
1 2200
1 3017
1 1058
2 1785
1 3029
2 1676
2 3017
2 2410
1 2879
2 1627
2 2437
1 339
1 768
1 1237
2 1792
1 3229
2 2770
2 3773
1 3121
1 766
2 1200
2 3002
2 3367
1 1287
2 2742
1 840
2 715
1 378
1 2991
2 3096
1 3560
2 1865
2 1576
2 1490
2 2340
1 410
1 1200
1 406
2 1651
2 2638
1 1107
2 2649
2 2502
1 1060
2 1305
1 1391
1 3042
1 407
2 3484
2 3729
1 1616
1 42
1 749
1 2314
1 831
2 1069
1 1290
2 3388
1 1788
2 3221
2 2888
2 790
2 1657
2 3491
1 2965
2 2377
1 1000
1 1857
2 706
1 14
2 755
1 1878
1 3021
2 3784
2 2702
1 2708
2 3055
1 1437
2 777
2 1488
2 2777
1 3037
2 2590
2 2072
2 3010
1 1328
2 1799
2 27
1 1673
2 2835
2 2019
1 1983
2 2366
2 1691
2 2183
1 264
2 1289
2 2889
1 2421
2 727
2 835
1 2056
2 2941
2 147
2 3679
2 2954
1 3726
1 627
2 2195
2 2909
2 3005
1 418
1 1892
2 3227
2 599
1 1649
1 2028
1 3654
2 164
1 3162
1 3
1 228
1 1768
2 417
1 1706
1 2973
2 3033
1 1355
2 658
1 385
1 3588
1 3340
1 1239
1 2614
1 1157
2 1498
2 2625
1 3140
1 1733
1 610
2 491
2 365
1 394
2 749
2 1304
2 165
2 2213
2 776
1 1794
1 3179
2 2613
1 2352
1 402
2 82
2 78
2 2389
2 2225
1 952
2 2122
2 1823
2 1362
1 2687
1 3136
2 3437
1 1585
2 38
2 2121
2 1154
1 446
1 1439
2 3263
1 688
1 1797
1 1672
1 3639
1 171
1 560
1 1111
2 160
2 692
1 57
2 890
2 3454
2 136
1 1960
2 3122
2 1115
1 3344
2 425
1 9
1 690
1 967
1 743
2 813
2 3324
2 2655
2 2988
2 3559
2 3133
2 819
2 248
1 2290
2 3205
2 851
2 2852
2 2573
2 3730
1 3056
1 2973
2 1082
1 554
1 1039
2 2712
2 1957
2 2876
1 2906
2 728
2 1808
1 1929
2 1464
1 3699
2 2014
2 3289
2 2849
1 240
2 285
1 1548
2 2703
2 1142
2 3542
1 592
2 2339
2 1487
1 1246
2 3558
1 1658
1 3742
1 508
1 3294
2 546
2 3050
1 2296
2 2139
2 181
1 3746
1 2815
1 172
1 1011
2 3165
1 3129
1 154
1 2021
2 310
1 2769
1 2578
2 356
2 144
1 1002
1 2782
1 976
2 1403
2 1604
2 3067
2 527
1 2158
2 885
2 2096
1 1388
1 3484
2 984
1 2378
2 3396
1 3774
1 491
2 2745
2 856
2 1811
2 3202
2 2025
1 493
2 3655
2 2629
1 1108
1 1010
2 796
1 2101
2 3215
1 2344
2 3565
2 1367
1 1661
1 1865
2 1880
1 3242
2 2999
1 3366
1 829
1 3439
1 1806
1 2453
1 3100
1 3581
2 2387
2 1345
2 3247
1 3385
1 1301
2 627
1 3397
1 2489
1 286
2 2128
1 671
2 421
1 1418
1 2417
2 2664
2 517
1 1269
2 2583
1 1683
2 47
2 2260
1 3535
1 2976
1 32
2 2105
1 2310
1 2774
1 209
1 3480
2 476
1 1583
2 3412
2 1442
2 1337
2 1807
1 1207
1 1747
2 438
1 472
1 2386
2 1469
2 2620
2 3752
2 3188
1 2009
1 2241
1 2457
1 1538
2 3197
1 2444
1 2202
1 650
1 1740
2 3343
1 2415
2 3598
1 2212
2 2650
2 1898
2 3637
2 306
2 753
2 3246
2 2586
1 1172
2 1684
1 2320
1 1640
2 3735
1 732
2 2559
1 370
2 2697
1 1387
1 117
1 1464
1 3176
2 1082
2 3019
1 930
1 2240
1 2527
1 1223
1 1563
1 3438
1 2236
1 1708
2 552
1 3705
2 674
1 3457
2 1964
1 745
1 2332
2 2571
1 3048
1 3336
2 275
2 635
2 3531
1 750
2 1684
1 1607
1 2200
2 3171
2 2087
2 1163
2 1028
2 100
1 2565
1 1570
2 3346
2 2053
1 1772
1 55
1 1145
1 3603
2 1679
2 3321
2 3714
1 1997
2 3320
2 86
1 628
1 843
1 1893
2 1248
1 2342
2 2438
2 3723
2 2253
2 2140
2 2916
1 2012
1 1700
1 2932
1 703
1 1595
2 1481
2 3448
2 3439
2 2788
1 2913
2 742
1 3169
2 3104
1 3174
2 2013
2 1836
1 1559
1 1296
1 40
2 2994
1 1523
2 3225
2 1873
2 2771
1 2902
1 593
1 1394
2 3328
1 1275
2 2007
2 3573
2 498
2 473
2 321
2 3265
2 2284
2 1425
1 528
2 332
2 2201
2 3625
1 1503
2 3754
1 2265
1 1176
1 297
2 3147
1 629
2 1908
2 1268
1 225
1 3214
1 1628
1 2641
1 3236
2 2690
1 3453
1 503
2 199
1 2746
2 688
1 2901
1 1569
2 1339
1 3112
1 383
1 3006
2 2424
1 2127
2 2157
1 996
1 2698
2 2253
1 656
1 1283
1 2466
1 366
1 1154
2 1454
2 2966
1 1229
2 2967
1 673
2 2248
1 3420
1 1934
2 3190
1 1092
2 1610
1 2862
1 1965
1 3079
1 1209
2 3401
2 2624
1 1642
2 2434
1 477
1 235
1 391
1 3043
2 464
1 1294
2 1820
2 1829
1 3666
1 2301
2 2230
2 33
1 118
2 3100
1 923
1 607
2 2049
1 3507
2 974
2 6
2 2022
1 3463
2 2721
1 1081
2 408
2 171
1 2076
1 3436
1 3504
1 857
1 2063
2 282
1 3347
1 3580
2 1131
2 3024
1 803
1 432
1 432
1 2468
2 3159
2 259
2 2358
2 2636
1 939
1 2229
1 3559
1 1936
2 2362
2 684
1 61
2 292
1 2470
1 1303
2 3756
1 748
1 1767
2 2850
1 3710
2 2284
1 2761
2 1672
1 2526
2 2488
2 3660
1 2360
2 3648
1 1805
2 450
2 2945
1 1618
1 511
2 345
2 984
1 210
2 3735
2 2406
2 1769
1 3668
1 1529
1 997
1 910
1 2789
1 1957
2 950
1 2885
2 411
2 3358
2 2869
1 1481
2 1985
2 2129
1 1023
2 758
2 3198
1 1686
1 422
1 2121
2 443
1 29
1 550
1 1568
2 3264
1 611
1 2710
1 1962
1 3516
2 3139
2 2942
2 2059
2 3548
1 2045
1 1157
1 1548
1 441
1 339
2 1688
2 53
1 1910
2 3599
2 623
2 3512
2 2069
2 2275
1 2191
2 2634
1 2487
2 3532
2 1466
2 1645
2 3228
2 2887
2 1787
2 156
2 2195
1 2051
2 2255
2 2586
2 2915
2 2800
1 2791
1 59
1 876
1 1659
2 3650
2 1791
1 2233
1 1699
2 3097
2 103
1 148
2 1421
2 2877
1 1411
1 342
2 3145
2 2606
1 3178
2 2755
1 2961
2 2141
2 36
2 114
2 949
2 2308
1 767
1 1598
2 470
1 3395
1 2035
1 166
2 3137
2 2895
1 1793
1 586
1 3747
1 1885
1 671
2 2295
1 641
1 99
1 2608
2 3759
1 2103
2 3386
1 1599
1 1576
2 660
1 849
1 1517
1 453
1 3449
1 2329
1 1443
2 2125
1 2500
2 1928
2 3333
2 1986
2 3038
1 3119
1 1063
2 3249
2 3331
1 686
1 2584
1 1794
1 1832
1 612
1 3004
2 672
2 1069
2 792
2 1076
2 2925
1 896
1 1029
2 1240
2 356
1 660
1 2858
1 802
2 2883
1 3093
1 1609
1 2759
2 494
1 2102
2 3568
2 2442
1 3230
1 3595
2 3083
1 3551
2 2164
2 806
2 2787
1 381
1 1941
1 1969
1 534
2 1212
1 458
1 207
2 1923
1 1833
1 827
2 1228
1 1637
2 1970
2 1230
1 2529
2 2807
2 2918
2 3394
2 460
2 2764
1 2064
2 3314
1 176
1 3721
2 3085
2 2456
1 3625
2 824
1 2679
1 620
2 2214
2 3693
1 485
1 3254
2 2106
2 2064
2 3225
2 2393
2 3117
1 3272
2 2660
1 825
2 492
1 352
1 3189
2 2959
1 456
1 1232
2 2768
1 914
2 1228
2 2847
2 415
2 940
1 2605
2 1178
1 3480
1 2541
1 1061
2 1160
2 2577
2 908
2 2775
1 3447
1 1359
1 1716
1 992
2 2352
1 1829
2 1744
2 569
2 2333
2 1968
1 2985
2 1448
1 129
1 3095
2 2972
2 2363
1 3510
1 418
1 358
2 778
2 1465
1 2055
1 1512
2 305
1 2996
1 770
2 2684
2 1063
2 1277
2 2204
2 2688
2 1933
1 2968
2 1883
2 2372
2 2173
2 1007
2 2067
2 1510
1 1850
1 1395
1 2955
1 484
1 714
2 2199
2 1070
1 208
1 3391
2 716
2 2729
1 2556
2 2677
2 699
1 2159
1 3481
2 2738
2 1135
1 1585
1 1830
1 3262
1 2179
1 1973
2 1333
1 2425
2 1889
2 1370
2 1377
2 3184
2 970
1 1193
1 1477
1 3698
2 3026
2 989
2 1260
1 288
1 950
2 1805
1 2014
2 2619
2 1528
2 2751
2 1902
1 2192
1 779
1 3702
1 1934
2 3665
1 3282
1 3478
1 709
2 2283
1 893
2 2490
1 1122
1 2383
2 2911
1 3332
1 2310
2 489
2 151
2 1009
2 1204
2 3707
2 107
1 81
1 3733
1 156
2 203
1 916
1 2079
1 2227
1 3314
1 2650
2 3356
1 3592
2 2989
2 2630
1 1978
2 695
1 2433
2 298
1 2799
2 2867
2 3708
2 140
1 2321
2 2373
2 958
2 1882
2 1895
1 1737
1 3514
1 1884
1 3146
1 2736
1 1188
1 2748
1 861
1 1054
1 2357
1 803
1 1013
2 3153
1 1268
1 2207
2 3783
2 2804
1 1589
2 2685
2 1386
1 224
2 3085
1 1496
2 3199
2 2205
1 131
2 3589
2 1431
1 2599
2 2391
2 2760
2 3424
1 260
1 102
1 1327
2 561
1 2094
1 416
1 2889
2 304
1 1120
2 284
2 2208
2 2824
1 3681
2 1027
2 51
2 2542
2 981
2 231
2 1356
1 960
2 1907
1 2126
1 2311
2 1098
1 3528
2 1320
1 2222
2 1819
2 1144
1 1763
2 371
2 2538
1 2506
1 2346
1 3196
2 1693
2 3410
1 2423
1 3391
2 1552
1 243
2 2633
1 1677
2 1726
2 2131
2 495
2 665
2 2627
2 13
1 2955
1 3334
2 152
2 2202
1 1213
1 12
2 1854
2 3167
2 587
2 63
1 1332
1 1087
1 1336
2 1765
1 3369
1 3025
1 1505
2 110
2 2786
2 1247
2 1560
1 3167
1 2221
2 1374
1 1313
1 2459
2 3036
2 3338
1 242
1 3018
1 3413
2 2094
1 537
2 1462
1 2704
1 2693
2 3323
1 2242
1 937
2 2218
1 2567
2 1691
1 2074
1 2247
1 2694
1 3425
2 2927
2 3423
1 43
2 253
2 2717
2 1671
1 2067
2 43
1 2537
2 601
1 617
2 1452
2 2892
1 2403
2 629
1 3513
1 256
1 1896
2 3398
1 2970
2 3108
1 2354
1 2790
1 2165
1 975
1 2692
2 1308
2 3500
1 1771
2 1429
2 2547
1 1626
2 430
2 3627
1 643
2 1173
1 1047
1 2681
1 1998
2 3529
2 2672
1 3629
1 1567
2 1680
2 504
2 1469
1 1994
2 3296
1 2187
2 3118
1 3102
2 221
1 919
1 2595
2 3309
2 1670
2 2800
1 1841
1 3763
1 299
1 3278
1 721
1 1003
1 161
2 3027
2 1593
2 3785
1 601
2 2432
1 1500
2 2256
1 295
2 2060
1 2055
1 867
1 2307
2 1956
2 2570
2 349
2 70
2 144
1 1676
1 349
2 2913
1 3585
2 1501
2 2739
2 3164
1 2598
1 3788
1 163
1 3762
1 3256
2 661
1 2611
2 2744
1 3552
2 3662
1 870
2 528
2 1430
1 2100
1 1799
2 2952
1 2222
2 20
2 2880
1 3114
1 111
2 927
1 625
1 3007
1 2034
1 472
2 2217
2 3533
2 2942
1 1503
1 2552
1 794
2 520
1 2162
2 1812
2 263
2 3268
1 2320
1 2924
1 987
1 535
2 3335
2 2871
2 2474
1 2205
2 2123
1 77
2 393
2 54
2 2821
2 2297
2 2467
2 2090
1 2050
1 1662
1 1199
2 2818
2 1118
1 2484
2 2086
2 637
2 613
2 2917
2 2671
1 3705
1 3310
1 1424
2 1802
2 1981
1 2819
2 1877
2 2432
2 518
2 1677
1 1511
2 1093
2 2684
1 1737
1 2180
2 1097
1 1621
2 2835
1 2252
1 2455
1 3365
1 752
2 2912
1 1948
1 2344
2 3285
1 2370
1 121
2 1404
1 1226
2 576
1 1135
2 2728
1 2890
2 1639
1 2700
1 1139
2 1279
2 1067
1 1644
2 847
1 222
2 555
2 478
2 1587
1 265
2 1542
2 854
2 1310
2 3572
2 3342
2 831
2 44
1 3154
1 1092
1 1591
1 2054
1 2293
1 1196
1 3354
1 3157
2 3715
1 2476
2 1699
2 2513
1 119
1 3126
1 3731
2 3261
1 2062
2 1648
1 346
2 789
2 898
1 2602
1 2554
1 2950
1 1276
2 1822
1 1963
2 1572
1 145
2 1646
1 1455
1 2211
2 235
1 2266
2 3465
2 143
2 1003
1 141
2 1801
2 1955
2 3681
1 1669
1 1015
2 2433
2 1095
1 1307
2 784
1 1522
1 3464
2 2430
1 3354
2 2582
2 322
2 1326
2 2967
1 3175
2 3379
2 1518
2 961
1 112
1 2
1 618
2 2981
2 1389
1 2514
2 2559
2 2991
2 3113
1 1533
1 195
2 2577
2 83
2 2172
2 3195
2 748
2 3568
2 1338
2 1267
1 3406
1 3284
2 1999
2 3531
1 1011
2 55
1 175
2 2966
2 2591
2 2196
2 3295
1 3146
2 1203
1 1407
2 79
1 2460
1 3028
1 3734
1 3432
1 452
1 2856
2 2658
1 1959
2 3177
2 567
2 3692
1 2084
2 2658
2 3184
2 2136
1 2758
1 3342
1 897
1 3686
2 3560
1 949
1 3063
1 3778
1 361
2 456
2 1350
1 859
1 536
2 2175
2 778
2 664
1 3324
1 732
1 759
2 918
2 1919
2 3326
1 1728
2 2957
2 624
1 1153
1 494
1 1654
1 2980
1 2231
1 2104
2 659
1 2919
1 3737
1 2994
2 915
2 2820
2 2244
1 769
2 2252
2 2190
2 3482
2 2616
2 711
1 755
2 3787
1 2653
2 374
1 2451
1 2917
2 479
2 1619
1 1872
2 3687
2 8
1 3047
1 573
2 475
2 670
1 3183
2 3469
1 1161
1 270
1 1639
1 548
1 3035
1 22
2 2801
1 1215
2 1029
1 3452
1 2702
1 2160
2 2340
2 2018
1 2003
1 1008
2 783
2 2381
2 2814
2 1398
2 3562
2 1711
1 2958
1 2145
1 106
2 3797
1 1314
2 3295
1 124
1 2355
2 2868
2 3049
1 714
2 2507
1 3702
1 269
2 2413
2 2631
2 615
2 3213
2 2171
2 3515
1 1777
2 3670
2 1774
1 1803
1 1663
2 691
1 2749
1 2477
2 2511
1 920
2 2857
2 1636
1 1612
2 3756
2 2294
2 3196
1 74
2 1806
1 764
2 2530
1 3106
1 1967
2 2583
1 1603
1 186
2 346
1 1075
2 1719
2 2398
2 184
1 3203
2 3258
2 343
2 874
2 1600
1 862
2 1456
1 3082
2 568
2 509
1 3652
1 2698
2 692
2 230
2 3041
1 2356
1 3188
2 1597
2 3009
1 2178
2 1241
1 814
1 3163
2 3632
1 2165
1 2209
1 1061
1 1191
2 687
1 3113
1 30
2 1767
1 1961
2 988
1 3578
2 1033
2 1527
1 1198
2 285
1 908
1 1386
2 1169
1 165
1 1285
1 3312
1 2261
1 635
2 1346
2 1218
2 700
1 446
2 2449
2 1682
1 2058
2 3653
1 113
2 871
2 3012
1 15
1 2345
2 1901
1 210
2 3294
1 206
2 1833
1 3304
2 3567
2 776
2 1549
1 667
1 1837
2 717
2 1259
1 552
1 3009
1 1422
2 1948
1 1323
2 3152
2 3656
1 2278
2 1261
2 395
2 1988
2 312
2 3507
1 3053
2 2626
1 3329
1 3423
1 3739
2 1040
2 75
1 3451
1 2274
2 3515
2 3522
1 1926
2 1783
2 1789
1 409
1 3487
1 271
1 2705
1 570
1 1474
2 2519
2 3478
1 2006
2 1571
2 2934
2 1413
1 1801
2 1760
2 2870
1 2115
1 2426
1 1118
2 1877
2 3125
2 910
1 3653
2 1860
2 37
1 675
2 3107
1 1252
2 1007
1 123
1 116
1 2839
1 1863
2 828
2 2325
2 3607
1 2288
1 1183
1 1122
2 1832
2 2645
1 580
2 428
1 2029
2 3117
2 2618
1 461
1 2960
1 3742
1 2114
2 139
1 2335
1 2940
1 2919
1 574
1 373
2 793
2 3442
2 879
2 1554
2 3164
2 3789
2 827
2 3539
2 158
1 568
1 2411
1 1564
1 3182
1 1614
1 176
1 1148
2 925
1 3766
1 2556
2 2061
2 1419
2 1074
2 1136
1 1225
1 2718
2 2898
2 3725
1 1294
1 21
2 1574
1 128
1 3611
1 3007
1 2566
1 2020
1 977
1 3373
2 1109
1 2739
2 3526
2 3679
1 466
1 3349
1 826
2 368
1 1258
2 3181
2 3233
1 127
1 442
2 264
2 3292
2 3719
2 3212
1 1253
2 2590
1 603
2 2918
1 925
2 307
1 3733
2 2039
1 326
2 1390
2 2418
2 1689
1 2319
2 1713
2 2924
1 1728
2 2796
1 3404
2 3600
1 3090
2 3370
2 1412
1 718
1 2239
1 868
1 1606
2 2714
1 1911
2 3580
1 2471
2 1317
2 2259
2 823
1 3213
2 15
1 822
2 1004
2 2678
1 3744
2 3259
2 1405
2 106
1 375
2 1893
2 3775
2 3259
2 694
2 2303
1 1340
1 2801
1 103
2 3541
2 3435
1 73
2 1630
2 3015
1 3070
2 1667
1 1773
2 1461
2 1569
1 60
2 1736
2 3239
1 46
1 1197
2 1202
2 3495
1 3271
2 1975
2 1971
1 904
1 2329
1 3686
2 1457
1 2539
2 1931
1 1052
1 3793
2 3690
1 2585
1 412
1 419
2 1837
1 708
2 1787
1 3068
2 947
2 2851
2 2311
2 1870
2 2245
1 2769
2 3430
1 2765
2 3332
2 1376
2 3765
1 3089
2 421
2 11
1 2582
2 1739
2 193
2 1334
1 1442
2 1484
1 1492
1 2478
2 1182
2 2394
2 1114
2 241
1 3606
2 2659
1 3291
1 2773
1 1597
1 3033
2 817
2 3185
1 1230
2 744
2 921
2 466
2 1125
2 2843
1 3031
1 1817
1 1712
2 3481
1 3407
1 3570
1 1360
2 1886
1 2491
2 3283
2 2273
2 3616
2 1809
2 1535
2 728
2 775
2 3088
1 2489
2 2772
1 854
2 301
1 1380
2 2823
1 1956
2 795
2 2871
1 1446
2 483
1 3554
1 2532
1 1354
2 1709
1 3414
1 3267
2 2635
1 1724
1 2660
2 2523
1 1211
1 1297
2 3510
2 2179
2 3296
1 583
1 3542
1 2274
2 559
2 1110
1 467
2 3546
1 2820
2 2354
2 2464
1 229
1 3372
1 1995
2 3011
1 263
1 2761
2 266
1 1602
1 2501
1 3149
1 899
1 1174
2 1879
1 2426
2 1256
2 177
2 2234
1 3610
1 501
2 2798
1 1632
1 1715
1 1116
1 825
1 1123
1 1920
1 217
1 1147
2 1127
1 929
2 737
2 170
1 682
2 2309
1 2463
1 1270
1 3791
2 1035
2 1579
2 2020
1 2793
1 3276
2 1619
2 1979
1 336
2 318
1 1320
2 1120
2 2863
1 2285
1 3533
1 1919
1 2279
1 3155
1 160
2 3648
2 3692
1 2726
2 1734
1 200
1 2964
2 2193
1 2736
2 2743
2 240
1 3467
1 525
2 2695
2 595
2 2250
2 885
1 401
2 2670
1 996
1 608
2 57
1 52
1 2753
2 348
2 1516
2 3208
2 3519
2 774
2 1773
1 3198
2 2509
2 3216
1 899
2 65
2 2676
2 1493
1 490
1 1693
1 1175
2 3034
2 2098
1 2972
2 3684
1 428
2 2138
2 3235
2 2267
2 1394
1 851
2 2464
1 3051
1 2703
1 24
1 1160
2 3200
1 3728
2 1912
2 3210
1 959
2 701
1 1526
2 2524
2 1311
1 2987
2 1730
1 583
1 2226
2 1485
1 1953
2 1410
2 1706
1 2374
2 1246
2 1994
2 2830
1 3302
1 1725
2 324
1 316
2 395
1 1835
2 2870
2 2562
1 1979
1 2985
2 379
1 901
1 88
2 257
1 2256
2 2920
1 2711
1 1035
2 482
2 2407
2 1800
1 1227
1 3740
1 2819
2 3227
2 454
2 87
2 2031
1 2167
2 563
1 1038
2 2699
1 543
1 2838
1 1718
1 1532
2 2952
2 1820
2 2113
1 1195
1 2155
1 1099
2 3630
1 2238
2 2251
1 870
2 315
1 2486
2 2093
2 2585
1 2070
2 1419
1 3748
1 2926
2 2194
2 1177
1 2929
1 1494
1 2715
1 376
1 212
2 2697
1 938
2 1700
2 1867
1 2132
1 3493
1 1591
1 295
2 2151
1 2833
2 2361
2 2855
1 848
1 1534
1 1899
2 3495
2 2384
1 3524
2 2562
2 651
1 3010
2 1971
2 2669
1 3058
1 3275
2 2675
1 1835
2 327
2 2351
2 3291
2 1086
2 2485
1 664
2 1353
1 1242
1 3759
2 1116
2 201
1 1577
2 1335
2 3
2 1053
2 531
1 3111
1 3583
1 241
1 1537
2 678
2 3466
1 1796
1 2380
2 3609
1 668
2 2337
1 3435
1 3286
1 1278
1 1816
1 1925
1 1599
1 60
1 860
1 282
2 2260
2 986
1 1306
2 2581
1 2939
2 1880
2 634
2 115
2 972
2 1861
2 1795
2 848
2 1950
2 2153
1 3743
2 1318
2 413
1 1343
2 2185
1 3594
2 3419
2 1105
1 434
2 2323
2 3192
1 1145
1 256
2 1516
2 985
2 677
2 2368
2 733
2 3488
2 2045
1 1005
2 2837
1 342
2 2949
2 3173
2 2042
2 931
2 1212
1 3156
1 3786
2 1753
1 3134
2 2116
1 1396
2 3717
1 2634
2 1654
2 3621
2 3588
2 1730
1 1304
2 1588
1 3509
2 1155
1 1898
2 2258
1 269
2 1883
2 3110
1 3532
1 1939
1 3667
1 880
2 1309
1 2575
1 942
2 859
2 1703
2 1331
1 876
1 1763
1 2900
1 2124
1 132
1 2360
1 1224
2 1864
2 2465
1 434
1 922
2 881
2 736
1 596
2 3039
2 2643
2 2812
2 3477
2 1128
2 1189
2 364
2 902
1 2713
2 834
1 3789
1 1449
2 3236
1 4
2 1729
1 3099
1 2106
1 674
1 73
2 3237
2 1338
1 2827
1 770
2 1046
2 3699
1 730
2 76
1 1144
2 1164
2 1531
2 565
1 136
1 943
2 2730
1 816
1 2561
1 2936
1 2746
2 753
2 3245
2 3636
2 3472
1 3201
2 1438
1 2661
2 1049
1 281
2 2169
2 855
1 1909
2 2301
1 1841
1 1281
2 649
2 1078
1 1140
1 3226
2 2662
1 2159
1 2759
1 1547
2 3567
1 1824
1 50
2 1249
2 1236
1 2644
1 875
1 3617
2 3494
2 839
2 2864
2 934
1 2504
2 3281
1 2216
2 3092
2 2543
1 2682
1 496
1 1502
2 994
2 2193
1 497
2 471
1 919
1 290
2 3166
2 3063
2 681
2 1250
2 1707
1 109
2 1738
2 3376
2 1041
1 1667
1 2657
2 3499
2 268
1 573
1 3041
2 3352
2 1401
2 1681
2 3657
1 2436
1 989
2 2375
1 3446
2 2977
2 3586
1 265
1 3492
1 3411
2 392
1 1325
1 3720
2 1274
2 1656
2 3584
2 2316
1 3569
1 936
1 3388
2 2990
2 1581
1 720
1 99
2 2944
2 3521
2 2740
1 3233
2 2440
1 1077
2 1970
1 1322
1 2461
2 462
2 2536
1 1287
2 3471
2 2048
1 1192
2 645
2 1616
2 1748
1 1889
2 556
2 121
2 1702
2 3382
2 1247
1 1402
1 3094
1 1634
2 2084
1 137
1 320
2 2472
2 999
1 74
2 1284
2 1769
1 3006
1 1504
2 3656
1 293
1 2825
1 3458
2 1055
2 1352
2 3781
1 661
1 3080
1 1121
2 1101
1 3409
2 509
2 1165
2 2374
1 2493
2 1244
2 884
2 2907
1 3494
1 903
1 557
2 1798
2 2588
1 1211
1 2140
1 1300
1 773
2 2203
2 2427
1 2198
1 1100
2 1881
2 3191
1 532
1 109
2 872
1 350
1 122
1 2958
1 1937
1 3748
1 2286
1 431
2 1001
2 3772
1 1088
1 641
2 1477
1 2299
2 2099
1 3138
2 1602
1 2854
2 1992
2 2334
2 2312
1 2401
1 1924
2 2548
2 2452
2 902
2 1101
2 1286
2 1441
1 2873
1 1704
2 2543
1 2997
2 3469
2 2707
1 261
2 2601
1 1765
2 622
1 588
2 3048
1 288
2 3089
1 3589
1 3530
1 844
1 2587
1 2448
2 1784
1 1052
2 157
2 3768
2 1361
2 92
1 2935
2 1034
2 2328
1 1323
1 153
2 2900
2 544
1 1973
2 3305
2 1888
2 3298
1 2017
1 2495
2 3455
1 2895
2 1115
1 3624
1 3553
1 647
2 1689
1 2065
2 2231
1 1452
1 273
2 2512
2 1827
1 3563
2 3622
1 2472
2 1411
2 553
2 1651
1 2975
2 2009
2 3658
1 276
2 1479
1 577
1 1032
1 3408
2 665
2 3092
2 2963
1 2087
1 197
2 1261
2 2486
2 3338
1 1808
1 1072
2 1163
1 3784
1 1652
1 2005
1 2696
1 1384
1 2975
2 911
1 2956
1 2811
1 2792
1 175
2 2176
1 1310
1 3732
2 1821
2 3217
1 146
2 377
2 2619
2 3785
1 3355
1 1622
2 982
2 159
2 1138
1 3357
2 736
2 2598
1 1996
1 333
2 662
1 3411
1 1376
1 273
1 1863
2 441
2 1489
2 237
1 804
2 2671
2 382
2 126
1 1166
1 3440
1 2564
2 1710
1 2078
1 2680
2 3479
2 3152
1 2247
1 3177
2 706
1 1951
2 3658
1 3382
1 1826
2 199
2 3628
2 2398
2 862
2 474
1 2893
1 508
2 1565
1 2365
1 3194
1 3144
1 3072
1 350
1 1385
1 3077
2 3119
2 465
2 933
1 504
2 122
2 359
1 2816
1 1370
2 3792
2 5
1 830
2 1471
2 2181
1 404
1 3709
2 526
2 1168
1 515
1 843
1 348
2 3204
2 2263
2 1527
2 438
1 1917
1 3067
2 2336
2 1062
1 3008
1 2554
2 3058
2 3675
2 3357
2 1110
2 1252
1 2812
2 292
1 1075
1 1409
1 3552
2 3514
1 2395
1 1459
2 717
2 965
2 25
1 2152
1 2483
1 1065
2 1342
1 1307
2 3548
1 2091
1 3001
1 1137
1 352
1 1915
1 696
1 159
2 3437
1 889
1 2914
1 2906
1 3639
2 3758
2 1774
1 2574
1 1306
2 449
2 3409
2 2518
1 3246
2 928
1 1260
1 2255
1 2012
1 2552
1 2558
2 681
2 2930
2 1366
1 3436
1 572
1 1417
2 2594
2 189
1 3181
1 3399
2 3057
1 2238
1 18
2 1653
1 580
1 2997
2 3131
1 2054
1 965
1 523
2 1238
1 1495
2 3743
1 2330
1 328
1 2797
1 1964
2 2359
1 2570
1 1575
2 198
1 1356
1 2521
2 657
1 2866
2 2536
1 2224
2 443
2 648
2 3299
1 3660
2 1966
2 2699
1 586
1 2209
2 1243
1 2410
2 2579
2 344
1 2627
1 2456
2 3099
1 962
2 1869
1 3703
2 737
1 772
1 335
1 687
2 2305
2 2938
2 2604
2 799
1 2762
2 3645
2 2075
1 1928
2 1143
2 1020
1 3671
2 1770
1 1414
2 3623
2 2281
1 1514
2 135
2 3211
2 1590
2 2873
2 3602
2 173
1 2763
1 764
2 3084
2 1136
2 1702
1 355
2 1302
1 1425
2 454
2 2411
1 2156
2 617
1 2481
2 3199
1 2050
1 924
1 807
1 3689
1 2112
1 130
2 3255
2 673
1 3195
1 2853
2 3226
2 3755
1 1017
1 327
2 387
1 503
1 756
2 2480
1 3121
1 836
2 320
2 403
2 237
2 1656
2 1372
1 3380
1 1582
2 2727
2 3392
2 3627
2 1981
1 10
2 1126
1 1483
2 2435
2 3688
2 3706
2 1990
1 2008
2 1083
2 3461
1 2738
1 1508
1 1818
1 33
2 1777
2 2846
1 437
1 1439
1 48
2 1208
2 2897
1 3605
1 410
2 1710
2 1936
2 2851
1 213
2 3008
1 3432
2 2190
1 1148
1 1663
1 1780
1 212
1 3404
2 287
2 3242
1 3626
1 2081
1 2047
2 766
2 887
2 570
1 247
1 3054
1 94
2 1173
2 2480
1 2302
1 974
2 3137
1 3665
1 3525
1 672
2 1891
1 1423
1 2039
1 2549
1 3701
1 856
1 719
1 722
2 1512
1 3345
2 512
1 284
1 177
2 2939
1 2174
2 2135
1 1278
1 386
2 2071
2 2163
1 2811
2 1106
2 3470
2 1798
2 1993
1 2150
2 1756
1 2254
1 3777
2 1346
2 1129
2 3475
1 2735
2 1210
1 704
1 888
2 1547
2 1030
2 571
1 614
1 589
1 2509
1 3145
1 2600
1 1617
2 2689
2 2116
2 3173
2 3669
2 341
1 1922
2 1697
1 2322
2 2396
1 3668
1 3231
1 1025
2 381
2 3160
1 3103
1 397
2 683
1 2130
2 3541
2 1155
1 2551
1 513
2 1715
1 590
1 21
1 3502
1 3118
1 1907
1 2776
2 3120
2 3142
2 2111
1 3090
1 3563
1 314
2 3590
1 2318
2 1130
1 2576
2 3477
1 816
2 2657
2 533
2 2285
1 1724
1 3638
1 2052
2 960
1 1095
2 680
2 3120
1 2945
1 247
2 3023
1 1539
1 3087
1 726
2 2948
1 840
2 2273
2 3741
1 2151
1 393
2 2412
2 1315
1 209
1 2884
2 963
1 1079
1 1943
1 2322
1 2462
2 2983
2 1162
1 1733
2 141
1 645
2 1463
2 1752
1 69
2 1860
1 895
2 1184
2 2980
2 3371
2 2665
2 2134
1 2133
2 1169
2 945
2 375
2 3032
1 2361
1 239
1 2191
2 3365
2 667
1 1251
1 2423
2 3716
1 582
1 2533
2 1128
2 138
1 3297
2 366
1 1911
1 1766
2 1315
2 3462
1 3084
2 1322
2 3779
2 1696
1 149
2 313
1 2775
2 396
2 675
2 2867
2 1064
2 3066
1 2186
2 3044
1 164
1 1580
1 2387
1 2323
1 2138
2 2417
1 1990
1 1944
1 1859
1 1171
1 3109
1 1707
1 659
2 2225
1 3080
2 1459
2 2419
2 3206
1 1434
2 40
2 636
2 631
2 1804
1 1263
2 2326
1 1759
1 793
2 473
2 19
1 1141
1 2886
1 1866
1 2596
2 1641
1 3284
1 1257
2 2186
2 2452
2 577
2 3622
2 1165
2 2840
1 2555
1 2391
2 1362
1 1034
2 236
1 1849
1 2188
1 2730
1 2206
1 1465
1 3729
2 867
2 880
2 3319
2 3488
2 3713
2 2429
2 1727
2 2560
1 2764
2 3263
1 1666
2 104
2 3016
1 3169
1 741
2 1365
1 1276
2 2240
2 2459
2 3640
1 525
2 2481
2 2522
2 189
2 783
2 2715
1 2724
2 2771
1 2573
2 787
1 1005
2 1404
2 400
2 2326
2 3224
1 2143
1 113
1 2124
1 767
1 3649
1 519
1 3556
2 2404
1 3313
2 3740
2 1031
1 334
1 305
1 220
2 1776
2 369
2 329
2 2858
1 1618
2 1828
1 391
2 2803
1 710
2 569
2 3534
1 2258
2 1636
2 3635
2 1243
1 1845
1 3455
1 2773
1 211
2 1586
2 228
2 3123
1 3631
2 1749
2 448
1 1669
2 2448
2 1426
2 1897
1 2569
2 866
2 2496
2 1643
2 980
1 1978
2 2147
2 2683
1 2899
2 216
1 486
2 632
1 765
1 929
2 179
1 1884
2 1280
2 2654
2 2971
1 2640
1 3707
2 2029
1 2604
1 2511
2 3783
2 2571
2 3130
2 234
1 1421
2 1972
1 1273
1 1184
1 1021
1 2440
2 3444
1 3130
2 2025
2 2667
1 28
1 1890
2 2424
2 3249
1 758
1 2829
1 187
2 119
1 1379
2 3418
2 3135
2 39
2 2757
1 598
2 2399
2 2019
2 1220
2 3672
2 3142
2 325
1 2516
2 2338
1 2164
1 1550
2 424
2 433
2 3238
1 97
1 826
2 2077
1 489
2 3720
1 1642
1 3780
2 2162
1 2908
1 2088
1 707
2 3197
1 2659
2 2842
1 1378
1 1010
2 1876
1 668
1 3408
1 1566
1 3449
2 841
2 526
2 905
1 1514
2 3056
1 2910
2 1429
2 3633
1 2168
1 1886
2 3615
1 3271
1 2655
1 1424
1 3601
1 1568
1 3170
1 2118
2 1704
2 2144
1 2726
2 3473
1 3366
1 2922
1 2550
2 2414
1 864
2 2921
1 330
1 138
2 3012
1 2537
1 838
1 1375
1 3265
2 1245
1 91
2 2993
1 2709
1 3798
1 922
2 1871
1 3750
2 940
1 3311
1 1174
2 2429
1 1094
1 3240
1 3143
2 1499
2 3695
2 636
1 676
1 1555
2 370
2 2152
1 2639
1 2667
1 1797
2 2620
2 1717
1 254
1 1536
1 3243
1 2196
2 16
1 1140
2 735
2 988
1 1780
1 3530
2 2720
1 818
2 1879
2 3575
1 1099
1 2090
1 2216
2 1381
2 372
2 2963
2 2024
2 316
2 2042
1 2749
1 2832
2 3374
2 1701
2 3769
1 2795
2 49
2 1065
2 895
2 1025
1 1922
2 3696
2 3022
2 162
2 3030
2 2243
2 3287
1 2099
1 1509
2 1066
2 3539
1 1954
2 1838
2 1561
1 1723
1 3151
1 1098
2 1574
2 2505
2 3308
1 3528
1 2979
1 1791
1 619
1 998
2 1567
1 187
1 632
2 329
2 1620
2 3290
2 1391
2 3107
1 1258
2 2584
1 2438
2 1830
1 724
1 3399
2 3387
1 2673
1 2534
2 17
2 3676
1 914
1 1142
1 1943
2 3339
1 2674
1 2161
1 2353
1 90
2 3788
2 2172
2 2389
2 2787
1 436
1 1559
2 3460
1 3078
2 1546
2 3176
2 3709
2 1371
1 2683
2 3790
1 1440
2 3691
1 2268
2 3400
1 1066
1 777
2 2102
2 1754
2 2593
2 1089
2 547
2 3479
1 1016
2 719
2 3306
2 3647
1 794
1 2950
2 216
1 3661
1 522
1 2756
1 2597
2 887
2 3447
2 1094
1 3643
1 540
1 3292
1 2803
2 3218
1 3485
2 1334
2 947
1 1434
1 1201
2 782
2 2742
1 471
2 3060
2 605
1 2154
1 1347
1 751
1 1017
1 637
1 1626
1 1977
2 3700
1 453
2 2670
2 1920
1 817
2 3524
2 850
1 2824
2 1596
2 3368
2 1864
2 967
1 3771
1 1529
2 2874
1 3421
1 540
2 3483
2 3377
2 3780
2 1108
2 2405
1 1216
2 2016
2 2371
1 1190
1 1983
1 1524
2 2447
2 3558
1 1641
1 3762
2 2591
1 1817
1 2948
1 2639
1 1236
2 153
1 2520
1 1102
1 1347
1 3402
2 3500
2 3279
1 146
2 3013
1 2396
2 198
1 1215
1 1731
1 1097
2 64
1 1819
1 1311
1 1613
1 3635
2 3247
2 576
1 3244
1 2069
2 1413
1 3307
2 1828
1 2220
1 192
2 3519
1 2215
1 2287
2 2257
2 912
2 2017
2 1119
2 2969
1 1795
1 812
2 506
1 3289
2 1449
1 901
1 2239
2 2882
2 38
2 639
1 127
2 2488
2 1958
1 1660
1 2427
1 1692
1 457
1 2636
2 1821
2 2416
2 1627
1 1847
1 3095
1 3768
1 3375
2 926
1 3044
1 3424
2 1520
1 433
2 2806
2 1500
1 3403
2 3116
2 1918
1 1384
2 2479
1 2602
1 3599
2 2376
1 1844
1 416
1 2134
2 93
1 3543
2 1339
2 2010
1 1084
1 1225
1 220
2 1182
2 1012
2 1467
2 1560
1 1045
2 45
1 345
2 3511
2 959
2 3205
2 1908
1 679
2 2282
1 6
1 2631
1 2013
1 3794
2 1792
1 896
1 2081
2 28
2 1761
2 654
1 2144
2 3333
2 2557
1 3374
1 306
2 2865
1 3347
2 2491
2 3315
1 457
1 1221
2 995
2 2852
2 1220
1 3505
2 2772
2 2688
1 3327
1 713
1 3223
1 3351
2 605
1 3795
2 2931
1 7
1 3032
2 3061
2 3584
2 3381
2 2036
2 548
1 2621
2 115
1 2711
1 3031
2 1281
1 628
2 2675
2 3426
2 1151
1 1400
2 1499
1 2915
1 341
1 1903
2 3462
1 2849
2 1940
2 2935
1 1133
2 1096
1 1610
1 2609
1 1348
1 3096
2 440
1 1718
1 3013
1 957
1 1831
2 761
1 1530
2 1631
2 1781
2 520
2 1788
1 1112
2 293
2 1167
2 556
2 3208
2 2210
1 246
2 813
1 882
2 2781
1 2213
1 2912
1 1138
1 132
2 1203
1 462
1 2379
1 868
1 2031
2 1242
1 2110
1 3741
1 1235
2 2630
1 1813
2 1524
2 3751
1 1351
2 1723
1 1775
2 280
1 1945
1 2615
1 2062
2 80
2 1440
1 3573
2 883
2 96
2 1839
1 1486
2 2505
1 892
1 250
2 3353
2 186
1 1207
2 1734
2 309
1 1363
2 3132
2 2399
2 252
1 938
2 2822
2 1221
2 3786
2 2722
1 190
1 67
2 1074
1 1493
1 229
1 1849
1 1894
2 257
2 927
2 3453
1 2346
1 2916
2 3590
1 3187
1 600
2 2863
2 1113
2 431
1 3657
2 2709
1 3299
2 3698
2 3141
2 1179
2 531
1 2802
1 3376
2 1675
2 1219
2 1910
1 3643
1 600
1 604
1 2307
2 3476
1 1530
1 94
2 1655
1 1807
2 2605
2 2728
1 1275
2 819
1 846
2 1056
1 734
2 343
2 1264
1 2415
1 505
2 1578
1 1004
1 1490
2 2000
1 1513
2 376
1 3659
2 2204
1 2157
1 2719
1 89
2 2762
2 3429
2 2704
1 2795
2 20
1 2737
2 3288
1 1368
1 3230
1 1947
2 3098
2 50
2 2494
2 1750
2 828
1 2104
1 1748
1 3534
1 1235
1 1083
2 3722
2 1838
1 3667
2 328
2 2044
1 1368
1 515
2 3011
2 3738
2 585
2 2580
2 396
2 1562
2 3159
1 3400
2 287
2 2408
1 1932
2 782
1 2652
1 894
1 2071
2 2905
2 274
1 215
2 1349
2 907
2 3738
2 2893
2 1593
2 1076
2 323
2 3596
1 1551
2 245
2 2694
2 2542
1 2431
1 1589
1 2245
2 1705
1 1564
1 1918
2 997
2 2341
1 3682
2 2043
1 2510
2 1766
1 157
2 801
1 3669
2 1255
1 2226
2 1327
1 363
1 3187
1 1474
2 3254
1 3764
1 1987
2 34
2 420
2 1305
2 347
1 3468
2 2716
1 2096
2 592
1 1858
1 1462
2 1130
1 3793
1 1935
1 2689
2 219
1 192
2 1862
2 772
2 1496
1 757
2 3466
1 2176
1 2995
2 1161
2 250
1 362
2 3335
1 3220
2 253
2 283
1 338
2 1006
2 1319
1 3640
1 1779
2 1009
1 944
1 2647
2 2601
1 390
2 713
1 590
2 2937
2 2490
1 2628
1 2412
2 294
2 2623
2 1789
1 1271
2 3766
1 3773
2 2937
1 2056
2 1123
1 2219
1 2866
1 1802
1 1834
1 3440
2 1557
1 2525
1 3040
2 824
1 529
2 2264
2 3260
1 2107
1 564
2 1913
2 702
1 1363
2 875
2 3677
2 1214
1 3104
2 3556
2 135
1 863
1 3708
2 3128
2 1523
2 3340
1 990
2 3150
2 1659
2 983
2 1179
1 255
2 501
2 1448
1 2263
1 2665
1 1314
2 731
2 3544
2 1694
1 2974
1 276
2 3022
2 2845
1 3206
1 1623
2 1982
2 2002
1 2095
2 3646
1 2809
2 3642
2 524
1 1396
1 2707
2 3798
1 3680
1 476
2 3545
1 2846
2 703
1 2592
1 1088
2 1977
2 2237
1 2385
1 809
1 1885
2 2622
2 2365
2 2364
2 2458
2 1825
2 906
2 2032
1 11
2 2243
1 1540
1 1758
1 3518
1 812
1 2030
2 1420
2 1646
2 962
2 1113
1 2305
2 2097
2 1757
2 2666
1 3473
1 2896
2 2992
1 3501
2 2679
1 2450
1 2560
2 594
1 2724
2 1473
2 985
2 676
2 2498
1 2904
2 2298
2 1671
2 1634
1 1598
2 1786
2 3322
2 1573
2 1550
2 1579
2 304
2 1180
2 46
1 1628
2 3334
2 2988
2 420
2 439
2 884
1 842
1 1037
1 1051
2 3353
1 2553
1 2875
1 2805
2 1487
1 584
1 2993
2 3434
2 225
1 1091
2 2339
2 2400
2 971
2 3306
1 101
2 2844
1 2221
2 137
2 3545
2 3214
2 1313
1 1172
2 2381
1 3614
2 3378
1 1586
2 759
2 916
1 1538
1 877
2 795
1 3690
1 2502
2 3666
2 3619
1 2133
2 785
1 1254
2 2678
1 1695
1 735
2 249
1 1989
1 821
2 1249
1 2888
2 3168
1 3174
2 1498
1 1381
2 2420
2 3591
1 948
1 2982
2 678
1 1329
1 621
1 290
1 2037
2 968
2 1713
2 1504
1 2446
1 801
2 2425
2 2645
1 3002
1 2235
1 1544
1 2378
1 2180
2 2897
1 3782
2 371
1 3186
2 2576
2 379
1 1433
1 2565
2 1353
1 2581
2 1149
2 1482
1 166
1 475
1 3492
2 1476
1 2492
2 499
2 2197
2 2817
1 1814
2 83
2 193
1 3770
2 2454
1 2755
2 67
1 487
2 417
1 3126
2 549
1 1522
1 98
2 1824
1 1006
2 1444
1 2468
1 188
2 3618
2 944
2 2883
2 68
1 447
1 1070
2 3493
2 2146
2 1475
1 262
2 3624
1 1563
1 3752
1 2275
1 3695
1 3442
2 358
2 2428
2 3790
1 1846
1 1432
1 2463
2 1557
1 3502
1 2781
1 760
2 2654
1 539
2 1960
1 41
1 3053
1 1949
1 1273
2 182
2 3038
1 234
1 1658
1 3127
1 2731
1 1605
1 963
1 1153
2 3003
2 488
2 3318
1 2974
2 2437
1 1629
2 1262
1 1332
1 2624
2 2349
2 3491
1 1014
2 1754
1 1905
1 3172
1 554
2 3086
1 2382
1 2097
2 2291
1 3389
2 2733
2 986
1 1813
1 2139
1 3772
1 2968
1 3312
1 808
2 3064
2 2700
1 2910
2 389
2 3644
1 3468
1 3079
2 1480
1 792
1 424
2 2693
1 22
1 3626
1 3521
2 900
2 3074
1 1279
2 712
1 1942
2 2400
1 126
1 2622
1 407
2 2796
2 219
1 829
1 1732
1 373
1 2332
1 1405
1 1554
2 788
2 2822
2 517
1 1935
1 1216
1 3457
2 1843
2 3482
1 2763
2 626
2 3651
1 2021
2 2441
1 763
1 179
2 2454
2 2026
2 964
2 1940
1 2333
2 820
2 3728
2 1401
1 2073
1 1668
2 3607
2 2359
2 3398
1 2388
2 1542
2 3128
2 1735
2 152
2 1358
1 2868
1 1111
2 591
1 2182
2 612
2 1545
1 3427
1 2506
1 3636
2 1993
2 1541
2 3339
1 789
2 1507
2 2265
1 317
2 2778
1 330
1 3308
1 3219
2 3578
2 1517
2 858
1 2295
2 1059
1 2780
2 2033
1 1272
1 2296
2 3218
2 2572
1 1573
2 1916
2 3049
2 762
1 85
1 2928
1 2831
2 2335
2 1868
2 1041
2 936
2 2123
1 286
1 877
2 3165
1 2131
2 3438
2 447
1 37
2 3555
2 2890
2 3483
1 1349
1 1752
2 2418
1 277
2 1427
1 1742
2 3023
2 3527
1 1938
1 2257
2 238
1 2850
2 3116
1 3574
1 756
1 3330
2 1675
2 1665
2 482
2 1432
1 3445
2 791
2 557
1 1803
1 2341
2 2946
2 1826
1 734
1 1256
2 1227
1 3042
2 1080
1 3471
1 1187
2 3595
1 1222
2 1537
2 2810
1 3419
1 1903
2 1536
1 1988
1 1761
2 2574
1 2981
2 527
2 686
2 3192
1 2522
2 3416
1 2336
1 932
1 3550
2 516
2 1392
2 3144
2 2517
2 3536
1 3269
2 1892
1 3608
1 889
2 1223
2 378
2 3317
2 169
2 2823
2 2618
2 855
1 3001
1 1497
2 1237
1 1719
2 981
1 3694
2 3325
2 1103
2 1790
2 2030
2 625
2 437
2 90
1 1229
1 2637
2 2170
2 1939
2 579
1 3251
2 1544
1 1926
1 1874
2 3344
1 905
1 207
1 392
1 1015
1 969
2 1871
1 3209
1 98
2 2921
2 258
1 3270
2 2608
1 2932
2 301
2 105
1 1263
1 850
2 555
1 1328
2 1736
1 1735
1 2632
2 566
2 480
1 3712
2 448
1 1738
1 3043
2 1834
2 679
2 3239
1 3059
2 973
2 1324
2 278
2 2503
2 3703
2 2068
2 474
1 3444
2 3086
1 3727
2 167
2 1117
1 1485
2 3003
1 2818
2 1470
1 787
1 3313
1 3163
1 2999
1 2794
2 1549
1 2809
2 2861
2 92
1 633
1 1244
2 214
1 3024
2 32
1 1716
2 1106
1 3221
1 2551
1 2026
2 78
2 1208
1 1520
2 2072
2 426
1 3683
1 1679
1 1975
2 3688
2 3644
2 1539
1 2211
2 2334
1 534
1 1897
2 2616
1 1483
2 1489
1 2813
2 3266
1 1321
1 3168
1 368
2 3070
2 3073
1 2439
1 2723
1 2445
2 1102
2 2508
2 1804
2 786
1 2303
2 2174
2 804
2 3401
2 196
2 3503
1 2705
2 740
2 1831
1 1472
1 435
2 3498
2 204
2 1827
2 1373
2 3526
2 3287
1 712
1 1696
1 1592
1 1561
2 2392
1 3632
2 1745
2 2778
1 458
1 2249
1 1406
1 232
1 442
2 2375
2 1778
1 2154
1 716
1 1601
1 1856
2 3204
1 3663
2 495
1 1158
1 2794
1 1299
1 646
2 3293
2 2315
2 484
1 3390
2 3101
1 798
2 3139
2 3755
2 2529
2 3736
2 2492
2 3087
2 1470
2 1309
1 647
1 1387
2 3602
1 1454
2 310
1 3360
2 3799
2 202
2 3074
2 1596
1 1036
1 2441
1 1458
2 2469
1 2503
2 134
2 1895
2 413
2 1857
1 3641
2 56
2 2920
2 2861
2 86
1 3351
1 2842
2 707
2 2175
1 2840
2 338
1 3303
1 2120
1 3343
2 3572
2 1740
1 743
2 302
1 3240
2 2206
2 1431
1 27
1 1080
1 1043
1 2936
1 2767
2 120
2 3694
2 3452
1 2802
2 561
2 2876
1 1201
2 2512
1 1818
1 1447
1 881
2 226
1 3237
2 663
1 221
1 1187
1 2065
2 935
1 3685
2 1143
2 1402
1 2494
1 1555
2 539
2 1582
2 2462
2 2113
2 891
2 882
1 1814
1 387
1 2169
1 451
2 3523
1 107
1 888
2 1298
1 2413
2 2508
1 365
2 3045
1 873
1 1755
1 3222
2 2194
1 2717
2 2869
1 1054
2 1355
2 1491
1 1756
1 3360
1 1219
1 723
2 3711
1 2805
2 1050
2 2443
2 360
1 2011
1 1631
1 1962
2 1875
2 2743
1 2754
1 545
2 1018
1 657
1 1463
2 1930
1 3610
1 1326
2 3115
2 492
1 3267
1 2457
1 1312
1 1393
2 2517
1 333
2 1665
2 2546
1 2089
2 797
1 451
1 3687
2 3183
2 1296
2 3157
1 1999
2 479
1 2485
1 1613
2 1947
1 695
2 124
1 1302
1 1375
2 3389
1 1178
1 1480
2 3506
2 805
2 1104
1 3456
1 1746
2 2859
1 2470
2 498
2 167
2 2579
2 2163
1 3402
1 2268
2 2242
1 1786
1 3470
2 2643
2 485
1 1193
1 3369
1 1558
2 2934
2 1982
2 31
1 384
2 405
2 571
2 2696
1 811
2 3428
1 3069
2 2751
2 951
1 1796
2 1653
1 39
1 2923
1 2881
2 2353
1 1291
2 3310
2 2350
2 2145
1 390
1 2125
2 298
2 2137
1 1515
1 1810
1 3523
1 1414
1 1125
1 873
2 2002
1 3517
2 79
1 682
2 2828
2 2628
2 860
2 3553
2 2109
1 1584
2 2813
1 3278
1 3565
2 727
1 460
1 254
1 2181
1 3384
2 3170
1 1949
2 3318
2 2790
1 1408
2 2652
2 3746
1 3319
1 945
1 452
2 336
2 2282
1 1726
2 2319
1 3051
2 907
1 754
1 1650
1 666
2 542
2 2596
1 519
2 2292
2 429
2 771
2 3612
1 2414
2 3609
2 3189
1 581
1 909
2 3027
1 402
1 245
2 3336
1 2553
1 1580
1 3718
2 2105
1 2082
1 1364
2 761
1 3451
1 2965
2 3496
1 2435
2 3301
2 5
1 2528
1 1852
1 2987
2 2872
1 4
2 2766
2 2364
1 271
2 133
2 2313
1 3290
2 604
1 2060
2 1878
1 2741
1 3305
1 2891
2 2143
2 1071
2 3383
1 893
1 303
1 29
2 2814
2 3782
1 977
2 1468
1 2855
1 1037
2 796
2 1045
2 195
1 2119
2 1214
1 251
2 1390
2 2740
2 405
1 3361
1 3682
2 1506
1 3094
2 2894
2 2315
1 537
1 319
1 1666
2 1317
1 3760
1 2841
2 477
2 3160
1 2004
1 969
1 2214
1 1290
2 3713
1 1961
2 2874
1 983
2 3182
1 3676
2 3443
2 382
2 3280
2 354
1 3040
1 1308
1 1980
1 1632
1 2515
1 725
1 3430
2 483
2 81
1 3180
1 1629
1 1350
2 1071
1 725
2 84
2 932
2 3761
1 2878
1 690
1 3161
1 426
1 1321
2 1595
1 294
2 768
1 3172
1 3046
1 125
2 1635
1 1441
2 891
1 642
1 2793
1 2734
1 2941
1 2656
1 3243
1 3760
2 510
1 2695
1 1558
2 530
2 3252
2 698
1 3770
1 780
1 1014
2 830
2 3403
2 3753
1 3304
2 3615
1 1711
2 1521
1 2501
2 3674
1 3311
1 3279
1 2406
1 567
1 3557
2 3776
2 2826
1 3394
1 481
1 1509
2 2083
2 425
1 2821
2 2806
2 3496
2 2959
1 2748
2 3346
1 3211
1 1341
1 2078
2 1428
1 2953
2 1167
2 924
2 2825
1 3000
1 1430
1 2847
1 2497
1 3193
1 2613
2 2599
1 1668
1 1248
1 2765
2 3190
1 2856
2 1914
2 2371
2 2327
1 12
2 52
2 1944
1 689
1 1606
1 1333
2 2280
1 2549
2 2137
1 469
1 185
1 3235
2 507
1 2073
2 3367
1 399
1 3178
2 2046
2 467
1 13
2 505
1 266
2 1502
1 677
2 1202
2 2990
2 1614
2 2407
2 1927
2 3283
2 2015
2 3245
2 2482
1 3684
1 3416
1 1020
2 3413
1 353
2 2923
1 607
1 258
2 2518
2 1093
2 1000
1 3345
2 2368
2 811
2 2119
1 2382
1 1621
2 2731
1 809
1 2005
1 1782
2 1976
2 3327
1 2701
2 404
2 155
2 1213
2 2914
2 307
2 2595
1 283
2 1762
2 815
1 3474
1 337
2 1687
1 1869
1 3547
2 834
2 2673
2 1709
1 2434
1 721
2 2815
1 3349
2 3605
1 149
2 3348
1 921
1 2995
2 1915
1 2428
1 2114
2 1497
2 331
1 134
1 2808
2 1742
1 468
2 853
1 1751
2 3718
1 1620
2 746
2 3030
2 308
1 2063
2 2580
1 2129
1 2901
1 2141
1 427
2 3216
2 3731
1 2000
2 34
1 1343
2 2166
1 1438
1 3800
2 2539
1 971
1 1330
2 2663
2 3704
1 2122
2 194
1 1250
1 1435
2 956
1 857
2 1851
2 2089
1 1747
1 806
1 1815
1 2075
2 581
2 2610
1 1427
2 244
1 3585
1 496
1 550
1 701
2 3587
1 1301
2 1931
1 1980
1 2544
1 2458
1 968
2 2672
1 2879
2 3730
1 871
1 3155
2 2635
2 2864
1 1482
2 1491
2 3513
2 3355
2 3364
1 2535
2 3654
1 2156
1 3777
1 1757
1 1289
1 2390
2 2844
2 82
2 3232
2 1840
1 1264
2 3077
1 3771
2 2127
