7600 4000
2 3223
2 1086
2 1203
2 1680
2 3043
1 1342
2 2236
2 2513
2 1350
2 2576
1 752
2 2555
2 1854
2 676
2 3493
1 3318
1 3251
1 581
2 3137
2 2410
2 3533
1 2807
2 1741
1 2492
1 2773
1 549
2 2043
2 2961
1 3024
2 984
2 906
2 3383
2 910
2 725
2 2302
2 2335
1 2516
2 1164
2 3676
1 766
1 1035
1 2584
1 1081
1 1832
1 1484
1 2757
2 3521
2 745
1 880
2 619
1 966
1 379
1 449
2 1985
2 3032
2 2037
2 1904
2 2840
2 608
2 811
2 2149
2 1776
2 3420
2 1963
2 1181
1 3455
2 1043
1 86
2 489
1 548
1 628
1 2956
1 1310
1 2336
1 2263
1 2774
2 1215
2 1835
1 2428
1 8
1 1978
1 2437
2 3286
1 3285
2 1090
1 263
2 1320
1 1965
1 1846
1 1713
1 2586
1 2386
2 3224
1 1528
2 744
2 2106
2 1347
1 2842
1 1509
2 216
1 1388
2 2469
2 719
2 543
1 195
2 642
1 2732
2 1378
1 487
1 372
1 3779
1 163
1 726
1 1625
1 268
1 798
2 924
2 75
2 3218
1 2990
2 1805
2 1276
1 2551
2 2037
2 794
1 1364
1 2352
2 3126
1 1508
2 3644
2 1944
2 1167
2 3101
2 290
2 3634
2 1328
1 1794
1 3402
1 2792
1 3427
2 2729
1 3779
2 1407
1 3309
1 3670
1 1144
2 3450
1 1043
1 1903
2 2267
1 985
2 2419
2 3055
2 3049
2 2597
1 565
1 1954
2 1351
2 2978
2 152
1 2847
2 1482
2 2909
1 1863
1 1924
1 1306
1 2048
2 3480
1 1578
2 3184
2 1926
1 3287
2 1199
1 1014
1 3599
2 1753
2 991
2 3709
1 3291
1 1024
2 1122
2 2173
2 1001
1 3594
2 604
1 3771
1 1306
1 1034
1 3280
2 3261
1 2170
1 3716
2 3695
1 609
1 2212
2 2883
2 1272
1 1539
2 1478
1 3718
2 491
2 699
1 3587
1 3530
1 1848
1 939
2 162
2 2392
2 3188
2 1753
2 1614
1 2930
1 2124
1 3439
1 1658
1 1158
1 2884
1 1828
1 484
2 2764
1 2745
1 972
2 742
2 245
2 3074
2 750
1 15
1 136
1 2657
1 2290
2 445
1 1037
1 1807
2 3765
1 2413
2 2167
1 3638
2 2513
1 2293
1 3759
1 880
1 3167
2 76
1 229
2 3333
2 2001
1 610
1 244
1 2603
2 2693
2 1850
2 2684
2 2515
1 2601
2 123
2 1061
2 436
1 150
1 2325
1 648
2 3177
1 733
2 3434
2 1237
1 1435
2 540
1 3526
1 3091
1 1748
1 595
2 1618
1 1786
1 936
2 161
1 2339
2 1017
2 2201
1 98
2 2356
2 2219
2 3195
1 2639
2 3753
1 3328
2 1032
2 2759
1 505
2 2560
2 3196
2 1159
1 844
1 292
2 1465
2 2695
1 3654
2 839
2 60
1 897
2 3135
1 1041
2 3
2 679
2 3742
1 2236
1 1297
1 2344
1 2173
2 1084
1 3325
2 1187
2 3745
1 759
1 2512
1 1160
1 603
2 1559
2 2069
1 1139
1 1261
2 2474
2 2013
1 2189
1 1012
1 2108
2 2658
2 2986
1 317
2 3138
1 1899
1 568
2 1621
1 3645
2 2147
1 2078
1 717
1 532
1 1852
1 3443
1 3691
2 717
1 3739
2 1890
1 2953
1 381
2 3002
2 2471
2 385
2 778
1 1255
2 3064
1 3334
1 2140
1 1127
2 1400
2 512
2 2260
2 2040
1 1993
1 3427
1 69
2 1163
1 3685
1 3335
2 889
2 27
2 1497
1 158
1 657
1 2061
1 1258
1 3475
1 884
1 289
1 3603
1 1036
1 2038
2 1022
2 7
1 1587
1 215
2 2252
1 3102
2 2801
2 1609
1 1556
2 2803
2 3257
1 236
1 205
1 2380
1 1887
2 2098
1 3729
1 1218
1 1822
2 1817
2 1076
1 933
1 2039
1 831
2 3747
2 1202
2 804
2 1236
1 3734
1 2971
2 3158
1 2029
2 2810
1 805
2 2996
1 1418
2 925
1 403
2 3306
1 3134
1 547
2 1242
1 1555
2 3356
1 2331
2 2694
1 3078
1 2384
2 393
2 3251
2 347
2 550
1 2608
1 747
2 2648
1 2660
2 1964
2 2428
2 2583
2 2547
1 718
2 2088
2 2180
1 1311
1 1663
1 154
2 1357
1 3462
1 2869
1 782
2 3113
2 2288
2 527
1 816
1 2282
2 805
1 834
1 3789
1 1519
2 1916
1 3715
1 2481
1 1153
1 1054
2 806
2 3680
1 3273
2 2327
2 3346
1 200
1 281
1 2926
2 1361
2 970
2 434
2 141
1 1590
1 1905
1 2653
1 2721
2 3288
1 1283
1 2409
1 2702
2 322
1 82
1 2109
2 3573
2 1551
2 2338
1 1645
2 1444
1 495
1 2399
2 2740
2 1532
1 1042
1 3182
1 2467
2 1611
2 2450
2 3381
2 1416
1 3641
1 357
2 905
2 1964
1 3423
1 2631
2 2439
1 2768
2 345
1 2849
2 2279
1 3117
1 1874
1 2867
2 280
1 837
1 3754
2 2364
1 1996
2 2842
2 1252
1 1773
1 1526
2 1145
1 3192
1 151
1 1443
1 3799
2 1728
1 371
2 3651
1 3728
1 3011
2 1842
2 981
2 2588
2 2931
2 1318
2 1092
2 2954
2 790
1 2191
1 1231
2 1170
1 1574
1 779
2 788
1 2647
2 654
1 3772
1 497
2 697
2 2937
1 1101
2 2957
2 1104
1 2778
1 2490
1 348
2 278
1 685
2 517
2 2982
1 2237
2 1036
1 1815
1 1586
1 370
1 812
2 297
2 3060
1 3502
1 1892
1 863
1 528
2 2991
2 187
2 85
2 949
1 1098
1 470
1 3133
1 3090
1 3686
2 1948
1 2324
2 2127
2 2499
1 1459
1 180
2 3551
1 1492
1 1994
2 642
2 1737
1 2427
2 3607
2 221
1 2674
2 272
1 940
1 1531
2 915
2 3761
1 1412
1 255
2 586
1 3622
2 3365
1 1612
1 1701
1 3119
2 600
1 1822
1 1208
2 178
1 330
1 2300
1 191
2 3008
2 921
1 552
2 2057
2 3613
2 3509
1 3688
1 941
2 3124
2 1650
1 543
2 1963
2 2542
2 1591
1 2483
2 1085
1 2677
1 1673
1 3423
1 1568
1 2447
1 3708
1 3713
1 3274
1 720
2 3338
2 1883
2 1228
1 3106
2 903
2 227
1 2891
1 3788
2 1290
1 802
2 1475
1 2600
1 2161
2 2224
2 774
2 3660
1 498
2 2182
1 1568
1 1091
2 1367
2 2829
1 3110
1 1961
1 1736
2 2002
1 1558
2 567
2 1686
2 3261
1 993
2 1728
2 2220
2 2060
1 2251
2 2568
1 2875
2 1033
2 1889
1 484
2 388
1 3662
2 1166
1 1234
2 3776
2 3722
1 1355
2 570
1 2361
2 3103
1 2398
2 3489
1 2262
2 1546
2 2791
1 1209
1 211
1 1641
2 2634
1 429
1 3043
1 3156
1 480
2 585
2 1819
1 393
1 3164
1 1882
2 1704
2 2460
2 768
2 2269
1 3076
1 1650
1 1859
2 1547
1 240
2 2472
2 3745
1 1947
1 2640
1 720
1 2551
1 1277
1 238
2 240
1 3736
1 3198
1 260
1 3373
2 1999
2 2543
1 1196
1 569
2 3770
1 3506
2 3365
2 2363
2 836
1 201
2 2386
1 3662
2 1285
1 2342
1 2973
2 2948
2 3511
2 2928
1 2035
2 193
1 696
1 723
1 3469
1 2350
2 3041
2 3230
2 1627
1 3672
1 2377
2 755
1 424
1 279
2 1045
2 2793
2 249
2 170
1 1562
2 803
2 2988
1 2207
2 245
2 2353
2 2722
1 1565
2 3138
2 1275
2 1381
2 9
1 2517
1 932
1 946
1 3088
2 2796
2 1883
1 544
2 273
1 3696
2 3641
1 1694
2 790
1 3546
1 3404
2 726
2 3478
1 886
1 3458
2 395
2 1411
1 168
1 1173
2 401
2 1369
1 1243
1 2687
2 707
1 3699
1 1473
1 757
1 1583
1 2057
2 1846
1 3777
2 216
2 682
1 967
1 3763
1 1561
2 2091
2 3541
1 2495
2 3378
1 1436
2 2664
1 3252
1 2339
2 754
1 2726
2 3309
2 2133
2 2649
2 2341
2 2254
2 1752
1 1034
1 3057
2 3407
2 2134
2 1334
1 120
2 2655
2 586
2 3082
1 1058
2 2409
2 1871
1 1579
2 558
1 2897
2 3169
1 512
1 1481
1 2719
1 84
2 1646
1 1402
2 663
1 1672
1 2705
2 2298
2 361
2 3542
2 76
2 3449
1 2921
1 513
1 3530
1 725
2 895
1 450
2 1347
1 2845
2 1519
2 2724
1 2912
1 2259
1 686
2 3023
2 2084
1 3054
2 3236
2 3583
1 2490
1 2832
1 2097
1 3079
2 3268
2 1808
1 1525
1 2406
1 661
2 1517
1 3376
1 3519
1 2694
2 908
1 2861
2 425
1 2993
1 86
2 3693
1 891
2 854
2 848
2 124
2 3044
1 3484
2 2292
1 107
2 3752
2 1007
1 3203
1 1139
1 858
1 2814
1 2599
1 1194
1 2896
2 1321
1 1049
2 1426
1 3558
2 635
2 3000
2 1000
1 1359
1 1761
2 656
2 3556
2 992
1 2316
1 3598
2 674
1 3241
1 1639
1 2417
2 1774
2 2372
1 1213
2 531
1 3294
1 926
1 3575
2 3200
1 1683
1 698
1 402
1 799
1 3538
2 1747
2 3186
1 90
1 1062
2 3543
1 1615
1 797
1 1323
2 1902
1 1493
2 134
1 879
1 483
2 1025
2 3525
2 1799
2 2334
1 3576
1 3238
1 2244
2 182
1 2998
2 2070
2 2566
1 308
2 2862
1 1677
1 2126
1 689
2 3063
1 1747
2 144
2 1764
1 2502
2 133
1 52
1 2779
1 1134
1 3780
1 460
2 3487
2 3548
2 555
1 3081
1 3750
1 1335
1 3665
2 3701
1 2412
1 409
1 3503
1 588
1 1906
2 1010
1 3240
2 2328
2 56
1 1080
1 1535
2 2461
2 465
1 2633
2 2964
2 2310
1 62
2 2539
2 1649
2 1500
1 2151
1 1853
1 3105
2 3102
2 1469
1 3033
2 2804
1 470
1 1774
1 3311
1 1951
1 1272
1 1373
2 1445
1 3265
1 2592
1 1836
2 119
2 3254
2 2473
2 789
1 1647
2 3032
1 1925
1 3424
1 382
2 3484
1 406
2 3283
2 2750
1 2938
1 1784
1 943
2 2735
2 269
1 1661
1 1281
2 3211
1 2291
1 381
1 967
1 3336
2 821
2 3015
2 2142
1 1496
1 367
2 3796
2 3554
1 2438
2 1733
2 3085
2 3051
1 1274
1 3385
2 1236
2 3770
2 1548
2 1769
2 3793
1 246
2 2607
1 2898
2 1654
1 3112
1 1946
2 349
2 446
1 3165
1 1782
2 3354
1 3162
2 3375
1 2692
1 2115
1 2403
1 918
1 1238
1 91
2 2850
1 3174
2 1190
1 1441
1 2185
2 787
1 3354
1 3018
1 2976
2 613
2 1781
2 636
1 2508
1 1264
2 233
1 665
1 3613
1 812
2 710
1 2116
1 2686
1 3314
1 590
1 721
1 3510
1 2981
1 637
1 664
2 303
1 3587
1 3703
2 3136
1 1061
2 2970
2 2430
2 1608
2 292
1 2828
2 3682
1 2786
1 1146
1 248
1 3392
2 1271
2 826
1 3361
1 2906
2 2343
2 42
1 3155
1 2985
1 2411
2 1551
1 2030
1 330
2 3114
1 1505
1 2053
1 1512
2 172
2 2462
1 1246
2 1729
1 3315
1 498
1 2497
1 1242
2 2486
1 2617
1 3351
1 2488
2 770
2 410
2 418
1 258
2 249
1 1703
2 203
2 1201
2 841
1 114
1 2593
2 3330
1 1032
1 3792
2 3253
2 324
2 1786
1 2725
1 435
2 731
2 962
2 309
1 851
2 3759
2 2882
1 1326
1 2322
2 101
1 3595
1 2424
2 2426
1 2955
1 862
2 2669
2 2334
1 1541
1 2288
2 2524
2 3648
1 3258
2 1507
2 851
2 3623
2 3622
1 1949
1 2627
2 764
2 2086
2 2785
1 626
1 3063
1 526
2 27
2 3170
1 520
2 729
2 2043
1 435
1 3666
2 3106
2 1490
2 1411
2 311
2 1857
1 383
2 3743
2 2852
1 3516
1 846
1 2079
1 3472
1 1913
1 749
1 2761
1 2477
1 3367
2 2411
2 971
2 1888
2 2781
1 47
2 2114
1 1802
2 170
2 3089
1 74
1 2943
1 2164
2 3785
2 1685
2 3581
1 2907
1 2975
1 2743
2 3575
1 374
2 1833
2 11
1 598
1 2103
2 1198
1 1991
1 539
1 3189
1 629
1 2469
1 2337
1 898
2 1144
2 1993
1 3213
2 3167
1 2927
1 3145
2 1826
2 204
1 2967
2 1855
2 3679
2 2234
2 2192
2 1119
2 1763
2 95
1 913
1 468
2 3405
1 516
1 2432
1 414
1 1836
2 2696
1 48
2 3342
2 2530
1 2854
1 1980
2 2257
1 678
1 889
1 2754
2 617
2 2475
1 3091
1 1714
2 1879
1 119
1 929
2 1554
1 3334
2 2518
1 3
2 1760
2 2491
2 493
2 2250
2 2554
1 635
1 2610
2 852
2 2748
1 1078
2 1340
2 1156
1 2275
1 2070
2 2961
2 1524
1 2755
1 1369
1 3477
2 2685
2 2537
2 1151
1 1379
2 1630
2 3050
2 669
1 502
2 1247
1 1705
2 3219
1 220
2 3772
2 273
1 1265
1 1739
1 2939
2 1355
2 2111
2 1424
2 58
2 2712
2 1006
1 765
1 2090
1 995
2 1262
1 2385
1 2663
2 3024
1 2396
1 3661
2 2388
2 3451
1 2720
2 1421
1 1365
1 1983
1 3002
1 1563
2 146
2 12
2 2168
1 3547
2 2020
1 2158
1 692
1 853
2 2700
1 2311
1 1582
1 3139
2 3037
1 624
2 1001
1 256
2 1705
2 3051
1 676
1 5
1 531
1 2048
2 2028
1 108
1 3012
2 2899
1 3683
2 2207
2 1985
2 3328
2 2431
2 893
2 3382
1 3385
1 3083
2 1408
1 1223
2 262
2 2522
1 507
2 1538
2 1794
1 1245
2 3447
2 3644
2 57
1 2867
2 1601
2 121
1 112
1 1110
2 3347
2 3296
1 1740
2 3358
1 1624
1 804
2 3467
1 1909
1 3378
2 2206
1 1409
1 3450
2 2969
1 2385
2 716
1 428
2 2557
1 2312
1 2890
2 2155
2 2017
2 558
2 1474
1 3361
2 1521
1 3650
2 3259
1 660
2 1375
1 324
2 962
1 3705
1 2065
2 2959
1 2625
1 3497
1 832
2 3690
1 1595
1 276
2 886
2 3289
2 2308
2 817
2 2004
2 3545
1 1455
2 669
2 3657
1 2138
1 3151
1 2721
2 1400
1 1209
2 690
2 3208
2 534
2 2838
1 99
2 1362
1 3542
1 3468
2 2807
2 1788
1 1941
2 2063
1 1075
1 807
1 1058
1 1837
1 339
1 959
2 2839
2 1327
2 3399
1 1279
1 1462
1 2382
2 3599
1 3180
2 2710
1 2162
2 3513
1 1179
1 466
2 3056
1 858
2 1699
1 3544
2 2389
1 3221
2 1204
2 2726
1 3800
2 1617
1 455
2 2765
2 3522
1 3146
1 1781
1 762
1 2808
1 1798
1 2806
1 3172
1 2135
2 848
1 2912
2 2445
1 3507
2 223
1 2218
2 401
1 1247
1 3459
1 1067
2 587
2 2739
2 2766
2 3672
2 3567
1 2523
2 1029
1 1051
1 37
1 218
1 3403
1 1407
1 1852
1 1585
1 2727
2 2534
1 708
2 82
1 21
2 3395
1 1697
1 337
2 2700
2 737
2 3501
1 1758
2 3746
1 3267
2 1831
1 1557
2 106
2 764
1 1975
1 545
2 1266
2 1195
2 105
2 980
2 226
1 3560
2 3233
1 3483
2 2658
2 431
2 3495
1 2543
2 1812
2 3600
2 173
2 315
2 1968
2 1056
2 1190
1 525
1 2066
2 35
1 109
1 625
2 3228
1 351
1 1410
2 1315
2 1464
2 3266
1 3733
2 1900
1 1868
2 3247
2 1137
2 2465
2 472
1 2044
1 3073
2 1488
1 1420
1 186
2 2094
2 1806
1 1926
1 2539
2 3664
2 736
2 1068
1 2823
2 503
2 2643
2 3305
2 2264
2 2502
1 309
2 1004
1 2826
1 2480
1 1389
1 571
2 797
2 1523
1 1349
2 1797
2 1171
1 730
1 835
1 2631
2 1142
2 2713
1 688
2 158
2 3223
2 1815
2 1256
2 2946
2 1087
2 3189
2 252
1 1037
1 2152
1 1987
2 2718
2 3561
2 1221
1 2231
2 224
2 3344
1 2131
2 2687
2 2578
1 1382
1 2568
1 1282
2 2297
1 3476
1 2407
1 1277
2 3783
1 2449
2 2487
1 3654
2 3448
1 46
2 3263
1 3319
1 1895
2 1174
2 2443
1 333
1 1031
2 2548
2 2107
1 1867
2 2420
1 580
2 1600
1 439
2 3749
1 2813
1 9
1 2521
2 2209
2 2277
1 3408
1 1646
1 2414
1 3127
1 3718
2 1354
2 160
1 1791
1 2301
1 2457
2 867
1 1990
2 2567
2 597
1 2308
1 3154
2 2661
2 3425
1 2430
1 1522
2 3284
1 3313
1 2994
2 2825
2 3162
2 3518
2 1799
1 1513
1 3181
1 2809
1 365
1 3369
2 436
1 3434
2 1413
1 2810
1 1554
1 1501
2 1438
2 2494
1 2523
1 3528
1 1839
1 1589
2 2489
1 2600
1 3041
1 3390
1 2246
2 421
1 2725
2 575
2 126
2 1286
2 1928
2 3792
2 630
1 3086
2 3070
1 3301
1 140
2 3673
2 386
1 2269
2 2137
2 3278
1 3536
1 734
2 366
1 2166
1 3508
1 2950
2 1936
1 2072
1 1893
1 3766
2 1813
2 567
1 2856
2 3249
1 1825
2 2447
2 3591
1 3282
2 774
1 370
1 897
2 3306
2 415
1 2105
2 3212
2 3559
1 1121
2 2629
1 3749
2 3686
1 299
1 186
2 2992
1 1703
2 3794
1 2889
2 612
1 1562
1 3411
1 2077
2 3030
2 582
2 2216
1 2214
1 3159
1 174
2 3300
2 1427
2 3646
1 919
2 197
1 3292
1 354
1 1991
2 3453
2 2738
1 3617
1 2654
2 2345
1 694
1 1410
1 3697
1 973
2 1659
1 383
1 2341
1 536
1 2552
1 736
2 442
1 994
1 83
1 530
2 248
2 3150
1 1604
1 771
1 2871
1 2579
2 965
2 728
1 2933
1 1181
1 953
1 3563
2 2575
1 1183
1 328
1 1668
2 3052
2 1021
2 2960
1 2675
2 229
2 3360
1 3305
2 1145
2 2066
1 1744
2 2992
2 430
1 2096
2 3197
2 1826
1 1303
1 1652
1 2058
2 2106
2 16
2 421
2 3420
2 3535
1 56
2 902
1 1250
1 3439
1 1193
1 637
2 673
1 960
1 2720
2 1727
1 2085
1 3674
2 2019
2 3260
1 1864
1 96
1 1469
1 1955
2 2262
2 3518
1 3597
2 3179
2 1417
2 992
1 2749
1 1357
2 2974
2 2538
1 3601
1 1848
2 88
2 1370
2 1821
1 94
1 3723
2 990
1 57
2 3212
1 2459
1 2895
1 2957
2 1909
1 31
1 3202
1 533
1 3006
2 2161
2 2055
1 3795
2 3668
2 3236
2 2399
1 3148
1 2925
2 957
2 887
2 2463
2 2286
2 2292
1 760
2 907
1 986
1 1499
1 1683
2 1254
2 3634
2 3453
2 1468
2 410
2 1491
2 3602
1 131
1 16
2 995
2 2084
2 3660
1 2936
2 1547
2 1122
2 1222
2 1669
2 148
2 2622
1 964
2 3536
1 1091
1 2645
1 238
1 1640
2 2178
2 2618
1 2166
2 3071
1 302
1 274
2 1528
1 1583
2 1314
1 2623
1 242
1 1127
2 1544
1 1961
1 1471
2 876
2 3564
2 3298
2 977
2 202
1 3763
1 1930
1 2415
2 1175
1 3668
2 1006
2 1133
1 1018
2 2806
1 2591
1 3702
1 504
1 1622
2 2613
1 358
2 2656
1 778
2 1162
1 1128
2 922
1 3220
1 3016
1 2635
2 2014
1 2056
2 3724
1 1467
2 228
1 698
2 1726
2 1607
2 843
1 1834
1 2440
1 3538
2 2835
2 756
2 2139
2 920
1 323
1 3707
1 146
2 885
1 3215
1 2800
2 4
2 2968
1 1463
1 2210
1 3000
2 2616
1 501
1 494
2 2532
1 3775
1 759
2 1129
1 2570
2 386
2 448
1 3771
1 1689
1 998
1 3466
2 3461
1 3315
2 194
2 2391
1 2331
1 2736
1 747
1 3776
2 654
2 3595
2 1444
2 2615
1 2299
1 1782
2 190
1 1495
1 1124
2 2280
1 2023
2 1280
1 2013
1 703
2 1712
2 2413
1 1602
2 1739
1 2474
1 2405
1 1296
1 3694
1 3320
2 884
2 502
1 1275
2 2243
2 1311
1 3725
1 1745
1 1005
2 3352
2 722
1 3096
2 2306
2 374
1 411
2 548
1 632
1 1305
1 2333
2 1734
1 2082
1 3069
2 3364
2 423
2 748
2 968
2 616
2 413
1 1485
2 1942
2 1800
2 1326
1 1425
1 2691
2 1862
1 408
2 1202
2 3416
1 1401
1 1077
1 1995
1 1053
1 1655
1 2767
1 2570
2 659
2 997
1 1608
2 2303
1 389
2 1866
2 3232
1 576
2 585
2 3297
2 2848
2 3363
1 279
2 3557
1 3028
2 1536
1 3122
2 3451
2 1834
2 2316
2 3281
2 988
2 3448
1 2715
1 444
1 1192
1 3511
2 1632
1 1912
1 458
1 2451
1 2067
2 691
2 2783
1 2905
2 3274
1 509
1 290
2 3139
2 2347
1 3604
1 1761
2 3579
1 3109
2 856
1 489
2 1537
1 2541
1 1102
2 2655
1 3569
1 2163
1 3428
1 3574
2 1103
2 860
1 3068
2 1587
2 2075
2 2777
2 289
2 2517
1 2006
1 1664
2 1114
1 3183
2 1656
1 2531
2 1088
2 1273
1 171
1 3272
2 3549
1 2623
1 3205
1 2088
2 1373
1 1161
1 840
1 2456
2 1802
2 1147
1 902
1 2360
1 102
1 1884
2 757
1 802
2 2181
1 1733
1 2893
2 3704
1 672
1 1698
2 681
1 3405
1 2678
1 237
1 1919
1 1368
1 2805
2 3592
1 2923
1 3165
1 1415
2 3674
1 2320
1 1498
2 1103
2 3636
2 3552
2 1028
1 1956
1 2525
2 1986
2 176
2 2177
2 3425
2 160
2 1967
1 3262
1 3730
1 1879
2 283
1 928
1 3570
1 2919
1 3506
1 2677
2 1566
1 1545
2 1104
2 1511
1 561
2 1784
2 68
1 2299
1 1638
2 2421
2 1060
1 2595
2 2951
1 2585
1 1670
1 1108
2 3491
1 2130
2 1304
2 3720
2 3123
1 1204
2 1652
1 1511
1 171
1 2709
1 3321
1 1097
1 705
1 184
2 243
2 1340
2 3341
2 836
1 2074
1 1574
2 2110
2 955
1 99
2 234
2 3607
2 1967
2 1944
2 2820
1 237
1 2740
1 2307
1 951
1 2321
1 3061
2 699
1 3303
1 488
1 462
2 1901
2 3531
1 2052
2 899
1 3788
2 2866
2 1330
2 3398
2 3323
1 3596
1 1053
2 3746
2 3271
1 454
1 456
2 44
1 1601
2 2058
1 1219
1 3186
1 3577
1 1797
2 1196
2 825
1 1719
1 563
2 1413
1 310
1 1693
2 1932
2 281
2 3206
1 668
1 998
2 1176
1 1676
2 213
2 2938
1 1863
2 3586
2 31
2 541
1 2086
2 1996
1 765
1 2865
1 3799
1 2786
2 2440
2 1200
1 1745
2 2425
2 1382
2 1971
2 20
2 2298
2 744
1 390
2 1189
1 1586
2 3769
1 581
2 3612
1 2784
1 2131
2 3258
1 1870
1 2591
2 2541
2 262
2 785
2 2435
1 2948
1 264
1 39
2 282
2 2680
2 3293
1 2942
2 2553
1 2368
2 3059
2 1316
2 786
2 2587
2 2478
2 827
1 2952
1 2295
2 2939
2 2634
2 616
1 242
1 2056
1 2113
2 2703
1 422
1 2104
1 2117
2 3073
1 329
2 1379
2 574
2 1537
1 1875
1 286
1 3007
1 3693
1 2731
1 1251
1 306
1 1437
2 920
1 667
2 3531
2 298
2 639
2 400
2 1388
2 1222
2 658
2 2930
1 3144
1 3637
1 508
2 2794
1 2484
1 1966
2 2185
1 3456
2 530
2 783
1 2878
2 3456
1 3653
1 2586
2 464
2 2125
2 2605
1 265
1 3232
1 1816
1 638
1 1637
2 2140
2 2597
1 831
2 2887
1 2282
1 2026
1 3426
1 459
1 781
2 601
1 3727
2 2590
1 658
2 673
2 2743
1 1804
2 222
2 1510
1 359
1 3260
1 2024
1 2284
1 761
2 2379
2 266
2 2659
2 3539
1 1374
2 180
1 2145
2 2296
1 317
2 2471
2 1567
1 3080
2 1112
2 1674
2 36
1 2252
1 1847
1 1609
2 2470
2 2217
1 3623
1 1560
1 801
1 473
2 3783
2 1772
2 539
1 1094
1 1339
2 3563
2 42
1 2730
2 2501
1 963
1 2254
2 1019
1 859
1 1435
2 2369
1 1531
1 1517
1 1478
1 2475
2 3789
2 1346
2 3740
2 391
1 1633
2 1840
2 68
1 1154
2 2289
1 11
1 1150
2 964
2 1896
1 2176
2 208
2 1641
2 3342
2 930
2 3778
2 2767
2 183
1 1751
2 2771
2 803
1 2238
1 449
2 3026
1 3277
2 1663
1 291
1 3581
1 1529
2 1984
2 3128
1 860
2 2356
2 104
1 644
2 486
1 2443
2 1135
1 2577
2 3131
2 2455
1 933
2 3550
1 758
2 2910
2 3382
2 2844
2 257
2 3017
1 3246
2 295
1 838
1 665
1 2168
1 1667
2 2929
2 2116
1 1828
2 1206
1 519
1 2267
2 2626
2 2518
2 2237
1 1218
2 1678
1 3370
1 3253
2 1552
1 2755
2 1580
2 525
1 2690
2 3553
2 1259
1 2323
2 2728
2 2587
2 465
2 1933
2 1491
1 983
1 3034
1 3326
1 181
2 914
1 3030
1 3359
2 3692
1 2712
1 192
1 2271
2 1767
1 2858
2 3441
1 1902
2 2913
2 338
1 2874
1 3175
1 89
1 1748
2 570
1 972
2 2537
2 2114
2 463
1 827
1 3616
1 437
1 1130
1 1643
2 3177
1 203
2 3347
1 384
2 3037
2 3045
2 3066
1 3199
2 2021
1 3787
2 1049
1 1717
1 405
2 957
2 2193
2 2684
2 364
2 2190
2 1389
1 1392
2 881
1 1550
2 2103
1 3430
2 3250
2 602
2 1695
1 250
2 911
2 1184
2 2704
1 2257
2 2908
1 2402
2 3503
2 3591
1 2520
2 871
2 1458
2 1070
2 3289
2 232
1 1020
1 3680
1 702
2 1449
2 3473
1 1487
1 1302
2 835
2 2026
2 3550
1 793
2 3219
2 1333
1 2274
2 3532
2 2581
1 2062
1 1691
1 2580
1 2458
1 2788
2 1008
1 275
2 792
1 1263
2 2550
2 2514
2 808
2 2571
1 185
2 1029
1 2794
2 1398
1 2187
2 2210
2 2374
1 10
2 1577
2 2782
2 1512
2 1849
1 340
2 3098
1 3062
1 440
2 845
1 2169
1 2573
1 2249
2 1856
2 2006
2 2394
1 3031
1 3020
1 675
1 1452
2 2076
1 411
1 1936
1 2895
2 944
1 652
1 1073
1 103
1 1769
1 3397
2 2446
2 3247
1 2439
1 2326
1 3392
2 2724
2 3376
2 3066
1 1217
1 2029
2 3463
2 1356
1 3572
1 1658
1 3540
1 2611
2 3398
1 2500
1 609
2 196
1 2345
2 1322
2 1428
1 3226
1 2348
2 3610
2 419
1 2973
1 472
2 361
1 1270
1 872
1 1105
1 2529
2 1857
1 241
1 3739
1 2090
1 1604
1 2417
2 1504
2 2194
2 3364
2 3726
2 3502
2 892
1 1430
2 3476
2 3263
1 2370
1 3659
2 3290
2 3126
2 3111
1 1276
1 1097
2 3132
2 59
1 2373
2 167
2 3406
1 2550
1 1131
2 3248
2 820
1 2897
1 142
1 2854
1 2135
1 1557
2 155
2 253
2 2503
1 1461
2 3329
2 212
2 1457
1 3535
1 369
2 740
2 2459
1 3711
2 2707
2 1825
2 3582
2 2977
2 3488
1 438
2 3728
1 40
1 2233
2 41
2 2271
1 143
1 1689
1 1621
1 3045
1 3357
2 3512
1 755
1 1249
2 2215
1 2270
2 2277
2 220
2 3168
1 2566
1 2659
2 715
1 2404
1 352
1 30
2 2445
2 3019
2 1093
1 1447
2 1455
2 2924
2 1768
1 572
2 2138
2 1390
1 3555
2 2735
1 1876
1 256
1 1810
2 3355
1 2159
2 3150
1 2189
1 188
1 2642
1 1087
1 1771
2 1152
2 3554
1 2592
2 2175
2 1007
1 128
1 2364
1 3137
2 1394
1 3110
1 1100
1 1477
1 2047
1 946
2 1731
1 1309
2 214
1 1185
2 1555
2 3016
2 5
1 3701
2 2454
1 3058
1 1244
1 2224
1 467
1 1780
1 1793
1 2968
2 3747
1 3474
2 2183
1 776
1 2682
2 2054
1 1090
2 2128
2 2343
1 2713
1 2601
1 1687
1 3652
1 239
1 1518
1 2405
2 3561
1 2346
2 3242
2 2717
2 577
2 78
2 457
2 2188
1 1156
1 3215
2 1123
2 3122
1 2146
2 3670
2 464
2 3631
1 1012
2 1363
1 2162
2 743
1 1931
1 1668
1 2770
1 2235
1 2427
2 1433
1 3012
2 1706
2 3412
1 3262
1 958
1 3151
1 2876
2 207
1 2805
1 67
2 3239
2 3600
2 1440
2 579
2 1986
2 1838
1 1667
1 2372
2 199
2 3166
2 2665
2 1327
2 2234
2 3039
1 2647
2 1313
2 2825
2 795
2 1505
2 3129
1 3733
2 2361
2 896
1 2928
1 1933
1 3256
1 2416
2 2937
1 1676
2 3010
2 3611
2 461
1 1077
2 2317
1 277
2 2824
2 1974
1 600
1 79
2 3593
1 1910
2 2857
1 2924
2 2920
1 3748
2 2000
1 389
2 218
1 1309
1 3464
1 1862
1 93
1 3785
2 1756
1 90
2 2404
1 3590
2 715
2 2456
1 3401
2 1698
1 2982
1 3337
2 630
2 2716
1 1419
2 1273
2 2197
2 910
2 1837
2 2442
1 2903
1 780
2 1446
2 1979
2 189
1 540
2 961
1 1201
2 3200
2 1584
1 3712
1 313
1 1257
1 3356
2 2715
1 1198
1 3318
2 1923
1 144
2 2175
1 1438
2 81
2 341
2 822
2 2582
1 1916
1 2393
2 3038
2 3751
1 622
1 294
2 397
1 667
1 375
1 2617
2 2251
1 1758
2 2273
1 2846
2 2380
1 1235
1 3537
1 2230
2 113
2 2463
2 3657
2 2465
2 1877
1 2079
2 3624
1 1908
2 1561
1 1183
1 1113
2 1069
2 1332
1 3173
1 1925
1 2780
1 510
1 1940
1 1796
1 3510
1 1789
1 2555
1 2705
1 652
1 2213
2 3712
2 1643
2 2246
1 2665
2 1211
1 2141
1 3371
2 3765
1 447
2 1921
1 457
1 829
2 3129
1 376
2 2851
1 2007
1 1772
2 1241
1 3201
2 2362
1 2670
2 1590
1 1074
2 1338
2 980
2 1044
1 1391
2 340
2 1831
2 3238
1 3326
2 1317
2 38
2 3394
2 3257
1 1542
2 983
1 2641
1 1687
2 739
2 1809
1 3494
2 939
1 3744
2 1878
2 1008
1 2594
2 301
1 578
1 1681
2 818
2 2563
2 388
1 3158
1 2618
2 1924
2 3025
2 537
1 791
1 1943
1 1783
1 2512
2 696
2 1075
2 26
1 1754
1 3639
1 3160
1 746
1 711
1 738
2 2198
1 2672
2 2328
2 2256
1 1004
1 3176
2 770
1 1179
1 199
1 810
2 3362
2 3649
1 3684
2 2033
1 1288
2 3755
1 859
2 2583
1 1673
1 208
2 173
1 1027
2 85
2 127
1 3618
1 2934
2 935
2 1684
1 2558
2 2730
1 1983
2 711
2 378
1 3201
1 3001
2 2996
1 3069
1 1767
1 3631
2 157
2 131
1 1529
2 271
1 65
1 1264
2 3168
2 2974
2 3229
2 935
1 2799
2 724
1 2630
2 1982
2 2962
2 2927
1 468
2 166
1 75
2 3651
2 3571
2 3335
1 2016
1 377
1 1307
2 2960
1 3689
1 975
2 3626
1 3160
2 247
1 2401
2 327
2 3348
2 3368
2 523
1 2575
1 2771
2 1566
2 3513
2 1569
2 2117
1 2857
2 3543
2 1385
1 2832
2 2664
1 2662
2 3276
1 2744
2 741
2 1290
2 1937
2 3399
1 1711
2 481
2 1579
2 1534
1 2015
1 412
2 1371
1 3021
2 3688
2 3380
1 2778
2 3593
1 2688
2 2833
2 1889
2 1713
2 918
2 3421
2 313
1 2638
1 3142
1 1631
2 2734
1 1208
2 589
1 3564
2 2067
1 882
2 840
2 1262
2 1420
1 2709
2 49
2 43
2 3782
1 3629
2 3389
2 855
2 2933
2 1073
2 2950
1 1935
1 1796
1 185
2 1387
2 3620
1 2319
2 3523
2 2515
2 3736
1 1656
2 1186
2 3471
2 1665
2 1751
1 2942
1 2903
1 2792
2 1718
1 1738
1 155
2 3609
2 3297
1 3767
1 1865
1 2529
1 2464
2 2880
2 3393
1 568
2 316
1 430
2 3443
1 490
2 475
1 1453
1 3433
2 2788
2 904
1 1869
2 1607
1 2101
1 1729
2 615
2 2882
2 3650
2 2635
2 1502
1 2118
1 3123
2 1680
1 1114
2 2582
1 1853
1 2258
1 2287
1 479
2 979
1 2011
2 3146
2 2112
1 1428
2 1123
1 2366
1 846
1 3505
2 1325
2 3074
2 32
1 928
1 259
1 2402
2 2484
1 2611
1 1518
1 1350
2 2473
1 1550
2 2163
2 3659
2 3667
1 2980
2 3646
2 3187
2 2798
1 2022
2 683
2 1804
2 1467
1 1259
2 1030
1 2853
2 2516
1 195
2 1856
1 1950
2 2595
2 2358
1 231
2 494
1 3304
2 2774
1 1229
1 3601
1 2010
1 1255
2 2388
1 1520
2 1948
2 3560
1 1293
1 2652
1 3369
1 1903
1 191
1 1594
1 17
2 3332
2 1494
1 1206
1 54
1 2868
1 2683
1 2278
2 2836
2 1361
1 2226
1 2414
1 2947
2 1381
1 2667
2 2333
1 2522
1 583
2 1136
1 2650
2 538
1 3125
2 2373
2 620
1 1651
1 305
1 942
1 299
2 633
2 1697
2 2753
2 2313
2 3608
2 559
2 1699
1 407
2 65
1 346
1 2233
2 2914
1 1406
1 1453
2 3203
1 3049
1 1321
2 1055
2 3009
2 688
2 1744
1 3732
2 1636
1 1344
1 2083
2 2109
1 3062
2 13
2 1182
2 792
2 3579
1 1027
2 3655
2 3017
2 1569
1 3467
2 193
1 462
1 1454
2 1227
1 92
2 2009
1 3624
2 2775
1 307
1 1450
1 2528
2 3344
1 2438
1 510
2 432
2 1798
2 2719
2 1374
2 1575
2 2598
2 2911
2 1117
2 622
1 2574
2 659
1 1372
2 3435
2 2007
1 1165
2 2646
2 2217
1 909
2 2795
2 850
1 3470
2 1025
1 2863
2 2124
2 307
1 2877
2 1454
2 646
2 2065
2 651
1 2817
2 1057
2 2816
1 1312
1 1474
2 3270
2 2412
1 1212
1 3426
2 2511
1 542
2 1045
2 1914
2 2068
2 487
1 2769
1 955
2 2488
2 2253
2 529
2 2197
1 607
2 3486
2 130
1 1072
2 362
2 1741
1 2752
1 2332
1 2095
2 403
1 2878
1 145
2 1968
1 280
2 293
1 2662
2 3301
1 2087
1 1694
2 2496
2 2272
2 580
1 2489
1 2637
1 1886
2 1819
1 527
1 1180
2 3658
2 188
2 3108
2 2435
2 3147
2 431
1 3784
1 420
2 1890
1 140
2 133
2 2766
2 2509
1 1362
2 3194
1 3753
2 2232
1 33
1 1711
1 2383
1 2491
2 1717
2 2164
1 1421
1 1437
1 3170
1 1981
2 2772
1 3417
1 3205
1 3111
1 869
1 408
1 3310
1 2004
2 143
2 1133
2 49
1 1000
2 1958
1 2301
2 1823
2 1038
1 695
2 2401
1 3222
1 592
2 2941
2 3683
2 1013
1 3455
1 556
2 272
2 1503
2 2821
1 1325
1 225
2 1329
2 207
2 1779
2 3040
1 1905
2 3141
1 3687
2 1155
1 390
2 3387
1 3589
2 3645
2 1399
1 314
1 1333
1 260
2 1750
1 3245
2 1654
2 51
1 1356
2 350
1 363
1 2773
2 1111
1 937
1 3083
1 96
2 100
1 2377
1 3428
1 287
2 2432
2 3702
1 1811
1 2349
2 640
2 3647
2 2256
1 235
2 3678
2 441
2 2061
1 508
1 2762
2 2581
2 704
1 620
2 1895
1 3312
2 441
2 3478
1 2268
1 3626
2 3562
2 961
2 625
1 1893
1 399
1 2829
2 1533
1 2130
2 459
2 2606
2 3057
2 2940
2 1459
2 480
1 500
1 1260
2 621
1 1244
2 1253
2 15
2 2129
2 631
2 936
1 2031
1 3316
1 2119
2 1015
2 23
1 404
2 1063
2 874
1 1486
2 555
1 3254
1 2814
1 80
2 2108
1 2100
2 3471
1 1911
1 3569
1 852
1 3675
1 246
1 1558
1 3294
2 1824
1 2965
2 1538
2 2545
1 2126
2 1588
2 1610
2 162
1 1540
2 1616
1 36
1 1535
1 2063
2 838
2 1763
2 2337
2 3152
1 3413
1 2716
1 3465
1 868
1 17
1 2358
2 3195
2 387
2 3444
2 3035
2 1577
2 1336
1 573
2 3606
2 1473
1 3529
2 3781
1 3298
2 471
2 2244
1 291
1 1051
1 2284
1 3520
1 1631
1 2776
1 3576
2 1119
1 130
2 3796
1 302
1 1738
1 2222
2 3678
2 3227
1 1988
2 2959
2 1691
2 1131
2 360
1 108
2 1141
1 2864
2 1869
1 606
2 3414
2 3577
2 3621
1 2918
2 373
1 2509
1 768
1 2802
1 916
2 2280
2 2281
1 2227
2 1047
2 606
1 1812
1 392
1 3490
1 1771
1 2732
1 1611
1 2505
1 373
2 1764
2 3588
1 727
2 285
2 356
2 1501
2 2821
2 2737
2 2718
2 164
1 1134
1 1898
2 3461
2 1938
1 422
2 2997
2 2645
1 225
1 2954
1 234
1 3131
2 1140
2 3178
1 1922
1 1359
2 3723
1 2885
1 3580
2 2349
1 2039
2 638
2 1235
1 3418
1 2772
1 3284
2 2406
2 3107
1 1507
2 563
1 3202
2 111
1 1886
1 1620
1 1026
1 2366
2 1526
2 433
1 576
1 518
1 1224
1 1559
1 3742
1 2118
1 2612
2 2978
1 749
1 2165
2 443
1 2194
1 861
1 2454
2 1810
2 2017
2 2711
2 2689
1 1180
1 88
1 2051
1 179
1 1622
1 3019
1 815
1 201
1 515
1 2000
1 3005
1 2822
2 3621
1 990
1 2182
1 593
1 40
2 3402
1 2670
1 843
2 1042
1 1464
2 2415
1 3737
1 1094
1 1432
1 1072
2 122
2 3798
1 3663
1 1790
2 2837
2 58
2 167
1 2890
2 1329
2 405
2 175
1 2632
1 3336
1 2894
2 2661
1 3594
2 2989
1 284
1 689
1 3637
1 847
1 3028
2 1788
2 428
2 1923
2 671
1 2215
2 3640
2 2819
2 1486
2 2092
1 2466
2 172
2 2369
1 714
1 869
1 2596
2 3379
1 3437
1 748
1 437
1 2105
2 994
2 3193
2 2549
2 3120
1 2157
1 1106
1 265
1 1363
2 2830
2 3520
2 275
2 3372
1 2663
2 1185
2 2540
1 643
2 2219
1 1504
1 1651
2 956
1 3340
1 282
2 649
1 1158
1 69
1 3149
1 2701
2 1476
2 3436
1 1460
1 562
1 3559
1 1146
1 452
2 732
1 1657
1 1366
2 1013
1 511
2 2232
2 2533
2 1880
1 2102
1 1927
2 1462
1 2289
1 446
2 2312
1 697
2 1817
2 2033
1 2018
2 1269
2 633
1 1915
1 2904
2 780
2 3602
2 2547
1 594
2 270
1 1270
1 1876
2 1965
2 3578
1 294
2 1642
1 788
1 3711
2 3640
2 1153
1 2614
2 1716
2 1920
1 1939
1 345
2 1818
1 1480
1 997
1 1990
2 1734
2 1915
2 3088
2 3179
1 1930
1 3349
2 2815
1 1800
1 3669
1 2261
2 53
1 3619
2 71
2 3791
2 982
1 3286
2 1052
1 612
2 3698
1 1422
1 1070
1 1541
1 3067
1 444
2 2426
2 2202
1 2548
1 2436
2 29
1 350
2 376
1 828
2 3452
2 2159
2 3628
1 1335
1 729
1 1081
2 47
2 2612
1 2741
1 3463
2 2874
1 1188
1 1187
1 3568
1 2619
2 2594
1 917
2 2287
2 945
2 2528
2 2613
2 2931
2 315
1 1514
2 3140
2 6
2 3134
1 3275
2 365
1 1215
2 2238
1 261
2 2527
1 2241
1 2998
1 3687
2 3136
1 1843
1 2674
1 693
1 64
1 2769
1 257
1 1079
2 2354
2 1725
2 1207
2 3534
2 378
1 1331
1 3095
2 640
2 681
2 1300
2 2999
2 592
1 79
2 1089
1 552
1 3735
2 174
2 475
1 2346
1 651
2 2132
2 2985
1 515
2 3515
1 2353
1 3719
1 3532
1 1341
2 2099
1 1813
1 3220
2 3492
2 2493
1 2001
2 2370
1 2748
1 587
2 3267
1 2881
2 1715
1 787
1 2005
1 3293
2 1959
2 222
1 3546
2 1395
1 13
2 3199
1 2691
2 45
1 3065
2 636
2 1918
2 1384
2 3677
1 1682
2 3184
2 1238
1 1284
2 223
1 2991
2 1331
1 713
2 1917
2 2320
2 3338
2 3044
1 3534
2 3396
1 3231
1 3291
1 1284
2 3061
2 761
2 1050
1 1056
2 128
1 2560
2 1962
1 296
1 2407
1 1630
2 753
2 1921
1 679
2 3027
2 184
2 1093
1 740
2 2565
2 2285
1 772
2 1596
2 2831
1 1399
1 1406
2 3566
2 907
1 3731
2 2274
1 873
1 2558
2 556
2 596
1 420
1 1395
2 1071
1 2046
2 3327
2 2200
2 2875
1 1384
1 716
1 3372
2 114
1 407
1 2127
1 2235
2 80
1 2782
2 931
1 1483
2 200
1 3681
2 1553
1 2403
1 3574
1 3738
2 1642
1 2990
2 1380
1 1393
2 3374
2 2676
1 1241
1 3755
2 2195
1 517
2 3370
1 1513
2 1952
1 2177
2 481
1 663
2 1896
1 2452
2 485
2 3058
1 2093
2 1328
1 833
1 1261
1 989
2 3244
1 3048
1 298
1 255
1 2272
2 1666
1 1405
1 775
1 845
2 3709
2 2258
2 948
1 3571
2 1885
1 2811
2 391
1 2416
2 1280
2 723
2 2422
2 981
1 2493
2 127
2 2531
2 3748
1 1721
2 417
2 3100
2 2348
2 594
2 2698
2 2325
1 2154
2 3524
2 3046
1 2264
2 627
1 1524
1 842
2 2071
2 701
2 2381
1 577
2 1787
2 3643
1 2746
1 3337
1 169
1 3761
1 2833
2 3009
2 816
2 2932
1 1322
1 1572
1 1316
2 2900
1 2139
1 1221
2 2809
2 700
1 2481
1 813
1 1115
1 417
1 300
1 1573
2 2728
1 878
2 2146
2 1095
2 2505
1 3635
1 89
2 1726
1 3616
2 3525
2 2143
2 64
1 455
2 2690
2 1657
1 847
1 2050
1 2208
2 2915
1 3418
2 3353
2 67
2 2371
1 2242
1 3011
1 1358
2 206
1 3214
2 316
2 1458
1 735
2 2279
1 3093
2 2834
1 564
1 1490
1 499
1 1289
2 2871
2 2321
1 914
1 3023
2 2638
2 1880
2 1319
2 451
2 3612
1 3708
1 1665
1 73
1 339
1 3499
2 3764
2 438
1 239
2 632
1 1064
2 1391
2 2
2 2877
2 3140
1 2431
1 2160
1 3768
1 956
2 1864
2 3721
2 2777
2 1766
1 1372
1 785
2 959
1 1434
1 549
1 1972
2 2840
1 2145
2 3120
2 3773
2 1099
2 2697
2 2466
1 450
1 2296
1 3367
2 1387
2 1130
1 2384
2 81
1 996
2 414
1 1054
2 875
2 1267
2 253
2 631
1 3003
1 3539
2 2247
2 165
1 944
1 402
1 1269
1 2747
2 1256
2 2905
2 3766
2 899
1 2958
1 117
1 2936
2 247
1 2498
2 139
1 1200
2 916
2 1618
1 1120
1 3060
1 2060
1 1338
1 3482
2 3490
2 1594
2 1749
2 2630
2 2357
1 653
2 461
2 1898
1 2203
2 536
2 634
2 3093
1 3357
1 432
1 2532
1 1565
2 1690
1 103
2 50
1 328
2 3721
2 3280
1 1653
2 3741
2 460
2 1715
2 352
1 2313
1 2576
1 1516
1 1702
1 1640
1 3227
1 3487
1 1125
1 3422
2 466
2 1456
1 379
2 888
2 3470
2 2134
1 3290
2 1878
2 22
2 695
2 1433
1 1752
1 3495
2 3255
2 2717
1 3377
1 3128
2 605
2 3614
1 1597
1 1472
1 2153
1 1675
2 1443
2 1742
2 2879
1 2628
1 3714
2 3119
2 824
1 501
1 3778
1 177
1 3065
1 979
2 2499
1 2714
1 741
2 3271
1 354
1 1499
1 1232
1 32
1 828
2 2470
1 921
2 1736
1 3039
1 24
1 2824
2 1730
1 1984
1 1938
1 786
2 2898
1 2552
1 3085
1 3181
2 2042
2 3036
2 866
1 2540
1 1314
1 2042
2 953
2 895
1 1396
1 107
1 1514
2 3317
1 235
2 687
2 1635
2 2980
1 2062
2 3040
2 2935
1 2589
1 424
1 2561
1 1560
1 1589
1 1530
1 2253
2 348
2 2408
1 2169
1 3596
2 1835
1 924
1 1278
2 1099
1 639
2 3713
1 841
1 3598
2 61
2 2291
2 206
1 3444
2 1393
2 1789
1 2314
2 3589
1 1953
2 183
1 1790
2 1289
1 1285
2 984
2 129
1 1821
2 209
1 300
2 923
1 2156
2 2510
2 2204
2 677
2 338
2 516
2 3431
1 2285
1 3556
1 1234
2 1403
1 1479
1 2032
2 3509
1 2888
2 1670
1 2500
1 3022
2 1708
1 3324
2 427
2 504
2 59
1 1980
1 3333
1 1446
2 3401
1 1688
2 1787
1 296
1 3366
1 382
2 224
2 1095
1 842
2 547
1 2943
2 1052
2 2609
2 2866
1 1900
1 2374
1 712
1 775
2 2355
2 3629
2 1723
2 1977
1 415
1 1149
2 1
1 2250
2 3615
2 387
2 312
2 3217
1 3244
2 758
2 2820
1 579
2 704
1 3533
2 1616
1 1243
2 204
2 1267
2 2733
1 1988
2 3582
1 3314
2 1891
2 1155
1 1533
2 303
1 2378
1 566
1 2609
1 467
1 3234
1 2965
2 1792
1 3054
1 1952
1 3457
1 3130
2 230
1 175
1 3430
1 2757
2 1997
1 2451
2 1023
2 456
2 3248
1 2209
1 3188
1 2564
1 251
2 399
1 1573
2 2872
2 2621
2 1136
1 2324
1 535
1 2437
2 3627
1 97
1 629
2 1600
1 3485
1 304
1 3104
1 1945
2 1545
1 4
2 1716
1 1148
1 1031
1 2121
1 3716
1 3762
1 3116
2 1755
2 706
1 19
2 288
2 881
2 2306
1 2813
2 3781
2 259
2 2184
2 826
1 2202
2 1570
2 3084
2 205
1 554
1 2987
1 2255
2 2400
1 3565
2 326
1 3498
1 2222
1 1934
1 1861
2 1692
2 2525
2 2115
2 823
1 3719
2 3132
2 1343
2 3100
2 2800
1 445
1 3442
1 3537
2 1494
1 1626
1 643
2 1445
2 2181
1 1920
1 1732
2 3190
2 2535
1 2144
1 251
2 492
1 1894
1 809
2 3496
1 2304
2 2708
2 488
2 3108
1 2485
1 2958
2 3340
1 2706
1 2697
2 217
2 2972
2 1743
1 1939
1 1824
2 7
2 295
2 416
2 2444
1 469
1 3699
2 684
1 368
1 3603
2 1079
2 1956
2 1564
1 2123
1 177
2 1515
2 1971
2 2843
1 2521
2 3481
1 355
2 3383
1 3775
2 1845
2 30
1 483
2 3393
2 2307
2 137
1 1762
1 1436
1 2142
2 2580
1 3665
2 219
1 2120
2 2371
1 1872
1 1721
2 1532
2 1978
2 589
1 1398
1 1955
1 2983
1 3183
2 2695
1 1628
2 3388
1 1240
2 2988
1 3429
1 3075
1 3048
2 3516
2 3404
2 976
1 3671
1 2696
1 2419
2 117
2 351
2 2845
1 901
1 760
1 678
1 2636
1 254
2 912
2 3384
2 598
1 1718
1 693
1 3279
1 3266
1 2476
2 1885
1 2577
2 2643
1 1166
2 1977
1 3794
2 672
2 319
1 1126
1 2080
2 730
2 1653
1 136
1 2966
1 896
1 1118
2 876
2 3590
1 2699
1 2649
2 2468
2 1300
1 2059
1 2153
1 2524
1 2585
2 3440
2 1177
2 734
1 2704
2 801
1 2023
1 513
2 113
2 1549
1 14
2 2309
1 1671
2 1312
2 212
2 478
2 458
1 1165
2 3384
2 1040
1 78
1 1220
1 2005
2 1851
2 2654
1 149
2 3296
1 3567
2 1947
2 2121
1 2461
2 3240
2 3780
2 1448
2 241
2 623
1 380
1 1572
2 25
1 2584
1 3004
2 3013
1 3669
1 157
2 1735
2 1059
2 1009
1 2984
1 1636
2 150
1 911
2 2804
2 3207
2 385
2 605
2 178
2 1649
1 2893
1 244
2 2082
1 645
2 2421
2 3127
1 1737
2 3730
2 2963
2 2892
2 2904
1 2265
2 3355
2 960
2 2452
2 141
1 1584
1 2186
1 2002
1 3514
2 3656
2 791
1 3281
2 1757
1 2698
1 1833
2 912
1 2787
2 3793
2 1612
1 2837
1 2872
2 1685
1 1064
1 528
1 3524
1 1605
2 2765
1 1287
2 482
2 3259
2 738
1 503
1 2614
1 2094
2 837
2 752
1 364
1 156
1 2883
2 2150
2 2221
2 1460
1 2604
1 2579
1 987
1 332
1 2281
2 773
2 1431
2 1291
1 3515
2 3562
1 116
2 2964
2 954
2 1940
2 125
1 3008
2 1994
1 1976
1 3767
2 2434
1 2010
2 3460
2 122
1 1002
1 3798
1 1975
2 2848
1 1776
1 1662
2 1779
2 2666
2 2834
1 772
1 1016
2 2917
1 2229
2 3213
2 3089
2 2225
1 2137
2 1339
2 1520
2 599
1 973
1 2255
1 789
1 1928
1 3648
1 3481
2 1062
1 524
1 1315
2 3026
2 3029
2 452
1 2801
2 2218
2 1383
1 2657
1 2311
2 602
1 3557
1 2099
2 2025
2 1352
2 532
1 1071
2 3514
1 809
1 1375
2 165
2 2796
2 518
2 342
2 1602
2 3374
2 3671
1 213
2 2679
1 1319
1 2319
2 62
2 2542
1 1323
1 1766
1 2087
1 2906
2 2976
2 3440
2 1080
1 3230
2 1225
2 2392
1 2914
1 1632
2 3707
2 1324
2 342
1 1424
1 1702
2 3635
2 43
1 2268
2 3099
2 22
2 806
1 3565
2 3608
2 3642
2 2781
2 2047
1 2119
1 2483
1 2865
1 3319
2 3004
2 320
2 1982
2 2599
2 2816
2 3191
1 3154
2 55
2 1023
2 1348
1 862
1 1894
1 2683
2 2841
2 1581
1 1489
2 1495
2 784
2 3277
1 1448
1 1678
2 228
2 1367
2 23
1 1645
2 2375
1 3178
1 54
2 3204
1 3675
1 2979
1 1308
1 3445
2 3620
2 1210
2 3097
1 1118
2 3655
2 1877
1 874
2 1591
2 2464
2 2098
1 2685
1 1854
1 29
1 1423
1 2507
2 477
2 2300
2 2686
2 2554
1 1003
1 2636
2 492
2 2045
2 202
2 1707
2 3317
1 1074
2 227
1 334
2 514
1 2480
2 2561
1 3359
2 3743
2 713
2 3114
2 2776
2 701
1 1140
1 1293
1 610
2 3283
1 1807
2 2831
2 283
2 522
2 1548
1 2187
1 1310
2 109
2 1606
1 3584
1 1648
2 604
2 2706
1 3617
2 3036
1 3112
1 3197
2 1953
2 2858
2 1228
2 2040
1 209
1 211
1 1002
1 1723
1 3491
1 1126
2 2949
1 3572
1 8
2 565
1 1292
2 1954
2 982
2 1596
1 2514
2 2787
2 147
2 782
2 137
1 3528
1 1305
1 168
1 511
2 439
2 194
1 1248
2 1629
1 2916
1 2784
1 2589
1 12
2 497
2 3214
1 1409
2 2196
2 1283
2 1102
2 1932
2 1011
1 868
1 297
2 938
1 3153
1 574
1 2344
1 2760
2 2984
1 1957
2 1251
1 3787
2 746
2 1116
1 1220
1 1402
2 1383
1 304
1 2604
1 1366
2 2849
1 1872
1 2790
2 3726
2 2495
2 1415
1 1159
2 2389
1 2702
1 930
2 2174
1 3416
1 1035
1 742
1 2376
1 1336
2 2693
2 3343
2 83
1 2628
1 1860
2 2799
1 1838
1 1552
2 3270
2 2359
2 3762
1 2504
1 1997
2 947
2 1543
2 2429
1 2944
2 426
2 1970
2 927
1 91
2 993
2 1282
2 2228
1 2468
1 1116
2 969
2 2199
2 2835
1 2259
1 2538
1 1644
1 2644
1 3287
1 2876
2 112
2 3410
2 2482
2 1343
2 524
2 1137
2 1755
2 2915
2 1603
2 3580
1 1516
2 1041
1 2347
1 1358
2 471
1 1958
1 832
2 1129
1 2395
2 3605
1 63
2 550
1 1109
2 2342
1 988
2 1440
2 1351
1 2752
1 2971
2 2352
1 1089
2 1432
1 28
2 2764
1 3698
2 3731
2 1291
1 1184
2 3295
2 3408
1 691
2 359
1 3256
1 1740
2 680
2 1308
2 2034
1 3782
1 2768
1 2323
1 808
2 1873
2 1700
2 714
1 1186
1 2910
1 2519
2 1808
2 101
2 2673
1 1841
2 945
1 2559
1 1922
2 286
2 3760
2 2410
2 3149
2 2572
1 2760
1 3035
1 2894
2 2729
1 3322
1 1500
2 1210
2 2908
2 873
2 126
1 2120
1 2494
2 2387
2 3153
1 931
2 135
1 1580
2 978
1 1669
1 526
1 454
1 2492
1 578
2 2811
2 1606
2 2221
2 1302
2 2891
1 2827
2 2171
1 954
1 1191
2 1692
2 2624
2 1710
2 608
2 3264
1 2336
2 3744
2 1839
2 2567
1 2681
2 1981
1 745
2 3727
2 3475
2 1078
2 2785
1 700
2 2822
1 1121
1 1809
1 2885
1 1342
2 1674
1 135
1 3386
1 561
2 2387
2 1571
1 3437
1 2868
1 1814
1 270
1 3320
1 1214
2 3207
1 3067
1 406
1 474
2 1731
1 3741
1 2081
2 925
2 14
2 2195
1 2723
2 3010
1 3169
1 1881
2 77
2 2329
1 1724
1 3115
1 2588
1 3216
2 3410
2 1619
1 2969
1 3752
1 1019
1 2919
2 3459
2 2283
2 2646
1 1623
1 2535
1 3166
1 1795
1 2989
2 2180
2 353
1 3517
2 2789
2 2378
2 863
2 551
2 3018
2 2059
2 3390
1 3033
1 1814
2 1048
2 3332
2 3472
1 77
2 1860
1 3460
2 2653
1 169
1 1866
1 1756
1 3046
2 1039
1 1783
1 1452
1 3494
1 887
2 1334
1 1830
2 3462
1 1858
2 3081
2 1914
1 3307
2 1416
1 451
2 2681
2 2294
1 999
2 2763
2 3092
1 2031
1 2482
1 2994
2 733
1 1138
1 685
1 1709
2 1598
2 1628
2 2064
1 3454
2 1897
2 3053
1 2239
1 398
2 584
1 3242
1 1690
2 1252
2 3087
1 2423
1 2844
2 3553
1 3312
2 1219
2 963
2 666
2 1929
1 3303
1 2276
2 2496
1 2391
2 1193
1 1197
2 1451
2 1199
1 1463
2 2183
2 1360
2 3161
2 3797
1 2563
2 941
1 3302
1 336
2 2945
1 553
1 111
1 1775
1 1749
1 2360
2 2999
1 1405
2 1266
1 3633
1 1770
1 1969
2 1843
2 230
1 3786
2 566
1 965
1 767
1 3446
1 2363
1 145
2 2944
2 1066
2 3714
2 312
2 3107
1 3649
2 1675
2 2294
1 2534
2 409
1 3125
1 1470
1 3375
1 2619
1 1634
2 1197
2 3505
1 2856
1 1906
2 3485
1 3079
1 1480
1 426
1 2886
1 1296
2 2266
2 1688
1 2102
1 3164
1 1595
1 1704
2 1376
2 2055
1 2025
2 2639
2 1714
2 1226
2 626
1 2208
1 2398
1 2420
1 2621
1 2507
2 2030
1 1377
2 1655
1 18
1 1294
1 2869
2 72
2 2602
2 1392
2 885
1 1066
2 937
2 491
2 1634
1 1575
1 2881
1 615
1 506
2 3379
1 2888
1 2637
1 2045
2 2798
1 1613
2 2549
2 2761
2 3358
1 3144
1 3740
2 2556
2 3152
1 2340
1 2620
1 2191
1 3014
1 1576
2 2733
2 818
2 3187
2 3504
2 569
2 3769
1 1170
2 864
1 2970
1 1884
1 544
2 1757
1 2069
2 857
2 1240
2 1742
2 591
1 2050
1 883
1 66
2 3499
2 3498
1 3696
2 2546
2 331
1 1803
1 3703
1 3015
2 1509
1 2536
1 971
2 1849
1 3130
1 3638
2 2711
1 3147
1 3133
2 646
1 865
2 529
2 2544
1 614
2 1132
2 1265
2 1169
2 2917
2 2021
2 1050
2 1111
2 551
1 1485
1 776
1 3059
2 1441
2 2054
2 798
2 1360
1 1213
1 2572
2 3682
1 1191
1 3800
1 2926
1 3070
1 2886
2 1044
2 1919
2 1972
2 2089
2 2032
2 1571
2 1847
1 2616
2 2795
2 2261
1 3173
2 2476
2 433
1 1593
1 1543
2 3109
2 138
2 593
1 3415
2 148
1 3180
1 2027
1 1250
2 400
2 2819
2 865
1 1069
2 3636
1 3474
2 3190
1 3076
1 1585
2 2506
1 2365
2 3411
1 2701
2 657
2 3685
2 3647
2 2916
2 2826
1 3034
1 3031
2 1461
2 3075
1 607
2 95
1 904
1 2309
2 1268
1 2150
1 329
1 2519
2 1110
1 3700
1 1188
1 84
1 3729
2 722
2 1935
1 1725
2 2922
1 849
1 2967
1 2305
1 2966
1 2553
2 1396
1 996
2 3633
2 3234
2 878
2 923
2 2249
1 718
2 1260
2 3210
1 232
1 396
1 2302
1 346
2 18
2 601
2 2562
1 864
1 2633
2 482
2 2229
2 2365
2 1344
1 3413
1 1172
1 3391
2 950
2 1414
2 1851
2 2077
2 1239
2 2749
2 284
2 2104
1 2823
1 1696
2 1147
1 3465
2 2479
1 2962
2 1989
1 1297
1 2859
1 3064
2 810
1 968
1 2843
2 485
2 2226
1 3797
2 3760
2 650
2 2390
1 3194
2 3489
1 1830
2 3627
1 2789
1 2682
2 24
1 1353
2 1842
2 771
1 1931
2 507
1 2193
1 1397
1 1067
1 2544
2 1151
2 358
1 2072
1 2506
2 894
2 2011
2 288
1 98
2 1337
2 3118
1 584
1 48
2 3206
1 1009
1 448
1 2956
1 287
2 72
1 2382
2 3558
2 1777
1 159
2 333
1 3159
2 254
1 1976
1 1679
2 1613
1 1660
2 1664
2 2158
2 1248
1 2206
1 1720
1 735
2 3400
2 2815
1 597
1 1168
2 335
2 2068
1 1352
2 799
2 603
2 890
1 3235
1 219
2 495
1 38
2 3592
1 3615
1 3185
2 356
1 2383
1 3243
2 2533
2 2112
1 2154
2 2590
2 975
1 2884
2 118
2 2818
2 2911
1 2379
1 3117
2 737
1 1487
2 226
2 1476
2 1754
1 3343
2 2671
2 3094
2 1082
2 3092
1 3115
2 1174
2 2797
1 3585
1 882
2 3391
1 3225
1 2133
1 3496
1 2012
1 712
1 182
2 783
1 1096
1 384
1 1868
2 3216
1 2083
1 825
2 2367
1 1161
1 3300
1 2338
2 2676
1 2775
1 857
2 1055
1 368
2 1639
2 2064
1 2479
2 138
2 2093
2 2574
2 1951
2 2892
2 2641
1 1974
1 3141
1 70
2 3419
2 1801
1 1303
1 692
2 795
1 870
1 3397
2 900
1 3325
2 1348
2 3082
1 318
1 703
1 3568
2 453
1 1867
1 1028
1 909
2 3441
1 3077
1 1253
1 1192
2 3578
1 1059
2 850
1 2855
1 308
2 2085
1 2223
2 2089
2 2737
1 3493
2 1696
2 1701
2 3689
2 2758
2 986
1 1439
1 2955
1 2151
1 363
1 1268
2 105
1 1897
2 181
2 2359
1 3373
1 2880
1 929
2 1493
2 3588
1 1386
1 2751
2 3486
1 3323
1 793
1 34
2 560
1 3285
1 575
2 2472
1 3492
2 2448
2 3094
2 1233
2 1298
2 3353
1 710
2 2354
1 2132
1 2753
2 3099
2 2742
2 2559
1 418
2 1068
2 2870
1 3583
1 3777
2 2756
1 3250
2 1171
2 55
2 1237
1 500
1 3605
2 325
1 2243
1 3346
2 3508
1 834
1 1567
1 3488
2 2920
1 1950
1 2569
1 1143
2 3715
1 1859
1 970
2 371
1 1943
1 948
2 1176
2 134
1 763
2 683
1 1907
2 3555
2 3224
1 739
1 938
2 3068
2 521
1 1479
2 1150
1 394
2 100
1 1014
1 3308
1 3161
1 1633
1 473
1 3246
1 3143
2 680
1 890
2 1891
1 1292
2 3001
1 1128
2 3171
1 1038
2 1497
2 425
2 2362
1 1377
1 3679
1 751
1 2986
1 932
2 3339
1 116
1 784
1 668
2 2870
1 1010
2 447
1 310
1 694
2 2315
1 2803
2 815
1 2014
2 571
1 3331
2 2901
2 769
1 1720
1 1917
2 1599
2 2051
2 2836
1 1472
1 1345
1 1470
1 1858
2 1157
2 2987
2 3570
1 3547
2 3209
2 2756
2 1168
1 1820
1 1695
2 353
1 3725
1 3268
1 1785
2 1626
2 1722
2 1709
1 674
2 3050
2 966
2 347
2 2442
2 2073
2 2434
1 1022
2 1672
1 3366
1 1141
1 2802
2 3750
1 599
1 125
1 618
2 901
2 573
2 153
2 3768
1 2190
2 1205
1 2144
1 1623
2 3795
1 3155
2 52
2 2211
2 2608
1 2940
2 118
1 1451
2 2750
1 1899
1 754
1 3386
2 1419
1 2907
1 1995
1 1098
1 3255
2 267
2 2569
1 3330
2 3351
2 1536
2 1207
2 3500
2 3691
1 1966
2 1735
2 311
1 2758
1 1527
1 3350
2 2932
2 2400
2 2791
2 1015
1 3786
1 1011
1 1307
2 1194
1 3192
1 2176
1 727
2 2593
1 45
2 2046
1 976
2 1999
1 2790
1 660
1 2381
1 2242
1 2680
1 1907
1 3027
2 87
2 2607
1 149
1 2889
1 367
2 187
2 1216
1 1875
2 3249
1 1820
1 1603
2 3388
1 1629
2 3276
2 666
1 3394
2 1949
2 1287
1 769
2 2174
1 2946
2 2317
2 1246
2 977
1 2650
2 655
1 1811
1 1385
1 3072
2 139
2 611
1 1827
1 3272
2 285
2 2329
1 1299
2 266
2 2147
1 1840
1 2214
2 1164
2 1143
2 2644
2 509
1 985
2 3436
1 3086
1 2922
2 2074
2 2092
2 3584
2 1294
1 3541
2 3072
1 129
2 900
1 1582
2 2276
1 2449
2 820
2 2305
1 163
2 115
1 2441
2 3233
1 572
2 644
2 3540
1 3628
2 3371
2 2035
1 756
2 156
2 830
1 521
1 1648
1 2008
2 950
1 10
1 3710
1 751
2 2355
2 1040
2 344
2 1823
1 830
2 3407
1 2458
1 1870
2 1904
1 3348
2 293
2 2742
2 3632
2 3121
2 3435
1 2467
2 2520
2 3118
1 2596
1 2812
1 1018
1 3412
2 853
1 3174
1 3614
1 1969
1 702
2 2184
2 2808
1 189
2 817
2 2546
1 2123
1 3609
1 684
1 3639
1 1468
2 3653
2 3302
1 1887
2 3056
2 21
2 198
2 1679
2 1722
2 1793
2 1927
1 1684
1 2260
1 2692
1 614
2 3029
2 1564
1 271
2 26
1 2879
1 2478
1 3196
2 1871
2 1732
1 60
2 1279
1 1888
2 3163
1 2557
2 1979
2 542
2 3264
2 2847
1 1544
2 618
1 3341
1 3142
1 621
1 3666
2 3228
2 1638
1 1765
1 2783
2 3275
2 1214
2 404
2 943
1 647
2 2107
2 662
2 1317
1 1619
2 3720
2 2143
2 2839
1 1666
2 724
1 1065
1 442
1 1313
2 50
2 92
1 1832
2 142
2 179
1 2963
1 3007
2 506
1 3013
2 641
1 2565
1 3121
1 250
1 1844
1 1364
2 3706
1 2460
2 2564
1 2759
2 2453
1 1724
2 2186
2 1113
1 1957
1 3464
2 877
2 3295
1 3625
2 707
2 2201
2 1498
1 779
1 3690
2 1434
2 2318
1 3331
1 564
1 777
2 33
1 1475
2 1229
2 560
2 198
2 3080
1 1610
2 1792
1 2393
2 3090
2 763
1 3694
2 3619
1 2827
1 951
1 278
2 2136
1 73
1 732
2 2212
2 623
2 1873
1 1546
2 2453
2 3226
1 3521
2 1637
1 908
2 1224
2 3658
1 1992
2 3145
2 670
1 2945
2 1232
1 1
2 559
1 648
1 337
2 3273
2 3734
2 360
2 872
2 1096
1 1286
1 1861
2 3677
2 1225
2 3656
2 1660
1 344
2 2171
2 1301
1 322
2 264
2 1712
2 2935
2 940
1 1874
2 3322
2 545
2 1700
2 1429
1 3269
2 2179
1 3751
2 1844
1 2625
1 553
1 796
2 2293
2 595
1 1239
1 1515
2 3673
1 2722
2 1295
2 2703
1 3021
1 582
2 3409
2 1530
2 1592
2 1003
1 2571
1 1408
2 2763
2 3415
1 1693
2 1060
2 2245
1 3706
2 3447
2 3282
2 3389
2 1230
2 3210
1 3352
1 1160
2 2901
1 533
2 819
1 419
1 301
2 1556
1 2027
1 1005
2 1659
2 2770
1 3477
2 650
2 3185
1 2422
2 2034
1 2899
2 372
1 147
1 3363
1 856
2 3529
2 2315
2 2672
2 3217
2 987
2 1706
1 999
1 875
1 476
1 2504
1 44
2 1945
2 3552
1 3307
2 1785
2 1026
1 164
2 1801
2 1030
1 276
1 879
2 1245
1 1353
1 2295
2 3003
1 2545
1 2744
1 3468
1 781
2 3005
2 3610
1 2983
2 3523
1 2828
2 3479
1 1913
2 750
1 277
2 3432
2 773
1 514
2 2303
1 331
2 3469
2 343
1 1057
1 2671
2 2024
2 2111
1 3473
1 1149
1 1777
1 2216
2 3522
2 2100
1 2624
1 849
2 3288
2 477
2 2220
1 2297
2 2485
2 520
1 3586
2 3191
1 2648
2 3324
2 3042
2 2097
1 3433
2 2995
1 866
2 2227
2 3105
1 3278
2 2668
1 243
2 3279
2 3527
2 645
2 3310
2 217
2 3403
1 2080
2 3480
1 2433
1 1249
2 3084
1 196
1 1617
2 3231
1 3438
2 2925
1 588
1 2952
1 3630
1 3349
2 2436
1 1908
1 2376
1 3774
1 2793
2 2929
1 1502
1 541
1 323
2 1588
2 2390
1 1829
1 708
2 991
1 2620
1 161
1 2754
2 2041
1 2095
2 1466
1 1212
2 3218
2 1845
1 675
1 1337
2 1992
2 819
2 1456
2 2622
1 2707
2 2993
1 1108
1 2673
2 2165
1 2855
1 2909
1 3229
2 1205
2 2736
2 1439
1 926
2 486
1 3143
2 3156
2 1107
2 416
1 1496
2 336
1 357
2 1449
2 3198
1 1288
2 429
2 655
2 591
2 1855
1 320
2 2178
1 2125
2 3512
1 1510
2 2310
2 2211
2 2675
1 1226
1 231
2 1378
2 318
1 1581
2 1998
1 2556
2 2240
2 1677
1 3047
1 3101
1 2457
1 2038
1 871
2 2273
1 3182
2 152
2 3053
2 947
1 2330
1 1829
1 1727
2 821
1 2122
1 2286
1 596
2 3006
2 2263
1 321
1 3700
2 1746
1 1231
2 2626
1 327
1 2862
2 2997
2 2487
2 505
2 3316
2 671
1 3758
1 2425
2 3549
1 687
1 2148
2 3265
1 2656
2 796
1 1791
1 2900
2 1175
2 1522
2 1024
2 2167
2 1101
1 3695
2 2739
2 3071
1 1086
2 3222
2 221
1 3157
2 1892
1 833
1 2511
2 3208
2 341
2 1401
2 214
1 3103
1 1318
1 2101
2 321
1 2351
1 1707
2 1681
2 326
1 412
1 37
2 1806
2 2446
1 2239
2 2395
1 1882
1 1368
2 132
2 1298
1 1911
1 3211
1 2605
1 3163
1 3431
2 3452
1 2751
1 1671
2 3681
1 1182
1 120
1 670
1 1105
2 2861
1 335
1 766
2 132
1 854
2 2397
1 3052
1 557
2 1759
2 97
2 261
2 3419
1 2873
1 3204
1 1620
1 1710
1 70
2 3078
2 1730
1 1124
1 46
2 1625
1 2497
2 2477
2 314
1 1380
1 268
2 2375
2 3225
1 3429
2 1598
2 1778
1 2418
1 3544
2 1046
1 1719
1 3095
1 2503
1 915
2 166
1 2213
2 1483
2 952
1 453
2 634
2 3497
1 1578
1 355
2 115
1 898
2 3235
1 476
2 2441
1 3642
2 1106
2 1599
1 2022
2 496
1 343
2 2627
1 728
2 1934
2 2073
1 2714
1 861
1 823
1 2934
1 888
2 546
1 3381
1 1092
2 867
1 3625
1 3504
2 2241
1 662
1 3313
1 2977
1 2129
2 3757
2 3104
2 1152
1 499
1 469
1 2041
1 3526
2 2745
2 2734
2 3445
1 3618
2 3175
1 3705
2 3756
2 94
1 2508
1 1017
2 413
1 1142
1 319
1 706
1 2148
2 942
2 1970
2 3585
1 3758
2 1163
2 534
2 2198
2 34
1 3446
1 176
1 397
1 2075
2 3157
2 3269
1 1827
1 1320
2 3221
1 753
2 1426
1 3449
1 2536
2 3545
2 1016
1 2351
2 829
2 2896
2 1597
2 396
1 1117
2 2350
1 2196
2 1506
2 1780
1 3684
1 3661
2 3014
2 1549
2 1177
1 2020
2 952
2 3421
2 2953
2 2666
1 87
2 2838
2 3710
2 51
1 2332
1 1427
2 1274
1 1157
1 3055
1 3387
1 3116
1 2015
1 1107
1 3345
2 2265
1 3350
1 1216
1 2003
1 1910
2 334
2 3252
2 3784
2 2270
1 3245
1 919
2 2091
1 2424
1 562
1 1540
2 1065
2 1425
2 1330
1 2078
2 2610
1 2947
1 922
1 305
1 3735
2 3519
2 3237
2 1614
2 649
1 1570
2 978
2 2817
1 366
2 1708
2 267
1 104
1 2
1 2812
1 1154
1 1762
1 2016
2 628
1 2203
2 2340
1 3299
2 2152
2 1937
2 3611
1 3507
2 392
1 306
2 3482
2 2231
2 892
2 894
1 613
2 743
1 496
2 1020
2 1084
1 394
2 3020
1 1918
1 1775
1 1258
1 210
1 1211
1 2949
1 3454
1 3339
1 1770
1 905
1 1768
1 2887
1 1299
1 2941
2 1962
1 3457
2 653
2 3025
2 192
2 3098
1 2708
2 811
2 1901
1 25
2 2863
1 1466
2 1233
2 106
2 2741
2 2367
2 934
1 2223
1 3676
2 1647
2 2444
1 3299
2 2902
1 2527
1 611
2 537
2 332
2 2052
2 2727
2 3764
2 1542
1 2170
1 1135
2 3243
1 3791
1 2096
2 1278
2 2629
2 3406
2 538
1 903
1 1488
2 2204
2 274
2 3717
1 3241
1 3756
2 1506
2 1203
1 1412
2 1173
2 1227
1 590
1 523
1 1430
1 1048
2 2247
1 1471
2 1167
1 1088
1 2188
1 3362
2 709
1 474
2 3724
2 3360
2 1295
1 1635
1 2975
1 2156
2 647
1 3327
2 2830
1 1178
1 1332
2 463
2 1539
1 159
2 3209
2 3308
2 2660
2 870
1 949
2 1148
1 2136
2 2113
1 2192
2 2573
2 1686
2 325
2 1615
1 617
2 380
2 1404
2 2853
1 3458
1 1743
1 1998
2 1178
2 3077
2 627
1 1257
1 478
1 1418
1 2205
1 2852
1 3630
1 3422
2 1803
2 2902
2 1525
1 3438
1 3135
1 686
1 877
1 1403
1 3697
1 3604
1 102
2 3414
1 3345
1 974
2 1778
2 2225
1 53
2 2429
1 493
2 2501
1 1484
2 1816
1 2723
1 1946
2 1083
1 1223
1 1503
1 3483
1 1217
1 656
2 20
2 1881
2 839
1 807
1 1534
1 2510
2 269
2 1195
1 2408
2 2818
2 3790
1 3501
2 1371
1 2290
2 1576
1 2731
1 151
1 2995
2 641
1 2283
1 1489
1 2314
1 1592
2 398
1 2738
1 2122
1 6
2 2979
2 1442
1 369
1 969
1 2028
1 197
1 2008
1 2396
2 3757
1 3432
1 2200
2 2981
1 2526
1 1301
1 974
2 236
2 3148
1 1085
1 1169
2 252
2 777
2 1941
2 1773
2 2322
2 2972
2 3479
1 1563
1 989
1 1960
2 1750
2 2019
2 2678
1 2172
1 1397
1 258
1 3417
2 709
1 583
1 2679
2 377
1 1521
1 893
1 1132
2 1457
2 2762
1 855
2 2859
1 66
1 794
1 2526
2 2602
2 3097
2 2851
2 3551
2 3396
1 2951
2 153
2 443
1 2327
2 2172
1 2357
2 3047
1 1394
1 1263
2 822
2 427
2 2110
2 3176
2 1593
2 522
1 1850
2 2071
1 2864
1 1442
1 1423
2 2486
2 1759
1 3171
2 1404
2 3380
2 3717
1 2318
2 35
1 1760
1 2606
1 677
1 1929
2 2335
2 1450
2 2689
2 917
2 3113
2 2498
1 1973
2 1746
2 2873
1 3652
1 3573
1 3737
1 814
1 1417
1 362
2 1605
2 664
2 490
1 1346
2 3424
2 3790
1 1115
1 2615
1 1682
2 3663
2 1431
2 210
2 3096
2 1765
2 19
2 3692
2 2003
2 1987
2 1047
2 3329
1 124
1 2779
1 61
2 2149
2 1447
2 2009
2 3500
1 2651
1 2245
2 3321
2 934
2 3237
1 3667
2 2603
2 110
2 767
2 2049
1 28
2 2228
2 2669
1 423
2 3704
2 721
1 800
1 2918
1 2598
1 2860
2 1429
2 1349
1 1805
1 1125
1 2397
1 2530
1 762
1 1661
1 1989
2 2841
2 2266
2 3368
1 2433
2 2012
2 2160
2 2076
1 3643
1 2652
2 3527
2 3664
1 814
2 800
1 215
1 519
1 349
2 705
1 1465
1 2053
1 2036
2 1324
2 1523
1 891
2 1021
1 1376
2 906
1 3311
2 2747
1 1477
1 1553
2 2913
1 3773
1 535
1 3038
2 121
1 1304
1 3304
1 1960
2 2036
2 110
2 1795
1 2141
2 93
1 1818
1 1644
2 2640
2 2394
2 1973
2 2326
1 1959
1 1076
1 3377
1 1481
1 2018
2 3292
1 2049
1 1912
1 546
2 154
1 1365
1 2448
2 1046
2 1112
2 2423
2 3606
1 3566
2 2418
1 3193
1 263
2 690
1 1627
1 1230
2 2157
1 2668
2 913
1 2846
2 2699
1 3632
2 3239
2 63
1 719
2 1414
1 3409
2 1841
2 1370
1 3442
1 2667
1 395
2 2780
2 624
2 2278
1 2562
2 1386
1 2462
1 1138
2 2128
2 1100
1 1390
2 1508
2 1527
2 1942
2 958
2 2455
1 2578
1 440
1 2651
1 661
1 3466
2 557
1 2044
1 1082
1 2199
2 619
2 1482
2 3042
2 2240
2 554
2 2304
1 3548
2 731
1 2642
2 479
2 2850
1 1162
1 824
2 3738
2 2248
1 682
1 1354
2 2205
2 2155
2 71
1 1189
1 39
2 1662
2 3722
2 2921
1 2248
2 844
1 3732
1 1422
1 2230
1 927
1 2368
1 3395
1 1865
1 2275
1 41
1 190
2 1109
2 123
1 434
1 74
2 1271
2 375
1 1254
1 3124
2 1341
1 1039
1 2923
1 1345
1 1281
2 2688
2 2860
2 1120
2 2179
1 2632
1 3754
2 1033
1 883
1 3517
2 1083
2 3087
2 813
2 2746
2 3022
2 3400
1 2710
1 1492
2 3597
2 2081
2 233
1 3172
1 3774
2 2330
1 1624
2 2450
2 2797
1 1063
1 1172
