7100 6000
2 3191
1 1658
2 1536
2 285
2 3095
1 83
1 1567
2 3331
1 136
1 453
2 1933
1 3477
2 129
2 6
1 412
2 2200
1 2115
1 3363
1 2093
2 1333
2 2714
1 2271
1 1748
2 1144
1 2161
2 883
1 1213
1 2240
2 3304
1 2986
1 2098
2 14
2 614
2 1308
2 815
1 3393
1 2723
1 2847
1 2369
1 3
1 352
1 468
2 2019
1 2859
1 714
1 810
2 1004
1 2416
2 1629
2 3501
2 2735
2 296
2 1774
2 2063
1 1598
1 1471
1 3527
1 2591
1 566
1 1091
2 3212
1 815
2 205
2 568
1 3540
1 1474
2 271
1 1468
2 2145
2 2498
2 1489
2 1710
2 2251
2 3060
1 721
2 3473
2 466
1 840
1 2303
2 2891
1 3469
1 3096
2 216
2 39
1 3243
1 1119
2 3125
1 3009
2 816
1 1053
2 3221
2 1028
2 1398
2 2232
2 813
2 2085
2 228
2 1146
2 1777
1 1377
1 3313
1 1174
2 2512
2 2643
1 3002
2 3389
2 750
2 3406
2 2639
1 484
1 3137
2 910
2 3259
1 1372
2 1961
2 2135
1 2972
1 744
2 1424
2 2007
1 2081
1 1305
2 497
1 2985
2 2182
1 601
1 109
1 2961
2 1650
1 3330
1 1113
2 2262
1 3434
2 3412
1 32
1 2131
1 171
2 2929
2 3490
2 270
2 3480
1 1238
1 930
1 2481
2 2610
2 2366
2 1924
1 965
1 1388
2 2089
2 2725
1 1828
2 3087
2 345
2 106
1 1217
2 1479
1 2501
2 3244
1 1055
2 1000
2 3002
2 3093
2 3160
2 2434
2 1125
1 1690
1 1251
2 2823
2 1324
1 1768
2 243
2 2602
2 1258
2 675
1 818
1 1582
2 1179
1 3524
1 77
2 3483
2 1842
2 2633
2 394
1 1689
1 2571
2 3056
2 11
2 1218
2 552
2 2259
2 2888
1 370
2 462
1 3425
2 2202
2 2586
2 279
2 2204
2 49
2 1522
2 3296
2 3322
1 2680
1 434
2 2962
2 887
2 2509
1 2959
2 3103
2 3086
1 2599
1 3064
1 2429
1 3100
2 1692
2 419
1 1563
1 2261
1 2858
1 2589
2 3271
1 916
2 2970
2 1242
2 107
2 597
2 1457
2 2597
2 1445
1 1550
2 2839
2 947
1 1435
2 2594
1 3117
1 735
1 1482
1 574
2 2278
1 3465
2 2333
1 1299
1 2587
1 1974
1 3201
1 3045
2 261
1 291
1 670
2 2973
2 2562
2 2276
2 2927
1 3275
1 3137
1 1119
1 2439
1 1624
2 311
2 290
2 3245
2 1213
2 2402
2 1432
1 1238
1 1651
1 582
2 2683
2 247
1 3519
1 2169
2 2196
1 2453
1 1221
1 67
1 374
2 471
2 233
2 2165
2 399
2 1268
2 1959
2 1531
2 1696
2 2038
1 2980
2 612
2 1045
2 1993
1 2288
2 3054
2 3235
2 2810
1 2420
2 324
1 86
1 3444
1 76
1 1585
1 2667
2 2854
2 88
2 1417
2 1552
2 90
1 1803
2 992
1 2209
2 1318
1 2595
1 768
1 2495
2 3175
1 2954
2 826
2 3135
1 1018
1 1647
2 1686
1 3476
2 105
2 1575
1 158
2 3414
2 3083
1 1923
2 1343
1 3087
1 2325
2 1971
2 1001
2 451
1 3254
2 1634
2 1750
2 576
1 3215
2 3542
1 2611
2 18
2 2606
1 1998
2 889
1 1362
1 2483
2 2004
1 2105
2 1982
1 621
1 3154
2 2028
2 110
1 575
2 1905
2 799
2 3516
1 1066
2 2881
2 3289
2 2431
2 339
2 1519
1 952
1 759
1 1273
2 1933
2 1942
2 2042
2 1075
2 166
2 2270
1 2625
2 885
2 1765
1 863
2 363
2 1835
1 1747
2 108
2 2686
2 2388
1 3409
2 1284
1 273
2 632
2 2802
2 276
1 3043
1 2287
1 3062
2 1249
1 2600
1 1087
1 321
2 1526
1 3428
1 959
1 1414
1 1911
2 1115
2 469
2 1394
1 2787
1 3194
2 1091
1 897
2 35
1 375
2 2182
1 2746
2 3080
2 3046
2 2660
2 340
2 970
1 1373
1 3544
2 3347
1 718
2 2079
1 211
1 1220
1 1473
1 1714
2 692
1 827
2 2442
1 3423
2 1010
1 141
1 3373
1 2965
1 2250
2 1886
1 1202
2 2336
2 1681
1 2621
2 2912
1 3496
2 1967
1 1934
2 2477
2 1080
1 1099
2 1389
2 2730
1 3501
1 1788
2 686
1 1745
2 2841
2 171
2 63
2 2788
2 922
2 1792
2 3351
1 2354
1 3104
1 2843
2 2865
1 33
2 1364
1 2671
2 2385
2 2642
1 2569
2 1580
1 634
2 525
2 3457
2 753
2 1919
1 3326
1 3103
1 653
2 2553
2 1746
1 2308
1 983
1 22
2 842
2 27
1 2448
2 2327
1 1930
2 528
1 2801
1 2749
2 778
2 392
2 642
2 21
1 2409
2 2272
2 22
1 223
2 2143
2 2507
1 3505
2 1775
2 1614
1 379
1 1870
1 2086
2 3130
1 258
2 2012
2 3353
1 3267
2 3268
2 428
2 3021
1 2827
1 1029
2 41
1 2231
1 131
2 3369
1 1791
2 1365
1 1645
2 3324
2 1530
2 3237
1 1432
1 1690
1 1873
1 937
2 2267
2 3256
2 749
1 2494
1 1813
1 1068
1 1434
2 1373
1 3437
1 1727
2 2869
2 2441
2 1588
2 1267
1 1683
1 654
2 267
2 2427
1 1239
1 2833
2 3476
2 3116
2 1655
2 3547
2 1304
1 728
2 1053
2 386
1 3421
1 2932
2 2022
1 2948
2 2438
1 976
1 102
1 172
2 2558
2 1061
1 1122
1 2907
2 1191
1 2751
1 3540
1 2621
2 755
1 2319
2 3441
2 3010
2 2622
2 1606
2 2954
1 572
1 1931
1 578
2 2289
1 1385
1 2208
2 1947
2 1525
1 65
2 497
2 1652
2 3248
1 1219
1 1164
1 3214
1 899
1 245
1 178
1 2109
1 656
1 2862
1 2766
2 534
2 364
1 3467
1 1508
2 3203
2 2436
1 2033
2 1363
2 2810
1 1766
1 1866
2 1225
1 2061
2 1564
2 3057
2 1637
2 1348
1 3359
1 1025
2 2535
2 3365
1 2457
2 1124
2 3489
2 3528
1 1851
2 1141
2 2165
1 3324
2 487
1 202
1 3078
2 1631
1 2330
2 50
2 3102
1 2061
1 1592
1 2111
2 3477
2 1037
1 1101
1 1424
1 2837
1 708
1 465
2 3385
1 2656
2 3126
2 2334
1 2401
1 2503
2 2587
1 274
1 2238
2 3411
2 437
2 2199
1 3112
1 2468
2 2264
1 221
2 2660
2 2849
1 1410
2 1861
1 3242
1 3538
2 3515
2 3099
1 895
1 3316
2 673
1 260
1 2853
2 2837
2 2698
1 1366
2 3020
1 1880
1 2010
1 1429
2 3206
2 3418
2 3294
2 3459
2 990
1 242
1 1067
2 2393
1 1521
1 1518
1 1321
2 1256
2 1150
1 712
2 259
1 2459
1 3362
2 1847
2 1615
2 1878
1 2705
2 753
2 1345
1 2966
2 1579
2 2354
1 1936
1 2562
1 819
2 1470
2 2128
1 2049
1 1788
2 2156
2 1089
1 2321
2 876
2 3034
2 2097
1 3039
2 663
1 187
1 1507
1 2460
1 3543
1 1942
2 739
1 3337
2 1651
1 2931
2 2221
2 3265
2 1085
2 2554
1 2975
2 1328
2 1290
2 515
1 2053
2 1810
2 153
2 2245
2 46
1 244
1 1731
1 2357
2 1450
2 2418
1 932
1 3120
1 182
1 3027
2 1938
2 675
2 1439
2 563
1 1356
2 3451
2 73
2 3079
2 1916
1 629
2 2871
2 2703
2 3423
1 185
1 2768
2 518
2 162
2 507
1 2672
2 8
2 2673
2 1441
2 1716
1 17
1 3132
1 1098
1 3236
2 483
2 2205
1 2780
2 2564
1 1667
2 763
1 2123
1 845
2 733
2 13
1 1076
1 867
1 1642
1 409
1 972
1 619
1 2299
2 2640
1 295
2 95
1 3215
1 748
1 785
2 561
1 1739
2 2423
2 624
2 1505
1 1326
1 2577
2 3196
1 40
2 1354
2 2158
1 1179
1 66
2 1798
2 2088
1 2139
1 1673
1 1485
2 926
1 2290
2 980
1 2167
2 2350
1 1031
2 907
2 2025
2 996
1 36
2 2776
2 2821
1 3008
1 3091
2 1990
1 3298
1 1164
2 2026
2 1628
1 2390
2 588
2 2096
2 553
2 3314
2 2379
2 2251
2 1172
1 2960
2 1829
1 714
1 3342
2 3547
2 2805
2 397
2 3541
2 2661
1 208
2 1160
2 975
1 1901
2 3525
2 290
2 3142
2 1951
1 765
1 9
1 989
2 1178
1 3325
2 2099
1 1557
2 2856
1 2118
2 601
2 1765
1 2465
1 1821
2 3005
1 2694
2 1896
1 1632
1 3546
2 831
2 113
2 639
1 684
1 2925
1 1736
1 707
1 3308
2 1736
1 2348
1 2160
2 3484
1 977
2 1340
2 2992
2 3347
1 1321
2 817
2 450
1 655
1 1214
2 212
2 1190
1 2703
1 622
1 2078
1 2637
1 3176
1 179
1 2965
1 490
2 3358
2 1578
2 3321
1 2940
1 305
1 439
2 3279
2 1791
1 2212
2 1921
1 2907
2 2722
2 289
2 1013
2 1717
2 1989
1 2365
1 493
2 764
1 2593
2 2249
2 2349
1 2114
1 971
2 3294
2 1314
1 1041
2 2425
2 1667
2 3384
1 1894
2 707
2 2366
1 1217
2 2187
2 642
2 2309
2 122
1 1039
1 1420
2 2355
2 2259
1 510
1 2798
1 1021
2 881
1 2018
2 2305
1 2334
1 2451
1 2753
2 1625
2 498
2 1183
2 3193
2 225
1 2889
1 1711
1 3183
2 1007
1 3139
1 1155
1 2157
1 3028
1 3044
1 1744
2 2765
2 3244
1 1951
2 1785
2 2682
1 687
1 1984
1 2518
1 1559
1 1148
1 2736
1 2948
2 2339
2 135
1 3251
1 2452
1 2761
2 2956
1 2790
2 155
1 2863
1 1245
2 1700
2 3406
2 3270
1 2586
1 2541
2 2195
1 3450
1 1907
2 2543
2 2384
2 3272
2 640
2 3051
1 120
1 1918
2 2138
2 410
2 2884
2 2535
1 1655
1 2819
2 2552
1 3189
1 175
1 957
1 2739
1 2153
1 2522
2 1619
1 2125
2 3229
2 2868
2 3509
2 2398
1 2268
1 491
1 1307
2 1169
2 3011
2 1553
1 2102
2 818
1 278
1 545
2 299
1 2963
2 2049
1 3174
1 722
1 432
2 2065
2 1701
1 2613
2 1127
2 245
1 3465
1 3421
2 2886
1 383
1 1796
2 3015
2 2566
1 2042
2 2229
1 3250
1 2816
1 853
1 3128
1 2387
2 835
1 915
1 1589
1 1169
2 1093
1 1781
2 2942
2 3143
1 998
1 244
2 317
1 798
2 1180
2 336
1 914
1 420
1 1981
2 857
2 3528
1 2175
2 2876
2 947
2 2850
1 2343
1 3493
2 2457
2 3468
2 681
1 1752
1 1996
1 3216
1 1244
2 1696
1 2415
1 1759
2 3526
2 257
2 2938
2 3119
2 654
1 430
2 2290
2 1790
2 3497
1 2228
1 1381
2 1415
2 2734
1 3508
1 499
1 2916
2 2933
1 973
2 2528
1 3142
2 1227
1 435
2 1128
2 1479
1 938
2 332
1 2223
2 2668
2 211
2 2614
2 2461
2 1106
1 1549
2 2024
1 2210
2 21
1 2370
1 1477
1 635
2 2557
2 2370
2 3220
2 1421
1 2256
2 2121
2 329
1 1648
1 1355
2 2135
1 562
2 1003
1 2142
2 1554
1 2653
2 214
2 3289
2 175
2 1745
2 1865
2 1578
1 671
1 2510
1 1863
2 2604
2 1135
2 1353
2 2649
2 1556
2 2179
1 334
2 1830
2 2033
1 1334
1 2529
1 2720
2 2588
1 873
2 152
2 1775
2 3033
2 488
1 1894
2 638
2 1441
2 270
2 2740
2 946
1 3277
2 3181
1 757
2 1682
2 2004
2 1260
2 2066
1 2631
2 3074
2 3356
2 620
2 1728
1 3426
2 1330
2 1180
1 3102
2 1151
2 2974
2 2324
1 1220
1 2031
1 2862
2 2604
1 1763
1 60
2 2447
2 1231
1 2531
1 3200
1 997
1 2184
2 1634
1 2241
1 3156
1 766
1 2359
1 585
2 3371
1 905
1 909
2 92
2 1100
1 761
1 1898
2 913
1 2852
1 2244
2 3049
2 1040
2 1117
2 2021
2 3291
2 2669
1 227
2 1241
1 1928
2 978
1 2147
1 2914
1 3117
2 3133
1 48
2 1963
1 1416
1 3327
2 2945
1 139
2 1798
2 1612
1 2687
1 1740
2 1447
1 1295
1 951
2 2829
2 2540
1 1118
1 371
2 3420
1 1845
1 3177
2 2229
1 669
1 3402
1 2460
2 879
1 3355
1 586
2 1039
2 2877
2 52
2 1515
1 1583
1 1616
2 2760
1 1312
1 3227
1 2701
1 150
1 1084
1 776
2 1486
1 369
2 164
2 246
1 2957
2 1889
1 885
2 692
2 348
1 2924
2 2713
1 2622
2 1490
2 1074
2 3496
2 330
1 805
1 2117
1 1140
2 137
1 2814
1 1464
2 1283
2 2515
2 262
1 3494
2 2356
2 2141
2 1516
2 265
1 17
2 3281
2 3205
1 1296
1 3461
1 2389
2 3224
1 1056
2 1086
1 636
2 2618
1 285
1 2566
1 795
2 527
1 1404
2 7
2 585
1 786
1 2537
2 1219
2 2136
2 3239
2 1200
2 2142
2 544
2 3354
1 3471
1 2208
1 2918
2 1801
2 1771
2 310
2 631
1 241
2 2548
2 1400
2 157
1 2639
1 330
2 2068
2 144
2 617
1 2589
2 800
2 2458
1 3438
1 2048
1 740
2 685
2 473
1 3370
2 3074
1 358
2 710
2 3178
2 2329
1 1423
1 403
1 3302
1 2791
2 1422
1 3444
2 769
2 425
2 2241
2 1697
1 854
1 869
1 3464
1 1686
1 1758
2 1570
1 546
2 2100
2 738
1 682
2 163
2 2223
2 3031
1 2692
1 132
1 2731
2 1175
2 484
1 554
2 2258
1 2568
2 2560
2 518
2 1151
1 2983
2 3280
1 1757
1 1983
1 3301
1 107
2 2977
1 1612
1 1045
2 1137
2 852
2 1021
1 1186
2 1436
1 3262
2 349
2 968
2 505
2 3498
2 2856
1 3050
2 187
2 2164
2 2601
2 1359
2 779
2 855
2 3014
1 1489
1 1350
1 3083
2 2565
1 2790
2 658
1 2744
1 2266
1 2508
1 2379
1 569
2 500
1 3514
2 3483
2 1389
1 1687
2 1112
2 2456
1 3219
2 1455
1 3521
2 627
1 342
2 2918
2 643
2 2304
2 3336
1 3522
1 1352
2 1953
1 27
2 1913
2 104
1 3057
1 2884
2 2771
2 3332
1 2882
1 2879
2 3045
1 48
1 37
2 2739
2 3345
1 3248
1 1317
2 2737
1 2673
1 2816
2 2720
2 1168
1 2519
1 3522
1 2003
2 863
2 3533
1 1652
1 1939
2 853
1 1472
1 1738
2 1737
2 931
1 3209
2 2932
1 529
1 2496
2 224
2 1442
1 119
1 2233
2 1677
1 201
2 1127
2 2089
2 2500
2 288
1 3209
2 1868
2 201
2 785
2 807
2 1630
1 2301
2 1166
2 2926
2 1695
1 3422
1 1584
2 3329
2 2374
1 3167
1 2628
1 798
2 3463
1 3442
1 2818
1 2647
1 1845
2 1975
2 559
1 53
1 1068
1 3447
2 100
2 275
2 217
2 969
1 1794
2 2150
2 641
1 1826
1 1278
1 1511
1 1780
1 3166
2 438
1 603
2 1956
2 170
2 870
2 402
1 1048
2 2151
1 2120
2 3130
1 356
2 2150
2 1846
2 2438
1 1383
2 1199
2 2236
2 489
2 2158
2 3004
1 3222
1 19
1 2436
2 459
2 3140
2 1726
1 3011
2 268
1 1116
2 1456
1 2111
1 2861
1 2699
1 1242
1 610
1 298
1 2442
2 1779
1 3080
1 2014
2 1335
1 2750
1 1558
1 1699
1 212
2 1369
2 2161
1 1300
2 1610
1 1857
2 154
1 1431
2 1561
2 3007
1 611
1 2084
1 1925
1 3443
2 3
1 3159
2 1844
1 2781
1 2372
1 1697
2 646
1 2643
2 2753
1 1602
1 2469
1 2203
1 1005
2 496
2 2264
1 1414
2 1599
1 1248
2 1760
1 2716
2 882
1 2542
1 1076
2 57
1 1163
2 1588
2 1008
2 52
1 1013
1 1509
2 691
1 2599
2 2097
1 1378
2 2970
2 2017
1 2090
2 1517
2 558
2 1452
1 218
1 1943
1 96
1 267
1 1294
1 733
1 2836
1 3208
1 738
1 1515
2 1698
1 2108
1 1197
2 2013
1 2942
2 697
2 252
2 689
1 38
1 1884
2 2582
2 2127
1 1641
2 565
2 1722
2 1270
1 2850
1 1023
2 556
2 1117
1 2619
1 359
1 830
1 3118
1 503
1 444
2 1019
1 3073
1 647
1 2958
2 701
1 2767
1 3182
1 2343
1 991
2 3550
2 1741
2 3454
2 2508
1 169
2 3176
1 2847
1 2172
1 148
2 454
1 2282
2 1536
1 516
1 448
2 1161
2 983
1 3173
2 282
2 198
1 1090
1 2456
1 1229
2 2173
1 852
1 125
2 3166
1 429
1 3153
2 1235
1 1247
2 1636
2 3132
2 1718
2 3153
2 258
2 1596
1 408
1 694
2 799
1 449
2 1488
1 117
1 955
1 810
2 3285
2 386
2 1923
2 1553
1 1481
1 2951
1 2781
1 1605
2 2493
2 1292
1 850
2 2953
2 1716
1 121
2 3165
2 3196
2 3140
2 2769
2 2579
2 2727
2 3158
2 2448
2 2987
1 2686
1 426
1 1379
2 1532
1 3136
1 2538
1 2554
2 2995
2 928
1 3167
2 1850
1 2227
1 720
1 2813
1 921
2 2665
2 811
1 3548
1 3295
2 2092
1 1709
2 901
2 197
1 2480
2 2655
1 1386
1 1029
2 1108
2 3403
1 2269
1 2025
1 2583
1 1675
2 2062
1 1909
2 3413
2 924
1 366
2 296
2 1527
1 1815
1 2811
1 548
1 570
1 1944
1 1125
2 2171
2 372
2 2958
2 1987
1 2413
2 470
2 1072
2 3085
2 310
2 2730
1 1201
1 1136
1 3267
1 906
1 1858
1 840
1 96
1 3250
2 821
2 2663
2 2335
2 3026
1 2167
2 1948
2 547
1 2148
1 996
1 2054
1 2129
2 1937
1 2417
1 2048
1 461
1 2796
2 2339
2 1070
2 3383
1 3271
1 1815
1 1454
1 264
1 2075
1 2717
1 1372
1 1209
1 1909
2 423
2 1806
1 2710
1 2176
1 970
2 1315
2 3321
1 1412
2 1247
2 2400
1 514
1 141
1 2128
2 2900
1 1749
1 2446
1 2152
1 409
2 1555
1 648
2 2132
2 374
2 3340
1 186
1 3147
2 1541
2 1032
2 907
2 1465
1 906
2 78
2 420
2 848
2 3538
2 3415
1 2104
1 115
1 1483
2 1138
1 1097
2 416
1 2293
1 2679
2 662
1 1315
1 791
1 957
1 1493
1 2103
2 2641
2 3449
1 1842
2 3063
2 1011
1 657
1 2074
1 3486
2 2260
1 837
2 3039
1 1661
1 551
1 746
2 2058
2 1050
2 2292
2 1313
2 25
1 1882
2 2163
2 319
1 186
2 1767
1 2428
2 2871
1 1739
2 1640
1 2039
2 2367
2 478
2 2887
1 3449
2 1694
1 2782
1 1005
2 2987
1 2878
2 1906
1 2270
2 2248
2 1654
1 626
1 595
1 1915
1 3188
1 1574
1 555
2 2596
2 1585
2 2205
2 3394
2 767
1 1276
1 893
1 1874
1 2869
1 3399
2 967
1 2545
2 1974
1 1326
1 2435
1 724
2 1383
2 1608
1 843
1 2978
1 1130
1 1459
1 445
1 824
1 2217
1 3413
1 3523
1 1307
2 2405
1 2969
2 403
1 1171
1 1828
1 3550
2 2676
2 2980
2 1469
1 467
2 633
1 2002
1 938
2 3498
1 1193
1 3275
1 3286
1 2934
2 1687
1 3073
1 78
1 98
1 1554
1 504
1 2369
2 1309
1 2754
1 1957
2 647
1 1481
2 982
1 574
2 1026
2 2295
2 1075
1 2076
1 2551
2 1832
2 1773
1 2332
1 511
2 381
1 1973
2 3257
2 3278
2 618
1 1498
2 2754
1 1743
2 130
1 236
2 2662
1 2297
2 1992
2 1375
2 1946
2 1140
1 1280
2 81
1 1341
2 770
2 716
1 1178
1 2132
1 1292
1 3138
2 722
2 1124
2 2901
2 1510
2 1440
2 3374
1 1656
1 3367
2 1620
1 1195
1 2353
2 1022
2 658
1 2331
1 1286
2 1297
1 832
2 2992
2 3458
2 3085
1 418
1 814
1 2563
1 3149
2 832
2 336
2 160
1 2669
1 2822
2 2876
2 2181
1 3323
1 1940
2 1605
1 1073
1 2114
1 1253
1 313
2 2476
2 936
1 3021
1 340
1 1191
2 2578
1 3146
2 1296
2 2387
1 677
1 2034
1 1182
2 2502
2 1201
2 754
2 635
2 952
2 1104
1 1626
1 3055
1 941
2 1139
2 1660
2 3217
1 3134
2 914
1 1387
1 3084
1 2479
1 2401
1 1680
1 2127
1 2994
2 238
2 2855
1 2795
1 1263
1 919
2 3146
1 332
1 3035
2 1175
2 2786
1 240
2 400
2 1532
1 1156
1 2833
2 292
1 1303
1 1158
1 1844
1 3438
2 2969
1 3468
2 1177
2 590
1 347
1 2180
1 1952
2 2424
1 2046
1 387
1 383
2 3354
2 3300
1 3189
2 3535
2 1683
1 737
2 2
1 2257
1 2641
2 1421
2 2175
1 1908
2 99
1 1836
1 1449
1 3269
1 1190
1 134
2 1287
2 2416
2 554
1 2386
1 2177
1 3280
1 2224
2 3139
1 194
1 2335
2 1148
2 3526
1 1946
2 3387
1 2633
1 2935
1 1438
1 1681
2 670
1 3005
2 304
2 1703
2 276
1 1747
1 2091
1 1150
2 353
1 861
2 1864
2 687
1 1398
1 3530
1 2342
2 2623
1 124
2 183
2 854
1 2405
1 3453
1 772
2 3404
1 2993
2 2909
2 648
2 3015
2 1506
1 192
2 2077
1 884
2 2455
1 2775
2 3233
2 2955
2 1290
2 628
1 2388
2 2652
2 2503
1 2005
1 860
2 3472
2 3316
1 3063
1 2204
1 2199
1 519
1 3277
2 555
1 1348
1 1221
2 1188
1 3202
1 414
1 1035
2 2011
1 2169
2 431
2 384
1 1054
2 3303
1 253
1 2246
2 2687
2 945
1 602
2 233
1 3346
1 2281
2 2774
2 2878
2 362
2 1728
2 547
2 1502
2 522
1 2511
2 2762
1 2678
1 610
1 2732
2 390
2 694
2 1603
1 2384
2 3247
1 1822
2 3344
1 2449
1 743
1 653
1 2710
2 3405
2 3360
2 3373
2 3091
2 2086
1 968
1 666
1 2036
2 609
1 2260
2 1874
2 2944
1 335
1 1984
2 1270
2 2382
1 1979
1 2973
1 1754
2 167
2 2893
1 3098
2 2859
1 509
2 839
1 2191
1 2449
2 1670
2 940
1 61
2 2815
1 188
1 1955
1 114
1 3435
2 884
1 2095
1 2361
2 1423
2 1833
1 870
2 874
2 1452
1 2758
1 2109
2 2488
1 247
2 2812
1 2717
2 1876
2 2282
2 2777
2 2813
2 2326
1 422
1 1323
2 429
1 2609
1 1289
2 1848
1 401
2 1110
1 3187
1 1981
2 2911
2 2008
2 1204
2 1115
1 2632
2 2949
2 1069
1 2003
1 177
2 3333
1 2437
1 1899
1 1659
1 1567
2 75
2 69
1 215
2 2322
1 363
1 1014
2 176
1 101
2 1820
1 3349
2 1949
2 715
2 1196
2 3529
2 918
1 2628
2 2218
1 103
2 2395
2 2453
1 816
1 482
1 1451
2 2865
1 1279
2 3435
1 351
2 2215
2 656
1 2034
2 2592
1 3180
2 3349
1 463
2 1203
1 3392
1 1621
2 2041
1 2770
2 283
2 1533
1 577
1 2252
2 2408
1 814
2 618
1 2638
2 3020
1 2817
1 2695
2 2113
2 1417
2 1128
1 177
2 402
2 24
1 80
1 4
2 2821
2 704
1 759
2 3180
1 1892
2 2697
2 533
2 43
2 758
2 232
1 9
1 591
2 1282
1 3432
2 1098
2 269
2 1113
1 736
2 234
2 2910
2 2137
2 2459
2 3162
2 589
2 157
1 3320
1 64
1 323
2 690
2 203
1 2234
2 74
1 757
1 2943
1 866
2 3088
2 2052
2 1542
2 1319
2 81
2 1836
2 1121
2 871
1 3384
2 2905
1 306
1 2231
1 606
1 260
2 1577
1 1595
2 178
2 115
1 1707
2 3487
2 3357
2 2347
1 2964
2 1566
2 26
2 2999
1 2470
1 477
2 337
2 1030
1 754
2 1192
1 2608
2 569
2 2162
2 880
1 1977
1 571
1 3133
2 3126
1 3017
2 2729
1 879
1 693
1 1943
1 83
2 210
2 1676
1 3260
1 136
2 1579
2 3334
1 3402
1 40
2 350
1 229
1 581
1 2072
2 2081
1 2494
1 2578
1 1560
1 76
1 3042
1 1598
2 510
2 2256
1 195
1 1613
1 3513
1 385
1 2819
1 246
2 3430
2 3327
1 2701
1 2682
2 1810
2 236
1 1086
1 1762
1 2806
2 2011
2 1351
2 2294
1 1477
1 3436
2 2855
2 19
1 1444
1 315
2 1587
2 1840
1 2516
2 2882
1 2202
2 2945
2 2130
2 1564
2 811
2 1341
2 2685
2 652
1 1114
1 72
1 2062
1 3466
1 3352
1 1751
2 2940
2 2247
2 2715
1 2211
2 229
1 1024
1 1408
2 2414
2 2221
2 2341
2 801
2 838
1 2963
1 2225
2 1643
2 1207
2 2834
2 660
1 2857
1 1356
1 1038
2 1604
2 2192
2 1665
1 3439
1 1149
2 1843
2 2190
1 2653
1 2626
1 2523
1 2785
2 263
2 1158
1 1265
2 1967
1 1397
1 2031
1 3197
1 928
1 1603
2 1009
2 2131
1 1298
1 2444
1 70
1 779
1 2088
2 1047
1 2860
1 452
1 2779
1 2107
2 405
1 2546
2 3001
1 889
2 1034
2 1597
1 2809
1 1647
2 1010
1 3186
1 1223
2 876
1 2683
2 2064
1 2817
2 3188
1 2956
1 1426
1 1324
1 1495
1 2015
2 2220
1 1958
1 1800
2 2317
1 2979
2 360
1 1384
2 1847
1 2901
1 122
1 2070
1 1345
1 2636
1 2808
1 2478
2 3198
1 660
1 2991
1 2394
2 1754
2 2188
1 1109
2 1527
1 2172
2 1082
1 438
1 2537
2 925
2 120
2 2511
2 208
1 2201
2 866
1 2685
1 1224
2 2032
2 1333
2 1215
2 875
1 2452
2 2216
1 43
1 573
1 2491
1 209
2 3532
1 3338
2 1805
2 1789
1 3320
1 3382
2 3016
1 2888
2 2823
2 690
2 3157
2 3019
1 3266
2 3502
2 1991
1 3090
1 1051
2 3173
2 82
1 2561
2 3109
1 3445
1 2523
1 2391
1 286
2 3092
2 2179
1 925
1 709
2 867
1 313
1 2704
1 331
1 1042
2 1170
2 3369
1 848
1 1935
1 2435
1 1216
2 2597
2 1358
1 1841
1 87
2 1819
2 616
1 2596
2 2588
1 89
2 997
1 2433
2 389
1 1684
2 1410
2 1354
2 1689
2 2543
2 1487
2 1302
1 1377
2 2620
1 1467
1 356
2 546
2 2679
2 992
2 149
2 2840
2 2867
2 1834
1 1062
2 2320
2 3375
1 3478
1 846
2 3291
2 700
2 948
1 2430
2 3276
1 2053
1 900
1 855
1 3409
1 1480
1 875
1 1236
2 936
1 737
1 1925
1 565
1 2414
2 1402
2 3179
2 886
1 1757
2 2263
2 2746
2 605
2 3038
1 1854
2 2988
1 1264
1 2913
2 536
1 1492
2 542
2 3187
1 417
1 1581
1 2829
2 486
2 293
1 2879
1 1811
2 426
2 2399
1 393
1 3397
1 1616
1 161
1 179
2 1431
2 3190
2 908
2 3326
1 1704
1 2827
2 1145
1 2895
2 80
1 2497
2 3337
2 1273
2 181
2 1195
1 199
2 1663
1 3186
2 829
2 2957
2 2037
2 1830
2 3350
1 2933
2 582
1 949
2 2433
1 641
2 3488
1 250
1 3546
1 1565
2 3396
2 2532
1 16
1 1600
1 2661
1 1466
2 822
1 2226
2 2296
2 1499
2 2930
1 465
2 2066
2 3276
1 446
1 2130
2 320
2 3283
1 1463
1 760
1 2530
1 1680
2 1557
1 1153
1 1325
1 2125
1 1804
2 2396
1 2824
2 3503
2 250
1 1768
1 2467
2 71
1 2187
1 2188
1 1720
2 1187
1 3286
2 2915
1 128
1 2490
1 1301
2 2473
1 3149
2 2803
2 2307
1 436
1 1962
1 3156
2 922
2 2121
1 2807
1 2257
1 844
2 1015
2 2140
2 3199
1 1399
1 1962
1 3025
2 1107
2 1927
2 156
2 988
1 1809
1 1396
2 464
2 2402
2 797
1 1237
1 2595
1 598
1 1395
1 1107
1 3075
2 1032
1 2988
1 193
1 3415
1 3314
2 2472
2 1126
1 1617
2 2955
1 1168
1 1910
2 2927
2 191
2 1285
1 1970
1 3511
1 2772
1 1956
2 1159
2 535
2 769
2 485
1 1482
2 1669
2 3382
2 630
2 1230
2 2455
1 2899
2 859
1 649
2 604
2 2077
2 2590
1 2331
2 1183
2 1980
2 1959
1 3202
2 2993
2 1335
1 3054
2 1049
2 1662
1 3437
2 1106
1 2912
2 2166
2 1633
1 1469
2 69
1 2133
2 299
2 464
1 679
2 898
1 1365
2 962
2 2485
2 599
1 1857
2 1215
1 2147
1 228
2 2938
2 1366
2 1794
2 1104
2 1259
2 7
1 2336
1 30
2 1142
2 2112
1 162
2 154
2 71
2 502
1 1606
1 3486
2 2594
1 2072
2 1
2 905
2 623
1 196
2 117
2 2461
2 1526
2 281
1 2423
2 2830
2 1835
2 2832
2 2931
1 2751
2 1725
1 2775
2 2060
2 626
1 903
1 1017
2 2605
2 1230
2 1720
2 3362
1 1626
1 254
1 2291
1 1248
2 2745
1 1036
1 3537
1 500
2 3371
1 1764
2 1226
1 709
1 2009
1 1419
1 1825
1 2434
1 3397
2 3106
2 2632
1 792
1 2777
2 710
1 1669
2 900
1 2152
2 2517
2 1997
2 2394
1 2542
1 1409
1 1551
1 2421
2 1513
2 1319
2 15
2 1691
2 2692
2 1812
2 783
1 1309
1 531
2 2830
1 985
2 1924
1 3144
2 2395
2 2767
2 1889
1 2440
2 156
1 1566
2 2759
1 2126
2 1051
1 3482
2 790
2 717
1 1688
2 1089
1 1250
1 2598
1 1539
1 2018
2 2976
1 540
1 2779
1 1380
2 2432
1 3471
1 391
1 2897
2 1094
1 838
2 1792
1 2091
1 3513
2 2920
1 1099
1 2738
2 1262
2 556
2 2883
2 181
2 583
2 1994
2 943
1 2794
2 2243
1 2178
1 2996
2 1555
2 1252
2 263
2 1006
2 3332
2 3067
2 2844
1 3047
1 631
1 966
2 2255
2 3010
1 3114
1 444
2 180
2 3454
2 1006
1 1693
2 361
1 1380
1 1964
1 2729
1 1867
2 999
2 2998
1 1176
2 1866
1 625
1 782
1 53
2 65
1 47
1 455
2 2119
2 303
2 3411
2 1895
2 2382
2 151
2 2681
2 2648
1 804
1 2684
2 46
1 2576
2 935
2 2939
2 3481
1 2804
2 3309
2 480
2 2254
2 3006
1 1264
2 2375
1 2651
2 2868
2 2897
1 3012
1 560
2 3113
1 1596
1 2559
2 774
1 1409
2 2634
2 802
2 541
1 3150
1 1274
1 2520
2 2020
2 2396
1 326
2 235
2 1688
2 2576
1 2998
2 2495
2 1244
1 398
2 1120
2 1360
1 1246
1 1428
1 1323
1 2922
1 2724
1 2380
2 130
1 2557
2 2374
2 2778
1 1030
2 1454
1 169
2 2858
1 2470
1 1208
2 2625
1 2185
2 2093
1 1016
1 1189
2 2667
2 1868
2 2006
1 2846
2 385
1 3190
1 64
1 161
1 731
2 676
2 1054
2 286
1 931
1 2920
1 1968
2 2919
2 1198
2 1936
2 3298
2 856
1 1989
2 923
2 1708
2 2644
1 2469
1 3428
1 2381
2 440
1 2916
2 1653
1 571
1 2226
1 2908
1 2755
1 325
2 2281
1 1483
2 1285
2 1425
1 828
1 2059
2 462
2 349
1 1988
2 3299
1 2332
2 994
2 1154
1 751
1 3252
2 111
2 2340
1 2773
1 3001
1 1306
1 62
2 2978
2 347
2 316
2 396
1 1880
2 1371
2 501
2 1960
1 2099
1 1064
2 2773
2 967
1 3231
2 2377
2 183
2 729
1 613
2 3446
1 2892
1 576
1 2890
1 2285
2 1656
1 3131
1 3383
1 584
1 1717
1 2149
1 3076
1 1988
1 3296
1 839
2 1823
1 2715
1 3460
2 971
1 1133
1 1085
2 617
1 1795
2 561
2 833
2 2615
1 3493
1 342
1 713
2 672
1 2906
2 1232
1 1077
1 3007
1 3169
2 94
2 1048
2 456
1 75
2 3482
2 2719
1 829
2 1752
1 2872
1 930
1 3338
2 2536
1 718
1 2124
2 2549
1 214
2 702
1 2045
1 3141
2 978
2 634
2 3182
2 820
2 2531
1 3206
1 1548
2 3238
2 1023
2 2024
1 902
2 56
2 3070
2 2144
1 3152
2 1709
2 3492
1 1576
1 726
2 315
2 1167
1 1069
1 376
2 2342
1 2486
2 680
2 1046
1 206
2 90
2 1841
2 475
1 2736
1 1266
1 549
2 2718
1 51
2 1502
1 904
2 858
1 2376
1 2662
2 508
2 1448
1 3372
2 2298
1 118
2 1773
2 2783
1 1361
1 1892
2 1506
2 1131
2 1723
1 2704
2 2798
2 3532
2 45
1 2464
1 1185
1 1316
2 1433
2 581
1 2228
1 1958
2 1725
1 307
1 2875
2 1793
1 496
2 185
2 1971
2 419
2 249
2 921
1 3259
2 1976
2 2952
1 1827
1 125
2 3414
2 493
2 2802
1 473
1 418
2 1705
1 287
2 1621
2 762
2 417
1 2968
2 1888
1 3330
1 2603
1 699
1 705
2 3331
1 950
1 3082
2 327
2 2803
1 2514
2 916
2 1430
2 2273
1 353
2 435
1 2432
2 521
2 2577
1 248
1 3162
1 743
1 2971
1 1812
1 678
2 3093
2 2497
2 3537
2 725
2 248
1 1097
1 964
1 223
2 1992
1 2572
2 314
2 242
2 974
2 85
2 1385
2 1426
2 1229
2 3306
1 106
2 3340
1 1759
2 2769
1 343
2 1569
1 1753
1 2699
1 1917
1 1781
1 447
2 1999
1 3315
1 1152
2 2516
2 1913
1 506
2 3335
1 2838
1 727
1 682
2 2424
1 2262
1 3395
2 3041
1 2429
2 1120
2 1040
1 3344
1 1463
2 3056
2 1638
1 1143
1 2235
1 1059
1 2340
2 2772
1 3536
2 1692
2 152
1 1813
2 1727
1 685
1 1448
1 1330
2 2649
1 1478
1 3366
2 3231
1 1887
1 3342
1 54
1 1530
1 981
2 3364
2 1281
1 909
2 1050
2 3464
1 1357
1 727
2 2524
2 218
2 1803
1 2104
1 56
2 2289
1 1026
1 3028
2 458
2 2287
2 994
2 3211
2 251
1 2904
2 2498
2 2397
1 231
2 2462
2 611
1 2887
2 2936
1 1058
2 2316
2 316
2 695
2 1543
2 3105
1 1079
1 2801
2 1551
2 277
1 2148
1 1162
1 643
2 2140
1 1741
1 3312
2 3545
1 2727
1 1820
1 3134
2 3184
2 683
2 1531
2 1787
1 1784
1 3407
2 3082
1 2383
1 2120
1 3424
1 1921
1 494
1 2592
2 216
1 1829
2 413
1 1789
1 2734
1 1939
2 42
2 2064
2 735
1 604
1 29
2 1508
2 289
2 977
1 251
1 2815
1 1573
1 103
1 1694
2 2575
1 2475
2 2488
1 202
2 23
2 2635
1 2721
2 674
1 110
2 2012
1 3399
2 333
2 676
1 269
2 528
1 1700
1 791
2 1559
1 1406
2 1870
1 2989
2 3263
1 2159
1 783
2 3110
1 1636
1 3037
1 2337
1 2009
2 3335
2 1664
1 3151
1 338
2 3242
1 800
1 819
2 1601
1 275
2 1976
1 2023
2 2906
1 533
2 1147
1 1742
2 927
1 2600
2 2825
2 2254
1 2171
2 3097
2 2513
1 3376
2 512
2 1966
1 1131
2 3284
1 3006
2 2822
2 2489
1 3264
1 1293
1 1985
2 3475
1 2214
2 1708
2 2527
1 3510
2 1980
2 1257
1 847
1 979
1 3113
1 2329
2 1558
1 3391
2 2338
1 1965
2 2333
1 174
2 1300
2 1990
2 887
1 2726
1 2984
1 3292
2 13
2 1972
2 2477
2 1873
2 2937
1 1778
1 203
1 499
1 1871
1 2437
2 1305
1 24
2 3390
2 698
1 2197
2 3061
1 1361
2 1872
2 1129
1 3148
1 54
2 3089
1 988
2 1914
2 865
1 849
2 2651
1 1206
2 1671
1 2153
2 1620
2 55
1 2636
1 163
1 3283
1 2716
2 2330
1 2071
1 2742
2 132
1 920
2 933
1 2735
1 3419
2 252
2 1415
1 1875
2 3192
1 254
2 424
1 824
1 3086
1 2326
2 1359
1 513
2 219
2 2672
2 985
1 2914
2 2338
1 2863
2 1518
1 367
1 3419
2 1298
2 706
2 3079
2 3495
1 2143
2 35
1 1535
2 3403
2 498
2 2846
1 1723
1 1494
1 272
1 1787
2 2420
1 2473
2 1071
1 1935
2 893
1 3205
2 2285
2 460
2 1643
2 1066
2 390
2 583
2 1899
1 344
2 2277
2 3404
2 2722
2 1496
1 370
1 283
2 826
1 2645
1 564
2 861
2 1637
2 2314
1 3052
1 2637
2 1641
2 457
1 2157
1 2083
2 2201
1 1396
2 3292
1 108
1 688
1 932
2 3500
1 2755
2 3032
2 979
2 1547
2 3333
1 1233
2 944
1 3017
1 3237
2 2706
1 3408
2 1329
1 2896
2 2037
2 2309
2 2293
2 1235
2 400
2 2363
1 1461
2 2407
1 2721
1 1200
2 3343
1 2315
2 1664
1 3236
2 1677
2 2045
1 2253
2 3207
2 2874
2 3278
1 1096
2 2050
1 2146
1 3416
2 628
1 3116
1 1478
2 1968
1 404
2 520
2 2718
1 2990
1 373
2 1181
2 3049
2 2279
1 3023
1 490
1 34
1 1203
1 1945
1 3429
2 459
2 312
2 739
1 1393
1 1782
1 3481
2 671
2 2419
2 580
2 47
2 73
1 1234
2 2545
1 1949
2 466
2 2697
2 2274
1 266
2 2044
1 2654
2 2646
2 3034
1 3273
2 453
2 655
1 3365
1 3388
2 491
2 3433
1 2002
2 1695
2 1914
1 1758
1 1391
2 2834
2 1859
1 1801
2 1249
1 2112
2 3012
2 2415
1 3249
2 2525
2 1303
2 1017
2 1332
2 2194
2 2222
2 1796
1 3457
1 805
2 1129
1 1528
2 3448
2 1163
1 2738
2 1672
2 1549
1 449
1 1012
1 180
2 1608
1 3364
2 3450
1 2903
2 911
1 3266
2 3051
1 888
2 745
1 1255
1 517
2 1369
1 961
2 406
2 384
2 3121
2 2149
2 1464
1 50
2 3297
2 1940
1 3466
2 173
1 3309
2 213
1 388
2 1831
1 2674
2 987
2 1701
2 2561
1 1439
1 79
1 1816
2 3339
2 3519
2 1061
1 1269
1 11
2 836
1 430
1 1328
2 683
1 3416
1 1517
2 1954
2 1420
2 537
1 2491
2 2067
1 804
2 1286
1 896
2 1374
1 3047
2 2019
2 238
2 2352
1 225
2 771
1 1505
1 1797
2 2670
1 745
2 882
1 3035
2 2556
2 153
2 3272
2 410
1 2831
2 2307
1 2303
1 2084
2 2544
2 623
2 2606
2 478
2 595
2 667
1 1083
1 3238
1 3386
2 1358
2 3453
1 742
2 2674
2 3405
1 3068
1 433
1 1212
1 960
1 2176
2 1786
2 2139
1 771
1 1638
2 2968
1 736
2 1772
1 3433
2 479
1 972
2 2534
1 3233
2 2253
2 3257
2 592
2 534
2 1978
2 2527
2 3440
2 2892
1 1384
2 645
1 2030
2 2166
2 230
2 2385
2 681
2 2440
1 801
1 1825
2 3041
2 3097
1 1445
2 1556
1 851
1 1613
1 3387
2 1890
2 472
1 1969
2 1443
1 339
1 2225
1 346
1 3261
1 3317
1 1986
1 1225
2 1850
2 2804
1 964
1 2278
1 1157
1 2896
2 2418
1 2708
1 2397
1 973
2 119
1 1237
1 2447
2 389
2 630
1 205
1 2039
2 1001
1 1034
2 399
2 3112
2 113
1 1570
2 3183
1 280
1 3534
2 3300
1 1911
1 892
2 1111
1 549
1 2565
1 1853
2 321
1 2219
1 2799
2 734
2 365
1 2428
1 874
2 2107
2 2733
2 1199
1 303
2 2799
2 2881
2 3069
1 266
1 2748
2 856
2 3432
1 1355
1 3328
2 2860
1 1310
2 1691
2 3400
1 1336
2 2194
1 2421
1 2408
2 1560
2 593
1 375
2 302
2 1284
2 1953
1 256
1 1510
2 3071
2 2695
1 2569
2 1056
1 3311
2 3158
2 3094
1 2425
2 902
2 624
2 2530
2 1724
2 3355
1 2160
1 1622
1 2116
2 1258
2 1750
2 2102
2 1395
1 3127
2 301
2 308
1 264
1 2471
1 441
2 599
1 1331
1 945
2 664
1 1430
1 1969
2 1734
1 368
2 1800
2 2184
1 2556
1 318
1 2214
1 1827
2 833
1 2930
1 535
2 1132
1 2533
2 372
1 2521
1 990
2 2728
2 2168
2 320
2 3274
1 1390
2 1196
1 828
2 1783
2 1715
2 781
2 523
1 2117
2 2990
2 2353
2 2056
1 3050
1 564
2 112
1 778
2 3455
2 1824
1 445
2 557
1 3197
2 2294
1 1429
2 3539
1 1533
1 1476
1 2845
1 3218
2 1893
2 149
2 741
2 2616
1 2027
1 2582
1 2051
1 268
1 1135
2 1906
1 3068
1 2513
2 2559
2 2444
2 1141
2 144
1 2013
2 2482
1 2482
1 812
1 3543
1 1538
2 2960
2 1231
2 1083
1 1702
1 2680
1 1403
2 1488
1 443
2 3361
2 2929
2 3352
1 802
1 474
2 2371
2 1193
1 2598
1 2299
2 1028
2 803
2 1881
1 2000
1 864
1 1451
1 3172
1 2242
1 1838
2 1095
1 2312
2 1784
1 820
2 2785
2 3499
1 2748
2 382
2 984
2 589
1 2784
1 1222
1 651
2 1858
2 3252
1 1586
2 2320
1 2926
1 262
2 2839
2 3507
1 241
1 837
2 2959
1 3462
1 2243
2 1715
2 1336
2 2986
2 730
1 1941
1 63
1 3485
2 3170
1 3506
2 457
1 192
1 1591
2 1105
1 1966
2 3322
2 2454
2 2828
1 608
2 2740
2 3398
2 1471
1 277
1 1738
2 659
2 665
2 1575
2 2000
1 1255
2 2677
1 2794
2 2472
2 133
2 2358
2 2540
1 2617
2 140
1 3013
2 3052
2 892
2 2984
2 439
2 2441
1 2549
2 1895
2 1732
1 817
2 1722
1 1572
2 1442
2 3517
1 2323
1 1105
2 1852
2 2659
1 2
1 1308
2 2363
1 2113
1 2445
2 1274
2 2645
1 2389
2 781
2 526
2 946
2 1790
2 3198
1 207
1 1609
1 210
2 1611
1 1945
1 274
1 711
1 950
1 1015
2 428
2 452
1 2083
1 2950
1 3328
2 1776
2 1879
2 3234
2 1908
1 3323
1 98
2 2844
2 380
2 1134
1 3461
1 2915
2 684
1 531
2 450
2 323
2 2534
2 3523
2 2665
2 2275
1 2854
2 1904
2 999
1 3361
2 3221
2 784
1 3531
1 324
1 2207
1 1157
2 2696
1 724
1 2486
2 1344
1 1630
1 1457
2 1347
2 2344
1 696
2 2373
1 116
2 1382
1 3170
1 20
1 311
1 3258
1 350
2 3290
1 696
2 633
2 1082
2 578
1 918
1 1514
2 3191
2 3312
1 2898
1 2756
2 563
1 2319
2 721
2 1325
2 2233
2 1938
2 32
2 3268
2 1332
2 159
2 329
1 872
1 487
2 2280
2 846
2 2463
1 1593
2 3029
1 825
2 2141
2 62
2 2579
2 112
1 3014
2 3378
1 44
2 3161
1 433
1 2028
2 1855
2 3145
1 1465
2 1101
2 568
2 2406
1 367
1 239
2 116
2 1934
2 538
2 1470
1 665
2 3241
1 2193
1 74
2 2213
1 401
2 1291
1 843
1 2974
2 765
1 891
1 55
1 2046
1 2041
2 1852
2 2255
1 231
1 3239
1 3210
1 587
2 639
2 1295
1 1910
2 220
2 2741
1 335
1 3004
2 1020
2 1002
1 2590
1 1462
2 2044
1 2629
1 1137
1 1046
2 2784
1 2909
1 2670
2 1601
2 29
2 217
1 3223
2 1142
2 668
2 331
2 2373
2 3293
1 2894
2 1102
1 2762
2 984
1 3163
2 1795
2 3175
2 1468
1 915
1 309
1 1633
1 2851
1 1177
2 3072
1 2666
1 1712
2 1453
2 2364
2 3502
2 2923
1 1228
2 2797
1 1343
2 775
1 2170
2 3499
1 2422
1 1059
1 2510
2 1644
1 91
1 2581
2 2134
1 2467
1 2051
2 942
2 1563
2 508
2 2106
2 596
2 788
1 2786
1 3222
2 474
2 355
2 1756
1 1363
1 2118
2 752
1 2466
2 1853
1 2551
1 2688
1 3367
2 2200
1 3429
1 3154
1 1625
2 3258
1 2690
2 1339
1 1063
1 2724
1 3185
1 1594
1 2919
2 2322
2 398
1 2923
1 3157
2 1382
1 3336
2 2691
2 3549
2 485
2 196
1 3230
1 2092
2 744
1 1484
2 2744
1 131
2 2609
1 2266
1 2212
1 2917
1 539
1 2344
1 1897
1 2103
1 1240
1 2752
1 1711
2 776
2 2043
2 998
2 1243
2 1279
1 2378
2 2391
2 2820
2 640
2 3487
1 1031
2 273
1 786
2 1817
2 2151
2 2949
1 3212
2 1114
2 2443
1 1453
1 2454
2 1539
1 272
2 1982
2 1998
2 1818
1 1494
2 1165
1 1831
2 357
1 823
2 158
2 1582
1 2664
2 2069
2 1246
2 2934
2 1210
2 2263
2 1678
2 2075
2 1387
2 627
1 1898
1 1901
2 3469
1 1743
1 458
2 307
1 3160
2 322
1 328
2 200
1 768
2 139
1 1521
1 146
1 963
2 1902
1 2671
2 2056
1 717
2 3075
1 2573
1 1266
2 1218
1 3520
1 2676
1 3370
1 646
2 592
1 408
2 1622
2 2426
2 2515
1 2269
1 758
2 3177
2 314
2 1663
2 366
2 2941
1 1702
1 1025
2 1466
2 903
2 2063
1 2110
2 2134
1 118
1 3445
1 2910
1 1774
1 593
1 1413
1 2376
2 2712
1 2115
1 1316
1 770
1 1293
2 2318
2 2487
1 2602
2 1112
1 3218
1 3213
1 734
1 908
1 2991
1 1214
1 294
2 2337
1 3410
1 2133
2 1291
2 470
2 1779
1 1793
1 1516
1 297
2 3310
1 230
1 2193
2 1109
1 3109
1 2612
1 3491
1 483
2 3458
1 2580
2 104
2 1078
2 1854
1 1111
2 2752
1 1397
2 2313
1 1019
2 394
2 2110
1 2280
1 2054
2 1144
1 2571
1 3201
1 1993
1 2698
1 602
2 3164
2 3485
2 2668
1 695
1 2944
2 432
1 1210
2 702
1 91
2 2583
2 3164
1 1628
2 2655
1 1623
2 2286
2 1640
2 1548
2 2090
2 719
1 3249
2 1123
1 1460
2 355
2 619
2 1184
2 1672
1 1256
2 3024
2 3228
1 1132
2 1881
1 1770
1 2558
1 1837
1 2446
1 3304
1 3284
2 2368
1 1657
2 956
1 2057
1 2725
2 1167
2 2750
1 1320
2 2378
2 2705
2 1288
2 2085
1 2707
1 1668
2 845
2 3262
2 1666
2 2553
1 1406
1 1194
2 2941
1 3436
1 773
2 456
2 2036
2 463
1 1537
2 486
2 2627
1 1888
2 3229
1 2647
1 794
2 756
1 1581
1 782
1 606
1 3521
1 898
1 1783
2 2555
1 2904
2 411
1 293
1 1165
2 123
1 2479
1 371
2 3407
2 2301
2 2026
1 2305
2 961
1 1222
1 434
1 1770
2 719
1 2249
1 3297
2 150
2 3253
2 1832
1 1740
2 2400
2 2849
1 1043
2 1547
1 2122
2 2098
1 1619
2 1629
2 1891
2 2792
1 2788
2 1807
2 3439
1 37
1 516
2 1824
1 3447
1 2207
1 3426
1 1139
1 1524
2 2820
1 1744
1 3400
1 644
1 147
1 3169
2 1635
2 515
1 1721
2 1012
1 851
1 579
1 2605
2 1092
1 1401
2 2771
2 1347
1 26
2 1767
2 1353
1 1590
2 1318
2 1602
1 3474
2 3131
2 1534
2 1782
2 793
1 1872
2 1931
2 2642
1 895
1 2239
1 1368
1 365
1 2763
1 3341
1 3122
1 2399
1 151
1 3193
2 469
1 1073
2 3448
2 1646
1 598
1 732
1 590
1 302
1 306
1 2067
1 2407
1 413
2 300
1 1668
1 1460
1 2618
1 3285
2 847
2 2635
1 1226
1 2795
2 1233
2 1753
1 1186
2 369
2 2972
2 1057
1 86
1 2352
1 1755
2 2318
2 1362
1 2921
2 173
1 1357
1 2443
2 1057
1 2852
1 1198
1 523
1 1331
2 1102
1 1706
1 472
1 3255
2 1500
1 14
1 443
1 904
2 3227
1 1871
2 2406
1 1732
1 1599
2 1755
2 2691
1 937
1 1761
1 1862
2 1000
1 2029
2 416
1 901
1 608
2 1834
2 2156
1 1955
2 2490
2 2539
2 3105
2 143
1 280
2 2246
2 2759
1 3114
1 2071
1 1839
1 1893
2 2652
1 1071
1 543
2 454
2 2059
2 1512
1 1170
2 2471
2 1922
1 1317
2 2450
1 2985
2 3003
1 282
2 1865
1 1576
1 2893
2 361
1 2928
2 227
1 448
1 2873
1 566
2 3345
2 632
1 2248
1 3514
2 3119
2 1427
1 3377
1 792
1 3377
2 1447
2 2016
1 859
2 2547
1 1038
2 1399
1 2076
2 755
2 1090
1 147
1 1228
2 2274
1 2206
1 325
1 1545
2 3185
2 1587
1 2706
2 495
2 2464
1 3470
1 2528
2 1322
2 4
1 1254
1 1062
1 2693
2 1340
2 3443
1 1306
2 101
1 143
2 61
1 2350
2 2380
2 3115
2 2122
2 924
1 1
1 1322
2 2870
2 3270
2 2841
1 678
2 2371
2 1675
1 1840
2 1742
2 2584
1 2539
1 2183
2 68
2 644
2 2967
2 31
1 1645
2 222
1 849
1 3506
1 1890
1 3261
2 297
2 2793
2 3395
2 2656
2 1639
2 1920
2 2381
1 1147
2 567
1 3431
1 1712
1 2487
2 1152
2 2096
1 2146
2 2585
1 18
1 1153
1 3470
2 2526
2 3245
1 354
2 2163
2 3072
2 3474
2 1473
2 184
1 2159
2 2634
1 1154
2 3060
1 1944
1 2689
2 2825
2 2522
2 1882
1 319
2 929
2 2345
2 146
2 3288
1 2924
2 3008
1 3246
1 796
1 1948
1 725
2 1878
1 3497
2 2675
2 1241
2 88
1 3199
1 2928
1 1008
2 3217
2 3022
1 2073
2 1665
1 2261
2 2808
1 1022
2 974
1 3311
2 3254
2 1486
2 167
2 97
1 1171
1 3061
2 2458
1 253
2 613
2 3452
1 2570
2 494
1 1996
1 1535
1 2197
2 1542
1 538
2 3512
1 2564
1 954
2 3059
1 1364
1 2164
1 94
1 38
1 2183
2 989
1 3069
2 3155
2 789
2 1571
2 1449
1 3225
1 934
1 2911
1 3388
2 3243
2 1474
2 3463
1 1879
1 338
2 1405
1 825
1 1653
2 638
2 2192
2 2375
1 790
1 3009
1 728
1 1456
1 795
1 2630
2 834
1 1504
1 941
1 2501
2 1227
2 1378
1 1268
1 3192
1 933
2 2027
2 1543
1 237
2 3480
1 2364
1 609
1 3462
2 1334
2 1950
1 2295
2 708
1 607
2 1876
1 1275
1 442
1 3542
1 123
2 2082
1 3351
2 3078
1 312
1 2310
1 2492
2 2308
1 1181
2 1088
2 1851
1 3456
2 1811
1 1459
2 2838
2 249
2 3108
2 3282
2 129
1 2101
1 2284
2 1205
1 2690
2 2185
1 3042
2 95
2 2946
2 2708
1 2087
2 1103
1 2650
1 1710
2 742
1 2410
2 939
2 1087
1 1342
2 1705
1 2190
2 2658
2 991
2 2078
2 480
2 1887
1 2765
1 1427
1 2240
1 731
2 525
1 3475
2 1376
1 482
1 664
2 1419
2 142
2 1509
2 3348
1 596
1 711
1 3046
1 2317
1 16
1 2478
1 2116
1 2826
1 1126
1 114
2 3104
1 77
1 2316
1 3129
2 890
1 2007
2 1192
1 2040
2 1055
1 774
2 126
2 3398
2 1174
2 3473
1 797
2 3263
1 2138
2 520
1 1435
1 3515
1 3036
2 2544
2 2058
2 2070
1 84
2 2581
1 2124
1 3358
1 42
2 509
1 808
2 1155
2 3427
1 953
2 1713
2 3393
2 3168
2 2607
2 600
1 1896
2 2466
1 637
1 2463
2 1699
1 2659
2 1480
1 2650
1 3392
1 3124
2 128
1 1519
1 2237
1 2900
1 1388
2 3225
1 1520
1 1780
1 897
2 1733
1 1618
1 2962
2 221
2 1433
2 3081
2 30
2 142
2 2323
2 962
1 3165
2 1043
2 300
2 2302
2 1977
1 1438
2 2247
2 891
2 3055
1 2573
1 1540
2 1370
2 1883
1 524
1 421
1 1859
1 3228
2 1346
2 823
2 1223
1 3059
1 3525
2 1572
2 2982
1 1327
1 808
2 1654
2 318
1 2757
1 2392
1 3305
2 587
1 1461
1 378
2 787
1 3472
2 2427
2 1698
1 2186
2 189
2 2890
2 2848
1 2731
2 333
1 3179
1 3478
2 943
1 3492
1 391
1 2505
1 1130
2 5
1 1875
2 1498
1 530
2 2979
2 1413
1 3507
2 379
1 877
1 2981
1 3111
2 2811
2 919
1 2198
1 2905
1 3232
1 3452
1 1733
2 1707
1 124
2 3305
2 2239
2 2492
2 2983
2 2087
2 3281
1 600
1 3138
1 3441
2 2550
2 2654
1 359
2 2047
2 1937
2 1159
1 1123
2 1523
2 1320
1 1662
1 1440
1 3019
1 553
1 2227
1 2519
2 2403
1 23
1 1206
2 1769
2 1514
2 730
2 1627
1 15
2 1257
1 777
2 1491
2 3067
1 1188
2 3308
2 1267
1 1299
2 2311
2 3030
2 2831
1 2509
2 1211
2 2898
1 3490
2 536
2 511
2 700
1 1411
2 1538
1 1009
2 97
1 3417
2 2409
2 1571
2 190
2 2080
2 1528
2 1721
2 2052
1 33
1 2032
1 1682
1 1262
1 1843
1 3064
1 2360
2 3100
2 1631
1 1007
1 1512
1 337
2 732
1 2774
2 1072
1 1589
2 3152
1 2757
1 3417
2 475
1 1907
1 3381
1 3123
2 1088
2 492
2 532
1 2198
1 25
2 637
2 3053
1 2728
2 1287
2 1762
1 3178
1 2885
1 3184
2 2743
1 993
1 2723
2 1344
2 3200
2 784
1 224
2 3343
2 287
1 2480
1 3357
1 2265
2 697
1 3208
2 2346
2 3372
2 1915
2 3053
2 3077
2 1737
1 2189
1 1253
1 3084
1 3430
2 1823
2 382
2 51
1 2943
2 3000
1 2532
1 614
2 2275
1 414
1 622
2 659
1 1501
1 395
2 1342
2 1160
2 949
2 650
1 756
2 1806
1 3380
1 2136
1 1027
2 220
2 3159
1 1497
2 322
2 865
2 1216
1 2666
2 917
1 835
2 3531
1 1848
2 166
1 3386
2 2029
1 1110
2 2499
2 2484
2 2168
1 2782
2 1143
2 1173
2 2361
1 780
2 59
1 3459
2 715
2 1338
2 2465
2 378
2 2057
2 1338
2 2040
2 2693
1 2630
2 2603
2 2824
2 1902
1 1540
1 1713
1 605
2 2521
1 2327
2 1816
1 257
1 2567
1 489
1 1960
2 1928
2 2568
2 3194
1 2899
1 2504
2 2105
1 2806
1 2403
1 1627
2 2195
2 2005
1 2351
2 3424
1 1003
1 1849
1 3442
2 3491
2 1329
2 749
2 750
2 237
1 49
2 348
2 1052
2 1156
1 2094
2 1282
1 2346
2 2349
1 3247
2 1726
1 934
2 3319
1 530
1 240
2 3111
1 1964
1 3307
2 3319
1 780
1 1503
1 2613
2 2848
2 415
1 1772
1 1176
2 621
2 1033
1 2368
2 777
2 2430
2 3136
1 10
1 1799
2 362
1 2866
1 830
1 1011
1 1833
2 1245
1 1390
1 1212
2 3356
2 376
2 1044
2 1450
2 159
2 976
2 1311
1 3518
1 3141
1 200
2 2681
2 2137
2 3315
2 2946
1 2357
2 1236
1 3089
1 3479
1 1569
1 501
1 3223
2 3376
2 2245
1 958
2 1611
1 3125
1 693
2 1108
2 1418
1 3301
1 2885
1 2082
1 3366
2 522
2 3030
1 1929
2 3135
2 301
1 1973
2 572
2 2547
1 1401
2 2174
2 2563
2 1092
1 476
2 2789
1 2252
1 1604
2 2404
1 803
2 2474
1 2861
2 2298
1 421
1 1978
1 2300
1 2689
2 1808
2 12
2 995
1 2162
2 3293
1 1041
2 2548
1 545
2 2902
2 1060
1 188
1 133
1 1402
1 789
1 1922
1 689
1 529
2 2709
2 2300
1 940
1 284
1 2106
2 662
2 1049
1 3509
2 255
2 3451
2 288
1 1493
2 1391
1 910
1 3516
2 1337
1 341
2 1679
1 3359
1 878
2 747
1 72
2 1405
1 1501
2 2412
1 1867
1 2016
1 345
2 1314
1 1386
1 706
1 3427
2 1666
2 2507
2 2541
1 2232
1 701
2 1118
1 869
1 1884
1 387
1 559
1 291
2 436
2 2832
1 3456
1 255
2 2271
1 3460
1 2877
1 3065
2 2593
1 352
2 3207
2 34
2 1149
1 1374
1 189
1 1797
2 2213
1 1280
1 1146
2 1288
2 2288
2 1202
2 517
2 190
2 987
2 3029
1 1592
2 3390
2 2826
2 3062
1 3101
2 1734
2 1376
1 2426
1 2292
2 3274
2 134
1 1058
2 1846
1 68
2 1074
1 2574
2 1281
2 2021
1 2707
2 821
1 2450
1 993
1 1525
1 713
1 2624
1 1275
2 1265
2 1644
1 3368
2 2842
1 2419
2 2555
2 3255
2 2108
2 1862
2 3495
1 899
1 1239
2 1060
2 3318
1 975
2 1839
1 2947
2 1209
1 3013
1 560
1 1522
1 1263
1 594
1 5
2 1122
1 2312
2 1659
2 85
2 942
1 911
1 460
2 2601
2 704
2 831
2 1495
2 1646
1 2864
1 591
1 271
2 2560
1 651
1 3171
1 358
2 527
2 1885
2 1706
1 12
2 2793
1 170
2 3302
2 2567
1 3003
2 1804
1 392
1 883
1 767
1 3026
2 2181
2 584
1 2476
1 2230
1 58
2 3101
1 2189
2 2291
2 966
1 2789
2 2047
2 1979
1 2612
1 213
2 2591
2 550
2 3425
2 537
2 1735
1 148
1 1207
1 84
2 514
2 2880
2 206
2 411
1 2237
1 1593
2 2489
1 1724
2 3282
2 198
2 3410
1 1591
2 1475
2 2328
1 3235
1 2001
2 2206
1 3120
1 1301
1 1995
1 1520
1 548
2 2688
1 3535
1 3313
1 2640
1 645
2 471
2 1490
1 89
2 39
2 3147
2 2917
1 2219
2 395
2 3065
2 2321
2 1503
2 405
1 562
2 407
2 2279
2 354
2 2324
1 1084
1 2792
1 1674
2 2217
2 2524
2 1941
1 2700
1 616
1 1360
1 364
2 661
1 305
2 3150
2 2677
1 2737
2 3016
2 66
1 888
2 467
2 3420
2 3115
1 580
1 834
1 944
2 360
2 2709
1 2663
2 507
2 3246
2 3455
2 3544
1 1234
2 2154
1 1166
1 3124
2 447
1 661
2 3018
1 397
2 2413
2 176
1 3253
1 1856
1 3224
2 3360
2 913
1 1586
1 577
1 1065
1 2608
1 2500
1 1277
2 1133
2 917
1 872
2 1182
2 513
1 698
2 3303
1 894
2 2100
1 2218
2 502
2 3128
2 657
1 862
2 2953
1 1617
1 2170
1 2684
2 2696
2 1492
1 666
1 2700
1 36
1 2742
1 1544
1 521
2 2763
2 1685
2 2768
1 3213
1 667
1 1078
2 1392
2 1524
1 1766
2 3500
2 2273
2 2517
1 929
1 2023
2 1187
1 2244
2 896
2 3043
2 1730
2 649
2 3155
1 135
1 1458
1 2711
2 2614
1 2220
2 404
2 2398
1 3099
1 726
2 1986
2 2999
2 1863
2 2283
1 3181
2 1455
1 1095
2 1600
1 1676
1 1730
1 2646
1 3000
2 2404
1 451
2 2800
1 3088
2 912
1 2258
1 3232
2 2445
2 423
2 424
2 2981
2 2191
2 2880
1 963
2 2845
1 1674
2 1799
2 763
2 2835
1 1678
2 1573
2 295
1 1864
2 2743
2 2518
2 3494
2 2506
1 1731
2 2747
2 1918
2 3107
2 2383
1 199
1 1950
2 3123
1 2546
1 2994
2 164
2 955
2 2875
2 3341
1 2807
2 2216
1 1786
1 2836
1 3203
2 468
2 1930
2 3240
2 2365
2 3092
2 3171
2 2626
2 2015
1 1400
2 3348
2 1670
2 3058
1 796
1 2496
1 1184
1 2552
1 1838
2 506
2 1985
2 1926
2 2936
1 1250
1 415
2 1371
2 2356
1 3127
2 716
1 393
2 703
1 3110
1 2883
1 2533
1 868
2 2908
2 1610
1 2001
2 1259
1 2386
2 1929
2 806
2 594
1 2422
2 680
2 1818
2 1650
2 2745
1 1704
1 344
2 3401
1 1568
2 2224
2 309
1 1764
2 981
2 3040
1 1070
1 2431
2 204
1 2611
2 836
2 1534
2 2474
1 2664
1 542
1 3195
1 532
1 1903
2 1379
1 2818
1 3234
2 3096
1 1932
2 3144
1 3163
1 504
2 1297
2 2144
1 1172
2 2006
2 479
2 127
1 1927
2 3549
2 2658
2 3216
1 281
1 3018
1 3040
1 3434
2 2283
2 2761
2 3548
2 2780
2 2870
2 1444
2 488
1 615
1 1751
1 3033
1 573
1 729
2 6
2 2145
1 3524
1 2526
1 1254
1 1033
1 3106
2 703
1 2620
1 1337
2 1822
2 612
1 2627
1 1271
1 1529
1 2126
2 261
1 2393
2 1232
2 1912
2 1412
1 3380
1 679
1 1437
2 440
1 1393
2 912
1 140
2 1500
1 3214
1 1016
1 1769
1 1272
1 857
1 842
1 388
1 1064
1 862
2 844
2 476
2 512
2 2008
1 939
1 2196
1 1826
1 1094
2 1615
1 1808
2 3269
1 427
2 2741
1 1855
2 2030
2 204
1 1679
1 1136
2 1476
2 3070
1 1917
2 2791
2 541
1 368
1 3260
2 1511
2 1346
1 1777
2 3353
1 2895
1 1036
1 2351
1 1814
2 172
1 10
2 890
1 668
2 2913
2 2325
2 3379
1 1121
1 1991
2 526
1 1367
2 2238
2 2315
1 1916
2 381
2 2891
1 2468
2 79
2 2306
1 926
1 1310
2 761
1 2538
2 2043
1 2971
1 3529
1 705
1 3299
1 1211
1 552
2 1595
2 259
2 2966
1 226
1 455
2 1802
1 2020
1 2719
2 1047
2 3265
2 2297
2 3317
1 1271
1 1761
2 2864
1 3076
1 3168
1 3287
1 505
1 481
2 3118
2 1583
1 2935
2 2747
1 82
1 2937
2 1044
2 2867
1 2035
1 2550
1 481
2 850
1 2348
1 3037
2 427
1 243
2 878
2 2702
1 1370
2 2872
1 813
1 2411
2 2886
2 1869
1 1467
2 720
2 923
1 3378
1 2947
1 2778
2 620
1 772
2 1729
1 195
2 920
1 3095
1 425
2 1311
1 2360
1 822
1 1624
2 20
2 2997
1 2236
2 3108
1 2068
1 3391
1 1623
2 1607
1 2678
2 1590
1 1065
2 686
1 1965
1 1243
1 3226
2 396
1 2758
2 3520
2 168
1 2756
1 2481
2 841
1 1541
1 1729
1 1671
1 58
1 3385
2 2173
2 2345
1 1529
2 1408
1 165
1 1304
2 1860
1 341
2 3518
1 775
1 3504
1 3143
2 1081
2 1877
2 1817
1 3329
2 1368
1 1639
2 873
1 3489
1 3066
2 3512
1 2180
1 1436
1 1785
1 894
2 871
2 3066
1 959
2 235
2 3530
1 1425
2 2483
2 570
1 544
2 1885
2 1693
2 127
1 2372
1 3048
1 3418
1 1302
1 2010
1 794
2 2760
2 2439
2 927
1 607
1 1660
2 2277
1 1037
1 1856
2 2989
1 1004
2 1100
2 278
1 1194
1 2732
1 951
1 1883
2 2355
1 2840
2 1545
2 1658
2 586
2 1002
2 3071
2 145
1 1550
1 1327
2 3318
2 67
2 265
1 1018
2 284
1 2101
1 1462
1 3081
1 2035
2 1756
1 28
1 2174
2 45
1 1860
2 2073
2 137
2 1970
1 650
1 70
2 2390
1 764
2 327
1 3121
2 672
2 1584
2 841
1 2996
2 3379
1 138
1 2155
1 1649
2 1952
1 1746
2 2623
2 2982
2 2502
1 1079
1 1491
2 1349
2 2894
1 1562
1 3219
2 3172
1 3273
1 1580
2 1849
1 1900
2 44
2 3503
2 1428
1 3306
2 673
2 1995
1 2809
2 827
1 2843
2 2967
2 2276
2 1714
2 3368
1 1350
1 807
2 145
2 2462
1 2377
2 2203
2 2711
1 3032
1 3279
2 3098
2 2296
2 2392
2 2961
2 2210
1 1407
1 2014
1 3151
1 441
2 1504
1 886
1 1224
1 1814
1 1313
2 477
2 1496
2 953
2 3230
1 2411
1 2619
1 2657
2 1487
1 1185
2 2889
1 1869
2 2079
1 751
2 663
1 597
2 766
1 1434
2 1394
2 3025
1 567
1 3504
2 2514
2 2215
2 1632
2 1719
2 1278
1 1983
2 1947
2 3539
1 2951
1 809
1 2178
2 2055
2 2065
2 2525
1 2977
1 2347
2 3204
2 41
2 1661
1 1499
2 155
2 422
2 1802
1 2038
1 1240
2 3505
2 877
2 1805
2 1352
2 629
1 256
2 232
2 102
2 2328
1 1771
1 3346
1 2060
1 1891
1 207
1 138
1 1987
2 2657
1 31
2 2842
1 59
2 1544
2 1138
1 2177
1 2230
1 3363
2 3048
2 773
2 2851
2 93
1 100
2 2702
2 377
2 1537
1 3027
2 2997
1 2585
2 1749
2 1485
1 2726
2 1574
1 294
1 92
2 1339
1 2616
1 2362
1 691
1 357
2 1513
2 1443
1 168
2 1416
2 688
2 2575
1 1446
2 2873
1 575
1 2286
2 3412
2 1375
1 234
1 1565
2 3145
1 2499
1 1484
1 1684
2 1903
1 1649
1 746
1 3536
2 1381
2 492
1 603
2 3240
2 2284
2 2311
2 1096
1 1403
2 3195
2 982
1 191
1 1162
1 2903
1 1877
2 3408
2 1635
1 699
2 1900
2 2506
2 3031
2 3307
1 8
2 1673
1 2155
1 2796
2 3211
2 1205
2 2814
1 519
2 184
1 806
2 2857
1 2529
1 2520
1 3161
2 3381
1 3044
2 2272
1 1961
2 2749
1 550
1 1912
2 3545
2 304
1 579
2 2341
1 1392
1 2129
2 588
2 2574
1 1407
2 2267
2 674
2 2074
1 954
1 2964
2 948
1 1020
2 1577
1 2770
2 1957
1 2268
2 740
1 1252
2 1497
1 2866
2 2921
1 2570
1 111
2 2412
2 2976
1 1809
1 3508
1 524
1 292
1 99
2 1404
1 3264
2 1719
2 760
2 2123
1 2234
1 2250
2 431
1 1778
2 1208
1 3295
1 160
2 2055
2 446
1 1837
1 2119
2 1067
1 1735
1 3148
2 1116
2 1703
1 2302
1 858
1 3226
2 2493
1 2714
2 2580
1 2631
2 677
2 793
1 1042
1 1568
1 1552
1 1024
2 3446
1 3288
1 1294
2 1472
1 2800
2 412
1 762
1 3517
1 615
2 1609
1 3256
2 1283
1 3325
1 2265
2 28
2 2713
2 1807
2 1197
2 1261
2 2764
2 1081
1 298
1 1975
1 1546
1 1997
1 3077
1 1035
1 377
2 222
1 3334
1 1189
1 1994
1 1748
1 1063
1 3287
2 2359
1 1657
1 2950
2 2835
2 126
1 2095
2 2675
1 109
2 958
2 2536
2 2242
2 3220
1 1561
1 3422
2 2712
1 2304
1 1897
1 407
1 2805
2 2615
1 2358
1 1718
2 625
2 328
2 2925
2 723
1 2902
2 1821
2 2812
2 3122
1 741
1 1819
1 669
1 2572
2 406
2 969
2 3511
2 3204
2 1260
1 1080
1 2367
1 219
2 2787
1 1642
2 3488
1 3467
2 1173
2 965
1 3251
1 2797
2 174
1 880
1 3350
1 1904
1 2766
2 3484
1 3036
1 748
1 1251
1 551
1 1204
1 1618
1 2776
2 346
1 3401
1 712
1 1523
2 503
2 3107
2 3094
2 3290
1 3023
1 2306
2 3510
2 2410
2 2484
2 3396
2 1905
1 1614
2 812
2 935
2 809
1 60
2 1458
2 2922
2 1607
1 1920
2 1562
2 558
1 2050
1 351
1 980
2 1861
1 868
2 3533
1 380
2 1763
2 2222
2 2154
2 2451
1 3375
1 2485
2 2094
1 2874
1 1272
1 2209
2 1446
1 1963
2 2975
1 279
1 2475
2 2310
1 3058
1 2764
1 1546
2 1103
1 1422
1 3129
1 3431
2 723
2 2828
1 2080
2 3339
2 1972
1 788
1 2644
2 960
1 2314
1 3090
2 215
2 2995
1 2211
1 752
2 636
1 995
2 2235
2 540
1 1685
2 2584
1 1475
2 1052
1 2952
1 1351
1 87
1 787
2 1776
1 1027
1 1507
1 1367
1 881
1 373
1 3374
1 437
1 121
2 226
2 986
2 864
2 3394
2 2624
2 3527
2 1926
1 1648
2 1886
1 3440
2 2607
1 1077
2 194
2 3241
2 1597
1 956
1 3310
2 1134
2 239
1 2417
1 93
2 3210
2 442
2 2648
2 2629
1 986
1 2733
2 3038
2 2853
1 343
2 539
2 3022
1 1145
1 209
1 3174
1 1161
1 1411
1 557
2 317
1 1954
2 2610
2 1312
2 182
1 1418
1 747
2 2069
1 1437
2 308
1 543
2 652
2 1919
2 2512
1 2504
1 3534
1 1999
2 326
1 2638
2 2694
2 2362
1 1269
1 334
1 1014
2 2505
1 1093
1 3541
2 2017
1 1261
1 1349
1 1289
2 2617
2 2313
1 1277
2 2022
2 193
2 1760
2 57
2 1276
2 105
2 1594
1 197
2 3389
1 2186
2 3024
1 2783
2 165
1 2939
1 3479
2 860
1 495
2 461
1 1932
