76 2850
1 2 14.56022
1 3 23.02173
1 4 26.41969
1 5 33.06055
1 6 16.27882
1 7 39.59798
1 8 40.22437
1 9 37.21559
1 10 47.53946
1 11 54.20332
1 12 31.7805
1 13 42.05948
1 14 53.15073
1 15 40.04997
1 16 14.03567
1 17 24.59675
1 18 36.40055
1 19 47.70744
1 20 44.72136
1 21 23.76973
1 22 9.84886
1 23 12.52996
1 24 25.80698
1 25 42.29657
1 26 30.61046
1 27 35.1141
1 28 14.31782
1 29 30.26549
1 30 21.37756
1 31 54.74486
1 32 31.0
1 33 8.06226
1 34 33.28663
1 35 43.27817
1 36 34.17601
1 37 38.63936
1 38 50.60632
1 39 38.83298
1 40 29.12044
1 41 11.18034
1 42 10.63015
1 43 6.7082
1 44 26.01922
1 45 29.12044
1 46 35.22783
1 47 28.86174
1 48 26.01922
1 49 18.86796
1 50 34.71311
1 51 18.38478
1 52 35.77709
1 53 48.10405
1 54 48.8467
1 55 49.47727
1 56 16.27882
1 57 43.28972
1 58 42.04759
1 59 63.78087
1 60 45.69464
1 61 21.26029
1 62 8.24621
1 63 8.24621
1 64 18.38478
1 65 55.56978
1 66 61.03278
1 67 30.4795
1 68 19.41649
1 69 33.28663
1 70 46.17359
1 71 40.71855
1 72 40.16217
1 73 5.38516
1 74 18.11077
1 75 23.43075
1 76 25.45584
2 3 24.20744
2 4 12.72792
2 5 19.92486
2 6 8.544
2 7 27.78489
2 8 26.87006
2 9 34.48188
2 10 40.1995
2 11 43.38202
2 12 25.01999
2 13 27.51363
2 14 40.45986
2 15 26.07681
2 16 18.02776
2 17 18.24829
2 18 40.36087
2 19 34.05877
2 20 32.31099
2 21 15.26434
2 22 16.40122
2 23 25.07987
2 24 33.61547
2 25 42.48529
2 26 20.61553
2 27 20.61553
2 28 10.04988
2 29 16.0
2 30 7.0
2 31 50.24938
2 32 30.41381
2 33 10.44031
2 34 19.79899
2 35 30.61046
2 36 24.08319
2 37 26.40076
2 38 41.48494
2 39 34.52535
2 40 24.73863
2 41 25.63201
2 42 24.18677
2 43 21.18962
2 44 26.62705
2 45 14.56022
2 46 21.93171
2 47 17.80449
2 48 13.0
2 49 26.83282
2 50 36.61967
2 51 14.76482
2 52 21.63331
2 53 36.35932
2 54 34.43835
2 55 51.10773
2 56 30.01666
2 57 29.01724
2 58 34.23449
2 59 50.9902
2 60 35.60899
2 61 20.0
2 62 8.48528
2 63 16.49242
2 64 29.69848
2 65 46.17359
2 66 50.56679
2 67 18.35756
2 68 7.28011
2 69 26.07681
2 70 34.98571
2 71 31.14482
2 72 34.0147
2 73 9.21954
2 74 7.2111
2 75 11.7047
2 76 14.56022
3 4 26.0
3 5 42.2019
3 6 16.27882
3 7 29.42788
3 8 34.0
3 9 14.86607
3 10 28.3196
3 11 39.44617
3 12 15.23155
3 13 42.2019
3 14 42.72002
3 15 46.06517
3 16 9.0
3 17 12.04159
3 18 16.27882
3 19 41.10961
3 20 54.6443
3 21 39.40812
3 22 32.38827
3 23 19.72308
3 24 14.14214
3 25 19.41649
3 26 20.02498
3 27 35.73514
3 28 32.20248
3 29 36.35932
3 30 29.06888
3 31 32.57299
3 32 8.06226
3 33 16.76305
3 34 29.42788
3 35 34.36568
3 36 48.10405
3 37 49.20366
3 38 33.42155
3 39 17.49286
3 40 10.29563
3 41 29.41088
3 42 31.57531
3 43 26.4764
3 44 3.0
3 45 32.64966
3 46 30.14963
3 47 41.72529
3 48 36.12478
3 49 11.40175
3 50 12.52996
3 51 10.0
3 52 33.73426
3 53 36.05551
3 54 46.17359
3 55 27.313
3 56 25.0
3 57 47.53946
3 58 24.20744
3 59 52.55473
3 60 59.4138
3 61 41.78516
3 62 26.57066
3 63 15.0333
3 64 40.4475
3 65 38.28838
3 66 45.0
3 67 24.18677
3 68 20.80865
3 69 50.21952
3 70 58.25805
3 71 55.17246
3 72 20.51828
3 73 21.84033
3 74 31.40064
3 75 20.61553
3 76 19.64688
4 5 18.02776
4 6 12.04159
4 7 15.81139
4 8 14.14214
4 9 30.61046
4 10 31.40064
4 11 31.62278
4 12 18.86796
4 13 17.0
4 14 27.80288
4 15 20.24846
4 16 24.02082
4 17 15.0
4 18 41.67733
4 19 21.40093
4 20 29.69848
4 21 22.02272
4 22 29.06888
4 23 34.71311
4 24 38.83298
4 25 40.31129
4 26 11.7047
4 27 10.04988
4 28 21.47091
4 29 11.40175
4 30 9.21954
4 31 43.32436
4 32 29.20616
4 33 19.92486
4 34 7.07107
4 35 18.02776
4 36 26.57066
4 37 25.0
4 38 31.06445
4 39 29.15476
4 40 21.2132
4 41 37.58989
4 42 36.61967
4 43 33.12099
4 44 27.29469
4 45 7.07107
4 46 9.21954
4 47 20.61553
4 48 14.31782
4 49 33.13608
4 50 36.61967
4 51 16.49242
4 52 9.48683
4 53 24.16609
4 54 22.80351
4 55 49.49747
4 56 40.26164
4 57 21.54066
4 58 25.4951
4 59 38.28838
4 60 36.35932
4 61 30.36445
4 62 21.2132
4 63 25.4951
4 64 42.42641
4 65 35.35534
4 66 38.8973
4 67 7.0
4 68 7.28011
4 69 31.40064
4 70 34.20526
4 71 33.10589
4 72 26.92582
4 73 21.09502
4 74 15.81139
4 75 5.38516
4 76 7.07107
5 6 26.07681
5 7 30.41381
5 8 25.0
5 9 48.60041
5 10 48.38388
5 11 45.0
5 12 36.89173
5 13 16.55295
5 14 37.65634
5 15 8.06226
5 16 37.57659
5 17 32.55764
5 18 58.41233
5 19 28.86174
5 20 12.52996
5 21 13.0384
5 22 29.83287
5 23 44.72136
5 24 53.22593
5 25 58.13777
5 26 29.52965
5 27 14.0
5 28 20.39608
5 29 6.7082
5 30 13.41641
5 31 60.92618
5 32 46.66905
5 33 30.36445
5 34 20.61553
5 35 30.0
5 36 10.04988
5 37 7.07107
5 38 46.69047
5 39 47.16991
5 40 39.05125
5 41 43.10452
5 42 40.4475
5 43 39.01282
5 44 44.04543
5 45 11.18034
5 46 22.36068
5 47 7.07107
5 48 7.07107
5 49 46.61545
5 50 53.8145
5 51 32.20248
5 52 18.02776
5 53 37.0
5 54 24.18677
5 55 67.26812
5 56 49.25444
5 57 12.20656
5 58 42.72002
5 59 46.48656
5 60 18.35756
5 61 23.60085
5 62 25.0
5 63 36.40055
5 64 42.72002
5 65 50.24938
5 66 52.03845
5 67 24.16609
5 68 21.40093
5 69 16.76305
5 70 16.27882
5 71 15.52417
5 72 44.72136
5 73 28.28427
5 74 15.0
5 75 22.67157
5 76 25.0
6 7 23.34524
6 8 24.59675
6 9 25.96151
6 10 32.75668
6 11 38.01316
6 12 17.11724
6 13 29.01724
6 14 37.01351
6 15 30.67572
6 16 12.16553
6 17 10.0
6 18 32.55764
6 19 32.20248
6 20 38.58756
6 21 23.70654
6 22 22.13594
6 23 22.80351
6 24 27.51363
6 25 34.0
6 26 14.42221
6 27 22.0
6 28 18.11077
6 29 20.61553
6 30 12.80625
6 31 42.04759
6 32 21.9545
6 33 8.60233
6 34 18.02776
6 35 27.20294
6 36 31.89044
6 37 33.01515
6 38 34.9285
6 39 26.1725
6 40 16.27882
6 41 27.01851
6 42 26.90725
6 43 22.67157
6 44 18.43909
6 45 17.46425
6 46 19.69772
6 47 25.4951
6 48 19.84943
6 49 21.37756
6 50 28.42534
6 51 6.40312
6 52 21.37756
6 53 31.82766
6 54 34.71311
6 55 42.72002
6 56 28.4605
6 57 32.75668
6 58 26.92582
6 59 47.63402
6 60 43.13931
6 61 28.16026
6 62 14.31782
6 63 13.60147
6 64 34.1321
6 65 39.81206
6 66 44.94441
6 67 14.42221
6 68 5.09902
6 69 34.48188
6 70 42.0119
6 71 38.94868
6 72 26.07681
6 73 11.6619
6 74 15.65248
6 75 7.61577
6 76 9.21954
7 8 7.07107
7 9 25.63201
7 10 18.86796
7 11 15.81139
7 12 15.0333
7 13 19.20937
7 14 13.89244
7 15 28.63564
7 16 32.20248
7 17 18.02776
7 18 41.4367
7 19 12.16553
7 20 39.39543
7 21 37.48333
7 22 44.10215
7 23 44.77723
7 24 43.56604
7 25 35.8469
7 26 9.84886
7 27 16.76305
7 28 37.16181
7 29 24.08319
7 30 25.0
7 31 32.20248
7 32 28.16026
7 33 31.89044
7 34 10.0
7 35 5.0
7 36 40.1995
7 37 36.40055
7 38 16.27882
7 39 22.36068
7 40 20.0
7 41 50.32892
7 42 50.20956
7 43 46.01087
7 44 29.06888
7 45 20.0
7 46 8.06226
7 47 35.0
7 48 29.06888
7 49 39.84972
7 50 35.51056
7 51 23.70654
7 52 12.64911
7 53 8.60233
7 54 19.23538
7 55 44.72136
7 56 50.60632
7 57 27.45906
7 58 14.14214
7 59 24.41311
7 60 48.08326
7 61 46.17359
7 62 36.05551
7 63 36.05551
7 64 57.00877
7 65 20.0
7 66 23.08679
7 67 9.43398
7 68 20.80865
7 69 46.0
7 70 44.94441
7 71 45.89118
7 72 18.02776
7 73 34.71311
7 74 31.62278
7 75 16.40122
7 76 14.14214
8 9 32.20248
8 10 25.80698
8 11 20.0
8 12 20.88061
8 13 12.20656
8 14 13.89244
8 15 22.13594
8 16 35.17101
8 17 22.02272
8 18 47.29693
8 19 7.61577
8 20 32.89377
8 21 33.83785
8 22 43.18565
8 23 47.16991
8 24 48.04165
8 25 42.48529
8 26 14.03567
8 27 11.0
8 28 35.22783
8 29 19.23538
8 30 22.47221
8 31 39.20459
8 32 33.95585
8 33 33.12099
8 34 7.07107
8 35 5.0
8 36 35.01428
8 37 30.41381
8 38 22.47221
8 39 29.15476
8 40 25.4951
8 41 51.31277
8 42 50.60632
8 43 46.87217
8 44 34.1321
8 45 15.81139
8 46 5.0
8 47 30.41381
8 48 25.0
8 49 43.56604
8 50 41.48494
8 51 26.68333
8 52 7.07107
8 53 12.0
8 54 12.64911
8 55 51.47815
8 56 52.92447
8 57 20.59126
8 58 21.2132
8 59 24.20744
8 60 41.97618
8 61 43.38202
8 62 35.35534
8 63 38.07887
8 64 56.56854
8 65 25.4951
8 66 27.07397
8 67 10.44031
8 68 20.80865
8 69 41.30375
8 70 38.60052
8 71 40.1995
8 72 25.0
8 73 35.0
8 74 29.15476
8 75 17.0
8 76 15.81139
9 10 15.65248
9 11 29.61419
9 12 12.04159
9 13 43.26662
9 14 36.05551
9 15 50.20956
9 16 23.5372
9 17 16.55295
9 18 17.26268
9 19 37.64306
9 20 60.20797
9 21 49.39636
9 22 46.0
9 23 34.43835
9 24 24.83948
9 25 10.29563
9 26 19.84943
9 27 38.28838
9 28 43.93177
9 29 42.0119
9 30 37.12142
9 31 17.72005
9 32 7.2111
9 33 30.0
9 34 30.61046
9 35 30.36445
9 36 56.4358
9 37 55.60576
9 38 22.13594
9 39 4.12311
9 40 9.84886
9 41 44.27189
9 42 46.32494
9 43 41.23106
9 44 12.08305
9 45 37.64306
9 46 30.23243
9 47 50.11986
9 48 43.909
9 49 25.23886
9 50 11.40175
9 51 20.22375
9 52 35.0
9 53 29.06888
9 54 44.77723
9 55 19.41649
9 56 39.44617
9 57 50.44799
9 58 14.03567
9 59 44.28318
9 60 66.85058
9 61 53.93515
9 62 39.20459
9 63 29.61419
9 64 55.10898
9 65 26.40076
9 66 33.61547
9 67 25.4951
9 68 28.63564
9 69 60.00833
9 70 64.81512
9 71 63.28507
9 72 9.05539
9 73 35.01428
9 74 41.4367
9 75 26.07681
9 76 23.60085
10 11 15.0333
10 12 15.81139
10 13 38.01316
10 14 23.76973
10 15 47.41308
10 16 35.51056
10 17 23.08679
10 18 32.57299
10 19 28.42534
10 20 58.13777
10 21 53.15073
10 22 54.81788
10 23 47.80167
10 24 40.22437
10 25 23.08679
10 26 20.02498
10 27 35.34119
10 28 50.24938
10 29 41.76123
10 30 40.11234
10 31 13.45362
10 32 22.2036
10 33 39.56008
10 34 27.85678
10 35 21.93171
10 36 57.72348
10 37 54.78138
10 38 7.0
10 39 11.6619
10 40 18.86796
10 41 56.4358
10 42 57.69749
10 43 52.7731
10 44 26.1725
10 45 37.36308
10 46 26.40076
10 47 51.97115
10 48 45.70558
10 49 39.59798
10 50 26.92582
10 51 29.15476
10 52 31.30495
10 53 17.49286
10 54 36.79674
10 55 30.26549
10 56 53.2635
10 57 46.32494
10 58 6.0
10 59 30.06659
10 60 66.48308
10 61 60.13319
10 62 47.07441
10 63 41.18252
10 64 65.9242
10 65 10.77033
10 66 18.02776
10 67 24.5153
10 68 33.06055
10 69 62.80127
10 70 63.56099
10 71 63.89053
10 72 7.81025
10 73 43.9659
10 74 46.0
10 75 29.0
10 76 26.0
11 12 24.41311
11 13 30.80584
11 14 10.63015
11 15 41.59327
11 16 44.68781
11 17 30.41381
11 18 46.87217
11 19 18.38478
11 20 52.17279
11 21 53.15073
11 22 59.5399
11 23 57.48913
11 24 52.80152
11 25 38.01316
11 26 23.60085
11 27 31.0
11 28 52.92447
11 29 39.11521
11 30 40.80441
11 31 26.40076
11 32 35.1141
11 33 46.2277
11 34 25.4951
11 35 15.0
11 36 55.00909
11 37 50.24938
11 38 8.06226
11 39 25.4951
11 40 29.15476
11 41 64.44377
11 42 64.81512
11 43 60.30755
11 44 38.01316
11 45 35.35534
11 46 23.34524
11 47 50.24938
11 48 44.55334
11 49 50.77401
11 50 41.0
11 51 36.76955
11 52 27.01851
11 53 8.0
11 54 26.83282
11 55 45.27693
11 56 63.25346
11 57 39.29377
11 58 15.81139
11 59 15.0333
11 60 61.66036
11 61 61.98387
11 62 51.47815
11 63 49.49747
11 64 72.11103
11 65 7.07107
11 66 7.28011
11 67 25.07987
11 68 36.23534
11 69 61.20457
11 70 58.0517
11 71 60.13319
11 72 20.61553
11 73 49.64877
11 74 47.43416
11 75 31.76476
11 76 29.15476
12 13 31.38471
12 14 27.65863
12 15 38.18377
12 16 20.51828
12 17 7.28011
12 18 26.4764
12 19 27.16616
12 20 48.27007
12 21 39.05125
12 22 39.05125
12 23 33.24154
12 24 29.12044
12 25 22.2036
12 26 7.81025
12 27 26.24881
12 28 35.0
12 29 30.23243
12 30 26.24881
12 31 25.31798
12 32 13.15295
12 33 23.76973
12 34 18.60108
12 35 20.02498
12 36 45.18849
12 37 43.82921
12 38 19.20937
12 39 10.29563
12 40 5.09902
12 41 41.04875
12 42 42.05948
12 43 37.21559
12 44 14.31782
12 45 25.80698
12 46 18.35756
12 47 39.0
12 48 32.69557
12 49 26.41969
12 50 20.61553
12 51 13.41641
12 52 23.02173
12 53 20.88061
12 54 33.52611
12 55 31.40064
12 56 38.94868
12 57 38.41875
12 58 10.29563
12 59 37.33631
12 60 55.22681
12 61 45.01111
12 62 31.40064
12 63 25.80698
12 64 50.15974
12 65 24.20744
12 66 30.41381
12 67 13.45362
12 68 18.24829
12 69 49.33559
12 70 53.00943
12 71 51.88449
12 72 9.0
12 73 28.16026
12 74 31.40064
12 75 14.86607
12 76 12.08305
13 14 22.0
13 15 11.0
13 16 41.01219
13 17 30.36445
13 18 57.00877
13 19 13.0
13 20 21.37756
13 21 28.42534
13 22 42.19005
13 23 51.47815
13 24 55.57877
13 25 53.53504
13 26 23.70654
13 27 7.07107
13 28 33.01515
13 29 13.45362
13 30 21.0238
13 31 51.40039
13 32 43.86342
13 33 36.49658
13 34 13.0
13 35 16.55295
13 36 26.24881
13 37 20.09975
13 38 34.43835
13 39 40.60788
13 40 35.34119
13 41 53.14132
13 42 51.47815
13 43 48.70318
13 44 43.01163
13 45 13.0
13 46 13.0384
13 47 23.32381
13 48 19.79899
13 49 50.08992
13 50 51.47815
13 51 33.24154
13 52 8.544
13 53 23.08679
13 54 7.81025
13 55 62.68174
13 56 56.88585
13 57 8.544
13 58 33.30165
13 59 30.08322
13 60 31.06445
13 61 38.94868
13 62 35.34119
13 63 42.29657
13 64 55.75841
13 65 37.0
13 66 37.33631
13 67 18.38478
13 68 24.08319
13 69 33.24154
13 70 27.29469
13 71 30.14963
13 72 36.79674
13 73 36.68787
13 74 26.62705
13 75 22.09072
13 76 22.56103
14 15 33.0
14 16 46.06517
14 17 31.7805
14 18 53.00943
14 19 9.0
14 20 43.18565
14 21 47.53946
14 22 56.85068
14 23 58.66856
14 24 56.75385
14 25 45.54119
14 26 23.70654
14 27 24.04163
14 28 49.09175
14 29 32.57299
14 30 36.35932
14 31 36.35932
14 32 40.1995
14 33 45.60702
14 34 20.80865
14 35 9.89949
14 36 47.67599
14 37 42.04759
14 38 17.49286
14 39 32.14032
14 40 32.75668
14 41 64.03124
14 42 63.70243
14 43 59.66574
14 44 41.97618
14 45 29.54657
14 46 18.60108
14 47 43.68066
14 48 38.62642
14 49 53.48832
14 50 47.01064
14 51 37.58989
14 52 20.61553
14 53 7.0
14 54 16.76305
14 55 53.60037
14 56 64.49806
14 57 30.14963
14 58 22.2036
14 59 10.63015
14 60 53.03772
14 61 57.24509
14 62 48.9183
14 63 49.92995
14 64 70.0928
14 65 17.69181
14 66 15.81139
14 67 22.67157
14 68 33.94113
14 69 54.34151
14 70 49.16299
14 71 52.08647
14 72 27.16616
14 73 48.10405
14 74 43.04649
14 75 29.73214
14 76 27.80288
15 16 42.72002
15 17 35.22783
15 18 61.91123
15 19 24.0
15 20 10.77033
15 21 21.09502
15 22 37.64306
15 23 51.15662
15 24 58.18935
15 25 60.20797
15 26 30.41381
15 27 12.20656
15 28 28.16026
15 29 10.19804
15 30 19.10497
15 31 60.53924
15 32 49.40648
15 33 36.34556
15 34 20.0
15 35 26.92582
15 36 16.12452
15 37 9.21954
15 38 44.59821
15 39 48.16638
15 40 41.23106
15 41 50.48762
15 42 48.05206
15 43 46.27094
15 44 47.50789
15 45 13.41641
15 46 21.09502
15 47 15.0
15 48 14.31782
15 49 51.92302
15 50 56.85948
15 51 36.24914
15 52 16.12452
15 53 33.73426
15 54 17.72005
15 55 69.42622
15 56 56.00893
15 57 4.24264
15 58 42.19005
15 59 40.79216
15 60 20.09975
15 61 31.62278
15 62 32.24903
15 63 42.42641
15 64 50.69517
15 65 47.53946
15 66 48.25971
15 67 24.75884
15 68 25.63201
15 69 23.32381
15 70 16.49242
15 71 19.23538
15 72 45.0
15 73 35.0
15 74 22.36068
15 75 25.55386
15 76 27.20294
16 17 14.42221
16 18 23.32381
16 19 42.72002
16 20 50.08992
16 21 32.52691
16 22 23.5372
16 23 12.80625
16 24 15.65248
16 25 28.28427
16 26 22.36068
16 27 34.05877
16 28 24.41311
16 29 32.57299
16 30 24.16609
16 31 41.23106
16 32 17.02939
16 33 8.60233
16 34 29.27456
16 35 36.76955
16 36 42.0119
16 37 44.29447
16 38 39.69887
16 39 25.63201
16 40 16.64332
16 41 21.0238
16 42 22.80351
16 43 17.72005
16 44 12.0
16 45 29.61419
16 46 30.59412
16 47 35.80503
16 48 30.88689
16 49 9.21954
16 50 20.88061
16 51 8.544
16 52 33.06055
16 53 39.96248
16 54 46.27094
16 55 35.73514
16 56 18.60108
16 57 44.91102
16 58 30.61046
16 59 56.4358
16 60 53.60037
16 61 33.54102
16 62 18.35756
16 63 6.08276
16 64 31.57531
16 65 44.68781
16 66 50.91169
16 67 24.73863
16 68 17.26268
16 69 43.18565
16 70 53.0
16 71 49.0408
16 72 27.78489
16 73 13.41641
16 74 24.83948
16 75 19.0263
16 76 19.41649
17 18 26.83282
17 19 29.27456
17 20 44.59821
17 21 32.89377
17 22 31.7805
17 23 27.20294
17 24 26.01922
17 25 25.6125
17 26 8.24621
17 27 24.16609
17 28 28.07134
17 29 26.1725
17 30 20.59126
17 31 32.06244
17 32 14.21267
17 33 16.55295
17 34 17.46425
17 35 22.80351
17 36 39.96248
17 37 39.62323
17 38 26.07681
17 39 16.27882
17 40 6.7082
17 41 34.20526
17 42 34.98571
17 43 30.23243
17 44 12.64911
17 45 22.02272
17 46 18.11077
17 47 33.61547
17 48 27.45906
17 49 21.84033
17 50 21.63331
17 51 6.40312
17 52 21.84033
17 53 25.55386
17 54 34.1321
17 55 34.71311
17 56 33.01515
17 57 36.23534
17 58 17.46425
17 59 42.05948
17 60 50.60632
17 61 38.11824
17 62 24.18677
17 63 19.10497
17 64 42.95346
17 65 31.06445
17 66 36.87818
17 67 12.16553
17 68 12.08305
17 69 43.46263
17 70 48.83646
17 71 46.87217
17 72 16.12452
17 73 20.88061
17 74 25.0
17 75 9.89949
17 76 8.06226
18 19 53.60037
18 20 70.80254
18 21 55.44367
18 22 46.23851
18 23 28.07134
18 24 13.15295
18 25 11.31371
18 26 33.52611
18 27 50.9902
18 28 47.70744
18 29 52.43091
18 30 45.34314
18 31 29.73214
18 32 13.34166
18 33 31.90611
18 34 44.01136
18 35 46.38965
18 36 64.3506
18 37 65.43699
18 38 39.29377
18 39 21.37756
18 40 21.84033
18 41 39.11521
18 42 42.42641
18 43 37.65634
18 44 14.42221
18 45 48.54894
18 46 44.27189
18 47 57.98276
18 48 52.40229
18 49 18.24829
18 50 6.0
18 51 26.24881
18 52 48.46648
18 53 46.01087
18 54 59.90826
18 55 14.03567
18 56 31.14482
18 57 63.06346
18 58 31.257
18 59 61.52235
18 60 75.69016
18 61 56.82429
18 62 41.67733
18 63 28.23119
18 64 51.35173
18 65 43.32436
18 66 50.59644
18 67 38.62642
18 68 37.01351
18 69 66.21933
18 70 74.51845
18 71 71.42129
18 72 26.30589
18 73 36.71512
18 74 47.50789
18 75 36.35932
18 76 34.88553
19 20 34.23449
19 21 39.35734
19 22 50.20956
19 23 54.78138
19 24 55.22681
19 25 47.75982
19 26 21.09502
19 27 15.65248
19 28 41.86884
19 29 24.16609
19 30 29.06888
19 31 41.7732
19 32 40.31129
19 33 40.70626
19 34 14.42221
19 35 7.28011
19 36 38.83298
19 37 33.06055
19 38 23.43075
19 39 34.17601
19 40 32.06244
19 41 58.83026
19 42 58.00862
19 43 54.3783
19 44 41.0
19 45 21.63331
19 46 12.52996
19 47 35.1141
19 48 30.41381
19 49 50.9902
19 50 47.67599
19 51 34.20526
19 52 12.80625
19 53 11.40175
19 54 8.60233
19 55 56.46238
19 56 60.53924
19 57 21.2132
19 58 25.05993
19 59 17.88854
19 60 44.04543
19 61 49.39636
19 62 42.52058
19 63 45.69464
19 64 63.70243
19 65 25.05993
19 66 24.5153
19 67 18.02776
19 68 28.30194
19 69 45.60702
19 70 40.1995
19 71 43.10452
19 72 29.54657
19 73 42.43819
19 74 35.60899
19 75 24.59675
19 76 23.4094
20 21 22.02272
20 22 40.0125
20 23 56.75385
20 24 65.74192
20 25 70.00714
20 26 40.60788
20 27 22.82542
20 28 31.06445
20 29 18.43909
20 30 25.94224
20 31 71.19691
20 32 58.79626
20 33 42.72002
20 34 30.52868
20 35 37.64306
20 36 12.64911
20 37 6.08276
20 38 55.36244
20 39 58.41233
20 40 50.91169
20 41 54.08327
20 42 51.0
20 43 50.24938
20 44 56.40035
20 45 22.62742
20 46 31.76476
20 47 16.03122
20 48 19.31321
20 49 59.09315
20 50 66.06815
20 51 44.65423
20 52 26.83282
20 53 44.38468
20 54 27.01851
20 55 79.19596
20 56 61.0
20 57 13.0384
20 58 52.83938
20 59 50.15974
20 60 10.19804
20 61 31.04835
20 62 36.49658
20 63 48.70318
20 64 51.78803
20 65 58.24088
20 66 58.69412
20 67 35.0
20 68 33.83785
20 69 18.86796
20 70 6.0
20 71 11.40175
20 72 55.47071
20 73 40.26164
20 74 26.68333
20 75 34.71311
20 76 36.76955
21 22 18.0
21 23 36.24914
21 24 47.63402
21 25 57.70615
21 26 33.13608
21 27 23.70654
21 28 9.48683
21 29 15.26434
21 30 13.0384
21 31 64.32729
21 32 45.65085
21 33 24.08319
21 34 27.65863
21 35 38.60052
21 36 10.44031
21 37 16.12452
21 38 53.08484
21 39 49.0408
21 40 39.56008
21 41 32.24903
21 42 29.01724
21 43 28.63564
21 44 41.88078
21 45 18.02776
21 46 29.83287
21 47 6.32456
21 48 8.94427
21 49 40.60788
21 50 51.86521
21 51 30.01666
21 52 26.92582
21 53 45.35416
21 54 36.23534
21 55 66.37017
21 56 39.84972
21 57 25.23886
21 58 47.16991
21 59 57.24509
21 60 21.93171
21 61 10.63015
21 62 15.65248
21 63 29.41088
21 64 30.08322
21 65 57.31492
21 66 60.41523
21 67 29.01724
21 68 20.88061
21 69 10.81665
21 70 22.56103
21 71 17.0
21 72 47.85394
21 73 20.24846
21 74 8.06226
21 75 24.33105
21 76 27.29469
22 23 21.2132
22 24 35.51056
22 25 51.78803
22 26 36.24914
22 27 35.80503
22 28 9.48683
22 29 29.06888
22 30 21.40093
22 31 63.1981
22 32 40.1995
22 33 16.0
22 34 36.12478
22 35 47.01064
22 36 28.16026
22 37 34.05877
22 38 57.00877
22 39 47.16991
22 40 37.21559
22 41 14.56022
22 42 11.04536
22 43 11.6619
22 44 35.35534
22 45 29.41088
22 46 38.28838
22 47 24.08319
22 48 23.4094
22 49 28.6531
22 50 44.38468
22 51 26.1725
22 52 37.53665
22 53 52.69725
22 54 49.64877
22 55 59.20304
22 56 23.32381
22 57 41.4367
22 58 49.0408
22 59 67.35726
22 60 39.05125
22 61 12.20656
22 62 8.06226
22 63 18.02776
22 64 13.60147
22 65 61.84658
22 66 66.64833
22 67 34.66987
22 68 23.32381
22 69 25.63201
22 70 40.31129
22 71 33.95585
22 72 47.85394
22 73 11.04536
22 74 15.65248
22 75 27.78489
22 76 30.41381
23 24 15.52417
23 25 36.49658
23 26 34.98571
23 27 44.40721
23 28 26.83282
23 29 41.04875
23 30 32.06244
23 31 52.0
23 32 27.313
23 33 15.0333
23 34 40.80441
23 35 49.1935
23 36 46.61545
23 37 50.69517
23 38 52.34501
23 39 37.21559
23 40 29.06888
23 41 11.04536
23 42 14.56022
23 43 10.29563
23 44 22.36068
23 45 39.05125
23 46 42.37924
23 47 41.10961
23 48 37.65634
23 49 10.04988
23 50 28.28427
23 51 21.09502
23 52 44.14748
23 53 52.69725
23 54 57.48913
23 55 42.0119
23 56 5.83095
23 57 54.00926
23 58 43.18565
23 59 69.11584
23 60 58.18075
23 61 33.30165
23 62 20.61553
23 63 9.21954
23 64 23.34524
23 65 57.31492
23 66 63.65532
23 67 36.76955
23 68 27.45906
23 69 45.79301
23 70 58.5235
23 71 53.22593
23 72 40.0
23 73 16.49242
23 74 30.08322
23 75 30.36445
23 76 31.38471
24 25 23.25941
24 26 34.1321
24 27 48.83646
24 28 38.8973
24 29 48.10405
24 30 39.81206
24 31 40.80441
24 32 18.02776
24 33 23.60085
24 34 43.10452
24 35 48.50773
24 36 57.42822
24 37 59.94164
24 38 46.14109
24 39 28.6007
24 40 24.04163
24 41 26.4764
24 42 30.08322
24 43 25.63201
24 44 14.86607
24 45 44.92215
24 46 44.01136
24 47 51.31277
24 48 46.52956
24 49 7.07107
24 50 15.26434
24 51 22.36068
24 52 47.26521
24 53 50.0
24 54 60.03332
24 55 27.16616
24 56 18.02776
24 57 60.16644
24 58 37.12142
24 59 66.40783
24 60 69.06519
24 61 47.01064
24 62 32.52691
24 63 18.38478
24 64 38.83298
24 65 50.77401
24 66 57.80138
24 67 38.01316
24 68 32.57299
24 69 58.0517
24 70 68.60029
24 71 64.40497
24 72 32.75668
24 73 27.58623
24 74 40.22437
24 75 33.54102
24 76 33.13608
25 26 30.0
25 27 48.41487
25 28 51.26402
25 29 51.66237
25 30 46.04346
25 31 18.43909
25 32 12.08305
25 33 36.13862
25 34 40.80441
25 35 40.49691
25 36 65.45991
25 37 65.19202
25 38 30.06659
25 39 13.60147
25 40 19.10497
25 41 47.26521
25 42 50.03998
25 43 45.01111
25 44 16.49242
25 45 47.38143
25 46 40.49691
25 47 59.07622
25 48 53.00943
25 49 26.4764
25 50 8.24621
25 51 27.73085
25 52 45.22168
25 53 38.63936
25 54 55.03635
25 55 9.21954
25 56 40.5216
25 57 60.60528
25 58 23.34524
25 59 53.0
25 60 76.2168
25 61 61.03278
25 62 45.88028
25 63 34.1321
25 64 59.03389
25 65 33.54102
25 66 40.79216
25 67 35.60899
25 68 37.44329
25 69 68.47627
25 70 74.41102
25 71 72.42237
25 72 18.43909
25 73 41.23106
25 74 49.64877
25 75 35.4683
25 76 33.24154
26 27 18.43909
26 28 30.59412
26 29 22.82542
26 30 20.09975
26 31 31.62278
26 32 20.24846
26 33 22.67157
26 34 10.81665
26 35 14.56022
26 36 38.27532
26 37 36.35932
26 38 20.88061
26 39 17.80449
26 40 11.7047
26 41 41.01219
26 42 41.23106
26 43 36.79674
26 44 20.09975
26 45 18.35756
26 46 10.77033
26 47 32.28002
26 48 25.96151
26 49 30.08322
26 50 27.85678
26 51 13.89244
26 52 15.26434
26 53 17.80449
26 54 26.4764
26 55 39.20459
26 56 40.81666
26 57 30.61046
26 58 14.03567
26 59 34.1321
26 60 47.88528
26 61 40.31129
26 62 28.23119
26 63 26.40076
26 64 48.54894
26 65 25.63201
26 66 30.52868
26 67 5.65685
26 68 13.34166
26 69 42.95346
26 70 45.48626
26 71 44.77723
26 72 15.23155
26 73 26.07681
26 74 26.01922
26 75 9.05539
26 76 6.08276
27 28 26.90725
27 29 8.544
27 30 14.42221
27 31 48.37355
27 32 38.07887
27 33 29.42788
27 34 7.81025
27 35 16.0
27 36 24.02082
27 37 19.64688
27 38 32.98485
27 39 36.06938
27 40 29.68164
27 41 46.23851
27 42 44.72136
27 43 41.78516
27 44 36.76955
27 45 6.40312
27 46 8.94427
27 47 19.64688
27 48 14.76482
27 49 43.18565
27 50 45.65085
27 51 26.4764
27 52 4.12311
27 53 23.0
27 54 13.89244
27 55 57.62812
27 56 49.81967
27 57 12.20656
27 58 30.01666
27 59 33.54102
27 60 31.32092
27 61 33.83785
27 62 28.6531
27 63 35.22783
27 64 49.40648
27 65 36.34556
27 66 38.0526
27 67 12.80625
27 68 17.02939
27 69 30.41381
27 70 28.23119
27 71 29.27456
27 72 32.80244
27 73 29.73214
27 74 20.51828
27 75 15.29706
27 76 16.15549
28 29 19.72308
28 30 12.80625
28 31 60.13319
28 32 39.21734
28 33 15.81139
28 34 28.30194
28 35 39.44617
28 36 19.92486
28 37 25.01999
28 38 51.41984
28 39 44.28318
28 40 34.36568
28 41 23.02173
28 42 20.09975
28 43 19.23538
28 44 34.9285
28 45 20.51828
28 46 30.52868
28 47 15.0333
28 48 13.92839
28 49 31.82766
28 50 44.72136
28 51 23.76973
28 52 29.06888
28 53 45.61798
28 54 40.60788
28 55 59.5063
28 56 30.36445
28 57 31.95309
28 58 44.28318
28 59 59.40539
28 60 31.38471
28 61 10.04988
28 62 6.40312
28 63 20.51828
28 64 22.82542
28 65 56.04463
28 66 60.16644
28 67 27.85678
28 68 17.26268
28 69 19.20937
28 70 32.01562
28 71 26.40076
28 72 44.0
28 73 11.31371
28 74 6.40312
28 75 21.58703
28 76 24.5153
29 30 9.0
29 31 54.23099
29 32 40.36087
29 33 26.1725
29 34 14.14214
29 35 24.18677
29 36 16.12452
29 37 13.60147
29 38 40.31129
29 39 40.49691
29 40 32.55764
29 41 41.0
29 42 38.8973
29 43 36.67424
29 44 38.01316
29 45 4.47214
29 46 16.03122
29 47 11.18034
29 48 6.40312
29 49 41.76123
29 50 47.63402
29 51 26.41969
29 52 12.16553
29 53 31.14482
29 54 21.2132
29 55 60.82763
29 56 46.01087
29 57 13.0384
29 58 36.05551
29 59 42.04759
29 60 25.05993
29 61 25.6125
29 62 22.80351
29 63 32.24903
29 64 42.54409
29 65 44.04543
29 66 46.27094
29 67 17.46425
29 68 15.65248
29 69 22.09072
29 70 22.80351
29 71 22.13594
29 72 38.01316
29 73 25.07987
29 74 13.41641
29 75 16.27882
29 76 18.43909
30 31 51.41984
30 32 34.20526
30 33 17.26268
30 34 15.65248
30 35 26.83282
30 36 19.41649
30 37 20.24846
30 38 40.1995
30 39 36.40055
30 40 27.29469
30 41 32.28002
30 42 30.46309
30 43 27.89265
30 44 31.1127
30 45 8.06226
30 46 17.88854
30 47 13.0384
30 48 7.07107
30 49 33.24154
30 50 41.03657
30 51 19.10497
30 52 16.27882
30 53 33.24154
30 54 28.30194
30 55 55.0
30 56 37.01351
30 57 22.02272
30 58 34.1321
30 59 46.61545
30 60 30.41381
30 61 21.18962
30 62 14.31782
30 63 23.34524
30 64 35.0
30 65 44.55334
30 66 48.08326
30 67 16.12452
30 68 8.60233
30 69 23.08679
30 70 29.20616
30 71 26.40076
30 72 34.9285
30 73 16.12452
30 74 6.7082
30 75 11.40175
30 76 14.31782
31 32 24.69818
31 33 47.26521
31 34 40.70626
31 35 35.38361
31 36 69.89278
31 37 67.54258
31 38 18.86796
31 39 16.03122
31 40 26.01922
31 41 61.98387
31 42 64.03124
31 43 58.94065
31 44 29.73214
31 45 49.76947
31 46 39.44617
31 47 63.89053
31 48 57.56735
31 49 42.48529
31 50 25.6125
31 51 37.05401
31 52 44.41846
31 53 30.61046
31 54 50.20956
31 55 21.84033
31 56 56.79789
31 57 59.64059
31 58 18.35756
31 59 40.80441
31 60 79.20227
31 61 70.17834
31 62 56.00893
31 63 47.29693
31 64 72.78049
31 65 19.92486
31 66 26.30589
31 67 36.76955
31 68 43.56604
31 69 74.46476
31 70 76.47876
31 71 76.32169
31 72 16.49242
31 73 52.15362
31 74 56.7186
31 75 40.02499
31 76 37.10795
32 33 24.33105
32 34 30.8707
32 35 33.13608
32 36 53.60037
32 37 53.74012
32 38 28.17801
32 39 10.63015
32 40 8.544
32 41 37.36308
32 42 39.62323
32 43 34.52535
32 44 5.09902
32 45 36.23534
32 46 31.01612
32 47 47.20169
32 48 41.23106
32 49 18.02776
32 50 7.61577
32 51 15.65248
32 52 35.34119
32 53 33.24154
32 54 46.57252
32 55 20.80865
32 56 32.24903
32 57 50.24938
32 58 19.31321
32 59 49.24429
32 60 64.53681
32 61 49.0408
32 62 33.95585
32 63 23.08679
32 64 48.50773
32 65 32.75668
32 66 39.82462
32 67 25.4951
32 68 25.6125
32 69 56.4358
32 70 62.93648
32 71 60.60528
32 72 14.76482
32 73 29.42788
32 74 37.58989
32 75 24.08319
32 76 22.2036
33 34 26.40076
33 35 35.80503
33 36 33.83785
33 37 36.76955
33 38 42.54409
33 39 31.257
33 40 21.37756
33 41 18.43909
33 42 18.60108
33 43 14.14214
33 44 19.64688
33 45 24.02082
33 46 28.17801
33 47 27.78489
33 48 23.4094
33 49 16.64332
33 50 29.15476
33 51 10.44031
33 52 29.41088
33 53 40.31129
33 54 42.72002
33 55 44.01136
33 56 20.39608
33 57 39.05125
33 58 34.0147
33 59 56.22277
33 60 45.48626
33 61 25.07987
33 62 9.84886
33 63 6.08276
33 64 26.40076
33 65 47.50789
33 66 53.00943
33 67 23.02173
33 68 12.64911
33 69 34.65545
33 70 45.17743
33 71 40.80441
33 72 32.28002
33 73 5.09902
33 74 16.64332
33 75 16.12452
33 76 17.80449
34 35 11.18034
34 36 30.26549
34 37 26.92582
34 38 26.1725
34 39 28.28427
34 40 22.36068
34 41 44.41846
34 42 43.60046
34 43 39.96248
34 44 30.08322
34 45 10.0
34 46 2.23607
34 47 25.0
34 48 19.10497
34 49 38.0526
34 50 38.48376
34 51 21.0238
34 52 4.47214
34 53 17.72005
34 54 17.02939
34 55 50.0
34 56 46.48656
34 57 19.84943
34 58 22.36068
34 59 31.241
34 60 38.62642
34 61 36.76955
34 62 28.28427
34 63 31.62278
34 64 49.49747
34 65 30.0
34 66 32.75668
34 67 5.38516
34 68 13.89244
34 69 36.0
34 70 35.77709
34 71 36.13862
34 72 25.0
34 73 28.01785
34 74 22.36068
34 75 10.44031
34 76 10.0
35 36 40.0125
35 37 35.35534
35 38 17.88854
35 39 26.92582
35 40 25.0
35 41 54.20332
35 42 53.8145
35 43 49.81967
35 44 34.05877
35 45 20.61553
35 46 8.94427
35 47 35.35534
35 48 29.83287
35 49 44.64303
35 50 40.4475
35 51 28.23119
35 52 12.04159
35 53 7.0
35 54 15.0
35 55 49.24429
35 56 55.00909
35 57 25.07987
35 58 18.02776
35 59 20.51828
35 60 46.87217
35 61 47.92703
35 62 39.05125
35 63 40.31129
35 64 60.20797
35 65 20.61553
35 66 22.09072
35 67 12.80625
35 68 24.04163
35 69 46.27094
35 70 43.41659
35 71 45.17743
35 72 22.36068
35 73 38.20995
35 74 33.54102
35 75 19.84943
35 76 18.02776
36 37 7.81025
36 38 56.4358
36 39 55.4617
36 40 46.64762
36 41 42.57934
36 42 39.20459
36 43 39.05125
36 44 50.32892
36 45 20.39608
36 46 32.14032
36 47 6.40312
36 48 12.52996
36 49 50.47772
36 50 60.30755
36 51 38.28838
36 52 28.0
36 53 47.01064
36 54 33.61547
36 55 74.4043
36 56 50.28916
36 57 20.24846
36 58 51.92302
36 59 56.32051
36 60 11.6619
36 61 18.43909
36 62 26.0
36 63 39.44617
36 64 39.31921
36 65 60.13319
36 66 62.07254
36 67 33.24154
36 68 28.01785
36 69 7.2111
36 70 12.16553
36 71 7.07107
36 72 53.48832
36 73 30.41381
36 74 17.20465
36 75 30.41381
36 76 33.10589
37 38 52.63079
37 39 54.08327
37 40 46.09772
37 41 48.04165
37 42 45.01111
37 43 44.18144
37 44 51.08816
37 45 18.02776
37 46 28.4605
37 47 10.0
37 48 13.41641
37 49 53.22593
37 50 60.87693
37 51 39.20459
37 52 23.76973
37 53 42.29657
37 54 26.92582
37 55 74.33034
37 56 54.91812
37 57 13.0
37 58 49.24429
37 59 50.01
37 60 11.7047
37 61 25.63201
37 62 30.41381
37 63 42.72002
37 64 46.09772
37 65 55.9017
37 66 57.07889
37 67 30.88689
37 68 28.42534
37 69 14.86607
37 70 9.21954
37 71 10.04988
37 72 51.47815
37 73 34.20526
37 74 20.61553
37 75 29.73214
37 76 32.01562
38 39 18.02776
38 40 23.34524
38 41 60.21628
38 42 61.05735
38 43 56.30275
38 44 31.62278
38 45 36.12478
38 46 24.33105
38 47 51.08816
38 48 45.01111
38 49 44.82187
38 50 33.52611
38 51 32.44996
38 52 28.86174
38 53 12.04159
38 54 32.01562
38 55 37.21559
38 56 57.98276
38 57 42.95346
38 58 9.21954
38 59 23.08679
38 60 64.28841
38 61 61.0
38 62 49.0408
38 63 45.0
38 64 68.88396
38 65 5.0
38 66 11.6619
38 67 24.08319
38 68 34.20526
38 69 62.07254
38 70 61.03278
38 71 62.16912
38 72 13.41641
38 73 46.51881
38 74 46.52956
38 75 29.83287
38 76 26.92582
39 40 10.0
39 41 46.61545
39 42 48.38388
39 43 43.32436
39 44 15.0
39 45 36.05551
39 46 27.65863
39 47 49.24429
39 48 42.95346
39 49 28.42534
39 50 15.52417
39 51 21.0238
39 52 32.55764
39 53 25.17936
39 54 41.59327
39 55 22.36068
39 56 42.43819
39 57 48.10405
39 58 10.0
39 59 40.1995
39 60 65.51336
39 61 54.33231
39 62 40.0
39 63 31.62278
39 64 57.00877
39 65 22.36068
39 66 29.54657
39 67 23.43075
39 68 28.16026
39 69 59.46427
39 70 63.24555
39 71 62.17717
39 72 5.0
39 73 36.12478
39 74 41.23106
39 75 25.07987
39 76 22.36068
40 41 37.58989
40 42 39.0
40 43 34.0147
40 44 9.21954
40 45 28.28427
40 46 22.47221
40 47 40.31129
40 48 34.1321
40 49 21.63331
40 50 16.15549
40 51 11.04536
40 52 26.83282
40 53 25.96151
40 54 38.07887
40 55 28.28427
40 56 34.65545
40 57 41.88078
40 58 14.14214
40 59 42.37924
40 60 57.2014
40 61 44.40721
40 62 30.0
40 63 22.36068
40 64 47.43416
40 65 28.28427
40 66 34.82815
40 67 17.0
40 68 18.78829
40 69 50.15974
40 70 55.31727
40 71 53.53504
40 72 11.18034
40 73 26.1725
40 74 31.62278
40 75 16.40122
40 76 14.14214
41 42 4.24264
41 43 4.47214
41 44 32.28002
41 45 40.16217
41 46 46.32494
41 47 38.0526
41 48 36.22154
41 49 21.0
41 50 39.11521
41 51 27.80288
41 52 46.95743
41 53 58.72819
41 54 60.00833
41 55 53.03772
41 56 10.0
41 57 53.93515
41 58 51.31277
41 59 74.65253
41 60 53.60037
41 61 26.40076
41 62 18.24829
41 63 15.26434
41 64 12.36932
41 65 65.21503
41 66 71.06335
41 67 41.40048
41 68 30.52868
41 69 40.16217
41 70 54.74486
41 71 48.50773
41 72 48.76474
41 73 16.55295
41 74 28.16026
41 75 34.4093
41 76 36.23534
42 43 5.09902
42 44 34.52535
42 45 38.48376
42 46 45.60702
42 47 35.01428
42 48 33.73426
42 49 24.18677
42 50 42.0
42 51 28.6531
42 52 45.79301
42 53 58.72819
42 54 58.59181
42 55 56.22277
42 56 14.21267
42 57 51.66237
42 58 52.35456
42 59 74.33034
42 60 50.01
42 61 22.47221
42 62 16.15549
42 63 16.76305
42 64 9.0
42 65 66.03787
42 66 71.61006
42 67 41.03657
42 68 29.83287
42 69 36.40055
42 70 51.35173
42 71 44.91102
42 72 50.15974
42 73 15.6205
42 74 25.70992
42 75 33.97058
42 76 36.06938
43 44 29.42788
43 45 35.73514
43 46 41.88078
43 47 34.23449
43 48 32.06244
43 49 19.41649
43 50 37.01351
43 51 23.85372
43 52 42.48529
43 53 54.45181
43 54 55.54278
43 55 51.35173
43 56 11.6619
43 57 49.64877
43 58 47.50789
43 59 70.29225
43 60 50.28916
43 61 23.85372
43 62 14.03567
43 63 11.7047
43 64 14.03567
43 65 61.29437
43 66 67.00746
43 67 37.01351
43 68 26.07681
43 69 37.16181
43 70 51.1957
43 71 45.22168
43 72 45.18849
43 73 12.08305
43 74 24.02082
43 75 30.0
43 76 31.89044
44 45 34.1321
44 46 30.59412
44 47 43.93177
44 48 38.18377
44 49 13.45362
44 50 10.0
44 51 12.04159
44 52 34.48188
44 53 35.17101
44 54 46.52956
44 55 24.59675
44 56 27.45906
44 57 48.75449
44 58 22.47221
44 59 51.5461
44 60 61.52235
44 61 44.59821
44 62 29.41088
44 63 18.02776
44 64 43.41659
44 65 36.40055
44 66 43.26662
44 67 24.73863
44 68 22.67157
44 69 52.69725
44 70 60.20797
44 71 57.38467
44 72 18.43909
44 73 24.73863
44 74 33.83785
44 75 21.9545
44 76 20.61553
45 46 12.04159
45 47 15.0
45 48 9.21954
45 49 38.83298
45 50 43.60046
45 51 22.84732
45 52 8.94427
45 53 27.45906
45 54 20.24846
45 55 56.56854
45 56 44.28318
45 57 15.29706
45 58 31.62278
45 59 39.44617
45 60 29.52965
45 61 27.78489
45 62 22.36068
45 63 30.0
45 64 43.01163
45 65 40.0
45 66 42.57934
45 67 13.0
45 68 12.36932
45 69 26.0
45 70 27.20294
45 71 26.57066
45 72 33.54102
45 73 23.76973
45 74 14.14214
45 75 12.20656
45 76 14.14214
46 47 27.01851
46 48 21.2132
46 49 39.20459
46 50 38.62642
46 51 22.2036
46 52 5.0
46 53 15.52417
46 54 16.03122
46 55 49.64877
46 56 48.10405
46 57 20.51828
46 58 21.09502
46 59 29.06888
46 60 40.16217
46 61 39.0
46 62 30.41381
46 63 33.24154
46 64 51.62364
46 65 28.01785
46 66 30.59412
46 67 6.0
46 68 15.81139
46 69 38.01316
46 70 37.16181
46 71 37.85499
46 72 24.08319
46 73 30.0
46 74 24.59675
46 75 12.08305
46 76 11.18034
47 48 6.32456
47 49 44.41846
47 50 53.90733
47 51 31.89044
47 52 23.34524
47 53 42.29657
47 54 31.06445
47 55 68.00735
47 56 45.12206
47 57 19.20937
47 58 46.09772
47 59 52.92447
47 60 17.80449
47 61 16.64332
47 62 20.61553
47 63 33.54102
47 64 36.40055
47 65 55.0
47 66 57.42822
47 67 27.45906
47 68 21.63331
47 69 11.0
47 70 17.46425
47 71 13.45362
47 72 47.43416
47 73 24.69818
47 74 11.18034
47 75 24.16609
47 76 26.92582
48 49 39.81206
48 50 48.10405
48 51 26.1725
48 52 18.02776
48 53 36.67424
48 54 27.58623
48 55 62.00806
48 56 42.19005
48 57 18.02776
48 58 39.81206
48 59 48.30114
48 60 23.34524
48 61 19.20937
48 62 18.02776
48 63 29.41088
48 64 36.67424
48 65 49.0408
48 66 51.78803
48 67 21.2132
48 68 15.6205
48 69 17.11724
48 70 22.2036
48 71 19.41649
48 72 41.10961
48 73 21.2132
48 74 8.06226
48 75 17.88854
48 76 20.61553
49 50 18.24829
49 51 17.02939
49 52 42.0
49 53 47.01064
49 54 55.08176
49 55 32.06244
49 56 14.31782
49 57 54.12947
49 58 35.60899
49 59 63.56099
49 60 62.1289
49 61 40.0
49 62 25.45584
49 63 11.31371
49 64 33.13608
49 65 49.67897
49 66 56.40035
49 67 33.24154
49 68 26.4764
49 69 50.9902
49 70 61.77378
49 71 57.42822
49 72 31.82766
49 73 20.51828
49 74 33.28663
49 75 28.01785
49 76 28.07134
50 51 22.02272
50 52 42.95346
50 53 40.0125
50 54 54.12024
50 55 14.86607
50 56 32.28002
50 57 57.80138
50 58 25.31798
50 59 55.57877
50 60 71.44928
50 61 54.23099
50 62 39.0
50 63 26.4764
50 64 51.0
50 65 37.69615
50 66 44.94441
50 67 33.10589
50 68 32.52691
50 69 62.68174
50 70 70.03571
50 71 67.35726
50 72 20.39608
50 73 34.17601
50 74 43.82921
50 75 31.40064
50 76 29.68164
51 52 25.01999
51 53 31.62278
51 54 38.0526
51 55 36.35932
51 56 26.92582
51 57 37.94733
51 58 23.70654
51 59 48.02083
51 60 49.49747
51 61 33.73426
51 62 19.0263
51 63 12.72792
51 64 36.76955
51 65 37.44329
51 66 43.27817
51 67 16.27882
51 68 10.81665
51 69 40.81666
51 70 48.27007
51 71 45.34314
51 72 21.84033
51 73 15.13275
51 74 21.9545
51 75 11.18034
51 76 11.04536
52 53 19.0263
52 54 13.34166
52 55 54.40588
52 56 49.72927
52 57 15.55635
52 58 26.07681
52 59 30.52868
52 60 35.44009
52 61 36.71512
52 62 30.0
52 63 34.9285
52 64 51.08816
52 65 32.24903
52 66 34.1321
52 67 9.84886
52 68 16.76305
52 69 34.23449
52 70 32.31099
52 71 33.37664
52 72 29.06888
52 73 30.41381
52 74 22.80351
52 75 14.03567
52 76 14.14214
53 54 20.0
53 55 46.84015
53 56 58.5235
53 57 31.62278
53 58 15.29706
53 59 16.55295
53 60 53.75872
53 61 54.42426
53 62 44.65423
53 63 44.20407
53 64 65.60488
53 65 13.92839
53 66 15.13275
53 67 18.02776
53 68 29.41088
53 69 53.23533
53 70 50.21952
53 71 52.15362
53 72 20.22375
53 73 43.27817
53 74 39.92493
53 75 25.0
53 76 22.67157
54 55 63.95311
54 56 63.06346
54 57 14.14214
54 58 33.01515
54 59 23.19483
54 60 37.12142
54 61 46.75468
54 62 42.54409
54 63 48.27007
54 64 63.24555
54 65 33.61547
54 66 32.57299
54 67 22.02272
54 68 30.08322
54 69 40.71855
54 70 33.01515
54 71 36.87818
54 72 37.21559
54 73 43.46263
54 74 34.20526
54 75 27.29469
54 76 27.01851
55 56 45.17743
55 57 69.81404
55 58 31.62278
55 59 60.29925
55 60 85.27602
55 61 69.07966
55 62 53.85165
55 63 41.23106
55 64 65.19202
55 65 40.0
55 66 47.04253
55 67 44.82187
55 68 46.40043
55 69 77.17513
55 70 83.54639
55 71 81.40025
55 72 26.92582
55 73 49.0408
55 74 58.30952
55 75 44.59821
55 76 42.42641
56 57 59.03389
56 58 48.79549
56 59 74.94665
56 60 61.68468
56 61 35.51056
56 62 24.5153
56 63 14.86607
56 64 21.93171
56 65 62.93648
56 66 69.35416
56 67 42.54409
56 68 32.98485
56 69 48.75449
56 70 62.36185
56 71 56.64804
56 72 45.45327
56 73 21.0238
56 74 34.36568
56 75 36.05551
56 76 37.16181
57 58 41.40048
57 59 37.33631
57 60 23.02173
57 61 35.80503
57 62 35.69314
57 63 45.09989
57 64 54.626
57 65 45.54119
57 66 45.70558
57 67 25.0
57 68 27.65863
57 69 27.45906
57 70 19.0263
57 71 22.80351
57 72 44.59821
57 73 38.11824
57 74 25.96151
57 75 26.92582
57 76 28.17801
58 59 30.26549
58 60 60.92618
58 61 54.14795
58 62 41.23106
58 63 36.05551
58 64 60.41523
58 65 14.14214
58 66 20.80865
58 67 18.68154
58 68 27.07397
58 69 56.88585
58 70 58.13777
58 71 58.18935
58 72 5.0
58 73 38.27532
58 74 40.0
58 75 23.0
58 76 20.0
59 60 60.29925
59 61 67.23095
59 62 59.46427
59 63 60.46487
59 64 80.65978
59 65 20.88061
59 66 15.26434
59 67 33.30165
59 68 44.55334
59 69 63.24555
59 70 56.14268
59 71 60.01666
59 72 35.22783
59 73 58.72819
59 74 53.25411
59 75 40.36087
59 76 38.41875
60 61 28.07134
60 62 37.57659
60 63 51.10773
60 64 49.0102
60 65 67.46851
60 66 68.35934
60 67 42.48529
60 68 38.94868
60 69 14.0
60 70 4.47214
60 71 5.09902
60 72 63.06346
60 73 42.05948
60 74 28.84441
60 75 40.80441
60 76 43.26662
61 62 15.23155
61 63 28.84441
61 64 21.0238
61 65 65.51336
61 66 69.26038
61 67 37.10795
61 68 27.07397
61 69 14.14214
61 70 30.06659
61 71 23.02173
61 72 54.00926
61 73 20.12461
61 74 14.56022
61 75 31.257
61 76 34.23449
62 63 14.14214
62 64 21.2132
62 65 53.85165
62 66 58.59181
62 67 26.62705
62 68 15.26434
62 69 25.6125
62 70 37.94733
62 71 32.64966
62 72 40.31129
62 73 5.0
62 74 10.0
62 75 19.72308
62 76 22.36068
63 64 25.4951
63 65 50.0
63 66 55.97321
63 67 27.73085
63 68 18.24829
63 69 39.69887
63 70 50.9902
63 71 46.32494
63 72 33.54102
63 73 9.21954
63 74 22.36068
63 75 21.18962
63 76 22.36068
64 65 73.82412
64 66 79.07591
64 67 47.63402
64 68 36.23534
64 69 35.01428
64 70 51.08816
64 71 44.0
64 72 58.5235
64 73 22.47221
64 74 29.15476
64 75 40.60788
64 76 43.01163
65 66 7.28011
65 67 28.44293
65 68 38.8973
65 69 66.0
65 70 64.03124
65 71 65.62012
65 72 18.02776
65 73 51.42956
65 74 50.9902
65 75 34.48188
65 76 31.62278
66 67 32.31099
66 68 43.38202
66 69 68.35934
66 70 64.62971
66 71 67.02984
66 72 25.05993
66 73 56.60389
66 74 54.70832
66 75 38.91015
66 76 36.23534
67 68 11.40175
67 69 38.32754
67 70 39.96248
67 71 39.56008
67 72 20.59126
67 73 25.45584
67 74 22.56103
67 75 7.07107
67 76 5.38516
68 69 31.38471
68 70 37.53665
68 71 35.0
68 72 27.16616
68 73 14.21267
68 74 13.15295
68 75 4.47214
68 76 7.28011
69 70 16.49242
69 71 9.05539
69 72 57.97413
69 73 30.4795
69 74 18.86796
69 75 34.48188
69 76 37.36308
70 71 7.61577
70 72 60.53924
70 73 42.15448
70 74 28.63564
70 75 38.94868
70 76 41.23106
71 72 60.00833
71 73 37.21559
71 74 24.20744
71 75 37.21559
71 76 39.82462
72 73 36.87818
72 74 40.31129
72 75 23.5372
72 76 20.61553
73 74 13.60147
73 75 18.38478
73 76 20.61553
74 75 17.0
74 76 20.0
75 76 3.0
