70 2415
1 2 59.20304
1 3 73.17103
1 4 54.58938
1 5 33.12099
1 6 53.33854
1 7 64.28841
1 8 80.41144
1 9 80.5295
1 10 36.40055
1 11 60.40695
1 12 57.00877
1 13 14.56022
1 14 88.0
1 15 49.81967
1 16 8.60233
1 17 65.55151
1 18 56.14268
1 19 68.02941
1 20 95.02105
1 21 64.07027
1 22 25.94224
1 23 8.544
1 24 51.0392
1 25 105.3945
1 26 81.32035
1 27 93.40771
1 28 84.0119
1 29 14.14214
1 30 93.43447
1 31 19.69772
1 32 68.593
1 33 60.1415
1 34 64.63745
1 35 32.57299
1 36 4.24264
1 37 20.61553
1 38 18.60108
1 39 95.21029
1 40 89.55445
1 41 58.85576
1 42 60.00833
1 43 66.09841
1 44 78.91768
1 45 97.94386
1 46 99.00505
1 47 12.52996
1 48 65.74192
1 49 90.80198
1 50 30.4795
1 51 43.82921
1 52 41.86884
1 53 33.95585
1 54 67.80118
1 55 95.27329
1 56 52.80152
1 57 43.82921
1 58 21.26029
1 59 26.24881
1 60 50.20956
1 61 87.66413
1 62 77.98718
1 63 30.01666
1 64 55.14526
1 65 49.0408
1 66 30.67572
1 67 60.82763
1 68 78.64477
1 69 21.47091
1 70 20.09975
2 3 19.41649
2 4 8.544
2 5 42.52058
2 6 22.36068
2 7 5.09902
2 8 22.02272
2 9 52.49762
2 10 47.20169
2 11 81.84131
2 12 52.39275
2 13 53.03772
2 14 34.88553
2 15 23.43075
2 16 56.85948
2 17 40.1995
2 18 12.04159
2 19 13.0
2 20 42.04759
2 21 52.15362
2 22 34.23449
2 23 50.69517
2 24 19.84943
2 25 80.23092
2 26 22.13594
2 27 58.30952
2 28 26.1725
2 29 55.03635
2 30 43.82921
2 31 49.0408
2 32 13.0384
2 33 62.0967
2 34 53.15073
2 35 49.33559
2 36 61.39218
2 37 54.40588
2 38 42.29657
2 39 74.72617
2 40 63.56886
2 41 26.01922
2 42 17.26268
2 43 36.49658
2 44 35.0
2 45 72.8011
2 46 64.66065
2 47 50.9902
2 48 80.05623
2 49 31.62278
2 50 53.75872
2 51 66.28725
2 52 49.73932
2 53 33.94113
2 54 71.80529
2 55 36.71512
2 56 72.94518
2 57 22.84732
2 58 53.60037
2 59 37.01351
2 60 55.15433
2 61 65.25335
2 62 75.23962
2 63 31.01612
2 64 93.60556
2 65 76.27582
2 66 28.63564
2 67 75.76939
2 68 37.73592
2 69 47.09565
2 70 55.14526
3 4 19.23538
3 5 48.75449
3 6 22.82542
3 7 16.27882
3 8 11.6619
3 9 39.0
3 10 51.62364
3 11 81.56592
3 12 48.82622
3 13 69.58448
3 14 15.81139
3 15 42.80187
3 16 69.05071
3 17 31.38471
3 18 17.02939
3 19 25.4951
3 20 23.08679
3 21 45.61798
3 22 50.48762
3 23 65.03076
3 24 39.20459
3 25 64.7611
3 26 18.68154
3 27 41.4367
3 28 12.80625
3 29 71.56815
3 30 24.41311
3 31 66.28725
3 32 6.40312
3 33 58.5235
3 34 46.51881
3 35 68.15424
3 36 76.02631
3 37 63.56886
3 38 58.30952
3 39 61.13101
3 40 49.25444
3 41 21.2132
3 42 14.31782
3 43 26.92582
3 44 17.72005
3 45 57.87055
3 46 47.53946
3 47 62.96825
3 48 77.66595
3 49 25.23886
3 50 59.94164
3 51 68.88396
3 52 52.00961
3 53 42.05948
3 54 67.1193
3 55 33.12099
3 56 73.5527
3 57 42.05948
3 58 62.62587
3 59 54.34151
3 60 54.48853
3 61 52.00961
3 62 67.6757
3 63 48.05206
3 64 97.6166
3 65 78.64477
3 66 44.28318
3 67 74.20243
3 68 21.37756
3 69 64.53681
3 70 72.56721
4 5 34.65545
4 6 14.03567
4 7 12.04159
4 8 25.96151
4 9 46.09772
4 10 39.05125
4 11 73.3553
4 12 43.93177
4 13 50.35871
4 14 34.9285
4 15 27.45906
4 16 51.24451
4 17 32.75668
4 18 4.47214
4 19 21.54066
4 20 42.2019
4 21 44.01136
4 22 31.257
4 23 46.27094
4 24 24.18677
4 25 74.24284
4 26 28.30194
4 27 53.41348
4 28 29.42788
4 29 52.34501
4 30 42.54409
4 31 47.07441
4 32 14.03567
4 33 53.60037
4 34 45.01111
4 35 49.64877
4 36 57.21888
4 37 47.50789
4 38 39.11521
4 39 68.00735
4 40 57.27128
4 41 18.43909
4 42 10.81665
4 43 29.41088
4 44 31.241
4 45 66.64083
4 46 59.81639
4 47 45.22168
4 48 71.51224
4 49 37.58989
4 50 46.01087
4 51 58.00862
4 52 41.34005
4 53 26.40076
4 54 63.34824
4 55 43.60046
4 56 64.49806
4 57 24.75884
4 58 46.64762
4 59 35.17101
4 60 46.61545
4 61 58.5235
4 62 67.06713
4 63 28.86174
4 64 85.63294
4 65 68.00735
4 66 25.07987
4 67 67.23095
4 68 33.24154
4 69 45.35416
4 70 53.36666
5 6 26.0
5 7 46.66905
5 8 58.83026
5 9 47.53946
5 10 6.0
5 11 41.97618
5 12 24.83948
5 13 39.05125
5 14 61.13101
5 15 48.05206
5 16 25.63201
5 17 32.98485
5 18 33.6006
5 19 55.0
5 20 67.46851
5 21 31.241
5 22 28.63564
5 23 28.3196
5 24 46.84015
5 25 72.42237
5 26 62.62587
5 27 60.72891
5 28 61.29437
5 29 40.36087
5 30 64.38167
5 31 39.96248
5 32 46.32494
5 33 30.46309
5 34 31.89044
5 35 50.69517
5 36 37.21559
5 37 16.0
5 38 30.41381
5 39 62.482
5 40 56.4358
5 41 29.61419
5 42 34.43835
5 43 34.23449
5 44 49.16299
5 45 64.89992
5 46 66.12866
5 47 20.59126
5 48 43.0
5 49 71.61006
5 50 11.40175
5 51 24.69818
5 52 11.40175
5 53 8.94427
5 54 39.84972
5 55 78.1025
5 56 32.75668
5 57 41.59327
5 58 15.0
5 59 34.20526
5 60 20.24846
5 61 54.6443
5 62 48.30114
5 63 31.14482
5 64 51.08816
5 65 34.43835
5 66 26.0
5 67 38.01316
5 68 48.0
5 69 39.82462
5 70 45.0
6 7 24.69818
6 8 33.42155
6 9 34.4093
6 10 28.84441
6 11 60.74537
6 12 30.08322
6 13 52.92447
6 14 35.51056
6 15 39.56008
6 16 48.01042
6 17 19.69772
6 18 10.44031
6 19 35.17101
6 20 42.19005
6 21 30.0
6 22 34.98571
6 23 45.89118
6 24 36.68787
6 25 62.68174
6 26 38.28838
6 27 44.04543
6 28 35.51056
6 29 54.78138
6 30 40.11234
6 31 51.0
6 32 21.2132
6 33 39.84972
6 34 31.0
6 35 56.72742
6 36 56.7186
6 37 41.23106
6 38 41.62932
6 39 55.4617
6 40 45.48626
6 41 6.40312
6 42 8.60233
6 43 17.20465
6 44 25.70992
6 45 54.91812
6 46 50.32892
6 47 42.0
6 48 58.18075
6 49 46.69047
6 50 37.12142
6 51 46.66905
6 52 29.69848
6 53 20.09975
6 54 49.47727
6 55 53.8145
6 56 52.20153
6 57 35.35534
6 58 40.26164
6 59 40.22437
6 60 33.61547
6 61 46.06517
6 62 53.03772
6 63 34.20526
6 64 75.16648
6 65 56.58622
6 66 28.84441
6 67 54.12024
6 68 26.0
6 69 49.73932
6 70 57.24509
7 8 17.11724
7 9 52.17279
7 10 51.08816
7 11 85.08819
7 12 54.70832
7 13 58.07753
7 14 31.06445
7 15 26.92582
7 16 61.84658
7 17 41.01219
7 18 14.31782
7 19 11.0
7 20 38.07887
7 21 53.75872
7 22 39.31921
7 23 55.7853
7 24 23.32381
7 25 79.37884
7 26 17.08801
7 27 56.79789
7 28 21.37756
7 29 60.07495
7 30 40.45986
7 31 54.00926
7 32 10.0
7 33 64.51356
7 34 54.74486
7 35 53.85165
7 36 66.4906
7 37 59.07622
7 38 47.38143
7 39 74.52516
7 40 63.06346
7 41 27.29469
7 42 18.11077
7 43 37.01351
7 44 33.12099
7 45 72.12489
7 46 63.06346
7 47 55.9464
7 48 82.8553
7 49 26.57066
7 50 58.0
7 51 70.0
7 52 53.25411
7 53 38.28838
7 54 74.04053
7 55 31.90611
7 56 76.32169
7 57 27.20294
7 58 58.24946
7 59 42.0
7 60 58.13777
7 61 65.11528
7 62 76.79193
7 63 36.05551
7 64 97.67292
7 65 80.0
7 66 33.73426
7 67 78.72103
7 68 36.24914
7 69 52.03845
7 70 60.07495
8 9 49.36598
8 10 62.20129
8 11 93.08598
8 12 60.46487
8 13 75.00667
8 14 17.49286
8 15 43.08132
8 16 77.20104
8 17 42.95346
8 18 25.4951
8 19 21.40093
8 20 23.34524
8 21 57.24509
8 22 56.0803
8 23 72.00694
8 24 39.56008
8 25 73.5527
8 26 8.06226
8 27 49.64877
8 28 4.47214
8 29 77.00649
8 30 27.78489
8 31 71.06335
8 32 12.52996
8 33 70.17834
8 34 58.13777
8 35 70.83078
8 36 82.8734
8 37 72.91776
8 38 64.12488
8 39 71.02816
8 40 59.00847
8 41 32.64966
8 42 24.83948
8 43 38.48376
8 44 27.01851
8 45 67.1193
8 46 55.31727
8 47 71.16881
8 48 89.30845
8 49 13.60147
8 50 70.17834
8 51 79.98125
8 52 63.03174
8 53 51.42956
8 54 78.77182
8 55 21.47091
8 56 84.95881
8 57 44.14748
8 58 72.01389
8 59 59.03389
8 60 65.94695
8 61 62.20129
8 62 79.12016
8 63 53.0
8 64 108.57716
8 65 89.82761
8 66 50.24938
8 67 85.8021
8 68 31.06445
8 69 69.11584
8 70 77.16217
9 10 45.60702
9 11 57.77543
9 12 28.01785
9 13 84.05355
9 14 37.16181
9 15 73.3553
9 16 73.1642
9 17 15.6205
9 18 41.62932
9 19 62.96825
9 20 38.83298
9 21 20.09975
9 22 67.94115
9 23 74.79305
9 24 70.21396
9 25 28.30194
9 26 57.21888
9 27 14.0
9 28 48.05206
9 29 85.70298
9 30 32.01562
9 31 83.24062
9 32 43.28972
9 33 33.52611
9 34 20.22375
9 35 90.52072
9 36 84.5281
9 37 62.64184
9 38 73.40981
9 39 22.36068
9 40 11.18034
9 41 28.30194
9 42 35.4683
9 43 17.20465
9 44 22.56103
9 45 20.59126
9 46 18.68154
9 47 68.02941
9 48 50.60632
9 49 61.61169
9 50 54.12947
9 51 53.23533
9 52 41.59327
9 53 47.70744
9 54 37.73592
9 55 69.857
9 56 52.88667
9 57 69.64194
9 58 61.68468
9 59 73.5527
9 60 37.01351
9 61 13.0384
9 62 33.30165
9 63 67.89698
9 64 79.81228
9 65 60.41523
9 66 62.2254
9 67 49.24429
9 68 18.43909
9 69 82.32861
9 70 89.20202
10 11 36.13862
10 12 20.61553
10 13 43.82921
10 14 62.96825
10 15 53.93515
10 16 28.30194
10 17 32.06244
10 18 37.48333
10 19 59.90826
10 20 68.96376
10 21 27.78489
10 22 34.52535
10 23 32.64966
10 24 52.63079
10 25 69.11584
10 26 66.52819
10 27 59.22837
10 28 64.3506
10 29 45.0
10 30 65.30697
10 31 45.17743
10 32 49.81967
10 33 25.05993
10 34 28.30194
10 35 56.30275
10 36 40.60788
10 37 17.08801
10 38 35.8469
10 39 58.82176
10 40 53.7122
10 41 31.38471
10 42 37.44329
10 43 34.05877
10 44 50.01
10 45 61.77378
10 46 64.28841
10 47 24.08319
10 48 37.0
10 49 75.28612
10 50 9.05539
10 51 19.23538
10 52 5.83095
10 53 14.56022
10 54 34.17601
10 55 82.07314
10 56 26.92582
10 57 47.51842
10 58 16.15549
10 59 40.02499
10 60 14.76482
10 61 51.47815
10 62 43.04649
10 63 37.12142
10 64 46.66905
10 65 29.15476
10 66 32.0
10 67 32.01562
10 68 48.37355
10 69 45.18849
10 70 49.92995
11 12 33.30165
11 13 72.78049
11 14 88.72993
11 15 90.02777
11 16 52.20153
11 17 52.63079
11 18 70.83078
11 19 94.81034
11 20 93.00538
11 21 39.11521
11 22 69.06519
11 23 61.18823
11 24 88.76936
11 25 68.00735
11 26 98.81295
11 27 70.83784
11 28 94.17537
11 29 73.24616
11 30 87.36704
11 31 75.95393
11 32 81.60882
11 33 24.69818
11 34 38.58756
11 35 88.56636
11 36 64.2573
11 37 41.59327
11 38 68.18358
11 39 57.00877
11 40 59.43904
11 41 60.44005
11 42 68.8186
11 43 56.72742
11 44 73.40981
11 45 63.1981
11 46 73.24616
11 47 51.78803
11 48 9.21954
11 49 106.66771
11 50 34.0
11 51 18.0
11 52 32.31099
11 53 50.69517
11 54 21.2132
11 55 114.20158
11 56 9.21954
11 57 83.54639
11 58 41.4367
11 59 74.0
11 60 27.20294
11 61 54.91812
11 62 31.06445
11 63 72.24957
11 64 24.08319
11 65 11.6619
11 66 67.60178
11 67 8.544
11 68 70.21396
11 69 76.65507
11 70 79.07591
12 13 63.89053
12 14 55.44367
12 15 66.27217
12 16 48.82622
12 17 19.41649
12 18 40.5216
12 19 65.25335
12 20 59.90826
12 21 8.06226
12 22 51.89412
12 23 53.03772
12 24 64.07027
12 25 48.76474
12 26 66.7308
12 27 42.0119
12 28 61.22091
12 29 65.19202
12 30 54.58938
12 31 64.63745
12 32 49.64877
12 33 9.84886
12 34 8.24621
12 35 74.70609
12 36 61.22091
12 37 37.21559
12 38 54.91812
12 39 38.27532
12 40 34.20526
12 41 28.17801
12 42 37.16181
12 43 23.43075
12 44 40.22437
12 45 41.62932
12 46 46.17359
12 47 44.68781
12 48 28.84441
12 49 74.06079
12 50 27.73085
12 51 25.31798
12 52 15.26434
12 53 29.54657
12 54 19.41649
12 55 81.8352
12 56 26.41969
12 57 60.67125
12 58 36.35932
12 59 57.69749
12 60 9.0
12 61 31.38471
12 62 24.73863
12 63 53.48832
12 64 52.92447
12 65 33.24154
12 66 47.75982
12 67 25.4951
12 68 37.21559
12 69 64.3506
12 70 69.81404
13 14 85.15868
13 15 38.91015
13 16 21.0238
13 17 68.50547
13 18 52.95281
13 19 59.66574
13 20 92.39589
13 21 70.00714
13 22 19.10497
13 23 11.7047
13 24 40.8534
13 25 110.63453
13 26 74.54529
13 27 95.88013
13 28 79.00633
13 29 2.0
13 30 91.92388
13 31 5.65685
13 32 64.19502
13 33 68.7968
13 34 70.72482
13 35 18.02776
13 36 13.0384
13 37 31.32092
13 38 11.40175
13 39 101.13852
13 40 94.02127
13 41 59.09315
13 42 57.97413
13 43 68.09552
13 44 78.43469
13 45 102.94173
13 46 101.87247
13 47 21.18962
13 48 77.16217
13 49 83.86298
13 50 40.31129
13 51 55.36244
13 52 49.64877
13 53 36.40055
13 54 77.41447
13 55 87.32125
13 56 64.56005
13 57 33.83785
13 58 31.62278
13 59 16.27882
13 60 58.5235
13 61 92.84934
13 62 86.82166
13 63 22.02272
13 64 69.46222
13 65 61.81424
13 66 25.31798
13 67 72.11103
13 68 78.92401
13 69 7.81025
13 70 6.32456
14 15 57.98276
14 16 83.29466
14 17 36.12478
14 18 32.24903
14 19 38.20995
14 20 7.28011
14 21 50.20956
14 22 66.09841
14 23 80.05623
14 24 54.3783
14 25 58.0
14 26 25.07987
14 27 34.0147
14 28 13.92839
14 29 87.13208
14 30 10.29563
14 31 82.0
14 32 21.93171
14 33 64.38167
14 34 50.93133
14 35 83.9345
14 36 91.04944
14 37 76.68768
14 38 73.82412
14 39 57.07013
14 40 45.12206
14 41 31.62278
14 42 28.01785
14 43 32.01562
14 44 15.6205
14 45 52.23983
14 46 39.11521
14 47 77.23341
14 48 83.4386
14 49 26.01922
14 50 71.7844
14 51 78.39005
14 52 62.16912
14 53 55.57877
14 54 71.58911
14 55 34.0147
14 56 81.60882
14 57 57.69749
14 58 75.70997
14 59 70.0928
14 60 62.68174
14 61 49.0408
14 62 69.64194
14 63 63.78871
14 64 107.18675
14 65 87.66413
14 66 59.84146
14 67 80.72174
14 68 19.41649
14 69 80.28076
14 70 88.29496
15 16 50.9902
15 17 59.23681
15 18 31.90611
15 19 23.19483
15 20 65.0
15 21 68.44706
15 22 24.83948
15 23 41.7732
15 24 3.60555
15 25 101.59724
15 26 39.81206
15 27 80.80223
15 28 47.53946
15 29 40.71855
15 30 67.20119
15 31 33.61547
15 32 36.40055
15 33 75.02666
15 34 69.42622
15 35 29.0
15 36 50.47772
15 37 53.7122
15 38 31.241
15 39 94.93682
15 40 84.53402
15 41 45.18849
15 42 38.27532
15 43 56.36488
15 44 58.0517
15 45 93.94147
15 46 87.20092
15 47 46.40043
15 48 90.55385
15 49 48.25971
15 50 57.24509
15 51 72.53275
15 52 58.42089
15 53 39.45884
15 54 85.02353
15 55 50.08992
15 56 80.80842
15 57 6.7082
15 58 53.23533
15 59 23.60085
15 60 66.06815
15 61 85.49269
15 62 90.79648
15 63 20.61553
15 64 96.15092
15 65 81.90849
15 66 23.25941
15 67 85.70881
15 68 60.44005
15 69 31.38471
15 70 38.60052
16 17 58.5235
16 18 52.17279
16 19 66.88797
16 20 90.13878
16 21 56.0803
16 22 26.1725
16 23 10.44031
16 24 51.62364
16 25 97.41663
16 26 78.92401
16 27 86.33076
16 28 80.52329
16 29 21.2132
16 30 88.02272
16 31 25.17936
16 32 65.0
16 33 51.62364
16 34 56.60389
16 35 38.32754
16 36 12.80625
16 37 12.04159
16 38 20.59126
16 39 87.09191
16 40 81.84131
16 41 53.08484
16 42 55.3263
16 43 59.43904
16 44 73.17103
16 45 90.04999
16 46 91.76056
16 47 6.08276
16 48 57.27128
16 49 88.39118
16 50 21.93171
16 51 35.34119
16 52 33.6006
16 53 28.01785
16 54 59.20304
16 55 93.47192
16 56 44.38468
16 57 44.55334
16 58 12.72792
16 59 28.30194
16 60 41.7732
16 61 79.75588
16 62 69.42622
16 63 30.41381
16 64 48.83646
16 65 41.0
16 66 29.41088
16 67 52.3259
16 68 72.56032
16 69 26.4764
16 70 27.16616
17 18 28.44293
17 19 52.00961
17 20 40.49691
17 21 14.42221
17 22 52.34501
17 23 59.48109
17 24 56.30275
17 25 43.41659
17 26 49.98
17 27 27.85678
17 28 43.04649
17 29 70.17834
17 30 35.34119
17 31 67.62396
17 32 33.73426
17 33 28.28427
17 34 15.26434
17 35 75.00667
17 36 69.46222
17 37 48.6621
17 38 57.80138
17 39 35.77709
17 40 26.24881
17 41 14.31782
17 42 23.02173
17 43 4.47214
17 44 20.80865
17 45 35.60899
17 46 33.54102
17 47 53.14132
17 48 47.42362
17 49 56.35601
17 50 41.01219
17 51 43.65776
17 52 29.15476
17 53 32.24903
17 54 36.05551
17 55 64.40497
17 56 45.79301
17 57 55.00909
17 58 47.67599
17 59 57.98276
17 60 27.313
17 61 26.41969
17 62 36.40055
17 63 52.40229
17 64 72.01389
17 65 52.3259
17 66 46.69047
17 67 44.59821
17 68 17.88854
17 69 66.70832
17 70 73.60027
18 19 24.73863
18 20 39.45884
18 21 40.11234
18 22 33.95585
18 23 48.01042
18 24 28.6531
18 25 69.77105
18 26 29.06888
18 27 49.0408
18 28 28.4605
18 29 54.91812
18 30 39.21734
18 31 50.0
18 32 13.0
18 33 50.28916
18 34 41.10961
18 35 53.33854
18 36 59.00847
18 37 47.42362
18 38 41.59327
18 39 63.56886
18 40 52.80152
18 41 14.14214
18 42 6.40312
18 43 25.0
18 44 27.20294
18 45 62.16912
18 46 55.44367
18 47 46.09772
18 48 68.54196
18 49 38.01316
18 50 45.0
18 51 56.0803
18 52 39.20459
18 53 25.94224
18 54 59.90826
18 55 44.59821
18 56 62.1289
18 57 29.0
18 58 46.51881
18 59 38.27532
18 60 43.82921
18 61 54.08327
18 62 63.1981
18 63 31.95309
18 64 84.14868
18 65 66.06815
18 66 27.65863
18 67 64.40497
18 68 29.0
18 69 48.38388
18 70 56.32051
19 20 44.59821
19 21 64.62971
19 22 42.15448
19 23 59.5063
19 24 20.02498
19 25 89.84431
19 26 16.76305
19 27 66.85058
19 28 25.80698
19 29 61.61169
19 30 48.27007
19 31 54.91812
19 32 19.92486
19 33 75.0
19 34 65.62012
19 35 52.08647
19 36 69.64194
19 37 65.8559
19 38 49.98
19 39 85.32878
19 40 73.75636
19 41 38.20995
19 42 29.06888
19 43 48.01042
19 44 43.08132
19 45 82.71034
19 46 73.00685
19 47 61.29437
19 48 93.04837
19 49 25.07987
19 50 66.06815
19 51 79.07591
19 52 62.64982
19 53 46.2277
19 54 84.64632
19 55 27.65863
19 56 85.88364
19 57 26.1725
19 58 65.11528
19 59 43.41659
19 60 68.15424
19 61 75.95393
19 62 87.69265
19 63 38.27532
19 64 106.04244
19 65 89.04493
19 66 37.58989
19 67 88.76936
19 68 46.48656
19 69 52.7731
19 70 60.53098
20 21 54.03702
20 22 73.34848
20 23 87.14356
20 24 61.40033
20 25 56.4358
20 26 30.23243
20 27 32.98485
20 28 19.20937
20 29 94.36631
20 30 7.28011
20 31 89.26926
20 32 29.15476
20 33 68.41053
20 34 54.67175
20 35 91.18114
20 36 98.12747
20 37 83.18654
20 38 81.04937
20 39 56.921
20 40 45.31004
20 41 37.85499
20 42 35.01428
20 43 36.71512
20 44 19.72308
20 45 51.41984
20 46 37.21559
20 47 84.09518
20 48 87.20665
20 49 29.12044
20 50 77.88453
20 51 83.63014
20 52 67.77905
20 53 62.28965
20 54 74.96666
20 55 36.49658
20 56 86.28441
20 57 64.88451
20 58 82.20097
20 59 77.36924
20 60 67.60178
20 61 49.65884
20 62 72.00694
20 63 71.06335
20 64 112.29426
20 65 92.66067
20 66 67.08204
20 67 84.81156
20 68 22.80351
20 69 87.5557
20 70 95.56673
21 22 56.60389
21 23 59.5483
21 24 65.9242
21 25 41.34005
21 26 64.07808
21 27 34.05877
21 28 57.45433
21 29 71.42129
21 30 48.25971
21 31 70.29225
21 32 47.43416
21 33 14.42221
21 34 1.0
21 35 79.61156
21 36 68.24222
21 37 44.72136
21 38 60.44005
21 39 31.241
21 40 26.24881
21 41 26.4764
21 42 35.69314
21 43 18.86796
21 44 34.65545
21 45 34.0
21 46 38.11824
21 47 51.61395
21 48 33.24154
21 49 70.71068
21 50 35.4683
21 51 33.13608
21 52 22.84732
21 53 34.4093
21 54 21.63331
21 55 78.71467
21 56 33.24154
21 57 63.32456
21 58 43.82921
21 59 62.43397
21 60 17.02939
21 61 23.70654
21 62 23.08679
21 63 57.70615
21 64 60.08328
21 65 40.5216
21 66 51.88449
21 67 30.80584
21 68 31.241
21 69 69.81404
21 70 75.74299
22 23 17.49286
22 24 25.4951
22 25 95.52487
22 26 56.08921
22 27 78.81624
22 28 60.00833
22 29 21.09502
22 30 73.08215
22 31 16.15549
22 32 45.09989
22 33 58.82176
22 34 57.45433
22 35 23.02173
22 36 27.51363
22 37 29.73214
22 38 8.06226
22 39 86.83317
22 40 78.49204
22 41 41.34005
22 42 39.21734
22 43 51.22499
22 44 60.00833
22 45 87.72685
22 46 85.0
22 47 21.63331
22 48 71.25307
22 49 65.51336
22 50 35.12834
22 51 51.08816
22 52 40.02499
22 53 22.36068
22 54 68.41053
22 55 69.57011
22 56 60.00833
22 57 18.38478
22 58 29.41088
22 59 5.83095
22 60 48.76474
22 61 77.98718
22 62 76.32169
22 63 4.24264
22 64 72.23573
22 65 59.68249
22 66 6.32456
22 67 66.18912
22 68 60.82763
22 69 14.76482
22 70 22.47221
23 24 42.80187
23 25 100.60318
23 26 72.8011
23 27 87.23531
23 28 75.66373
23 29 12.52996
23 30 85.84288
23 31 15.0
23 32 60.29925
23 33 57.42822
23 34 60.20797
23 35 28.07134
23 36 11.0
23 37 19.64688
23 38 10.63015
23 39 90.78546
23 40 84.31489
23 41 51.66237
23 42 52.15362
23 43 59.61543
23 44 71.58911
23 45 93.00538
23 46 93.0215
23 47 9.48683
23 48 65.45991
23 49 82.28001
23 50 28.63564
23 51 43.68066
23 52 38.41875
23 53 27.313
23 54 65.8635
23 55 86.72946
23 56 52.88667
23 57 35.60899
23 58 19.92486
23 59 18.43909
23 60 47.20169
23 61 82.80097
23 62 75.45197
23 63 21.63331
23 64 59.22837
23 65 50.35871
23 66 22.13594
23 67 60.40695
23 68 71.56815
23 69 16.12452
23 70 18.02776
24 25 98.4124
24 26 36.49658
24 27 77.42093
24 28 44.01136
24 29 42.72002
24 30 63.60031
24 31 35.73514
24 32 32.80244
24 33 73.00685
24 34 66.91039
24 35 32.06244
24 36 51.97115
24 37 53.53504
24 38 32.44996
24 39 91.92388
24 40 81.3941
24 41 42.15448
24 42 34.98571
24 43 53.31041
24 44 54.56189
24 45 90.78546
24 46 83.81527
24 47 46.75468
24 48 88.95504
24 49 45.09989
24 50 56.46238
24 51 71.47027
24 52 56.88585
24 53 38.07887
24 54 83.00602
24 55 47.26521
24 56 79.55501
24 57 7.2111
24 58 53.0
24 59 25.05993
24 60 64.28063
24 61 82.46211
24 62 88.45903
24 63 21.26029
24 64 95.77056
24 65 80.99383
24 66 23.02173
24 67 84.17244
24 68 57.00877
24 69 33.52611
24 70 41.0
25 26 81.61495
25 27 24.02082
25 28 71.17584
25 29 112.1606
25 30 49.25444
25 31 110.34491
25 32 69.92138
25 33 49.0408
25 34 40.81666
25 35 118.34272
25 36 109.55364
25 37 85.95929
25 38 100.44899
25 39 11.18034
25 40 17.20465
25 41 56.60389
25 42 63.50591
25 43 45.48626
25 44 47.07441
25 45 7.81025
25 46 19.23538
25 47 92.91394
25 48 59.00847
25 49 84.00595
25 50 76.47876
25 51 70.60453
25 52 64.00781
25 53 74.33034
25 54 47.16991
25 55 92.00543
25 56 66.75328
25 57 97.94386
25 58 85.08819
25 59 101.23734
25 60 56.85948
25 61 17.80449
25 62 37.01351
25 63 95.77578
25 64 92.0489
25 65 74.8131
25 66 90.02777
25 67 60.13319
25 68 43.41659
25 69 109.60383
25 70 116.1034
26 27 57.70615
26 28 11.18034
26 29 76.53104
26 30 35.34119
26 31 70.17834
26 32 17.20465
26 33 76.53757
26 34 65.0
26 35 68.46897
26 36 83.43261
26 37 75.80237
26 38 64.13267
26 39 79.00633
26 40 67.0
26 41 38.58756
26 42 30.0
26 43 45.54119
26 44 35.0
26 45 75.16648
26 46 63.34824
26 47 73.00685
26 48 95.52487
26 49 9.48683
26 50 74.02702
26 51 84.89994
26 52 67.94115
26 53 54.6443
26 54 85.42833
26 55 15.55635
26 56 90.42677
26 57 42.04759
26 58 74.94665
26 59 58.30952
26 60 71.61006
26 61 70.11419
26 62 86.33076
26 63 52.61179
26 64 113.17243
26 65 94.84725
26 66 50.69517
26 67 91.80959
26 68 39.01282
26 69 68.11755
26 70 76.05919
27 28 47.16991
27 29 97.6166
27 30 25.70992
27 31 94.57801
27 32 47.01064
27 33 47.07441
27 34 34.1321
27 35 100.76706
27 36 97.30879
27 37 76.15773
27 38 84.90583
27 39 24.16609
27 40 13.45362
27 41 37.64306
27 42 42.63801
27 43 27.78489
27 44 23.76973
27 45 18.43909
27 46 6.40312
27 47 80.99383
27 48 63.15853
27 49 60.0
27 50 67.89698
27 51 67.18631
27 52 55.44367
27 53 59.9333
27 54 50.15974
27 55 68.02941
27 56 66.4906
27 57 77.98718
27 58 75.18643
27 59 84.20214
27 60 51.0098
27 61 18.38478
27 62 43.82921
27 63 78.24321
27 64 93.39165
27 65 74.1485
27 66 72.8011
27 67 62.29767
27 68 20.59126
27 69 93.47727
27 70 100.70253
28 29 81.00617
28 30 24.16609
28 31 75.16648
28 32 15.52417
28 33 70.80254
28 34 58.30952
28 35 75.18643
28 36 86.57944
28 37 75.76939
28 38 68.02941
28 39 69.26038
28 40 57.21888
28 41 33.97058
28 42 26.92582
28 43 38.58756
28 44 25.4951
28 45 65.0
28 46 52.61179
28 47 74.46476
28 48 90.0
28 49 13.60147
28 50 72.56032
28 51 81.68843
28 52 64.81512
28 53 54.23099
28 54 79.07591
28 55 21.84033
28 56 86.26703
28 57 48.50773
28 58 74.84651
28 59 63.12686
28 60 67.17887
28 61 60.67125
28 62 78.79086
28 63 57.03508
28 64 110.42192
28 65 91.4385
28 66 54.08327
28 67 86.68333
28 68 29.61419
28 69 73.24616
28 70 81.30191
29 30 93.8616
29 31 7.2111
29 32 66.18912
29 33 69.89278
29 34 72.12489
29 35 18.78829
29 36 12.08305
29 37 31.95309
29 38 13.34166
29 39 102.59142
29 40 95.60335
29 41 60.92618
29 42 59.90826
29 43 69.83552
29 44 80.32434
29 45 104.48445
29 46 103.58571
29 47 21.93171
29 48 77.83315
29 49 85.84288
29 50 41.14608
29 51 55.97321
29 52 50.80354
29 53 38.01316
29 54 78.39005
29 55 89.26926
29 56 65.14599
29 57 35.73514
29 58 32.31099
29 59 18.24829
29 60 59.64059
29 61 94.36631
29 62 87.92042
29 63 24.02082
29 64 69.26038
29 65 62.16912
29 66 27.29469
29 67 72.8011
29 68 80.77747
29 69 9.43398
29 70 6.0
30 31 89.1852
30 32 30.80584
30 33 62.68174
30 34 48.82622
30 35 92.13577
30 36 96.74709
30 37 80.30567
30 38 80.52329
30 39 49.64877
30 40 38.07887
30 41 35.01428
30 42 33.95585
30 43 31.95309
30 44 15.29706
30 45 44.14748
30 46 30.06659
30 47 82.05486
30 48 81.21576
30 49 35.51056
30 50 74.33034
30 51 78.92401
30 52 63.60031
30 53 60.00833
30 54 68.76772
30 55 43.18565
30 56 81.00617
30 57 66.37017
30 58 79.30952
30 59 77.49194
30 60 62.64982
30 61 42.48529
30 62 65.29931
30 63 71.16881
30 64 107.35455
30 65 87.66413
30 66 66.76077
30 67 79.05694
30 68 17.46425
30 69 87.59566
30 70 95.50916
31 32 60.67125
31 33 70.23532
31 34 71.06335
31 35 13.15295
31 36 18.60108
31 37 34.36568
31 38 9.89949
31 39 101.17806
31 40 93.50936
31 41 57.3062
31 42 55.36244
31 43 66.85058
31 44 76.15773
31 45 102.59142
31 46 100.68764
31 47 24.18677
31 48 79.81228
31 49 79.40403
31 50 42.72002
31 51 58.24946
31 52 51.0
31 53 36.06938
31 54 79.20227
31 55 82.56513
31 56 67.46851
31 57 28.86174
31 58 34.52535
31 59 12.04159
31 60 59.94164
31 61 92.63369
31 62 88.19297
31 63 18.24829
31 64 73.97973
31 65 65.27634
31 66 22.47221
31 67 74.72617
31 68 76.92204
31 69 2.23607
31 70 6.32456
32 33 59.48109
32 34 48.38388
32 35 62.03225
32 36 71.25307
32 37 60.41523
32 38 53.03772
32 39 65.62012
32 40 53.93515
32 41 21.47091
32 42 12.80625
32 43 29.42788
32 44 23.25941
32 45 62.8172
32 46 53.22593
32 47 58.94065
32 48 78.39005
32 49 25.4951
32 50 57.68882
32 51 67.88225
32 52 50.91169
32 53 38.91015
32 54 68.54196
32 55 32.64966
32 56 73.24616
32 57 35.77709
32 58 59.5063
32 59 48.6621
32 60 54.40588
32 61 56.32051
32 62 70.0928
32 63 42.42641
32 64 96.33276
32 65 77.7946
32 66 39.01282
32 67 74.62573
32 68 26.57066
32 69 58.85576
32 70 66.91039
33 34 13.89244
33 35 81.15417
33 36 64.38167
33 37 39.59798
33 38 60.83584
33 39 37.94733
33 40 37.0
33 41 38.01316
33 42 47.01064
33 43 32.55764
33 44 48.9183
33 45 42.75512
33 46 50.24938
33 47 48.41487
33 48 19.20937
33 49 83.76157
33 50 29.69848
33 51 21.58703
33 52 19.23538
33 53 36.87818
33 54 10.0
33 55 91.58603
33 56 19.41649
33 57 69.18092
33 58 38.8973
33 59 64.51356
33 60 10.29563
33 61 33.13608
33 62 18.02776
33 63 60.87693
33 64 46.32494
33 65 27.16616
33 66 55.31727
33 67 16.40122
33 68 45.60702
33 69 70.21396
33 70 74.94665
34 35 80.45496
34 36 68.8186
34 37 45.17743
34 38 61.22091
34 39 30.61046
34 40 25.96151
34 41 27.45906
34 42 36.67424
34 43 19.72308
34 44 35.35534
34 45 33.54102
34 46 38.0526
34 47 52.20153
34 48 32.55764
34 49 71.58911
34 50 35.8469
34 51 33.06055
34 52 23.25941
34 53 35.22783
34 54 20.80865
34 55 79.60528
34 56 32.89377
34 57 64.28841
34 58 44.29447
34 59 63.28507
34 60 17.11724
34 61 23.25941
34 62 22.09072
34 63 58.59181
34 64 59.77458
34 65 40.26164
34 66 52.7731
34 67 30.23243
34 68 31.89044
34 69 70.60453
34 70 76.48529
35 36 30.8707
35 37 47.09565
35 38 20.61553
35 39 109.80892
35 40 101.23734
35 41 63.12686
35 42 59.36329
35 43 73.5527
35 44 80.45496
35 45 110.53506
35 46 107.05606
35 47 37.01351
35 48 91.98369
35 49 77.16217
35 50 54.91812
35 51 70.71068
35 52 62.03225
35 53 45.27693
35 54 90.47652
35 55 79.05694
35 56 79.9062
35 57 26.68333
35 58 47.16991
35 59 17.20465
35 60 70.93659
35 61 100.89599
35 62 98.89894
35 63 22.62742
35 64 87.13208
35 65 78.1025
35 66 28.3196
35 67 86.88498
35 68 81.84131
35 69 12.0
35 70 13.60147
36 37 24.83948
36 38 19.69772
36 39 99.40322
36 40 93.64828
36 41 62.36986
36 42 63.12686
36 43 69.89278
36 44 82.37718
36 45 102.0833
36 46 102.9563
36 47 16.64332
36 48 69.77105
36 49 92.89241
36 50 34.71311
36 51 47.88528
36 52 46.09772
36 53 37.64306
36 54 72.00694
36 55 97.08244
36 56 56.79789
36 57 44.77723
36 58 25.4951
36 59 26.92582
36 60 54.45181
36 61 91.80959
36 62 82.21922
36 63 31.38471
36 64 58.00862
36 65 52.81098
36 66 32.75668
36 67 64.88451
36 68 82.2253
36 69 20.61553
36 70 17.72005
37 38 27.07397
37 39 75.47185
37 40 70.77429
37 41 45.39824
37 42 49.33559
37 43 50.15974
37 44 65.12296
37 45 78.71467
37 46 81.32035
37 47 10.19804
37 48 45.88028
37 49 85.08819
37 50 9.89949
37 51 24.04163
37 52 21.9545
37 53 21.54066
37 54 47.20169
37 55 90.97252
37 56 33.24154
37 57 47.01064
37 58 1.0
37 59 33.73426
37 60 29.83287
37 61 68.42514
37 62 57.38467
37 63 33.61547
37 64 42.54409
37 65 31.01612
37 66 30.52868
37 67 40.8534
37 68 64.0
37 69 35.12834
37 70 37.64306
38 39 91.28527
38 40 83.63014
38 41 47.85394
38 42 46.57252
38 43 57.14018
38 44 67.06713
38 45 92.69844
38 46 90.97252
38 47 17.46425
38 48 71.38627
38 49 73.5459
38 50 34.36568
38 51 50.24938
38 52 41.62932
38 53 26.1725
38 54 70.00714
38 55 77.49194
38 56 59.4138
38 57 25.23886
38 58 27.01851
38 59 7.81025
38 60 50.56679
38 61 82.73452
38 62 78.71467
38 63 11.7047
38 64 68.68042
38 65 58.00862
38 66 14.03567
38 67 66.28725
38 68 67.62396
38 69 9.43398
38 70 15.81139
39 40 12.04159
39 41 49.76947
39 42 57.56735
39 43 38.62642
39 44 44.01136
39 45 7.2111
39 46 22.02272
39 47 82.80097
39 48 48.09366
39 49 82.60751
39 50 65.8635
39 51 59.48109
39 52 53.53504
39 53 65.11528
39 54 36.05551
39 55 90.79648
39 56 55.57877
39 57 90.78546
39 58 74.62573
39 59 92.61749
39 60 46.06517
39 61 9.48683
39 62 26.1725
39 63 87.41853
39 64 81.00617
39 65 63.63961
39 66 81.60882
39 67 49.0408
39 68 40.0
39 69 100.56838
39 70 106.77547
40 41 39.44617
40 42 46.61545
40 43 28.30194
40 44 32.0
40 45 9.43398
40 46 13.92839
40 47 77.02597
40 48 51.24451
40 49 70.5762
40 50 61.68468
40 51 58.21512
40 52 49.0408
40 53 57.62812
40 54 38.32754
40 55 78.77182
40 56 56.14268
40 57 80.77747
40 58 69.857
40 59 84.17244
40 60 42.95346
40 61 5.0
40 62 30.88689
40 63 78.64477
40 64 82.73452
40 65 64.07027
40 66 72.91776
40 67 50.9902
40 68 28.01785
40 69 92.69844
40 70 99.35794
41 42 9.21954
41 43 11.18034
41 44 20.09975
41 45 48.8774
41 46 43.93177
41 47 47.16991
41 48 56.93856
41 49 46.2277
41 50 40.16217
41 51 47.80167
41 52 31.06445
41 53 25.07987
41 54 47.16991
41 55 53.82379
41 56 52.34501
41 57 41.34005
41 58 44.40721
41 59 46.61545
41 60 33.30165
41 61 40.31129
41 62 49.49747
41 63 40.60788
41 64 76.6094
41 65 57.48913
41 66 35.22783
41 67 53.25411
41 68 19.92486
41 69 56.0803
41 70 63.52952
42 43 19.23538
42 44 21.09502
42 45 55.9464
42 46 49.0408
42 47 49.25444
42 48 65.76473
42 49 38.18377
42 50 45.65085
42 51 55.17246
42 52 38.20995
42 53 27.89265
42 54 56.30275
42 55 45.45327
42 56 60.44005
42 57 35.38361
42 58 48.38388
42 59 43.86342
42 60 41.6173
42 61 48.08326
42 62 58.69412
42 63 37.57659
42 64 83.73769
42 65 65.05382
42 66 32.89377
42 67 61.91123
42 68 22.67157
42 69 53.85165
42 70 61.68468
43 44 17.0
43 45 37.73592
43 46 33.83785
43 47 53.85165
43 48 51.73973
43 49 51.88449
43 50 43.10452
43 51 47.01064
43 52 31.7805
43 53 32.31099
43 54 40.49691
43 55 59.9333
43 56 49.64877
43 57 52.47857
43 58 49.16299
43 59 56.72742
43 60 30.88689
43 61 29.15476
43 62 40.80441
43 63 50.93133
43 64 75.591
43 65 55.9464
43 66 45.34314
43 67 48.79549
43 68 14.56022
43 69 65.80274
43 70 72.94518
44 45 40.31129
44 46 29.96665
44 47 67.26812
44 48 67.89698
44 49 39.05125
44 50 59.03389
44 51 63.97656
44 52 48.38388
44 53 45.17743
44 54 55.97321
44 55 47.29693
44 56 66.57327
44 57 55.97321
44 58 64.12488
44 59 64.84597
44 60 47.88528
44 61 35.22783
44 62 54.20332
44 63 58.59181
44 64 92.5905
44 65 72.94518
44 66 53.7122
44 67 65.29931
44 68 4.12311
44 69 74.73286
44 70 82.46211
45 46 15.26434
45 47 85.44004
45 48 54.45181
45 49 78.1025
45 50 69.35416
45 51 64.32729
45 52 56.79789
45 53 66.6033
45 54 42.04759
45 55 86.20905
45 56 61.13101
45 57 90.21086
45 58 77.82673
45 59 93.43447
45 60 49.98
45 61 10.29563
45 62 32.75668
45 63 87.9659
45 64 87.05171
45 65 69.18092
45 66 82.21922
45 67 55.03635
45 68 36.49658
45 69 101.8332
45 70 108.37435
46 47 86.53901
46 48 65.14599
46 49 65.12296
46 50 72.78049
46 51 71.0
46 52 60.20797
46 53 65.76473
46 54 52.20153
46 55 73.02739
46 56 69.58448
46 57 84.38602
46 58 80.36168
46 59 90.42677
46 60 55.14526
46 61 18.78829
46 62 44.72136
46 63 84.50444
46 64 96.33795
46 65 77.41447
46 66 79.02531
46 67 64.7611
46 68 26.92582
46 69 99.62429
46 70 106.78015
47 48 55.97321
47 49 82.46211
47 50 19.23538
47 51 34.20526
47 52 29.69848
47 53 22.09072
47 54 56.60389
47 55 87.65843
47 56 43.41659
47 57 39.82462
47 58 10.44031
47 59 24.69818
47 60 38.28838
47 61 75.16648
47 62 66.4003
47 63 25.80698
47 64 51.24451
47 65 41.10961
47 66 24.08319
47 67 50.92151
47 68 66.75328
47 69 25.01999
47 70 27.51363
48 49 102.90287
48 50 37.10795
48 51 21.93171
48 52 32.14032
48 53 51.15662
48 54 13.0
48 55 110.6752
48 56 13.0384
48 57 84.29116
48 58 45.54119
48 59 76.53104
48 60 25.0
48 61 46.57252
48 62 22.0
48 63 74.06079
48 64 33.24154
48 65 19.20937
48 66 69.0
48 67 5.09902
48 68 64.44377
48 69 80.28076
48 70 83.48653
49 50 83.00602
49 51 93.34881
49 52 76.38063
49 53 63.81222
49 54 92.28218
49 55 8.24621
49 56 98.49365
49 57 51.0098
49 58 84.21995
49 59 67.60178
49 60 79.51101
49 61 74.1485
49 62 92.30926
49 63 61.98387
49 64 121.82775
49 65 103.23759
49 66 60.16644
49 67 99.40322
49 68 43.17407
49 69 77.31753
49 70 85.2115
50 51 16.0
50 52 12.64911
50 53 19.84943
50 54 37.44329
50 55 89.4986
50 56 25.07987
50 57 50.59644
50 58 9.21954
50 59 40.0
50 60 20.0
50 61 59.09315
50 62 47.50789
50 63 38.47077
50 64 40.0
50 65 24.73863
50 66 34.20526
50 67 32.01562
50 68 57.42822
50 69 43.17407
50 70 46.61545
51 52 16.97056
51 53 33.61547
51 54 25.80698
51 55 100.44899
51 56 9.21954
51 57 65.96969
51 58 23.76973
51 59 56.0
51 60 16.49242
51 61 54.58938
51 62 36.89173
51 63 54.33231
51 64 28.84441
51 65 10.0
51 66 49.81967
51 67 17.0
51 68 61.46544
51 69 58.85576
51 70 61.68468
52 53 19.0263
52 54 28.4605
52 55 83.48653
52 56 23.25941
52 57 52.15362
52 58 21.09502
52 59 45.60702
52 60 8.94427
52 61 46.51881
52 62 37.21559
52 63 42.42641
52 64 45.60702
52 65 26.90725
52 66 37.12142
52 67 27.29469
52 68 46.32494
52 69 50.9902
52 70 55.75841
53 54 46.69047
53 55 70.0
53 56 41.48494
53 57 33.13608
53 58 20.61553
53 59 28.17801
53 60 27.16616
53 61 56.58622
53 62 54.08327
53 63 24.04163
53 64 59.81639
53 65 43.38202
53 66 18.43909
53 67 46.27094
53 68 44.72136
53 69 35.4683
53 70 41.7732
54 55 100.23971
54 56 19.92486
54 57 79.15807
54 58 46.61545
54 59 74.04053
54 60 19.64688
54 61 33.73426
54 62 11.18034
54 63 70.61161
54 64 45.01111
54 65 27.89265
54 66 65.11528
54 67 13.0
54 68 52.34501
54 69 79.30952
54 70 83.64807
55 56 105.89145
55 57 53.75872
55 58 90.13878
55 59 71.06335
55 60 87.00575
55 61 82.37718
55 62 100.46392
55 63 65.80274
55 64 128.72451
55 65 110.39022
55 66 64.62198
55 67 107.07474
55 68 51.41984
55 69 80.41144
55 70 88.11924
56 57 74.33034
56 58 32.98485
56 59 65.03076
56 60 19.10497
56 61 52.00961
56 62 31.01612
56 63 63.12686
56 64 26.92582
56 65 8.06226
56 66 58.42089
56 67 8.48528
56 68 63.63175
56 69 68.06614
56 70 70.88018
57 58 46.52956
57 59 17.88854
57 60 60.0
57 61 81.41253
57 62 85.32878
57 63 14.14214
57 64 89.44272
57 65 75.28612
57 66 16.55295
57 67 79.40403
57 68 57.98276
57 69 26.68333
57 70 34.36568
58 59 33.54102
58 60 29.06888
58 61 67.53518
58 62 56.72742
58 63 33.24154
58 64 42.95346
58 65 31.0
58 66 30.01666
58 67 40.49691
58 68 63.0
58 69 35.22783
58 70 37.94733
59 60 54.40588
59 61 83.73769
59 62 82.07923
59 63 6.32456
59 64 75.89466
59 65 64.28063
59 66 11.40175
59 67 71.44928
59 68 65.8635
59 69 10.19804
59 70 18.24829
60 61 39.84972
60 62 28.30194
60 63 50.9902
60 64 44.72136
60 65 25.05993
60 66 45.54119
60 67 20.61553
60 68 45.18849
60 69 59.9333
60 70 64.66065
61 62 25.94224
61 63 78.40918
61 64 78.40918
61 65 60.0
61 66 72.62231
61 67 46.52956
61 68 31.14482
61 69 91.93476
61 70 98.35141
62 63 78.1089
62 64 55.14526
62 65 38.8973
62 66 72.42237
62 67 23.5372
62 68 50.24938
62 69 88.11924
62 70 92.96236
63 64 76.15773
63 65 63.15061
63 66 5.83095
63 67 69.02898
63 68 59.68249
63 69 16.49242
63 70 24.5153
64 65 19.69772
64 66 72.89719
64 67 32.01562
64 68 89.89994
64 69 75.31268
64 70 75.23962
65 66 58.94065
65 67 15.65248
65 68 70.21396
65 69 66.1211
65 70 68.06614
66 67 64.00781
66 68 54.58938
66 69 21.0238
66 70 28.79236
67 68 62.00806
67 69 75.18643
67 70 78.43469
68 69 75.591
68 70 83.19255
69 70 8.06226
